
Last position-specific scoring matrix computed, weighted observed percentages rounded down, information per position, and relative weight of gapless real matches to pseudocounts
           A  R  N  D  C  Q  E  G  H  I  L  K  M  F  P  S  T  W  Y  V   A   R   N   D   C   Q   E   G   H   I   L   K   M   F   P   S   T   W   Y   V
    1 M   -4 -4 -5 -6 -4 -3 -5 -6 -5 -2  0 -4 10 -3 -6 -5 -4 -5 -4 -2    0   0   0   0   0   0   0   0   0   0   4   0  96   0   0   0   0   0   0   0  2.72 0.74
    2 N   -2 -1  2  0 -3 -2  0 -4 -1  2  2 -2 -1 -1  2 -1  2 -4 -3  0    0   3  11   4   0   0   6   0   2  19  20   0   0   3  12   3  16   0   0   2  0.24 0.20
    3 I   -3 -4 -4 -3 -2 -5 -5 -6 -5  5  3 -5  2  2 -2 -5 -3 -1  0  0    1   1   1   1   1   0   0   0   0  43  30   0   6   7   3   0   1   1   3   3  0.87 0.43
    4 V   -1  1  0 -1 -2  1  1 -3  0  1 -1  2  3 -2 -3  0 -1 -3  0  1    3   7   4   2   1   7  10   0   3   8   4  13  10   0   0   8   3   0   4  13  0.15 0.18
    5 E    1 -1  2  2 -4  1  1  3 -2 -4 -4  2 -3 -2 -2  0 -1 -5 -4 -4   13   3   9  12   0   6  10  22   1   1   1  12   0   2   1   5   3   0   0   0  0.35 0.25
    6 N   -1 -2  2  3 -5 -1  3  3  2 -5 -5  0 -3 -4  0 -2 -1 -5 -4 -5    4   2  11  17   0   2  18  26   6   0   1   4   1   1   4   1   3   0   0   0  0.57 0.35
    7 E   -3  3  2  2 -3  1  2  0  1 -2 -4  3 -4 -5 -2  0 -1 -3 -4 -4    1  19   9  12   1   7  13   6   3   3   1  16   0   0   1   5   2   0   0   1  0.45 0.31
    8 I   -5 -6 -7 -7 -5 -6 -6 -7 -6  5  3 -6  0  1 -6 -6 -3 -5  0  3    0   0   0   0   0   0   0   0   0  38  29   0   2   4   0   0   1   0   4  22  1.20 0.56
    9 C    0  2 -1 -3  0 -1 -2 -2 -1  1 -1 -1 -2 -3 -4  3  3 -2 -1  1    9  12   2   1   2   2   1   2   1   7   5   3   1   0   0  21  19   1   2  11  0.29 0.28
   10 I   -6 -7 -7 -8 -6 -7 -7 -8 -6  3  3 -7 -2  7 -7 -6 -5 -4 -3  1    0   0   0   0   0   0   0   0   0  18  31   0   1  42   0   0   0   0   0   8  1.54 0.68
   11 R   -3  8 -2 -5 -8 -2 -1 -7 -3 -5 -5  1 -6 -7 -6 -3 -3 -7 -5 -6    2  76   1   1   0   1   3   0   1   1   1   8   0   0   0   2   1   0   0   0  2.05 0.89
   12 T    1  2 -1 -2 -3 -3  0 -5 -2 -5 -2  1 -5 -4  6 -2 -1 -6 -2 -4   10  12   3   3   0   1   5   0   1   0   4   8   0   1  43   3   3   0   2   1  0.97 0.54
   13 L   -2 -6 -7 -7 -5 -6 -6 -6 -6  2  5 -6  6 -1 -3 -6 -4  1 -5  1    3   0   0   0   0   0   0   0   0  11  52   0  18   2   1   0   1   2   0  10  1.24 0.61
   14 I    0  1  1 -2  1  2  3 -3  0 -2 -3  0 -1 -5 -4  0  3 -5 -4 -1    6   8   7   1   3   8  22   1   2   3   3   5   1   0   0   5  24   0   0   3  0.43 0.35
   15 D   -1  3 -2  2 -3  0  4 -4  1 -4 -2  1 -1 -3  2 -1 -1  0 -4 -3    4  15   1  11   0   2  27   1   3   0   4   9   2   1  10   3   3   2   0   2  0.46 0.34
   16 D    1 -3  2  3 -5  0  3 -1 -1 -4 -5  0 -4 -6 -3  2  0 -6 -4 -3   11   1   8  17   0   3  23   5   1   1   0   6   0   0   1  16   5   0   0   2  0.50 0.36
   17 D   -7 -7 -2  8 -9 -5 -2 -7  5 -9 -9 -6 -8 -9 -7 -6 -6 -9 -7 -9    0   0   1  84   0   0   2   0  13   0   0   0   0   0   0   0   0   0   0   0  2.80 1.13
   18 F   -1 -3 -6 -6 -5 -3 -3 -4 -3  1  4 -2  0  4 -6 -5 -4  0  3  0    5   2   0   0   0   1   2   1   0   7  42   2   1  17   0   0   0   1  11   6  0.77 0.44
   19 P    0 -2  0  1 -6 -1  1 -2 -1 -6 -3 -1 -5 -6  6  0 -1 -7 -3 -3    9   3   4   8   0   2   9   3   2   0   3   4   0   0  42   6   4   0   1   2  0.91 0.51
   20 L   -1  1 -1 -2 -3 -1 -5 -6  0  1  5 -3  2  0 -5 -4  0 -5 -1 -1    4   9   4   2   0   4   0   0   2   6  50   1   4   3   0   0   7   0   2   2  0.62 0.41
   21 M   -5 -6 -7 -8 -2 -6 -7 -7 -3  2  5 -6  5  2 -7 -6 -3 -5 -2  0    0   0   0   0   1   0   0   0   1   9  57   0  16   9   0   0   1   0   1   6  1.36 0.65
   22 L    1  0 -3 -4  0 -1 -2 -4  5 -1  2 -3  1  1 -4 -1 -1  0  2  2   13   4   1   0   2   3   2   1  14   2  18   1   3   5   0   5   2   1   7  16  0.31 0.27
   23 K   -1  5 -2  0 -4  1  1 -2  0 -3 -4  4 -3 -6 -3 -1 -2 -6 -4 -3    4  29   1   5   0   5   8   3   2   1   1  30   1   0   1   4   2   0   0   2  0.73 0.45
   24 W   -9 -9 -10 -11 -9 -9 -9 -6 -9 -4 -8 -10 -8 -5 -10 -9 -9 13 -4 -9    0   0   0   0   0   0   0   1   0   1   0   0   0   0   0   0   0  98   0   0  5.34 1.79
   25 L   -6  0 -3 -7 -6 -1 -6 -7 -2  0  6 -6  1  3 -7 -4 -5 -5 -3 -3    0   6   2   0   0   3   0   0   1   3  70   0   3  10   0   1   0   0   0   0  1.38 0.69
   26 T    1 -1  5 -1 -3  2  0 -3  0 -6 -5 -1 -5 -6 -5  3  1 -6 -5 -5    9   3  32   2   1  10   6   1   2   0   1   4   0   0   0  20   9   0   0   0  0.78 0.51
   27 D   -2  2  1  6 -6  1  1 -5 -3 -5 -4 -1 -3 -6 -2 -1  2 -6 -4 -4    4  10   6  43   0   5   7   0   1   0   2   4   1   0   2   3  11   0   0   1  0.87 0.50
   28 E   -2 -2 -4  0 -7 -2  1 -3 -6 -7 -6 -2 -7 -8  8 -2 -4 -8 -7 -7    3   2   1   5   0   2   9   2   0   0   1   2   0   0  69   3   1   0   0   0  2.01 0.90
   29 R   -2  2 -2  0 -7 -1  4 -6  8 -6 -5 -2 -3  0 -5 -2 -3 -6 -3 -3    4  10   1   4   0   2  28   0  37   0   1   2   1   4   0   2   1   0   0   2  1.30 0.66
   30 V   -4 -6 -7 -7 -5 -6 -6 -7 -7  2 -1 -6 -2 -5 -6 -6 -4  0 -5  7    1   0   0   0   0   0   0   0   0   9   4   0   1   0   0   0   1   1   0  81  2.03 0.86
   31 L    1  3 -1 -4 -2  0 -3 -3 -3  0  3  1  2 -2 -4 -1 -1 -4 -2 -1   11  16   3   0   1   3   1   1   1   4  31  10   5   1   0   3   4   0   1   4  0.34 0.29
   32 E    1  3 -3 -3 -3  3  4 -4  0 -3 -4  2 -2 -4 -3 -1 -2 -1  0 -5   12  15   1   0   1  12  31   1   3   2   1  11   1   0   1   3   2   1   3   0  0.65 0.46
   33 F   -6 -3 -4 -8 -3 -7 -8 -2 -6 -6 -4 -7 -6  6 -8 -7 -7 11  5 -7    1   2   1   0   1   0   0   3   0   0   1   0   0  27   0   0   0  48  16   0  2.82 1.14
   34 Y   -3 -7 -8 -8 -7 -7 -7 -8 -5 -2  0 -7 -6  0 -8 -7 -4 10  7 -4    2   0   0   0   0   0   0   0   0   2  11   0   0   3   0   0   1  42  36   1  2.65 1.11
   35 G   -2 -2 -2  3 -5 -1  4  4 -1 -5 -3 -2 -5 -3 -2 -1 -1 -5 -2 -5    3   2   1  15   0   3  26  31   2   0   4   1   0   1   2   4   3   0   2   0  0.67 0.43
   36 G   -1 -2  0  2 -3 -2  0  4 -1 -3 -2 -1  2 -3  0  0 -2 -4 -3 -2    4   2   4  11   0   2   6  37   2   2   4   3   7   1   5   6   1   0   1   3  0.47 0.28
   37 R   -1  5 -3  0 -4  1 -1  0 -2 -3 -2  0  0 -2  3 -1 -1 -4  1 -2    6  30   1   6   0   5   3   6   1   1   4   6   2   1  13   3   3   0   5   2  0.43 0.30
   38 D   -2 -2  1  6 -2 -1  2 -2 -2 -5 -4 -1 -4 -1 -3 -1 -1 -1 -2 -4    3   2   7  49   1   2  10   4   1   1   1   3   0   2   1   5   3   1   1   1  0.95 0.49
   39 K   -1  2  1  1 -2  0  1 -2 -1 -1 -2  2 -1 -3  2 -1  0 -4 -2 -1    4  12   9   8   1   4  11   3   1   4   4  12   1   1  10   4   6   0   1   6  0.18 0.16
   40 K   -1  0 -1 -2 -5  1  1 -2  0 -1 -2  0 -2 -3  6 -1  1 -5 -4 -2    4   6   2   2   0   6   8   3   2   4   4   5   1   1  36   4   7   0   0   3  0.63 0.39
   41 Y   -1 -1 -2 -4 -4 -1 -1 -3  2 -1  1 -3  2  3  0 -1 -1  5  4 -2    5   4   1   1   0   3   3   2   6   3  11   1   6  13   4   4   5   8  17   3  0.40 0.27
   42 T   -1 -2  1  3 -2 -3 -1 -3 -4 -5 -4 -3 -2 -5 -2  3  5 -1 -1 -3    5   2   5  17   1   1   4   2   0   0   1   1   1   0   2  23  32   1   2   1  0.72 0.50
   43 L   -1  0 -4 -2 -4 -1  0 -5 -3  1  4 -1  2  0  0 -3 -3 -2  1  0    6   5   0   3   0   2   7   0   0   7  37   5   6   4   6   1   0   0   5   6  0.35 0.28
   44 E    2 -1 -2  3 -6 -1  6 -3 -2 -4 -5 -1 -5 -6 -5 -1 -3 -6 -5 -2   18   3   1  14   0   2  45   2   1   1   1   4   0   0   0   3   1   0   0   3  0.94 0.58
   45 S    0  1  0  1 -5  2  3 -2 -2 -3 -1  2  2 -1 -4  0 -1 -1 -3 -3    8   7   4   8   0   8  22   2   1   1   7  10   7   3   0   5   3   1   1   1  0.29 0.27
   46 L   -2 -6 -6 -6 -5 -5  1 -4 -6  5  0 -3 -1 -1 -6 -4 -3 -6  1  5    3   0   0   0   0   0   9   2   0  28   6   2   1   2   0   1   1   0   4  40  0.95 0.53
   47 K    0  4 -2 -2 -3  2  3 -5  0  0 -1  2 -2 -4 -4 -2 -1 -5 -2 -2    7  21   1   2   1  10  23   0   2   7   6  11   1   1   0   2   3   0   1   3  0.46 0.35
   48 K    2  2  0  0 -5  2  4 -3 -1 -5 -4  2 -4 -5 -4 -2 -2 -5 -5 -5   14  12   5   6   0  10  31   2   1   0   2  12   0   0   0   2   2   0   0   0  0.66 0.44
   49 H   -3  0 -2  2 -5 -1  1 -5  5 -1 -4  4 -1 -5 -5 -3 -2  6 -2 -3    2   5   1  10   0   2   9   0  13   4   1  30   2   0   0   2   3  12   1   2  0.83 0.49
   50 Y   -4 -6 -6 -6  0 -5 -4 -6  1 -1 -1 -6 -3  6 -3 -5 -5  1  8 -2    1   0   0   0   2   0   1   0   3   3   5   0   1  26   2   0   0   2  50   3  1.82 0.80
   51 T   -1  1  0  0 -3  0  1  1 -2 -1  0 -1  0  1 -1  0  0 -3  1 -1    5  10   4   5   0   2  12  13   0   3  13   2   2   7   2   7   4   0   6   3  0.08 0.12
   52 E   -2  0  2  2 -2  0  2  0  1 -4 -4 -1 -3 -5  4  1 -1 -5 -4 -3    3   5   8  12   1   3  14   6   3   1   1   4   1   0  24   9   3   0   0   2  0.52 0.33
   53 P   -2  5  0 -1 -1  1 -1 -2  1  0 -2  0  1 -2  2  0 -2 -4  1 -2    3  31   4   3   1   6   3   2   3   6   4   3   4   1  10   6   2   0   5   2  0.39 0.29
   54 W    0 -1 -1  0  1 -1 -1  0 -1  2  0 -1 -1 -1  0  0  0  3 -1  1    9   4   2   5   3   2   3   8   1  17  10   2   0   2   4   6   7   5   2   9  0.06 0.09
   55 E    0  1  1  3 -5  1  4 -1  1 -4 -3  1 -1 -5 -4 -1 -1 -5 -4 -4    8   7   5  17   0   6  26   5   3   1   3  10   1   0   0   4   3   0   0   1  0.47 0.32
   56 D   -2 -1  1  5 -5 -2  2  1  0 -5 -5  1 -5 -5  1  0 -1 -6 -5 -4    2   4   5  30   0   1  15  11   2   0   0  10   0   0   7   7   3   0   0   1  0.60 0.39
   57 E   -1  1  1  1 -5  1  2  0  2 -4 -4  1 -4 -2  4  0 -1 -5 -2 -3    4   6   6   9   0   5  14   6   4   1   2   7   0   2  22   5   4   0   2   2  0.40 0.29
   58 V   -1 -1 -2 -4 -2 -4 -2 -5 -2  3 -1 -2  1 -3 -2 -2  3 -5 -1  4    5   3   2   1   1   0   3   0   1  17   4   2   3   1   2   2  18   0   2  34  0.59 0.39
   59 F   -1  1 -1  0 -2  1  0 -2  3  0  0  0 -2  0 -1  0  1 -3  1  0    4   9   2   5   1   5   4   2   8   6   8   7   0   5   2   9  12   0   5   7  0.08 0.12
   60 R    2  4 -3 -5  4  0 -4 -1 -3 -3 -3 -1  0 -5  4  0 -3 -2 -1 -2   17  22   1   0   8   4   0   5   1   2   2   2   2   0  20   6   1   1   3   3  0.59 0.42
   61 V   -3 -4 -3 -6  7 -4 -3 -3 -5  0 -1 -6 -1  6 -6 -3 -3  5  4 -2    2   1   1   0  21   1   2   3   0   6   4   0   2  32   0   1   1   6  14   2  1.27 0.62
   62 I   -1 -6 -6 -6 -2 -6 -1 -7 -6  7  1 -6  1  1 -6 -6 -5  1 -5  2    5   0   0   0   1   0   5   0   0  53  14   0   3   4   0   0   0   2   0  10  1.30 0.62
   63 I    1 -6 -6 -6 -1 -6 -4 -4 -6  6 -1 -3  1  0 -6 -5 -3 -6 -5  4   11   0   0   0   1   0   1   2   0  40   5   2   4   3   0   0   1   0   0  30  1.14 0.57
   64 E   -1 -2 -3 -2  0  0  5 -4  0 -2  0 -1 -1 -1 -5  0 -1 -2  2 -2    4   2   1   1   2   3  40   1   3   3  11   4   2   2   0   8   3   1   7   2  0.58 0.42
   65 Y   -2 -1 -4 -5  1 -1 -1 -2  2  0  2 -3 -1  2 -5 -1  0  4  5  1    3   4   0   0   3   2   5   3   4   6  19   1   1   7   0   4   5   6  18   9  0.39 0.29
   66 N   -2 -1  3  5 -2  1  2  1  1 -6 -5  1 -5 -4 -5 -3 -1 -7 -5 -5    4   3  14  29   1   5  12  10   3   0   1  10   0   1   0   1   5   0   0   1  0.69 0.43
   67 N   -3 -1  1  3 -4  0  2  5  1 -7 -5 -1 -6 -7 -6 -2 -3 -7 -3 -7    1   3   7  13   0   4  12  46   3   0   1   3   0   0   0   3   1   0   1   0  0.99 0.57
   68 V   -1  3 -1 -1 -1  2  2 -2  0  0 -3  1  0 -4 -2 -1  0  1 -2  1    6  15   3   3   1   9  14   2   2   6   1  10   2   0   1   4   6   2   1  11  0.23 0.23
   69 P    0 -4 -3 -2 -8 -6 -1 -2  1 -6 -3 -1 -7 -5  8 -3 -4  3 -7 -7    8   1   1   3   0   0   5   4   3   0   3   3   0   1  62   2   1   3   0   0  1.71 0.87
   70 I   -1 -4 -2 -7 -6 -7 -5 -7 -7  6  0 -3 -1  2 -3 -5 -1 -6 -5  3    5   1   2   0   0   0   1   0   0  50   6   2   1   9   2   1   3   0   0  16  1.20 0.61
   71 G    1 -3 -3 -7 -7 -7 -7  7  0 -3 -3 -6 -7 -8 -1 -5 -6 -8 -8 -7   11   2   1   0   0   0   0  75   2   2   3   0   0   0   4   0   0   0   0   0  1.92 0.89
   72 Y   -3 -2 -3 -4 -7 -5 -4 -3 -1  0 -3 -6  0  4 -7 -3 -6 -1  9 -6    3   2   2   1   0   1   1   3   1   6   2   0   2  13   0   2   0   1  59   0  1.92 0.88
   73 G   -1 -6 -6 -6  1 -3 -6  1 -6  6  2 -5  3  0 -6 -3 -1 -5 -5  1    4   0   0   0   3   1   0  10   0  38  17   0   7   4   0   2   3   0   0   9  0.83 0.45
   74 Q   -6 -2  0 -3 -7  8 -1 -1 -2 -3 -6 -4  0 -4 -6 -5 -6  1 -3 -7    0   2   4   2   0  72   3   6   1   2   0   0   2   1   0   0   0   2   1   0  2.13 1.03
   75 I   -2 -2 -3 -2  2 -4 -3 -5 -1  1  1 -3  1  4 -4  0  0  1  5  0    2   3   1   3   4   0   1   0   2   9  12   1   4  18   1   9   5   2  17   6  0.45 0.30
   76 Y   -3 -1 -1 -4  0 -1 -4 -4  1 -1 -5 -5 -5 -2 -6 -2 -5  3  9 -4    2   4   3   1   2   3   1   2   3   4   1   1   0   1   1   3   1   3  64   1  1.95 0.84
   77 K   -1  3  1  0 -2  0  1 -2 -2 -2 -1  1 -3  0  3 -1  0  0 -2 -1    4  18   8   4   1   4   8   4   1   3   6   7   0   4  13   4   5   1   1   4  0.22 0.18
   78 M    1 -3 -3 -4 -5 -2 -2 -3 -5  3  2 -3  2 -2 -1 -3 -2  3 -1  3   11   2   2   1   0   2   2   2   0  15  19   2   5   1   4   2   3   4   3  22  0.46 0.31
   79 Y    0  0  2  3 -2  0  0 -2  4 -3 -2  0 -1 -3 -2  0  0  0  2 -3    8   5   9  15   1   4   6   2  11   2   5   5   2   1   2   7   5   1   7   1  0.30 0.25
   80 D    0 -2 -1  5 -6  0  2  0 -2 -2 -3  0 -2 -3 -1  0 -1 -6 -5 -3    8   2   2  31   0   3  14   7   1   3   3   6   1   1   3   7   4   0   0   2  0.56 0.39
   81 E    0 -3  0  1 -4 -1  3 -2  3 -1 -3 -1 -4  3  0  0 -2  1  1 -2    7   2   4   8   0   3  22   4   6   3   2   3   0  12   4   7   2   2   5   3  0.35 0.27
   82 L    0 -2 -3  1 -4 -1  3  1  0 -2 -1  0 -2 -2  3  0  0  2 -4 -3    8   2   1   7   0   2  16   9   2   3   5   6   1   2  16   6   7   3   0   2  0.30 0.26
   83 Y   -1  1  0  1  0  0  1 -2  2  0 -2  2 -3 -1  0 -1 -2  5  2 -1    4   8   4   8   2   4   9   2   5   6   4  11   0   2   6   4   2   7   6   5  0.20 0.17
   84 T    0  0  0  1  0  0  2  0  1 -2 -2  0 -3 -2  1 -1  1  1  1 -2    7   4   5   8   2   3  16   8   3   2   3   6   0   2   6   4   8   2   6   3  0.14 0.16
   85 D    1 -1  0  3 -1  0  1  1  0 -2 -1 -1  1 -1 -2  0 -1  1 -1 -2   10   3   5  16   1   4  10  12   2   2   7   4   3   3   2   6   3   2   2   3  0.16 0.15
   86 Y    1 -1 -1 -2  0 -2 -2  0  3 -2 -1 -2  0  0 -1 -2 -3  6  6 -3   10   4   4   2   2   2   3   7   6   3   7   3   2   3   3   3   2  10  23   2  0.58 0.40
   87 H   -1  0  0  0  1 -1  0  1  4 -1 -2 -1 -1 -2 -1 -1 -2  5  1 -2    5   5   5   6   3   2   7  12  10   4   5   4   2   2   4   4   3   8   5   3  0.23 0.20
   88 Y   -1 -1 -2 -1  0 -2 -1 -2  2 -1  2 -2  0  2 -2 -2 -2  4  4  0    4   3   3   4   2   2   5   4   5   4  19   2   3   8   3   3   2   5  15   6  0.33 0.24
   89 P    0  0 -1  0  0  0  0  1 -1  1  0 -1 -1 -1  2  1 -1 -3 -2  0    8   5   3   6   2   4   7  12   1   9   9   1   1   3  12  10   2   0   0   5  0.10 0.09
   90 K    0  1  0  3 -3  0  2  1 -1 -2 -1  1 -3 -1 -1  0 -1 -3 -2 -2    6   7   4  21   0   4  14  10   1   2   6   7   0   3   2   7   2   0   1   3  0.23 0.16
   91 T    0 -1 -1  0 -1  1 -1 -1 -1  0  1 -1 -1  1  1  0  1  2 -1  0    8   4   2   6   1   6   4   3   1   3  21   3   1   5   6   5  11   3   2   4  0.07 0.09
   92 D   -1 -1  0  4 -4 -1  1  0 -2 -2 -2  0 -3 -4  4 -1 -1 -4 -2 -2    4   2   3  24   0   2   9   8   1   2   4   6   0   0  22   3   4   0   1   3  0.50 0.28
   93 E    0 -1  2  1 -3  1  3  0  1 -4 -3  1 -3 -4  1  0  0 -4 -4 -3    7   3  10   9   1   7  23   7   3   1   2   7   0   1   7   6   6   0   0   2  0.31 0.22
   94 I    0  1  2  1 -1  0  0  2  2 -1 -2  0 -2 -3 -2  1  0 -1 -2 -1    6   8  12   7   2   2   4  16   5   5   3   6   0   0   2  12   5   1   1   4  0.16 0.13
   95 V    1  0 -2 -3  1 -1 -3 -3 -2  1  1 -2  0 -2  0  0  2  2 -1  2   13   4   2   0   3   2   1   1   1  10  13   2   2   1   4   7  16   3   1  14  0.18 0.16
   96 Y    3  1 -4 -5  0 -4 -4 -1 -3 -1 -1 -3 -2  2 -3 -2 -3  5  5  1   25   9   0   0   2   0   0   4   0   3   5   1   1   8   1   2   1   9  19   9  0.58 0.35
   97 G    2 -4 -3 -5 -5 -2  0  6 -5 -6 -6 -3 -5 -6 -5  0 -3 -6 -6 -2   16   1   1   0   0   2   5  63   0   0   0   1   0   0   0   5   1   0   0   3  1.34 0.60
   98 M   -4 -5 -6 -6 -4 -5 -6 -4 -6  5  2 -5  5  1 -6 -5 -1 -5 -4  2    1   0   0   0   0   0   0   2   0  38  20   0  15   6   0   0   4   0   0  13  1.07 0.49
   99 D   -4 -6 -4  8 -1 -2 -3  0 -6 -7 -8 -5 -7 -7 -6 -4 -6 -1 -7 -7    1   0   0  85   2   1   0   7   0   0   0   0   0   0   0   1   0   1   0   0  2.46 0.94
  100 Q   -3 -4 -5 -5 -1  5 -4 -6 -5  3  3 -4  2 -1 -5 -5 -3  3 -1  0    1   0   0   0   1  26   0   0   0  18  32   0   5   2   0   0   1   4   2   7  0.87 0.48
  101 F   -4 -6 -3 -7 -3 -4 -6 -4 -3 -3  0 -6 -1  8 -7 -2 -4  1  3 -1    1   0   2   0   1   1   0   2   0   1   8   0   1  64   0   3   1   2   9   4  1.76 0.70
  102 I   -5 -7 -7 -7 -5 -7 -7 -7 -7  8  1 -7  1 -4 -7 -6 -5 -6 -5  0    0   0   0   0   0   0   0   0   0  80  12   0   3   0   0   0   0   0   0   3  2.18 0.81
  103 G    1 -7 -5 -6 -7 -6 -6  7 -6 -7 -3 -6 -6 -7 -6 -5 -6 -7 -2 -4   12   0   0   0   0   0   0  81   0   0   4   0   0   0   0   0   0   0   2   2  2.05 0.82
  104 E   -4  0 -1  3 -3 -1  7 -5 -2 -4 -6 -3 -6 -7  0 -3 -5 -7 -2 -4    1   5   2  14   1   1  63   1   1   1   0   1   0   0   4   1   0   0   1   2  1.43 0.69
  105 P    0  0 -3 -1 -5 -1  1 -2 -2 -3 -3  2 -4 -5  6 -1  1 -6 -5  0    8   4   0   3   0   2  11   3   1   1   2  11   0   0  35   5   8   0   0   8  0.69 0.37
  106 N    1  0  3  3 -4  1  3 -1 -1 -4 -4  0 -2 -5 -4  1 -1 -5 -4 -4   14   5  12  19   0   5  18   4   1   1   1   4   1   0   0  11   3   0   0   0  0.45 0.30
  107 Y    0 -2 -2 -2  1 -1 -3 -4  0 -3  1 -3  3  4 -6 -4 -4  0  6 -2    7   3   2   3   3   3   1   1   2   1  16   1   8  15   0   0   0   1  34   2  0.82 0.44
  108 W   -5  1 -6 -7 -5 -2 -6 -7  0  2  3 -5 -1  0 -7 -6 -1 10 -3  0    0   8   0   0   0   2   0   0   3  10  29   0   1   3   0   0   4  35   0   6  1.47 0.61
  109 S   -3 -3  5 -1 -6 -2 -2  5  4 -7 -7 -3 -6 -6 -5 -1 -4 -6 -2 -6    1   1  27   3   0   2   2  47  10   0   0   1   0   0   0   5   0   0   1   0  1.25 0.56
  110 K   -3  5 -1 -4 -3  4 -2 -4  0 -4 -4  5 -2 -6 -5 -2 -4 -6 -3 -4    1  29   2   0   1  18   1   1   2   1   1  39   1   0   0   2   0   0   1   1  1.21 0.58
  111 G   -4 -6 -2 -6 -7 -6 -6  8 -6 -8 -8 -2 -7 -8 -7 -3 -6 -7 -8 -8    0   0   2   0   0   0   0  94   0   0   0   2   0   0   0   2   0   0   0   0  2.53 0.90
  112 I   -4 -5 -3 -6 -5 -5 -6 -7  3  5  3 -5  0  0 -6 -5 -4  0  3  1    0   0   1   0   0   0   0   0   8  37  31   0   1   4   0   0   0   1  11   6  1.01 0.48
  113 G    0 -7 -5 -6 -7 -6 -6  7 -6 -8 -8 -6 -7 -7 -6 -2 -6 -7 -7 -4    6   0   0   0   0   0   0  90   0   0   0   0   0   0   0   3   0   0   0   2  2.32 0.85
  114 T    0 -1 -3 -4  0 -1 -3 -3 -2 -4 -4 -1 -4 -2  2  3  5 -6 -5 -1    6   3   0   0   2   3   1   1   1   0   1   2   0   2   9  22  42   0   0   5  0.80 0.49
  115 R    1  3 -2  0 -4  2  2 -2  0 -2 -1  2 -1 -4 -1 -1 -1 -4 -2 -1   13  16   1   6   0   9  12   2   2   2   7  15   1   0   2   1   4   0   1   5  0.24 0.20
  116 Y    3 -4 -5 -5 -1 -3 -4 -4 -4  3  2 -4  4  2 -5 -2 -2 -4  0  1   27   0   0   0   1   1   0   0   0  15  19   0  12   8   0   2   2   0   3   9  0.57 0.35
  117 I   -3 -6 -4 -6  0 -5 -6 -4 -6  5  3 -5  2 -2 -6 -5 -3 -5 -4  3    1   0   1   0   2   0   0   2   0  38  27   0   5   1   0   0   1   0   0  22  1.06 0.48
  118 K    0  4  2 -1 -1  2  0 -1 -3 -3 -2  3 -1 -4 -4  0  0 -5 -4 -2    7  25  10   3   1   9   5   4   0   1   4  17   1   0   0   5   7   0   0   2  0.39 0.27
  119 L    2  0 -3 -2  0  2  0 -2 -3 -1  2  1  1 -1 -4  0  1 -4 -2 -2   22   5   0   1   2  11   7   3   0   3  18   7   3   2   0   5   8   0   1   2  0.23 0.26
  120 I   -2 -3 -6 -6 -5 -5 -6 -6  0  1  2 -6  5  7 -6 -3 -3  1 -1  1    3   2   0   0   0   0   0   0   2   7  15   0  12  39   0   2   2   2   1  11  1.08 0.57
  121 F    0 -5 -5 -5  3 -3 -3 -4 -5  3  3 -2  2  0 -5 -2  0 -5 -4  3    7   0   0   0   6   1   2   1   0  14  29   2   4   3   0   2   5   0   0  21  0.54 0.35
  122 E    0  2  0  2 -2  2  3 -1  1 -5 -3  2 -4 -5 -2  0 -1 -5 -2 -3    7  10   5  12   1   9  23   4   3   0   2  13   0   0   1   5   4   0   1   1  0.41 0.32
  123 F   -2  1 -2 -2 -5  0  0 -4  3 -2  0 -1 -1  3 -5 -1 -2  2  6 -1    4   7   2   2   0   5   6   1   8   2   7   4   2  11   0   4   3   2  27   4  0.54 0.37
  124 L    0 -4 -5 -5  0 -2 -4 -2 -4  2  4 -4  1  0 -4 -2 -3  1  0  1    7   0   0   0   2   2   1   3   0  12  45   1   3   4   0   3   1   2   3   9  0.63 0.39
  125 K   -2 -1 -3 -5 -1  0 -2 -3  2  0  0 -1  0  6 -5 -2 -2  2  0  1    3   4   1   0   1   5   2   2   5   4   8   4   2  39   0   2   2   2   2   9  0.70 0.45
  126 K    0  0  0  1  0  1  1 -1  0  0 -1  1 -2 -1 -1  0  1  0 -1 -1    8   5   3   6   2   8  12   5   2   6   5  10   0   2   1   7   8   1   2   5  0.07 0.10
  127 E   -1  0  1  1 -1  2  3 -3  2 -2 -2  2 -1 -2 -4 -1  0  2 -1 -3    5   3   8   9   2  10  20   2   6   2   3  12   2   2   0   3   5   3   2   2  0.30 0.27
  128 R   -1  1 -1 -1  2  0  0 -2  1 -2  0  0  1  0  3 -1  0 -3  2 -1    4   8   3   2   4   4   6   3   4   0  12   7   4   4  14   3   5   0   7   3  0.16 0.17
  129 N    0  0  3  1 -3  2  0  3  0 -4 -4  0 -2 -2 -3  0 -3 -4 -2 -4    9   5  15   7   1   9   7  27   2   1   1   6   1   2   1   5   0   0   2   1  0.39 0.23
  130 A    4 -3 -4 -4 -4 -3 -3 -2  2  0  1 -4 -2  3 -1 -2 -1 -1  2  2   34   1   0   1   0   1   1   2   5   3  12   0   0  12   3   1   2   1   6  17  0.44 0.29
  131 N    0  0  2  3 -2  1  1 -2  1 -1 -4  0 -1 -4  1  1  2 -5 -2 -2    6   6  10  15   1   5   8   2   4   4   0   4   1   0   6  11  12   0   1   2  0.25 0.18
  132 A    2  4 -2 -2  0 -1  0 -2  1 -1 -2  2 -1 -2 -3  0 -1  2  1  0   17  25   1   2   2   2   5   2   4   5   2  10   1   1   0   5   4   3   5   6  0.28 0.21
  133 V   -1 -6 -6 -6  5 -5 -6 -6 -6  5  1 -5 -2 -1 -5 -4 -3 -5 -4  5    4   0   0   0  14   0   0   0   0  30  12   0   0   2   0   1   0   0   0  36  1.12 0.44
  134 I   -1 -3 -4 -3 -3 -1 -2 -2  0  3  1 -2 -1  2 -4 -3  0  3  2  3    6   0   0   1   0   3   2   2   2  19  12   2   1  10   0   1   7   4   6  21  0.34 0.21
  135 L    0 -5 -5 -6  1 -5 -5 -5 -5  4  3 -5  4 -3 -5 -3  1 -5 -4  3    8   0   0   0   3   0   0   0   0  23  26   0   9   0   0   1   8   0   0  21  0.75 0.35
  136 D   -3 -1 -3  7 -3 -2  0 -1 -2 -6 -6 -2 -6 -2 -5 -3  1 -7 -6 -4    1   4   0  67   1   1   5   5   1   0   0   2   0   2   0   1   8   0   0   1  1.49 0.59
  137 P   -3 -6 -6 -6  0 -5 -5 -6  0 -5 -3 -5 -5 -6  8 -5  0 -7 -6  2    2   0   0   0   2   0   0   0   2   0   2   0   0   0  69   0   7   0   0  14  2.03 0.72
  138 H    0  1  0  4 -5  2  2 -3  4 -4 -3  0  0 -1 -4  0 -2  1  0 -3    8   8   3  24   0  11  11   1  11   0   2   4   2   3   0   6   1   2   3   1  0.43 0.26
  139 K    1 -2 -2  0 -2 -1  0 -2 -2  0 -1  1 -2 -4  4  1  0 -4 -2  2   11   1   1   4   1   2   6   2   1   5   5   9   0   0  20  10   7   0   1  14  0.29 0.19
  140 N   -1  0  2  3 -4 -1  2  0  2 -4 -3  0 -3 -2 -4  0  0  4  1 -2    5   6  10  17   0   2  13   8   5   0   2   5   0   2   0   6   6   5   5   2  0.29 0.20
  141 N   -6 -5  9 -3 -7 -4 -5 -5 -1 -7 -7 -5 -6 -7 -6 -2 -4 -7 -6 -7    0   0  93   0   0   0   0   0   1   0   0   0   0   0   0   3   0   0   0   0  2.87 0.92
  142 P    0 -1 -2 -2 -3  0  2 -2  1  1  0  0 -1 -2  3  1  1 -4 -1  0    6   2   0   0   0   4  14   2   3   9   9   7   1   1  13   9  11   0   2   5  0.17 0.15
  143 R    1  7 -2 -5 -3 -1 -4 -2 -4 -3 -5 -1 -5 -3 -3 -2 -2 -6 -5 -4   12  68   1   0   1   2   0   3   0   2   0   2   0   2   1   2   2   0   0   1  1.51 0.60
  144 A    7 -6 -5 -6 -5 -5 -5 -2 -6 -5 -6 -5 -1 -6 -5  1 -3 -7 -6 -2   83   0   0   0   0   0   0   2   0   0   0   0   2   0   0  10   1   0   0   2  1.79 0.72
  145 I    0  0 -4 -6 -3 -1 -6 -6 -6  7  0 -2  1 -4 -6 -5 -4 -6 -5  2    8   5   1   0   1   3   0   0   0  62   6   3   3   0   0   0   0   0   0  10  1.25 0.51
  146 R    0  7 -2 -5 -6 -3 -3  0  4 -6 -5  2 -2 -6 -5 -2 -4 -6 -5 -6    9  53   2   0   0   0   1   7  11   0   1  13   1   0   0   3   0   0   0   0  1.28 0.54
  147 A    4 -6 -5 -6  8 -5 -5 -5 -6 -2 -2 -5 -1  1 -5  0 -1 -6 -5  2   31   0   0   0  34   0   0   0   0   1   4   0   1   7   0   6   4   0   0  12  1.27 0.52
  148 Y   -2 -7 -7 -8 -7 -6 -7 -8 -3 -6 -4 -7  0  2 -8 -6 -6  2 10 -6    4   0   0   0   0   0   0   0   0   0   1   0   2   7   0   0   0   2  84   0  2.95 0.95
  149 Q   -3  2 -3 -3 -7  3  6 -4 -4 -4 -4  1 -1 -7 -5 -3 -1 -6 -6 -6    1  10   1   0   0  10  62   1   0   1   2   6   1   0   0   1   3   0   0   0  1.34 0.59
  150 K   -1  2 -1 -5 -7 -2 -4 -4 -2 -7 -7  8 -6 -7 -5 -4 -5 -7 -6 -7    4   8   3   0   0   1   0   1   1   0   0  82   0   0   0   0   0   0   0   0  2.08 0.77
  151 S    5 -5 -1 -6  7 -5 -5 -4 -5 -2  0 -5 -2 -2 -5 -1 -4 -6 -3  1   46   0   3   0  24   0   0   0   0   1   8   0   1   2   0   4   0   0   1  10  1.15 0.51
  152 G   -4 -4 -5 -4 -7 -6 -4  8 -7 -8 -8 -4 -7 -8 -7 -3 -6 -7 -8 -8    0   1   0   1   0   0   1  96   0   0   0   1   0   0   0   1   0   0   0   0  2.58 0.84
  153 F   -7 -8 -8 -8 -7 -8 -8 -8 -6 -5 -3 -8  0  9 -9 -7 -7  3  0 -6    0   0   0   0   0   0   0   0   0   0   1   0   2  91   0   0   0   4   1   0  3.11 0.94
  154 R    0  1  1 -1 -2  1  1 -2  2  0 -1  1  1  1 -2  0  0 -3 -1  0    8   8   7   0   0   7   8   1   7   8   1   8   7   7   0   8   8   0   0   8  0.09 0.12
  155 I   -1  2 -1 -1  1  0  0 -2  2  0 -1  2  0  0  1 -2 -1  2  2 -1    6  11   3   3   3   3   5   4   5   5   5  14   3   4   7   3   3   3   6   5  0.15 0.12
  156 I    0  0 -2  0  2  0  0 -1  2  0 -1  0  1  1 -3  0  0  3  1  0    6   6   0   6   5   5   6   6   5   6   6   6   5   5   0   6   6   5   5   6  0.07 0.12
  157 E    0  1  1  1  2  1  1  0  2 -3 -1  1 -2 -2  1  0 -1 -2  1 -2    7   7   7   7   7   7   7   7   7   0   7   7   0   0   7   7   0   0   7   0  0.13 0.13
  158 D    0  0  0  0  2  1  0  0  2  0 -1  0  1 -2  1  0  0 -3  1  0    6   6   5   6   5   5   6   6   5   6   6   6   5   0   6   6   6   0   5   6  0.04 0.08
  159 L   -1  0 -1 -1 -3  0 -1 -4  1  1  2 -1  2  0  1 -3 -2  2  0  1    5   5   3   3   0   4   4   0   3   9  24   3   6   5   6   0   0   4   3  12  0.18 0.19
  160 P    0  0  0  0  2  1  0  0  2 -2 -1  0  1 -2  0  0  0  3  1 -1    6   6   5   6   5   5   6   6   5   0   6   6   5   0   6   6   6   5   5   6  0.09 0.14
  161 E    0  0  2  1  1  1  3 -1  1 -1 -2  1  1 -4  1 -1 -1 -4 -3 -1    7   3   9   7   3   5  19   4   4   3   4   9   4   0   6   4   4   0   0   4  0.17 0.19
  162 H    0  1  0  0 -4  1  0  0  6 -2 -2 -1  1 -1  0 -1  0  1  0 -2    9   8   3   4   0   7   5   7  22   2   3   2   4   3   5   4   6   2   3   2  0.30 0.29
  163 E   -1  0 -3  1 -4  1  4 -2  0 -2 -2  1  0 -2 -1  0  0  2 -3 -2    4   4   0   7   0   6  35   3   2   3   3   7   2   2   3   6   4   3   0   3  0.41 0.35
  164 L   -2  0  0  0 -3  1  0  0 -2  0 -1  0  1  1  1  0  0  3  1  0    0   6   6   6   0   6   6   6   0   6   6   6   6   6   6   6   6   6   6   6  0.07 0.11
  165 H   -1  3 -1 -3  1  0 -1 -4  6  0 -2  0 -2  0 -1 -1 -1 -4 -2  1    6  17   3   0   3   4   3   0  24   4   3   5   0   5   3   3   4   0   0  12  0.39 0.32
  166 E   -1  0  1  2 -4  0  3 -3  2 -2 -4  0 -3  0  1  0 -1  4 -2 -3    3   5   6  14   0   3  24   0   6   3   1   5   0   4   7   7   3   7   0   0  0.38 0.29
  167 G    0  1  1  1 -2  0  1  1 -1 -2  0 -1  1 -2 -2  1  1 -3 -2 -1   10  10   9  10   0   0  10  10   0   0  10   1   9   0   0  10  10   0   0   1  0.11 0.09
  168 K    0  1  1  1 -2  1  0 -2  2  0  0  0  1 -2  1  0  0 -3 -2  0    7   7   7   7   0   7   7   0   6   7   7   7   6   0   7   7   7   0   0   7  0.09 0.10
  169 K    0  0  0  0 -3  1  0  0  2 -2 -1  0  1  1  0  0  0  3  1 -1    6   6   5   6   0   5   6   6   5   0   6   6   5   5   6   6   6   5   5   6  0.08 0.12
  170 E   -1  2 -1  0  0  1  2 -2  4  0 -1  0 -2 -1 -1 -1 -1  2  1  0    3  11   2   4   2   6  15   2  10   5   4   5   0   3   3   5   3   3   5   9  0.15 0.19
  171 D   -1  0  1  4 -4  1  0 -3  1 -3 -2  0  1 -1  1 -1 -1  2  0 -1    4   4   7  31   0   6   3   0   3   0   4   4   4   3   6   4   4   3   4   4  0.35 0.30
  172 C    0  0  1  0  2  1  0  0  2 -2 -1  0  1 -2 -2  0  0 -3  1  0    6   6   6   6   6   6   6   6   6   0   6   6   6   0   0   6   6   0   6   6  0.07 0.12
  173 Y   -1  0 -3  0  0  0  0 -3  1  1  0  0 -2  0  0 -1 -1  6  3  1    3   6   0   5   2   3   5   0   4   8   9   5   0   2   4   5   3  12  11  12  0.23 0.21
  174 L   -1  1 -3 -3 -3 -2 -1 -1  1  0  1 -1  5  0  0 -1  0  3  1  1    5   8   0   0   0   0   4   4   4   3  12   4  20   3   5   6   5   4   4   9  0.20 0.23
  175 M    0  1  1 -2 -3  1  0  0 -2  0  0  0  1 -2  1  0  0 -3  1  0    7   7   7   0   0   7   7   7   0   7   7   7   7   0   7   7   7   0   7   7  0.06 0.10
  176 E    0  0  1  0  2  1  0  0  2  0 -1  0  1 -3  1  0  0 -4 -2  0    6   6   6   6   6   6   6   6   6   6   6   6   6   0   6   6   6   0   0   6  0.06 0.10
  177 Y   -1  0  0 -3  2  0  0 -1  2  0 -1  0  1  1  0  0  0  3  1  0    5   5   5   0   5   5   5   5   5   5   5   5   5   5   5   5   5   5   5   5  0.08 0.12
  178 R    0  0  0  0 -3  1  0  0  2  0 -1  0  1 -2  0  0  0  3  1  0    6   6   6   6   0   6   6   6   6   6   6   6   6   0   6   6   6   6   6   6  0.08 0.12
  179 Y   -1  0  0  0  2  0  0 -1  2  0 -1  0  2  1  0 -1  0  4  1 -1    5   5   5   5   5   5   5   5   5   5   5   5   5   5   5   5   5   5   5   5  0.09 0.09
  180 D    0  0  0  0 -2  0  0  0  1  0 -1  0  1  0  0  0  0 -2  1  0    5   5   5   5   0   5   5   5   5   5   5   5   5   5   5   5   5   0   5   5  0.00 0.06
  181 D    0  0  0  0  2  1  0  0 -2  0  0  0  1  0  1  0  0 -3 -2  0    6   6   6   6   6   6   6   6   0   6   6   6   6   6   6   6   6   0   0   6  0.04 0.08
  182 N   -1  0  0  0 -3  0  0 -1  2  0 -1  0  1  0  0  0  0  3  1  0    5   5   5   5   0   5   5   5   5   5   5   5   5   5   5   5   5   5   5   5  0.06 0.09
  183 A    0  0  0  0 -3  1  0  0  2  0 -1  0  1  0  1  0  0 -2  1  0    6   6   6   6   0   6   6   6   6   6   6   6   6   6   6   6   6   0   6   6  0.04 0.06
  184 T   -1  0  0  0 -3  0  0 -1  2  0 -1  0  1  0  0  0  0  3  1  0    5   5   5   5   0   5   5   5   5   5   5   5   5   5   5   5   5   5   5   5  0.06 0.08
  185 N    0  0  0  0 -3  1  0  0  2  0 -1  0 -1  0  1  0  0  3 -1  0    6   6   6   6   0   6   6   6   6   6   6   6   0   6   6   6   6   6   0   6  0.06 0.09
  186 V    0  0  0  0 -3  1  0  0  1  0 -1  0  1  0  1  0  0  3 -1  0    6   6   5   6   0   5   6   6   5   6   6   6   5   5   6   6   6   5   0   6  0.06 0.09
  187 K    0  0  0  0 -2  1  0  0  1  0  0  0  1  0  1  0  0 -3 -1  0    6   6   6   6   0   6   6   6   6   6   6   6   6   6   6   6   6   0   0   6  0.04 0.07
  188 A   -1  0  0  0 -3  0  0 -1  2  0 -1  0  1  0  0  0  0  3  1  0    5   5   5   5   0   5   5   5   5   5   5   5   5   5   5   5   5   5   5   5  0.06 0.08
  189 M    0  0  0 -2  2  1  0 -3  2  0 -1  0  1  1  0  0  0  3  1  0    6   6   5   0   5   5   6   0   5   6   6   6   5   5   6   6   6   5   5   6  0.10 0.14
  190 K    0  0  0  0  2  0  0 -1  1  0 -1  0  1  0  0  0  0 -2  1  0    5   5   5   5   5   5   5   5   5   5   5   5   5   5   5   5   5   0   5   5  0.03 0.05
  191 Y    0  0  0  0  2  0  0 -1  2  0 -1  0 -2  0  0  0  0  3  1 -1    5   5   5   5   5   5   5   5   5   5   5   5   0   5   5   5   5   5   5   5  0.06 0.08
  192 L   -1  0  0  0  2  1  0 -3  2  0 -1  0  1  1 -3  0  0  3  1  0    6   6   5   6   5   5   6   0   5   6   6   6   5   5   0   6   6   5   5   6  0.09 0.13
  193 I   -1 -5 -5 -5 -4 -1 -5 -5 -5  5  2 -1  1  0 -5 -2 -1 -5 -4  2    5   0   0   0   0   3   0   0   0  38  21   4   3   4   0   4   4   0   0  11  0.78 0.42
  194 E    0  2  0  0  1  1  1 -1  1 -1 -1  1  0 -1 -1  0  0 -3  0 -1    8  13   4   4   3   6  11   4   4   3   4   8   3   3   3   6   5   0   3   4  0.10 0.13
  195 H   -1  0  0  0  2  0  0 -1  2  0 -1  0  1 -2  0  0  0  3  1  0    5   5   5   5   5   5   5   5   5   5   5   5   5   0   5   5   5   5   5   5  0.07 0.11
  196 Y    1  0  0 -1  2  3 -1 -3  4 -1 -1 -1  1  0 -2 -1 -1  2  1  0   10   5   4   3   4  13   5   3   9   4   6   4   3   5   3   4   4   3   4   5  0.21 0.18
  197 F   -1  0  0  0  2  0  0 -1  2  0 -1 -2  1  1  0  0  0  3  1  0    5   5   5   5   5   5   5   5   5   5   5   0   5   5   5   5   5   5   5   5  0.07 0.11
  198 D   -1 -1  0 -1 -6  0 -1  0  1 -1 -2 -1 -5 -6  6 -1 -1 -6 -5 -2    4   3   4   4   0   4   4   7   3   4   4   4   0   0  40   5   5   0   0   3  0.75 0.48
  199 N    0  0  0  0  2  0  0 -1  1  0 -1  0  1  0  0  0  0  3 -2  0    5   5   5   5   5   5   5   5   5   5   5   5   5   5   5   5   5   5   0   5  0.05 0.09
  200 F   -1 -1 -3 -1  1 -1 -1 -2  0  1  2 -1  1  2  0 -1 -1  3  1  0    3   4   0   3   3   3   3   3   3   9  26   3   3   7   4   6   3   5   4   5  0.15 0.17
  201 K    0  0  0  0  2  0  0 -1  1  0 -1  0  1  0  0  0  0  3 -2  0    5   5   5   5   5   5   5   5   5   5   5   5   5   5   5   5   5   5   0   5  0.05 0.09
  202 V   -1 -1 -1  1  1  0 -1 -1  1  3 -1 -2  0 -1  2 -1 -2  2 -1  1    5   4   3   9   3   5   3   5   3  15   6   3   2   3   9   4   3   3   2  11  0.17 0.13
  203 D    1  1  0  0  1  1  1 -1  1 -1  0  0  0 -1  0 -1  0  2  0 -1   12   7   5   6   3   6   8   5   4   3   8   5   3   3   4   5   4   2   4   4  0.04 0.05
  204 S    0  0  0  0  2  1  0  0  2  0 -1  0 -2 -2  0  0  0  3  1  0    6   6   5   6   5   5   6   6   5   6   6   6   0   0   6   6   6   5   5   6  0.07 0.11
  205 I    0 -2 -5 -6  0 -5 -2 -3  0  4  1 -5  2  0 -2 -2 -2  2  1  3    8   2   0   0   2   0   3   2   2  19  13   0   4   4   2   3   3   3   5  24  0.46 0.33
  206 E   -1  2 -1  0  1  2  2 -2  2 -2 -3  1  0 -6 -2 -1  0  2  0  0    6  12   3   4   3  10  13   3   4   3   3   7   3   0   3   5   6   3   3   6  0.24 0.22
  207 I   -1  0  0  0  2  0  0 -1  2  0 -1  0  2  1  0 -1  0  4  1 -1    5   5   5   5   5   5   5   5   5   5   5   5   5   5   5   5   5   5   5   5  0.09 0.08
  208 I   -1  0  0  0  2  0  0 -1  2  0 -1  0  2  1  0 -1  0  4  1 -1    5   5   5   5   5   5   5   5   5   5   5   5   5   5   5   5   5   5   5   5  0.09 0.08
  209 G    0  0  0  0 -2  1  0  0  1  0 -1  0  1  0  1  0  0 -2  1  0    6   6   5   6   0   5   6   6   5   6   6   6   5   5   6   6   6   0   5   6  0.03 0.06
  210 S   -2 -2  1  2  1 -1  3 -3  3 -2 -2 -2  4 -1 -2  2 -2  2 -1 -2    4   3   5  10   2   3  16   3   7   3   4   3   9   3   3  13   3   2   2   3  0.36 0.23
  211 G    0  1 -1 -1 -2  1  1  1 -1 -2  0  1 -1  1 -2  1  1 -2 -1 -1   10  10   0   0   0   9  10  10   0   0  10  10   0   9   0  10  10   0   0   1  0.10 0.08
  212 Y   -3 -2 -3 -1 -1  1 -3 -1  0 -3 -1 -3  1  1 -4 -2  0 10  0 -3    3   2   1   4   1   6   2   5   2   1   6   1   4   6   1   3   7  41   2   1  1.41 0.74
  213 D   -3 -2  1  7 -1 -2  0 -2  1 -3 -4 -4  0 -1 -5  0 -3 -6  0 -3    2   2   7  53   1   2   6   3   3   2   1   0   2   2   0   6   2   0   4   2  1.05 0.62
  214 S   -2 -3  6 -2  2 -4 -4 -3  4 -4 -4 -3 -1  1 -5  2 -2  1  0 -4    2   1  42   2   4   0   0   1  10   1   1   1   2   6   0  18   2   2   3   1  1.03 0.64
  215 V    0  1 -1  0  0  1  0 -3  1  0  0 -1  0  0 -3  0  1  3  0  1    6  11   2   7   2   6   6   0   4   7   8   2   2   3   0   4   9   5   3  11  0.09 0.13
  216 A    3 -2 -1 -4  1 -1 -4 -2 -4  2 -1 -3  2 -1 -4 -1  1 -5 -3  4   23   3   3   0   3   3   0   3   0  10   5   0   5   3   0   3   8   0   0  30  0.42 0.34
  217 Y    0  0 -2  0  2 -2  0 -3  2  0 -1  0  1  1  1  0  0  4  1  0    6   6   0   6   6   0   6   0   6   6   6   6   6   6   6   6   6   6   6   6  0.11 0.16
  218 L   -1  3 -4  0 -2 -2  2 -4  0  3  2 -3 -1 -1 -6 -2 -3 -4 -4  0    5  19   1   6   1   2  15   1   2  14  20   1   1   3   0   3   1   0   0   6  0.44 0.33
  219 V   -1 -8 -8 -5 -1 -6 -8 -4 -8  3  3 -7 -4 -3 -8 -5 -1 -8 -4  6    6   0   0   1   1   0   0   2   0  14  23   0   0   1   0   1   5   0   1  45  1.23 0.65
  220 N   -2 -3  6  4 -8 -3 -1  3 -2 -8 -7 -2 -5 -8 -4 -1 -5 -8 -8 -8    3   2  39  19   0   1   4  22   1   0   1   2   0   0   1   4   0   0   0   0  1.36 0.74
  221 N   -3 -1  2  5 -8  0  2  4  1 -9 -7 -1 -8 -8 -4 -2 -2 -8 -5 -8    2   3   9  31   0   4  10  26   3   0   0   4   0   0   1   3   2   0   0   0  1.00 0.60
  222 E   -1  2  0  3 -3  1  4  0  0 -5 -6  1 -2 -6 -3  0  0 -8 -7 -5    5  12   3  15   1   5  24   8   3   0   1   7   1   0   1   6   6   0   0   1  0.56 0.41
  223 Y   -6 -3 -6 -5 -4 -6 -7 -7  1  0  4 -5  2  1 -9 -7 -1  9  4 -2    1   2   0   1   0   0   0   0   3   6  30   1   5   5   0   0   5  24  13   3  1.43 0.73
  224 I    0 -6 -9 -9 -2 -9 -6 -7 -9  5  0 -7 -1 -5 -9 -4 -5 -9 -4  6    9   1   0   0   1   0   1   0   0  28   9   0   2   1   0   2   1   0   1  45  1.51 0.75
  225 F   -2 -6 -9 -6  0 -9 -5 -7 -4  1  1 -9 -3  7 -9 -8 -6 -2 -2  4    4   1   0   1   2   0   1   0   0   6  12   0   0  44   0   0   0   1   1  25  1.63 0.79
  226 K   -6  8 -9 -5 -3 -5 -8 -10 -9 -10 -5  2 -4 -10 -10 -6 -9 -10 -10 -10    1  82   0   1   1   1   0   0   0   0   2  11   1   0   0   1   0   0   0   0  2.94 1.36
  227 T   -4 -3 -11 -11 -1 -4 -6 -8 -5  1  2 -6  1  8 -11 -5 -2 -3 -3  1    2   2   0   0   1   1   1   1   0   7  17   1   3  50   0   1   3   0   1   9  1.69 0.81
  228 K    1 -2 -5 -10 -5 -4 -7 -1 -5 -7 -6 -4 -10 -11  8 -1 -6 -11 -5 -4   11   2   1   0   0   1   0   6   0   1   1   2   0   0  66   5   1   0   1   2  2.08 1.14
  229 F   -6  7 -4 -4 -4 -1 -6 -8  1 -7 -4  5 -5 -3 -5 -3 -2 -1 -2 -3    1  47   1   1   1   3   1   0   3   0   2  27   0   2   1   3   3   1   1   2  1.62 0.85
  230 S   -2  5  2  1 -5 -3 -1 -2  4 -4 -6 -1 -3 -2 -1  0  0 -2  1 -5    4  30   8   7   0   1   4   3   8   1   1   5   1   2   4   7   7   1   5   1  0.68 0.44
  231 T    2  0 -3  2 -8  1  2 -1  0 -2 -4  1 -3 -8  3 -1 -1  0 -5 -3   15   5   2  10   0   6  14   4   2   3   2   8   1   0  14   4   5   1   0   3  0.39 0.33
  232 N    1  0  0  3 -4 -1  3  0 -1  0 -2 -1 -2 -3 -3  0 -3  3 -3 -1   10   6   5  16   0   3  18   6   2   5   4   3   1   1   2   6   2   4   1   5  0.30 0.24
  233 K    4 -3 -3 -2 -3 -4 -1  2 -2 -1 -3 -3 -2 -2  0  0 -2 -1  2  2   27   2   2   3   1   1   4  15   1   3   3   2   1   2   6   7   2   1   6  12  0.42 0.32
  234 K    3  1 -4 -2 -4 -1  1 -1 -1  1 -1  0 -2 -3 -3 -1 -2 -2 -1  2   25   7   1   2   0   3   8   4   2   9   6   5   1   1   1   5   3   1   2  15  0.32 0.24
  235 K    2  2 -1  1 -3  1  2 -1  0 -3 -3  0 -1 -3  1 -1 -1 -1 -4 -2   16  10   3   9   1   6  14   6   2   2   2   7   2   1   8   5   3   1   0   3  0.25 0.24
  236 G    1  2  0 -1  0  2  1  0  0 -3  1  0  0 -2 -3  0 -1 -1 -1 -3   10  13   4   4   2   9   8   8   2   1  15   4   2   1   1   7   3   1   2   1  0.15 0.17
  237 Y    0 -2 -4 -3 -3 -1 -3 -6 -1  2  4 -5  2  0 -3 -3 -2 -5  1  1    7   2   1   2   1   3   2   0   2  11  40   0   5   4   1   2   2   0   5  10  0.60 0.38
  238 A    1  2 -1 -1 -2  1  3 -3  1  0  0  1 -1 -3 -2 -2 -1 -5 -1 -1   14  13   2   3   1   6  17   2   3   5   8   9   2   1   2   2   3   0   2   5  0.23 0.22
  239 K    0  4  1 -1 -3  0 -1 -3  1 -1 -1  3  0 -2 -3 -2  0  0 -1  0    8  20   7   4   1   4   3   2   3   4   5  17   2   2   1   2   6   1   2   7  0.31 0.25
  240 E   -2 -1 -6 -1 -9  0  7 -8 -2 -4 -4 -2 -1 -9 -3 -4 -7 -9 -3 -3    3   3   0   4   0   3  72   0   1   1   2   2   2   0   2   1   0   0   1   2  1.86 1.00
  241 K    1  2  0 -2  0  1 -2 -2  0  1 -1  0  0 -2 -1 -1  0  0  0  1   16  11   4   2   2   6   2   3   2  10   6   6   3   1   3   4   5   1   3  11  0.09 0.13
  242 A    2  4 -1 -1  0  0  2 -3  0 -3 -2  1 -2 -5 -2 -1 -2 -2 -1 -2   17  20   3   4   2   4  16   2   2   1   4   8   1   0   2   4   2   1   2   4  0.37 0.31
  243 I   -1 -1 -4 -4 -1 -3 -2 -4 -2  2  3 -3 -1  2 -1 -3 -2  5  0  3    5   3   1   1   1   1   3   2   1  11  24   1   1   8   4   2   2   8   2  17  0.46 0.30
  244 Y   -1 -1 -4 -7  0 -6 -2 -4 -7 -1  6 -3  0 -5 -2 -3 -3 -6 -2 -2    6   4   1   0   2   0   3   1   0   3  65   2   2   0   2   2   2   0   2   2  1.17 0.64
  245 N    1  1  1 -1 -5 -1 -1 -2  0 -3 -1  0 -2 -3  5  0 -1 -6 -3 -2   12   8   7   4   0   3   4   3   2   2   8   6   1   1  27   6   4   0   1   2  0.46 0.35
  246 F    0  0 -1 -2  1  0  0 -2  0  0  2  0  0  1 -1 -1 -1  2  0  0    9   5   2   2   3   4   5   3   3   3  23   6   2   5   3   4   4   3   4   7  0.07 0.09
  247 L    0  0 -5 -5 -4  0 -1 -5 -4  2  3 -1  2  1  0 -4 -3 -4  1  1    7   4   0   0   0   5   4   0   0  12  34   4   4   5   4   0   0   0   4  10  0.41 0.28
  248 N    1  1  0 -1  0  0  0  0  0  0  0  0  0 -1 -1  0  0 -3  0  0   12  11   5   3   3   4   5   8   3   5   7   7   3   3   3   6   5   0   3   5  0.03 0.04
  249 T    1  1  1  0 -2  1  0  0  1 -2 -1  1 -2 -2  3  0  0 -4 -3 -2   13   6   6   4   1   5   6   8   3   3   5   7   1   2  14   8   5   0   0   3  0.17 0.17
  250 N   -1  3  0 -2 -1  1  0 -1  4 -1 -1  1 -1  0 -1 -1 -1  0  1 -1    6  16   4   2   1   7   4   5  10   4   8   8   1   4   3   5   3   1   5   4  0.17 0.16
  251 L   -2 -2 -2 -2 -1 -2 -3 -2 -2  2  4 -3  0 -1 -1 -2 -1 -4 -2  2    4   2   2   2   1   1   2   4   1  11  37   2   2   2   4   4   4   0   1  12  0.41 0.27
  252 E    0  0 -1  1 -4  0  0  0  0 -2 -2  0  1 -1  4  1  0  0 -3 -2    6   4   3   7   0   5   6   7   3   2   5   7   4   3  19  11   6   2   0   3  0.23 0.20
  253 T    0 -1 -1 -1  1 -1 -1 -1  0  1  1 -1  1  0  1  0  1 -3 -1  1    7   2   2   3   4   2   4   4   2   8  14   4   4   5   8   6   9   0   2  10  0.06 0.07
  254 N    1  0  0 -1  1  1 -1 -2  0 -1 -2 -1  0 -1  3  1  1  1 -1 -1   12   4   4   3   3   6   4   3   3   4   4   3   3   3  15  13   7   2   2   4  0.16 0.17
  255 V    0 -2 -2 -2  2  1 -2 -3  2  0  0  0  2  1  1  0  0 -2  1  0    7   0   0   0   7   7   0   0   7   7   7   7   7   7   7   7   7   0   7   7  0.10 0.14
  256 K    0 -1 -2 -3 -7 -1 -2 -3 -2 -4 -4 -2 -2 -7  7  0 -1 -7 -3 -2    8   4   2   1   0   3   3   2   1   1   2   3   1   0  54   6   4   0   1   3  1.31 0.79
  257 I    0  0 -1 -1 -1  0 -1 -4 -2  3  0 -1  0 -1 -1 -1 -1 -4 -2  3    6   4   3   3   1   4   4   0   1  17   9   5   2   3   3   4   4   0   1  25  0.25 0.23
  258 P   -3 -6 -6 -3  0 -3 -3 -4 -6 -3 -3 -2 -6 -3  8 -3 -3 -7 -1 -3    2   0   0   2   2   2   2   2   0   2   3   2   0   1  70   2   2   0   3   3  2.00 1.05
  259 N    0  1  0  1 -1  1  1 -2  1  1  0  0 -1  0 -1 -1  0 -3 -1  1    7  11   4   7   1   5   8   2   4   8   9   5   1   4   2   3   6   0   2  11  0.05 0.08
  260 I   -1 -2 -2 -2  0 -1 -2 -2  0  0  0 -2  1  2  3 -2 -3  4  3  1    6   3   2   2   2   2   3   3   2   6   9   2   3  10  15   3   0   6   9  12  0.29 0.25
  261 E    0  0 -1  0  0  1  1  0  1  0  0  0  1 -1 -1  0 -1 -3  0  0    8   6   3   4   2   7  11   9   4   6   7   5   4   3   2   6   3   0   3   7  0.03 0.06
  262 Y   -1 -1 -1 -2  0 -1 -1  2  1 -1  0 -1  0  2 -1 -1 -1  2  3  0    5   3   2   2   2   3   4  16   3   4   8   3   3   9   3   4   4   3  12   6  0.13 0.15
  263 S    0  0 -1 -2 -1  0  0 -1  1  1  0  0 -1 -1  2  0  0 -4 -1  1    7   6   2   2   1   4   7   4   3   9  10   4   1   3   9   6   5   0   2  13  0.08 0.08
  264 Y    0 -1 -1 -1  0 -1 -1  2  3 -2 -2 -3 -4  2  2  0  0  3  2 -1    7   4   3   4   2   2   3  17   6   2   3   1   0   7   9   8   5   3   8   4  0.24 0.20
  265 I    0  0 -1  0 -1  0  1 -2  0  0  0  0 -1 -1  2  0  0 -2 -2  1    7   5   2   6   1   4   9   2   3   5  10   7   1   3  10   6   7   0   1  11  0.07 0.08
  266 S    0 -1  0  3 -3  0  1  2 -1 -4 -3 -2 -5 -5  2  1 -1 -1 -4 -4    8   4   5  17   1   4  10  16   1   1   3   2   0   1  11  11   3   1   1   2  0.38 0.29
  267 D   -1 -1  1  3 -2 -1  2  0 -1 -3 -3  0 -3  0  1  0  0 -3  2 -3    6   4   7  17   1   3  12   7   2   1   2   6   1   4   6   6   5   0   6   2  0.24 0.20
  268 E   -2  0  0  1 -5 -1  3  2 -2 -5 -5 -1 -4 -5  5 -3 -1 -1 -5 -3    3   5   5   8   0   3  16  15   1   1   1   3   1   0  29   2   4   1   1   2  0.73 0.47
  269 L   -1  0 -2 -3  0 -1 -2 -1  1 -1  0 -1  0  2  1 -2  0  7  2 -1    5   5   2   2   2   3   3   5   3   4  10   4   2   8   7   4   5  14   8   4  0.33 0.23
  270 S    0  0 -2 -1 -2 -1 -2  0  1 -1 -1 -2 -2 -2  5  1 -1  0 -3  0    6   5   2   4   1   3   3   8   3   3   6   2   1   2  28  10   4   1   1   7  0.41 0.30
  271 I   -1 -4 -7 -7  3 -5 -6 -3 -4  1 -1 -5 -4  7 -5 -4 -3  5  3  1    5   1   0   0   6   1   1   3   0   7   5   1   0  43   1   1   2   6   8   9  1.29 0.62
  272 L    2 -6 -5 -6  1 -4 -5  0 -4  1  1 -5  4  1 -5  1  0 -2  0  3   15   0   0   0   3   1   0   6   0   8  14   0   9   6   1  10   5   1   3  18  0.43 0.30
  273 G    2  0 -5 -6 -3 -4 -5  5 -6  1 -3 -3 -2 -5  0 -2 -3 -6 -1  1   15   5   1   0   1   1   1  41   0   7   3   2   1   0   5   3   2   0   2  11  0.78 0.45
  274 Y   -5 -5 -5 -8  0 -5 -6 -7  4 -5 -4 -7 -2 -1 -8 -5 -3  2  9 -4    1   1   1   0   2   1   1   1   9   1   2   0   1   2   0   1   2   2  71   1  2.74 1.18
  275 K   -2  5 -2 -1 -8 -1  0 -6  0 -6 -6  2 -7 -6  5 -2 -1 -8 -4 -5    4  27   2   4   0   2   7   1   2   0   1  10   0   0  30   4   5   0   1   1  1.04 0.63
  276 E   -3  1 -5 -8 -3 -2 -3 -5 -2 -2  1  4  4  1 -5 -6 -5  8  2 -3    3   8   1   0   1   2   2   1   1   2  15  20   8   6   1   1   1  18   7   2  1.01 0.56
  277 I   -6 -8 -6 -6 -7 -5 -8 -9 -8  6  4 -8 -1 -2 -8 -5 -5 -8 -5  2    1   0   1   1   0   1   0   0   0  38  39   0   2   2   0   1   1   0   0  13  1.60 0.73
  278 K   -1 -1 -1  0 -4 -1  2 -4  1 -3 -4  1 -3 -6  6  0 -3 -3 -5 -3    5   3   3   5   1   3  13   2   4   2   2   8   1   0  37   7   2   1   0   3  0.83 0.54
  279 G   -5 -6 -8 -9 -9 -9 -9  8 -9 -4 -10 -9 -9 -10 -9 -5 -6 -9 -10 -6    1   1   0   0   0   0   0  93   0   1   0   0   0   0   0   1   1   0   0   1  2.99 1.30
  280 T   -1  2 -1  0 -2  1  3 -5 -2  0 -4  1 -2 -3 -4 -1  2 -2 -3  2    5  10   3   5   1   5  20   1   1   6   2   8   1   1   1   5  12   1   1  13  0.37 0.28
  281 F   -2 -2 -2 -3 -2 -1 -1 -4  1 -3 -4 -3 -2 -1  6  1  1 -2 -3 -2    4   3   2   2   1   3   4   1   3   2   2   2   1   3  42  11   8   1   1   4  0.97 0.58
  282 L    1 -4 -4 -6 -1 -3 -5 -4 -5  0  5 -5  1  1 -1 -4 -4  2 -3 -1   10   1   1   1   1   1   1   2   0   5  53   1   3   6   3   2   1   3   1   5  0.98 0.48
  283 T    0 -2  1  2 -1 -1  0 -1  0 -2 -1 -2 -2 -1 -3  2  3  4 -1 -2    7   2   6  11   1   3   5   6   2   3   7   2   1   2   1  15  15   5   3   2  0.25 0.19
  284 P    0  3 -1  1 -4 -1  2 -1 -1 -2 -2  1 -3 -3  3 -1 -1 -1 -2 -1    7  13   3   7   0   3  14   5   2   3   5   8   1   1  13   5   4   1   1   4  0.23 0.17
  285 E    2  0 -1  2  0  1  3 -1  1 -2 -2 -1 -3 -2 -2 -1 -2  2  0 -2   16   5   3  11   2   5  19   4   3   3   4   3   1   2   3   5   3   3   3   3  0.26 0.18
  286 I    0  0  0  0  0  0  0  0  0  0  0  0  0 -1  1  0  0  0 -1  0    8   7   5   6   3   5   5   6   2   7  10   3   2   3   6   6   6   1   2   7  0.02 0.01
  287 Y    0 -1 -2 -1 -2 -1 -2 -1  0  1  2 -2  0  2  1 -2 -2  3  3  0    7   4   2   4   1   2   3   5   3   9  17   3   2  10   6   2   2   3   9   5  0.16 0.12
  288 S    2  1  0  1 -1  0  0 -1  1 -1  0  0 -1 -2  0  1  0 -1 -2 -1   18   7   4   8   1   4   6   4   3   3  10   4   1   2   5   9   4   1   1   4  0.09 0.10
  289 T    1  1  1  1 -2  0  0  0  1 -2 -2  1 -2 -3  0  1  1 -4 -1 -1   11   9   7   8   1   4   6   7   3   2   4   8   1   1   5  11   9   0   2   3  0.13 0.12
  290 M   -1  0 -2 -2 -1 -2 -3 -2 -1  2  4 -3  2 -1 -1 -2 -1  1 -3  1    5   6   2   2   1   2   2   4   1  11  35   1   5   2   4   4   3   2   1   7  0.33 0.21
  291 S    0 -2  1  2 -2 -1 -1  0 -2 -3 -4 -2 -4 -3  3  3  2 -5 -4 -2    8   3   6  11   1   2   3   7   1   1   2   2   0   1  13  23  11   0   0   2  0.40 0.31
  292 E    0  0  0  2 -2 -1  2  0  1 -2 -2  0 -1 -2  2  0 -1 -1 -2 -1    9   6   4  11   1   2  15   8   3   2   4   4   2   1  11   6   4   1   2   4  0.16 0.14
  293 E    1  0  0  1 -2  1  2 -2  1 -1 -2  0 -2 -3  2  0  0 -2 -2 -1   13   4   3   8   1   5  16   3   3   4   4   6   1   1   9   7   6   1   1   5  0.17 0.16
  294 E    1  0  0  3 -2  2  2 -1  0 -2 -2 -1 -1 -2 -1 -1  0  0 -3 -1   12   4   5  17   1   9  15   5   2   2   3   3   2   2   3   3   6   1   1   5  0.23 0.20
  295 Q   -2  5 -2 -1 -3  3 -1 -2 -1 -3 -1  2 -2 -2  1 -2 -2  1 -2 -1    4  28   1   3   1  11   4   4   1   1   6  12   1   2   6   3   2   2   1   6  0.43 0.30
  296 N    1  0  1  2 -2  1  2 -1  0 -2 -2  1 -1 -2  0  0  0 -2 -2 -2   11   6   7  10   1   7  13   5   2   2   4   7   1   1   5   6   7   1   1   2  0.15 0.14
  297 L    2  3  0 -1 -2  1  0  0  1 -2 -1  1 -1 -2 -1  0  0 -4 -1 -1   18  15   4   3   1   7   5   6   3   1   6   7   2   2   3   7   5   0   2   4  0.16 0.16
  298 L    1 -4 -3 -4 -1 -3 -3 -3 -2  3  3 -4  0  2 -3 -1 -2 -1 -1  2   12   0   1   0   1   1   2   2   1  17  29   0   2   8   1   5   1   1   2  14  0.41 0.26
  299 K    6 -5 -5 -5 -1 -3 -4  1 -2  0 -1 -2 -2 -2 -4 -2 -2  1 -5  1   57   0   0   0   1   1   1   8   1   5   5   2   1   2   1   2   2   2   0   8  0.91 0.53
  300 R    0  2  0  1 -2  1  1  0  0 -1 -1  1 -1 -1  0  0  0 -2 -1 -1   10  13   3   8   1   4  12   7   2   3   4  10   1   4   3   6   5   1   2   3  0.10 0.10
  301 D    0  0 -2  2 -3  5  1 -2 -1 -1 -2 -1  0 -5  1  0  1 -5 -4 -1    7   5   1  12   1  25   7   2   1   3   4   3   2   0   7   7   7   0   0   4  0.36 0.31
  302 I   -2 -5 -3 -6 -1 -5 -4 -6 -5  3  5 -3  2  0 -5 -4 -2 -1 -2  0    3   0   2   0   1   0   1   0   0  14  59   1   4   3   0   1   2   1   1   6  0.97 0.48
  303 A    5 -3 -2 -5 -4 -4 -4  4 -5 -2 -3 -4 -4 -3 -2  0 -1 -5 -5 -2   50   1   2   0   0   0   0  27   0   3   2   0   0   1   2   6   3   0   0   3  0.97 0.52
  304 S    1  3  0  2 -1  1  2 -1  1 -2 -2  0 -1 -3 -3  0  0 -4 -2 -2   12  17   3  10   1   6  13   5   3   1   5   4   1   1   0   7   6   0   1   3  0.20 0.17
  305 F   -1 -6 -6 -6 -1 -6 -4 -6 -5 -1  0 -6 -1  8 -6 -4 -3  0  0 -2    5   0   0   0   2   0   1   1   0   3   7   0   1  70   0   1   2   1   2   2  1.87 0.72
  306 L   -3 -3 -4 -6 -2 -5 -5 -6 -2  1  6 -5  2 -1 -5 -5 -3 -5 -2  0    1   2   1   0   1   0   0   0   1   7  69   0   4   2   0   0   1   0   1   6  1.19 0.54
  307 R    2  3  1 -1 -2  0 -1 -1  0 -2 -2  2 -2 -3 -2  1  1 -2 -1 -2   19  15   7   3   1   3   2   4   2   2   3  12   1   1   1  11  10   1   2   2  0.23 0.20
  308 Q    3  0 -2 -1 -1  2  3 -1 -1 -2 -3 -1 -2 -3 -3  0  0  0 -1 -1   27   4   1   3   1  10  21   3   1   2   2   3   1   1   0   4   7   1   2   4  0.33 0.27
  309 M   -3 -4 -4 -5 -3 -3 -4 -5  1  1  5 -4  2  1 -4 -4 -1 -3  1  1    0   0   0   0   0   0   0   0   4   7  61   0   5   5   0   0   4   0   4   6  0.76 0.37
  310 H   -2  0  0 -1 -5  1 -1 -4  9 -5 -5 -1 -4 -4 -4 -1 -4  2  1 -5    4   4   3   3   0   5   3   0  62   0   1   3   0   0   0   5   0   3   3   0  1.61 0.61
  311 G    1  1  0  0  0  1  0  0  0 -2 -2  0 -1 -1 -1  3  1 -3 -2 -1   13   9   2   5   2   5   5   7   2   2   2   3   2   3   2  26   9   0   0   2  0.17 0.16
  312 L    0 -2 -3 -2  0 -1 -2 -3  0  2  1 -1  1  3 -1 -2  0  0  1  2   10   2   0   1   2   3   2   1   2  16  11   4   3  12   3   2   6   1   4  13  0.18 0.15
  313 D   -2 -2  0  4 -3 -4  0 -3 -3 -10 -7 -1 -3 -10  7  0 -2 -10 -10 -5    4   2   4  17   1   1   6   3   1   0   1   5   1   0  43   7   2   0   0   1  1.29 0.76
  314 Y    1 -2 -3 -5 -3 -2 -2 -3  0  1  1 -3  0 -3  3 -3  0 -2  1  3   12   2   2   1   1   2   3   2   3   7  14   2   2   1  15   2   7   1   4  18  0.37 0.26
  315 T    1 -2  0  3 -2 -1  2 -1 -1 -4 -4 -1 -3 -3  1  1  0 -7 -2 -2   13   2   4  17   1   3  13   5   2   1   2   4   1   2   7  11   7   0   2   3  0.32 0.29
  316 D    0  0  0  3 -2  0  3  1  0 -2 -3  1 -3 -2  0 -1 -1  0 -3 -1    7   5   4  13   1   5  16   9   2   2   3   8   1   2   5   6   3   1   1   4  0.22 0.21
  317 I    4 -4 -3 -2 -2 -3 -1 -1 -1  2  2 -3  0  1 -2 -2 -3 -1 -2  1   27   1   1   2   1   1   4   5   2  10  17   2   2   6   2   3   2   1   1  10  0.41 0.28
  318 S    1  2  1 -1 -2  0  1 -2  0 -1 -2  0 -1 -2  3  0 -2 -1 -1 -2   12  10   6   4   1   4   8   4   2   4   5   6   2   2  15   7   3   1   2   4  0.19 0.20
  319 E    1  1  0  1 -2  1  1  1  1 -3 -2  0 -2 -1  2  0  0  0 -2 -2   11   7   4   8   1   5  10  10   3   2   5   6   1   3   9   6   5   1   2   3  0.12 0.14
  320 C    1 -1  0 -1  2 -2  0 -1  1  0  1 -2 -1  0  1  0 -1  1  0 -1   12   3   4   3   4   2   5   4   3   6  15   2   1   4   8   7   4   2   4   5  0.09 0.09
  321 T    0  0  1  2 -1  0 -2  4 -1 -2 -2 -2  0 -3  2 -2 -1 -1 -2 -2    7   5   5   9   1   4   3  29   2   2   4   3   2   1   9   3   4   1   1   4  0.38 0.30
  322 I    0 -2 -2 -3 -7 -1 -2 -2 -1  3  2 -3 -1  0  2 -3 -3  0 -1  3    8   2   2   2   0   3   3   4   1  16  15   2   1   4   9   2   2   1   2  19  0.38 0.26
  323 D   -3  0 -1  3 -3 -1  1 -1  4 -5 -4 -2 -2 -1  4 -1 -1 -1 -1 -2    2   6   3  15   1   3   9   5   8   1   3   3   1   2  22   5   4   1   2   3  0.53 0.41
  324 N   -1  1  2  2 -7 -1  0  0  2 -3 -2 -1 -3 -1  2 -1  0  3  0 -1    6   7   8   9   0   3   7   7   5   2   5   4   1   2  10   5   7   4   3   5  0.17 0.18
  325 K   -1  4 -3  1 -8  0  0 -1 -1 -1 -2  1 -2 -1  2 -1 -3  0  1 -2    6  23   1   9   0   4   5   5   1   4   5   9   1   3   9   5   2   1   4   4  0.35 0.29
  326 Q    1  1 -1  3 -3  1  2  0  1 -4 -2  0 -1 -2  0  0  0 -1 -1 -3   10   7   3  13   1   7  13   7   3   1   4   6   2   2   5   6   6   1   2   2  0.20 0.20
  327 N   -1  1  1  3 -2  0  1 -1  0 -3 -2 -1 -2 -1  2 -1  0  2  2 -1    6   7   7  14   1   4   9   5   2   2   5   3   1   3   9   4   5   3   6   4  0.17 0.17
  328 V   -1  0 -2 -1 -1 -2 -3 -2 -1 -1  1 -4  1  1  0 -1 -2  9  2 -1    6   5   2   4   1   2   2   3   2   4  12   1   3   5   5   4   3  22   7   5  0.69 0.45
  329 L    1  4 -2 -2 -3  0  1 -3  1 -1  1 -1  0 -1  0 -2  0  0 -2 -1   10  18   2   2   1   4   8   3   3   4  15   4   2   3   5   3   5   1   2   5  0.21 0.19
  330 E    1  1  0  2 -3  2  3 -1  1 -5 -3  1 -3 -3 -2 -1  0 -1 -2 -3   10   8   4  12   1   7  20   4   3   1   4   7   1   1   2   6   5   1   2   2  0.34 0.30
  331 E   -1  3 -1  2 -3  0  2 -4  0 -1  2 -1  0  1 -2 -2 -3  1 -1 -2    5  14   3  12   1   4  13   2   2   4  16   4   2   5   2   3   2   2   2   3  0.28 0.23
  332 Y   -1  0 -1 -1  1  0 -2 -2  2  0  0 -2  2  2 -2 -2 -1  4  4 -1    6   5   3   4   3   4   3   3   5   5  10   3   4   9   3   3   4   5  15   5  0.31 0.22
  333 I    1  0  0  0  1  1  1 -2  1  0 -1  0  1 -1  0 -1  0  2 -1  0   12   5   4   6   3   7   9   3   3   5   5   6   4   3   5   4   6   3   3   6  0.07 0.08
  334 L    0  3  0  1 -7  1  2 -2 -1 -3 -1  1  0 -2 -2  0 -1 -2 -2 -2    8  17   4   7   0   7  13   4   2   2   7   8   2   2   2   6   4   1   1   3  0.26 0.23
  335 L    0  1 -1 -2 -1 -3 -1 -5 -1  3  2 -3  2  0 -5 -2  0  0 -3  2    7   8   3   3   2   1   4   1   2  12  21   1   4   4   1   4   5   1   1  15  0.33 0.22
  336 R    0  5 -3 -3 -3  1  1 -5  0 -1  0  2  0 -1 -4 -3 -1 -2  1 -1    7  29   1   2   1   6  10   1   2   4   8   9   2   2   1   2   4   1   4   4  0.54 0.38
  337 E    1  2  0  1 -8  2  4 -2 -1 -5 -4  1 -1 -4  0 -1 -1 -2 -4 -4   10  10   4   7   0   8  26   3   2   1   2   7   1   1   4   5   4   1   1   2  0.48 0.39
  338 T    2  3 -1 -1 -2  1  0 -3  1 -1  0  2  0 -2 -4 -1  0 -2  0 -2   14  13   3   4   1   7   7   2   3   3   8  10   2   2   1   5   7   1   4   3  0.19 0.18
  339 I    1 -4 -5 -3  0 -3 -3 -4 -2  3  4 -4 -1 -1 -4 -4 -2 -1 -3  3    9   1   1   2   2   1   2   2   1  16  32   1   2   3   1   2   2   1   1  18  0.68 0.40
  340 Y    2  0 -3 -1 -2  0  0 -2  0 -2  0 -3 -1  4 -1 -1 -1  0  3 -1   17   5   1   4   1   5   7   3   2   3  10   2   1  15   3   5   4   1   8   4  0.26 0.21
  341 N   -1  1  1  1 -2  0  0 -1  0 -5 -4 -1 -2 -3  5  0 -2 -8 -4 -2    6   8   6   7   1   5   7   6   2   1   3   5   1   2  26   8   2   0   1   3  0.48 0.40
  342 D   -1  1 -2  0 -2  0  0 -2  4 -1  2 -1  0  0 -4 -1 -1 -1  2 -1    6   7   2   5   1   5   7   4   9   3  21   4   2   4   1   4   3   1   7   4  0.22 0.18
  343 L   -2 -2 -5 -3 -1 -3 -3 -2 -3  2  5 -4  3  0 -3 -4 -4 -2 -4  1    4   3   1   2   1   2   2   3   1   9  45   1   6   4   2   2   1   1   1  10  0.81 0.47
  344 T    0  1  1  2 -7 -2  0  0 -1 -2 -2 -1 -2 -4  3  1  2 -1 -3 -3    7   6   6  11   0   2   6   7   2   3   4   4   1   1  12  12  11   1   1   2  0.25 0.24
  345 D    0  1  0  1  1  2  1 -1  1 -1 -2  0  0 -5  2 -1  0  2  0 -1    8   6   5   8   3   8   9   4   4   4   4   6   3   0   9   6   5   3   4   4  0.13 0.14
  346 I    0  0  0  1  1  0  1 -1  3  0  0  0  0  0  0 -1 -1  2  0  0    6   5   3   8   3   3   8   5   7   6   7   5   3   3   4   5   3   3   4   8  0.04 0.04
  347 E    1 -1 -3  2 -3  2  3 -2  1  0  0 -1 -1 -3 -2 -1 -1 -2 -2  0   13   3   1  10   1  10  15   3   3   4  10   3   1   1   2   4   4   1   1   7  0.23 0.21
  348 K    0  5 -3 -2 -1  3 -1 -3 -2 -2 -1  2  0 -3  0 -3 -1 -2 -2 -1    8  26   1   3   1  11   4   3   1   3   6  11   2   1   5   2   4   1   2   4  0.49 0.36
  349 D    1  2  0  2 -7  1  3 -1  1 -3 -2  1 -3 -4  0 -1  0 -3 -3 -2   13   9   5  10   0   6  15   4   3   2   4   8   1   1   4   5   5   1   1   3  0.26 0.24
  350 Y    2  1 -2 -1 -2  0  0 -2  1 -1  0 -1 -2  0 -2 -3  0  6  1  0   14   8   2   4   1   5   6   4   3   4   9   3   1   4   2   2   6   9   5   6  0.22 0.19
  351 I    1 -3 -8 -4  0 -5 -5 -4 -2  4  3 -6 -1 -1 -5 -3 -2  2 -2  3   10   2   0   1   2   1   1   2   1  23  22   1   1   3   1   3   3   2   1  20  0.76 0.42
  352 E    0  3  0  1 -3  1  4 -4  1 -3 -1  0 -3 -4 -3 -2  0 -2 -3 -3    9  13   4   9   1   7  23   2   3   2   6   6   1   1   2   4   7   1   1   2  0.40 0.33
  353 S    2  3  0  1 -2  1  1 -2  2 -3 -2  0 -1 -3 -3  0 -1  1 -2 -3   14  15   5   8   1   5   8   4   5   2   4   6   1   2   2   8   5   2   2   2  0.23 0.21
  354 F   -1 -3 -4 -4 -2 -4 -2 -6 -1  1  2 -4  1  6 -4 -4 -3  6  2  0    6   2   1   1   1   1   3   1   1   8  16   2   3  27   1   2   2  10   5   7  0.89 0.49
  355 M   -1 -2 -3 -2 -2  0  1 -3  0  1  2 -3  0  4 -3 -3 -2  6  1 -1    5   3   1   3   1   4  10   2   2   7  18   2   3  13   2   2   2  11   4   5  0.48 0.31
  356 E    1  1  0  3 -8  0  4 -2  1 -4 -4  0 -3 -4 -3  0 -1  2 -7 -5   12   8   4  13   0   5  23   4   3   1   2   5   1   1   2   7   5   3   0   1  0.49 0.38
  357 R    0  3  0 -1 -7  1  0 -3  0 -1 -3 -1 -1  4 -1 -2 -2  3  3 -2    9  14   4   4   0   7   7   2   2   4   2   3   2  14   3   4   3   4   9   3  0.35 0.26
  358 L    0 -3 -4 -7  0 -4 -4 -3 -2  1  4 -4  0  3 -2 -4 -3  2  1  0    9   2   1   0   2   1   1   3   1   7  40   1   2  10   3   2   2   2   5   6  0.69 0.39
  359 N    2  0  1  1 -2  0  1 -2  1 -1  0 -1 -1 -1 -2  0 -1  0 -3 -1   15   6   7   9   1   4  10   4   3   3  10   4   1   2   3   8   3   1   1   5  0.11 0.12
  360 A    2 -1  2  3 -1  0  1 -1  0 -2 -2 -1 -2 -4 -1  1  0 -7 -2 -2   17   4  10  14   1   4   8   5   2   2   5   3   1   1   4   9   6   0   2   3  0.23 0.22
  361 T    2 -2 -1  2 -2 -2  1 -3 -1  0  0  0 -1 -4  3  0  0 -2 -2 -2   14   2   3  11   1   2   9   3   2   5   9   5   1   1  15   6   6   1   2   3  0.23 0.22
  362 T    1  1 -2  0 -3  0  1  0 -1 -2 -1 -1 -1 -3  3  1  0 -3 -4 -2   12   7   2   6   1   4   8   7   2   3   6   4   2   1  16   9   6   0   1   3  0.22 0.22
  363 V    0 -1  2  0  0 -1  0 -2  1 -1  0 -1 -1  0  2  0 -1 -2  0 -1    8   4  11   5   2   3   6   4   4   4   9   4   2   4  10   7   4   1   4   5  0.09 0.10
  364 F   -2 -1 -2 -1 -4  0 -1 -3  2 -2  0 -2 -1  5  1 -1 -2  7  0 -2    4   3   2   4   0   4   5   2   4   2  10   2   2  18   8   5   3  15   3   4  0.62 0.39
  365 E    1  0  1  2 -4  2  1 -2  1 -3 -3  1 -3 -5  2  2  0 -7 -7 -4   11   5   6  12   0   7  10   3   3   2   3   7   1   1  10  12   5   0   0   2  0.32 0.29
  366 G   -1  0 -2 -1 -2 -2 -1  2  3 -1 -1 -1 -3  4  1 -2 -2  0  4 -2    5   5   2   3   1   2   4  14   6   4   6   3   1  14   8   4   3   2  11   3  0.32 0.23
  367 K    0  3  0  1 -7  1  2 -3  0 -4 -5  2 -4 -3  4 -1  1 -3 -3 -2    7  13   4   7   0   5  11   2   2   1   1  10   1   1  17   5   8   0   1   3  0.43 0.35
  368 K    0  0 -1 -2 -3 -1 -2 -4 -2 -4 -1  0 -1 -3  6  0  1 -2 -5 -3    7   6   4   2   1   3   3   2   1   1   8   5   2   1  39   6   7   1   1   2  0.81 0.57
  369 C    1  0 -8 -9  5 -5 -6 -4 -4 -3 -4 -2 -1 -4 -8  0  3 -9 -5  6   13   5   0   0   9   1   1   2   1   1   2   3   1   1   0   6  14   0   1  40  1.10 0.64
  370 L   -4 -6 -10 -10 -4 -9 -10 -10 -9  1  5 -9  0  3 -2 -9 -5  7 -1  1    2   1   0   0   0   0   0   0   0   7  46   0   2  11   3   0   1  15   2  10  1.53 0.76
  371 C   -4 -3 -5 -10  4 -5 -9 -3 -4  5  1 -6 -2 -3 -10 -3  0 -10 -9  4    2   2   1   0   7   1   0   2   1  31  15   1   1   1   0   3   5   0   0  28  1.23 0.60
  372 H   -7 -6 -3 -6 -12 -10 -10 -11 12 -12 -11 -11 -11 -3 -11 -11 -11 -11 -1 -12    1   1   1   1   0   0   0   0  92   0   0   0   0   1   0   0   0   0   2   0  4.61 1.88
  373 N    0 -3  2 -4 -1 -4 -8  7 -3 -7 -9 -6 -3 -3 -9 -3 -4 -4 -5 -9    7   2  10   1   1   1   0  68   1   0   0   0   1   2   0   2   2   0   1   0  1.81 0.86
  374 D   -6 -10 -2  9 -12 -8 -4 -5 -9 -11 -12 -9 -11 -12 -10 -5 -9 -13 -11 -11    1   0   2  94   0   0   1   1   0   0   0   0   0   0   0   1   0   0   0   0  3.40 1.42
  375 F   -5 -9 -10 -10 -3 -9 -9 -3 -9  1  6 -9  1  5 -3 -9 -5 -8 -6  0    1   0   0   0   1   0   0   3   0   6  60   0   3  18   2   0   1   0   0   5  1.59 0.75
  376 S   -1 -3 -1 -1 -2 -3 -5  3  7 -6 -5 -2 -4 -5 -5  1  0  2  2 -5    6   2   3   4   1   1   0  24  24   0   2   3   0   0   1  12   5   2   7   1  0.93 0.53
  377 C    2 -3 -4 -4  0 -4 -2  1 -1  0 -2 -5 -3 -1  5  0  0 -2  0 -1   14   1   1   1   2   0   3  10   1   5   4   0   1   3  30   8   6   1   3   5  0.59 0.41
  378 N    0  3  0  2 -4  0  3  2 -1 -7 -5 -1 -4 -3 -4  1 -4  3  0 -3    7  13   5  12   0   3  18  14   2   0   1   4   0   1   1  10   1   4   3   2  0.44 0.33
  379 H   -6 -4  7 -8 -4 -5 -8 -9  9 -11 -11 -8 -10 -10 -10 -6 -9 -11 -8 -11    1   1  49   0   0   1   0   0  47   0   0   0   0   0   0   1   0   0   0   0  3.26 1.35
  380 L   -6 -8 -9 -9 -3 -8 -9 -9 -9  6  3 -8  3  0 -8 -5 -2 -2 -4  3    1   0   0   0   1   0   0   0   0  42  22   0   7   3   0   1   2   1   1  19  1.51 0.68
  381 L   -2 -6 -9 -10 -8 -8 -9 -10 -9  3  6 -9  0  0 -9 -8 -7 -8 -2 -1    4   1   0   0   0   0   0   0   0  13  71   0   2   3   0   0   0   0   1   5  1.81 0.82
  382 L   -2 -4 -7 -8  0 -7 -6 -6 -1  3  0 -7 -1  4 -7 -6 -2  5  3  5    3   1   0   0   2   0   0   1   2  13  10   0   2  13   0   1   3   6  10  33  1.02 0.51
  383 D   -2 -2  3  7 -3 -2 -1 -2  0 -5 -5 -3 -3 -5 -5  0 -1 -5 -5 -4    4   2  13  51   1   2   4   4   2   1   2   2   1   1   1   6   3   0   0   1  1.26 0.58
  384 G    1  1 -1  2 -4  0  2  1  2 -5 -5  0 -5 -5  4  0 -2 -4 -4 -4   11   7   3  10   0   4  15  10   4   1   1   6   0   0  17   6   2   0   1   1  0.43 0.31
  385 N    0  1  2  3 -3  1  3 -3  2 -5 -6  1 -6 -7 -3  0  2 -7 -6 -4    7   7  10  18   1   6  16   2   4   0   1   8   0   0   2   7  10   0   0   1  0.53 0.37
  386 N   -3  0  2 -1 -3  1 -2  5  1 -7 -5  1 -5 -7 -3 -1  0 -4 -3 -6    2   6   9   4   1   6   3  45   3   0   1   8   0   0   2   4   5   0   1   0  0.88 0.50
  387 R    0  5 -1 -2 -7  2  1 -1  2 -4 -5  2 -3 -5 -4 -1  0 -4 -3 -3    7  34   3   3   0   7   9   4   5   1   1  12   1   0   1   4   6   0   1   2  0.70 0.41
  388 L   -3 -5 -7 -5 -6 -4 -7 -7 -4  5  5 -4 -2 -3 -1 -6 -5 -7 -6  3    2   1   0   1   0   1   0   0   0  26  43   1   1   1   3   0   1   0   0  19  1.22 0.57
  389 T    2 -3  1 -5  2 -3 -4 -3 -2 -1 -2 -3 -4 -5 -5  3  4 -7 -5  1   14   2   7   0   4   1   1   2   1   4   4   1   0   0   0  20  28   0   0   8  0.64 0.42
  390 G    2 -7 -4 -8 -8 -4 -6  7 -8 -9 -9 -8 -9 -9 -8 -4 -6 -9 -9 -6   14   0   1   0   0   1   1  80   0   0   0   0   0   0   0   1   0   0   0   1  2.36 0.99
  391 I   -5 -9 -9 -9 -4 -9 -9 -6 -9  6 -1 -9 -1 -3 -9 -8 -5 -9 -7  6    1   0   0   0   0   0   0   1   0  39   6   0   1   1   0   0   0   0   0  50  2.01 0.84
  392 I   -8 -6 -10 -10 -8 -9 -10 -10 -10  8  0 -9 -5 -1 -10 -9 -5 -3 -1  0    0   1   0   0   0   0   0   0   0  79   9   0   0   2   0   0   1   1   3   5  2.53 0.99
  393 D   -9 -9 -3  9 -11 -8 -6 -2 -9 -11 -11 -8 -11 -11 -9 -6 -8 -12 -11 -11    0   0   1  95   0   0   0   4   0   0   0   0   0   0   0   1   0   0   0   0  3.37 1.33
  394 F   -7 -10 -11 -11 -10 -10 -11 -10 -9 -8 -6 -11 -8  8 -6 -10 -10 10 -3 -9    1   0   0   0   0   0   0   0   0   0   1   0   0  57   1   0   0  40   1   0  3.69 1.37
  395 G    0 -7 -3 -3 -8 -5 -1  6 -3 -8 -6 -7 -8 -8 -7  2  2 -2 -8 -7    6   0   1   2   0   0   5  57   1   0   1   0   0   0   0  15  11   1   0   0  1.45 0.72
  396 D   -4 -5  0  7  0 -2  0 -1 -1 -7 -4 -6 -5 -3 -7 -1 -2 -9 -6 -5    2   0   4  62   2   2   7   6   1   0   2   0   0   1   0   5   3   0   0   1  1.57 0.75
  397 S    4 -3 -6 -6  2 -4 -5 -5 -4  0  1 -5  4 -3 -3  1  0 -3 -3  2   37   1   0   0   4   0   0   0   0   6  11   0   8   1   1  10   5   1   1  14  0.71 0.46
  398 G    2  0 -2 -3  5  1 -1  3  4 -3 -4 -2  1 -4 -5 -1  1 -2 -5 -3   15   6   2   1  10   7   4  22  10   1   1   2   3   1   0   4   8   1   0   2  0.52 0.35
  399 I   -1 -3 -7 -7 -3 -5 -5 -5 -3  5  2 -4  0  1 -5 -3 -1  1  0  3    6   2   0   0   1   0   0   1   1  32  20   1   2   5   1   2   3   2   3  20  0.80 0.42
  400 I    0 -5 -2 -2 -2 -7 -6  7 -2 -6 -7 -6 -5 -5 -8  0 -1 -4 -2 -6    7   1   2   2   1   0   0  71   1   0   1   0   0   1   0   6   4   0   2   1  1.72 0.80
  401 D   -7 -5  0  8 -10 -4 -2 -8  2 -7 -10 -6 -9 -9 -2 -4 -5 -10 -6 -8    0   1   4  83   0   1   2   0   5   0   0   0   0   0   2   1   1   0   0   0  2.64 1.11
  402 E   -3  0 -6 -6 -3 -6 -5 -7 -8 -5 -4 -5 -6 -7  8 -6 -6 -10 -4 -4    2   6   0   0   1   0   1   0   0   1   3   1   0   0  82   1   0   0   1   1  2.68 1.18
  403 Y    7 -6 -6  0 -3 -7 -5 -3  2 -4 -6 -7 -4 -4 -7 -1 -4 -1 -1 -4   75   0   0   5   0   0   1   2   4   1   0   0   1   1   0   5   1   1   2   1  1.75 0.87
  404 C   -1  0 -3 -4  3  0 -3 -4  0  2  1 -2  0  2 -5 -2  0  1  4  1    4   7   1   1   7   4   2   1   2  11  14   2   2   7   0   3   6   2  14  12  0.30 0.22
  405 D   -8 -8 -4  9 -10 -7  0 -8 -8 -9 -10 -7 -9 -10 -8 -7 -8 -10 -5 -9    0   0   1  92   0   0   6   0   0   0   0   0   0   0   0   0   0   0   0   0  3.19 1.27
  406 F   -5 -7 -8 -8 -4 -7 -8 -8 -4  0  4 -8 -2  7 -7 -7 -6 -1  0 -2    1   0   0   0   0   0   0   0   0   5  38   0   1  46   0   0   0   1   3   3  1.81 0.76
  407 I    5 -2 -3 -5  0 -3 -4  1 -2  1 -1 -4  0 -5 -4  1 -1 -1 -3  1   44   2   1   0   2   1   1   8   1   7   5   1   2   0   0  10   4   1   1   8  0.63 0.40
  408 Y    0  0 -3 -3  1 -3 -2  2 -1  1 -1 -3  0  1 -1  0 -1  4  3  1    9   5   1   1   3   1   3  17   2   9   6   1   2   5   3   6   4   6   9   9  0.20 0.17
  409 L    2 -5 -5 -3 -3 -3 -4 -2 -3  3  4 -5  1  1 -3 -4 -3 -1 -4  1   16   0   0   2   1   1   1   3   1  14  40   1   3   5   2   1   1   1   0   8  0.65 0.35
  410 L   -3 -2 -4 -3 -1 -3 -4 -4  0  0  3 -4  0  1 -3 -4 -3  8  5 -2    3   2   1   2   1   1   1   2   2   5  24   1   2   6   2   2   2  20  17   3  0.96 0.42
  411 E    1  1  0  0 -1 -1  0  0  1 -1 -1 -1  2 -1 -2  1  0  3  0 -1   12   8   5   6   1   2   6   7   3   3   7   3   5   3   1  12   6   4   3   3  0.08 0.08
  412 D   -1 -1  0  2  2 -1 -1  0  1 -1  0 -2  0  2 -2  0 -1  3  0 -1    5   4   4  16   4   2   3   7   3   3  11   2   2  10   2   7   4   4   3   5  0.11 0.08
  413 S    0 -2 -2 -1  1 -1 -1  1 -1 -1  2 -2  0  3  0  0  0  1  0  0    6   2   2   3   3   3   3  10   1   3  18   2   2  15   4   6   6   2   3   5  0.12 0.08
  414 E   -1 -1  0  2 -1  0  0  0  0 -2 -2 -1 -1 -1  4  1  0 -1 -1 -2    6   4   4  10   1   4   6   8   2   2   5   3   2   2  19   9   7   1   2   3  0.23 0.12
  415 E    1  1  0  1 -2  0  1  0  0 -1 -1  0 -1 -1  2  0  0  0  0 -1   11   8   3   7   1   4   9   7   3   3   5   5   1   2  11   7   4   2   3   4  0.10 0.07
  416 E    1 -1  0  1 -2  0  2  1  1 -2 -1  0 -1 -1  0  0  0  0  0 -2   11   3   4   7   1   4  16  10   4   2   6   5   2   3   4   7   5   1   3   3  0.10 0.08
  417 I    1 -3 -3 -2 -1 -3 -2  0 -2 -1  1 -3 -1  4 -4 -1 -2 -1  5 -1   12   2   1   2   2   1   3   7   1   4  14   1   1  16   1   5   3   1  20   4  0.45 0.25
  418 G   -1  3 -2 -1 -5 -3 -3  5  2 -3 -2 -3 -4 -2 -1 -2 -3 -5 -3 -4    6  17   1   3   0   1   2  46   4   2   4   1   0   2   3   3   2   0   1   2  0.91 0.46
  419 T    1  1 -2  2 -5  0  4 -4  0 -2 -3  0 -2 -4  3 -1 -1  1 -3 -3   11   9   1  10   0   4  24   1   2   2   3   5   1   1  13   4   4   2   1   2  0.43 0.31
  420 N    2  1  0  3 -2  0  2 -1  0 -2 -3 -1 -3 -4  0  1 -1 -5 -4 -1   17   8   4  16   1   4  12   5   2   2   3   4   1   1   5   9   4   0   0   4  0.25 0.21
  421 F   -2 -6 -5 -7 -5 -7 -5 -4 -3 -1  1 -6  0  8 -6 -5 -4 -1 -1  0    4   0   1   0   0   0   1   1   1   3  13   1   2  60   0   1   2   1   2   6  1.79 0.76
  422 G    0  1 -2 -3 -1 -2 -3 -1 -3  0  2 -2  1  1 -3 -2  1 -1  0  2    9  10   2   1   1   1   2   5   1   6  20   2   3   7   1   2   9   1   3  16  0.22 0.18
  423 E    0  2  0  3 -3  2  3 -3  1 -3 -2  1 -2 -4 -2 -1 -2 -3 -4 -3    7  12   5  15   1   7  21   2   4   1   5   8   1   1   2   4   3   0   0   2  0.43 0.29
  424 D    2  4 -1  0 -3  1  1 -1  0 -3 -1  1  0 -3 -2  0 -1 -2 -2 -2   16  19   2   5   1   5  10   4   2   1   7   8   3   1   2   7   3   1   2   2  0.25 0.20
  425 I    0 -4 -4 -5  3 -3 -4 -4 -3  2  2 -4  3  0 -4 -3 -1 -4  3  4    9   1   1   1   5   1   1   1   1   9  18   1   6   4   1   2   3   0   8  27  0.57 0.30
  426 L    1 -1 -3 -3 -1 -1 -1 -3 -1  1  4 -2  1  1 -4 -1 -2  1  2  0   10   4   1   1   1   2   5   2   1   7  35   2   4   6   1   4   2   2   6   5  0.35 0.23
  427 R    2  3  0  1 -3  1  1 -1 -1 -3 -2  2 -3 -4 -1  0 -1 -5 -3 -3   19  13   4   7   1   5  10   4   1   1   4  13   0   0   3   8   4   0   1   1  0.30 0.24
  428 M    3  1  0 -2 -3 -1 -1 -2  4 -1 -1 -3 -2  0 -3  0  0 -1  2 -1   23   6   4   2   1   3   4   3  11   3   7   1   1   3   1   6   6   1   8   5  0.28 0.23
  429 Y   -2 -1 -6 -6 -1 -4 -5 -4 -2 -6 -3 -4 -2 -2 -5 -4 -2 -2  9 -6    4   3   0   1   1   1   1   2   1   1   4   1   1   1   1   2   3   0  72   0  2.50 1.04
  430 G    0 -1 -2  0 -6  0 -1  5 -3 -5 -5 -1 -5 -5  3 -1 -1 -6 -5 -4    7   3   2   5   0   5   5  41   1   1   1   3   0   0  16   5   4   0   1   1  0.81 0.47
  431 N    0  0  0  0 -2  0  1  3  3 -3 -2 -2 -1 -2  1 -1  0 -5 -2 -1    8   6   5   5   1   3  10  22   7   1   4   2   2   2   7   4   5   0   1   5  0.23 0.19
  432 I    0  0 -1  1 -2  0 -1 -1  0  2  0 -1  0 -1  2  0  0 -1 -1  1    6   4   3   8   1   3   4   4   3  12   8   4   2   2  10   7   6   1   2  11  0.07 0.07
  433 D    0 -2  0  4 -5 -1  0 -2  0  0 -1 -1 -2 -2  1  0 -1 -3 -2  0    6   2   5  27   0   2   7   4   2   5   7   4   1   2   6   7   4   0   1   8  0.28 0.22
  434 I    0 -1 -2  5 -1 -3 -1  1 -3  1  0 -2 -1 -3  1 -1 -2  3 -4 -1    7   3   2  29   1   1   4   9   1   7  10   2   1   1   7   6   2   4   1   4  0.39 0.27
  435 E    0  1  0  3 -6  0  4 -2 -1 -5 -4  0 -5 -6  3 -1 -1 -6 -3 -4    8   6   4  15   0   3  25   3   1   1   2   6   0   0  14   4   4   0   1   1  0.56 0.38
  436 K    1  4  0  0 -3  0  1  1  0 -2 -2  0 -2 -2 -2  0  1 -4 -1 -2   10  21   5   6   0   5   8   9   2   2   5   4   1   2   2   5   9   0   2   3  0.22 0.20
  437 A    2 -3 -4 -2 -1 -3 -2 -4 -1  1  3 -4  2  3 -4 -1  1  1 -1  0   16   2   1   3   1   1   3   1   1   8  23   1   5  13   1   4   8   2   1   6  0.36 0.25
  438 K   -1  4 -3 -2 -3  0  0 -4  1 -1  2  1  0 -1 -3 -3 -3  6 -3 -2    6  23   1   2   1   3   5   1   3   4  18   9   2   3   2   2   1  11   1   3  0.53 0.35
  439 E    0  2  0  1 -5  1  3 -1  0 -3 -2  1 -3  1 -2 -1 -1  0 -1 -3    8  12   3   9   0   5  20   5   2   1   4   7   1   6   2   4   3   2   2   2  0.25 0.22
  440 Y   -3  7 -5 -7 -5 -3 -4 -7  2 -2 -1  1  0 -2 -7 -5 -6  3  2 -5    3  56   0   0   0   1   1   0   4   3   7   8   2   2   0   1   0   4   7   1  1.53 0.77
  441 Q    5  0 -3 -6 -2 -2 -5 -3 -5  3 -1 -3  2 -4 -6 -1 -2 -3 -3  2   39   5   1   0   1   2   0   2   0  14   7   2   4   1   0   5   2   0   1  12  0.69 0.44
  442 D    0  5 -1  0 -3  1  1 -2  1 -2 -2  1 -1 -3 -4 -1 -1  2 -1 -1    8  30   2   6   1   6   8   4   4   2   4   6   1   1   1   5   3   3   2   4  0.43 0.31
  443 I   -2  0 -6 -3 -3 -3 -2 -2 -2  1  1 -5  1  7 -7 -4 -1  3  0 -2    4   6   0   2   1   1   3   4   1   7  12   1   3  41   0   1   4   3   3   2  0.96 0.50
  444 V   -2  1 -2 -4 -3 -3 -5 -4  3 -1  1 -1 -1  2 -6 -4 -4  5  7 -1    3   8   2   1   1   1   1   1   5   4  12   3   2   7   0   1   1   7  32   5  0.91 0.50
  445 E    3  2 -2 -2 -3  0 -1  0  1 -1 -2 -2 -1 -1 -4 -1 -1  3  1 -1   28  12   1   2   0   4   5   7   4   4   4   2   1   3   0   4   4   4   6   4  0.30 0.25
  446 E    0  2 -1 -1  0  0 -1  0 -1  0  1  0 -1  0 -2  0  0  1  0  0   10  12   3   2   2   4   4   9   1   5  14   6   1   4   1   7   4   2   3   7  0.04 0.07
  447 Y    0  0 -3 -5  4 -2 -4 -4  0  0  1 -3  2  3 -5 -2  2  4  3  0    7   6   1   1   9   2   1   1   3   5  13   1   5  10   0   3  11   5  11   5  0.42 0.28
  448 Y    1 -1 -2  0 -3 -1 -2  0  2  0  0 -1  1  3 -2  0  0  3  2 -1   10   4   1   5   0   3   2   7   6   6   7   3   4  12   2   8   6   4   7   3  0.14 0.14
  449 P    3 -1 -3 -4  0 -2 -1  0 -1 -2 -1 -4  0 -3  4  0 -1 -1 -4 -1   23   3   1   1   2   2   4   7   1   3   8   0   3   1  23   8   4   1   0   5  0.46 0.35
  450 I   -1 -5 -5 -8 -3 -7 -7 -6 -7  2  4 -7  1  3 -7 -4 -2  2 -2  3    6   1   1   0   1   0   0   1   0  11  41   0   3  10   0   1   2   3   1  18  0.98 0.52
  451 E   -1  0 -2 -1 -5  3  2 -2  4  0  0 -3  0  0 -3  0 -1  2  2 -2    6   5   2   3   0  13  12   4  12   5   8   1   3   4   1   6   3   3   7   3  0.29 0.25
  452 T   -1  0  0  3 -3 -1  3 -1 -1 -2  1 -2 -1 -1 -2 -2  0  4  2 -1    4   4   4  14   0   3  18   6   1   2  13   1   1   2   2   2   5   7   6   4  0.28 0.24
  453 I    3 -6 -7 -6 -4 -6 -7 -3 -7  3  4 -6  2 -2 -7 -4 -3  0 -5  3   21   0   0   0   0   0   0   2   0  17  32   0   5   2   0   1   2   2   0  16  0.88 0.49
  454 V    1 -1 -5 -1 -3 -3 -2 -5  0  1  4 -4  1  1 -2 -2 -2  0  0  1   14   4   0   4   0   1   3   1   2   7  35   1   3   5   2   2   2   1   3   9  0.41 0.29
  455 Y   -3  0 -5 -3 -7 -2 -1 -5  5 -3 -2 -4 -2  4 -7 -4 -2  4  7 -4    2   6   1   2   0   2   4   1  12   2   5   1   1  16   0   1   3   4  36   1  1.30 0.66
  456 G    3 -5 -2 -3  0 -4 -4  6 -4 -6 -5 -5 -4 -4 -6 -1 -4 -4 -2 -3   23   0   2   2   2   1   1  56   0   1   1   1   0   1   0   4   1   0   2   2  1.37 0.71
  457 I    0 -1 -3 -4 -3 -1 -4 -5  2  3  3 -2  1  0 -5 -4 -2 -3  0  2    7   4   1   1   0   3   1   1   4  18  30   2   3   3   0   1   2   0   4  14  0.51 0.32
  458 K   -3  2 -1  3 -5  1  5 -3  1 -2 -3  1 -2 -6 -4 -2 -2 -7 -3 -4    2  12   2  17   0   6  31   2   4   3   3   7   1   0   1   3   2   0   1   1  0.69 0.45
  459 N   -3  1  3 -1 -2  1 -1 -1  4  0 -2 -1 -1 -2 -3  0  3 -4  1 -1    2   7  13   3   1   6   4   6  10   6   3   3   1   2   1   7  16   0   4   4  0.28 0.25
  460 I   -2  0  3  2 -4  1  0  5  1 -4 -6  0 -4 -7 -3 -1 -3 -3 -4 -6    3   5  14  10   0   5   6  37   3   1   1   7   1   0   1   5   1   0   1   0  0.74 0.46
  461 K   -3  1  3  6 -5  1 -1 -3  1 -4 -2  0 -1 -3 -2 -1 -4 -1 -2 -5    3   8  11  40   0   5   3   3   3   1   4   6   2   1   3   4   1   1   2   1  0.80 0.50
  462 Q   -2  1 -1  2 -4  2  3 -2  0 -3 -4  1  0 -6  4  0 -2 -5 -4 -3    3   7   2  10   0   8  20   3   3   2   2   8   2   0  19   6   3   0   1   2  0.49 0.37
  463 E    2  1 -2  2 -3  1  3 -2  0 -1 -3  0 -4 -4 -2  0  0 -2 -2 -2   15   7   1  11   1   6  22   3   3   4   2   6   0   1   2   6   5   1   1   3  0.31 0.28
  464 F    1 -2 -2 -2 -3 -1  0 -2  1 -1  2 -2  3  1 -5 -2 -1  5  4 -1   11   2   2   3   0   2   7   3   4   4  19   3   6   5   0   3   3   8  13   3  0.35 0.27
  465 I    0 -1 -6 -7 -1 -5 -3 -5 -5  3  2 -4  0  4 -5 -5 -2  1 -1  4    7   4   0   0   1   0   2   1   0  18  16   1   2  15   0   0   3   2   2  24  0.66 0.38
  466 E    1  3  1  2 -4  2  4 -3  1 -3 -5  1 -4 -6 -2 -1 -1 -4 -3 -2   12  13   5  10   0   7  24   1   3   1   1   7   0   0   2   4   3   0   1   3  0.48 0.36
  467 N    2  0  2  1 -5  0  3 -3  1 -2 -3  0  0 -2 -4  1 -1 -3  0 -2   15   5   9   9   0   5  22   2   3   3   2   6   3   2   0   8   3   0   3   2  0.32 0.28
  468 G    3 -3 -3 -5  0 -3 -5  6 -3 -3 -4 -3 -4 -5 -6  1 -3 -4 -4 -6   26   2   2   0   2   1   0  48   1   1   2   2   0   0   0   9   1   0   1   0  1.18 0.65
  469 R   -4  3 -4 -5 -4  0 -5 -6 -1  3  4 -2  2 -3 -6 -3 -3  1  0  1    1  14   1   0   0   5   0   0   2  16  36   3   5   1   0   2   1   2   3   8  0.70 0.43
  470 K    3  3  0  0 -4  0  2 -2  1 -5 -3  2 -2 -5 -5  0 -1 -4 -4 -3   23  18   4   4   0   4  14   3   3   0   2  11   1   0   0   7   3   0   0   2  0.47 0.36
  471 E    2  2 -1  0 -1  1  2  1  0 -4 -1  1  2 -4 -4  0  0  0 -3 -3   18  11   2   5   1   6  13   9   2   1   6   7   5   0   0   6   5   1   1   1  0.23 0.23
  472 I   -3 -6 -9 -9 -7 -8 -8 -9 -8  5  5 -8  0  2 -8 -7 -4 -7 -2  0    2   0   0   0   0   0   0   0   0  25  54   0   2   9   0   0   1   0   1   6  1.48 0.71
  473 Y   -1  4  1 -2 -6  2  2  0  1 -2 -1  2 -3 -3 -3 -1 -2 -6 -3 -2    5  24   6   1   0   8  12   8   3   2   8  10   0   1   1   4   2   0   1   2  0.38 0.30
  474 K    1  5  0 -1 -4  3  3 -2 -4 -7 -6  3 -3 -7 -5 -3 -3 -7 -3 -5   11  25   5   4   0  13  18   3   0   0   0  17   1   0   0   1   1   0   1   0  0.81 0.51
  475 R   -3  7 -4 -4 -6 -1  1 -6  2  1 -2 -1  0 -4 -6 -4 -3 -6 -5  1    1  54   0   1   0   2   9   0   5   7   4   2   3   1   0   1   1   0   0   9  1.15 0.61
  476 T    0 -4 -2 -4 -4 -1 -2 -3 -4  1  3 -1  4 -1 -4  0  2 -1 -3 -1    9   0   2   0   0   3   3   1   0   9  32   3  13   3   0   8  13   1   0   1  0.43 0.33
  477 Y    0 -1  3 -2 -3 -1 -3 -2  0  1 -2  0 -1  3 -1  0 -1 -2  3  1    7   3  16   1   0   1   0   1   3   9   2   5   1  13   3   5   3   0  13  14  0.21 0.20
  478 K    0  4 -2 -1 -4  1  2 -2 -2 -4 -2  3 -3 -4 -3  1  0 -5 -4 -2    8  23   0   3   0   5  12   2   0   0   3  24   0   0   0  11   7   0   0   2  0.48 0.29
  479 D   -3 -3  4  6 -5  1  4 -3 -2 -5 -5 -2 -4 -5 -3 -2 -3 -6 -5 -5    0   0  23  44   0   5  27   0   0   0   0   0   0   0   0   0   0   0   0   0  1.18 0.41

                      K         Lambda
Standard Ungapped    0.1400     0.3183
Standard Gapped      0.0410     0.2670
PSI Ungapped         0.1532     0.3175
PSI Gapped           0.0469     0.2670
