
Last position-specific scoring matrix computed, weighted observed percentages rounded down, information per position, and relative weight of gapless real matches to pseudocounts
           A  R  N  D  C  Q  E  G  H  I  L  K  M  F  P  S  T  W  Y  V   A   R   N   D   C   Q   E   G   H   I   L   K   M   F   P   S   T   W   Y   V
    1 M   -6 -7 -8 -9 -7 -6 -7 -8 -7 -4 -2 -7 11 -5 -8 -7 -6 -7 -6 -4    0   0   0   0   0   0   0   0   0   0   2   0  98   0   0   0   0   0   0   0  3.90 1.12
    2 T    0 -2  4 -1 -4 -1 -1 -3 -2 -3 -4  1 -2 -4 -1  2  4 -6 -4 -4    5   1  21   3   0   2   3   1   1   2   0   9   1   0   3  18  30   0   0   0  0.63 0.34
    3 N   -1 -2  4  1 -4  1  1 -3  1 -2 -2  0 -2  4 -2  1 -1 -3 -1 -3    3   2  19   8   0   6   9   1   3   2   2   4   0  21   2  11   4   0   1   1  0.36 0.23
    4 K   -1  0  3  4 -5  1  2 -3 -2 -4 -4  1 -3 -3 -1  1 -2 -5 -4 -4    5   4  14  27   0   7  13   1   0   1   2   8   1   1   2  11   2   0   0   1  0.56 0.29
    5 L   -4 -5 -5 -5 -5 -4 -5 -6 -5  3  4 -6  2  6 -4 -5 -4 -4  1 -1    1   0   0   0   0   1   1   0   0  15  33   0   5  35   1   1   1   0   3   3  1.12 0.44
    6 T    0  0  1  1 -4  2  3 -2  0 -2 -3  3 -1 -4 -1  1  1 -4 -3 -3    6   3   8   7   0   8  17   2   2   2   2  20   1   1   3   8   8   0   0   1  0.32 0.21
    7 S    2 -1 -1  2 -4  2  3 -1 -1 -4 -3  1 -3 -5 -2  1  1 -5 -4 -3   15   3   3  13   0  10  20   3   1   1   2   7   0   0   1  12   7   0   0   1  0.37 0.24
    8 F   -2  0 -5 -3 -5  0  0 -5 -1 -2  0 -1 -1  4 -5 -4 -3  5  7 -2    4   6   0   2   0   4   5   0   1   2   7   3   1  18   0   1   2   7  34   2  0.91 0.41
    9 L   -3 -2 -5 -6 -3 -2 -4 -6 -4  2  5 -3  5  1 -5 -3 -2  0 -1 -1    2   3   0   0   0   2   1   0   0  11  52   2  13   6   0   2   2   1   2   2  0.89 0.40
   10 A    2  1  0  0 -3  2  2 -2  0 -3 -2  2 -2 -4 -2  0  1 -5 -3 -2   17   6   5   6   0  10  14   2   2   1   3  15   0   0   1   7   7   0   1   3  0.27 0.20
   11 D    0  2  1  1 -3  2  3 -2  0 -3 -2  1 -2 -3 -1  0  0 -3 -2 -3    7  10   5   9   0   9  22   2   2   1   3   9   1   1   2   8   5   0   1   1  0.30 0.20
   12 R   -1  2  0 -2  1  0 -1 -3  1 -1 -1  2 -1  0 -4 -1  0  3  3 -1    5  12   4   2   3   4   3   1   3   3   7  18   1   3   0   3   6   5  14   5  0.23 0.18
   13 K    2  4 -2 -3 -1  2 -1 -2 -3  0 -1  3 -2 -4 -3  0 -1 -5 -3 -1   19  21   1   0   1  11   2   2   0   6   6  17   0   0   0   5   4   0   0   4  0.39 0.26
   14 K    1  1  0  1 -4  2  2 -1 -1 -2 -3  2 -3 -4  0  0  0 -5 -3 -2   15   7   4   7   0   9  16   5   1   2   2  14   0   0   5   5   5   0   0   2  0.25 0.18
   15 T    0  3 -2 -2 -2  1  0 -3 -1  0  1  0  0  0 -3  0 -1  1  0  0   10  19   1   2   1   7   6   1   2   6  16   6   2   3   0   6   4   2   3   4  0.15 0.14
   16 I   -2 -6 -6 -6 -2 -6 -5 -7 -6  5  0 -6 -1  2 -6 -5 -1 -5 -4  5    3   0   0   0   1   0   0   0   0  37   7   0   1   9   0   0   3   0   0  38  1.18 0.47
   17 E   -4 -4  4  5 -7 -1  5 -5  0 -6 -6 -3 -6 -7 -5 -3 -3 -7 -5 -6    1   0  22  27   0   2  42   0   2   0   1   0   0   0   0   1   1   0   0   0  1.39 0.58
   18 N    1  2  1  1 -3  2  2 -1  0 -3 -3  2 -2 -4 -2  0  0 -4 -3 -3   12  10   7   9   0   9  13   3   2   1   1  14   1   0   1   8   7   0   0   1  0.28 0.19
   19 Q    3  1 -1 -3  0  0  1 -2  1 -2 -1  0 -2  0 -4 -1 -1  0  2 -1   30   9   3   1   2   4   9   2   4   2   4   4   1   5   0   3   4   2   9   3  0.24 0.21
   20 L   -4 -6 -7 -7 -3 -5 -6 -7 -7  2  6 -6  2 -1 -7 -6 -5 -6 -4 -2    1   0   0   0   0   0   0   0   0  10  79   0   4   2   0   0   0   0   0   2  1.63 0.60
   21 S    0  1  1  4 -3  0  3 -2  0 -2 -2  1 -2 -4 -2  0  0 -5 -3 -3    9   6   5  24   0   3  19   2   2   2   3   8   1   0   1   7   4   0   0   2  0.39 0.23
   22 V    1  3  0  1 -3  1  2 -1  1 -2 -1  2 -2 -2 -3  0  0 -4 -2 -2   11  15   4   6   0   7  17   4   3   2   5  11   1   1   0   7   6   0   1   1  0.23 0.17
   23 Y    1 -1 -2 -4  2 -1 -3 -4  1  0  2 -3 -1  2 -4 -1 -1  2  4  0   15   3   1   0   4   2   1   1   3   5  21   1   1  10   0   4   2   3  18   4  0.34 0.22
   24 T   -2 -4 -4 -6  1 -4 -5 -6 -5  2  4 -5  1  2 -2 -3 -2 -3 -1  2    2   0   1   0   3   0   0   0   0  11  49   0   3   9   2   1   2   0   1  13  0.74 0.33
   25 E    1 -1 -1  1 -4  0  1 -2 -2 -4 -4  0 -4 -5  6  0 -1 -6 -4 -3   11   3   3   7   0   4   8   2   1   1   1   5   0   0  41   6   3   0   0   2  0.85 0.37
   26 K    1  1  0  0 -2  1  1 -1  0 -2 -2  1 -2 -2  2  1  0 -2 -2 -2   10  10   5   5   1   6  11   5   2   2   3  10   1   1   9  11   6   0   1   2  0.16 0.10
   27 L    0  0  0  0 -1  0  1 -1  0  0  1  0  0  0  0  0  0 -1  0  0    7   5   3   7   2   4  10   3   2   5  18   4   1   3   4   7   4   1   3   7  0.02 0.03
   28 D   -1  0  1  3 -3  1  2  0 -1 -3 -4  1 -3 -4  2  1  0 -5 -3 -3    5   5   7  18   1   8  11   8   2   1   1   7   0   0   8  12   5   0   0   2  0.30 0.18
   29 M    0  0 -1  0 -1  0  0  0  1  0  0  0  0  0  0  0  0  0  2  0   10   4   2   5   1   2   9   6   5   7  10   3   2   3   4   6   6   1   9   6  0.02 0.03
   30 P    0 -2 -1 -1 -2  1  0 -3  1 -4 -4 -2 -3 -3  7 -1 -3 -3 -2 -3    8   2   3   3   1   6   5   2   3   0   2   1   0   1  51   5   1   0   1   2  1.10 0.41
   31 D    1 -1  0  1 -3  1  2  0  0 -3 -2  1 -3 -3  3  1  0 -4 -3 -2   12   2   3   7   0   7  15   7   2   0   3   9   0   1  13  11   6   0   0   2  0.26 0.16
   32 S   -1  3  0 -1 -4  0  0 -2  0  0 -2  2 -2 -3  0  0  1 -4 -2  0    4  21   4   2   0   4   7   2   2   7   4  12   0   0   5   7  12   0   0   7  0.22 0.16
   33 L   -4 -5 -6 -7 -4 -5 -6 -7 -3  3  5 -6  0 -1 -5 -5 -3 -5 -4  2    0   0   0   0   0   0   0   0   1  18  68   0   1   2   0   0   1   0   0  10  1.30 0.48
   34 K    0  1 -1 -2 -1 -1 -1 -3  6 -1 -1  0 -1  1 -3 -1 -1  1  2 -1    9   9   2   1   2   2   3   1  24   4   7   6   1   7   1   3   3   2   9   4  0.32 0.20
   35 K    0  0 -1  3 -6  2  6 -3 -2 -6 -5  1 -4 -6 -4 -1 -3 -6 -4 -5    6   4   2  13   0   9  51   1   0   0   0   8   0   0   0   3   1   0   0   0  0.99 0.43
   36 S    6 -5 -5 -4 -3 -4 -4 -2 -5 -5 -5 -4 -3 -6 -3  2 -3 -6 -5 -3   80   0   0   0   0   0   0   2   0   0   0   0   0   0   1  15   1   0   0   1  1.60 0.62
   37 M   -1 -5 -6 -7 -1 -5 -5 -7 -6  2 -1 -6 10 -4 -7 -5 -3 -6 -5  0    4   0   0   0   1   0   0   0   0  11   4   0  74   0   0   0   1   0   0   4  2.38 0.77
   38 L    0  6  0 -2 -2  0  0 -4  2 -4 -2  1 -3 -5 -5 -1 -2 -5 -2 -3    7  53   5   1   1   3   6   1   4   1   5   5   0   0   0   5   1   0   1   1  0.90 0.40
   39 Y   -6 -6 -6 -6 -7 -5 -6 -6  4 -6 -6 -6 -6 -2 -8 -5 -6  0 10 -6    0   0   0   0   0   0   0   0   8   0   0   0   0   0   0   0   0   1  89   0  3.16 0.92
   40 S    3 -5 -3 -4 -2 -4 -4  0 -5 -4 -5 -4 -3 -6 -4  6  1 -6 -5 -3   19   0   0   0   1   0   0   5   0   1   0   0   0   0   0  66   6   0   0   1  1.32 0.57
   41 L   -1 -5 -5 -6 -1 -5 -5 -5 -5  2  4 -5  1 -1 -5 -3  0 -5 -3  3    5   0   0   0   1   0   0   0   0   7  50   0   2   2   0   2   6   0   0  24  0.83 0.36
   42 Q   -2 -3 -2 -3 -3 -2 -1 -5 -2  0  4 -2  3  4 -5 -2 -1 -3 -2 -2    2   1   2   2   0   2   4   1   1   2  51   3   8  16   0   2   3   0   1   0  0.65 0.32
   43 A    4 -4  2 -1 -3 -2 -3  2 -4 -3 -2 -3 -3 -5  0  1 -2 -5 -4 -3   45   0  11   3   0   1   1  17   0   1   3   1   0   0   4  11   1   0   0   1  0.63 0.33
   44 G   -2 -4 -2 -2 -6 -4 -4  7 -4 -7 -7 -2 -6 -7  2 -3 -4 -6 -7 -6    1   1   1   2   0   1   1  80   0   0   0   2   0   0   9   1   0   0   0   0  1.82 0.60
   45 G   -3 -5 -4 -5 -4 -6 -6  8 -6 -8 -8 -3 -7 -7 -6 -3 -6 -7 -7 -7    1   1   0   0   0   0   0  95   0   0   0   1   0   0   0   1   0   0   0   0  2.48 0.74
   46 K   -5 -2 -4 -5 -8 -3 -2 -6 -5 -7 -7  8 -6 -8 -5 -5 -5 -7 -6 -7    0   0   0   0   0   0   1   0   0   0   0  99   0   0   0   0   0   0   0   0  2.67 0.85
   47 R   -5  9 -4 -6 -3 -3 -4 -6 -3 -7 -5 -1 -6 -7 -7 -5 -5 -7 -3 -7    0  95   0   0   1   0   0   0   0   0   1   1   0   0   0   0   0   0   1   0  2.69 0.83
   48 L   -4 -5 -6 -6 -4 -5 -6 -6 -6  5  4 -5  0  2 -6 -4 -3 -5 -3  2    0   0   0   0   0   0   0   0   0  29  46   0   1   7   0   1   1   0   0  14  1.06 0.40
   49 R   -6  9 -5 -6 -1 -3 -4 -7 -5 -7 -5 -2 -2 -4 -6 -5 -5 -7 -6 -7    0  95   0   0   2   0   0   0   0   0   1   0   1   1   0   0   0   0   0   0  2.73 0.84
   50 P    0 -6 -6 -6 -7 -5 -5 -2 -6 -7 -7 -5 -7 -8  8 -1 -5 -8 -7 -6    8   0   0   0   0   0   0   3   0   0   0   0   0   0  84   4   0   0   0   0  2.67 0.81
   51 L    1 -3 -4 -5 -1 -2 -4 -4 -4  4  2 -4  3  2 -5 -3 -1 -4 -1  3   11   1   0   0   1   1   0   0   0  24  23   0   6   8   0   1   4   0   1  17  0.51 0.25
   52 I   -5 -5 -7 -7 -4 -6 -7 -7 -6  1  6 -6  2  0 -7 -6 -5 -5 -4 -2    0   0   0   0   0   0   0   0   0   6  84   0   5   4   0   0   0   0   0   1  1.70 0.59
   53 V    1 -5 -4 -5  7 -4 -5 -4 -3  0  1 -4  2 -1 -4 -2  2 -5 -3  3   12   0   0   0  21   0   0   0   1   3  14   0   5   3   0   2  12   0   0  26  0.73 0.34
   54 L   -3 -3 -4 -5 -1 -3 -4 -6 -1  3  4 -4  3  1 -5 -4 -3  0  3  0    2   1   1   0   1   1   1   0   1  15  46   1   8   5   0   0   0   1  11   4  0.74 0.33
   55 A    5 -3 -3 -3 -2 -1  2 -2 -2 -2  0 -2  0 -3 -4  0 -1 -1 -3 -2   54   1   0   1   1   2  12   1   1   2   9   1   3   1   0   4   3   1   1   2  0.65 0.36
   56 V    4 -4 -3 -4  1 -4 -4 -1 -4 -1 -3 -4 -1  0 -4  2  3 -3 -4  1   36   0   0   0   3   0   0   4   0   3   1   0   1   4   0  14  21   0   0  12  0.60 0.34
   57 L    3 -4 -3 -5  7 -4 -4  1  0 -3 -1 -4 -2 -1 -5  0 -2 -1  2 -1   29   0   1   0  26   0   0  11   2   1   6   0   1   3   0   5   2   1   8   3  0.79 0.36
   58 N   -1  2  0  1 -4  1  5 -3  1 -4 -3  1 -3 -4 -4 -2 -2 -5 -4 -4    4  13   3   8   0   6  45   1   3   1   3   9   0   0   0   2   1   0   0   1  0.77 0.36
   59 A    4 -4 -4 -3  0 -3 -3 -3 -3  0  3 -4  3 -1 -4 -1  0 -2 -3  0   34   0   0   1   2   1   0   1   0   5  29   0   9   2   0   4   4   0   0   5  0.50 0.28
   60 Y    0 -5 -3 -5  5 -4 -5 -3 -2  0  2 -4 -1  5 -5 -3 -2 -3  1  3    7   0   1   0  12   0   0   2   1   3  22   0   1  25   0   1   1   0   4  21  0.66 0.30
   61 G   -1 -2  1  1  0 -2 -2  6 -1 -6 -5 -1 -5 -5 -4 -1 -3 -6 -5 -5    3   3   6   7   2   2   2  65   1   0   1   3   0   0   0   3   1   0   0   1  1.18 0.43
   62 K    1 -2 -2 -2 -1 -2 -1  5 -2 -1 -1 -1 -3 -3 -3 -1 -1 -4 -3  0   11   2   1   2   1   2   3  47   1   4   5   5   0   1   1   2   3   0   0   9  0.54 0.25
   63 S   -1  0  2  4 -2  0  1 -2 -1 -4 -4  1 -3 -5  2  1  0 -5 -3 -3    5   6  10  27   1   4   8   2   1   1   1   7   0   0   9  12   7   0   0   1  0.44 0.22
   64 E    0  0 -1  0 -1  0  2 -1 -1  0 -1  0 -1 -2  2  0 -1  1  0 -1    8   6   2   4   1   3  17   5   1   9   7   4   1   1  12   4   3   2   4   4  0.11 0.09
   65 K    1  0  0  2 -4  1  4 -2  0 -3 -4  1 -2 -4 -1  1 -1 -4 -3 -3   13   3   3  12   0   5  30   2   2   1   1  10   1   0   2  11   3   0   1   1  0.43 0.23
   66 D    1  1  0  2 -2  0  0 -1  0 -1 -1  1 -1 -3  0  0  0 -3 -2  0   16   8   4  15   1   5   6   3   2   4   5   9   1   0   4   6   5   0   1   6  0.12 0.09
   67 G    4 -4 -4 -4  0 -3 -4 -1 -4  1  0 -3 -1 -1 -1 -1 -1 -3 -1  2   45   0   0   0   2   0   0   5   0   7  11   0   1   2   2   3   2   0   2  17  0.49 0.28
   68 I   -2 -2 -3  1 -3 -3 -2 -4 -3  1  4 -2  5 -1 -4 -3 -2 -1  0  0    3   2   0  10   0   0   2   0   1   8  42   2  16   2   0   1   1   1   3   4  0.55 0.28
   69 P    1  0 -1  1 -4 -1 -1 -3  0 -3 -3 -1 -2 -4  6  0 -1 -2 -2 -3   10   6   2   9   0   3   3   2   2   1   2   3   1   1  43   6   3   1   1   2  0.81 0.32
   70 V    3 -3 -3 -4  1 -2 -3 -2 -3  1  0 -3  1  2  1  0  0 -2  1  1   29   1   0   0   3   0   0   1   0   7   7   0   3  13   8   4   7   0   4  13  0.26 0.17
   71 G    6 -4 -4 -4 -2 -3 -4  0 -5 -3 -3 -4  0 -4 -3 -1 -3 -5 -5 -2   86   0   0   0   0   0   0   6   0   1   1   0   2   1   0   2   0   0   0   1  1.43 0.50
   72 C    3 -4 -4 -5  9 -4 -4 -3 -5 -1  0 -4  0 -3 -4  0 -2 -5 -4  1   25   0   0   0  44   0   0   1   0   3   8   0   2   0   0   5   2   0   0   9  1.18 0.39
   73 A    6 -4 -4 -5 -1 -4 -4 -1 -5 -4 -4 -4 -4 -5 -2  0 -2 -6 -4 -2   86   0   0   0   1   0   0   4   0   0   0   0   0   0   1   5   2   0   0   1  1.46 0.51
   74 V   -2 -5 -5 -5 -3 -4 -5 -5 -5  5  3 -4  1 -1 -3 -4 -2 -4 -3  4    2   0   0   0   0   0   0   0   0  37  26   0   3   1   1   0   0   0   0  28  0.85 0.30
   75 E   -4 -3 -4 -2 -7 -1  8 -4 -3 -7 -6 -2 -5 -7 -5 -3 -4 -6 -6 -6    1   0   0   0   0   0  99   1   0   0   0   0   0   0   0   0   0   0   0   0  2.31 0.66
   76 M   -2 -5 -5 -6  4 -4 -5 -6 -3  0  3 -5  8  2 -5 -4 -4 -3 -1 -1    2   0   0   0  10   0   0   0   0   2  24   0  51   7   0   1   0   0   2   2  1.38 0.46
   77 I   -3 -5 -6 -6 -4 -5 -5 -6 -6  6  2 -5  1 -1 -5 -4 -2 -5 -3  3    1   0   0   0   0   0   0   0   0  58  13   0   3   2   0   0   1   0   0  22  1.15 0.37
   78 H   -5 -4 -2 -5 -7 -1 -4 -6 11 -7 -7 -4 -5 -5 -6 -4 -5 -6 -1 -5    0   0   1   0   0   2   0   0  95   0   0   0   0   0   0   1   0   0   1   1  3.35 0.79
   79 T    3 -4 -1 -4  4 -3 -4 -3 -4 -3 -4 -3 -3 -5 -4  0  6 -5 -4 -1   23   0   2   0   9   0   0   1   0   1   0   0   0   0   0   5  55   0   0   3  1.03 0.41
   80 Y    0 -5 -5 -6 -2 -3 -5 -5 -1 -3 -3 -5  3  3 -6 -1 -4  0  8 -3    8   0   0   0   1   1   0   0   0   1   0   0   8   9   0   6   0   0  64   1  1.63 0.51
   81 S   -1 -4 -3 -3 -4 -3 -3 -2 -4 -5 -4 -3 -5 -6 -4  7  1 -6 -5 -5    1   0   0   0   0   0   0   2   0   0   2   0   0   0   0  91   5   0   0   0  1.73 0.60
   82 L   -4 -5 -6 -7 -4 -5 -6 -7 -6 -1  6 -5  1 -2 -6 -5 -4 -5 -4 -1    0   0   0   0   0   0   0   0   0   1  96   0   1   0   0   0   0   0   0   1  1.74 0.52
   83 I   -3 -6 -6 -6 -4 -5 -6 -6 -6  7 -1 -5  1 -3 -5 -5 -2 -5 -4  4    1   0   0   0   0   0   0   0   0  69   1   0   2   0   0   0   1   0   0  27  1.54 0.47
   84 H   -5 -4 -3 -5 -6  0 -4 -6 11 -5 -2 -3 -5 -3 -6 -4 -5 -6 -1 -5    0   0   0   0   0   5   0   0  87   0   6   1   0   1   0   0   0   0   1   0  2.86 0.72
   85 D   -2 -2 -1  7 -3 -1  0 -2 -2 -3 -3 -2 -3 -3 -2 -1 -2 -3 -3 -3    3   2   1  69   1   1   3   2   1   2   3   2   1   1   2   2   2   0   1   2  1.18 0.27
   86 D   -2 -2 -1  7 -3 -2  0 -2 -2 -3 -3 -2 -3 -3 -2 -1 -2 -3 -3 -3    3   2   1  68   1   1   2   2   1   2   3   2   1   1   2   2   2   0   1   2  1.15 0.27
   87 L   -2 -2 -3 -3 -2 -2 -2 -3 -2  0  5 -2  1 -1 -2 -2 -2 -2 -2 -1    3   2   1   2   1   1   2   2   1   2  67   2   3   1   2   2   2   0   1   2  0.64 0.20
   88 P   -2 -2 -2 -2 -3 -2 -2 -2 -2 -3 -3 -2 -3 -3  8 -2 -2 -3 -3 -3    3   2   1   2   1   1   2   2   1   2   3   2   1   1  69   2   2   0   1   2  1.63 0.31
   89 C    3 -2 -2 -2  7 -2 -1 -1 -2 -2 -2 -2 -2 -2 -2  1 -1 -2 -2 -1   31   2   1   2  30   1   3   3   1   2   3   2   1   2   2   8   2   0   1   3  0.66 0.19
   90 M   -2 -2 -2 -3 -2 -1 -2 -3 -2  1  1 -2  9 -1 -2 -2 -2 -2 -2 -1    3   2   1   2   1   2   2   2   1   5  10   2  56   2   2   2   2   0   1   3  1.05 0.28
   91 D   -2 -2 -1  7 -3 -2  0 -2 -2 -3 -3 -2 -3 -3 -2 -1 -2 -3 -3 -3    3   2   1  70   1   1   2   2   1   2   3   2   1   1   2   2   2   0   1   2  1.20 0.27
   92 D   -2 -2  6  4 -3 -1 -1 -1 -1 -3 -3 -1 -2 -3 -2 -1 -1 -3 -2 -3    3   2  50  20   1   1   2   3   1   2   3   2   1   1   2   2   2   0   1   2  0.84 0.22
   93 D    0 -2  0  6 -3 -1  0 -1 -2 -3 -3 -2 -2 -3 -2  0 -2 -3 -2 -2    9   2   2  57   1   1   3   4   1   2   3   2   1   1   2   7   2   0   1   2  0.80 0.21
   94 D   -1 -1  0  5 -2  0  1 -1 -1 -2 -2 -1 -2 -1  0  0  0 -2 -2 -1    5   2   3  40   1   3   7   3   1   2   5   2   1   3   4   7   7   0   1   4  0.38 0.13
   95 L   -4 -4 -5 -5 -4 -4 -4 -5 -3  0  5 -4  3  3 -5 -4 -2  0  3 -1    0   0   0   0   0   0   1   0   0   3  61   0   6  12   0   0   1   1  12   1  0.91 0.33
   96 R   -5  9 -4 -5 -7 -2 -4 -6 -4 -7 -6 -1 -5 -6 -6 -4 -5 -6 -5 -6    0 100   0   0   0   0   0   0   0   0   0   0   0   0   0   0   0   0   0   0  2.64 0.70
   97 R   -5  8 -4 -5 -7 -2 -3 -6  1 -7 -6 -1 -5 -6 -6 -4 -5 -6 -5 -6    0  97   0   0   0   0   0   0   3   0   0   0   0   0   0   0   0   0   0   0  2.53 0.68
   98 G   -3 -6 -2 -4 -6 -5 -5  7 -3 -7 -7 -5 -6 -6 -5 -3 -5 -6 -6 -6    0   0   1   0   0   0   0  98   1   0   0   0   0   0   0   1   0   0   0   0  2.34 0.60
   99 K   -3  4 -2 -3 -5  3 -1 -4  0 -3 -3  6 -1 -4 -4 -3 -3 -5 -3 -3    0  26   1   0   0  12   1   0   2   2   2  48   2   0   0   0   0   0   0   1  1.02 0.38
  100 P   -2 -5 -5 -5 -6 -4 -3 -5 -5 -5  0 -2 -4 -5  8 -3 -3 -7 -5 -5    3   0   0   0   0   0   1   0   0   0  11   2   0   0  80   1   1   0   0   0  2.23 0.58
  101 T    0 -4 -3 -4  0 -3 -4 -4 -4 -4 -4 -3 -2 -5 -4  3  7 -6 -5 -3    5   0   0   0   1   0   0   0   0   0   0   0   1   0   0  22  71   0   0   1  1.45 0.52
  102 N   -2 -4  5 -3  7 -3 -4 -4 -3 -3 -1 -4 -3 -4 -4  0  1 -5 -4  1    2   0  35   0  28   0   0   0   0   0   7   0   0   0   0   6  10   0   0  12  1.00 0.38
  103 H   -6 -4 -3 -5 -7 -2 -4 -6 11 -7 -7 -5 -5 -5 -6 -5 -6  1 -2 -7    0   0   0   0   0   1   0   0  97   0   0   0   0   0   0   0   0   2   0   0  3.53 0.82
  104 K   -1  2 -3 -4 -3 -2 -2 -4 -4  2 -2  6 -1 -4 -4 -3 -2 -5 -3  2    3  10   0   0   0   0   0   0   0  14   1  52   1   0   0   0   1   0   0  16  0.80 0.35
  105 V    2  0 -3 -4 -3  1 -2 -4 -2  0 -1  3  0 -3 -4 -2 -2 -5 -3  4   18   4   0   0   0   8   2   0   1   4   2  20   2   0   0   0   0   0   0  39  0.47 0.27
  106 F   -5 -5 -6 -6 -5 -6 -6 -6  0 -3 -3 -5 -3  8 -7 -5 -4  1  6 -3    0   0   0   0   0   0   0   0   2   0   0   0   0  67   0   0   0   2  26   1  2.06 0.55
  107 G   -3 -4  0  3 -5 -4 -3  6 -4 -6 -6 -4 -5 -6 -3 -2 -3 -6 -6 -6    0   0   4  19   0   0   0  72   0   0   0   0   0   0   1   2   1   0   0   0  1.54 0.45
  108 E   -3 -3 -3  1 -6 -1  7 -5 -3 -6 -6 -2 -5 -5 -1 -2 -4 -6 -4 -3    1   0   1   5   0   1  85   0   0   0   0   0   0   0   2   1   0   0   0   2  1.74 0.55
  109 A    5 -2 -1  2 -2 -2 -2  1 -2 -4 -4 -2 -3 -4 -1  0 -1  0 -3 -3   63   1   2  10   0   1   1   9   1   0   0   1   0   0   2   4   2   1   0   0  0.77 0.33
  110 T   -1 -3  0 -3 -2 -1 -2 -3 -2  2  0 -2  4 -2 -3 -1  4 -4 -3  1    3   1   4   0   0   3   2   1   1  14   7   1  15   1   0   1  37   0   0  10  0.48 0.26
  111 A    7 -4 -4 -4 -3 -3 -3 -1 -4 -4 -4 -3 -4 -5 -3 -1 -1 -5 -4 -3   91   0   0   0   0   0   0   2   0   0   0   0   0   0   0   1   3   0   0   0  1.58 0.51
  112 V   -3 -4 -5 -3 -3 -4 -4 -5 -5  6  2 -4  1 -2 -4 -4 -1 -4 -3  3    0   0   0   1   0   0   0   0   0  55  16   0   2   0   0   0   4   0   0  18  0.96 0.32
  113 L   -3 -3 -5 -5 -4 -4 -5 -5 -3 -1  6 -4  0 -1 -5 -4 -3 -4 -3 -1    1   1   0   0   0   0   0   0   1   1  90   0   1   1   0   0   0   0   0   1  1.42 0.43
  114 A    6 -4 -4 -4  0 -3 -3 -2 -4 -3 -3 -3 -3 -4 -3  0  0 -5 -4  0   76   0   0   0   1   0   0   1   0   1   1   0   0   0   0   3   6   0   0   7  1.12 0.40
  115 G    0 -4 -3 -4  1 -4 -4  7 -4 -5 -5 -4 -5 -5 -4 -1 -4 -5 -5 -5    5   0   0   0   3   0   0  83   0   0   1   0   0   0   0   4   0   0   0   0  1.70 0.45
  116 D   -3 -4  0  8 -4 -1 -1 -3 -3 -3 -4 -3 -3 -4 -4 -3 -3 -5 -2 -3    2   0   3  80   0   2   1   1   0   1   1   0   1   1   0   0   0   0   2   3  1.67 0.47
  117 G    5 -3 -3 -3 -2 -3 -3  2 -3 -3 -3 -3 -3 -3 -3  1 -1 -2 -2 -2   65   0   0   0   0   0   0  16   0   1   2   0   0   1   0   7   2   1   1   1  0.89 0.34
  118 L   -3 -4 -5 -5 -3 -4 -4 -5 -5 -1  6 -4  2 -1 -5 -4 -3 -4 -3 -2    1   0   0   0   0   1   1   1   0   1  87   0   4   1   0   1   0   0   0   0  1.38 0.42
  119 L   -3 -2 -2 -3 -1  3 -2 -4  1  1  4 -3  1  1 -4 -3 -3 -3 -1 -1    1   1   2   1   1  20   1   0   3   8  49   0   2   4   0   1   0   0   2   2  0.54 0.25
  120 T    2 -3  1 -2  2 -2 -3 -2 -3 -1 -2 -2 -1 -3  0  1  5 -4 -3 -1   19   0   8   1   4   0   0   1   0   4   3   0   1   1   4  11  40   0   0   2  0.50 0.26
  121 E   -1  0 -2 -1 -3  0  1 -3  1 -1  3 -1  1  1 -3 -2 -2  0  2 -1    4   6   1   4   0   4  10   2   4   1  39   3   3   5   0   1   2   1   9   1  0.23 0.16
  122 S    6 -4 -4 -4 -1 -3 -3 -1 -4 -4 -3 -3 -3 -5 -2  1 -2 -5 -4 -3   81   0   0   0   1   0   0   3   0   0   2   0   0   0   1   9   1   0   0   1  1.28 0.45
  123 F   -2 -5 -4 -6 -5 -5 -5 -5 -3 -1 -1 -5  0  8 -5 -4 -4 -1  3 -1    3   0   1   0   0   0   0   0   0   3   3   0   2  76   0   1   0   0   6   3  1.78 0.49
  124 K   -1  0 -1  0 -4  2  5 -1  0 -3 -3  0 -2 -3 -3 -1 -1 -2 -1 -3    4   5   2   4   0   9  51   4   2   1   2   4   0   1   0   4   2   0   2   1  0.64 0.28
  125 L   -1 -2 -2 -4 -1 -1 -2 -4  3  3  2 -2  0  0 -3 -2  1  2 -1  2    3   1   1   0   1   2   1   0  10  19  23   2   1   2   1   2   9   3   1  17  0.29 0.16
  126 I   -1 -4 -5 -5 -2 -4 -4 -5 -4  4  4 -4  3  0 -4 -3 -2 -4 -2  1    5   0   0   0   1   0   0   0   0  23  47   0   9   2   1   1   1   0   1   8  0.71 0.27
  127 T    4 -3 -2 -2  1 -2 -2 -1 -2 -1  0 -2 -1 -2 -3  2  1 -4 -2  0   42   1   0   1   2   0   1   3   1   3  10   0   1   1   0  18  10   0   1   4  0.40 0.22
  128 S    0  2  1  2 -2  1  2  0  0 -3 -2  1  0 -3 -2  1  1 -3 -2 -2    9  11   6  12   1   5  13   6   1   0   2   8   3   0   1  10  10   0   0   1  0.20 0.11
  129 H    1  0  0  1  0  0  0  0  1 -1 -1  0 -1 -1  1  1  0 -1  0 -1   16   4   5   7   2   5   6   7   4   5   8   4   1   2   7   9   2   1   3   3  0.06 0.03
  130 V    0  0  0  0  1  0  0  0 -1  0  0  0  1 -1  1  0  1 -2  0  0   10   4   3   4   4   3   4   6   1   6  10   5   4   2   8   5  11   0   3   5  0.04 0.03
  131 S    1  0  0  0  0  0  0 -1 -1 -1 -1  0  0 -1  1  1  1 -1 -1 -1   15   5   6   5   2   3   6   4   1   2   6   7   2   3   6  10  10   1   1   4  0.07 0.06
  132 D    0  0  1  1 -2  0  1  0  2 -2 -2  2 -1 -2  2  1  0 -2 -2 -2    6   5   5  10   1   3   8   7   5   2   4  13   1   1   9  11   5   1   1   2  0.16 0.10
  133 E    0  0  1  2 -2  0  1  2  1 -3 -2  0 -2 -2  1  0 -1 -3 -1 -2    6   5   9  11   1   4   9  18   4   2   4   4   1   2   7   7   2   0   2   2  0.19 0.12
  134 V    0 -2 -2 -2  0 -2 -2 -2 -2  2  2 -2  0  0 -1 -2 -1 -3  0  3    8   2   2   2   2   1   3   3   1  11  21   3   2   5   3   3   4   0   3  22  0.19 0.12
  135 S    0 -1  1  2 -2 -1  1 -1  0 -3 -3 -1 -3 -3  4  3  0 -3 -3 -3    8   3   5  12   1   2   7   4   2   1   3   4   1   1  18  21   6   0   1   1  0.38 0.22
  136 A    3 -1 -2  0 -2 -2 -1 -1 -1 -3 -2 -2 -2 -4  5  1 -1 -4 -3 -3   23   3   2   6   1   2   3   4   1   1   4   2   1   0  30  10   4   0   1   1  0.61 0.31
  137 E    1  0  0  2 -3  1  3 -1  0 -3 -2  0 -1 -3 -1  0  0 -4 -2 -2   14   4   4  11   0   6  23   4   2   1   3   6   2   1   3   7   5   0   1   3  0.26 0.18
  138 K    0  4  0 -1 -1  2 -1 -2 -1  0  0  1 -1 -3 -2 -1  1 -4 -2  1    6  23   5   2   1  10   2   2   2   7   8   8   1   1   1   4   8   0   1   9  0.22 0.17
  139 R    1  3 -1 -3  0  0 -2 -2 -1  2  0  2 -1 -3 -3 -2 -1 -2 -1  1   12  19   3   1   2   5   1   3   1  12   9  13   1   1   0   2   4   1   2  10  0.22 0.17
  140 L    0 -2 -2 -4  0 -3 -3 -3 -4  3  3 -3  0 -2 -4 -2 -1 -4 -3  3   10   2   2   1   2   1   1   2   0  14  34   1   2   1   1   3   2   0   0  22  0.51 0.27
  141 R    1  4 -1  1 -2  2  2 -3 -1 -4 -2  3 -2 -5 -3 -1 -2 -3 -3 -4   11  24   3   7   1  10  12   1   1   0   4  16   1   0   1   3   1   0   1   1  0.50 0.29
  142 L    4 -5 -6 -6  2 -2 -5 -4 -6  1  3 -5  3 -3 -5 -3 -2 -1 -4  2   30   0   0   0   4   2   0   1   0   8  31   0   7   0   0   1   2   1   0  13  0.73 0.38
  143 V    0 -4 -5 -6  0 -5 -6 -4 -5  5  1 -5  2 -2 -5 -3  0 -5 -5  4    8   1   0   0   2   0   0   1   0  32  13   0   5   1   0   2   5   0   0  28  0.85 0.39
  144 N    1  3  0 -2 -2  2  0  0  2 -3 -1  1 -2 -3 -4  0 -1 -3 -1 -1   16  16   5   2   1   9   6   7   5   1   5   9   1   1   0   8   3   0   2   3  0.21 0.17
  145 E   -1 -1 -2 -1  0 -1  5 -3 -1  1  0 -2 -1 -2 -4 -2  0 -4 -1  0    6   3   1   3   2   2  37   1   2   9  10   1   1   1   0   2   7   0   2   7  0.42 0.29
  146 L   -3 -6 -5 -7 -4 -6 -7 -5 -7  3  6 -6  2  1 -7 -5 -4 -6 -3  0    2   0   0   0   0   0   0   1   0  16  64   0   4   6   0   0   0   0   1   6  1.35 0.54
  147 I    6 -5 -3 -5 -1 -5 -4  0 -5 -4 -3 -5 -2 -3 -5  3 -1 -6 -3 -3   56   0   1   0   1   0   0   7   0   0   3   0   1   1   0  23   4   0   1   1  1.14 0.56
  148 S    0  3  0  0 -3  2  1 -2  1 -3 -3  3 -2 -3 -4  0  0 -2 -2 -2    6  18   4   5   0  10  10   3   4   2   2  17   1   1   0   8   5   0   2   2  0.33 0.22
  149 A    6 -2 -3 -5  2 -3 -4  0 -3 -5 -3 -2 -3 -4 -5  0 -3 -4 -1 -3   67   2   1   0   3   1   1   5   1   0   3   3   0   0   0   7   1   0   2   2  1.20 0.56
  150 A    5 -5 -4 -5  1 -4 -4 -1 -5  2 -2 -4 -2 -2 -4  3  0 -5 -5  1   42   0   0   0   2   0   0   3   0  11   3   0   1   2   0  20   5   0   0  10  0.73 0.40
  151 G   -4 -6 -5 -5 -4 -6 -6  8 -4 -6 -6 -6 -3 -7 -6 -3 -5 -7 -7 -5    1   0   0   1   0   0   0  91   0   1   1   0   1   0   0   2   0   0   0   1  2.48 0.83
  152 T    2 -2 -3 -3 -1 -3 -3 -1 -1  1 -1 -2  0 -2  2  2  1  0 -1  0   20   2   1   0   1   1   1   4   2   7   4   1   2   1  11  18  11   1   2   8  0.28 0.22
  153 E    0  2  1  1 -2  1  2  0  0 -3 -1  1 -1 -1 -2  1 -1 -2  1 -2   10  10   6   6   1   7  15   6   3   1   6   8   1   2   1   9   3   0   5   2  0.15 0.13
  154 G   -3 -5 -4 -3 -6 -4 -5  7 -4 -8 -8 -4 -4 -8 -7 -5 -6 -1 -6 -8    2   0   0   2   0   1   1  90   0   0   0   1   0   0   0   0   0   1   0   0  2.43 0.84
  155 M   -5 -7 -8 -8 -3 -4 -7 -8 -7  0  2 -7 10 -5 -8 -7 -4 -7 -6  0    1   0   0   0   1   1   0   0   0   4  15   0  72   0   0   0   1   0   0   6  2.75 0.95
  156 V    1 -6 -7 -6  3 -6 -6 -5 -7  5 -2 -6 -1 -4 -6 -5 -2 -7 -5  6   11   0   0   0   6   0   0   1   0  29   2   0   1   0   0   0   2   0   0  47  1.34 0.55
  157 G    3 -3 -4 -4 -4 -4 -2  6 -4 -5 -2 -3 -3 -4 -5 -2 -4 -6 -1 -5   24   1   0   1   0   1   2  55   0   0   5   1   1   1   0   3   1   0   2   1  1.20 0.52
  158 G   -5 -7 -6 -6 -8 -7 -7  8 -7 -9 -8 -7 -8 -8 -7 -6 -7 -8 -8 -8    0   0   0   0   0   0   0  98   0   0   0   0   0   0   0   0   0   0   0   0  2.93 0.97
  159 Q   -7 -5 -6 -6 -9  9 -1 -8 -5 -9 -8 -3 -6 -9 -7 -6 -7 -8 -7 -8    0   0   0   0   0  96   3   0   0   0   0   1   0   0   0   0   0   0   0   0  3.39 1.21
  160 V    3 -5 -5 -5 -2  0 -2 -5 -3  1 -2 -4  4 -2 -5  0  0 -1  0  4   22   0   0   0   1   4   3   0   1   6   2   0  10   1   0   7   5   1   3  34  0.64 0.38
  161 A    1 -2 -4 -2 -3 -2 -2 -4 -2  2  3 -3  4 -1 -5 -2 -3 -2 -1  2   12   2   0   3   0   2   3   1   1  13  34   1  10   2   0   2   1   1   2  12  0.47 0.27
  162 D   -8 -7 -4  9 -9 -6 -3 -5 -7 -9 -10 -6 -9 -10 -7 -6 -7 -10 -9 -9    0   0   0  98   0   0   1   1   0   0   0   0   0   0   0   0   0   0   0   0  3.28 1.09
  163 M   -5 -6 -7 -7 -3 -6 -6 -8 -7  5  5 -6  6 -3 -7 -5 -1 -4 -5  1    0   0   0   0   1   0   0   0   0  28  44   0  16   0   0   0   3   0   0   7  1.37 0.55
  164 E    2 -1 -1  1 -3  2  3 -2  0 -1  0  0  0 -2 -4  0 -1 -3 -2 -2   18   2   2   6   0   8  23   2   2   3  12   4   2   2   0   6   3   0   1   1  0.26 0.22
  165 A    3 -4  1 -4  1 -3 -3  2  0 -3 -2 -3  0 -1 -2  3 -1 -1  0 -3   26   0   7   0   3   1   1  14   3   1   4   0   2   2   2  26   2   1   3   2  0.46 0.31
  166 G   -2 -3 -1 -1 -3  0  7 -1 -3 -4 -5 -2 -1 -6 -3 -1  1 -7 -6 -1    4   1   2   3   1   3  60   4   0   1   1   2   2   0   1   4   8   0   0   4  1.18 0.57
  167 N   -1  0  3  0 -5 -1 -1  5  1 -6 -5  1 -4 -5 -2 -1 -2 -3 -4 -5    4   4  15   6   0   3   5  42   3   0   1   8   0   0   2   4   3   0   0   0  0.74 0.36
  168 R   -1  3  0  0 -2  2  0 -1  1 -3 -3  4 -1 -4 -3  0  0 -4 -4 -3    6  13   3   5   1  10   5   4   3   2   3  30   2   1   1   5   5   0   0   2  0.43 0.27
  169 Q    0  0  0  1 -2  1  2 -1  1 -2 -3  1 -2 -4  3  0  0 -4 -3 -2    9   4   4   9   1   8  16   4   3   2   2   9   1   1  13   6   7   0   0   3  0.25 0.18
  170 V    0 -2 -2 -2 -1 -2 -3 -3 -4  3  2 -3  0 -1  2 -2 -1 -3 -2  3    7   2   2   2   1   1   1   2   0  18  22   1   2   3  10   3   3   0   1  18  0.33 0.20
  171 T   -2 -4  1  4 -4 -2  0  0 -3 -6 -5 -3 -4 -6 -1  3  3 -6 -6 -5    3   1   6  27   0   1   5   8   0   0   1   1   0   0   2  24  20   0   0   0  0.78 0.42
  172 L   -1 -1 -4 -3 -3 -1  2 -4 -2  1  4 -2  1  0  1 -3 -3 -3 -1  0    6   4   0   1   0   3  13   1   1   8  38   2   2   4   6   1   1   0   2   5  0.36 0.24
  173 E    1 -1  0  4 -5  0  4 -3 -1 -5 -5  0 -4 -6  0  0 -1 -4 -4 -4   14   2   3  19   0   4  31   1   1   1   1   6   0   0   5   7   3   0   0   1  0.64 0.36
  174 E    0  0 -2  1 -4  2  4 -2  2 -2 -1 -1  0 -2 -3 -1  2 -5 -2 -1    8   4   1   7   0  10  26   3   4   2   8   3   2   2   0   3  13   0   1   4  0.31 0.23
  175 L   -5 -5 -7 -7 -5 -6 -7 -7 -5  2  6 -6  1 -4 -6 -6 -4 -6 -5  2    1   0   0   0   0   0   0   0   0   8  74   0   2   0   0   0   1   0   0  12  1.59 0.61
  176 E   -1  2  0  1 -4  2  5 -4 -1 -2 -2  2 -1 -4 -4 -1  0 -3 -2 -2    4  11   3   6   0   8  34   1   1   2   4  11   2   1   0   3   5   0   2   2  0.52 0.31
  177 S   -1  1  0 -1 -4  1  0 -3  1 -2 -2  0 -2  3 -4  0  0  0  4 -3    6   9   5   4   0   7   7   1   3   1   4   6   1  14   0   5   7   1  17   1  0.31 0.22
  178 I   -6 -6 -7 -7 -4 -6 -7 -8 -7  7  2 -6  6 -4 -7 -6 -3 -7 -6  0    0   0   0   0   0   0   0   0   0  56  16   0  20   0   0   0   2   0   0   4  1.79 0.66
  179 H   -4 -6 -1 -2 -4  2 -3 -7 11 -6 -7 -6 -4 -5 -7 -5 -7 -7  2 -6    2   0   3   2   0   7   1   0  76   0   0   0   1   0   0   1   0   0   5   1  3.00 0.99
  180 E    1  4 -1 -2 -3  1  1 -3  0  0  0  0 -1 -4 -4  0  0 -5 -1 -1   12  25   3   2   0   5   9   1   2   6   9   5   1   0   0   7   6   0   2   5  0.27 0.20
  181 R   -2  2  2 -4 -2 -1 -3 -2  7 -4  2  1  3 -4 -5 -3 -3 -4  1 -4    4  12  12   0   1   2   0   4  23   0  22   7   6   0   0   1   1   0   4   0  0.71 0.38
  182 K   -6 -3 -6 -6 -8 -4 -5 -7 -6 -8 -8  8 -7 -8 -6 -6 -6 -8 -7 -8    0   0   0   0   0   0   0   0   0   0   0  99   0   0   0   0   0   0   0   0  3.07 1.06
  183 T   -4 -7 -6 -7 -6 -6 -6 -7 -7 -6 -6 -6 -6 -8 -6 -3  8 -8 -7 -6    1   0   0   0   0   0   0   0   0   0   1   0   0   0   0   1  96   0   0   0  2.89 1.06
  184 S    3 -7 -5 -6 -3 -6 -6  7 -6 -7 -7 -6 -5 -7 -6 -1 -5 -7 -7 -5   25   0   0   0   0   0   0  69   0   0   0   0   0   0   0   4   0   0   0   1  1.90 0.72
  185 K    6  1 -4 -1  0 -3 -2 -3 -5 -3 -4  1 -2 -5 -5 -1 -3 -6 -5 -2   61   8   0   3   2   1   3   1   0   1   1  10   1   0   0   4   1   0   0   2  1.07 0.52
  186 L   -6 -7 -6 -8 -6 -7 -7 -8 -7 -2  7 -7  3 -1 -7 -5 -6 -6 -6 -3    0   0   0   0   0   0   0   0   0   1  87   0   7   2   0   1   0   0   0   1  2.05 0.75
  187 L   -4 -7 -7 -7 -6 -7 -7 -8 -7  7  3 -7  0  3 -7 -6 -5 -6 -4 -1    1   0   0   0   0   0   0   0   0  56  27   0   2  11   0   0   0   0   0   2  1.64 0.61
  188 G    0  4 -2 -3 -1  1  3 -2 -2 -1 -3  1 -1 -5 -4  0  1 -5 -4 -2    9  22   2   1   1   6  20   2   1   3   3   8   2   0   0   6  10   0   0   3  0.42 0.28
  189 F    6 -5 -6 -6  2 -5 -5 -1 -5 -2 -3 -5 -4  2 -5 -1 -2  0  0  0   62   0   0   0   4   0   0   5   0   2   3   0   0   7   0   3   2   1   4   6  1.13 0.54
  190 C    5 -6 -5 -5  4 -5 -5 -4 -6 -6 -5 -5 -6 -7  0  5 -2 -7 -6 -5   42   0   0   0   8   0   0   1   0   0   1   0   0   0   5  42   2   0   0   0  1.42 0.65
  191 V    2 -6 -6 -7  5 -6 -6 -5 -6  2  2 -6  2 -1 -5 -4 -2 -6 -5  5   14   0   0   0  12   0   0   0   0  12  18   0   4   3   0   1   2   0   0  34  0.91 0.42
  192 I    0  3 -3 -3 -3  0  2 -4 -1  0  1  0  1 -3 -4 -2 -1 -4 -3  3    6  19   0   0   0   4  14   1   1   4  13   6   4   1   0   1   4   0   1  19  0.34 0.25
  193 A    3 -5 -5 -5  3 -4 -5 -2 -5  2  2 -5  6 -1 -5  0  0 -5 -4  0   22   0   0   0   6   0   0   3   0  11  19   0  18   2   0   8   4   0   0   5  0.63 0.35
  194 G    1 -7 -5 -6 -7 -6 -7  7 -7 -7 -8 -6 -7 -8  0 -3 -5 -7 -8 -4    9   0   0   0   0   0   0  82   0   0   0   0   0   0   4   1   0   0   0   2  2.18 0.79
  195 A    6 -6 -4 -6  3 -5 -5  2 -5 -4 -2 -5 -5 -4 -3 -2 -3 -7 -3  0   62   0   1   0   6   0   0  14   0   1   4   0   0   1   1   3   1   0   1   6  1.23 0.57
  196 I   -2  0 -6 -5 -1 -3 -4 -6 -1  6  3 -4  1 -2 -6 -4 -2 -2  0  1    4   5   0   0   1   1   1   0   2  43  22   1   3   1   0   1   2   1   3   9  0.87 0.40
  197 L    2 -5 -6 -6  3 -4 -5 -4 -5  3  4 -4  1 -1 -5 -2 -2 -3 -3  1   19   0   0   0   6   0   0   1   0  16  36   1   3   2   0   2   2   0   1  10  0.68 0.35
  198 A    5 -4 -5 -5  0 -4 -4  4 -4 -5 -4 -4 -4 -4 -5  1 -2 -5 -3 -3   46   1   0   0   2   0   0  31   0   0   1   1   0   1   0  10   2   0   1   2  1.12 0.53
  199 D   -2 -1  2  2 -3  0  0  6  0 -7 -6 -1 -6 -5 -5 -2 -3 -7 -6 -6    2   4   8   9   1   4   5  54   2   0   1   4   0   0   0   3   1   0   0   0  1.06 0.47
  200 A    5 -3 -3 -4  0 -1 -3  2 -2 -2 -2 -2 -3 -3 -2 -1 -2 -6 -3  0   51   1   1   1   2   2   1  16   1   2   5   2   0   1   2   3   2   0   1   6  0.74 0.40
  201 P   -2 -1  2  4 -3 -2  0 -1 -3 -5 -5 -1 -5 -4  2  4  1 -6 -2 -5    2   3  10  21   0   1   4   5   0   0   1   4   0   0   9  27  10   0   1   0  0.59 0.36
  202 E    1 -2 -2  4 -4  1  4 -2 -2 -4 -4  1 -4 -4  2  0 -1 -4 -4 -3   11   2   1  19   0   6  26   3   1   1   1   7   0   1  10   6   3   0   0   1  0.55 0.32
  203 E    1  0  0  2 -5  1  4 -2 -1 -4 -4  1 -3 -5 -1  0 -1 -5 -3 -3   12   5   4  12   0   5  29   3   1   1   2   9   1   0   3   7   4   0   1   2  0.45 0.29
  204 D    0 -1 -2  2 -3  4  4 -4 -2  0 -1  0 -1 -4 -3 -2  0 -4 -3  0    7   2   1  12   0  19  24   1   1   5   5   4   2   0   1   2   7   0   1   6  0.46 0.30
  205 I   -1  2 -5 -5 -1  0 -2 -5 -3  3  3 -1  2 -1 -5 -3 -1 -3 -1  2    4  10   0   0   1   4   3   1   1  18  28   4   4   2   0   1   3   0   2  14  0.43 0.25
  206 E    2  0  1  1 -4  1  4 -2  0 -3 -3  1 -3 -4 -2  0 -1 -4 -4 -2   15   5   5   9   0   7  27   3   2   1   2   9   1   1   2   5   4   0   0   2  0.38 0.26
  207 T    4  3 -1 -2 -2  0 -2 -2  0 -2 -1  1 -1 -4 -2  0 -1 -4 -2 -2   33  16   3   2   1   4   2   2   2   3   7   9   1   0   2   6   3   0   1   2  0.36 0.26
  208 L    0 -7 -8 -8 -2 -6 -7 -6 -7  2  6 -7  2  0 -7 -6 -5  1 -3  0    7   0   0   0   1   0   0   1   0   9  66   0   4   3   0   0   0   2   1   7  1.33 0.56
  209 R    0  4 -1  1 -2  0  2 -1 -1 -2 -2  1 -2 -4 -4  1  2 -4 -2 -2    7  21   2   9   1   3  13   5   1   2   3   6   1   0   0  11  12   0   1   2  0.32 0.24
  210 T    0  3  1  1 -3  2  2 -2  0 -2 -2  2 -3 -4 -3  0  0 -4 -4 -2    9  19   6   6   0   8  12   3   2   2   4  12   0   0   1   7   5   0   0   3  0.32 0.22
  211 F   -3 -7 -8 -9 -4 -7 -8 -7 -5 -1 -2 -8 -4  6 -8 -7 -6 -2  8 -3    3   0   0   0   0   0   0   0   0   4   3   0   0  33   0   0   0   0  52   2  2.34 0.85
  212 S    5 -7 -6 -7 -3 -6 -7  6 -7 -6 -7 -6 -7 -6 -7 -1 -5 -8 -7 -6   43   0   0   0   0   0   0  51   0   0   0   0   0   0   0   4   0   0   0   0  1.79 0.74
  213 S    0  3 -1  1 -3  2  3 -3  1 -3 -1  1 -2 -3 -4 -1 -1 -3  0 -3    7  18   3   8   0   8  20   2   3   1   5   9   1   1   0   4   4   0   3   1  0.36 0.25
  214 H    2  0  3  0  4 -1 -1 -2  4 -4 -2  2 -3 -3 -4  0 -2 -3  0 -4   18   4  15   5   9   2   3   2  11   1   4  11   0   1   0   7   1   0   4   1  0.44 0.29
  215 I   -3 -7 -7 -8 -5 -7 -7 -8 -7  5  4 -7  0  2 -7 -6 -4 -6 -1  2    2   0   0   0   0   0   0   0   0  34  39   0   2   8   0   0   1   0   2  13  1.28 0.52
  216 G   -4 -8 -6 -7 -9 -8 -8  8 -8 -10 -10 -7 -9 -9 -8 -6 -8 -9 -9 -9    1   0   0   0   0   0   0  99   0   0   0   0   0   0   0   0   0   0   0   0  3.06 1.04
  217 I   -5 -2 -8 -8 -6 -3 -6 -8 -6  1  6 -6  2 -2 -8 -6 -5 -4 -5 -1    1   2   0   0   0   1   0   0   0   6  78   0   5   1   0   1   0   0   0   3  1.70 0.67
  218 G    6 -6 -6 -7  0 -4 -5 -3 -7 -3  1 -6  1 -6 -6 -2 -2 -7 -6 -2   70   0   0   0   2   1   0   2   0   1  14   0   4   0   0   2   2   0   0   3  1.48 0.67
  219 F   -8 -9 -9 -10 -4 -9 -9 -6 -7 -6 -5 -9 -6 10 -10 -8 -8 -5  2 -7    0   0   0   0   1   0   0   1   0   0   0   0   0  92   0   0   0   0   6   0  3.44 1.08
  220 Q   -7 -5 -6 -7 -9 10 -4 -8 -6 -9 -9 -5 -7 -10 -8 -6 -7 -8 -8 -9    0   0   0   0   0 100   0   0   0   0   0   0   0   0   0   0   0   0   0   0  3.65 1.28
  221 I   -4 -8 -7 -8 -6 -7 -8 -8 -6  7 -1 -7 -1 -5 -8 -7 -5 -7 -3  4    2   0   0   0   0   0   0   0   0  66   4   0   1   0   0   0   0   0   1  25  2.04 0.72
  222 R    1  1 -4 -5 -3  3 -3 -5  0  1 -3  1  0 -3 -5 -2  2  0 -2  4   12   8   0   0   0  13   0   0   2   8   1   8   2   1   0   2  11   1   1  28  0.47 0.32
  223 D   -7 -7 -1  9 -9 -6 -4 -7 -7 -9 -9 -6 -9 -9 -7 -6 -7 -10 -9 -9    0   0   3  96   0   0   0   0   0   0   0   0   0   0   0   0   0   0   0   0  3.19 1.07
  224 D   -8 -7 -4  9 -9 -6 -4 -7 -7 -9 -9 -7 -9 -9 -7 -6 -7 -10 -9 -9    0   0   0  99   0   0   0   0   0   0   0   0   0   0   0   0   0   0   0   0  3.38 1.11
  225 I   -5 -7 -8 -8 -3 -7 -7 -8 -7  7  3 -6  0 -4 -7 -7 -5 -5 -4  2    0   0   0   0   1   0   0   0   0  59  24   0   2   0   0   0   0   0   0  12  1.74 0.64
  226 L   -6 -6 -6 -8 -6 -3 -6 -8 -8 -1  7 -6 -1 -4 -8 -7 -6 -7 -6 -3    0   0   0   0   0   1   0   0   0   3  91   1   1   0   0   0   0   0   0   1  2.13 0.78
  227 D   -7 -7 -1  9 -9 -6 -2 -5 -7 -9 -9 -6 -8 -9 -7 -5 -7 -9 -8 -9    0   0   2  94   0   0   2   1   0   0   0   0   0   0   0   0   0   0   0   0  3.05 1.02
  228 L    0 -3 -5 -5 -1 -3  1 -5 -2  3 -1 -3 -1 -3 -5 -4 -3 -6 -1  6    9   2   0   0   1   1  10   1   1  13   5   2   1   1   0   1   1   0   2  50  0.87 0.42
  229 E   -3 -3 -3 -2 -2 -1  3 -5 -4  2 -2 -2 -2 -4 -5 -1  5 -6 -4  1    1   1   0   1   1   2  20   1   0  10   3   2   1   1   0   4  42   0   1   8  0.84 0.45
  230 G    2 -3 -3 -4 -3  1 -3  5 -4 -5 -5  0 -2 -6 -5  3 -3 -2 -6 -4   14   1   0   1   1   5   2  46   0   1   1   6   1   0   0  19   1   1   0   1  0.96 0.45
  231 S   -3 -4  1  5 -4 -3 -1 -4 -5 -5 -5 -3 -5 -6 -3  3  4 -7 -5 -5    2   0   6  34   0   1   3   1   0   0   1   1   0   0   1  23  24   0   0   1  1.08 0.52
  232 E    2 -2 -2 -2 -3  0  2 -3 -4 -3 -3 -1 -4 -1  1  3  3 -5 -4 -2   14   2   1   2   0   4  15   1   0   1   2   3   0   3   8  20  20   0   0   3  0.43 0.30
  233 E    2 -2 -2  1 -5  1  5 -3 -2 -4 -4  1 -5 -5 -4  0 -2 -6 -4 -3   18   1   2   7   0   6  41   2   1   1   1   8   0   0   1   6   2   0   0   2  0.75 0.40
  234 K    0 -1 -2  0 -4  2  4 -4 -1 -1 -2  2 -1 -5 -4 -1  3 -5 -4  0    8   2   1   4   0   7  25   1   1   4   4  13   1   0   0   3  17   0   0   8  0.39 0.27
  235 I   -3 -2 -5 -4 -5 -5 -5 -6 -3  2  5 -5  4 -2 -6 -4  0 -5 -5 -1    2   2   0   1   0   0   0   0   1   9  62   0  10   1   0   1   5   0   0   3  1.18 0.49
  236 G   -5 -5 -5 -5 -7 -5 -4  8 -6 -7 -6 -6 -7 -7 -6 -5 -6 -7 -7 -7    0   1   0   0   0   0   1  93   0   0   1   0   0   0   0   0   0   0   0   0  2.60 0.87
  237 K   -5 -2 -5 -4 -7 -3 -4 -6 -4 -7 -6  8 -6 -7 -5 -5 -5 -7 -6 -7    1   1   0   1   0   0   1   0   0   0   1  92   0   0   0   0   0   0   0   0  2.68 0.93
  238 R    0  1  0  0 -4 -1 -2 -4 -2 -4 -4  0 -2 -5  4  1  5 -6 -5 -4    6   6   5   5   0   2   2   1   1   1   1   6   1   0  20  10  32   0   0   1  0.67 0.38
  239 V    3 -2 -3 -4 -3  0 -3 -3 -4  1 -1 -3 -2 -4  2 -1  2 -4 -4  3   26   2   1   0   0   5   1   1   0   9   6   1   0   0  11   3  13   0   0  21  0.46 0.29
  240 G   -3 -2  1 -4 -6 -1 -4  7  2 -6 -5 -2 -5 -5 -6 -3 -5 -6 -6 -5    2   3   5   1   0   3   1  72   5   0   1   3   0   0   0   1   0   0   0   1  1.67 0.62
  241 S   -1  1 -3 -4 -5  1 -3 -4 -4 -4 -4  6 -2 -6 -5  4 -2 -6 -5 -4    5   6   1   0   0   5   1   1   0   1   2  43   1   0   0  32   2   0   0   1  1.12 0.54
  242 D   -7 -7 -3  9 -8 -6 -4 -6 -6 -8 -8 -6 -8 -8 -6 -6 -6 -9 -8 -8    0   0   1  97   0   0   0   0   0   0   0   0   0   0   0   0   0   0   0   0  3.16 1.04
  243 T    3  0 -2 -1 -3  2  2 -3 -2  0  1  0 -1 -3 -3 -1 -1 -5 -3  0   25   5   1   3   0   8  17   1   1   5  13   6   2   1   0   4   3   0   0   5  0.26 0.21
  244 T    2  2 -1  1 -3  0  2 -2 -1 -1 -2  2 -1 -3 -3 -1 -1 -3 -3  0   21  10   2   7   0   4  14   2   1   3   3  16   1   1   0   4   2   0   1   6  0.27 0.20
  245 N    2  2  4 -1 -3  2  0 -3  1 -3  0  1  0 -4 -4  0 -2 -5 -3 -2   18  10  20   3   1   9   6   1   4   1   9   7   2   0   0   7   2   0   0   2  0.36 0.25
  246 D   -2 -2  4  3 -6  1  1  4  2 -6 -5  0 -5 -5 -4 -2 -4 -6 -4 -5    3   2  18  15   0   6   7  34   5   0   1   5   0   0   0   2   0   0   0   0  0.81 0.39
  247 K   -5 -1 -5 -6 -8 -3 -4 -6 -6 -7 -7  8 -6 -8 -6 -5 -5 -8 -7 -7    0   2   0   0   0   0   0   0   0   0   0  94   0   0   0   0   1   0   0   0  2.80 0.98
  248 S    3 -2  1 -3  0 -1 -3 -3 -3 -1  1 -2  1 -2  1  2  1 -2 -3 -1   23   2   8   0   2   3   0   1   0   2  15   2   3   1   6  15  11   1   0   5  0.27 0.23
  249 T   -4 -6 -2 -6 -6 -6 -6 -7 -7 -5 -6 -6 -6 -7 -6 -1  8 -7 -7 -5    1   0   2   0   0   0   0   0   0   0   0   0   0   0   0   4  91   0   0   0  2.64 0.99
  250 Y   -3 -7 -6 -8 -2 -7 -7 -8 -2 -4 -2 -7 -4  5 -8 -5 -6  2  9 -5    3   0   0   0   1   0   0   0   1   1   4   0   0  21   0   1   0   2  65   1  2.50 0.88
  251 P   -2 -7 -7 -7 -6 -6 -6 -7 -4 -1 -1 -6 -5 -7  7 -5 -2 -8 -6  5    3   0   0   0   0   0   0   0   0   3   5   0   0   0  49   0   2   0   0  37  1.77 0.72
  252 S    2  0 -1 -2 -4 -2 -3  0 -3 -4 -4  2 -4 -4 -4  4  3 -5 -3 -3   19   5   3   2   0   1   1   6   0   0   2  14   0   0   0  30  15   0   1   1  0.58 0.37
  253 L   -2 -4 -6 -6 -2 -4 -5 -7 -1  2  5 -4  1  1 -6 -4 -4 -4 -2  2    3   1   0   0   1   0   1   0   2  11  54   1   2   6   0   1   0   0   1  15  1.00 0.44
  254 L   -3 -4 -5 -7  0 -5 -5 -6  1  1  4 -4  4  2 -7 -5 -4  0  4  0    2   0   1   0   2   0   0   0   3   6  43   1  10   9   0   0   0   1  15   6  0.97 0.44
  255 S   -5 -8 -5 -6 -8 -7 -8  8 -8 -9 -9 -7 -8 -9 -8 -2 -3 -8 -9 -9    0   0   0   0   0   0   0  95   0   0   0   0   0   0   0   3   2   0   0   0  2.75 0.95
  256 L   -3 -4 -6 -6 -5 -4 -3 -7 -5  4  5 -4  3 -2 -3 -4 -2 -6 -4  3    2   1   0   0   0   1   2   0   0  18  48   1   6   1   1   1   2   0   0  16  0.99 0.44
  257 E    0 -3 -1  4 -7  0  6 -4 -4 -6 -6 -1 -4 -7 -2 -1 -3 -7 -6 -5    7   1   2  25   0   3  48   1   0   0   0   4   0   0   2   3   2   0   0   1  1.24 0.57
  258 G    1  1 -1 -2 -6  1  3  3 -4 -6 -5  4 -3 -6 -4 -2 -2 -2 -5 -4   11   6   3   2   0   5  20  25   0   0   0  22   0   0   0   2   2   1   0   1  0.66 0.37
  259 A    6 -6 -5 -6  1 -5 -6 -5 -6 -6 -6 -5 -6 -7 -6  4  0 -8 -7 -5   57   0   0   0   3   0   0   0   0   0   0   0   0   0   0  33   6   0   0   0  1.62 0.73
  260 K   -4  6 -3 -4 -4  3 -1 -5 -1 -1 -4  5 -2 -7 -6 -4 -4 -2 -2 -4    1  40   1   0   0  10   4   1   1   4   1  31   1   0   0   1   1   1   1   1  1.23 0.56
  261 H    1  2  0  0 -5  3  4 -4 -1 -2 -3  2 -3 -5 -4 -1 -2 -6 -4 -2   14  11   4   6   0  11  24   1   2   2   2  14   1   0   0   4   2   0   0   3  0.49 0.31
  262 K   -1  3 -3 -2 -3  0  1 -5  0  1  1  2  3  1 -4 -3 -2 -2  2 -2    6  15   0   2   0   4  10   0   2   7  16  13   7   5   0   1   1   0   8   1  0.30 0.23
  263 L    5 -3 -6 -6 -1 -5 -4 -4 -6 -1  2 -4  1 -4 -6 -2 -4 -6 -3  2   54   1   0   0   1   0   1   1   0   4  19   0   3   1   0   2   0   0   1  12  1.02 0.51
  264 D    1  2  1  2 -3  2  3 -2  0 -2 -2  2 -3 -3 -4 -1 -1 -5 -3 -2   11  11   6  10   1   9  18   3   2   2   4  13   0   1   0   4   3   0   1   2  0.31 0.22
  265 V    0  2  0  2 -4  2  4 -2 -1 -4 -3  2 -1 -4 -4  0 -1 -5 -2 -4    6  11   3  10   0  10  28   2   1   1   2  12   1   1   0   5   4   0   1   1  0.52 0.31
  266 H   -2 -4 -4 -6  0 -1  0 -7  2 -1  5 -3 -1 -2 -6 -4 -1 -4  2 -1    3   1   1   0   2   3   7   0   6   2  58   1   1   1   0   1   4   0   7   3  0.92 0.46
  267 I    0 -2 -1 -4  1 -2 -3 -3  1  3  1 -2  0 -1 -4  0  2 -3  1  2    7   2   3   0   2   1   1   1   4  16  11   2   2   2   0   6  17   0   6  17  0.28 0.21
  268 K    1  1  2  3 -3  2  3 -1 -2 -4 -4  1 -4 -5 -4  0 -1 -3 -4 -4   12   8  10  15   0  10  19   4   1   0   1   8   0   0   0   5   3   0   0   1  0.46 0.29
  269 E    0  1 -1  2 -4  3  4 -4 -1 -4 -3  2 -2 -5 -5 -1 -1 -6 -4 -5    8   8   2   9   0  14  31   1   2   1   2  13   1   0   0   4   3   0   0   0  0.65 0.37
  270 A    7 -7 -7 -7  1 -6 -6 -4 -7 -5 -6 -6 -5 -8 -6 -1 -5 -8 -7 -5   92   0   0   0   3   0   0   1   0   1   0   0   0   0   0   3   0   0   0   0  2.34 0.91
  271 N   -3  2 -1 -3  2  2 -1 -5  2  2  0  4  0 -3 -4 -3 -2 -5 -1 -1    1  12   3   1   5  10   3   0   6  13   9  26   2   1   0   1   1   0   2   4  0.43 0.28
  272 D   -5 -5  3  5 -8 -3  6 -6 -4 -7 -7 -4 -6 -7 -5 -4 -5 -7 -6 -7    0   0  11  34   0   0  55   0   0   0   0   0   0   0   0   0   0   0   0   0  1.81 0.66

                      K         Lambda
Standard Ungapped    0.1333     0.3141
Standard Gapped      0.0410     0.2670
PSI Ungapped         0.2002     0.3178
PSI Gapped           0.0613     0.2670
