
Last position-specific scoring matrix computed, weighted observed percentages rounded down, information per position, and relative weight of gapless real matches to pseudocounts
           A  R  N  D  C  Q  E  G  H  I  L  K  M  F  P  S  T  W  Y  V   A   R   N   D   C   Q   E   G   H   I   L   K   M   F   P   S   T   W   Y   V
    1 M   -7 -7 -8 -9 -7 -6 -8 -8 -7 -4  0 -7 11 -5 -8 -7 -6 -7 -7 -5    0   0   0   0   0   0   0   0   0   0   8   0  92   0   0   0   0   0   0   0  3.73 1.21
    2 N   -5  6  5 -3 -7 -2 -4 -5  0  1 -5  2 -3 -4 -6 -4 -4 -5 -2 -4    0  38  29   1   0   1   0   0   2  10   0  13   1   1   0   0   0   0   1   1  1.24 0.59
    3 L   -2 -6 -7 -7 -3 -6 -7 -7 -7  6  4 -6  2  0 -7 -6 -4 -4 -3  2    4   0   0   0   0   0   0   0   0  39  36   0   4   3   0   0   0   0   1  12  1.21 0.52
    4 I   -3 -7 -7 -8 -3 -7 -7 -8 -7  6  1 -7  0 -2 -7 -6 -4 -7 -5  5    2   0   0   0   0   0   0   0   0  45  10   0   2   1   0   0   0   0   0  39  1.58 0.64
    5 L   -6 -7 -8 -8 -6 -7 -7 -8 -7  3  5 -7  2  5 -7 -7 -6 -5 -4 -2    0   0   0   0   0   0   0   0   0  14  61   0   4  19   0   0   0   0   0   2  1.56 0.64
    6 M   -5 -6 -7 -8 -6 -6 -7 -8 -5  2  5 -7  4  4 -7 -6 -4 -5 -3 -1    0   0   0   0   0   0   0   0   0  10  61   0   9  15   0   0   1   0   0   3  1.45 0.61
    7 G   -4 -8 -6 -7 -8 -7 -8  8 -8 -9 -9 -7 -8 -9 -8 -5 -7 -8 -9 -9    1   0   0   0   0   0   0  99   0   0   0   0   0   0   0   0   0   0   0   0  2.94 1.05
    8 L    4 -6 -6 -7 -3 -4 -5 -4 -5 -5 -4 -4 -4 -8  7 -3 -5 -8 -5 -4   28   0   0   0   1   1   0   1   0   1   2   1   1   0  62   1   0   0   0   1  2.01 0.84
    9 P   -4 -8 -6 -7 -9  1 -6 -8 -5 -7 -8 -7 -8 -9  9 -6 -7 -9 -9 -6    1   0   0   0   0   7   0   0   0   0   0   0   0   0  90   0   0   0   0   1  3.17 1.17
   10 G   -1 -8 -5 -7 -8 -7 -7  8 -7 -9 -8 -7 -6 -7 -7 -5 -6 -8 -8 -5    4   0   0   0   0   0   0  94   0   0   0   0   0   0   0   0   0   0   0   1  2.67 0.97
   11 A    5 -6 -5 -6  1 -5 -5 -3 -6 -4 -6 -5 -5 -6 -5  5 -2 -7 -6  1   46   0   0   0   3   0   0   2   0   1   0   0   0   0   0  36   2   0   0  11  1.31 0.67
   12 G   -5 -8 -6 -7 -8 -7 -8  8 -7 -9 -9 -7 -8 -9 -8 -6 -7 -8 -8 -9    0   0   0   0   0   0   0  99   0   0   0   0   0   0   0   0   0   0   0   0  3.00 1.07
   13 K   -6 -3 -6 -6 -9 -4 -5 -7 -6 -8 -8  8 -7 -9 -7 -6 -5 -9 -7 -8    0   0   0   0   0   0   0   0   0   0   0  99   0   0   0   0   1   0   0   0  3.07 1.15
   14 G   -5 -5 -4 -4 -8 -7 -7  8 -7 -9 -9 -7 -8 -8 -7 -4 -6 -8 -8 -8    0   1   0   1   0   0   0  96   0   0   0   0   0   0   0   1   0   0   0   0  2.78 1.01
   15 T   -5 -7 -6 -7 -7 -6 -5 -7 -7 -6 -7 -6 -6 -8 -7 -2  8 -8 -7 -4    0   0   0   0   0   0   0   0   0   0   0   0   0   0   0   2  97   0   0   1  2.95 1.18
   16 Q   -5 -4 -5 -6 -8  9 -4 -8  1 -2 -3 -4 -1 -5 -7 -6 -6 -4  0 -2    0   0   0   0   0  81   0   0   3   3   3   0   2   0   0   0   0   0   3   3  2.50 1.08
   17 A    7 -6 -6 -6 -1 -6 -6  0 -6 -6 -7 -6 -6 -7 -6  2 -3 -8 -7 -4   74   0   0   0   1   0   0   7   0   0   0   0   0   0   0  15   1   0   0   1  1.76 0.82
   18 E    1  1 -1  0 -4  2  2 -2 -2 -4 -4  4 -4 -5  1  0 -2 -6 -4 -1   13   8   2   5   0   7  15   3   1   1   1  24   0   0   6   6   2   0   0   5  0.42 0.31
   19 K   -2  4 -2 -4 -3 -1 -2 -4  1  1  2  2  3  1 -4 -3 -2 -2 -1 -1    3  23   2   0   0   3   2   1   3   9  20  14   6   6   0   1   1   0   2   3  0.41 0.29
   20 I   -4 -7 -8 -8 -5 -7 -7 -8 -7  5  5 -7  1 -3 -7 -6 -5 -4 -5  1    1   0   0   0   0   0   0   0   0  28  60   0   2   1   0   0   0   0   0   7  1.57 0.67
   21 I    3 -1 -3 -4  2  0  0 -2 -3  0 -3  1  0 -4 -4  3 -1 -6 -4  1   26   3   1   0   5   4   5   2   0   4   1   9   2   0   0  22   3   0   0  12  0.43 0.34
   22 E    1  1 -1  2 -6  2  4 -2 -1 -5 -6  3 -3 -6 -3 -1 -3 -6 -5 -4   10   6   3  11   0   9  30   3   1   0   0  20   0   0   1   3   1   0   0   1  0.72 0.43
   23 K   -1  3 -1  1 -4  0  2 -4  2 -2 -3  4 -2 -4 -4 -1  0 -3 -1 -3    6  16   2   7   0   4  15   0   6   2   3  25   1   0   0   3   5   0   2   2  0.49 0.33
   24 Y   -5 -3 -5 -6 -3 -3 -5 -6  1 -3  3 -3  0  5 -7 -5 -3  0  6 -3    0   2   0   0   1   1   1   0   3   1  29   2   2  26   0   1   2   1  29   1  1.29 0.60
   25 G   -2  0  3  1  2 -1 -1  5  1 -6 -5  1 -5 -5 -3  0 -4 -6 -5 -6    2   5  13   7   4   3   3  41   4   0   1   9   0   0   1   6   0   0   0   0  0.78 0.43
   26 I   -2 -5 -6 -7 -1 -6 -6 -7 -6  6  3 -6  1  1 -6 -5 -4 -1  0  3    3   0   0   0   1   0   0   0   0  41  24   0   3   5   0   0   1   1   3  16  1.08 0.49
   27 P    0 -2 -3 -4  4 -3 -3 -5 -3 -2 -2  0 -3 -3  7 -2  0 -7 -5  1    6   3   1   1   7   1   2   0   1   2   4   5   0   1  49   2   5   0   0   9  1.16 0.57
   28 H   -2 -2 -4 -6 -6  4 -4 -7 10 -4 -5  0 -3 -4 -5 -4 -3 -3  0 -3    4   2   0   0   0  17   0   0  60   1   1   5   1   0   0   1   2   0   2   2  2.17 0.88
   29 I   -5 -7 -8 -8 -6 -7 -8 -8 -8  7  3 -7 -2 -2 -7 -7 -5 -7 -2  2    0   0   0   0   0   0   0   0   0  60  22   0   1   1   0   0   0   0   1  14  1.75 0.70
   30 S    3 -6 -4 -4 -3 -5 -5 -4 -6 -7 -7 -5 -4 -7 -6  7 -3 -8 -7 -4   19   0   0   1   0   0   0   1   0   0   0   0   0   0   0  75   1   0   0   1  1.92 0.90
   31 T   -2 -6 -5 -6 -6 -6 -6 -7 -7 -4 -5 -6 -1 -7 -3  1  8 -8 -7 -3    3   0   0   0   0   0   0   0   0   1   1   0   1   0   2   9  82   0   0   1  2.23 0.98
   32 G   -4 -8 -6 -7 -8 -7 -8  8 -8 -9 -9 -7 -8 -9 -8 -6 -7 -8 -9 -9    1   0   0   0   0   0   0  99   0   0   0   0   0   0   0   0   0   0   0   0  2.99 1.09
   33 D   -5 -6  1  8 -9 -3  1 -6 -3 -8 -7 -5 -8 -9 -7 -4 -6 -9 -8 -4    1   0   5  80   0   1   9   0   1   0   0   0   0   0   0   1   0   0   0   1  2.39 0.94
   34 M   -3 -7 -7 -8 -6 -6 -6 -8 -7  5  4 -6  7 -4 -7 -6 -4 -6 -6 -1    2   0   0   0   0   0   0   0   0  34  32   0  27   0   0   0   0   0   0   3  1.61 0.70
   35 F   -6 -7 -8 -8 -5 -7 -8 -8 -6 -1  6 -7 -1  6 -8 -7 -6 -3 -2 -2    0   0   0   0   0   0   0   0   0   3  62   0   1  31   0   0   0   0   1   2  1.82 0.76
   36 R   -7  9 -6 -7 -7 -4 -5 -8 -5 -9 -7 -3 -7 -9 -8 -7 -7 -9 -8 -8    0  98   0   0   0   0   0   0   0   0   0   0   0   0   0   0   0   0   0   0  3.28 1.22
   37 A    3 -1 -1  1 -5  1  4 -3 -2 -6 -4  0 -4 -4 -5  0 -2 -5 -4 -4   28   3   3   9   0   7  32   1   1   0   1   6   0   1   0   5   2   0   0   1  0.73 0.45
   38 A    4 -4  3 -4 -5  0  3 -4  3 -2 -4 -3 -1 -6 -5 -2 -3 -7 -4 -3   40   0  13   0   0   5  22   1   7   3   2   1   2   0   0   1   1   0   0   1  0.87 0.53
   39 M   -1  0 -5 -6 -2 -4 -6 -6 -4  5  0 -2  2 -3 -6 -4 -3 -6 -4  5    4   5   0   0   1   1   0   0   1  31   6   3   5   1   0   1   1   0   0  39  1.05 0.51
   40 K    3  3 -1 -2 -5  1  1 -3 -2 -4 -4  4 -3 -6 -4  0 -2 -6 -4 -4   25  14   3   2   0   6   7   2   1   1   1  27   0   0   0   8   2   0   0   1  0.64 0.41
   41 N    2  1  3  0 -4  1  2 -1 -1 -4 -3  2 -2 -6 -4  1 -2 -4 -5 -4   19   8  12   5   0   7  13   3   1   0   2  15   1   0   0  12   1   0   0   0  0.44 0.32
   42 E   -3 -1  1  1 -5  2  2  5 -3 -7 -7  3 -3 -7 -5 -2 -4 -7 -6 -6    1   4   6   8   0   8  11  43   0   0   0  15   1   0   0   2   0   0   0   0  0.96 0.51
   43 T   -4 -6 -4 -2 -6 -6 -5 -4 -5 -6 -6 -5 -5 -7 -6  4  7 -8 -5 -5    0   0   1   2   0   0   0   1   0   0   0   0   0   0   0  24  70   0   0   0  2.01 0.93
   44 E    1 -3 -3  2 -5 -1  5 -4 -3 -6 -5 -1 -5 -5  5 -2 -2 -4 -5 -4   10   1   1  10   0   2  37   1   0   0   1   4   0   0  26   3   2   0   0   1  1.02 0.56
   45 L   -3 -6 -5 -7 -5 -5 -4 -7 -4  1  6 -6  0 -1 -6 -4 -3 -5 -4  0    2   0   0   0   0   0   1   0   0   7  73   0   2   2   0   1   2   0   0   6  1.39 0.63
   46 G   -2 -6 -5 -5 -7 -6 -6  8 -7 -8 -8 -5 -4 -8 -6 -4 -6 -7 -8 -7    3   0   0   1   0   0   0  92   0   0   0   0   1   0   0   1   0   0   0   0  2.58 0.98
   47 L   -2  3 -1 -2 -3  1  0 -4 -2  0  2  4  0 -4 -4 -2 -2 -5 -4  0    3  13   3   2   1   6   5   1   1   6  19  29   2   0   0   1   1   0   0   6  0.46 0.32
   48 K   -1  2 -3 -3 -6  4  3 -5 -3 -3  0  5 -1 -5 -4 -2 -1 -6 -4 -4    5  11   1   1   0  16  19   0   0   1   8  30   1   0   0   2   3   0   0   1  0.76 0.46
   49 A    6 -6 -6 -6 -3 -5 -6 -5 -6  2 -2 -5 -1 -3 -5 -3 -3 -7 -4  3   59   0   0   0   0   0   0   0   0  11   4   0   1   1   0   1   1   0   1  20  1.29 0.65
   50 K    0  2 -2 -1 -7  2  1 -4 -2 -5 -5  7 -4 -5 -5 -2 -4 -4 -5 -5    7   9   1   3   0   9   7   1   1   0   1  57   0   0   0   2   0   0   0   0  1.26 0.63
   51 S    2  0 -1  0 -4  0  2  1 -2 -4 -4  2 -3 -4 -2  2  0 -3 -3 -3   16   4   2   6   0   4  16  10   1   0   1  13   0   1   2  17   5   0   1   2  0.33 0.26
   52 Y   -2 -5 -6 -6 -2 -5 -6 -7 -1  3 -1 -4 -2  4 -6 -4 -2 -3  7  0    4   0   0   0   1   0   0   0   1  18   5   1   1  16   0   1   2   0  41   6  1.34 0.61
   53 M   -5 -7 -6 -8 -6 -4 -7 -8 -5  4  0 -7 10 -5 -7 -6 -2 -4 -3  1    0   0   0   0   0   1   0   0   0  19   8   0  58   0   0   0   2   0   1   9  2.22 0.90
   54 D   -1 -2  2  6 -7 -1  3 -3 -2 -6 -7  0 -6 -6 -5 -1 -3 -8 -6 -6    6   2  10  45   0   3  20   2   1   0   0   6   0   0   0   4   1   0   0   0  1.17 0.58
   55 A    3  3  0 -2 -4  1  0 -2 -3 -5 -5  3 -4 -5 -5  2 -2 -6 -5 -4   25  17   4   2   0   7   5   2   0   0   1  20   0   0   0  14   2   0   0   1  0.63 0.41
   56 G   -5 -8 -5 -7 -8 -7 -8  8 -8 -9 -9 -7 -8 -9 -8 -6 -7 -8 -9 -9    0   0   0   0   0   0   0  99   0   0   0   0   0   0   0   0   0   0   0   0  3.00 1.11
   57 E   -1  0  1  1 -5  2  4  0 -1 -3 -1  2  0 -5 -4 -2 -2 -5 -4 -2    5   4   7   8   0  10  25   9   2   1   7  14   3   0   0   1   1   0   0   2  0.41 0.30
   58 L   -6 -6 -7 -8 -6 -7 -8 -8 -7 -3  7 -7 -2 -1 -7 -7 -6 -6  0 -4    0   0   0   0   0   0   0   0   0   0  92   0   0   2   0   0   0   0   3   0  2.20 0.89
   59 V   -3 -7 -8 -8 -6 -7 -7 -6 -8 -1 -3 -7 -4 -5 -6 -5 -5 -8 -5  8    2   0   0   0   0   0   0   1   0   2   2   0   0   0   0   1   0   0   0  91  2.47 0.97
   60 P   -4 -6 -3 -1 -7 -5 -5 -5 -5 -8 -8 -5 -7 -8  8  2 -2 -8 -8 -7    1   0   1   3   0   0   0   1   0   0   0   0   0   0  73  16   2   0   0   0  2.36 0.98
   61 D   -6 -7 -1  9 -8 -6 -3 -7 -6 -7 -9 -5 -6 -9 -6 -6 -6 -9 -8 -8    0   0   2  94   0   0   1   0   0   0   0   1   0   0   0   0   0   0   0   0  3.04 1.13
   62 E   -2 -3 -1  5 -7  1  5 -3 -1 -6 -6 -1 -5 -7 -3 -1 -3 -7 -4 -5    4   1   2  32   0   6  39   2   1   0   0   3   0   0   1   4   1   0   1   0  1.15 0.58
   63 V   -4 -6 -7 -6 -5 -5 -5 -6 -5  5  4 -6  1 -3 -6 -5 -1 -2 -4  3    1   0   0   0   0   0   1   0   0  35  34   0   2   1   0   1   3   0   0  22  1.19 0.54
   64 T   -3 -6 -5 -7 -5 -6 -6 -7 -7  4 -2 -6  5 -4 -6 -5  3 -7 -5  5    2   0   0   0   0   0   0   0   0  18   2   0  12   0   0   0  20   0   0  45  1.35 0.64
   65 I   -2 -4  3 -3  0 -4 -4 -4 -5  5  2 -5  0  0 -6 -3 -1 -4 -3  3    2   0  13   2   2   0   1   1   0  36  16   0   2   3   0   1   4   0   1  16  0.75 0.41
   66 G    1  1  1  3 -4  1  3  3 -3 -5 -5  1 -4 -6 -3  0 -2 -6 -5 -5   10   7   5  15   0   5  21  19   0   0   0   9   0   0   1   6   1   0   0   0  0.53 0.34
   67 I   -4 -6 -7 -7 -6 -6 -7 -7 -7  5  4 -6  7 -3 -7 -6 -4 -6 -5  1    1   0   0   0   0   0   0   0   0  30  30   0  28   1   0   0   1   0   0   8  1.56 0.67
   68 V   -3 -7 -7 -7 -5 -6 -7 -7 -7  5  1 -6  2 -2 -7 -6 -3 -6 -5  6    2   0   0   0   0   0   0   0   0  31  13   0   5   2   0   0   1   0   0  45  1.44 0.62
   69 R    0  3 -2 -1 -4  0  3 -2 -3 -3 -1  4  0 -1 -4 -1 -2 -3 -2 -3    9  17   2   4   0   4  16   2   0   2   5  26   2   2   0   4   2   0   1   2  0.45 0.32
   70 D   -2  0  2  3 -6  1  5 -2  0 -6 -5  1 -5 -7 -4 -1 -3 -7 -5 -5    4   4   8  17   0   5  40   3   2   0   1   9   0   0   0   5   1   0   0   1  0.88 0.49
   71 R    0  7 -1 -4 -7 -2  0 -6  0 -4 -5  1 -5 -2 -5 -3 -2  0 -2 -3    7  61   2   1   0   1   5   0   2   1   1   8   0   2   0   2   3   1   2   2  1.38 0.65
   72 L   -5 -6 -7 -7 -5 -6 -7 -8 -7  4  5 -7  2 -1 -7 -6 -3 -6 -5  0    1   0   0   0   0   0   0   0   0  25  61   0   4   3   0   0   1   0   0   5  1.49 0.64
   73 S    2  0  0  0 -3  2  1 -1 -2 -3 -2  2 -1 -3 -2  2 -1 -5 -4 -2   16   6   5   6   0   8  10   5   1   1   4  14   1   1   1  16   4   0   0   2  0.26 0.23
   74 Q   -1  2  0  0 -1  4  3 -1  0 -4 -3  3 -1 -5 -3  0 -1 -4 -4 -4    6  13   4   4   1  16  17   4   2   1   2  18   2   0   0   6   3   0   0   1  0.48 0.32
   75 D    0 -2  1  2 -5 -2  1 -1 -2 -2 -1  0 -3 -3  5 -1 -1 -5 -3 -3    7   2   5  14   0   2   8   4   1   3   6   6   0   1  31   5   3   0   1   1  0.55 0.32
   76 D   -2 -2  0  7 -6 -3  1 -2 -3 -5 -5 -1 -5 -6 -2 -2 -3 -6 -6 -3    3   2   3  62   0   1   9   3   1   1   1   4   0   0   2   3   2   0   0   2  1.44 0.63
   77 C    3 -3 -2 -3  9 -4 -4 -2 -3 -2 -3 -3 -3 -3 -3 -1  0 -4 -1  0   20   1   2   2  40   0   1   3   1   2   2   2   1   1   2   4   6   0   2   6  1.21 0.52
   78 Q    1  3 -1  0 -4  2  1 -1 -1 -3 -4  4 -3 -5 -2  0 -1 -4 -3 -2   15  13   3   5   0  10   8   4   1   1   1  23   0   0   2   7   3   0   1   2  0.40 0.28
   79 N   -1  2  4  2 -4  0 -1  0  0 -4 -5  3 -3 -4 -2  0 -1 -4 -2 -4    5  10  21  10   0   4   3   7   2   1   1  22   1   1   2   6   3   0   1   1  0.48 0.31
   80 G   -4 -4 -1 -2 -4 -4 -6  7 -5 -8 -8 -5 -7 -7 -5 -2 -5 -7 -6 -7    1   1   3   2   0   1   0  86   0   0   0   1   0   0   1   3   0   0   0   0  2.27 0.88
   81 F   -2 -7 -7 -8 -1 -7 -8 -8 -5  0 -3 -8 -3  8 -8 -7 -6  3  5  0    4   0   0   0   1   0   0   0   0   5   2   0   0  62   0   0   0   4  15   7  2.07 0.82
   82 L   -5 -7 -6 -8 -5 -7 -7 -8 -8  7  3 -7  2 -3 -7 -7 -5 -7 -6  2    0   0   0   0   0   0   0   0   0  56  26   0   4   1   0   0   0   0   0  13  1.68 0.69
   83 L   -6 -7 -8 -9 -4 -7 -8 -8 -7 -2  6 -7  1  4 -8 -7 -6 -3 -4 -4    0   0   0   0   0   0   0   0   0   1  82   0   2  13   0   0   0   0   0   0  2.00 0.83
   84 D   -8 -8 -3  9 -10 -6 -4 -7 -7 -9 -10 -7 -9 -10 -7 -5 -7 -10 -9 -9    0   0   1  99   0   0   0   0   0   0   0   0   0   0   0   0   0   0   0   0  3.34 1.23
   85 G   -5 -8 -4 -7 -8 -7 -7  8 -7 -9 -9 -7 -8 -8 -7 -6 -7 -8 -8 -7    0   0   1   0   0   0   0  98   0   0   0   0   0   0   0   0   0   0   0   0  2.91 1.08
   86 F   -7 -8 -8 -8 -5 -8 -8 -8 -6 -4 -5 -8 -4  9 -8 -7 -7 -4  6 -3    0   0   0   0   0   0   0   0   0   1   0   0   0  74   0   0   0   0  21   2  2.90 1.04
   87 P   -7 -8 -8 -7 -8 -7 -7 -8 -8 -8 -8 -7 -8 -9  9 -7 -6 -9 -8 -7    0   0   0   0   0   0   0   0   0   0   0   0   0   0  98   0   0   0   0   0  3.59 1.32
   88 R   -7  9 -6 -7 -9 -5 -6 -6 -6 -8 -8 -3 -7 -8 -8 -6 -7 -8 -7 -8    0  98   0   0   0   0   0   1   0   0   0   0   0   0   0   0   0   0   0   0  3.27 1.21
   89 T   -5 -5  5 -4 -6 -6 -5 -6 -6 -6 -7 -5 -6 -7 -6 -1  7 -8 -7 -6    0   0  23   1   0   0   0   0   0   0   0   0   0   0   0   3  71   0   0   0  2.20 0.97
   90 V   -3 -3 -5 -5 -4 -1 -2 -5 -5  4  3 -3 -1 -3 -3 -3 -1 -3 -4  4    2   2   0   0   0   3   3   1   0  22  30   1   1   1   2   1   3   0   0  28  0.75 0.40
   91 A    2 -1  2  0 -3 -1  1 -1 -1 -3 -3  0 -3 -4  4  0 -1 -5 -3  0   21   4  10   4   0   2   9   5   2   1   1   6   0   1  18   6   2   0   1   7  0.35 0.26
   92 Q   -7 -5 -6 -6 -9  9 -2 -8 -6 -9 -8 -5 -7 -9 -7 -6 -7 -8 -8 -8    0   0   0   0   0  98   1   0   0   0   0   0   0   0   0   0   0   0   0   0  3.52 1.38
   93 A    7 -7 -6 -6 -6 -5 -6 -3 -7 -5 -6 -6 -6 -7 -6 -3 -3 -8 -7 -3   93   0   0   0   0   0   0   2   0   0   0   0   0   0   0   1   1   0   0   2  2.34 1.00
   94 E   -2  1 -2  1 -5  3  6 -4 -1 -2 -4  2 -3 -5 -5 -3 -3 -6 -5 -3    3   8   2   6   0  11  44   1   1   3   2  14   0   0   0   1   1   0   0   2  0.92 0.52
   95 A    4 -2 -3 -2 -4 -1  0  0 -2 -2 -2  0  2  1 -4  0 -1  0 -1 -2   42   2   0   2   0   2   5   5   1   2   4   7   5   6   0   7   3   1   2   2  0.43 0.33
   96 L   -6 -7 -8 -8 -6 -7 -7 -8 -7 -3  7 -7 -1  1 -7 -5 -6 -6 -3 -4    0   0   0   0   0   0   0   0   0   0  90   0   1   6   0   1   0   0   1   0  2.12 0.85
   97 E   -2 -3  0  7 -3  0  3 -2 -3 -6 -5 -2 -4 -6 -5 -1 -2 -7 -5 -5    3   1   4  55   1   3  19   3   1   0   1   2   0   0   0   3   3   0   0   1  1.35 0.62
   98 D    0  2  0  1 -4  1  3  0 -1 -3 -4  3 -2 -4 -3  0  0 -4 -4 -3    8   9   4   7   0   4  24   6   1   2   1  17   1   0   0   6   5   0   0   2  0.38 0.26
   99 I    0 -2 -4 -5 -3 -2 -3 -4 -2  4  3 -3  6  1 -5 -3 -2  0  0  0    8   2   1   0   0   2   1   1   1  20  22   2  19   6   0   2   3   1   3   5  0.58 0.32
  100 L   -2 -4 -4 -4 -3 -3 -3 -4 -4 -1  6 -4  2  1 -4 -4 -2 -3 -2 -1    3   1   1   1   1   1   2   2   0   3  65   1   5   5   1   1   2   0   1   3  1.03 0.43
  101 A    2 -1  0  1 -2  1  2  0 -1 -1 -2  2 -1 -3 -1  0  0 -2 -2 -1   17   3   4   7   1   6  14   7   1   3   4  12   1   1   3   7   5   0   1   3  0.16 0.13
  102 S    0  1  0  1 -4  1  3 -1  0 -3 -3  3 -3 -4 -1  0 -1 -2 -3 -2    9   7   5   8   0   7  23   5   2   1   2  16   0   1   2   7   3   1   1   2  0.34 0.21
  103 L    0  2  0 -1 -1  0  0 -2  0  0  2  1  1 -1 -2 -1 -1 -3 -1 -1    7  14   5   2   1   4   4   3   3   7  22   8   4   2   1   4   4   0   1   3  0.11 0.10
  104 D   -2 -2  3  1 -3  0 -1  5  1 -4 -4  1 -4 -4 -3 -1 -3 -3 -3 -4    2   2  15   9   1   4   4  40   3   1   2   8   0   1   1   4   1   0   1   1  0.70 0.34
  105 K    0  3 -1 -2 -2  1  1 -2 -1  1  0  1  1 -2 -3 -1  0 -1 -2  0    6  15   2   2   1   8   9   2   1  10   9  11   3   2   1   4   7   1   1   6  0.15 0.15
  106 K    0  2  0  0 -3  1  1 -1  0 -3 -4  3 -3 -4  3  0  0 -2 -4 -3    6  11   4   5   0   5   7   4   2   1   1  22   0   1  15   8   5   0   0   2  0.40 0.27
  107 L   -3 -5 -5 -5 -4 -5 -6 -5 -5  5  4 -5 -1 -2 -2 -5 -3 -6 -5  2    1   0   0   1   0   0   0   1   0  35  38   0   1   1   3   1   1   0   0  15  1.12 0.51
  108 D   -3 -4  1  7 -5 -1  0 -2 -2 -6 -4 -2 -6 -5 -2 -1  1 -6 -3 -5    2   1   5  58   0   3   5   3   1   0   2   2   0   0   2   4   9   0   1   1  1.27 0.59
  109 Y    3  0 -2 -3  1 -1 -3 -1  3 -1  0  1  0  0 -3 -1 -1 -3  1  0   24   6   1   1   2   1   1   4   8   4  11  12   2   3   0   4   3   0   5   7  0.19 0.20
  110 V    2 -7 -7 -8 -2 -7 -7 -7 -8  0 -3 -7 -4 -3 -7 -4 -3 -8 -6  7   17   0   0   0   1   0   0   0   0   3   1   0   0   1   0   1   1   0   0  75  1.93 0.83
  111 I   -4 -7 -7 -8 -4 -7 -7 -8 -7  6  3 -7 -1  1 -6 -6 -5 -6 -4  3    1   0   0   0   0   0   0   0   0  46  25   0   1   6   0   0   0   0   0  20  1.43 0.61
  112 N   -3 -4  4  0 -3 -2  2 -4  2 -4  1 -2 -2  1 -5  0 -3 -2  5 -2    2   0  19   6   1   1  13   1   4   0  15   1   1   5   0   7   1   0  20   3  0.55 0.38
  113 I   -6 -7 -7 -8 -6 -7 -7 -8 -7  5  4 -7  1  5 -7 -7 -5 -5 -1  0    0   0   0   0   0   0   0   0   0  29  43   0   3  19   0   0   0   0   2   4  1.40 0.61
  114 D   -1  0  2  4 -3  1  3 -4  1 -3 -4  1 -3 -3 -4 -1 -1 -4 -3 -1    6   5   9  26   0   5  20   1   3   1   1   8   1   1   0   4   3   0   1   5  0.53 0.34
  115 V    0 -7 -7 -7  0 -6 -7 -6 -7  3  1 -6 -1 -4 -6 -4 -2 -7 -6  6    9   0   0   0   2   0   0   0   0  14  10   0   1   0   0   1   2   0   0  59  1.38 0.63
  116 P   -2 -3 -1  5 -7 -4  0 -3 -4 -7 -7 -2 -6 -7  6  3 -2 -8 -7 -6    3   1   3  27   0   0   5   2   0   0   0   2   0   0  34  20   2   0   0   0  1.20 0.62
  117 E   -3  0 -1  6 -7 -1  4 -5 -2 -5 -4  0 -4  0 -1 -2 -1 -7 -2 -4    2   6   3  40   0   2  23   0   1   0   2   5   0   4   3   2   4   0   2   1  0.90 0.50
  118 Q    0 -3  0  4 -7  1  5 -3 -3 -6 -7  0 -6 -7 -1  0 -3 -4 -5 -6    7   1   4  23   0   5  41   2   0   0   0   6   0   0   3   8   1   0   0   0  1.01 0.55
  119 L   -1 -2 -3 -2 -4 -1  4 -5 -2  2  1 -2 -1 -4 -5 -2  1 -6 -4  3    6   2   0   2   0   2  27   0   1  11  11   2   1   0   0   2   9   0   0  23  0.50 0.35
  120 L   -1 -6 -7 -7 -2 -6 -7 -7 -7  5  4 -6 -1 -4 -7 -3 -3 -6 -5  3    4   0   0   0   1   0   0   0   0  32  44   0   1   0   0   2   1   0   0  15  1.25 0.57
  121 M   -4 -4 -6 -7 -4 -6 -1 -7 -5  5  1 -3  2 -2 -6 -5 -2 -5 -3  5    1   1   0   0   0   0   4   0   0  34  10   2   4   1   0   1   2   0   1  39  1.16 0.54
  122 D   -1  3  0  2 -5  2  4 -3 -1 -5 -5  4 -4 -6 -5 -1 -2 -6 -4 -5    4  17   4   9   0   7  25   2   1   0   0  23   0   0   0   4   2   0   0   0  0.75 0.44
  123 R   -7  9 -6 -8 -10 -5 -6 -8 -6 -7 -7 -3 -7 -9 -8 -7 -7 -9 -8 -9    0  99   0   0   0   0   0   0   0   0   0   1   0   0   0   0   0   0   0   0  3.35 1.25
  124 L   -3 -6 -5 -8 -3 -6 -7 -8 -7  5  5 -7  2 -3 -7 -5 -3 -6 -5  0    3   0   0   0   0   0   0   0   0  29  57   0   5   1   0   1   1   0   0   4  1.44 0.64
  125 T    1 -4 -4 -5  2 -4 -2 -1 -5 -2 -2 -4 -3 -6 -5  5  4 -7 -6  0   10   0   0   0   4   0   3   4   0   2   3   1   1   0   0  39  26   0   0   6  0.88 0.55
  126 G    0 -4  1 -4 -7 -3 -5  7  0 -8 -5 -3 -4 -7 -6  1 -4 -7 -4 -7    7   1   6   1   0   1   1  68   2   0   1   2   0   0   0   9   0   0   1   0  1.56 0.70
  127 R   -7  9 -6 -8 -10 -5 -6 -8 -6 -9 -8 -4 -7 -9 -8 -7 -7 -9 -8 -9    0 100   0   0   0   0   0   0   0   0   0   0   0   0   0   0   0   0   0   0  3.43 1.27
  128 R   -5  7 -6 -7 -6 -3 -4 -7 -4 -2  1 -3 -1 -1 -7 -5 -5  5  1 -4    1  61   0   0   0   1   0   0   0   2  14   1   1   3   0   1   1   8   4   1  1.68 0.76
  129 V   -3 -5 -2 -5 -4 -1 -4 -5 -4  4 -2 -5  2 -2 -5  1  3 -4 -1  4    1   0   2   0   0   3   1   0   0  20   3   0   6   2   0  10  21   0   2  29  0.76 0.45
  130 S   -5 -8 -5 -3 11 -8 -8 -8  5 -7 -7 -8 -7 -8 -8 -4 -7 -8 -7 -7    1   0   1   2  83   0   0   0  11   0   0   0   0   0   0   1   0   0   0   0  3.90 1.29
  131 P   -1  3 -3 -3 -5 -1  0 -3 -3 -4 -2  2 -3 -6  5  2 -2 -6 -5 -3    6  13   1   1   0   2   5   2   0   1   4  14   1   0  32  14   2   0   0   2  0.76 0.44
  132 T    0  0  3  0 -4  1  1 -1  0 -2 -3  3 -3 -4 -1  1  0 -5 -4 -1    9   4  13   5   0   5   7   3   2   2   2  22   0   0   3  13   6   0   0   4  0.31 0.25
  133 S   -6 -8 -6 -5 11 -6 -6 -6 -8 -7 -7 -6 -7 -8 -4  2 -1 -8 -7 -6    0   0   0   1  77   0   0   1   0   0   0   0   0   0   1  13   4   0   0   0  3.34 1.16
  134 G   -3 -3  0 -3 -5  1 -2  7 -3 -8 -6  0 -6 -6 -6 -1 -4 -5 -7 -7    2   2   5   1   0   8   2  68   1   0   1   5   0   0   0   4   1   0   0   0  1.56 0.69
  135 R    4  4 -2 -3 -5  0  0 -3  2 -5 -4  1 -2 -4 -5 -1  1 -2 -3 -4   31  25   1   1   0   4   7   1   6   0   1   9   1   0   0   4   8   1   1   0  0.66 0.42
  136 T   -2 -5  1 -3 -4 -4 -4 -1 -4  4 -1 -4 -1 -4  0  1  2 -6 -4  3    2   0   6   2   0   0   1   4   0  24   4   0   1   0   6  12  15   0   0  23  0.53 0.36
  137 Y   -7 -7 -7 -8 -3 -5 -7 -8 -2 -6 -4 -6 -5  4 -8 -6 -5  0 10 -6    0   0   0   0   1   0   0   0   1   0   1   0   0  16   0   1   1   1  76   0  2.94 1.09
  138 H   -6 -5  6 -4 -6 -4 -5 -3 10 -8 -7 -5 -6 -7 -6 -3 -5 -7 -4 -6    1   0  38   0   0   0   0   2  54   0   0   0   0   0   0   2   0   0   0   0  2.70 1.01
  139 V   -2 -2 -4 -2 -3 -2 -1 -5 -4  4  3  0  1 -1 -3 -2  0 -5 -3  3    2   2   0   3   0   1   4   0   0  21  24   7   3   2   1   2   6   0   1  20  0.43 0.27
  140 I   -1  0 -1  1 -3  0  1 -3 -1  1  0  2 -1  0 -3 -1  1 -3  2  1    4   4   2   7   0   3  10   1   1  11   7  13   1   3   0   4  10   0   9  10  0.14 0.16
  141 F   -2 -3  2 -1 -4 -4 -3 -3  1 -3 -2 -3 -2  6 -5  1  2 -2  4 -3    3   2   8   3   0   0   2   2   3   1   2   1   1  33   0  12  13   0  12   2  0.76 0.43
  142 N    0  0  5  1 -4  0 -2 -3  1 -1 -1  2  2 -2 -4  1 -2 -5 -2 -2    7   5  28   8   0   3   1   1   3   4   7  11   5   2   0  10   1   0   1   2  0.41 0.30
  143 P   -3 -2 -4 -4 -7 -1 -3 -5 -4 -5 -5  1 -4 -7  8 -3 -4 -7 -7 -5    2   2   1   1   0   3   1   1   0   1   1   8   1   0  73   2   1   0   0   1  2.16 0.88
  144 P   -2 -6 -5 -5 -7 -4 -4 -6 -7 -6 -5 -4 -7 -5  8 -1 -2 -7 -7 -5    3   0   0   1   0   1   1   0   0   0   1   1   0   1  81   5   3   0   0   1  2.55 1.00
  145 K    0  2 -3 -3 -6  1 -1 -3  0 -3 -3  6 -4 -6  0 -2 -2 -6 -5 -3    7  11   1   1   0   5   4   2   2   2   3  51   0   0   5   2   2   0   0   2  0.97 0.52
  146 V   -1  0  0 -1 -4  1  1 -3  0  0 -2  3 -2 -3 -2 -1 -1 -5 -4  3    4   4   5   3   0   7  10   1   2   6   2  19   1   1   1   4   4   0   0  25  0.32 0.27
  147 E    1 -3 -1  4 -3 -1  4 -2 -3 -4 -3 -1 -4 -5  3 -1 -2 -6 -4 -3   10   1   2  22   1   1  28   4   1   1   3   4   0   0  13   3   3   0   1   2  0.65 0.40
  148 G   -3 -4  1  1 -5 -4  0  6 -4 -5 -5 -2  2 -5 -2 -2 -3 -1 -6 -5    2   1   8   8   0   0   5  58   0   1   1   2   6   0   3   3   1   1   0   1  1.18 0.56
  149 I   -2  1 -4 -4 -3 -1 -3 -5 -2  4  0  3 -1 -1 -4 -3  0 -5 -3  4    2   8   0   1   0   2   1   1   1  21   7  17   1   2   1   1   6   0   1  27  0.53 0.34
  150 C   -5 -8 -6  2 11 -7 -7 -6 -8 -6 -7 -8 -7 -8 -8 -6 -6 -8 -8 -6    1   0   0  13  83   0   0   0   0   0   0   0   0   0   0   0   0   0   0   0  3.78 1.24
  151 D   -4 -5 -1  8 -7 -4 -2 -5 -5 -5 -6 -4 -7 -6  0 -3 -2 -4 -7 -6    1   1   3  80   0   0   2   1   0   1   1   1   0   0   4   2   3   0   0   1  2.21 0.88
  152 V    0  1  0  0 -1  0  0 -2 -1  1 -1  2 -2 -2 -3 -1 -1 -4 -2  2    8   8   5   6   1   4   7   2   2   9   5  15   0   2   0   4   2   0   1  20  0.15 0.16
  153 D   -5 -7 -5  3 11 -7 -4 -5 -3 -6 -6 -6 -6 -7 -6 -3  2 -7 -7 -5    0   0   0  15  66   0   1   1   1   0   0   0   0   0   0   2  11   0   0   0  2.79 1.00
  154 G   -3 -4 -1 -2 -5 -1 -3  7 -2 -8 -7 -3 -5 -6 -4 -2 -6 -7 -6 -7    2   1   3   2   0   4   2  78   1   0   0   2   0   0   1   3   0   0   0   0  1.86 0.77
  155 S    1 -3 -2 -3 -2 -2  3  5 -1 -5 -5 -2 -4 -6 -4  2  0 -6 -5 -3   10   1   1   1   1   1  17  40   2   0   1   2   0   0   0  14   7   0   0   2  0.78 0.45
  156 E    0  1 -1  1 -6  0  4 -3 -1 -4 -4  2 -4 -5  4 -1 -1 -6 -4 -3    8   7   2   6   0   3  27   2   1   1   1  13   0   0  18   3   4   0   0   2  0.57 0.37
  157 L   -6 -7 -6 -8 -6 -7 -7 -8 -7  0  7 -7 -2  0 -6 -7 -5 -4 -6 -1    0   0   0   0   0   0   0   0   0   3  87   0   1   3   0   0   0   0   0   4  2.00 0.82
  158 I   -3 -3 -4 -5 -3 -2 -1 -5 -1  4 -2 -3  0  1 -6 -2  0 -3  5  3    1   2   1   0   0   1   4   0   2  26   1   2   2   6   0   3   5   0  22  22  0.80 0.43
  159 Q   -4  2 -5 -5 -7  8 -3 -6  3 -1 -3  0 -3 -6 -6 -4 -1 -4 -5 -2    1  10   0   0   0  62   0   0   6   3   3   4   1   0   0   1   4   0   0   4  1.67 0.80
  160 R   -7  9 -6 -7 -9 -5 -6 -8 -6 -9 -8 -4 -7 -9 -8 -5 -7 -8 -7 -8    0  99   0   0   0   0   0   0   0   0   0   0   0   0   0   1   0   0   0   0  3.32 1.23
  161 D    1 -3 -1  4 -5 -2  3 -3 -3 -5 -5  2 -5 -5  2  2 -1 -6 -5 -4   12   1   2  21   0   1  18   1   0   0   1  12   0   0  11  14   3   0   0   1  0.62 0.40
  162 D   -7 -7 -4  9 -9 -6 -4 -6 -7 -9 -7 -6 -9 -9 -7 -5 -7 -10 -9 -9    0   0   0  98   0   0   0   0   0   0   0   0   0   0   0   0   0   0   0   0  3.28 1.20
  163 D   -6 -7 -4  9 -9 -3 -2 -6 -7 -9 -9 -6 -9 -9 -7 -5 -7 -10 -9 -9    0   0   0  96   0   1   2   0   0   0   0   0   0   0   0   0   0   0   0   0  3.14 1.16
  164 K   -1  2  4 -2 -3  1  0 -4 -2 -5 -5  4 -2 -5 -5  0  3 -5 -3 -4    4  11  18   2   1   6   4   1   1   0   1  25   1   0   0   6  18   0   1   1  0.67 0.42
  165 P    0 -2 -5 -3 -7 -3  5 -6 -4 -3 -4 -1 -4 -6  6 -3 -5 -7 -6 -2    6   2   0   1   0   1  42   0   0   2   2   3   0   0  35   1   0   0   0   3  1.39 0.70
  166 E    0 -4 -2  3 -7 -1  7 -3 -3 -6 -7 -2 -6 -6 -4 -2 -3 -7 -7 -4    7   0   2  12   0   3  65   2   1   0   0   2   0   0   1   2   1   0   0   1  1.51 0.73
  167 T    3 -4 -4 -6 -4 -4 -5 -5 -6  1 -4 -2 -3 -6 -5  0  5 -7 -6  4   20   1   0   0   0   0   0   0   0   6   0   3   1   0   0   5  37   0   0  27  1.02 0.57
  168 V   -2 -7 -7 -8 -4 -7 -7 -7 -6  6  1 -7 -1 -2 -7 -6 -3 -7 -5  6    3   0   0   0   0   0   0   0   0  39   9   0   1   2   0   0   1   0   0  45  1.55 0.66
  169 K   -1  5 -2 -4 -4  1  0 -4 -3 -3 -1  4 -2 -5 -5 -1 -2 -4 -5 -3    6  34   2   0   0   4   6   1   0   1   6  29   1   0   0   4   2   0   0   2  0.85 0.47
  170 K   -1  2  3 -2 -6  1  2 -4  2 -4 -5  4 -3 -5 -3  0  0 -6 -4 -2    4  11  13   2   0   6  11   0   5   1   1  29   0   0   1   6   5   0   0   3  0.61 0.38
  171 R   -7  9 -6 -8 -10 -5 -6 -8 -6 -9 -8 -4 -7 -9 -8 -7 -7 -3 -8 -9    0 100   0   0   0   0   0   0   0   0   0   0   0   0   0   0   0   0   0   0  3.38 1.25
  172 L   -6 -7 -7 -8 -6 -5 -8 -8 -6  2  6 -7  1  1 -8 -6 -6 -3 -1 -3    0   0   0   0   0   0   0   0   0  11  78   0   3   5   0   0   0   0   2   0  1.77 0.74
  173 E    1  2  0  2 -6  2  4 -2 -1 -4 -4  2 -3 -6 -4 -1 -2 -6 -4 -3   10   9   4  13   0   9  28   2   1   0   2  14   1   0   0   3   2   0   0   2  0.56 0.36
  174 V    1 -5 -4 -4 -4 -3  0 -4 -5  2 -2 -3 -2 -5 -6 -3  2 -6 -5  6   10   0   1   1   0   1   7   1   0  11   3   1   0   0   0   1  11   0   0  49  0.90 0.49
  175 N   -8 -7 -5 -9 -8 -6 -8 -8 -2 -7 -6 -8 -5  4 -9 -7 -7 -2 10 -7    0   0   1   0   0   0   0   0   1   0   0   0   0  14   0   0   0   0  83   0  3.33 1.20
  176 Q   -2  3  0  0 -6  1  3 -4  7 -4 -2  1 -2 -2 -5 -3 -3 -2  0 -5    3  15   4   5   0   5  16   1  28   1   5   8   1   2   0   1   1   1   3   0  0.81 0.45
  177 K    0  2  1  1 -4  2  4 -3 -1 -5 -4  3 -3 -6 -4  0  0 -6 -5 -4    8  10   6   7   0   9  25   1   1   0   1  18   1   0   0   5   6   0   0   1  0.56 0.36
  178 Q   -4 -1  0 -1 -6  7  3 -6  1 -5 -2  2 -1 -6 -5 -1 -2 -2 -5 -5    1   2   4   4   0  43  17   0   3   1   5  10   2   0   0   4   2   1   0   1  1.06 0.59
  179 A   -3 -6 -4 -6 -5 -6 -5 -7 -5 -2 -4 -6 -4 -6 -7 -2  8 -8 -7 -3    2   0   1   0   0   0   1   0   0   2   1   0   0   0   0   3  88   0   0   1  2.43 1.04
  180 Q    3  0 -3 -1 -5  1  3 -2 -2 -3 -2  2  0 -2 -3  0 -1 -5 -1 -2   26   5   1   2   0   6  19   2   1   1   5  14   3   2   0   7   2   0   2   3  0.37 0.30
  181 P   -4 -7 -8 -5 -9 -4 -4 -6 -6 -6 -7 -3 -8 -9  9 -4 -5 -9 -9 -6    2   0   0   1   0   1   1   0   0   0   1   2   0   0  90   1   0   0   0   1  3.03 1.17
  182 L   -4 -7 -8 -8 -6 -7 -7 -8 -7  2  6 -7  0 -4 -7 -6 -5 -6 -6  4    1   0   0   0   0   0   0   0   0  10  64   0   2   0   0   0   0   0   0  23  1.56 0.67
  183 I   -2 -3 -6 -6 -4 -5 -2 -6 -6  6  2 -1 -1 -2 -6 -4 -3 -6 -5  3    3   1   0   0   0   0   3   0   0  42  21   4   1   1   0   1   1   0   0  20  1.01 0.48
  184 D    0 -2  1  5 -5  1  4 -1 -1 -6 -5 -1 -4 -6 -1  0 -2 -7 -5 -5    9   2   6  31   0   5  26   5   1   0   1   4   0   0   3   5   2   0   0   0  0.76 0.43
  185 F   -7 -2 -7 -7 -8 -7 -7 -8  5 -6 -5 -5 -6  5 -8 -6 -6  1  9 -6    0   2   0   0   0   0   0   0  10   0   1   1   0  22   0   0   0   2  61   0  2.57 0.98
  186 Y   -7 -8 -8 -9 -5 -8 -8 -9 -4 -7 -6 -8 -7  1 -9 -8 -8 -1 10 -7    0   0   0   0   0   0   0   0   0   0   0   0   0   5   0   0   0   1  94   0  3.73 1.32
  187 S   -1  4  0 -1 -5  2  2 -1 -1 -5 -4  3 -4 -5 -5  0 -2 -3 -4 -4    6  26   3   4   0   8  15   4   1   0   1  19   0   0   0   8   3   0   0   1  0.63 0.38
  188 E    1  1  2  1 -5  2  2  0 -2 -5 -4  3 -3 -5 -2  0 -2 -5 -3 -4   11   8   8   7   0   9  14   7   1   0   1  23   0   0   2   7   1   0   0   1  0.42 0.29
  189 K    0  4 -2 -4 -3  4 -1 -4  0 -5 -2  5 -2 -6 -4 -1 -1 -5 -5 -5    7  19   2   0   1  17   4   1   2   0   4  34   1   0   0   3   4   0   0   0  0.83 0.47
  190 G   -3 -3  2  0 -6 -3 -3  6  1 -7 -7  0 -6 -7 -3 -1 -4 -7 -5 -4    2   2  10   5   0   1   2  62   3   0   0   7   0   0   1   3   0   0   0   1  1.34 0.60
  191 Y   -3  0 -2 -4 -2 -2 -3 -5 -2  4  3  2  0 -3 -4 -3 -1 -4 -3  1    1   5   2   1   1   1   1   1   1  21  31  16   1   0   0   1   3   0   1  11  0.52 0.32
  192 L   -5 -6 -7 -8 -3 -6 -7 -8 -1  0  6 -6  0  0 -5 -6 -5  0  1  2    0   0   0   0   1   0   0   0   2   4  67   0   2   4   1   0   0   1   4  13  1.35 0.62
  193 Q    0  2 -2 -2 -1 -1 -1 -4  3  1 -1  1 -1  0 -4 -1  0 -3  1  2    7  13   1   1   1   2   4   0   8  10   5  11   1   5   0   5   5   0   5  15  0.20 0.19
  194 N   -2  3  1  1 -3  0  3 -3  1 -2 -4  1 -3 -4 -1  0  2 -3 -3  0    2  15   7   6   0   3  20   1   3   2   0   8   0   1   2   7  13   0   1   7  0.35 0.27
  195 I   -5 -7 -8 -8 -4 -7 -7 -8 -8  6  0 -7 -2  0 -7 -6 -5 -7 -4  6    0   0   0   0   0   0   0   0   0  43   6   0   0   3   0   0   0   0   0  46  1.76 0.73
  196 N   -3 -4  4  7 -2 -2 -1 -5 -1 -6 -7 -4 -7 -8 -2  0 -4 -8 -5 -5    2   1  20  59   1   1   3   0   1   0   0   1   0   0   2   6   1   0   0   1  1.66 0.74
  197 G    4 -7 -3 -6 -2 -6 -6  6 -6 -6 -7 -5 -6 -7 -5 -1 -4 -7 -7 -4   31   0   1   0   1   0   0  59   0   0   0   0   0   0   0   5   1   0   0   1  1.66 0.74
  198 D    0 -2  3  2 -3  0  2 -2 -2 -2 -2 -2  2 -4 -4  2  2 -5 -4 -1    6   2  14  11   0   4  14   3   1   2   4   2   5   0   0  15  12   0   0   4  0.33 0.27
  199 Q   -1  2  0 -2 -3  4 -1  4 -2 -4 -2  2  0 -5 -1 -2 -3 -6 -3 -4    5  10   3   2   1  19   3  31   1   0   5  11   2   0   3   1   1   0   1   1  0.59 0.38
  200 D    0 -2  0  2 -5 -2  1 -1 -3 -5 -4  0 -3 -6  3  3  2 -6 -5 -4    7   2   3  13   0   1   8   5   0   0   2   5   0   0  17  22  14   0   0   1  0.52 0.36
  201 I   -1 -5 -5 -6 -5 -3 -3 -5 -5  5 -1 -2  1 -2  5 -3 -2 -6 -4  3    5   0   0   0   0   1   1   0   0  31   4   3   3   2  25   2   2   0   0  20  0.93 0.48
  202 S   -1 -3  1  5 -7  0  5 -2 -2 -6 -6  0 -4 -6 -2 -1 -3 -6 -5 -5    6   1   5  31   0   4  34   3   1   0   0   6   0   0   2   4   1   0   0   0  0.97 0.52
  203 R    0 -2  0  3 -6  2  5 -3 -3 -3 -3  1 -3 -5 -3 -1  0 -6 -4  0    8   1   3  14   0   7  35   2   0   1   2   8   0   0   1   4   5   0   0   7  0.59 0.39
  204 V   -3 -7 -5 -8 -6 -7 -7 -7 -8  4 -2 -7 -1 -5 -7 -5 -2 -8 -5  7    1   0   0   0   0   0   0   0   0  22   2   0   1   0   0   0   3   0   0  69  1.86 0.78
  205 F    0  0 -2 -4 -2 -1 -2 -4  1 -2 -1 -2 -3  5 -5  0  2  4  3 -2    7   5   2   1   1   3   3   1   3   2   4   2   0  28   0   7  14   6  10   2  0.59 0.37
  206 E    1  1  1  1 -4  2  3 -1  0 -4 -4  2 -2 -5 -2  0 -1 -5 -4 -3   14   8   6   7   0   9  20   4   2   0   1  13   1   0   2   7   3   0   0   1  0.37 0.28
  207 D    0  3  1  3 -3  2  2 -3  0 -3 -3  0 -3 -6 -4  0 -2 -6 -3 -3    9  19   6  16   0   9  16   1   2   2   2   6   0   0   0   7   2   0   1   1  0.48 0.33
  208 I   -3 -7 -7 -8 -1 -7 -7 -8 -7  7  2 -7  1 -3 -7 -5 -2 -7 -6  3    2   0   0   0   1   0   0   0   0  56  17   0   3   1   0   0   3   0   0  18  1.54 0.65
  209 N   -1  1 -2 -1  1  0  0 -3 -2  0  2  2  1  0 -4 -1 -1 -2 -1  1    5   8   1   3   3   4   8   1   0   5  21  15   4   3   0   4   2   0   2   9  0.14 0.15
  210 E    2  1  1  0 -4  1  2 -1 -1 -4 -4  3 -3 -5 -3  1 -1 -6 -4 -4   16   9   6   5   0   6  15   5   2   0   1  20   0   0   1  11   2   0   0   1  0.42 0.30
  211 L    3 -1 -3 -5 -1 -3 -1 -3 -1  3  1 -1 -1 -1 -4 -1 -1 -3 -2  2   29   3   1   0   1   1   3   1   1  19  10   4   1   2   0   3   3   0   1  14  0.39 0.29
  212 L   -5 -7 -8 -8 -4 -7 -7 -8 -7  4  5 -7  1  1 -7 -7 -5 -6 -5  2    0   0   0   0   0   0   0   0   0  19  61   0   2   5   0   0   0   0   0  12  1.46 0.63
  213 K    0  2  0  3 -4  2  4 -1 -2 -5 -5  3 -4 -6 -3  0 -2 -6 -5 -5    7   9   4  18   0   8  23   4   0   0   0  18   0   0   0   6   1   0   0   0  0.62 0.37
  214 G    2  0  2 -1 -4 -1  0  3 -2 -5 -5  3 -4 -5 -2  2 -1 -5 -4 -4   20   4  10   3   0   2   5  19   1   0   0  16   0   0   1  16   2   0   0   0  0.46 0.31
  215 L   -1 -3 -5 -5 -3 -4 -4 -3 -5  3  4 -3  2  1 -4 -4 -2 -4 -1  2    5   1   0   0   0   0   1   3   0  18  41   1   4   7   0   0   2   0   1  16  0.60 0.30
  216 S    2 -1  1  0 -1  0  0  1 -1 -2 -3  0 -2 -4  0  2  2 -4 -3 -2   23   3   9   4   1   3   4   8   1   1   1   7   1   0   3  19  12   0   0   1  0.25 0.16
  217 S    4 -3  3 -2 -3 -2 -2 -2 -3 -4 -4 -2 -3 -5 -3  4  1 -5 -4 -3   35   0  18   0   0   0   0   0   0   0   0   0   0   0   0  41   6   0   0   0  0.84 0.34

                      K         Lambda
Standard Ungapped    0.1378     0.3160
Standard Gapped      0.0410     0.2670
PSI Ungapped         0.2318     0.3177
PSI Gapped           0.0710     0.2670
