
Last position-specific scoring matrix computed, weighted observed percentages rounded down, information per position, and relative weight of gapless real matches to pseudocounts
           A  R  N  D  C  Q  E  G  H  I  L  K  M  F  P  S  T  W  Y  V   A   R   N   D   C   Q   E   G   H   I   L   K   M   F   P   S   T   W   Y   V
    1 M   -7 -7 -8 -9 -7 -6 -8 -9 -7 -4  0 -7 11 -6 -8 -7 -6 -7 -7 -5    0   0   0   0   0   0   0   0   0   0   7   0  93   0   0   0   0   0   0   0  3.80 1.22
    2 N   -5  6  5 -3 -7 -2 -4 -5  0  1 -5  2 -3 -4 -6 -4 -4 -5 -2 -4    0  38  30   1   0   1   0   0   2  10   0  13   1   1   0   0   0   0   2   1  1.24 0.59
    3 L   -2 -6 -7 -7 -3 -6 -7 -7 -7  6  4 -6  2  0 -7 -6 -4 -4 -3  2    3   0   0   0   0   0   0   0   0  40  36   0   4   3   0   0   0   0   1  12  1.26 0.53
    4 L   -3 -7 -8 -8 -4 -7 -7 -8 -8  6  1 -7  0 -4 -7 -6 -4 -7 -5  5    2   0   0   0   0   0   0   0   0  45  10   0   2   0   0   0   0   0   0  40  1.64 0.65
    5 I   -6 -7 -8 -8 -6 -7 -7 -8 -7  3  5 -7  2  5 -7 -7 -6 -5 -4 -2    0   0   0   0   0   0   0   0   0  13  61   0   4  20   0   0   0   0   0   2  1.59 0.65
    6 M   -6 -7 -7 -8 -6 -6 -7 -8 -5  2  5 -7  4  4 -7 -5 -4 -5 -3 -1    0   0   0   0   0   0   0   0   0  11  58   0   9  17   0   1   1   0   0   4  1.45 0.61
    7 G   -4 -8 -6 -7 -8 -7 -8  8 -8 -9 -9 -7 -8 -9 -8 -5 -7 -8 -9 -9    1   0   0   0   0   0   0  99   0   0   0   0   0   0   0   0   0   0   0   0  2.96 1.05
    8 L    4 -5 -6 -7 -3 -4 -5 -4 -5 -5 -4 -4 -4 -8  8 -3 -5 -8 -6 -4   28   0   0   0   1   1   0   1   0   1   2   1   1   0  62   1   0   0   0   1  2.02 0.85
    9 P   -5 -8 -7 -7 -9  2 -7 -8 -5 -7 -8 -7 -8 -10  9 -6 -7 -9 -9 -6    1   0   0   0   0   8   0   0   0   0   0   0   0   0  90   0   0   0   0   1  3.17 1.17
   10 G   -2 -8 -5 -7 -8 -7 -7  8 -7 -9 -8 -7 -6 -7 -8 -5 -6 -8 -8 -7    4   0   0   0   0   0   0  95   0   0   0   0   0   0   0   0   0   0   0   0  2.75 0.99
   11 A    5 -6 -5 -6  2 -5 -5 -3 -6 -4 -6 -5 -5 -7 -5  5 -2 -7 -6  1   46   0   0   0   3   0   0   1   0   1   0   0   0   0   0  36   2   0   0  11  1.31 0.67
   12 G   -5 -8 -6 -7 -8 -7 -8  8 -7 -9 -9 -7 -8 -8 -8 -6 -7 -8 -8 -8    0   0   0   0   0   0   0  99   0   0   0   0   0   0   0   0   0   0   0   0  2.99 1.06
   13 K   -6 -3 -6 -6 -9 -4 -5 -7 -6 -8 -8  8 -7 -9 -7 -6 -6 -8 -7 -8    0   0   0   0   0   0   0   0   0   0   0  99   0   0   0   0   0   0   0   0  3.11 1.15
   14 G   -5 -6 -4 -4 -8 -7 -7  8 -7 -9 -9 -7 -8 -8 -7 -4 -6 -8 -8 -8    0   0   0   1   0   0   0  96   0   0   0   0   0   0   0   1   0   0   0   0  2.82 1.02
   15 T   -5 -7 -6 -7 -7 -6 -6 -7 -8 -7 -7 -6 -6 -8 -7 -2  8 -8 -7 -5    0   0   0   0   0   0   0   0   0   0   0   0   0   0   0   2  96   0   0   1  2.96 1.19
   16 Q   -6 -4 -5 -6 -8  9 -4 -8  0 -2 -3 -5 -1 -6 -7 -6 -6 -4  0 -2    0   0   0   0   0  81   0   0   2   3   4   0   2   0   0   0   0   0   4   3  2.52 1.08
   17 A    7 -6 -6 -6 -2 -6 -6  0 -7 -6 -7 -6 -6 -7 -6  2 -3 -8 -7 -4   75   0   0   0   1   0   0   7   0   0   0   0   0   0   0  15   1   0   0   1  1.81 0.83
   18 E    1  1 -1  0 -5  2  2 -2 -2 -4 -4  4 -4 -5  1  0 -2 -6 -4 -1   13   8   2   5   0   8  16   2   1   1   1  25   0   0   6   6   2   0   0   4  0.45 0.32
   19 F   -2  4 -2 -4 -3 -1 -2 -4  0  1  2  2  3  1 -4 -3 -3 -3 -1 -1    3  22   2   0   0   3   2   1   3   9  21  13   7   6   0   1   1   0   2   4  0.41 0.29
   20 I   -4 -7 -8 -8 -5 -7 -7 -8 -7  5  6 -7  1 -3 -7 -6 -5 -4 -5  1    1   0   0   0   0   0   0   0   0  26  62   0   2   1   0   0   0   0   0   7  1.59 0.67
   21 V    3 -1 -3 -4  2  0  0 -3 -2 -1 -3  1  0 -5 -4  3 -1 -6 -4  1   27   3   0   0   5   4   5   1   1   4   1   9   2   0   0  22   3   0   0  11  0.44 0.34
   22 K    1  1 -1  2 -6  2  4 -2 -2 -5 -6  3 -3 -6 -3 -1 -3 -6 -5 -4   10   6   3  10   0   8  31   3   1   0   0  20   0   0   1   3   1   0   0   1  0.71 0.43
   23 N    0  3 -1  0 -4  0  2 -4  2 -2 -3  4 -2 -4 -4 -1  0 -3 -1 -3    6  16   2   6   0   3  16   0   5   2   3  26   1   1   0   3   5   0   2   2  0.48 0.32
   24 Y   -5 -3 -5 -6 -3 -3 -5 -7  1 -3  3 -3  0  5 -7 -5 -2 -1  6 -4    1   2   1   0   1   1   1   0   3   0  30   2   2  24   0   1   3   1  29   1  1.26 0.58
   25 G   -2  0  3  0  2 -1 -2  5  1 -6 -6  1 -5 -5 -4  0 -4 -6 -5 -6    2   5  14   5   4   3   3  42   4   0   1   9   0   0   1   7   0   0   0   0  0.84 0.45
   26 V   -2 -5 -6 -7 -1 -6 -6 -7 -6  6  3 -5  1  1 -6 -5 -4  0  1  2    3   0   0   0   1   0   0   0   0  41  25   0   3   6   0   0   0   1   4  13  1.07 0.49
   27 N    0 -1 -2 -4  4 -2 -2 -5 -3 -2 -2  0 -3 -3  7 -3  0 -7 -4  1    7   3   2   1   7   1   2   0   1   2   3   5   1   1  48   2   5   0   0   8  1.12 0.56
   28 H   -2 -2 -3 -6 -6  4 -4 -7 10 -3 -4 -1 -3 -4 -6 -4 -2 -3 -1 -3    4   2   1   0   0  17   0   0  59   2   2   4   1   1   0   1   3   0   2   2  2.16 0.87
   29 I   -5 -7 -8 -8 -6 -7 -8 -8 -8  7  3 -7 -2 -2 -7 -7 -5 -7 -4  3    0   0   0   0   0   0   0   0   0  61  22   0   1   1   0   0   0   0   0  15  1.81 0.72
   30 S    2 -6 -4 -4 -3 -5 -5 -4 -6 -7 -7 -5 -7 -8 -6  7 -2 -8 -7 -4   18   0   0   1   0   0   0   1   0   0   0   0   0   0   0  77   1   0   0   1  1.96 0.91
   31 T   -2 -7 -5 -6 -6 -6 -6 -7 -7 -4 -4 -6 -1 -7 -3  1  8 -8 -7 -3    3   0   0   0   0   0   0   0   0   1   1   0   2   0   1   9  82   0   0   1  2.25 0.98
   32 G   -4 -8 -6 -7 -8 -7 -8  8 -8 -10 -9 -7 -8 -9 -8 -6 -7 -8 -9 -9    1   0   0   0   0   0   0  99   0   0   0   0   0   0   0   0   0   0   0   0  3.00 1.09
   33 D   -4 -6  1  8 -9 -3  1 -6 -4 -8 -8 -5 -8 -9 -7 -4 -6 -9 -8 -4    1   0   5  80   0   1   9   0   0   0   0   0   0   0   0   1   0   0   0   1  2.37 0.93
   34 M   -3 -7 -7 -8 -4 -6 -6 -8 -7  5  4 -7  7 -4 -7 -6 -4 -6 -6 -1    2   0   0   0   0   0   0   0   0  34  34   0  26   0   0   0   0   0   0   3  1.60 0.68
   35 F   -6 -7 -8 -8 -5 -7 -8 -8 -6  0  5 -7 -1  6 -8 -7 -6 -3 -2 -1    0   0   0   0   0   0   0   0   0   3  60   0   1  32   0   0   0   0   1   3  1.79 0.75
   36 R   -7  9 -6 -7 -7 -4 -5 -8 -5 -9 -7 -3 -7 -9 -8 -6 -7 -9 -8 -8    0  98   0   0   0   0   0   0   0   0   0   0   0   0   0   0   0   0   0   0  3.30 1.23
   37 A    3 -1  0  1 -6  1  4 -3 -1 -6 -5  0 -4 -4 -5  0 -2 -3 -3 -4   27   3   4   9   0   7  32   1   1   0   1   6   0   1   0   5   2   0   1   0  0.71 0.45
   38 A    4 -4  3 -4 -5  1  4 -4  3 -2 -4 -3 -1 -6 -5 -2 -2 -7 -4 -3   38   0  12   0   0   5  24   1   7   3   2   1   2   0   0   1   2   0   0   2  0.85 0.52
   39 M   -1  0 -5 -6 -3 -3 -6 -6 -4  5  0 -2  2 -3 -5 -4 -3 -6 -4  5    5   5   0   0   0   1   0   0   1  33   7   3   5   1   0   1   1   0   0  37  1.03 0.50
   40 K    3  3 -1 -2 -5  1  0 -3 -2 -4 -4  4 -3 -6 -4  0 -2 -6 -4 -4   26  14   3   2   0   6   7   2   1   1   1  27   0   0   0   7   2   0   0   1  0.65 0.42
   41 N    2  1  3  0 -4  1  2 -2 -1 -4 -3  2 -2 -6 -4  1 -2 -4 -5 -4   19   8  13   5   0   7  12   3   1   0   2  14   1   0   0  12   2   0   0   0  0.43 0.31
   42 E   -3 -1  1  2 -5  2  1  5 -4 -7 -7  3 -4 -7 -5 -2 -5 -7 -6 -7    1   3   6  10   0   8  10  43   0   0   0  16   0   0   0   2   0   0   0   0  0.98 0.51
   43 T   -5 -6 -4 -2 -6 -5 -5 -4 -4 -6 -6 -5 -5 -7 -6  3  7 -8 -6 -5    0   0   0   2   0   0   0   1   0   0   0   0   0   0   0  23  70   0   0   0  2.02 0.93
   44 E    0 -3 -3  2 -5 -1  5 -4 -4 -6 -5 -1 -5 -5  5 -1 -2 -4 -5 -4    9   1   1   9   0   2  36   1   0   0   1   4   0   0  26   3   2   0   0   1  0.99 0.54
   45 M   -3 -6 -6 -7 -6 -5 -4 -7 -4  1  6 -6  0 -1 -6 -4 -2 -5 -4  0    2   0   0   0   0   0   1   0   0   8  72   0   2   3   0   2   2   0   1   6  1.40 0.63
   46 G   -2 -7 -6 -5 -8 -6 -6  8 -7 -9 -9 -5 -4 -8 -7 -4 -7 -8 -8 -7    3   0   0   1   0   0   0  93   0   0   0   0   1   0   0   1   0   0   0   0  2.64 1.00
   47 K   -2  3 -1 -2 -3  1  0 -4 -2  1  2  4  0 -5 -4 -3 -2 -5 -4  0    2  14   3   2   0   6   5   1   1   7  19  30   2   0   0   1   1   0   0   6  0.49 0.33
   48 L   -1  2 -3 -3 -6  4  3 -5 -4 -3 -1  5 -2 -5 -4 -3 -2 -6 -4 -4    5  11   1   1   0  17  20   0   0   1   8  30   1   0   0   2   2   0   1   1  0.81 0.48
   49 A    6 -6 -6 -7 -3 -6 -6 -5 -7  2 -2 -6 -2 -3 -5 -3 -3 -7 -4  3   57   0   0   0   1   0   0   0   0  12   4   0   1   1   0   1   1   0   1  21  1.32 0.66
   50 K    0  2 -2 -1 -7  2  1 -5 -2 -6 -5  7 -5 -5 -6 -2 -4 -4 -5 -5    7   9   1   3   0  10   7   1   1   0   1  57   0   0   0   2   1   0   0   0  1.29 0.64
   51 S    2  0 -1  0 -3  0  2  1 -2 -4 -4  2 -4 -4 -1  2  0 -3 -3 -3   16   4   2   5   0   4  16  10   1   0   1  14   0   1   2  17   5   0   1   1  0.35 0.28
   52 F   -2 -5 -6 -6 -2 -5 -6 -7 -1  4 -1 -4 -2  4 -7 -5 -2 -4  7  0    4   0   0   0   1   0   0   0   1  19   5   1   1  15   0   1   3   0  42   6  1.39 0.63
   53 I   -6 -7 -5 -8 -7 -4 -7 -8 -5  4  0 -7 10 -5 -8 -5 -2 -4 -4  1    0   0   1   0   0   1   0   0   0  19   8   0  58   0   0   1   3   0   1   9  2.23 0.91
   54 D   -1 -2  2  6 -7 -1  3 -3 -2 -6 -7  0 -5 -6 -5 -1 -3 -8 -6 -6    7   2  10  44   0   2  19   2   1   0   0   6   0   0   0   4   1   0   0   0  1.14 0.57
   55 K    3  3  0 -2 -5  2  0 -2 -3 -5 -4  3 -4 -5 -5  2 -2 -6 -5 -4   23  17   4   2   0   8   5   2   0   0   1  20   0   0   0  15   2   0   0   1  0.62 0.41
   56 G   -5 -8 -5 -7 -8 -7 -8  8 -8 -9 -9 -7 -8 -9 -8 -6 -7 -8 -9 -9    0   0   0   0   0   0   0  99   0   0   0   0   0   0   0   0   0   0   0   0  3.00 1.11
   57 E   -1  0  1  1 -5  2  4  1 -1 -3 -1  2  0 -5 -4 -2 -2 -6 -4 -3    5   4   7   7   0  11  25   9   2   1   7  15   3   0   0   2   2   0   0   2  0.41 0.30
   58 L   -7 -6 -7 -9 -7 -7 -8 -9 -8 -3  7 -8 -2  0 -7 -8 -6 -6  0 -4    0   0   0   0   0   0   0   0   0   0  91   0   0   3   0   0   0   0   4   0  2.23 0.91
   59 V   -3 -8 -8 -8 -6 -8 -8 -7 -8 -1 -3 -8 -5 -5 -4 -5 -5 -8 -5  8    2   0   0   0   0   0   0   0   0   2   2   0   0   0   1   1   0   0   0  91  2.48 0.98
   60 P   -4 -6 -3 -1 -8 -5 -5 -5 -6 -8 -8 -5 -8 -9  8  2 -3 -9 -8 -8    1   0   1   3   0   0   1   1   0   0   0   0   0   0  73  17   2   0   0   0  2.40 1.00
   61 D   -6 -7 -2  9 -9 -6 -3 -7 -7 -7 -9 -5 -6 -9 -6 -6 -6 -10 -9 -9    0   0   2  95   0   0   1   0   0   0   0   0   0   0   0   0   0   0   0   0  3.11 1.16
   62 E   -2 -3 -1  5 -7  1  5 -3 -1 -6 -6 -1 -4 -7 -3 -1 -3 -7 -4 -6    4   1   2  32   0   7  39   2   1   0   1   3   0   0   1   5   1   0   1   0  1.16 0.59
   63 V   -4 -6 -7 -6 -5 -5 -6 -7 -6  5  4 -6  0 -3 -6 -5 -1 -3 -5  4    0   0   0   0   0   0   0   0   0  35  33   0   2   1   0   0   3   0   0  22  1.24 0.56
   64 T   -3 -6 -5 -7 -5 -6 -6 -7 -7  4 -2 -6  5 -4 -6 -5  3 -7 -6  6    2   0   0   0   0   0   0   0   0  18   2   0  12   0   0   0  20   0   0  45  1.39 0.65
   65 N   -2 -5  3 -3  0 -5 -4 -5 -5  5  2 -5  0 -1 -6 -3 -1 -4 -3  3    2   0  14   1   2   0   1   1   0  36  17   0   1   3   0   1   3   0   1  16  0.78 0.42
   66 G    0  1  1  3 -5  1  3  2 -3 -5 -6  1 -5 -6 -3  0 -3 -6 -5 -5    9   6   5  16   0   5  22  18   0   0   0   9   0   0   1   7   1   0   0   0  0.56 0.36
   67 I   -4 -7 -8 -8 -6 -6 -7 -8 -7  5  3 -7  7 -2 -7 -7 -4 -6 -6  1    1   0   0   0   0   0   0   0   0  31  30   0  29   1   0   0   1   0   0   8  1.62 0.69
   68 V   -3 -7 -7 -8 -5 -7 -7 -8 -7  5  1 -7  2 -1 -7 -6 -3 -7 -5  6    1   0   0   0   0   0   0   0   0  31  14   0   5   2   0   0   1   0   0  45  1.46 0.63
   69 K    0  3 -1  0 -4  0  3 -2 -3 -3 -2  4 -1 -1 -4 -1 -2 -4 -2 -3    9  17   2   4   0   3  17   3   0   1   5  26   2   2   0   3   2   0   1   2  0.47 0.32
   70 E   -2  0  2  3 -7  1  5 -2 -1 -6 -5  1 -5 -7 -4 -1 -2 -7 -5 -5    4   4   8  17   0   5  40   3   1   0   1  10   0   0   0   5   2   0   0   1  0.86 0.48
   71 R    0  7 -1 -5 -7 -2  0 -6  0 -4 -5  1 -5 -2 -5 -3 -2 -1 -1 -3    7  60   2   0   0   1   5   0   2   1   1   8   0   2   0   1   2   1   2   2  1.38 0.65
   72 L   -5 -7 -8 -8 -6 -7 -7 -8 -7  4  6 -7  2 -1 -7 -6 -3 -6 -5  0    0   0   0   0   0   0   0   0   0  25  62   0   3   3   0   0   1   0   0   5  1.56 0.66
   73 A    2  0  0  0 -3  2  1  0 -2 -3 -2  2 -1 -3 -3  2  0 -5 -4 -2   16   5   5   6   0   8  10   6   1   1   4  14   1   1   1  16   4   0   0   2  0.27 0.23
   74 Q   -1  3  0 -1 -3  4  3 -2  0 -4 -3  3 -1 -5 -4  0 -1 -4 -4 -4    5  13   4   3   1  16  18   3   2   0   2  19   2   0   0   7   3   0   0   0  0.52 0.33
   75 D    0 -2  1  2 -3 -2  1 -1 -2 -2 -2  0 -3 -3  5  0 -2 -5 -3 -2    7   2   6  12   0   2   9   4   1   3   4   7   0   1  30   5   2   0   1   2  0.54 0.31
   76 D   -3 -2  0  7 -4 -2  1 -3 -3 -4 -4 -1 -5 -5 -2 -2 -3 -5 -5 -4    2   2   4  63   0   2   7   2   1   1   2   4   0   1   3   3   2   0   0   1  1.41 0.58
   77 I    2 -2 -3 -3  9 -4 -2 -3 -4 -1 -2 -3 -3 -4 -2 -1  1 -4 -2  0   19   2   1   1  37   1   3   2   0   4   3   2   1   1   2   4   8   0   2   7  1.05 0.45
   78 K   -1  2  0  0  1  2  1 -1 -1 -3 -2  3 -2 -3 -1  0 -1 -2 -2 -2    5  13   5   6   3   9   8   4   1   2   4  23   1   1   3   5   3   1   1   2  0.27 0.16
   79 A    2  0  0  0 -1  0  0  1  0 -1 -1  0 -1 -1  0  1  0 -2 -1 -1   19   4   3   4   1   3   7  10   2   3   4   7   1   2   4  12   6   0   2   5  0.09 0.07
   80 S   -2  2  4  1 -3  1 -1  0  0 -3 -4  3 -3 -4 -2  0 -1 -3 -2 -3    2  11  21   9   1   6   4   7   2   1   2  22   1   1   2   5   3   0   1   1  0.47 0.26
   81 G   -3 -5 -1 -2 -6 -5 -6  7 -4 -7 -7 -5 -6 -7 -5 -3 -5 -6 -6 -6    2   1   3   2   0   0   0  85   0   0   1   1   0   0   0   2   1   0   0   1  2.21 0.84
   82 F   -3 -7 -7 -8 -1 -7 -8 -7 -5  0 -3 -8 -3  8 -8 -7 -6  2  5  0    3   0   0   0   1   0   0   0   0   5   2   0   0  62   0   0   0   3  15   8  2.07 0.81
   83 L   -5 -7 -7 -8 -5 -7 -7 -8 -7  7  3 -7  1 -4 -7 -7 -5 -7 -6  2    0   0   0   0   0   0   0   0   0  57  24   0   3   0   0   0   0   0   0  13  1.71 0.69
   84 L   -7 -7 -8 -9 -4 -7 -8 -9 -7 -2  6 -8  1  4 -8 -7 -6 -3 -4 -4    0   0   0   0   0   0   0   0   0   1  80   0   2  15   0   0   0   0   0   0  1.99 0.82
   85 D   -8 -8 -3  9 -10 -6 -4 -7 -7 -9 -10 -7 -9 -10 -8 -5 -7 -10 -9 -9    0   0   1  99   0   0   0   0   0   0   0   0   0   0   0   0   0   0   0   0  3.34 1.23
   86 G   -5 -8 -4 -7 -8 -7 -7  8 -7 -9 -9 -7 -8 -8 -7 -6 -7 -8 -8 -7    0   0   1   0   0   0   0  98   0   0   0   0   0   0   0   0   0   0   0   0  2.92 1.07
   87 Y   -7 -8 -8 -8 -5 -8 -8 -8 -6 -3 -5 -8 -5  9 -8 -7 -7 -4  6 -3    0   0   0   0   0   0   0   0   0   1   0   0   0  73   0   0   0   0  22   2  2.87 1.03
   88 P   -7 -8 -8 -7 -8 -7 -7 -8 -8 -8 -8 -7 -8 -9  9 -7 -6 -9 -9 -8    0   0   0   0   0   0   0   0   0   0   0   0   0   0  98   0   0   0   0   0  3.61 1.32
   89 R   -7  9 -6 -7 -9 -5 -6 -6 -6 -8 -8 -4 -7 -8 -8 -6 -7 -8 -7 -8    0  98   0   0   0   0   0   1   0   0   0   0   0   0   0   0   0   0   0   0  3.28 1.21
   90 T   -5 -5  5 -4 -6 -6 -5 -6 -6 -6 -7 -5 -6 -7 -6 -1  7 -8 -7 -6    0   0  23   1   0   0   0   0   0   0   0   0   0   0   0   3  71   0   0   0  2.22 0.97
   91 I   -2 -3 -5 -5 -4 -2 -2 -5 -5  4  3 -3  0 -3 -2 -3 -1 -3 -3  4    2   2   0   0   0   2   3   0   0  22  29   1   1   1   2   1   3   0   0  29  0.76 0.40
   92 D    2 -1  2  0 -3 -1  1 -1 -1 -3 -4  0 -3 -4  3  0 -1 -5 -2  0   21   2  10   5   0   2   9   5   2   1   1   5   0   1  17   6   2   0   1   8  0.33 0.26
   93 Q   -7 -5 -6 -6 -9  9 -2 -8 -6 -9 -8 -5 -7 -9 -7 -6 -7 -8 -8 -8    0   0   0   0   0  98   2   0   0   0   0   0   0   0   0   0   0   0   0   0  3.54 1.38
   94 A    7 -7 -6 -6 -6 -5 -6 -3 -7 -5 -6 -6 -6 -7 -6 -3 -3 -8 -7 -3   92   0   0   0   0   0   0   2   0   0   1   0   0   0   0   1   1   0   0   2  2.33 0.99
   95 H   -2  1 -2  0 -5  3  5 -4 -1 -2 -4  3 -4 -5 -5 -3 -3 -6 -4 -2    3   8   2   5   0  11  43   1   1   3   2  15   0   0   0   1   1   0   0   3  0.89 0.50
   96 A    4 -2 -3 -2 -4 -1  0 -1 -2 -2 -2  1  2  1 -4  0 -1  0 -1 -2   40   2   1   2   0   2   6   5   1   2   4   7   5   7   0   7   3   2   2   2  0.40 0.31
   97 L   -6 -7 -8 -8 -6 -7 -7 -8 -7 -3  7 -7 -1  2 -7 -5 -6 -6 -3 -4    0   0   0   0   0   0   0   0   0   1  88   0   1   7   0   1   0   0   1   1  2.07 0.83
   98 D   -2 -3  0  7 -3 -1  3 -3 -3 -6 -5 -2 -4 -7 -5 -1 -2 -7 -5 -6    3   1   4  56   1   3  19   2   1   0   1   2   0   0   0   4   3   0   0   1  1.41 0.64
   99 T    0  1  0  1 -4  1  3  0 -1 -3 -4  3 -2 -4 -3  0  0 -4 -3 -2    9   9   4   6   0   4  24   7   2   2   1  17   1   0   1   6   5   0   0   2  0.37 0.26
  100 M   -1 -2 -4 -5 -3 -2 -3 -4 -2  4  3 -3  6  1 -5 -3 -1  0  1  0    5   2   1   0   0   2   2   1   1  21  23   2  19   6   0   2   3   1   4   6  0.61 0.33
  101 L   -2 -4 -4 -4 -3 -4 -4 -4 -4 -1  6 -4  2  1 -4 -3 -1 -4 -3 -1    3   1   1   1   0   1   1   1   0   2  66   1   5   5   1   1   4   0   1   3  1.08 0.46
  102 E    2 -1  0  1 -3  1  2  0 -1 -1 -2  2 -2 -3 -1  0  0 -2 -3 -2   17   3   4   8   0   6  16   6   2   3   3  12   1   1   2   7   4   0   1   3  0.20 0.16
  103 E    0  1  0  1 -4  2  3 -1  0 -3 -3  3 -3 -4 -2  0 -1 -2 -3 -3    7   7   5   8   0   7  23   5   2   1   2  17   0   1   2   7   3   1   0   2  0.36 0.23
  104 L    0  2  0 -1 -2  0  0 -2  0  0  2  1  1 -1 -2 -1 -1 -2 -1 -1    7  14   5   2   1   5   5   3   3   6  21   8   4   2   1   4   3   0   1   3  0.10 0.10
  105 G   -2 -2  3  1 -3  0 -1  5  1 -4 -4  1 -4 -4 -2 -1 -3 -3 -3 -4    3   2  16   7   1   4   3  40   3   1   2   8   0   1   2   4   1   0   1   1  0.69 0.34
  106 I    0  2 -1 -2 -2  2  1 -2 -1  1  0  1  1 -2 -3 -1  0  0 -2  0    6  14   2   2   1   8   9   2   1  11  10  11   3   2   1   4   6   1   1   6  0.13 0.13
  107 K    0  2  0 -1 -3  1  1 -1  0 -3 -4  4 -3 -4  3  1  0 -2 -3 -3    7  10   4   3   1   5   7   4   2   1   1  23   0   1  14   9   5   1   0   2  0.38 0.26
  108 L   -3 -5 -5 -5 -4 -5 -6 -5 -5  5  4 -5 -1 -2 -2 -4 -3 -4 -4  2    1   0   0   1   0   0   0   1   0  36  38   0   1   1   2   1   1   0   0  15  1.12 0.50
  109 D   -3 -3  1  7 -4  0  0 -2 -2 -6 -4 -2 -6 -5 -2 -1  1 -7 -3 -4    2   1   5  58   0   4   5   3   1   0   2   2   0   0   2   4   8   0   1   1  1.26 0.59
  110 A    2  0 -2 -3  1 -2 -3 -1  3 -1  0  1  0  0 -3 -1 -1 -3  1  0   23   6   1   1   3   1   0   4   8   4  11  12   2   3   0   5   3   0   6   7  0.18 0.19
  111 V    2 -7 -8 -8 -2 -7 -7 -7 -8  0 -3 -7 -4 -5 -7 -5 -3 -8 -6  7   16   0   0   0   1   0   0   0   0   4   1   0   0   0   0   1   1   0   0  76  1.96 0.83
  112 V   -4 -7 -7 -8 -4 -7 -7 -8 -7  6  3 -7 -1  1 -6 -6 -5 -6 -4  4    1   0   0   0   0   0   0   0   0  45  24   0   1   6   0   0   0   0   0  22  1.44 0.62
  113 N   -3 -4  4  0 -3 -1  2 -4  2 -4  1 -2 -2  1 -5  0 -3 -2  5 -2    2   0  20   6   1   2  12   1   4   0  14   2   1   5   0   7   1   0  20   3  0.55 0.38
  114 I   -6 -7 -8 -8 -6 -7 -7 -8 -7  5  4 -7  1  5 -7 -7 -5 -5 -1  0    0   0   0   0   0   0   0   0   0  29  44   0   3  19   0   0   0   0   2   4  1.43 0.62
  115 V   -1  0  2  4 -3  1  3 -4  0 -3 -4  1 -3 -3 -4 -1 -1 -4 -3 -1    6   5   8  26   1   5  20   1   2   1   1   8   1   1   0   4   3   0   1   5  0.51 0.33
  116 V    0 -7 -7 -7  0 -6 -7 -6 -7  3  1 -6 -1 -4 -6 -4 -2 -7 -6  6    9   0   0   0   2   0   0   0   0  15  11   0   1   0   0   1   2   0   0  57  1.35 0.62
  117 N   -2 -3 -1  5 -7 -3  0 -3 -3 -7 -7 -3 -6 -7  5  3 -2 -8 -7 -6    4   1   3  28   0   1   5   2   1   0   0   2   0   0  31  21   2   0   0   0  1.16 0.61
  118 P   -3  1 -1  6 -7 -1  4 -5 -2 -5 -4  0 -4  0 -1 -2 -1 -7 -2 -4    2   7   3  39   0   2  22   0   1   0   2   5   0   4   4   2   4   0   2   1  0.88 0.48
  119 D    0 -3  0  4 -7  1  5 -3 -3 -6 -7  0 -6 -7 -1  0 -3 -3 -5 -6    7   1   4  23   0   5  41   2   0   0   0   6   0   0   3   7   1   1   0   0  1.00 0.55
  120 I   -1 -2 -4 -2 -4 -1  4 -5 -2  2  1 -2 -1 -3 -5 -2  1 -6 -4  3    5   2   0   2   0   2  27   0   1  11  11   2   1   0   0   2   9   0   0  23  0.50 0.35
  121 L   -1 -6 -7 -7 -2 -6 -7 -7 -7  5  5 -6 -2 -4 -7 -3 -3 -6 -5  2    5   0   0   0   1   0   0   0   0  31  45   0   0   0   0   2   1   0   0  14  1.27 0.57
  122 V   -3 -4 -6 -7 -4 -5 -1 -7 -5  5  1 -3  1 -2 -6 -4 -2 -5 -3  5    1   1   0   0   0   0   4   0   0  35  10   2   3   1   0   1   3   0   1  37  1.13 0.53
  123 D   -1  3  0  2 -5  2  4 -3 -1 -5 -5  4 -4 -6 -5 -1 -2 -6 -4 -5    5  16   4  10   0   7  24   2   1   0   0  24   0   0   0   4   2   0   0   0  0.73 0.43
  124 R   -7  9 -6 -8 -10 -5 -6 -8 -6 -7 -7 -3 -7 -9 -8 -7 -7 -9 -8 -9    0  99   0   0   0   0   0   0   0   0   0   1   0   0   0   0   0   0   0   0  3.34 1.24
  125 L   -3 -6 -5 -8 -4 -7 -7 -8 -7  5  5 -7  2 -3 -7 -5 -4 -6 -6 -1    3   0   1   0   0   0   0   0   0  30  56   0   5   1   0   1   1   0   0   3  1.48 0.65
  126 S    1 -5 -4 -5  2 -4 -2 -1 -5 -2 -2 -4 -2 -6 -5  5  4 -7 -6  0    9   0   0   0   4   0   3   5   0   2   4   0   1   0   0  40  26   0   0   6  0.90 0.55
  127 G    0 -4  1 -3 -7 -3 -4  6  0 -8 -5 -3 -5 -7 -6  1 -4 -7 -3 -7    7   1   6   1   0   1   1  66   2   0   1   2   0   0   0   9   1   0   1   0  1.48 0.67
  128 R   -8  9 -6 -8 -10 -5 -6 -9 -6 -9 -8 -4 -7 -9 -8 -7 -7 -9 -8 -9    0 100   0   0   0   0   0   0   0   0   0   0   0   0   0   0   0   0   0   0  3.44 1.27
  129 Y   -5  7 -6 -7 -5 -3 -5 -7 -4 -2  1 -3 -1 -1 -7 -5 -5  5  1 -3    1  60   0   0   0   1   0   0   0   2  15   1   1   3   0   1   0   7   5   2  1.61 0.74
  130 I   -3 -5 -2 -5 -3 -1 -4 -5 -4  4 -2 -5  2 -2 -5  1  3 -4 -1  4    1   0   2   0   0   3   1   0   0  21   3   0   6   2   0  11  21   0   2  27  0.75 0.45
  131 C   -5 -9 -5 -4 12 -8 -9 -7  4 -7 -7 -9 -7 -8 -9 -4 -7 -8 -8 -7    1   0   1   1  86   0   0   0  10   0   0   0   0   0   0   1   0   0   0   0  4.03 1.33
  132 R   -1  3 -3 -3 -5 -2  0 -2 -3 -4 -3  2 -3 -6  5  2 -1 -6 -5 -3    6  13   1   1   0   2   5   2   1   1   3  14   1   0  31  15   3   0   0   2  0.76 0.44
  133 N    0  0  3  1 -5  1  0 -1  0 -2 -3  3 -4 -4 -2  2  0 -5 -4 -1    8   4  13   6   0   5   6   3   2   2   2  22   0   0   2  13   6   0   0   5  0.33 0.26
  134 C   -6 -8 -6 -5 11 -6 -6 -6 -8 -7 -7 -6 -7 -8 -7  1 -1 -7 -7 -6    0   0   0   1  81   0   1   1   0   0   0   0   0   0   0  11   3   0   0   0  3.55 1.19
  135 G   -3 -3  1 -3 -5  1 -2  7 -3 -8 -7  0 -7 -6 -6 -2 -5 -5 -7 -7    2   2   6   1   0   7   3  69   1   0   0   5   0   0   0   3   1   0   0   0  1.59 0.70
  136 A    4  4 -2 -3 -5  0  1 -3  2 -4 -4  1 -2 -4 -5 -1  1 -2 -3 -3   33  22   1   1   0   4   7   1   4   0   1   9   1   0   0   4   8   1   1   1  0.66 0.42
  137 T   -2 -5  1 -3 -3 -4 -4 -1 -4  4 -1 -4 -1 -4  0  1  3 -6 -5  3    2   0   6   1   0   0   1   5   0  23   4   1   1   0   6  12  16   0   0  22  0.53 0.36
  138 Y   -7 -7 -7 -8 -3 -5 -7 -8 -2 -6 -4 -7 -5  4 -8 -6 -5  1 10 -6    0   0   0   0   1   0   0   0   1   0   2   0   0  15   0   1   1   1  77   0  2.97 1.10
  139 H   -6 -5  7 -4 -6 -5 -5 -3  9 -8 -7 -5 -7 -7 -6 -3 -4 -7 -5 -6    1   0  41   0   0   0   0   2  51   0   0   0   0   0   0   2   1   0   0   0  2.66 1.00
  140 K   -2 -2 -4 -2 -4 -2 -1 -4 -4  3  3  0  1 -1 -3 -2  0 -5 -3  3    3   2   0   3   0   1   4   1   0  20  25   7   2   2   1   2   6   0   1  19  0.40 0.26
  141 I   -1  0 -1  0 -3  0  1 -3 -1  1 -1  2 -1  0 -3 -1  1 -3  2  1    4   4   2   6   0   3  11   1   1  11   6  13   1   3   0   4  10   0  10  10  0.15 0.16
  142 F   -2 -3  2 -2 -5 -4 -3 -3  0 -3 -2 -3 -2  6 -5  1  2 -2  4 -2    3   1   9   3   0   0   2   2   3   1   3   1   1  31   0  12  14   0  12   2  0.74 0.42
  143 N    0  1  5  1 -3  0 -2 -3  1 -1 -1  2  2 -2 -4  1 -2 -5 -2 -3    7   6  27   7   0   3   1   1   3   4   7  12   6   2   0  11   1   0   1   1  0.42 0.31
  144 P   -3 -2 -5 -4 -7 -1 -3 -5 -4 -5 -5  1 -4 -7  8 -3 -4 -7 -7 -5    2   2   1   1   0   3   2   1   0   1   1   8   0   0  73   2   1   0   0   1  2.16 0.89
  145 T   -2 -7 -5 -5 -7 -5 -4 -6 -7 -5 -6 -4 -7 -6  8  0 -1 -8 -7 -5    3   0   1   1   0   1   1   1   0   1   1   1   0   0  80   6   3   0   0   1  2.54 1.00
  146 K    0  2 -3 -3 -4  1 -1 -3  1 -3 -3  6 -4 -6  0 -2 -2 -6 -5 -3    8  10   1   1   0   5   4   2   3   2   2  52   0   0   4   2   2   0   0   2  0.99 0.52
  147 V   -1  0  0 -1 -4  1  1 -4 -1  0 -2  3 -2 -3 -2 -1  0 -5 -4  3    4   4   5   3   0   6  10   1   1   5   2  20   1   1   1   4   4   0   0  25  0.34 0.28
  148 E    1 -3 -1  4 -6 -1  4 -2 -3 -4 -3 -1 -4 -5  3 -1 -2 -6 -4 -3   11   1   2  22   0   2  29   3   0   1   3   4   0   0  13   4   2   0   1   2  0.68 0.41
  149 G   -3 -4  2  1 -4 -4 -1  6 -3 -5 -5 -2  2 -5 -2 -2 -3 -1 -5 -5    2   1   8   8   0   0   5  58   1   1   1   2   6   0   2   2   1   1   0   0  1.19 0.56
  150 V   -2  1 -4 -4 -3 -1 -3 -5 -2  4  0  3 -1 -2 -4 -3  0 -5 -3  4    2   8   0   1   0   2   1   1   1  22   7  17   1   2   1   1   5   0   1  27  0.56 0.34
  151 C   -5 -8 -6  2 12 -8 -7 -7 -8 -6 -6 -8 -7 -8 -8 -6 -6 -8 -8 -6    1   0   0  11  85   0   0   0   0   0   1   0   0   0   0   0   0   0   0   0  3.92 1.27
  152 D   -4 -5 -1  8 -5 -5 -2 -5 -4 -6 -6 -4 -7 -6  0 -3 -2 -8 -7 -6    1   1   3  80   0   0   2   1   0   1   1   1   0   0   5   1   3   0   0   0  2.24 0.89
  153 V    0  1  0  0 -2  0  0 -2  0  1 -1  2 -2 -2 -3 -1 -1 -4 -1  2    8   8   5   6   0   4   6   2   2   9   5  16   0   2   0   5   2   0   2  19  0.15 0.16
  154 C   -5 -7 -5  3 11 -7 -4 -6 -4 -6 -7 -6 -7 -7 -7 -3  1 -7 -7 -6    1   0   0  13  70   0   1   0   0   0   0   0   0   0   0   2  10   0   0   0  3.01 1.06
  155 G   -3 -4 -1 -1 -3 -1 -3  7 -2 -6 -6 -3 -5 -6 -3 -3 -4 -5 -5 -6    2   1   3   3   1   3   2  76   1   0   1   2   0   0   1   2   1   0   0   1  1.72 0.67
  156 S    1 -3 -1 -2 -2 -1  0  5 -2 -4 -4 -2 -4 -4 -2  2 -1 -4 -4 -3   11   1   3   1   1   2   6  42   1   1   2   2   0   1   2  17   4   0   1   2  0.69 0.33
  157 H    1  1  0 -1 -1  1  2  0  1 -2 -1  2 -1 -2 -1  0  1 -2 -2 -1   12   7   4   3   1   5  13   6   3   2   5  14   1   1   2   6   9   0   1   5  0.12 0.09
  158 D   -1 -1 -1  1 -3 -1  4 -2 -1 -2 -2  0 -2 -3  4 -1 -1 -2 -2 -2    4   3   3   7   1   2  30   3   1   2   3   5   1   1  19   4   4   1   1   3  0.49 0.22
  159 L   -6 -7 -8 -8 -6 -7 -7 -8 -7  0  7 -7 -2  1 -7 -7 -6 -4 -5 -1    0   0   0   0   0   0   0   0   0   4  85   0   1   6   0   0   0   0   0   4  1.96 0.79
  160 Y   -3 -3 -4 -5 -3 -2 -1 -6 -1  4 -2 -3  0  1 -6 -2  0 -3  5  3    1   2   1   0   0   2   4   0   1  24   2   2   2   6   0   3   5   0  23  22  0.79 0.43
  161 Q   -4  2 -5 -5 -5  8 -3 -6  3 -1 -3  0 -3 -6 -6 -4 -1 -5 -4 -2    1  10   0   0   0  61   0   0   6   3   3   4   1   0   0   1   4   0   0   4  1.65 0.79
  162 R   -7  9 -6 -8 -9 -5 -6 -8 -6 -9 -8 -4 -7 -9 -8 -5 -7 -9 -8 -8    0  99   0   0   0   0   0   0   0   0   0   0   0   0   0   1   0   0   0   0  3.36 1.24
  163 A    1 -3 -1  4 -5 -2  3 -3 -3 -5 -5  2 -5 -5  2  2 -1 -6 -5 -4   12   1   3  20   0   1  17   1   0   0   1  13   0   0  11  15   4   0   0   1  0.61 0.39
  164 D   -8 -7 -4  9 -9 -6 -4 -6 -7 -9 -8 -7 -9 -9 -7 -5 -7 -10 -9 -9    0   0   0  98   0   0   0   0   0   0   0   0   0   0   0   0   0   0   0   0  3.31 1.21
  165 D   -6 -7 -4  9 -9 -3 -2 -6 -7 -9 -9 -6 -9 -9 -7 -5 -7 -10 -9 -9    0   0   0  96   0   1   2   0   0   0   0   0   0   0   0   0   0   0   0   0  3.15 1.16
  166 V   -1  2  4 -2 -3  1  0 -4 -1 -5 -5  4 -2 -5 -5  0  3 -5 -3 -4    4  11  18   1   0   6   5   1   1   0   1  23   1   0   0   6  18   0   1   1  0.66 0.41
  167 P    0 -2 -5 -3 -7 -3  5 -6 -4 -3 -3 -1 -4 -6  6 -3 -5 -7 -6 -2    7   2   0   0   0   1  42   0   0   2   2   3   0   0  34   1   0   0   0   4  1.36 0.68
  168 E    0 -4 -2  3 -8  0  7 -3 -3 -6 -7 -1 -6 -7 -4 -2 -3 -8 -7 -5    7   0   2  13   0   3  63   2   0   0   0   3   0   0   1   3   2   0   0   1  1.49 0.72
  169 T    3 -4 -4 -6 -4 -4 -5 -5 -6  1 -4 -2 -3 -6 -5  0  5 -7 -6  4   21   1   0   0   0   0   0   0   0   6   0   2   1   0   0   5  37   0   0  25  1.02 0.57
  170 V   -2 -7 -7 -8 -4 -7 -7 -7 -6  6  0 -7 -1 -2 -7 -6 -3 -7 -6  6    3   0   0   0   0   0   0   0   0  39   9   0   1   2   0   0   1   0   0  45  1.57 0.66
  171 K   -1  5 -1 -4 -4  1  0 -4 -2 -3 -1  4 -2 -6 -5 -1 -2 -4 -5 -3    6  33   2   0   0   5   6   1   1   1   5  29   1   0   0   4   3   0   0   2  0.85 0.47
  172 N   -1  2  3 -1 -6  1  2 -4  3 -4 -5  4 -3 -5 -3  0  0 -6 -4 -2    4  11  14   2   0   6  11   0   6   1   1  27   0   0   1   5   6   0   0   3  0.59 0.37
  173 R   -7  9 -6 -8 -10 -5 -6 -8 -6 -9 -8 -4 -7 -9 -8 -7 -7 -3 -8 -9    0 100   0   0   0   0   0   0   0   0   0   0   0   0   0   0   0   0   0   0  3.40 1.25
  174 L   -6 -7 -7 -8 -6 -5 -8 -8 -6  2  6 -7  1  1 -8 -6 -6 -3 -1 -3    0   0   0   0   0   1   0   0   0  10  77   0   3   5   0   0   0   0   2   0  1.77 0.74
  175 D    0  2  0  3 -6  2  4 -2 -1 -5 -4  2 -3 -6 -4 -1 -2 -6 -4 -3    9   9   5  14   0   9  28   2   1   0   1  13   1   0   0   4   2   0   0   2  0.57 0.36
  176 V    1 -5 -3 -4 -4 -3  0 -4 -5  2 -1 -3 -2 -5 -6 -3  2 -7 -5  6   10   0   1   1   0   1   7   1   0  11   3   1   0   0   0   1  12   0   0  50  0.93 0.50
  177 N   -8 -8 -5 -8 -8 -6 -8 -9 -3 -7 -7 -8 -5  4 -9 -7 -7 -2 10 -7    0   0   1   0   0   0   0   0   0   0   0   0   0  13   0   0   0   0  84   0  3.34 1.20
  178 I   -2  3  1  0 -6  1  3 -4  7 -3 -2  1 -2 -2 -5 -3 -3 -2  1 -5    4  14   5   4   0   5  16   1  27   1   5   8   1   2   0   1   1   1   4   0  0.78 0.43
  179 K    0  2  1  1 -4  2  4 -3 -1 -5 -4  3 -3 -6 -4  0  0 -6 -5 -4    8   9   7   6   0  10  25   2   1   0   1  19   1   0   0   5   5   0   0   1  0.57 0.37
  180 E   -4 -1  0  0 -6  6  3 -6  1 -5 -2  2  0 -6 -5 -1 -2 -2 -5 -5    1   2   4   4   0  42  18   0   3   0   5  10   2   0   0   4   3   1   0   1  1.05 0.58
  181 S   -3 -6 -4 -6 -5 -6 -5 -7 -4 -2 -4 -6 -4 -6 -7 -2  8 -8 -7 -4    2   0   1   0   0   0   0   0   0   2   1   0   0   0   0   2  89   0   0   1  2.50 1.06
  182 A    3  0 -3 -1 -5  1  3 -2 -1 -3 -2  2  0 -2 -3  0 -1 -5 -2 -2   26   5   1   2   0   6  20   2   1   1   5  13   3   2   0   6   2   0   2   3  0.38 0.30
  183 P   -4 -7 -8 -4 -9 -4 -4 -6 -6 -6 -7 -3 -8 -9  9 -3 -6 -10 -9 -5    1   0   0   1   0   1   1   0   0   1   1   2   0   0  89   2   0   0   0   1  3.01 1.16
  184 I   -4 -7 -8 -8 -4 -7 -7 -8 -7  2  6 -7  0 -4 -7 -6 -5 -6 -6  3    1   0   0   0   0   0   0   0   0  10  65   0   2   0   0   0   0   0   0  22  1.57 0.67
  185 I   -2 -3 -6 -6 -4 -5 -3 -6 -6  6  2 -2 -1 -2 -6 -4 -3 -6 -5  3    3   1   0   0   0   0   2   0   0  42  21   3   1   2   0   1   1   0   0  21  1.05 0.49
  186 E    0 -2  1  5 -5  1  4 -1 -2 -6 -5 -1 -5 -6 -2 -1 -2 -7 -5 -5    9   2   6  31   0   5  26   5   1   0   1   4   0   0   2   5   2   0   0   0  0.78 0.44
  187 H   -7 -4 -7 -8 -8 -5 -7 -8  5 -7 -5 -5 -5  5 -8 -7 -7  0  9 -6    0   1   0   0   0   0   0   0  11   0   1   1   0  23   0   0   0   1  62   0  2.62 0.99
  188 Y   -7 -8 -8 -9 -6 -8 -8 -9 -4 -7 -5 -8 -7  1 -9 -8 -8 -1 10 -7    0   0   0   0   0   0   0   0   0   0   1   0   0   5   0   0   0   1  93   0  3.71 1.31
  189 T   -1  4  0  0 -5  2  2 -2 -1 -5 -4  3 -4 -5 -5  0 -1 -3 -4 -4    6  26   4   4   0   9  14   4   1   0   1  20   0   0   0   7   3   0   0   1  0.63 0.38
  190 E    1  1  1  1 -5  2  2  0 -2 -5 -4  4 -3 -5 -2  0 -2 -4 -4 -4   10   8   8   7   0   9  14   7   1   0   1  23   0   0   2   7   1   0   0   1  0.43 0.30
  191 L    0  4 -1 -4 -2  4  0 -4  0 -4 -2  5 -2 -6 -4 -1 -1 -5 -5 -5    6  19   2   0   1  16   4   1   2   1   4  34   1   0   0   3   4   0   0   0  0.81 0.46
  192 G   -3 -2  2  0 -6 -3 -3  6  1 -7 -7  0 -6 -7 -3 -1 -4 -7 -5 -4    2   2  10   5   0   1   2  61   3   0   0   7   0   0   1   4   1   0   0   1  1.31 0.59
  193 L   -3  0 -2 -4 -2 -2 -3 -5 -2  4  3  2  0 -3 -4 -3 -1 -4 -3  1    1   5   2   1   1   1   2   1   1  20  31  16   1   0   1   1   3   0   1  10  0.52 0.32
  194 V   -5 -6 -7 -8 -2 -6 -7 -8 -1  0  6 -7  0  0 -5 -6 -5  1  1  2    0   0   0   0   1   0   0   0   2   4  67   0   2   4   1   0   0   2   4  12  1.36 0.61
  195 K    0  2 -2 -2 -1 -1 -1 -4  3  1 -1  2 -1  0 -4  0  0 -3  1  2    7  13   1   1   1   2   3   0   9  11   5  12   1   4   0   5   5   0   5  14  0.21 0.19
  196 N   -2  3  1  1 -4  0  3 -3  1 -2 -4  1 -3 -4 -1  0  2 -3 -3  0    2  14   8   7   0   3  21   1   3   2   0   8   0   1   2   6  13   0   1   7  0.35 0.28
  197 I   -5 -8 -8 -8 -4 -7 -7 -8 -8  6  0 -7 -2 -2 -7 -6 -5 -7 -5  6    0   0   0   0   0   0   0   0   0  44   6   0   0   2   0   0   0   0   0  47  1.84 0.75
  198 E   -3 -4  4  7 -3 -2 -1 -5 -1 -7 -7 -4 -7 -8 -2 -1 -4 -9 -5 -5    2   1  20  59   1   1   3   0   1   0   0   1   0   0   2   5   0   0   0   1  1.67 0.74
  199 G    4 -7 -3 -6 -2 -6 -6  6 -7 -7 -7 -5 -7 -7 -5 -1 -4 -7 -7 -4   32   0   1   0   1   0   0  59   0   0   0   0   0   0   0   5   1   0   0   1  1.67 0.74
  200 E    0 -2  3  2 -3  0  2 -2 -2 -2 -2 -2  2 -4 -4  2  2 -5 -4 -1    6   2  14  11   0   3  15   3   1   2   4   1   6   0   0  15  11   0   0   5  0.33 0.27
  201 Q   -1  2  0 -2 -3  4 -2  4 -2 -4 -2  2  0 -5 -2 -3 -3 -6 -4 -4    5  10   3   2   0  19   2  32   1   1   5  11   2   0   2   1   1   0   0   1  0.62 0.39
  202 E    0 -2  0  2 -5 -2  1 -1 -3 -5 -4  0 -3 -6  3  3  2 -6 -5 -4    7   2   3  13   0   1   8   6   0   0   2   5   0   0  16  23  13   0   0   1  0.52 0.36
  203 I   -1 -5 -5 -6 -5 -3 -3 -5 -5  5 -1 -2  1 -2  4 -3 -3 -6 -4  3    4   0   0   0   0   1   2   0   0  32   4   2   4   1  24   2   1   0   0  21  0.95 0.49
  204 S   -1 -3  1  5 -7  0  5 -2 -2 -6 -5  0 -4 -6 -2 -1 -3 -6 -5 -5    5   1   5  30   0   4  35   3   1   0   1   6   0   0   2   4   1   0   0   0  0.96 0.52
  205 Q    0 -2 -1  3 -6  2  5 -3 -2 -3 -3  1 -4 -5 -3 -1  0 -6 -4  0    8   1   3  15   0   7  35   2   1   2   2   8   0   0   1   4   5   0   0   7  0.60 0.39
  206 V   -4 -7 -5 -8 -6 -7 -7 -7 -8  4 -2 -7 -1 -5 -7 -5 -2 -8 -5  7    1   0   0   0   0   0   0   0   0  22   2   0   1   0   0   1   3   0   0  69  1.89 0.79
  207 T    0  0 -2 -4 -2 -1 -2 -3  0 -3 -1 -2 -3  5 -5  0  2  4  3 -2    7   5   2   1   1   3   3   1   2   1   4   2   0  28   0   7  15   5  10   2  0.58 0.36
  208 E    1  1  1  1 -4  2  3 -1  0 -4 -3  2 -2 -5 -3  0 -1 -5 -3 -3   14   8   6   7   0  10  19   5   2   1   2  13   1   0   1   6   3   0   0   1  0.36 0.27
  209 D    0  4  1  3 -3  2  3 -3 -1 -3 -3  0 -3 -5 -4  0 -2 -6 -4 -3    9  20   6  16   0   9  16   1   1   2   3   5   0   0   0   8   2   0   0   1  0.49 0.33
  210 I   -3 -7 -7 -8 -2 -7 -7 -8 -7  7  2 -7  1 -4 -7 -6 -2 -7 -6  3    2   0   0   0   1   0   0   0   0  56  17   0   3   0   0   0   3   0   0  18  1.57 0.66
  211 K   -1  1 -2 -1  1  0  0 -3 -3  0  2  2  1  0 -4 -1 -1 -2 -2  1    5   7   2   3   3   5   8   1   0   5  22  15   4   3   0   4   2   0   1  10  0.15 0.16
  212 K    2  2  1  0 -4  1  2 -1 -1 -5 -4  3 -4 -6 -3  1 -1 -6 -4 -4   16   9   6   5   0   6  14   4   1   0   1  21   0   0   1  11   2   0   0   0  0.45 0.32
  213 V    3 -1 -3 -5 -1 -3 -1 -3 -2  3  0 -1 -1 -2 -5 -1 -1 -5 -1  2   30   3   1   0   1   0   4   1   1  20   9   4   1   2   0   3   2   0   2  15  0.44 0.31
  214 L   -5 -7 -8 -8 -6 -7 -7 -8 -7  4  6 -7  0  1 -7 -7 -5 -6 -5  1    0   0   0   0   0   0   0   0   0  19  64   0   2   4   0   0   0   0   0  10  1.52 0.65
  215 G    3 -5 -3 -4 -5 -4 -4  6 -5 -6 -6 -4 -5 -6 -5  3 -3 -6 -6 -5   24   0   0   0   0   0   0  51   0   0   0   0   0   0   0  24   0   0   0   0  1.32 0.53

                      K         Lambda
Standard Ungapped    0.1378     0.3172
Standard Gapped      0.0410     0.2670
PSI Ungapped         0.2318     0.3178
PSI Gapped           0.0709     0.2670
