
Last position-specific scoring matrix computed, weighted observed percentages rounded down, information per position, and relative weight of gapless real matches to pseudocounts
           A  R  N  D  C  Q  E  G  H  I  L  K  M  F  P  S  T  W  Y  V   A   R   N   D   C   Q   E   G   H   I   L   K   M   F   P   S   T   W   Y   V
    1 M   -5 -6 -6 -7 -5 -5 -6 -7 -6  2  1 -6 10 -4 -7 -6 -5 -6 -5 -3    0   0   0   0   0   0   0   0   0  11   8   0  80   0   0   0   0   0   0   0  2.71 0.96
    2 N   -2 -1  5  3 -5  0  2 -3 -1 -2 -3  2  2 -5 -1 -2  1 -5 -4 -3    3   3  29  15   0   2  12   1   1   3   1  11   7   0   3   0   8   0   0   1  0.54 0.36
    3 E   -2 -2 -2  3 -4  3  4 -2 -1 -3  0  0 -3 -4 -1  0  0 -4 -2 -4    2   1   0  14   0  12  31   2   1   1  11   5   0   0   3   8   4   0   1   0  0.47 0.33
    4 S    0 -1  2  0 -3 -2 -2 -2 -3  0  0  0  3 -1  2  1  0  0 -2 -1    7   3  14   5   0   1   1   3   0   7  11   7  10   3  10  12   4   1   1   2  0.17 0.20
    5 T    0  0 -2 -3 -4 -2 -2 -3 -4  2  0  0  3  0  2  0  2 -4 -3 -1    9   6   2   1   0   1   1   1   0  16  10   6   8   5  12   8  14   0   0   2  0.27 0.26
    6 R    0  2  1 -1 -2  1  1 -2 -2 -1 -1  0  1  0  2  0  0 -4 -1 -2    9  11   6   3   0   7  11   2   1   3   6   5   4   4  11   5   7   0   2   2  0.14 0.15
    7 N   -1  1  2  3 -3  1  1 -3  0 -5 -3  2 -3 -5  3  2  0 -6 -5 -4    6   6   8  15   0   7   8   2   2   0   2  10   0   0  13  13   5   0   0   1  0.41 0.32
    8 W   -4 -6 -5 -7 -6 -5 -5 -7 -3  3  5 -5  3  3 -7 -5 -5  3 -1  1    1   0   1   0   0   0   1   0   1  16  49   1   6  11   0   0   0   3   2   7  1.15 0.60
    9 P   -4 -1 -8 -8 -9 -8 -5 -9 -8 -6 -5 -7 -9 -5  9 -7 -3 -10 -5 -8    1   4   0   0   0   0   1   0   0   0   2   0   0   1  88   0   2   0   0   0  3.06 1.41
   10 E    2  0  0  2 -4  0  3 -2 -2 -2 -3  1 -4 -5  2  0 -2 -4 -3 -3   17   5   5  11   0   3  18   3   1   2   3  10   0   0  10   7   2   0   1   1  0.35 0.31
   11 E    2  1 -1  1 -3  1  3 -1 -1 -2 -4  0 -4 -5  0  1 -2  0 -3 -1   17   8   2   8   1   5  22   4   2   2   2   6   0   0   4   9   2   1   1   4  0.32 0.30
   12 L   -6 -8 -9 -9 -7 -8 -8 -9 -8  5  4 -6 -2  0 -8 -6 -5  4 -6  3    0   0   0   0   0   0   0   0   0  32  42   0   1   3   0   0   0   5   0  15  1.52 0.76
   13 L    2  4 -3 -4 -2  3  0 -3  0 -2  0  1 -2 -4  0 -1  0 -4 -3 -1   16  24   1   1   1  12   6   2   2   2   9   7   1   0   4   4   5   0   1   4  0.41 0.35
   14 E    1  3 -1  1 -2  1  3 -3 -1 -3 -4  1 -5 -6  0  0 -1 -3 -4 -5   14  17   3   7   1   7  19   2   1   2   2   8   0   0   5   8   4   0   0   0  0.45 0.37
   15 L   -1  2 -4 -4 -2 -1 -3 -5  3  2  3 -1 -1  1 -5 -3 -2  4  3 -2    6  11   1   1   1   3   1   0   6  10  28   3   1   5   0   2   2   5  10   3  0.46 0.34
   16 L    0 -5 -6 -6 -1 -5 -5 -7 -4  4  4 -5 -1  1 -3 -3 -1 -4  0  2    9   1   0   0   1   0   0   0   1  22  34   1   1   6   2   2   4   0   4  11  0.74 0.45
   17 G    2  1  0  1 -6  0  1  4 -1 -6 -5  1 -4 -5  0  0 -3 -6 -3 -3   14   8   4   9   0   4   7  29   1   0   0   8   0   0   4   6   1   0   1   2  0.49 0.37
   18 Q    0 -2  2  3 -2 -1  0  4 -2 -3 -4 -1 -3 -5  0 -1 -3 -7 -4 -5    8   3  10  14   1   2   5  35   1   2   2   3   1   1   6   4   2   0   1   1  0.61 0.43
   19 T    2  2 -2 -1  1 -1 -2 -2  2 -2  0  0  1  0 -3  0 -1  2  3 -1   17  10   1   3   2   2   2   3   5   2   8   4   4   3   1   8   4   3  12   3  0.19 0.21
   20 E    0  2  0  2 -4  0  2 -2  0 -2 -4  1 -3 -4  1  1  1 -6 -4 -2    8  11   4  10   0   4  13   2   2   2   1   8   1   1   8  12   9   0   0   3  0.30 0.28
   21 L    0 -5 -7 -5  0 -5 -6 -2 -3  3  1 -6  0  1 -3 -3 -2  8  1  3    8   1   0   1   2   1   0   3   1  16  14   0   2   5   1   2   2  21   4  17  0.95 0.54
   22 T   -1  1 -3 -1 -3  1  4 -4  0 -2 -3 -1 -2 -3 -3  1  2  1 -1 -1    6   8   1   2   1   5  28   1   3   3   3   3   1   1   2   9  15   2   2   6  0.42 0.36
   23 V    0  3 -4 -2 -3  1  1 -4 -1 -1 -1  0 -2  0  4 -1 -2 -2  1  0    7  14   0   2   0   5   9   1   1   4   6   6   1   4  19   4   2   1   5   8  0.31 0.28
   24 N   -2 -4  1  4 -3  0 -2 -5 -3  3 -1 -4 -2 -2  0 -2 -2 -2 -2  4    4   1   8  19   0   4   2   1   1  15   6   0   1   2   6   2   2   1   2  24  0.51 0.37
   25 K   -1  2  0  0 -3 -1  1 -2  0 -3 -2  0 -3 -4  1  1  3  5 -2 -3    5  10   4   6   0   2   8   3   3   1   4   5   0   1   6  12  20   7   1   1  0.35 0.32
   26 I    0  0 -2 -1 -2  1  0  0  1  2 -1 -1  0  0 -3  1  0 -2 -1  1    6   6   1   3   0   6   5   7   4  15   6   4   2   4   1  10   7   0   1  11  0.09 0.13
   27 G   -3 -4  1 -5 -1 -6 -4  7 -4 -6 -6 -6 -5 -6 -3  0 -3 -1 -4 -5    2   1   7   1   1   0   1  72   1   0   1   0   0   0   2   7   2   1   1   1  1.80 0.89
   28 Y   -1  2 -3 -2  4  1  2 -1  3 -4 -1  0  3  0 -4 -1 -3  3  0 -2    6  11   1   2   9   6  16   4   6   0   6   5   7   5   1   5   1   5   3   2  0.34 0.29
   29 S   -1 -2 -3 -3 -3 -5 -3 -1 -2 -3 -2 -4 -5 -4 -1  6 -1 -6 -4 -3    5   2   1   1   1   0   1   4   1   2   5   1   0   1   3  64   4   0   1   2  1.28 0.77
   30 G   -2  0  2  1 -4  0  0  5 -1 -5 -5 -2 -4 -2  0  0  0 -2 -3 -4    3   5  10   8   0   4   5  37   1   0   1   3   0   2   4   6   7   1   1   1  0.58 0.40
   31 D    4 -3  1  2  0 -3 -2  1 -3 -5 -4 -4 -3 -4 -4  3 -1 -6 -5 -4   38   1   7  10   2   1   2   9   1   1   2   0   1   1   1  20   3   0   0   1  0.73 0.51
   32 H    0  2  0  0 -2  1  1 -2  1 -1  0  1 -1 -2 -1  0  1 -2 -2 -1    6  11   4   6   1   7   9   3   3   3  10   8   1   1   2   7  11   1   1   5  0.11 0.13
   33 V   -3 -5 -7 -7 -4 -5 -6 -7 -4  1 -2 -1 -2 -6 -5 -5  3 -3 -4  6    2   1   0   0   0   1   1   0   1   7   4   4   1   0   1   0  18   0   0  60  1.52 0.81
   34 Y   -1 -4 -6 -4 -6 -4 -5 -4  0 -1  0 -6 -3  6 -7 -4 -3  5  7 -1    5   1   0   2   0   1   1   1   2   4   9   0   1  26   0   1   2   6  32   5  1.33 0.70
   35 H   -2  6 -4 -4  0  0 -2 -4  2  0  0  1 -1  2 -6 -3 -4 -3  0 -2    4  39   0   1   2   3   3   2   5   6   9   7   1   8   0   2   1   0   4   3  0.76 0.48
   36 V   -2 -2 -6 -4  1 -5 -5 -4 -5  3  4 -5  0  2 -5 -4 -2 -2  1  4    3   2   0   1   2   0   1   1   0  15  33   0   2   7   1   1   2   1   4  23  0.76 0.43
   37 K    0  1 -1  3 -3  1  2  0  1 -2 -3  0 -2 -3 -1  0  1 -4 -1  0    6   8   2  15   1   5  13   7   3   2   2   6   1   1   2   6  11   0   2   7  0.20 0.19
   38 E    0  2  1  3 -1  0 -1  1  1 -3 -1  0 -2 -2 -1  0  1 -1 -2 -2    6  10   5  19   1   3   4  12   4   1   6   6   1   2   2   6   8   1   1   2  0.21 0.19
   39 Y    1  0 -1  2 -2  0  0  2  0 -3 -2  0 -2 -2  2  0  0 -4 -1 -2   14   6   2  11   1   3   7  14   2   1   3   5   1   1  10   8   5   0   2   2  0.19 0.17
   40 R    0  1  1  3 -3  1  1  2  1 -3 -2  0 -3 -4 -1  0 -2 -4 -3 -3    7   7   6  18   1   6   8  16   3   1   4   6   0   1   3   8   2   0   1   2  0.27 0.21
   41 G    0  0  1  1 -2 -2 -1  5 -1 -4 -3 -1 -4 -4 -2 -1 -1 -3 -3 -3    7   6   7   7   1   2   4  42   1   1   3   3   0   1   2   5   4   1   1   2  0.63 0.35
   42 T    0  2  0  0 -2  1  2  0  0 -2 -2  0 -2 -3  2  0  0 -2 -2 -2    7  12   3   6   1   7  12   8   3   2   4   6   1   1   9   7   7   1   1   3  0.16 0.15
   43 P    0  1  0  2 -1 -1  1 -1 -1 -2 -3  0 -2  0  2  0  1 -3 -1  0    9  10   5  11   1   2   8   5   2   2   2   4   1   4   9   8   9   0   2   6  0.13 0.13
   44 A    0  0 -5 -5  2 -3 -4 -4 -1 -1  3 -4  2  2 -5 -3 -3  3  4  1   10   5   0   1   4   1   1   1   1   3  29   1   4   8   0   2   1   3  14  10  0.57 0.37
   45 F   -4 -7 -7 -7 -6 -7 -7 -7 -2  1 -1 -7 -3  5 -7 -5 -5 -2  7  4    1   0   0   0   0   0   0   0   1   8   6   0   1  20   0   1   1   0  29  30  1.53 0.76
   46 L   -1 -5 -7 -8 -3 -7 -7 -7 -7  0  6 -2 -2 -3 -5 -6 -6 -3 -4  2    5   1   0   0   0   0   0   0   0   5  67   3   1   1   1   1   0   0   0  14  1.48 0.76
   47 K   -7  4 -5 -7 -8 -3 -5 -7 -7 -8 -6  8 -4 -8 -7 -6 -6 -8 -7 -6    0  16   1   0   0   1   1   0   0   0   1  77   1   0   0   0   1   0   0   1  2.51 1.19
   48 I   -1  1 -5 -5  0 -4 -4 -5  1  4  0 -2  1 -1 -4 -1  1  4 -1  3    4   7   0   0   2   1   1   1   4  26   6   2   3   2   1   4  10   5   2  18  0.56 0.37
   49 A    3 -1 -1 -1 -1  1  1  2 -1 -4 -2 -1 -2 -1 -1  1 -1 -4  0 -1   24   3   3   4   1   7   9  13   1   1   3   3   1   3   3  10   4   0   4   4  0.24 0.24
   50 P    0  2 -2  0 -5 -1  0 -2  0 -3 -4  1 -4 -3  6 -1 -1 -5 -3 -3    7   9   2   6   0   3   6   3   3   2   2   8   0   1  37   5   4   0   1   2  0.75 0.48
   51 S    1  0 -1  1 -2 -1  0  1  1 -2 -1  1 -2 -3  2  0  0 -4 -2 -1   11   5   2   9   1   2   7  12   3   3   5   9   1   1  12   7   6   0   2   3  0.16 0.15
   52 V    0  1  1  1 -2  0  0  1  2 -1 -2  0 -1 -2  1  1  0 -2 -2 -1    9   7   7   8   1   3   6  13   6   3   4   4   2   2   6  10   4   0   1   4  0.11 0.11
   53 W    1  0  0  0 -2  0 -1  0  1 -2 -1 -1 -2 -1  1  1  0  2  1 -1   16   5   4   6   1   4   4   6   4   2   6   3   1   3   8  10   5   3   6   5  0.10 0.12
   54 W    2  1 -1 -1 -1 -1  0  0  0 -1 -1  0 -2  0  1  0  0 -1  1 -1   21  10   2   3   1   2   6   7   2   3   7   4   1   4   6   6   4   1   5   4  0.10 0.12
   55 R    0  0  1  2 -4  0  2  1  2 -2 -2 -1 -1  0  1  0 -1  0 -2 -2    9   5   5  10   0   3  14  13   5   2   4   3   1   4   6   6   3   2   1   3  0.15 0.15
   56 T    0  1  0  3 -2  0  2 -1 -4 -3 -1 -1 -3 -3 -1  1  1  3 -3 -3    7   8   4  16   1   4  16   4   0   1   5   3   1   1   4  12   8   4   1   1  0.29 0.27
   57 L   -1 -2 -5 -5 -2 -5 -5 -5 -2  1  5 -2  2  0 -2 -3 -2 -6 -3  2    5   2   1   1   1   0   1   1   1   6  53   3   5   4   2   2   2   0   1  11  0.88 0.51
   58 R    2  3 -2 -1 -2  1  2 -2  0 -3 -1  1 -1 -2 -1 -1 -1 -2 -1 -1   19  15   1   3   1   5  14   3   2   1   6  10   1   2   2   4   3   0   2   4  0.24 0.24
   59 P    1  4  1  2 -3  1  0 -1  1 -4 -3  1 -5 -4 -1 -2 -1 -3  0 -2   13  25   7  10   1   6   5   4   4   1   3   6   0   1   3   3   3   0   3   3  0.39 0.32
   60 E   -5 -7 -5 -3 -10 -2  8 -6 -3 -9 -9 -6 -4 -9 -8 -5 -6 -9 -5 -9    1   0   0   1   0   2  91   1   1   0   0   0   0   0   0   1   1   0   0   0  2.82 1.38
   61 I    4  1 -3 -5 -2 -1 -3 -3  1  0 -3  0  0  2 -5 -2 -2 -2  3  0   38   8   1   0   1   2   1   2   3   5   2   5   2   7   0   2   2   1  10   6  0.58 0.43
   62 E    2  3 -1  2 -4  1  3 -1 -1 -2 -2  0 -1 -4 -3 -2 -2 -2 -2 -2   17  14   2  10   0   6  21   4   1   3   5   5   1   1   1   2   2   1   1   3  0.36 0.32
   63 A    1  4 -2 -6 -2 -4 -5 -5 -3  2  1 -1  5 -3 -6 -4 -3  0 -5  3   10  25   2   0   1   0   0   1   1  11  11   3  12   1   0   1   1   2   0  18  0.73 0.49
   64 L   -2 -7 -3 -5 -3 -3 -5 -4 -4  0  5 -7  4 -2 -7 -4  1 -6  0 -2    4   0   1   1   1   1   1   2   0   5  58   0  10   1   0   1   7   0   4   2  1.16 0.67
   65 A    1  5 -1  0 -4  2  1 -2 -1 -2 -3  1 -3 -6 -2  0 -1 -6 -4 -2   12  28   3   5   0   9  10   3   2   2   3   7   1   0   2   6   4   0   0   3  0.46 0.37
   66 W    2 -1 -4 -6 -3 -3 -4 -5  1 -3 -1 -4 -3  1 -8 -3 -2 11  3 -4   14   3   1   1   1   1   1   1   3   2   6   1   1   6   0   2   3  44   8   1  1.89 0.94
   67 L    1 -7 -7 -8 -2 -7 -5 -7 -7  1  6 -7  1  2 -7 -5 -4 -2 -2  0   11   0   0   0   1   0   1   0   0   6  60   0   2   8   0   1   1   1   1   5  1.28 0.69
   68 D    3  1  0 -1 -3  3  1 -1  4 -4 -4  0 -5 -4 -3  0 -1 -1 -1 -4   22   7   4   4   1  13  10   5   9   1   1   6   0   1   1   8   3   1   2   1  0.42 0.36
   69 G    1  0  1  1 -3  1  0  4  0 -6 -4  0 -3 -6  0  1  0 -6 -4 -5   10   6   6   8   1   5   5  29   3   0   2   5   1   0   5   9   5   0   1   1  0.45 0.35
   70 K   -3  3 -2 -2 -4  1 -2  2  4 -4 -3  3 -3  0 -2 -1 -1  0  1 -4    2  16   1   3   0   6   2  13  10   1   3  21   1   4   2   3   5   1   5   1  0.47 0.37
   71 L   -1 -4 -3 -5 -2 -3 -4 -2 -1  3  4 -3  0  0 -6 -2 -3 -1 -4  3    4   1   2   1   1   1   1   4   2  15  34   2   2   4   0   3   1   1   0  21  0.62 0.40
   72 P    0  0 -2 -5 -4 -4 -4 -2 -4 -2  0 -2 -4 -4  7 -2 -2 -8 -4 -5    7   5   2   1   0   1   1   3   1   2   8   2   1   1  58   3   2   0   1   1  1.50 0.87
   73 V    2 -5 -7 -8  3 -3 -7 -2 -3  0 -3 -7 -2 -4 -7 -2 -1 -8 -7  6   14   1   0   0   6   1   0   4   1   5   2   0   1   1   0   4   4   0   0  55  1.32 0.73
   74 P   -1 -9 -9 -8 -9 -4 -4 -5 -2 -9 -5 -8 -9 -10  8 -3 -4 -10 -9 -4    5   0   0   0   0   1   1   1   1   0   1   0   0   0  84   2   1   0   0   2  2.87 1.45
   75 K    0  4 -1 -1 -3  1  4 -2  0 -4 -3  2 -3 -5 -1 -2 -1 -7 -4 -1    8  19   3   3   1   6  26   3   2   1   3  13   1   1   3   2   4   0   1   4  0.54 0.43
   76 I   -2 -5 -8 -5 -7 -4 -5 -5 -8  3  0 -5 -2 -3  2 -4 -3 -1 -2  6    4   1   0   1   0   1   1   1   0  14   9   1   1   1   9   1   1   1   2  52  1.24 0.72
   77 L   -4 -2 -5 -5 -2 -4 -5 -6  1  4  4 -4 -2 -2 -5 -9 -4 -2  2  3    2   3   1   1   1   1   1   1   3  19  34   1   1   2   1   0   1   1   6  20  0.96 0.53
   78 Y    3 -2 -2  2  0 -3  1  1  3 -4 -2 -2 -1  0 -4 -2 -3  4  3 -2   20   2   2  13   2   1   9  10   6   1   5   2   1   4   1   4   2   4   8   3  0.39 0.30
   79 T    0 -2 -3 -4  0 -3 -3 -5  3 -4 -1 -4 -2  5 -5 -1  0  4  5  0    8   2   1   1   2   2   2   1   5   1   7   2   1  20   1   6   6   4  20   7  0.76 0.46
   80 A    0 -1 -1  0  1 -1  1  3  1  0 -2 -1 -1  0 -1  0 -1  0 -2 -1    7   3   2   6   3   3  10  23   3   5   4   3   1   5   2   5   4   1   1   5  0.15 0.16
   81 E    0  1 -1  0  0  1  3 -2  1 -1 -2  0  0 -2 -1  0  1 -4 -1 -1    7   8   2   6   2   8  18   3   3   3   3   6   3   2   3   8   8   0   2   6  0.16 0.19
   82 H   -1 -1  1  4  0  0  1 -1  2 -2 -2 -1 -1 -2 -1  0  0  1  0 -1    5   3   6  24   2   3  11   5   4   2   3   2   2   2   3   5   6   2   3   5  0.26 0.25
   83 G    1  0  0  3  0  0  2  2  0 -2 -3  0 -1 -2  1 -1 -1 -5 -1 -2   10   4   5  16   2   4  12  16   2   2   3   5   2   2   6   4   3   0   2   2  0.21 0.21
   84 G    0  0  0  0  2  0  0 -1  1  0 -1  0 -2  0  0  0  0  3  1 -1    5   5   5   5   5   5   5   5   5   5   5   5   0   5   5   5   5   5   5   5  0.06 0.08
   85 M    0  2  0 -1  1  0  0  1  2 -1 -1  0  1  0 -1 -1  0  4  1 -1    7  10   4   4   3   4   5   9   4   4   5   5   4   4   3   5   5   5   4   4  0.09 0.09
   86 D   -1  0  0  0  2  0  0 -1  2  0 -1  0  2  1  0 -1  0  4  1 -1    5   5   5   5   5   5   5   5   5   5   5   5   5   5   5   5   5   5   5   5  0.09 0.08
   87 Y   -1 -4 -4 -7  1 -4 -4 -4  0 -3 -1 -6 -1  5 -4 -4 -2  8  6  0    6   1   1   0   2   1   1   1   2   1   5   0   2  19   1   1   2  21  27   6  1.37 0.68
   88 L   -2 -5 -4 -6 -2 -3 -4 -4 -5  1  5 -5  3  1 -6 -2 -3 -5  0  0    3   0   1   0   1   1   1   1   0   6  62   0   7   5   0   3   2   0   3   5  1.04 0.57
   89 L   -1 -3 -6 -6 -1 -2 -4 -4 -2  2  4 -5  0 -2 -4 -5 -3 -1 -3  4    6   1   0   0   1   2   1   2   1  11  39   0   2   1   1   0   1   1   1  29  0.82 0.48
   90 M   -2 -2 -5 -6 -1 -3 -3 -6 -2 -1  1 -3  7 -1 -6 -1  5 -6 -1 -1    4   2   0   0   1   1   1   0   1   3  11   1  29   2   0   4  33   0   2   3  1.10 0.65
   91 E    0  1 -1  0 -2 -1  2 -2 -1 -3 -3 -1 -2 -5 -1  3  3 -5 -2 -3    8   9   2   4   1   2  16   3   1   1   2   3   1   0   3  22  19   0   2   2  0.40 0.35
   92 A    3  3 -2 -2  0 -1  1  0  1 -4 -2  0 -1  0 -2 -2 -1  3  2 -3   25  16   1   2   2   2   9   6   3   0   3   5   2   4   2   2   4   4   7   2  0.33 0.29
   93 L   -1 -2 -5 -3  0 -4 -2 -3 -5  3  3 -1  1 -1 -2 -3 -2 -5 -4  3    5   2   0   2   2   0   3   2   0  19  29   4   2   2   2   2   2   0   0  21  0.54 0.33
   94 G   -1 -1 -1  1 -1 -1  2  0 -1 -1 -3  0 -1 -3  5 -1 -2 -5 -2 -3    6   3   3   7   1   2  13   7   2   4   2   5   1   1  33   4   2   0   1   2  0.58 0.37
   95 G   -1 -5 -4  0  2 -5 -1  6 -5 -6 -6 -5 -6 -5  0 -1  0  4  1 -6    6   0   0   5   5   0   5  53   0   0   0   0   0   0   5   5   5   5   5   0  1.10 0.53
   96 K    0  1  1 -1  0  0  2 -2  3 -1  0  0  0 -1 -3 -1  1  2  0 -1    8   9   7   3   3   3  14   3   7   3   8   5   3   3   0   4   9   3   3   4  0.11 0.12
   97 D    0 -1  2  3 -2 -2 -2 -3 -1 -3 -3 -4  3 -3  4  2  2 -6 -3 -2    7   3  11  17   1   1   2   2   2   1   2   0   7   1  17  14  11   0   1   2  0.53 0.42
   98 G    4 -3 -3 -3  2 -3 -4  0 -1 -1  3 -7  0 -1 -2 -1 -3  0 -1 -1   28   2   2   2   3   1   2   8   1   4  24   0   3   2   3   5   2   2   2   5  0.50 0.35
   99 S    1  0 -2  0  2 -1  0 -1  1 -1 -1 -1  0  0 -2  2  0  1  0  1   12   5   2   5   4   3   6   5   3   3   6   3   2   4   2  13   7   2   4  10  0.08 0.10
  100 H    0  1 -1  4  0  1  2 -3  3 -2 -3  0  0 -2 -2  1  0 -7  0 -2    8   7   3  18   2   5  11   3   6   2   3   6   2   2   3   9   5   0   3   3  0.28 0.24
  101 E   -1  0  0  0  2  0  0 -1  2  0 -1  0  2  1  0 -1  0  4  1 -1    5   5   5   5   5   5   5   5   5   5   5   5   5   5   5   5   5   5   5   5  0.09 0.08
  102 T   -1  1  0  0  1  0  0 -2  1  0  0 -1  1  1  1 -1  0  4  0  0    5   7   4   5   3   4   6   4   3   5   9   4   3   5   7   5   6   6   4   6  0.08 0.08
  103 I    0 -1  0  0  1 -1 -1  0  2 -1  0 -2  1  1  1 -1 -1  5  2 -2    8   4   5   6   3   3   5   6   4   3   8   3   3   5   8   4   4   8   6   3  0.15 0.13
  104 Q    0  0  0  0  2  0  0 -1  2  0 -1  0  1 -2  0  0  0  3  1  0    5   5   5   5   5   5   5   5   5   5   5   5   5   0   5   5   5   5   5   5  0.07 0.11
  105 A    2  0  0  1  1  0  0  0  2 -2 -2  0  0 -1  0  0 -1  2  0 -2   16   6   5   8   3   4   6   7   5   3   4   5   3   3   4   6   4   3   3   3  0.10 0.11
  106 K   -1  0  1  2  1  1  1 -1  1 -2 -1 -1  0 -1  1  0  0  2 -1 -1    6   6   7  12   3   5   9   4   4   3   5   4   3   3   6   7   5   2   3   4  0.10 0.11
  107 R    0  4 -1 -2  1  0 -1 -2  1 -1 -2 -1  0 -1  4 -2 -2  2 -1 -2    7  18   3   3   2   3   4   3   3   3   5   4   3   3  21   3   3   3   3   3  0.42 0.34
  108 K   -1  0  0  0  2  0 -1 -1  2  0 -1  0  2  0  0 -1  0  3  1 -1    5   5   5   5   5   5   5   5   5   5   5   5   5   5   5   5   5   5   5   5  0.03 0.09
  109 L    1  2  0 -1  1  1  1 -1  1 -1 -1 -1  1 -1  0 -1  0 -5  0 -1   11  10   4   4   3   7   9   5   3   3   5   4   3   3   5   5   5   0   3   5  0.06 0.11
  110 F   -1  0  0  0  2  0  0 -1  2  0 -1  0  2  1  0 -1  0  4  1 -1    5   5   5   5   5   5   5   5   5   5   5   5   5   5   5   5   5   5   5   5  0.09 0.08
  111 V   -1  0  0  0  2  0  0 -1  2  0 -1 -2  1  0  0  0  0  3  1  0    5   5   5   5   5   5   5   5   5   5   5   0   5   5   5   5   5   5   5   5  0.07 0.11
  112 K    1  3 -1  1  0  0  2 -2  2 -2 -2  0 -1 -1 -2  0 -1  1  1 -3   10  15   3   8   2   5  12   4   4   3   4   6   2   3   3   6   4   2   5   2  0.20 0.18
  113 L    3  0 -1 -1  1  3  0 -3  1  0  0 -2  0 -2 -3 -1 -1  1  1  0   20   5   3   4   3  11   6   2   3   6   9   3   2   2   2   4   3   2   4   6  0.20 0.18
  114 Y    0  0 -2  0  2  0  0 -1  2  0 -1  0  1  1 -3  0  0  3  1  0    6   6   0   6   5   5   6   6   5   6   6   6   5   5   0   6   6   5   5   6  0.07 0.12
  115 A    3 -1 -3 -1  1 -1 -1  2  0 -1 -1 -1  0 -1 -3 -1 -1  2 -3  0   26   3   0   3   3   3   3  19   3   4   6   3   3   3   0   3   4   3   0   6  0.22 0.24
  116 E    1  2 -1  2 -1  2  3 -1  1 -2 -2  0 -1 -2 -4 -1 -1 -4 -2 -2   10  12   2  12   1   8  20   6   3   2   4   6   2   2   0   3   3   0   1   2  0.27 0.26
  117 G    1 -1 -1 -1  3 -1 -1  1  1  0  1 -1  1  1 -3 -1  0  2  0  0   14   3   3   3   7   3   3  10   4   4  14   3   4   6   0   3   5   3   3   6  0.09 0.11
  118 L    0  0  1 -2 -2  1  0  0  2  0  0 -1  1  1 -2 -1  0 -2  1  0    7   7   7   0   0   7   7   7   7   7   7   0   7   7   0   0   7   0   7   7  0.06 0.11
  119 R    2  4 -1 -2  0  0 -1 -1  1 -2 -2  1  1  0 -4  0 -2 -4 -1 -1   18  25   3   2   2   4   3   3   3   2   4   6   4   5   0   6   2   0   2   4  0.31 0.28
  120 S    1  1 -1 -2  1  3  0 -2  4 -2  0 -1  1 -1 -2 -1 -1  4  0 -2   10   8   3   3   3  11   6   3   8   3  11   4   4   3   3   4   3   6   3   3  0.24 0.17
  121 V    0 -2 -2 -3  3  1 -2  0  2  0  0 -2  2  1 -3  0  0  4  2  0    7   0   0   0   7   7   0   7   7   7   7   0   7   7   0   7   7   7   7   7  0.14 0.16
  122 H   -1  1 -1  0 -5  0 -1 -2  8 -4 -4 -1 -4 -3 -1 -3 -1  4  1 -2    6   6   3   4   0   3   3   3  48   0   1   3   0   0   3   0   5   5   3   3  1.11 0.58
  123 G    0  0  1  0  2  1  0  0  2 -2 -1  0  1 -2  1  0  0 -3  1 -1    6   6   6   6   6   6   6   6   6   0   6   6   6   0   6   6   6   0   6   6  0.07 0.11
  124 L   -1  0 -1 -3  1  0 -1 -2  0  1  1  0  1  1 -1 -1  1  2  0  1    5   4   3   0   3   5   4   3   3   9  16   6   4   6   3   3   8   3   3  10  0.07 0.10
  125 D    0  0  0  0  2  1  0  0  2  0 -1  0  1 -2  1  0  0 -3  1  0    6   6   5   6   5   5   6   6   5   6   6   6   5   0   6   6   6   0   5   6  0.04 0.08
  126 I    0  0 -1 -1  1 -1 -2 -1  1  2 -1 -2  2  0  2 -2 -1  3  0  1    8   5   3   3   3   3   3   4   3  12   6   3   4   4  10   3   4   4   3  10  0.14 0.11
  127 R    0  1  0  1  1  0  1 -1  1 -1 -2 -1  0 -1  1  0  1 -5  0 -1    8   7   4   8   3   4   9   5   4   3   4   4   3   3   7   7   9   0   4   4  0.09 0.10
  128 E    0  0  1  3  0 -1  1  2  0 -3 -3 -1 -1 -3 -1  0  0  0 -1 -1    7   5   7  15   2   3   9  13   2   2   3   4   2   1   4   7   6   2   2   4  0.19 0.18
  129 C    0 -2 -2 -2  8 -2 -3 -3  1 -1 -1 -2  0  2  0 -2 -2  0  0 -1    8   3   2   2  28   2   2   3   3   4   7   2   3   7   6   4   3   1   3   5  0.78 0.45
  130 P    0 -1 -1 -2 -1 -3 -2  0  0 -2 -1 -3 -1 -2  6 -1 -2  0 -1 -3    8   4   3   3   1   2   4   8   2   3   7   2   1   2  38   4   3   1   2   2  0.72 0.53
  131 L   -2 -2 -2 -3  0 -3 -2 -3 -1  0  2 -3  0  6 -1 -2 -2  3  2  0    4   3   3   2   2   1   3   3   1   6  16   2   2  27   4   4   3   4   6   5  0.57 0.34
  132 S    0  0  1  4  0 -1  0 -1 -2 -1 -1 -1 -1 -2  2  0 -1 -1 -2  0    7   5   6  20   2   3   6   6   1   4   5   3   1   2   9   7   4   1   2   6  0.21 0.19
  133 N   -1  0  0  0  2  0  0 -1  2  0 -1  0  2  1  0 -1  0  4  1 -1    5   5   5   5   5   5   5   5   5   5   5   5   5   5   5   5   5   5   5   5  0.09 0.08
  134 G   -1  0  0  0  2  0  0 -1  2  0 -1  0  2  1  0 -1  0  4  1 -1    5   5   5   5   5   5   5   5   5   5   5   5   5   5   5   5   5   5   5   5  0.09 0.08
  135 L   -1  0  0  0 -3  0  0 -1  2  0 -1  0  1  0  0  0  0  3  1  0    5   5   5   5   0   5   5   5   5   5   5   5   5   5   5   5   5   5   5   5  0.06 0.08
  136 E    0  0  0  1  0  1  1  0  1 -1 -1  0 -2 -1  1  0  0  2  0 -1   10   5   5  10   3   5  10   6   3   3   4   4   0   3   7   6   5   3   3   5  0.07 0.09
  137 K    0  1  0  1  0  0  0  0  1 -1 -1 -1  0  0  1  0  0  2  0 -1    9   8   3   7   2   3   7   7   4   3   5   3   2   5   6   8   6   3   3   5  0.05 0.06
  138 K   -1  0  0  0  2  0  0 -1  2  0 -1  0  2  1  0 -1  0  4  1 -1    5   5   5   5   5   5   5   5   5   5   5   5   5   5   5   5   5   5   5   5  0.09 0.08
  139 L   -1  0  0  0  2  0  0 -1  2  0 -1  0  2  1  0 -1  0  4  1 -1    5   5   5   5   5   5   5   5   5   5   5   5   5   5   5   5   5   5   5   5  0.09 0.08
  140 R    2  1 -1  1  0  0  2  0  0 -2 -3  0  0 -2  1 -1 -1 -6  0 -2   17   7   3   6   2   4  13   6   2   3   3   6   2   2   7   5   4   0   3   4  0.15 0.16
  141 D   -1  0  0  0  2  0  0 -1  2  0 -1  0  2  1  0 -1  0  4  1 -1    5   5   5   5   5   5   5   5   5   5   5   5   5   5   5   5   5   5   5   5  0.09 0.08
  142 A    5 -1 -2 -1  0 -1 -2 -2  0  0 -1 -2  0  0 -2 -2 -1  0 -1  0   38   3   2   3   2   3   3   3   3   5   6   2   2   3   2   3   3   1   2   7  0.47 0.34
  143 K    0  2 -1  0  0  1  2 -2  1 -1 -1  1  0  0 -1 -1 -1  2  0  0    7  12   2   6   2   5  12   4   3   3   6   7   2   4   3   4   5   3   3   6  0.12 0.12
  144 R    1  3 -1  1 -1  1  1 -2  2 -2 -2  0 -1 -1 -2 -1 -1  2  1 -2   13  15   3   7   2   5   9   3   4   3   5   6   1   3   3   4   5   3   5   2  0.19 0.18
  145 I   -1  0  0  0  2  0  0 -1  2  0 -1  0  2  1  0 -1  0  4  1 -1    5   5   5   5   5   5   5   5   5   5   5   5   5   5   5   5   5   5   5   5  0.09 0.08
  146 V    0  0 -1 -1  1 -1 -1 -2  0  1  1 -1  2  1 -1 -2 -1  3  1  1    6   5   3   4   3   3   4   4   3   8  11   3   5   5   4   3   4   4   4  12  0.08 0.07
  147 D    1  2  0  2  0  1  2 -2  1 -1 -2 -1  0  0 -1 -1 -1  1  0 -1   10  10   4  10   2   6  12   3   3   4   5   3   2   4   3   5   4   2   3   5  0.11 0.12
  148 E    1  2  2  0 -1  1  1 -1  1 -2 -1  0  0 -2 -3 -1 -2  2  0 -2   14  11   8   5   1   7   9   5   4   2   7   6   2   1   1   5   3   3   3   3  0.16 0.16
  149 S    0  1  1  0 -1  0 -1  4  0 -2 -2 -1  0 -2 -3  0 -1  3  1 -2    7   7   7   5   1   4   4  26   3   2   5   3   2   2   2   6   3   4   4   3  0.30 0.23
  150 L   -1  0  0  0  2  0  0 -1  2  0 -1  0  2  1  0 -1  0  4  1 -1    5   5   5   5   5   5   5   5   5   5   5   5   5   5   5   5   5   5   5   5  0.09 0.08
  151 V   -1  0  0  0  2  0  0 -1  2  0 -1  0  2  1  0 -1  0  4  1 -1    5   5   5   5   5   5   5   5   5   5   5   5   5   5   5   5   5   5   5   5  0.09 0.08
  152 D   -1 -1  1  4  1  0  0 -1  2 -1 -2 -1  0 -1 -1 -1 -1  2  0 -1    5   4   7  23   3   4   6   5   4   4   4   3   3   3   4   4   4   3   3   4  0.26 0.21
  153 P   -1  0  0  0 -3  0  0 -1  2  0 -1  0  1  0  0  0  0  3  1  0    5   5   5   5   0   5   5   5   5   5   5   5   5   5   5   5   5   5   5   5  0.06 0.08
  154 A    1  0  0  3  0  0  1 -1  0 -1 -2 -1  0 -1 -1  1  0  1  0 -1   10   5   4  14   2   4   9   5   2   3   4   4   2   3   4   9   6   2   3   4  0.11 0.12
  155 D   -1  1  0  2  1  0  0 -1  2 -1 -1 -1  1  1  0 -1 -1  4  0 -1    6   8   5  13   3   3   6   4   4   4   7   4   3   5   4   4   4   5   3   4  0.12 0.11
  156 I   -1  0 -1  0  1  0  0 -2  0  0  1 -1  1  3  0  0 -1  3  0  0    5   6   3   5   3   4   7   3   3   4  14   3   3  10   4   6   4   4   4   6  0.09 0.08
  157 K   -1  0  0  0  2  0  0 -1  2  0 -1  0  2  1  0 -1  0  4  1 -1    5   5   5   5   5   5   5   5   5   5   5   5   5   5   5   5   5   5   5   5  0.09 0.08
  158 E    0  0  0  1  1  0  1 -1  1 -1 -2 -1  0  0  1 -1  0  3  0 -1    8   6   4   7   3   4  11   6   3   3   5   4   3   4   8   5   6   4   3   4  0.08 0.09
  159 E   -1  0  0  0  2  0  0 -1  2  0 -1  0  2  1  0 -1  0  4  1 -1    5   5   5   5   5   5   5   5   5   5   5   5   5   5   5   5   5   5   5   5  0.09 0.08
  160 Y   -1  2  0 -1  1  0 -1  0  2 -1 -1  0  0  1  1 -2 -1  3  2 -1    5  11   4   4   3   4   4   9   5   3   7   5   3   5   6   3   4   4   6   4  0.11 0.10
  161 D   -1  0  1  1  1  1  0  2  1 -1 -1 -1  0  1  0 -1 -1  2  0 -2    4   6   7   8   3   6   5  14   4   4   6   3   3   7   4   4   4   3   3   3  0.10 0.10
  162 C    1  1 -1  0  1  0 -1  0  2 -1 -1  0  0 -1  1  0  0  3  0 -1   10   7   3   5   3   4   4   8   5   3   6   7   3   3   7   6   5   4   3   4  0.07 0.07
  163 T    0  0  0  1 -2 -1 -1 -1 -1 -1  0 -2 -1 -3 -1  2  2  2 -3  0    8   6   5   8   1   2   4   4   2   4   9   3   2   1   4  13  14   3   1   7  0.14 0.15
  164 P    2  0 -3 -1 -1 -2 -2 -2 -2  0  1 -2 -1  0  4 -1 -2  0  0  0   18   5   2   4   1   2   3   3   1   5  12   2   1   3  20   4   3   1   4   5  0.31 0.25
  165 E    1  1 -1  1 -1  1  3 -2  0  0 -1 -1  0 -1 -1 -2 -1  0 -2  0   12   7   3   8   1   5  17   4   2   5   7   4   2   3   3   3   4   1   2   7  0.14 0.13
  166 E    0  1 -2  2 -6  2  2 -2  1 -2 -1  0  0 -1  0 -1  0  1 -1 -2    9   7   2  12   0   8  14   4   3   2   6   5   3   3   4   5   5   2   2   3  0.18 0.17
  167 L    2  0 -5 -1 -1  0 -1 -1  1  1  2 -2  0 -1 -2 -2 -1  1  0  1   15   4   0   4   1   5   5   5   3   8  21   3   2   3   2   3   4   2   3   9  0.18 0.14
  168 Y   -1  0  0  0  2  0  0 -1  2  0 -1  0  2  1  0 -1  0  4  1 -1    5   5   5   5   5   5   5   5   5   5   5   5   5   5   5   5   5   5   5   5  0.09 0.08
  169 G    1  2  0  1  1  1  1 -1  1 -2 -2  0  0 -1 -1  0 -1  2  0 -2   13  12   4   8   3   5  10   5   3   3   4   5   3   3   3   6   3   3   3   3  0.14 0.14
  170 L    0  1 -2  0 -1  0  3 -3  1 -2  0 -1 -1  1 -2 -3 -3  6  1 -1    9   8   2   5   2   4  16   3   3   3   9   4   2   5   3   2   2  10   5   5  0.35 0.27
  171 L   -1  0  0  0  2  0  0 -1  2  0 -1  0  2  1  0 -1  0  4  1 -1    5   5   5   5   5   5   5   5   5   5   5   5   5   5   5   5   5   5   5   5  0.09 0.08
  172 L    0  1 -1  0  1  1  1 -1  2 -1  0  0  1  0 -1 -1 -1  2  0 -1   10   7   3   6   3   7   9   4   4   4   8   7   4   4   3   3   4   3   4   5  0.06 0.06
  173 E   -1  0  0  0  2  0  0 -1  2  0 -1  0  2  1  0 -1  0  4  1 -1    5   5   5   5   5   5   5   5   5   5   5   5   5   5   5   5   5   5   5   5  0.09 0.08
  174 S   -1  0  0  0  2  0  0 -1  2  0 -1  0  2  1  0 -1  0  4  1 -1    5   5   5   5   5   5   5   5   5   5   5   5   5   5   5   5   5   5   5   5  0.09 0.08
  175 K    1  4 -3 -2  0  0 -2 -3 -1 -1  1  1  0 -2  1 -3 -2 -1 -1 -1   12  21   2   3   2   4   3   3   1   3  13  10   2   2   7   2   2   1   2   5  0.32 0.25
  176 P   -2 -2 -2 -1 -1 -2 -3 -2  1 -3 -3 -4 -8 -2  7 -2 -2  0 -2 -3    4   3   2   4   2   2   2   4   3   2   4   2   0   2  53   4   3   2   2   2  1.33 0.82
  177 V    1  0 -1  0 -1  0  1 -1  0 -1 -1  0 -1 -1  2  0  0  1 -1 -1   12   5   2   6   2   4  10   6   2   3   7   5   2   3  11   6   5   2   2   5  0.09 0.11
  178 T    1 -1  0  0  0  0  1 -1  0  0  0 -1  0 -1  2  0  0  1  0  0   10   3   4   6   2   4   8   4   2   5   8   4   3   3  11   7   5   2   3   6  0.06 0.07
  179 E   -1  0  0  2  1  0  2 -1  2  0 -3 -1  0 -1  1 -1 -1  2  0 -1    5   5   4  13   3   5  13   5   4   6   3   4   3   3   7   4   4   2   3   5  0.15 0.13
  180 D    0  0  0  0 -3  1  0  0  2  0 -1  0  1 -2  0  0  0  3  1  0    6   6   5   6   0   5   6   6   5   6   6   6   5   0   6   6   6   5   5   6  0.07 0.10
  181 L   -1  3  0 -1  1  0 -1 -2  0  0  0 -1  1 -1  2  0 -1  2  0 -1    6  13   5   4   3   4   3   3   3   5  10   3   3   3  10   8   5   3   3   4  0.12 0.11
  182 V    0  0 -2 -2  2  1 -2  0  2  0  0  0  1  1 -2  0  0 -2  1  0    7   7   0   0   6   7   0   7   6   7   7   7   6   6   0   7   7   0   6   7  0.06 0.12
  183 F   -2 -4 -5 -5  0 -4 -5 -5 -4  2  3 -4  1  4 -1 -4 -3  4  0  3    3   0   0   0   2   0   0   0   0   9  30   0   3  17   3   0   0   6   3  22  0.66 0.34
  184 A   -1 -2 -2 -4  5 -1 -3 -2 -3  1  1 -2  0 -1 -4 -1  2 -3  0  2    3   2   2   0  17   3   0   4   0   9  15   2   2   2   0   4  13   0   4  19  0.36 0.24
  185 H   -6 -2 -1 -2  0 -1 -4 -6 10 -6 -2 -5 -5 -5 -6 -2 -2  1  0 -3    0   2   2   2   2   2   0   0  73   0   4   0   0   0   0   2   2   2   3   2  2.44 0.91
  186 G   -1 -3 -1  0  0 -2 -3  6  1 -3 -3 -4 -1 -1 -5 -2 -1  2 -2 -3    3   2   2   6   3   2   1  58   4   1   3   0   2   3   0   2   4   2   2   1  0.88 0.44
  187 D   -2 -1  0  8 -6 -3  1 -2 -4 -6 -7 -4 -6 -7 -5 -1 -4 -7 -6 -6    3   3   3  79   0   0   6   3   0   0   0   0   0   0   0   3   0   0   0   0  1.83 0.67
  188 Y    0 -5 -5 -5  0 -5 -5 -3 -1  0  2 -5  0  5  1 -3 -2 -3  5  0    9   0   0   0   2   0   0   2   1   5  20   0   2  22   9   1   1   0  19   6  0.66 0.37
  189 C   -2  2 -1 -3  6 -2 -3  0  5 -2 -2 -2  1 -3 -5  1  1  4 -2 -3    2  12   2   1  21   1   1   9  13   2   4   1   4   1   0   9   9   6   1   2  0.62 0.37
  190 A   -1  0  0  0  2  0  0 -1  2  0 -1 -2  1  1  0  0  0  3  1  0    5   5   5   5   5   5   5   5   5   5   5   0   5   5   5   5   5   5   5   5  0.08 0.13
  191 P   -1  0  0  0  2  0  0 -1  2 -2 -1  0  1  0  0  0  0  3  1 -1    5   5   5   5   5   5   5   5   5   0   5   5   5   5   5   5   5   5   5   5  0.08 0.12
  192 N   -5 -2  8 -1 -6 -2 -2 -5  3 -6 -7 -3 -6 -6 -6 -3 -4 -7 -1 -2    0   2  75   2   0   2   2   0   6   0   0   2   0   0   0   2   0   0   2   3  2.11 0.90
  193 L   -1 -5 -5 -5  0 -4 -5 -5 -5  4  2 -5  1  3 -5 -4  0  1 -1  3    5   0   0   0   2   0   0   0   0  21  21   0   3  13   0   0   5   2   2  25  0.67 0.36
  194 I   -4 -2 -6 -6  0 -2 -5 -6  0  3  4 -5  4  2 -2 -5 -4  2  0  0    0   2   0   0   2   2   0   0   2  17  42   0  11   7   3   0   0   3   2   5  0.85 0.48
  195 I    0 -1 -4 -3  0 -1 -2 -2  0  2  2 -3  1  2 -4 -2 -1  3  0  3    8   4   0   2   2   3   2   3   2  10  17   0   3   8   0   2   3   5   3  24  0.29 0.23
  196 D   -1  0  0  4 -1  1  2 -1  2 -2 -3  0 -1 -2 -2  0  0  0 -1 -2    5   5   4  26   2   7  11   4   5   2   3   5   1   2   2   6   4   1   2   3  0.29 0.24
  197 G   -1 -1  3  4 -1  0  1  2  2 -4 -3 -1 -4 -5  1  0 -2 -5 -2 -2    4   4  13  21   2   3   8  14   5   0   2   4   0   0   8   5   2   0   2   3  0.39 0.29
  198 E   -2 -1  0  2 -1 -1  0  4  0 -5 -4 -1 -1 -1 -2 -1 -2  4 -1 -3    3   4   5  12   1   3   7  36   2   0   2   3   1   3   2   4   2   5   3   2  0.53 0.37
  199 K    0  4  0  0 -1  2  2  1  0 -3 -3  2 -2 -2 -4 -1  0 -5 -2 -2    6  23   4   5   1   7  12  10   3   1   2  10   1   2   0   4   5   0   1   2  0.35 0.28
  200 L   -2 -2 -2 -4  0 -2 -2 -2 -3  3  2 -3  0  3 -1 -2 -3  0 -2  3    3   3   2   1   2   2   3   4   1  17  19   1   2  12   3   3   1   1   1  20  0.38 0.27
  201 S    0  0 -1 -1  1 -1 -1 -2  2  0  0 -1  0  1  0  0  1  2  0  1    6   5   3   3   3   3   4   3   6   5  11   4   3   6   4   9   9   3   3   9  0.06 0.06
  202 G    1 -1 -7 -2  2 -1 -7  4  1 -7 -2 -1  2 -1 -7  0 -1  2  1 -1   12   3   0   3   3   3   0  33   4   0   4   4   4   3   0   6   4   3   4   5  0.60 0.37
  203 F   -2 -5 -2 -6  2 -2 -5 -6  2  1  1 -5  1  6 -6 -4 -2  2  1  2    3   0   3   0   4   3   0   0   5   7  13   0   3  37   0   0   3   3   4  14  0.83 0.48
  204 I    0 -4 -4 -4  0 -4 -2 -4 -4  5  1 -4  0  0 -4 -3  1 -4 -1  3    8   0   0   0   2   0   2   0   0  37  11   0   2   4   0   0   8   0   2  21  0.60 0.32
  205 D   -4 -1 -2  8 -6 -3  0 -1  1 -6 -6 -1 -5 -6 -4 -3 -4 -6 -5 -6    0   4   0  76   0   0   4   5   3   0   1   4   0   0   0   0   0   0   0   0  1.84 0.69
  206 L    0 -5 -3 -5  1 -4 -3 -3 -2 -1  2 -5  1  2 -3 -3 -2  9 -1  2    7   0   1   0   3   0   1   2   1   2  23   0   3  10   1   1   2  27   1  14  0.99 0.44
  207 G    2 -2 -1  0 -1 -1  2  4 -3 -4 -4 -2 -4 -5 -1  0 -1 -4 -4 -3   16   2   2   4   1   1  18  39   0   0   1   1   0   0   2   6   3   0   0   2  0.60 0.34
  208 R   -1  5  0  1  0  0 -1  1  1 -3 -1 -1  0 -1 -2 -1 -1  1  1 -3    4  32   3   7   2   4   3  10   3   1   6   2   2   2   2   5   3   2   5   1  0.34 0.25
  209 A    3 -4 -3 -4  2 -3 -3  1 -2 -1  2 -3  2 -1 -2  0 -1  0 -2  0   31   0   0   0   5   0   1  10   1   2  20   0   5   2   1   8   3   1   1   7  0.35 0.28
  210 G    0 -2 -2  0  1 -3 -3  5  2 -3 -2 -3  0 -2 -4 -1  0 -2 -2 -3    6   2   2   5   3   1   2  51   5   1   4   1   3   2   0   3   6   1   2   2  0.77 0.42
  211 V    0 -1 -4 -5 -1 -3 -3 -4 -2  3  1 -3  0  1 -2 -3 -1  4  1  4    6   4   0   0   1   1   1   1   1  16  15   1   1   5   2   2   2   7   4  29  0.47 0.30
  212 A    3 -5 -3 -3 -1 -3 -5  6 -5 -4 -4 -3 -2 -2 -5  0 -3 -1 -3 -4   25   0   1   1   1   1   0  53   0   1   1   1   1   2   0   7   2   1   1   1  1.17 0.58
  213 D   -2 -4 -1  8 -3 -2 -2 -4 -1 -6 -5 -4 -6 -3  1 -2 -4 -2 -6 -6    3   1   2  73   1   2   1   1   2   0   1   0   0   1   6   3   1   1   0   0  1.82 0.80
  214 R   -1  6 -3 -3 -3 -2 -1 -4 -3 -3 -4  0 -5 -3  5 -2 -3 -6 -3 -3    5  38   1   1   1   1   3   1   1   2   1   5   0   1  32   3   1   0   1   2  1.13 0.59
  215 Y   -1  1 -2 -3  0 -2  1 -4  5 -2  0 -4  1 -1 -5 -3 -3  7  5 -2    6   7   2   1   2   1   9   1  14   2   8   0   4   1   0   1   1  15  22   2  0.83 0.48
  216 Q    1  0 -2 -2  0  2  0 -3  1  0  0 -2  0  1 -4 -1  0  4  3 -1   13   5   1   2   2  11   5   1   4   5  11   1   2   5   0   3   5   6  14   4  0.24 0.21
  217 D   -6 -5 -2  8 -7 -4  1 -4 -5 -7 -7 -5 -6 -3 -5 -3 -5 -7 -6 -6    0   0   1  83   0   0   8   1   0   0   1   0   0   1   0   1   0   0   0   0  2.42 0.97
  218 I   -3 -4 -5 -5 -3 -5 -2 -6 -3  4  4 -5  0  3 -4 -5 -3 -1  0  0    2   1   0   0   1   0   3   0   1  20  48   0   1  11   1   0   1   1   3   6  0.88 0.45
  219 S    5 -4 -3 -4 -2 -4 -3  0 -3 -3 -4 -3 -2  0 -2  1  1 -5  0 -2   56   0   1   1   1   0   1   6   1   1   1   1   1   5   2   8   8   0   3   3  0.85 0.50
  220 L    0 -1 -3 -2  0 -2 -3 -3 -1  1  2 -1  1  1 -2 -1 -1  7  1  0    9   4   1   2   2   2   1   1   2   9  24   4   3   5   2   4   3  14   4   7  0.37 0.24
  221 A    4 -3 -3 -4  4 -3 -4  0 -2  0  0 -4  2  0 -3 -2 -1 -2 -3  0   41   1   1   0   8   1   1   8   1   4  11   1   5   3   1   2   4   0   1   7  0.53 0.35
  222 I    1  0 -2 -2  1 -2 -2 -2  0  2  1 -1  1  0 -2 -1  1  2  0  1   11   5   2   2   3   1   2   2   2  13  18   2   4   3   1   4   8   3   2  13  0.12 0.12
  223 R   -2  5 -1 -3 -1 -1 -3 -1 -2 -3  0  0  1 -1 -3 -1 -2  7  0 -2    3  30   2   2   1   3   1   4   1   1   8   4   4   3   2   5   2  18   4   2  0.74 0.41
  224 S   -1 -2  1  1  1  0  0  0 -2 -3 -3 -2 -2 -2  1  4  1 -4 -3 -2    5   2   6   7   3   3   5   6   1   1   3   1   1   2   6  37   7   0   1   2  0.44 0.33
  225 L   -1 -3 -3 -3 -1 -3 -4 -2 -3  3  4 -2  1  0 -4 -3 -1  0 -2  0    6   1   1   1   1   1   1   3   1  19  42   2   3   4   1   2   3   1   1   5  0.58 0.33
  226 R    1  3 -1  0 -2  1  1  0  0 -2 -1  0  0  0  0  0  0  1 -2 -1   14  16   3   4   1   6   9   6   2   1   6   4   2   4   4   5   4   2   1   4  0.12 0.13
  227 H   -1  2  0  0 -3 -1  1  0  3 -2 -2 -1 -1  2 -2 -1 -2  5  4 -2    4  13   4   5   0   2   8   6   7   2   3   4   1   7   2   4   2   9  13   2  0.37 0.26
  228 D   -1  0  5  1 -5 -1 -1 -1  2 -2 -2 -3  0  0  0 -1  0 -3  1 -1    5   4  33   7   0   2   4   4   5   2   3   1   2   4   4   3   5   0   4   5  0.48 0.32
  229 Y   -3 -2 -4 -3 -4 -3 -3 -2  2  0  3 -3  1  5 -3 -3 -3  3  3 -1    2   2   1   2   0   1   2   3   4   4  25   2   3  27   2   2   2   4   9   3  0.70 0.38
  230 G   -1 -1  0  0 -4 -1 -1  5  1 -4 -2  0 -3  0 -1 -1 -2 -3 -2 -4    5   3   4   5   0   3   4  45   3   1   5   5   1   4   3   4   2   0   1   1  0.66 0.38
  231 D   -1  0  0  2 -4 -1  1  0 -2 -3 -3  0 -3 -2  3  0  1  1 -3 -2    6   5   4  13   0   3   9   6   1   1   2   6   1   2  17   7  10   2   1   4  0.30 0.24
  232 D    0 -1 -2  3 -6 -2  3  2 -2 -3 -4 -1 -2 -3  2 -2 -1 -2 -2 -3    9   4   2  17   0   2  21  13   1   2   2   3   1   1  12   3   3   1   1   2  0.45 0.33
  233 R    1  1 -1  1 -3  1  1  0  1 -1 -1  1 -1 -2  0  0 -1 -1 -2 -1   14   9   2   9   0   6  10   7   3   3   5   7   1   2   4   5   3   1   1   6  0.10 0.11
  234 Y    1 -3 -4  1 -2 -1  0 -3  0 -1  1 -5  0  2 -2 -2 -2  6  4  0   10   1   1   7   1   3   7   2   2   3  11   0   2   7   2   3   2  12  16   7  0.50 0.33
  235 K    1  2 -2  0 -2  1  1 -1 -1  0 -1  0 -1 -2  0 -1  0 -1 -2  1   12  12   1   7   1   6   8   5   1   5   7   5   1   2   5   2   7   1   1  11  0.09 0.12
  236 A    2  1  0  4 -4  1  3  0  0 -5 -4 -1 -2 -5  0 -1 -1 -7 -4 -4   16   7   3  22   0   6  16   6   2   1   2   3   1   1   5   5   3   0   1   1  0.47 0.35
  237 L    2  3 -3 -2 -1 -2  0 -3  0  0  2 -2  0 -1  0 -2 -1 -3  0  0   18  16   1   2   1   2   6   2   3   5  18   1   3   2   5   3   3   0   4   7  0.23 0.21
  238 F   -5 -7 -8 -6 -4 -6 -6 -7 -7 -4  2 -7 -1  9 -9 -7 -8 -1  1 -2    1   0   0   1   0   0   1   1   0   1  16   0   2  68   0   0   0   1   4   3  2.38 1.02
  239 L   -2 -1 -5 -6 -4 -4 -3 -5 -1  0  4 -5 -1  4 -4 -5 -3  3  4 -2    4   3   1   1   0   1   2   1   1   5  39   1   2  17   1   1   2   3  13   3  0.91 0.49
  240 E    2  2 -1  3 -7  0  4 -4 -1 -6 -5  2 -4 -7 -4 -1 -2 -3 -4 -6   15  12   2  18   0   4  23   2   2   0   1  10   0   0   1   4   3   1   1   0  0.70 0.47
  241 L    4  1 -3 -3 -1 -1  1  3  0 -4 -2 -2 -2 -5 -4 -1 -2 -2  0 -2   29   7   1   1   1   2  10  22   2   1   5   2   1   0   1   4   3   1   3   3  0.50 0.37
  242 Y   -3 -4 -9 -9 -3 -6 -7 -9 -3 -5  0 -9 -3 -1 -4 -5 -5 -6 10 -6    2   1   0   0   1   1   0   0   1   1  10   0   1   2   1   1   1   0  76   0  2.91 1.29
  243 G   -2 -1 -3  0 -3 -2 -1  7 -4 -9 -5 -4 -8 -8 -3 -3 -4 -8 -6 -7    4   4   2   4   1   2   4  70   0   0   1   1   0   0   2   2   1   0   0   0  1.68 0.83
  244 L   -1  3 -3 -3 -3  0 -1  0 -1  3  2 -1  0 -1 -2 -3 -3  0 -1  1    6  16   1   1   1   4   4   8   1  19  17   3   2   2   2   1   1   1   2   9  0.30 0.22
  245 D    1  0 -2  4 -4  0  3 -3 -1 -3 -3  1 -3 -3  2 -1  0 -2  0 -2   10   4   2  19   0   4  20   2   2   1   2   7   1   1  10   4   5   1   3   3  0.40 0.30
  246 G    1  2  0  1  0  0  1 -1  1 -3 -2  0 -1 -2  2 -1  0 -3 -2 -1   12  11   4   7   2   3  11   5   4   2   4   5   2   2  12   5   5   0   1   4  0.18 0.15
  247 L   -1 -4 -5 -3 -1 -5 -4 -3 -4  3  1 -5  0  0  4 -4 -3  0 -1  3    6   1   1   2   1   0   1   2   0  16  13   1   2   5  22   1   2   1   2  20  0.67 0.40
  248 D   -3 -5  1  8 -6 -5 -1 -6 -4 -5 -6 -6 -6 -6 -4 -2 -1 -9 -6 -6    2   1   7  70   0   1   4   1   1   1   1   0   0   0   1   4   5   0   0   1  2.10 0.99
  249 E    1  2 -3  0 -3  0  3 -4 -1 -3 -2 -1  1 -3  4 -1 -3  5 -1 -3   10  11   1   5   1   3  18   1   2   1   5   4   4   1  17   5   2   7   2   2  0.47 0.36
  250 D    1  2  0  3 -7  2  5 -3 -1 -6 -5 -1 -3 -4 -5 -2 -2 -2 -6 -3   11   9   4  16   0   8  32   2   1   0   1   4   1   1   1   3   3   1   0   2  0.74 0.49
  251 K   -1  6 -5 -4 -6 -4  0 -4 -4 -4 -3  5 -4 -8 -8 -4 -2 -2 -5 -4    6  45   1   1   0   0   6   2   0   1   4  27   1   0   0   1   2   1   1   1  1.41 0.76
  252 V   -3 -1 -7 -8 -2 -4 -6 -7 -8  5  4 -7  2  1 -6 -7 -4 -7  0  2    3   4   0   0   1   1   1   0   0  25  40   0   4   6   0   0   1   0   3  11  1.11 0.57
  253 R    2  4 -2  2 -3  0  1 -3  1 -4 -2  1 -1 -4 -2 -1 -1  1 -3 -3   15  22   2  11   0   3  10   2   3   1   5  10   2   1   2   3   3   2   1   2  0.43 0.33
  254 Y   -1 -3 -9 -7 -3 -6 -9 -6 -2 -5  0 -7 -2  6 -9 -7 -5  5  8 -4    5   2   0   0   1   0   0   1   1   0   9   0   1  28   0   0   1   8  40   2  1.94 0.92
  255 Y   -9 -7 -9 -8  0 -6 -9 -10  3 -3 -6 -9 -3  5 -10 -7 -9  5  9 -5    0   0   0   0   2   0   0   0   7   2   1   0   1  19   0   0   0   7  60   1  2.73 1.20
  256 I    0  5 -2 -1  0  3  0 -3 -1  1  1 -2  1 -4 -4 -2  0 -6 -4 -3    8  27   2   3   2  11   6   2   1   8  14   1   3   1   1   2   6   0   0   1  0.48 0.37
  257 R    0  1 -2 -1 -2 -2 -1 -3 -2  0  5 -2  2 -3 -6 -4 -3 -3 -5  0   10   8   2   3   1   1   4   2   1   4  48   2   4   1   0   1   2   0   0   6  0.64 0.42
  258 L   -5 -8 -9 -10 -7 -8 -9 -10 -8  1  6 -8  2  0 -9 -8 -5 -7 -2 -2    1   0   0   0   0   0   0   0   0   6  80   0   5   4   0   0   1   0   2   2  2.01 0.91
  259 D   -3 -1  1  7 -8 -4  0 -6  0 -5 -6 -6 -3 -5 -7 -2 -6  5  4 -7    3   4   6  53   0   1   5   0   2   1   1   0   1   0   0   3   0   8  13   0  1.58 0.78
  260 E    0 -1 -3  2 -1  2  6 -5 -3 -5 -6 -3 -6 -8  0 -2 -2 -5 -7 -4    7   3   1   9   2   8  56   1   1   0   1   1   0   0   4   3   2   0   0   2  1.25 0.70
  261 F   -7 -8 -8 -9 -3 -8 -8 -9 -7 -4  5 -8  0  8 -9 -8 -7 -5 -2 -5    0   0   0   0   1   0   0   0   0   0  43   0   2  53   0   0   0   0   1   0  2.22 0.92
  262 F   -6 -7 -7 -8 -7 -7 -8 -8 -6 -4  1 -7  2  9 -8 -7 -6 -4  2 -5    0   0   0   0   0   0   0   0   0   0  15   0   4  76   0   0   0   0   5   0  2.46 0.85

                      K         Lambda
Standard Ungapped    0.1414     0.3190
Standard Gapped      0.0410     0.2670
PSI Ungapped         0.1334     0.3173
PSI Gapped           0.0408     0.2670
