
Last position-specific scoring matrix computed, weighted observed percentages rounded down, information per position, and relative weight of gapless real matches to pseudocounts
           A  R  N  D  C  Q  E  G  H  I  L  K  M  F  P  S  T  W  Y  V   A   R   N   D   C   Q   E   G   H   I   L   K   M   F   P   S   T   W   Y   V
    1 M   -6 -6 -7 -8 -6 -5 -7 -7 -6 -3 -2 -6 11 -5 -7 -6 -5 -6 -6  0    0   0   0   0   0   0   0   0   0   0   0   0  95   0   0   0   0   0   0   5  3.50 1.11
    2 S    0 -2  1 -3 -5 -3 -1 -4 -2 -5 -5  4 -4 -6 -3  3  5 -6 -4 -4    6   1   6   1   0   0   3   1   1   0   0  23   0   0   1  21  34   0   0   1  0.87 0.54
    3 K   -4  1 -3 -5 -5 -1 -4 -5  5 -3  0  3 -2  2 -4 -4 -3 -3  7 -5    1   7   1   0   0   3   1   0  14   2   9  19   1   7   1   0   1   0  32   0  1.07 0.57
    4 K   -4  4  1 -2 -7 -1 -3 -6  1 -5 -6  5 -4 -7 -5 -1  4 -7 -4 -5    0  23   7   2   0   3   1   0   3   0   0  32   0   0   0   5  22   0   0   1  1.07 0.61
    5 I   -4 -8 -8 -9 -1 -8 -8 -9 -9  7 -1 -8 -3 -4 -8 -7 -5 -8 -6  5    1   0   0   0   1   0   0   0   0  53   6   0   0   0   0   0   0   0   0  38  1.98 0.84
    6 V    4 -6 -6 -6  1 -5 -6  0 -6 -3  0 -5 -1 -5 -5 -1  4 -7 -5  1   38   0   0   0   3   0   0   7   0   1   8   0   1   0   0   3  29   0   0   9  0.95 0.59
    7 T   -1 -5 -7 -8 -1 -6 -6 -7 -6  2  4 -7  2 -2 -7 -3 -3 -3 -2  5    5   0   0   0   1   0   0   0   0   9  33   0   5   2   0   2   1   0   1  40  1.14 0.58
    8 L   -3 -7 -6 -8 -3 -7 -8 -8 -8  6  4 -7  1  0 -8 -6 -4 -7 -4  0    2   0   0   0   1   0   0   0   0  46  38   0   3   3   0   0   1   0   0   5  1.57 0.72
    9 A   -1 -1 -4 -4 -8 -5 -1 -1 -2 -8 -8 -1 -4 -9  8 -4 -4 -9 -3 -4    6   4   1   1   0   0   5   4   1   0   0   4   1   0  67   1   1   0   1   1  1.92 0.94
   10 G   -3 -9 -7 -8 -3 -8 -9  8 -9 -10 -10 -8 -9 -10 -9 -7 -8 -9 -10 -10    3   0   0   0   1   0   0  97   0   0   0   0   0   0   0   0   0   0   0   0  3.01 1.24
   11 D   -6 -8 -2  9 -10 -5 -1 -5 -2 -8 -10 -7 -10 -10 -7 -7 -8 -11 -6 -10    1   0   1  92   0   0   3   1   1   0   0   0   0   0   0   0   0   0   0   0  3.07 1.30
   12 G   -6 -8 -4 -2 -9 -8 -7  8  0 -10 -10 -8 -9 -5 -8 -5 -5 -4 -5 -9    0   0   1   3   0   0   0  91   2   0   0   0   0   1   0   1   1   0   0   0  2.70 1.17
   13 I   -3 -9 -9 -9 -1 -7 -9 -9 -9  8 -4 -8 -5 -6 -6 -5 -3 -8 -7  3    2   0   0   0   1   0   0   0   0  74   0   0   0   0   0   1   2   0   0  19  2.35 1.00
   14 G   -4 -9 -7 -8 -9 -8 -7  8 -9 -10 -10 -8 -9 -10 -9 -5 -8 -9 -5 -10    1   0   0   0   0   0   0  97   0   0   0   0   0   0   0   1   0   0   0   0  3.01 1.27
   15 P   -4  0 -4 -7 -9 -1 -5 -7 -1 -3 -6  1 -6 -6  8 -5 -2 -9 -5 -3    2   6   1   0   0   3   1   0   2   2   1   7   0   0  70   1   2   0   0   2  2.11 1.06
   16 E   -7 -7 -6  0 -10 -3  8 -7 -7 -9 -5 -6 -8 -9 -8 -4 -7 -9 -8 -6    0   0   0   4   0   1  91   0   0   0   1   0   0   0   0   1   0   0   0   1  2.82 1.33
   17 I   -5 -6 -8 -8 -3 -8 -7 -9 -8  5  1 -8  1 -6 -8 -7 -4 -8 -7  6    1   0   0   0   1   0   0   0   0  31  14   0   2   0   0   0   1   0   0  50  1.73 0.82
   18 M    0 -6 -5 -6  0 -6 -6 -6 -7  4 -1 -6  6 -4 -7  0  3 -4 -5  3    7   0   0   0   2   0   0   1   0  19   5   0  19   0   0   8  19   0   0  20  0.99 0.60
   19 S    2  0  1  2 -3  0  2  0  0 -5 -4  0 -3 -5  3 -1 -1 -6 -1 -3   20   5   6  12   0   3  14   6   2   0   1   4   0   0  12   5   4   0   2   1  0.37 0.32
   20 A    4 -5 -5 -5 -2  2  4 -5  1 -5 -5 -4 -4 -6 -3  2 -3 -3 -1 -1   36   0   0   0   1   8  24   1   3   0   1   0   0   0   2  14   2   0   2   5  0.89 0.63
   21 G    5 -7 -5 -7 -2 -5 -6  1 -7 -3 -4 -6 -2 -7 -6 -2  2 -8 -7  4   42   0   0   0   1   0   0  12   0   1   1   0   1   0   0   3  11   0   0  26  1.14 0.69
   22 L   -3  2 -5 -4 -1  2 -1 -6 -3  2  2  2  1 -4 -6 -4 -2 -4 -4  3    1  10   0   1   1   9   3   0   0  11  23  15   3   0   0   1   2   0   0  19  0.56 0.40
   23 S   -1  4 -2  1 -6  1  2 -4  0 -5 -4  4 -4 -5 -1  0  0 -7 -4 -5    5  20   2   7   0   7  13   1   2   0   2  26   0   0   3   6   5   0   1   1  0.65 0.45
   24 V   -1 -8 -8 -8 -1 -7 -8 -7 -8  4 -1 -7 -5 -6 -8 -6 -4 -8 -7  7    5   0   0   0   2   0   0   1   0  22   6   0   0   0   0   1   1   0   0  62  1.86 0.87
   25 L   -5 -7 -8 -8 -4 -7 -8 -7 -4  2  5 -7  2  5 -8 -6 -5 -6 -2  0    1   0   0   0   0   0   0   0   0   8  56   0   4  20   0   0   1   0   2   6  1.48 0.73
   26 K   -1  2  0  4 -5  1  4 -3 -1 -7 -5  3 -4 -6 -6  0 -2 -7 -6 -5    5   9   5  19   0   5  23   2   1   0   1  19   0   0   0   6   3   0   0   1  0.74 0.49
   27 A    6 -2 -3 -4 -2 -3 -2 -4  1 -4 -2 -1 -4 -1 -5 -1  0  1 -1  0   54   3   1   1   1   1   3   1   3   1   4   4   0   2   0   4   6   2   2   5  0.89 0.58
   28 V    4 -6 -6 -3  0 -5 -5 -4 -6  2  2 -5  0 -2 -5 -2  0 -6 -4  3   33   0   0   2   2   0   1   1   0  10  16   0   2   2   0   3   6   0   1  19  0.71 0.46
   29 S    2 -1  2  0  1  0  1  3  0 -3 -2  0 -2 -5 -3  0 -2 -5 -4 -2   18   3  10   5   3   5   8  20   2   1   5   7   1   0   1   7   2   0   0   2  0.29 0.24
   30 K    2  0 -2  0 -2  0  2 -2 -2 -1 -2  0 -2 -3 -2  0 -1 -5 -3  3   18   5   2   6   1   5  12   2   1   3   4   6   1   1   2   6   3   0   1  21  0.24 0.23
   31 K    0  2 -1 -3 -3 -1 -3 -2  0 -1 -2  2 -3 -4  5 -1 -1 -5 -3 -1    9  11   3   2   1   3   2   3   2   3   5  11   1   1  29   5   3   0   1   4  0.53 0.36
   32 I   -1 -2 -3 -3 -1 -2 -1 -2  1  3  0 -2 -1  3 -2 -1  0 -2  2  2    5   3   1   1   1   1   4   3   3  18   9   2   1  12   2   5   6   1   7  16  0.28 0.19
   33 D   -2 -2  1  4 -3  0  2  4 -1 -3 -5 -1 -4 -4 -3  0 -3 -5 -2 -3    2   2   6  21   1   4  12  30   1   2   1   4   0   1   1   7   2   0   1   2  0.61 0.38
   34 F   -3 -3 -4 -4 -1 -3 -5 -4  3  2  2 -4 -2  6 -4 -3 -3  7 -1  0    2   1   1   1   2   2   1   2   7   9  17   1   1  27   1   2   1  14   2   7  0.98 0.49
   35 E   -1  1  0  3 -6  0  5 -1 -2 -5 -5  1 -5 -5  0  0 -1 -6 -5 -3    5   7   4  16   0   3  31   4   1   1   1   9   0   1   4   7   4   0   0   2  0.61 0.41
   36 Y   -2 -3 -4 -3  0 -3 -3 -4 -2  2  3 -3  0  5 -2 -3 -2 -1  0  2    3   2   1   2   2   1   2   2   1  13  23   1   2  24   2   2   2   1   3  12  0.59 0.28
   37 E   -1  0  1  2 -3  1  5 -2  0 -2 -3 -1 -3 -3 -3  0  0 -3 -2 -2    4   4   7  11   1   5  33   3   2   3   2   4   1   1   1   6   6   0   1   4  0.48 0.30
   38 L   -2 -3 -3 -3 -1 -3 -3 -3 -1  2  1 -3  0  5 -2 -3 -1  5  3  1    3   2   1   2   1   1   2   2   2  11  15   2   2  22   2   2   5   8   8   9  0.54 0.27
   39 E   -1  0  0  1 -2  0  2 -2  1  1 -2  0 -2 -2 -2  0  2 -2 -2  1    3   5   4   8   1   4  15   2   3   8   3   4   1   2   1   7  15   1   1  10  0.18 0.16
   40 A   -2  0 -1  1 -4  1  4 -2  3 -2 -2 -1 -3 -1  0  0  0  0  1 -1    3   4   3   6   0   5  30   3   6   2   4   3   1   2   6   6   6   1   5   4  0.36 0.28
   41 K    1 -1 -2 -1  0 -1 -2  0  2  1  1 -2  1  2 -3 -1 -2 -1  2  2   10   4   1   3   2   2   3   8   5   6  12   1   3  11   1   4   2   1   7  14  0.14 0.13
   42 D   -3 -3  0  4 -3 -2  2 -4  0 -3  1 -2 -2 -3  4 -2 -3 -3 -2 -4    2   1   5  25   1   2  14   2   3   2  12   2   1   1  20   2   2   1   2   1  0.65 0.43
   43 F    2 -4 -4 -5  0 -4 -3 -3 -3  3  0 -4  1  1 -4 -3 -2  5  0  3   17   1   1   0   2   1   2   2   1  19   8   1   3   6   1   2   2   8   3  21  0.54 0.34
   44 G   -2 -5 -2 -2 -4 -1 -5  6 -2 -5 -5 -4 -4 -5 -4  1  0 -6 -6 -5    3   1   2   3   0   3   0  63   1   1   1   1   0   1   1  10   7   0   0   1  1.40 0.71
   45 G    2 -1 -1  0  1 -2  0  3 -1 -3 -1 -2 -2 -1  0  0 -1  3  0 -2   16   4   3   4   3   1   5  22   1   1   7   2   1   3   5   8   3   5   3   3  0.21 0.19
   46 I    2 -1 -1  2  1  0  3 -1 -2 -1 -3  0 -1 -3  0  1  0 -3 -2  0   16   3   2  10   3   4  20   3   1   4   2   5   2   1   4   9   5   0   1   6  0.21 0.21
   47 A    4  1 -2 -3  1 -1 -1 -1  2 -2 -2 -1 -2 -2 -2  1 -1 -2  3 -1   32   9   1   1   3   3   3   4   5   2   3   4   1   2   2   8   4   1  10   5  0.34 0.29
   48 I   -3 -3 -3 -3 -3 -3 -2 -2  0  3  1 -3  0  3 -4 -2 -4  5  6 -1    2   2   1   2   1   1   3   3   2  17  12   2   2  11   1   3   1   6  27   3  0.74 0.43
   49 D   -1  1 -1  3 -2  1  3 -3  0 -3  1  1 -2 -3  0 -1 -2 -5 -4 -2    6   7   2  20   1   5  17   1   2   1  15   9   1   1   4   3   2   0   0   2  0.32 0.27
   50 K    1  3  0  0 -3  1  2 -2 -1 -3 -2  3 -3 -5 -2  0 -1 -5 -4 -2   13  14   4   5   0   6  14   2   1   1   5  21   0   0   1   6   3   0   0   2  0.36 0.29
   51 H   -2 -2 -1 -1 -1 -1  0  0  6 -4 -4 -1 -2  0 -3 -1  4 -1  3 -1    3   2   3   3   1   2   7   9  17   1   1   3   1   3   1   4  24   1   9   4  0.50 0.37
   52 G   -2 -2 -1 -1 -5 -2 -2  6 -3 -3 -3 -1 -3 -6 -3 -1 -3 -5 -5 -3    2   2   2   3   0   2   2  65   0   2   3   5   1   0   1   4   2   0   0   2  1.27 0.62
   53 H   -1  0  1  2 -2  1  2 -3  1 -1 -3  0 -1 -2 -2  1  2  0 -2  0    3   5   8  13   1   5  13   1   4   3   1   5   1   2   1   8  16   2   1   8  0.23 0.22
   54 P    1 -3 -2 -1 -1 -3 -1  0 -1 -2 -2 -3  2 -1  5  0  1 -1  1  0   11   1   1   4   1   1   3   6   1   2   4   1   7   3  27   6   9   1   5   6  0.41 0.30
   55 L   -3 -3 -5 -3 -2 -3 -4 -5 -4  3  4 -4  4  0 -4 -4 -1  1 -1  1    2   1   0   2   1   1   1   1   0  13  46   1  10   4   0   1   4   2   2   8  0.75 0.41
   56 P   -3 -2 -3 -2 -5 -3 -2 -4 -3 -4 -2 -2 -3 -2  7  0  1 -5 -5 -4    2   3   1   2   0   1   2   2   1   1   4   3   1   2  59   6   9   0   0   1  1.45 0.69
   57 E   -1 -1 -1  4 -5  1  4 -3 -1 -4 -4  0 -3 -5  2 -1 -2 -2 -5 -4    6   3   2  22   0   7  28   2   1   1   2   6   1   0  12   5   2   1   0   1  0.66 0.43
   58 E    0  0  0  2 -5  0  5 -1 -1 -3 -5  0  0 -4 -2  0 -1 -2 -2 -3   10   5   4  13   0   4  36   4   1   1   0   4   2   1   2   7   3   0   1   2  0.53 0.39
   59 T    2 -4 -3 -1 -2 -3 -3 -1 -2 -2 -2 -4 -2 -3 -2  1  5  1 -3  3   17   1   1   3   1   1   1   5   1   1   3   1   1   1   2   8  34   2   1  18  0.59 0.44
   60 L   -3 -1 -4 -4 -2 -3 -3 -5 -2  3  4 -1  1  1 -3 -4 -2  3 -1  2    1   4   1   1   1   1   2   0   1  18  38   4   4   5   1   1   1   4   2  12  0.56 0.35
   61 Q    1 -1  0  3 -3  2  4 -3 -1 -3 -4  1 -1 -5 -3  0 -1 -3 -3 -4   12   3   4  19   0   8  27   1   1   1   1   9   1   0   1   5   3   0   1   1  0.54 0.38
   62 A    2  0 -2 -2 -2  1  0 -2 -2  0  0  0 -1 -1 -3  2  0 -4 -2 -1   18   4   1   2   1   7   7   2   1   7  12   5   1   3   0  20   5   0   1   4  0.18 0.21
   63 V    1 -4 -5 -5  6 -5 -4 -4 -5  4  2 -5  2 -1 -5 -3 -2 -2 -3  2   10   1   0   0  17   0   1   1   0  23  22   0   5   2   0   1   2   1   1  12  0.80 0.44
   64 K   -1  4 -1  0 -4  1  1 -2 -1 -4 -1  4 -2 -4 -2  0 -2 -5 -3 -4    4  26   3   5   0   7   8   3   1   1   5  25   1   1   2   5   2   0   1   1  0.56 0.39
   65 N    0  3  2  1 -5  2  2 -1 -1 -4 -5  3 -3 -5 -3  0 -1 -5 -3 -4    6  18   9   7   0   9  14   4   1   1   0  18   1   0   1   6   4   0   1   1  0.49 0.35
   66 A    1 -2  4 -2  3 -2 -2 -2  2 -2 -2 -2 -1  0 -3  2  2 -4  0  0   12   1  20   1   6   1   2   1   5   2   2   1   1   4   0  19  11   0   3   8  0.31 0.28
   67 D   -2  0  0  5  2 -1 -1  0  0 -1 -2  2 -2 -1 -2 -2 -2 -5 -2 -4    3   5   4  36   4   2   2   8   3   4   4  16   1   4   1   1   2   0   1   0  0.49 0.33
   68 A    4  1 -2 -4  0 -3 -3  0 -1  0 -1 -2 -1 -1 -3  0 -1 -4 -2  2   44   8   1   0   2   0   0   6   1   5   4   0   1   2   0   3   2   0   1  17  0.41 0.31
   69 I    1 -1 -3 -3  2  0 -1 -1 -3  3 -1 -2  0 -1  0 -1  0  1 -2  2   17   4   0   0   5   5   4   5   0  21   4   0   2   2   5   2   5   2   0  17  0.17 0.18
   70 L   -3 -4 -1 -4 -3 -3 -4 -1 -3  2  4 -3  1  2 -2 -1  0 -3  1  0    0   0   4   0   0   0   0   5   0   9  51   0   2   8   2   4   6   0   4   3  0.49 0.31
   71 L   -2 -1 -3 -3  0 -1 -2 -2  0  0  2  3  1  2  0 -2 -1  1  0  0    3   2   0   0   2   2   0   3   3   4  22  26   4  11   4   0   3   2   2   5  0.23 0.22
   72 A    1 -4 -3 -3  3 -3 -3  5 -4  0 -3 -3 -3 -4  1  0  0 -4 -4  0   13   0   0   0   6   0   0  47   0   6   1   0   0   0   6   6   6   0   0   7  0.67 0.31
   73 A    0  0  0 -2  2 -1 -2  0  2  0  0  0 -1  1  1  0  0  4 -1  0    7   7   7   0   6   0   0   7   6   7   7   7   0   6   7   7   7   6   0   7  0.09 0.13
   74 I   -2 -6 -6 -7 -2 -5 -5 -6 -3  4  2 -5  2 -1 -5 -5 -1 -4 -5  5    3   0   0   0   1   0   1   1   1  25  17   0   5   3   0   0   4   0   0  38  1.04 0.53
   75 G    0 -5 -3 -2 -4 -3 -1  6  0 -5 -6 -3  0 -5 -6  0  2 -6 -3 -6    6   0   1   3   0   1   5  56   2   1   1   2   2   1   0   5  13   0   1   0  1.13 0.60
   76 H   -1 -4 -2  2 -3 -3 -1  3  3 -4 -1 -4 -3 -4 -4  1  4  1 -3 -4    5   1   1  14   1   1   3  20   6   1   5   0   1   0   0  11  26   2   1   1  0.55 0.40
   77 P   -2 -5 -3 -4 -6 -4 -4 -3 -4 -5 -5 -2 -4 -5  8 -1 -2 -2 -1 -3    4   1   1   1   0   1   1   2   0   1   1   3   1   1  71   4   2   1   2   2  2.02 0.90
   78 K    0  2 -1  1 -3  0  1 -1  0  0 -3  3 -1 -3 -1  0 -1 -4 -3  0    8  13   2   9   0   4   8   4   2   7   2  19   1   1   2   7   3   0   1   6  0.21 0.19
   79 Y   -2 -2 -3 -2 -4 -3 -2  2  1  0  0 -2 -2  0 -4 -3 -1  7  3  2    3   2   1   3   0   1   3  14   3   4   8   2   1   3   1   2   3  18  11  17  0.58 0.34
   80 N   -1  1 -1  4 -4  0  0  1 -2 -3 -3  2 -3 -4  4 -1  0 -5 -3 -2    5   9   2  20   0   3   4   9   1   1   2  12   1   0  18   4   5   0   1   3  0.43 0.29
   81 N   -2 -1  2  3 -4 -2  0  3  1 -4 -3 -1 -3 -4  3  0  0 -2 -2 -2    3   2   9  16   0   1   4  20   4   1   2   4   0   1  12   8   6   1   2   4  0.36 0.26
   82 A    1  0  0  0 -2 -1 -1  2  1 -1 -1 -1  0  1  1  0  0 -2  0 -1   12   4   3   5   1   2   4  15   5   3   6   3   2   6   9   5   7   0   3   5  0.08 0.08
   83 K    0  1  1  2 -4 -1  2  1  4 -3 -3  1 -2 -3  0  0 -1 -3 -1 -2    6   8   6  10   0   2  13  11  11   1   2   9   1   1   5   5   4   0   1   3  0.24 0.18
   84 V   -1  0 -1 -1 -2  0 -1  0  0  1  1  0  0  0  1 -1 -1 -2  0  1    4   4   2   2   1   3   4   7   2  11  13   6   1   3   9   4   3   0   4  14  0.06 0.06
   85 R   -1  4  0 -1 -2  0  0  0  2 -2 -1  1 -1 -3 -1  1  1 -3 -2 -1    5  22   3   2   1   3   6   9   5   2   5   7   1   1   3  11   8   0   1   4  0.21 0.16
   86 P   -1 -1 -2 -3 -2 -2  1 -1 -2 -2  0 -2 -2 -1  5 -1 -2 -1  3 -1    6   3   2   1   1   1   9   5   1   2  12   2   1   2  31   4   2   1  10   4  0.54 0.30
   87 E   -1  2 -2 -1 -4  1  4 -2  0 -1 -2  0 -2 -3 -1  0 -1  5 -1  0    4  12   2   2   0   6  27   3   2   4   3   6   1   1   3   6   3   7   2   6  0.37 0.25
   88 Q    0  0  1  0 -4  2 -1  2 -1 -4 -3 -1 -1 -4 -2  4 -1  0 -2 -4    6   6   5   5   0   9   3  14   2   1   2   4   2   0   2  33   4   1   1   1  0.42 0.33
   89 G    1 -2 -2 -4 -2 -3 -4  3 -4  1  2 -3 -1 -1  3 -1 -3 -4 -3  1   11   2   2   1   1   1   0  21   0   8  20   1   1   2  14   4   1   0   1  11  0.38 0.28
   90 L   -4 -1  4 -4 -5 -2 -5 -4 -3  3  4 -4 -1 -4 -5 -2 -3 -5 -5  0    1   3  22   1   0   2   0   1   1  16  40   0   1   0   0   3   1   0   0   7  0.83 0.48
   91 L   -3 -2 -3 -6 -5 -3 -5 -2 -4  1  5 -5  2  0 -4 -4 -4 -3 -1  3    2   3   1   0   0   1   0   4   0   8  49   0   4   3   1   1   1   0   2  20  0.85 0.46
   92 A    2  2 -1 -1 -4  2  0  1 -2 -3 -3  2 -2 -4  0 -1  2 -2 -1 -2   18  13   2   4   0   9   5  10   1   1   2  11   1   1   5   3  12   1   2   2  0.26 0.24
   93 L   -4 -5 -6 -8 -6 -6 -7 -8 -7  3  6 -7  3  0 -7 -7 -4 -6 -4 -2    1   1   0   0   0   0   0   0   0  16  69   0   7   4   0   0   1   0   0   1  1.61 0.74
   94 R   -7  9 -6 -7  1 -5 -6 -8 -1 -8 -7 -2 -7 -8 -7 -6 -5 -8 -5 -8    0  92   0   0   3   0   0   0   2   0   0   1   0   0   0   0   1   0   0   0  3.00 1.22
   95 K   -3  3 -1 -4 -6  4 -1 -2 -1 -4 -4  5 -3  1 -5 -1 -1  0 -4 -3    2  16   2   0   0  19   3   3   2   1   2  35   1   6   0   3   4   1   0   1  0.82 0.51
   96 E    1  1 -1 -1 -5  0  4  1  2 -2 -2  1 -1 -4 -1 -1  0 -3 -3 -2   10   8   2   3   0   4  26  10   6   2   3   8   1   1   2   4   6   0   1   2  0.31 0.26
   97 L   -6 -7 -7 -8 -5 -6 -7 -7 -6 -3  6 -5  3  5 -7 -7 -6 -1  0 -3    0   0   0   0   0   0   0   0   0   0  62   1   6  25   0   0   0   1   3   1  1.69 0.78
   98 G   -4 -2  3  6 -5  1  1  3 -3 -7 -7 -2 -7 -7 -6 -2 -5 -7 -7 -6    1   2  11  44   0   6   7  23   0   0   0   3   0   0   0   3   0   0   0   0  1.25 0.65
   99 L   -1 -6 -5 -7 -2  2 -5 -6 -2 -1  6 -6 -1 -2 -7 -4 -1 -6 -4  0    5   0   1   0   1   9   0   0   1   2  67   0   1   1   0   1   5   0   1   5  1.23 0.66
  100 Y   -5 -6 -6 -6 -4 -6 -6 -6  0 -6 -6 -7 -6  6 -8 -4 -4  0  9 -5    1   0   0   0   0   0   0   1   2   0   0   0   0  33   0   1   1   1  56   1  2.54 1.06
  101 A    6 -6 -5 -7  1 -5 -6 -2 -7  0 -4 -6 -5 -6 -6 -2 -2 -7 -6  2   67   0   0   0   3   0   0   3   0   5   2   0   0   0   0   3   2   0   0  14  1.44 0.76
  102 N   -4 -6  9 -3  2 -4 -6 -2 -4 -6 -9 -3 -8 -7 -8 -1 -6 -9 -5 -7    1   0  81   1   4   1   0   4   0   1   0   1   0   0   0   5   0   0   0   0  2.57 1.12
  103 V   -5 -7 -5 -7 -5 -5 -6 -8 -4  4  4 -5  0 -2 -5 -6 -4 -4 -3  5    0   0   1   0   0   0   0   0   0  20  34   0   2   2   0   0   0   0   1  39  1.30 0.63
  104 R   -6  9 -4 -7 -4 -4 -6 -8 -6 -5 -5 -2 -4 -7 -8 -5 -5 -8 -7 -1    0  89   1   0   0   1   0   0   0   1   1   1   0   0   0   1   1   0   0   4  2.76 1.17
  105 P   -7 -4 -6 -7 -5 -6 -5 -8  1 -7 -4 -6 -8 -7  9 -5 -6 -4 -8 -6    0   1   0   0   0   0   1   0   4   0   2   0   0   0  88   1   0   0   0   0  3.03 1.29
  106 L    2 -6 -6 -6  7 -6 -6 -5 -5  3 -2 -5 -3  0 -6 -1  0 -3 -3  4   19   0   0   0  19   0   0   0   0  17   2   0   0   4   0   4   5   0   1  28  1.01 0.54
  107 K   -3  5 -2 -4 -4  0 -2 -5 -2 -2 -3  5 -2 -1 -4 -2  0 -4 -1  0    1  29   2   0   0   3   2   0   1   3   2  34   1   3   1   3   6   0   2   7  0.86 0.50
  108 I    0 -3  0 -3  1 -3 -3 -3 -2  1  2 -4 -2  1 -1  3  1 -2  0  1    6   1   4   1   3   0   1   1   1   7  22   0   0   6   3  23   9   1   3   9  0.28 0.26
  109 Y   -3 -1 -4 -4 -3 -3 -4 -5  1  2  2 -4  1  4 -2 -1 -3  3  5 -1    2   3   1   1   1   1   1   0   4  11  21   1   3  14   2   5   1   3  21   3  0.62 0.37
  110 P    0 -1 -1  1 -5 -2  1 -4  0 -4 -5  0 -5 -4  6  0 -2 -6 -5 -4    7   4   3   7   0   2  11   1   2   1   1   5   0   1  44   7   2   0   0   1  1.03 0.54
  111 A    1 -3  0 -2 -3  0 -1  5 -1 -4 -4 -3 -3 -3 -2  1 -3 -5 -3 -2   11   1   5   2   0   4   4  49   1   1   1   1   1   1   3  10   1   0   1   3  0.81 0.43
  112 L   -1 -2 -3 -3 -1 -2 -4 -3 -3  2  3 -2 -1  0 -3 -2  0 -3  1  3    4   2   1   1   1   1   1   2   1  10  33   2   1   3   1   2   5   0   5  24  0.47 0.27
  113 K    0  0 -1 -1 -2  0  1 -1 -1 -1  0  2 -1 -2  3  0  0 -1 -1  0    9   5   2   4   1   3   9   4   1   3   9  15   1   1  13   6   4   1   2   7  0.14 0.13
  114 K    0 -1  0  2  2 -1  0  0  2 -3 -2 -1 -3 -2  0  2  3 -2 -2 -2    9   3   3  10   4   3   6   8   5   1   3   2   0   1   4  17  18   1   1   2  0.24 0.20
  115 L    1  1 -1 -2 -1  0 -1 -2  1  0  1 -1 -1  0  3 -1 -1 -2  0  0   13   9   2   2   2   3   2   3   3   4  15   3   1   5  15   5   3   0   3   7  0.14 0.11
  116 S   -1 -1 -1 -2  2 -2 -2 -2  3 -2  1 -1 -2 -1 -3  4  0 -3 -1 -1    3   3   2   2   5   1   2   3   7   2  17   3   1   3   1  35   5   0   2   3  0.39 0.26
  117 P    0  0 -2 -1 -2 -1 -2 -2 -2 -2 -3  0 -3 -3  6  0  0 -2 -3 -2    8   6   2   3   1   2   2   3   1   3   3   6   1   1  40   8   5   1   1   4  0.75 0.32
  118 I   -1 -1 -1  0 -1 -2 -1  0 -1  0  3 -1  0  0 -1 -1 -1 -2 -1  0    3   3   4   6   1   2   3   9   1   5  37   3   1   4   3   3   3   1   2   6  0.20 0.13
  119 R    0  3  0 -2 -1 -1 -1 -1  0 -2 -2  4 -1 -2 -1 -1 -1  0 -2 -1    8  18   4   2   2   2   3   5   2   3   4  30   1   2   3   3   3   1   1   4  0.38 0.20
  120 N    0  2  0  0 -2  0  0  0  0 -3 -2  1 -2 -3  3  0  0 -3 -1 -2    6  12   5   6   1   4   6   7   3   1   3   9   1   1  17   8   6   0   2   3  0.24 0.15
  121 V    1 -1 -1 -1  1 -1  0 -1  0  0 -1 -1 -2  0  2  0 -1 -2  3  1   11   3   2   3   3   2   7   4   2   7   3   3   1   3  12   5   3   0  11  13  0.14 0.13
  122 E    0  2  0  2 -4  1  3  1 -1 -4 -4  3 -3 -4 -1  0 -1 -4 -3 -3    8  11   5  11   0   5  17   9   1   1   1  17   0   1   3   5   3   0   0   2  0.34 0.24
  123 N   -2 -1  3  4 -5 -2  0  4 -1 -6 -5  0 -4 -6 -1 -2 -3 -6 -5 -6    2   3  13  26   0   2   4  35   1   0   1   5   0   0   3   3   1   0   0   0  0.89 0.48
  124 V   -1 -5 -6 -6 -1 -5 -6 -6 -6  5  1 -5  2  1 -5 -4  1 -5 -3  4    4   0   0   0   1   0   0   0   0  31  12   0   4   5   0   1  10   0   1  31  0.93 0.48
  125 D   -6 -4  3  8 -8 -5 -2 -5 -3 -7 -7 -4 -7 -8 -6 -5 -6 -8 -7 -7    0   1  11  81   0   0   2   0   1   0   0   1   0   0   0   0   0   0   0   0  2.48 1.02
  126 F   -5 -6 -6 -6  0 -6 -6 -6 -4  4  3 -6  4  5 -6 -5 -2  3  0  1    0   0   0   0   2   0   0   0   0  23  25   0   9  23   0   0   2   4   3   8  0.99 0.49
  127 L   -2 -5 -5 -6  0 -5 -4 -6 -3  3  2 -6  3 -3 -6 -4  0 -2 -1  5    3   0   1   0   2   0   1   0   1  15  15   0   7   1   0   1   6   0   2  47  1.03 0.53
  128 M   -5 -7 -7 -7 -2 -6 -7 -7 -7  6  0 -6  1  1 -7 -6  1 -6 -4  5    0   0   0   0   1   0   0   0   0  43   7   0   3   5   0   0   7   0   0  33  1.40 0.65
  129 I   -4 -7 -7 -7 -5 -7 -7 -7 -7  5  0 -7 -1  2 -7 -6 -5 -6 -1  6    1   0   0   0   0   0   0   0   0  28   7   0   1   8   0   0   0   0   2  53  1.57 0.71
  130 R   -6  9 -6 -7 -9 -1 -6 -8 -2 -8 -8 -3 -7 -8 -8 -6 -7 -8 -7 -8    0  95   0   0   0   2   0   0   1   0   0   0   0   0   0   0   0   0   0   0  3.17 1.28
  131 E   -7 -6 -6  0 -9 -2  8 -8 -6 -9 -9 -5 -8 -9 -7 -6 -5 -9 -8 -8    0   0   0   4   0   1  93   0   0   0   0   0   0   0   0   0   1   0   0   0  2.82 1.24
  132 L   -4 -3  8 -4 -7 -1 -6 -3 -5 -3  2 -5 -1 -7 -7 -3 -4 -8 -7 -2    2   1  62   0   0   3   0   2   0   1  22   0   2   0   0   2   1   0   0   2  1.71 0.85
  133 T   -2 -4 -2 -6  0 -4 -3 -6 -5  0 -2 -5 -3 -7 -6  2  7 -7 -6 -1    3   1   1   0   2   0   1   0   0   5   3   0   1   0   0  13  64   0   0   5  1.52 0.83
  134 G   -4 -4 -4 -4 -8 -2  7  3 -6 -8 -8 -5 -7 -8 -5 -2 -6 -8 -6 -8    1   1   1   0   0   1  68  23   0   0   0   0   0   0   1   4   0   0   0   0  1.93 0.96
  135 G   -5 -7 -5  4  0 -6 -4  7 -4 -9 -9 -6 -8 -8 -7 -4 -7 -8 -8 -8    0   0   0  19   2   0   1  76   0   0   0   0   0   0   0   1   0   0   0   0  2.21 0.98
  136 I   -1 -5 -5 -4 -4 -3  3 -6 -5  3  3 -4  2  0 -3 -3 -2 -2 -2  1    5   0   0   0   0   0  23   0   0  15  33   0   5   4   1   1   2   0   1   8  0.67 0.44
  137 Y   -8 -8 -8 -9 -3 -3 -8 -9 -3 -7 -5 -8 -3  1 -9 -8 -7 -4 10 -7    0   0   0   0   1   1   0   0   0   0   1   0   1   5   0   0   0   0  90   0  3.53 1.41
  138 F    2 -3 -4 -5  0 -3 -5 -3 -3 -1 -3 -2 -2  5 -3  4  0 -4  1  0   17   1   0   0   2   1   0   2   0   3   1   2   1  23   1  28   6   0   5   8  0.67 0.47
  139 G   -2 -2 -3 -5 -5 -2 -4  7 -5 -4 -5 -2 -1 -6 -4 -1 -5 -3 -5 -6    3   3   1   0   0   2   1  75   0   1   1   3   2   0   1   4   1   0   0   0  1.73 0.81
  140 Q    0  1 -2 -1 -4  2  5 -3  0  0 -3  1 -1 -3 -2 -3 -2 -2 -3 -2    6   8   1   3   0   9  38   2   2   7   2   8   2   1   2   1   2   1   1   3  0.59 0.43
  141 H   -4  2 -1 -3 -6 -2  3  2  6 -5 -5  1 -3 -2  1 -2 -2  0 -1 -4    1  10   2   1   0   1  21  14  22   1   1   7   1   2   6   2   3   1   2   1  0.72 0.47
  142 E   -2  2 -2 -1 -2  1  2  3  1 -2 -4  1  1 -1 -2 -1 -1  2  0 -1    1  10   1   3   1   7  15  21   3   2   1   9   4   3   1   4   4   3   3   5  0.26 0.24
  143 L   -2  2 -1 -2 -3  0  1  0 -2  2  0 -1 -1 -1  0  0  1 -2 -1  1    1  12   3   1   0   4  10   8   1  12   9   2   1   2   5   7  11   1   2  10  0.10 0.15
  144 A    0 -1  0  0 -3 -2  1  2 -2 -1 -2 -1 -2 -2  2  1  1 -4 -1  2    7   3   4   6   0   1   9  15   1   3   2   2   1   1  10   9   9   0   2  16  0.16 0.18
  145 D   -2  0  1  4 -5 -1  2  1  3 -4 -5 -1 -5 -5  2 -1 -1 -4 -3 -3    3   5   6  26   0   2  14  10   7   1   1   4   0   0  12   5   3   0   1   1  0.53 0.36
  146 D   -4  0  0  4 -5 -1  4  3 -3 -6 -6 -1 -6 -5 -3 -3 -3 -3 -5 -4    1   5   4  25   0   2  27  25   1   0   1   3   0   0   2   1   2   1   0   1  0.89 0.53
  147 K    0  0 -3 -4 -3 -2  0 -1 -3  1 -1 -1  0 -2 -4 -1  1 -3 -1  4    8   6   1   0   0   1   7   4   0   7   3   3   2   2   0   5   9   0   3  37  0.40 0.33
  148 A    6 -4 -4 -5 -3 -4 -4  1 -4 -2 -5 -5 -2 -4 -4 -1 -2 -3 -3  3   56   1   0   0   0   0   1   9   0   1   0   0   1   0   0   4   2   0   1  20  1.10 0.64
  149 R   -2  0 -3 -3 -1  2  1 -4 -1  2 -1 -2  0  2 -4 -1  1  2  2  2    1   4   1   0   1  11  12   0   1  14   4   1   3   9   0   4  10   3   7  12  0.28 0.27
  150 D    1 -4  1  5  2  2  1 -2 -3 -5 -5 -3 -4 -6 -5  3 -1 -6 -5 -4   13   0   7  28   4   9   8   3   0   0   1   0   0   0   0  22   3   0   0   1  0.72 0.49
  151 V   -3 -2 -2 -3 -3 -2  1 -4 -2  3  2 -3  0 -3 -3 -1  4 -4 -4  2    1   2   1   1   0   1   8   1   1  18  18   1   2   1   1   4  26   0   0  13  0.50 0.38
  152 N   -1  3 -2 -2  1 -1  0 -2 -3 -3 -1  4  4 -4 -4  0 -1  1 -4 -4    6  18   2   2   3   2   7   3   0   1   6  27  10   1   0   8   3   2   0   0  0.50 0.38
  153 D   -2  1 -3 -3 -3 -2 -2 -4 -3  3  2 -1  0 -2  0 -2 -1 -5  0  3    3   8   1   1   0   2   3   1   0  20  17   3   2   1   4   2   3   0   3  25  0.41 0.30
  154 Y   -3 -5 -1 -7 -4 -1 -6 -7  0  5 -3 -6  1  3 -7 -4 -3 -4  6  1    2   0   3   0   0   3   0   0   2  34   1   0   3  10   0   1   1   0  30   9  1.25 0.64
  155 S   -3 -3 -2 -2 -6 -5 -4 -5 -2 -6 -6 -4 -5 -6 -5  4  7 -7 -3 -5    1   1   2   2   0   0   1   0   1   0   0   0   0   0   0  25  64   0   1   0  1.79 0.94
  156 A   -1  6 -3 -2 -6 -1  3 -4 -1 -3 -4  1 -4 -4 -3 -2 -1 -1 -1 -3    6  44   1   2   0   2  21   1   1   1   1   9   0   0   1   2   3   1   2   2  0.95 0.56
  157 D    1  1 -1  0 -4  1  2 -1  2 -3 -3  2 -2  0  1  1  0 -3  0 -2   12   8   3   6   0   4  12   4   5   1   1  15   0   5   6   9   4   0   3   3  0.19 0.19
  158 E    3 -3 -1 -3 -2  0  3  4 -5 -3 -5  0 -3 -6 -5 -3 -3 -6 -6 -5   27   1   3   0   1   3  22  33   0   1   1   5   0   0   0   1   1   0   0   0  0.85 0.53
  159 I   -1 -5 -4 -5  4 -5 -4 -5 -5  4 -2 -5 -1 -3 -5  4  2 -2 -5  3    4   0   0   0   8   0   1   0   0  20   2   0   1   1   0  30  10   1   0  22  0.80 0.52
  160 R   -2  3 -2  1 -6  1  5 -5 -2 -4 -2  1  0 -5 -5 -2 -1 -3 -4 -3    3  15   2   6   0   6  44   0   1   1   4   6   3   0   0   2   4   0   0   1  0.81 0.51
  161 R   -4  8 -4 -4 -6 -2 -4 -7 -4 -7 -6  0 -4 -6 -5 -5 -5 -8 -7 -7    1  87   1   1   0   1   1   0   0   0   0   5   0   0   0   0   0   0   0   0  2.59 1.10
  162 I   -3 -4 -7 -7 -1 -6 -7 -6 -4  7  0 -6 -3 -1 -4 -5 -2 -6 -5  4    1   1   0   0   1   0   0   0   0  55   9   0   0   3   1   1   2   0   0  25  1.45 0.67
  163 L    5 -5 -4 -5  2 -4 -5 -2 -3  2  0 -4  2 -1 -5 -1  0 -5 -4  2   44   0   1   0   4   0   0   3   1  10   9   0   5   3   0   3   4   0   0  11  0.67 0.45
  164 H   -3  6 -1  0 -7  0  2 -5  3 -5 -5  3 -5 -6 -5 -3 -2 -6 -4 -4    2  49   2   5   0   3  12   1   6   0   0  15   0   0   0   1   2   0   0   1  1.21 0.64
  165 F    0 -1 -4 -4 -2 -3 -3 -6 -1 -1  0 -2  2  6 -6 -3 -2  0  5  1    7   3   0   1   1   1   2   0   1   3   7   2   5  29   0   2   2   1  23   9  0.81 0.46
  166 A    7 -4 -6 -6 -1 -5 -5  0 -6 -6 -6 -5 -6 -7 -5 -1 -3 -7 -6 -4   85   1   0   0   1   0   0   7   0   0   0   0   0   0   0   3   1   0   0   1  1.98 0.94
  167 F   -1 -6 -7 -8  2 -7 -7 -2 -6 -2 -1 -6 -3  9 -7 -5 -5 -4  1 -4    6   0   0   0   3   0   0   4   0   2   5   0   0  73   0   1   0   0   3   1  2.17 0.91
  168 K   -2  1  0  3 -5  1  5 -4 -1 -5 -4  1 -4 -2 -5 -1 -2 -5 -4 -5    4   8   4  14   0   6  41   1   1   0   1   9   0   2   0   5   2   0   0   0  0.81 0.50
  169 S   -1 -2 -5 -6 -4 -3 -3 -6  1  1  3 -4  1  2 -6 -4  0  2  6 -1    6   2   0   0   0   1   1   0   3   8  29   1   3   6   0   1   5   2  27   4  0.74 0.44
  170 A    7 -6 -6 -6 -1 -6 -6 -4 -6 -6 -5 -5 -4 -5 -6 -2 -3 -7 -6 -4   92   0   0   0   1   0   0   0   0   0   1   0   0   0   0   2   1   0   0   1  2.24 1.04
  171 Q    0  5 -3 -3 -5  3  0 -3 -2 -1  0  2  2 -5 -5 -2  0 -5 -3 -1    7  31   1   0   0  13   5   2   1   3   9  11   5   0   0   2   5   0   1   4  0.54 0.39
  172 S    1  3  1  0 -5  2  1 -1 -1 -4 -3  4 -3 -4 -4  1  0 -5 -4 -3   11  14   7   4   0   8   8   4   2   1   2  23   0   0   0   9   6   0   0   1  0.40 0.31
  173 R   -3  7  4 -3 -5 -1 -1 -4  3 -5 -3  0  0 -5 -5 -2 -3 -3 -2 -5    2  51  17   1   0   3   3   1   7   1   2   3   2   0   0   2   1   0   2   1  1.21 0.65
  174 P   -2  0  3  0 -4  1 -1  4  0 -4 -4  1 -3 -4  2  0 -2 -4 -3 -3    2   5  12   5   0   6   3  33   2   1   2   9   0   1  10   5   2   0   1   1  0.50 0.29
  175 R   -2  7 -1 -4 -6 -1 -3 -1  0 -4 -3  2 -3 -4  1 -4 -4 -3 -1 -4    3  54   2   1   0   2   1   6   2   1   2  13   1   1   6   1   1   0   2   1  1.17 0.60
  176 K   -2  3  0 -2 -3 -1 -1  0 -1 -5 -4  6 -3 -6  0  0 -2 -3 -5 -5    3  15   5   2   0   2   3   6   2   0   1  46   1   0   4   7   1   0   0   0  0.87 0.52
  177 L   -3  4 -1 -3 -4 -1 -2 -3  4 -3  0  5  0 -4 -2 -1 -1 -5 -3 -3    1  20   2   1   0   2   1   1   9   1   9  36   2   1   2   4   4   0   0   1  0.73 0.45
  178 L   -4 -6 -7 -7 -3 -5 -7 -7 -7  2  3 -6 -1 -4 -6 -6 -3 -6 -5  6    1   0   0   0   0   0   0   0   0  11  23   0   1   0   0   0   1   0   0  62  1.56 0.73
  179 T   -2 -4 -4 -5  3 -4 -5 -5  1 -3 -3 -5 -4 -5 -5 -1  7  2 -4 -1    2   1   0   1   6   0   0   0   3   2   2   0   0   0   0   3  70   3   1   4  1.64 0.83
  180 S    2 -5 -3 -4  5 -4 -4 -3 -4  1  1 -4  0 -1 -5  3 -2 -2 -3  2   16   0   1   0  12   0   0   2   0   9  14   0   2   2   0  26   0   1   1  15  0.56 0.41
  181 V    2 -6 -6 -7  0 -6 -6 -3 -6  2 -1 -6  0 -2 -6 -3 -2 -6 -5  6   14   0   0   0   2   0   0   2   0  10   5   0   2   2   0   2   2   0   0  59  1.21 0.63
  182 D   -4 -4 -3  5 -7 -4 -1 -5  9 -7 -6 -3 -6 -6 -6 -3  2 -7 -4 -5    2   1   1  36   0   0   3   1  41   0   1   1   0   0   0   1  13   0   0   1  1.86 0.86
  183 K   -6 -3 -3 -4 -3 -2 -2 -7 -6 -8 -6  8 -5 -8 -5 -5 -5 -8 -7 -6    0   0   1   1   1   1   2   0   0   0   0  92   0   0   1   0   1   0   0   1  2.57 1.12
  184 Q    5 -3 -2 -3 -5 -3 -3 -2 -3 -4 -5 -3 -3 -6  0  3 -2 -3 -3 -4   56   2   1   2   0   1   1   3   0   0   1   1   1   0   5  22   2   0   1   1  1.05 0.63
  185 N   -5 -3  9 -3 -7 -5 -5 -3 -2 -6 -8 -4 -4 -8 -5 -2 -2 -8 -7 -7    1   1  87   1   0   0   0   2   1   0   0   1   1   0   1   3   2   0   0   0  2.66 1.12
  186 V    1 -6 -4 -6 -5 -5 -6 -3 -6  5 -2 -6 -1 -4 -6 -3 -4 -4 -3  6   10   0   1   0   0   0   0   2   0  27   2   0   1   0   0   2   0   0   1  53  1.31 0.65
  187 L   -4 -5 -6 -7 -2  0 -6 -7 -3  0  5 -5  7  1 -2 -4 -3 -5 -3 -2    0   0   0   0   1   4   0   0   1   4  50   0  27   4   3   1   1   0   1   1  1.30 0.66
  188 A    1  4 -1 -2 -5  0  2 -2  1 -3 -5  4 -2 -4  0 -1 -1 -5 -1 -3   13  22   2   2   0   3  12   2   3   1   0  24   1   0   4   4   4   0   2   1  0.52 0.37
  189 T    0 -4  0 -3 -2 -3 -3 -2  0 -3 -2 -3  2 -2 -4  4  5 -5 -1 -1    8   0   3   1   1   1   1   2   3   1   4   1   5   2   0  28  32   0   3   5  0.65 0.48
  190 S   -2 -5 -3  5  2 -2 -1  1  1 -5 -4 -4  2 -2 -5  3 -2 -2 -1 -5    2   0   0  33   5   1   4  11   4   0   1   0   6   2   0  25   2   1   2   0  0.78 0.51
  191 K   -1  3 -3 -1 -5  0 -2  5 -4 -3 -4  0  1 -4 -1 -2 -2 -5 -4 -1    4  14   1   3   0   4   3  47   0   1   1   5   4   1   3   2   2   0   0   4  0.76 0.46
  192 L   -3 -3 -5 -6 -5 -3 -5 -5 -2  0  6 -5  3  2 -6 -4 -4 -1  0 -2    1   1   0   0   0   1   0   1   1   4  66   0   7   9   0   2   0   1   3   2  1.23 0.62
  193 W   -6 -7 -8 -8 -7 -6 -6 -7 -6 -5 -3 -7 -1  7 -8 -6 -7 11 -1 -5    0   0   0   0   0   0   1   0   0   1   2   0   1  47   0   0   0  44   1   1  3.04 1.15
  194 R   -3  6 -3  1 -3  0 -2 -5  0 -1  2  0 -2 -2 -4 -3 -2 -2 -3 -2    2  41   0   8   1   4   2   0   2   3  22   5   1   1   0   1   2   1   1   2  0.75 0.47
  195 K   -3  3  0  2 -6  1  4 -4 -2 -6 -5  3 -5 -6 -3 -1 -2 -6 -5 -5    2  18   5  12   0   5  32   1   1   0   1  16   0   0   1   5   2   0   0   0  0.83 0.50
  196 M    0  0 -3 -5  4 -3 -1 -5 -5  3 -2 -3  0 -4 -5 -1  2 -1 -4  4    8   5   1   0   8   1   4   0   0  16   1   1   2   0   0   4  14   1   0  34  0.63 0.42
  197 A    2 -5 -5 -6  6 -5 -5 -3 -5  0 -2 -3  0  5 -5 -3 -1 -1 -1  4   16   0   0   0  16   0   0   2   0   3   3   1   2  24   0   1   3   1   1  25  0.90 0.50
  198 D   -1  4  0  1 -4  1  2 -3  1 -3 -2  1 -3 -2 -4  0  1 -2  0 -3    5  23   4   8   0   6  13   1   3   2   3   8   0   2   0   6  10   1   4   1  0.34 0.28
  199 E    0  1 -2  2 -6  0  6 -4 -2 -5 -5  2 -4 -5 -4 -1 -3 -5 -5 -5    8   6   1   8   0   3  53   1   1   0   1  10   0   0   0   4   1   0   0   1  1.07 0.61
  200 I   -2 -3 -6 -6 -4 -4 -2 -6 -4  3  1 -4  3 -3 -6 -5  0 -6 -3  6    3   1   0   0   0   0   3   0   0  18  11   1   6   1   0   0   4   0   1  50  1.03 0.55
  201 A    6 -2 -4 -5 -3 -2 -3  0  1 -4 -4 -2 -2 -2 -3  2 -2 -4 -3 -2   59   2   0   0   1   1   1   7   3   0   2   2   1   2   1  12   1   0   1   2  0.98 0.60
  202 D    2  1 -1 -2 -3  1  2 -2 -3 -4 -3  4 -2 -5 -1 -1 -1 -5 -5 -3   19   6   2   2   0   6  14   3   0   0   2  30   1   0   3   4   4   0   0   2  0.51 0.38
  203 E   -2  1  1  3 -6  1  5 -2 -1 -6 -3  2 -4 -5 -5 -2 -3 -6 -5 -5    3   8   5  18   0   5  38   3   1   0   3  11   0   0   0   3   1   0   0   0  0.81 0.50
  204 Y   -5 -5 -4 -7 -1 -5 -6 -5  3 -5 -4 -5 -5  6 -6 -5 -6 -1  9 -5    1   1   1   0   1   0   0   1   6   0   1   0   0  26   0   1   0   1  59   0  2.34 0.97
  205 P   -1 -2 -3 -2 -7 -3 -1 -4 -4 -6 -6 -1 -6 -6  8 -1 -3 -4 -7 -6    5   2   1   2   0   1   4   2   0   0   1   4   0   0  71   5   1   0   0   0  2.01 0.92
  206 D   -3 -1  0  6 -6  1  3  1  1 -6 -5  0 -3 -4 -5 -1 -2 -6 -5 -5    2   2   4  40   0   6  16  13   3   0   1   5   1   1   0   4   2   0   0   0  0.90 0.51
  207 V   -4 -6 -7 -6 -3 -6 -6 -7 -7  6  1 -5 -2 -3 -6 -6 -4 -6 -4  5    0   0   0   0   0   0   0   0   0  40  10   0   1   1   0   0   0   0   1  44  1.53 0.70
  208 R    0  1 -1  0 -5  2  4 -3  0 -4 -3  2 -3 -5 -1 -1  1 -5 -4 -2    9   6   2   5   0   7  31   2   2   1   2  15   0   0   3   3   9   0   0   3  0.47 0.36
  209 L    0 -2 -3 -5  0 -3 -4 -4 -1  0  2 -3 -1  3 -2 -2  1  2  3  2    7   2   1   0   2   1   0   1   1   4  23   1   1  14   2   3  10   2  11  14  0.37 0.28
  210 E   -2  0  2  5 -4 -1  4 -3 -2 -5 -6 -1 -5 -6 -4  1 -1 -1 -5 -4    3   4   9  29   0   2  29   2   1   0   0   4   0   0   0   8   4   1   0   1  0.82 0.49
  211 H   -3 -2 -1  3 -3 -1  3 -4  7 -2 -4  0 -4 -1 -4 -1 -1 -3  3 -3    2   2   2  14   1   2  20   1  25   3   1   5   0   3   1   3   4   0   8   2  0.75 0.46
  212 Q    0  0 -3 -3 -1  3 -1 -4  0  1  1 -2  7  0 -5 -3 -2 -2  0  1    6   6   1   1   1  12   5   1   3   6  11   2  28   3   0   1   1   1   4   9  0.56 0.40
  213 L   -3 -3  1 -4 -5 -5 -4 -6  4  3  3 -4  0  1 -4 -5 -2 -2  6 -2    1   1   6   1   0   0   1   0  10  18  28   0   1   4   1   0   2   0  25   1  0.89 0.51
  214 V    0 -7 -7 -7 -3 -6 -7 -6 -7  5  0 -6  0 -4 -4 -5 -3 -7 -5  6    9   0   0   0   0   0   0   0   0  25   7   0   1   0   1   0   1   0   0  54  1.40 0.69
  215 D   -6 -7 -3  9 -9 -4 -3 -4 -6 -4 -9 -5 -8 -9 -7 -5 -3 -10 -8 -8    0   0   0  93   0   1   1   1   0   1   0   1   0   0   0   0   1   0   0   0  2.90 1.19
  216 S    4 -3  5 -1 -5 -2 -4 -4 -2 -1 -5 -3 -5 -6 -5  2  1 -6 -3 -3   37   1  26   3   0   2   0   0   1   4   0   1   0   0   0  14   9   0   1   1  0.85 0.56
  217 C    4 -5 -3 -3  5 -3 -5 -2 -5 -2  1 -5  5  1 -5 -3  0 -1 -3  1   32   0   1   1  11   1   0   4   0   1  14   0  14   5   0   0   5   1   0   9  0.69 0.46
  218 A    5 -6 -4 -6  7 -4 -5 -3 -6 -3 -3 -5 -1 -4 -4  1  1 -6 -6  0   48   0   0   0  20   0   0   1   0   1   2   0   2   1   1   8   9   0   0   5  1.19 0.65
  219 M    1 -3 -5 -5 -1  1 -4 -3 -1 -1  2 -5  8 -2 -6 -4 -2 -5  3 -2   10   1   0   1   1   5   1   2   1   2  15   0  45   1   0   1   2   0   8   2  1.27 0.68
  220 L   -2  2  1 -1 -5  5  0 -3  2 -2 -1  1  0 -2 -5 -1 -3  5  0 -4    3  12   6   4   0  27   6   2   6   2   6   8   3   1   0   3   1   7   3   1  0.54 0.40
  221 L   -4 -6 -7 -7 -1 -4 -7 -7 -6  2  5 -6  6  1 -7 -6 -5 -5 -3 -1    1   0   0   0   1   1   0   0   0   9  57   0  20   6   0   0   0   0   1   3  1.43 0.69
  222 I   -1 -6 -3 -5  0 -6 -6 -6 -7  4  0 -6  0 -1 -5 -4 -2 -6 -4  6    4   0   2   1   2   0   0   0   0  18   6   0   2   3   0   1   2   0   0  59  1.30 0.65
  223 T   -2  4 -2 -2 -3  3 -2 -4 -3 -3  1  2  2 -5 -4  0  1 -4 -4 -3    3  26   1   2   0  14   1   1   0   1  13  14   6   0   0   9   7   0   0   2  0.52 0.39
  224 N   -1  3  5  3 -3  0 -1 -2  1 -3 -5  1 -4 -3 -5  0 -2 -2 -2 -5    5  18  27  16   1   4   3   2   4   2   0   9   0   1   0   5   2   1   1   0  0.66 0.43
  225 P   -4 -7 -7 -5 -8 -7 -6 -4 -7 -8 -8 -6 -8 -6  9 -5 -5 -9 -8 -6    2   0   0   1   0   0   0   1   0   0   0   0   0   0  94   1   1   0   0   0  3.24 1.31
  226 Q    0  1 -1  0 -4  3  3  0  0 -4 -3  1 -3 -3 -3  1  0  1 -1 -3    8   9   2   5   0  12  23   7   3   0   2  10   0   1   0  10   5   2   2   1  0.36 0.30
  227 Q    0  3  0  1 -3  5  1 -4  0 -3 -3  1 -2 -3 -1  0 -1  1  0 -3    7  15   4   8   0  25   7   0   2   1   2   8   1   1   2   8   4   2   3   1  0.42 0.34
  228 F   -6 -4 -7 -7 -4 -5 -7 -7 -3 -1  0 -7 -3  8 -7 -5 -6 -1  5 -4    0   1   0   0   0   0   0   0   1   3  10   0   1  65   0   1   0   1  17   0  2.13 0.88
  229 D   -5 -3  2  8 -7 -2 -1 -1 -2 -7 -8 -4 -7 -5 -5 -2 -5 -8 -7 -7    0   1   7  76   0   2   3   5   1   0   0   0   0   1   0   2   0   0   0   0  2.09 0.92
  230 V   -4 -7 -7 -7 -2 -6 -7 -4 -7  1 -2 -6 -1 -5 -7 -6  0 -7 -6  7    1   0   0   0   1   0   0   1   0   6   2   0   1   0   0   0   6   0   0  82  2.00 0.89
  231 I   -3 -6 -6 -6 -2 -6 -6 -7 -6  6  2 -6  4 -3 -6 -5 -4 -6 -5  4    1   0   0   0   1   0   0   0   0  46  18   0  10   0   0   0   0   0   0  22  1.35 0.61
  232 V   -1 -6 -6 -7 -3 -6 -6 -7 -1  0  2 -6 -2 -2 -5 -5 -4 -6 -4  7    4   0   0   0   0   0   0   0   1   4  19   0   0   1   0   0   0   0   0  66  1.47 0.69
  233 T    3 -5 -5 -6  2 -5 -5 -2 -6 -4 -1 -5  5 -5 -5 -2  6 -6 -6 -3   20   0   0   0   4   0   0   3   0   0   7   0  14   0   0   2  49   0   0   1  1.25 0.71
  234 E   -3 -5 -1  1 -2 -2  3  0 -5 -5 -3 -4 -2 -6  5  2  2 -6 -6 -4    1   0   2   8   1   1  17   8   0   0   2   0   1   0  28  15  15   0   0   0  0.78 0.50
  235 N   -6 -3  9 -2 -8 -5 -5 -5 -3 -6 -9 -3 -7 -8 -7 -2 -5 -3 -7 -8    0   1  92   1   0   0   0   0   0   0   0   1   0   0   0   2   0   0   0   0  2.98 1.20
  236 L   -4 -4 -7 -5 -4  0 -5 -7 -6 -1  5 -6  7 -2 -7 -5 -1 -6 -4 -2    1   1   0   1   0   4   1   0   0   3  59   0  24   1   0   1   3   0   0   2  1.45 0.71
  237 F   -5 -7 -2 -6 -5 -4 -7 -8  3 -4 -3 -7 -1  8 -8 -6 -6  0  7 -4    1   0   2   0   0   1   0   0   6   0   2   0   2  52   0   0   0   1  32   1  2.13 0.88
  238 G   -1 -7 -5 -5 -5 -7 -7  8 -7 -8 -7 -6 -1 -8 -7 -4 -5 -7 -8 -8    4   0   0   0   0   0   0  92   0   0   0   0   1   0   0   1   0   0   0   0  2.54 1.02
  239 D   -5 -7  1  8 -8 -5 -3 -3 -6 -8 -9 -6 -3 -5 -7 -3 -5 -5 -8 -7    1   0   5  88   0   0   1   2   0   0   0   0   1   1   0   2   0   0   0   0  2.63 1.07
  240 I   -6 -7 -8 -8 -6 -7 -8 -8 -8  8  0 -4  0 -3 -7 -7 -5 -7 -2  0    0   0   0   0   0   0   0   0   0  84   6   1   2   0   0   0   0   0   1   5  2.29 0.91
  241 L   -4 -6 -7 -7 -4 -6 -6 -6 -7  4  6 -6  0 -1 -7 -6 -5 -6 -5  1    1   0   0   0   0   0   0   0   0  19  66   0   2   2   0   0   0   0   0   9  1.46 0.66
  242 S   -1 -5 -2 -2 -4 -4 -5 -3 -5 -6 -7 -5 -6 -7 -5  7  2 -7 -6 -5    4   0   2   2   0   0   0   2   0   0   0   0   0   0   0  78  11   0   0   1  1.80 0.89
  243 D   -5 -6  2  8 -8 -5 -1 -3 -6 -8 -8 -5 -7 -8 -5 -4 -4 -9 -7 -7    0   0   9  83   0   0   3   2   0   0   0   0   0   0   0   1   1   0   0   0  2.42 0.98
  244 E   -1 -4 -4 -4  0  0  3 -3 -4  1  4 -4  1 -3 -5 -3 -2 -5 -4  1    5   0   0   0   2   4  20   2   0   7  45   0   3   0   0   1   3   0   0   7  0.63 0.42
  245 A    5 -5 -4 -5  5 -5 -5  3 -5 -3 -3 -4 -2 -4 -5 -1 -1 -6 -5 -1   51   0   0   0  13   0   0  19   0   1   3   0   1   0   0   4   4   0   0   3  1.06 0.57
  246 S    6 -4 -4 -5 -1 -5 -5  1 -3 -4 -6 -4 -4 -6 -2  3 -2 -6 -6 -4   60   1   0   0   1   0   0  12   1   1   0   0   0   0   2  20   2   0   0   1  1.23 0.67
  247 S    3 -5 -4 -4 -5  0 -1  5 -3 -2 -3 -3  2 -4 -4 -1 -2 -4 -4  0   28   0   0   0   0   5   4  38   0   2   1   1   7   1   0   4   1   0   0   8  0.75 0.46
  248 L   -4 -6 -7 -7 -1 -4 -6 -7 -5  3  5 -6  1 -1 -6 -4 -1 -2 -4  1    1   0   0   0   1   1   0   0   0  17  63   0   2   2   0   1   3   1   0   8  1.21 0.58
  249 A    2 -4 -4 -5  1  0 -4 -3 -5  3 -2 -4  2 -3  0  0  2 -5 -4  4   16   0   0   0   3   5   0   2   0  14   2   0   4   1   5   7  13   0   0  29  0.50 0.37
  250 G   -4 -6 -5 -5 -7 -6 -5  8 -7 -8 -8 -5 -7 -8 -7 -4 -6 -7 -8 -8    0   0   0   0   0   0   1  97   0   0   0   0   0   0   0   0   0   0   0   0  2.71 1.02
  251 S   -2 -5 -3 -5 -4 -5 -5  6 -3 -6 -7 -5 -6 -6 -5  5 -1 -6 -6 -5    2   0   1   0   0   0   0  51   1   0   0   0   0   0   0  39   4   0   0   1  1.51 0.73
  252 L   -2 -4 -5 -5 -4 -3 -5 -4 -4  3  5 -4  3 -3  0 -4 -3 -5 -4  0    4   1   0   0   0   1   0   1   0  19  52   1   7   0   5   0   1   0   0   6  0.90 0.47
  253 G   -3 -7 -4 -5 -4 -5 -4  7 -6 -8 -6 -6 -7 -7 -4 -4 -6 -7 -5 -7    1   0   1   0   0   0   2  92   0   0   1   0   0   0   1   1   0   0   1   0  2.43 0.94
  254 V   -4 -5 -5 -6 -4 -4 -6 -4 -5  2  4 -5  6  1 -6 -5 -3 -5 -2  3    1   0   0   0   0   0   0   1   0  11  44   0  19   4   0   0   1   0   1  17  1.06 0.52
  255 M    4 -4 -4 -5  1 -3 -4 -1 -3 -1  2 -4  0 -3 -4 -1  1 -5 -4  2   37   0   0   0   3   0   0   4   1   2  23   0   2   1   0   3  10   0   0  12  0.57 0.40
  256 P    2 -6 -6 -6 -3 -6 -5  0 -5 -7 -7 -5 -6 -4  8 -2 -4 -3 -2 -6   16   0   0   0   1   0   0   7   0   0   0   0   0   1  70   3   1   0   2   0  2.10 0.89
  257 S   -2 -4 -3 -2 -2 -4 -4  3 -4 -7 -7 -4 -6 -7 -5  6 -1 -7 -4 -6    2   1   0   2   1   0   0  21   0   0   0   0   0   0   0  69   3   0   1   0  1.55 0.79
  258 S    5 -4 -4 -5  1 -3 -4  3 -5 -2 -2 -4 -2 -5 -5  0 -3 -6 -5 -2   55   1   0   0   3   1   1  23   0   3   4   0   1   0   0   5   1   0   0   3  1.02 0.56
  259 S   -4 -4  7 -1  3 -2 -2 -4 -4 -6 -5 -3 -5 -7 -6  3 -2 -7 -6 -4    1   0  56   3   5   1   2   0   0   0   1   1   0   0   0  25   2   0   0   1  1.54 0.75
  260 H   -2 -4 -4 -6 -3 -5 -5 -6 -3  5  3 -4  2  1 -5 -4 -2 -2  2  2    2   1   1   0   0   0   0   0   1  36  28   1   4   4   0   1   2   1   7  11  0.83 0.43
  261 G   -2 -2  3  0 -1 -5 -5  6 -1 -7 -7 -5 -4 -7 -5  0 -4 -6 -6 -6    3   2  14   5   1   0   0  65   2   0   0   0   0   0   0   6   0   0   0   0  1.47 0.66
  262 F    1  0 -1  1  0  0  1  0 -1 -2 -1 -1 -2 -2  4  0  0 -3 -1 -2   12   6   3   7   2   3  11   6   1   1   5   3   1   1  21   7   6   0   2   3  0.26 0.14
  263 N   -3 -1  2  5 -4 -1  2  0 -1 -5 -5  1 -4 -5 -1  0 -1 -4 -3 -4    2   3  10  35   0   1  16   8   2   0   0   8   0   0   2   8   3   0   1   1  0.69 0.40
  264 G    0  1  1 -2  0 -1  0  4  1 -3 -3  2 -3 -3 -2  0  0 -3 -2 -2    6   9   7   1   2   1   6  32   4   1   2  11   1   1   2   7   5   0   1   3  0.37 0.22
  265 L   -1  0 -2 -3  0 -1 -3 -3  3  1 -1  0  0  2  3 -2  0 -1  2  2    4   4   1   1   2   2   1   1   7   7   6   6   2  10  15   1   5   1   9  15  0.26 0.20
  266 A    5 -4 -3 -4  1 -4 -4  3 -2 -4 -4 -4 -3 -5 -2  3 -2 -3 -4 -1   43   0   0   0   3   0   0  24   1   0   1   0   0   0   2  18   1   0   0   4  0.86 0.49
  267 L   -4 -6 -6 -7 -3 -5 -6 -7 -5  4  4 -6  6 -1 -6 -5 -4 -5  1  3    0   0   0   0   0   0   0   0   0  21  32   0  22   2   0   0   0   0   5  16  1.14 0.55
  268 Y   -1 -7 -7 -8 -3 -6 -6 -3 -5 -4 -4 -7 -5  8 -8 -5 -6 -3  6 -4    6   0   0   0   1   0   0   3   0   0   0   0   0  66   0   1   0   0  22   1  2.27 0.90
  269 E   -5 -4 -3 -3 -5  2  8 -4 -3 -8 -7 -3 -4 -8 -6 -4 -4 -7 -7 -7    1   1   1   0   0   9  85   1   0   0   0   0   0   0   0   1   1   0   0   0  2.26 0.99
  270 P    2 -6 -6 -6 -4 -4 -5 -3 -6 -5 -7 -5 -6 -8  8  0 -3 -8 -7 -6   19   0   0   0   0   1   0   2   0   0   0   0   0   0  70   6   1   0   0   0  2.20 0.92
  271 I    0 -4 -3 -5  2 -4 -5 -3 -4  4 -1 -5 -1 -4 -5 -1  1 -6 -4  5    8   1   1   0   5   1   0   2   0  20   4   0   1   0   0   5   8   0   0  44  0.83 0.46
  272 H   -4  1 -4 -6 -8 -3 -5 -2 11 -8 -7 -5 -4 -6 -7 -5 -5 -7 -3 -8    1   6   0   0   0   1   0   3  85   0   0   0   0   0   0   1   1   0   0   0  3.35 1.18
  273 G   -4 -5 -1 -4 -7 -4 -5  7  2 -8 -6 -6 -7 -7 -3 -3 -6 -7 -5 -7    1   0   3   1   0   1   0  86   4   0   1   0   0   0   1   1   0   0   0   0  2.17 0.86
  274 S    0 -5 -3 -4 -4 -4 -4 -4 -4 -6 -6 -3 -3 -4 -2  6  4 -7 -6 -2    6   0   0   0   0   0   0   1   0   0   0   1   1   1   2  65  20   0   0   3  1.44 0.77
  275 A    7 -5 -3 -4 -3 -4 -4  0 -4 -5 -5 -4 -5 -1 -5 -2 -3 -5 -2 -3   82   0   1   1   0   1   1   5   0   0   1   1   0   3   0   1   1   0   1   1  1.64 0.79
  276 P   -4 -5 -4 -3 -7 -2 -2 -4 -4 -6 -3 -3 -5  0  8 -3 -3 -2 -3 -5    1   1   1   1   0   2   3   1   0   0   3   1   0   5  75   2   1   1   1   1  2.14 0.88
  277 D   -3 -2 -2  7 -7 -1  0 -2 -2 -6 -7  1 -6 -7 -4 -1 -2 -8 -6 -7    2   2   1  66   0   3   5   2   1   0   0   9   0   0   1   4   2   0   0   0  1.57 0.71
  278 I   -2 -4 -5 -5 -5 -4 -5 -6  0  7  1 -4  0 -3 -6 -5 -5 -6  1 -1    3   1   1   1   0   1   0   0   2  70  11   1   2   1   0   0   0   0   5   1  1.54 0.69
  279 A    6 -4 -5 -5 -4 -2 -2 -3 -5 -3 -4 -1 -1 -5 -4  0  0 -6 -2  0   69   1   0   0   0   2   2   1   0   1   0   5   1   0   0   5   5   0   2   7  1.17 0.64
  280 G   -4 -5 -1 -3 -6 -6 -5  7 -4 -8 -7 -6 -4 -7 -6 -4 -5 -7 -7 -7    1   1   3   1   0   0   1  92   0   0   0   0   0   0   0   0   0   0   0   0  2.40 0.93
  281 K   -4  2 -3 -4 -3  4 -1 -5 -2 -6 -2  6  0 -6 -4 -2 -1 -6 -5 -5    0  11   0   0   1  21   3   0   1   0   4  50   2   0   0   2   4   0   0   1  1.22 0.64
  282 G   -4 -4  5  3 -6 -2 -3  5 -2 -7 -7 -2 -5 -7 -6 -2 -4 -5 -5 -7    0   0  29  19   0   1   1  43   1   0   0   2   0   0   0   2   0   0   0   0  1.35 0.64
  283 I   -3  0 -4 -4 -3 -2 -3 -5 -4  5  1  2  1 -3 -5 -3  0 -3 -3  2    2   6   0   0   0   1   1   0   0  40  10  16   3   1   0   1   5   0   0  11  0.69 0.41
  284 A    7 -6 -6 -6 -2 -5 -5 -4 -6 -2 -5 -4 -4 -6 -5 -2 -4 -7 -6  2   80   0   0   0   1   0   0   1   0   2   0   1   0   0   0   2   0   0   0  13  1.75 0.82
  285 N   -6 -5  9 -1 -2 -5 -5 -5 -3 -8 -8 -5 -7 -8 -7 -2 -4 -9 -7 -8    0   0  92   3   1   0   0   0   0   0   0   0   0   0   0   3   1   0   0   0  2.92 1.13
  286 P   -6 -7 -7 -7 -8 -6 -6 -7 -7 -8 -8 -6 -3 -9  9 -6 -6 -9 -8 -7    0   0   0   0   0   0   0   0   0   0   0   0   1   0  99   0   0   0   0   0  3.50 1.26
  287 V   -1 -4 -4 -5 -1 -4 -5 -5 -5  4  2 -4  1 -1 -3 -1  4 -5 -1  2    3   0   0   0   1   0   0   0   0  27  16   0   4   2   1   4  26   0   2  14  0.67 0.41
  288 S    6 -5 -5 -5 -5 -5 -5  4 -6 -6 -5 -5 -5 -6 -3  0 -4 -7 -6 -4   64   0   0   0   0   0   0  26   0   0   1   0   0   0   1   7   0   0   0   0  1.48 0.72
  289 M    2 -3 -4 -5 -1  1 -2 -4 -3  0  2 -4  6 -1 -5  0  3 -5 -4 -2   21   1   0   0   1   6   2   0   1   4  19   0  22   2   0   5  17   0   0   1  0.61 0.43
  290 I   -3 -6 -7 -7 -4 -6 -7 -7 -5  7  3 -6  2  1 -5 -6 -4 -6 -4  1    1   0   0   0   0   0   0   0   0  58  23   0   4   6   1   0   0   0   0   6  1.43 0.62
  291 L   -3  0 -2 -5 -3 -3 -4 -5 -3 -1  5 -5  2 -1 -6 -4 -4  5 -3 -2    2   7   3   0   0   1   1   1   0   1  67   0   4   2   0   1   0   7   0   2  1.13 0.57
  292 S    3 -4 -4 -5  2 -4 -4 -4 -5 -6 -5 -4 -5 -6 -3  6  1 -7 -6 -5   19   1   0   0   4   0   0   1   0   0   1   0   0   0   1  66   7   0   0   0  1.47 0.76
  293 I    4 -4 -4 -4  0 -4 -4  2 -5  0 -1 -4 -1 -2 -4  1  0 -5 -4  2   40   0   0   0   1   0   0  15   0   5   5   0   1   1   0   9   6   0   0  14  0.58 0.39
  294 A    5 -2 -4 -5  2 -2 -3  0 -4 -1 -3 -1 -3 -5 -4  1 -2 -6 -5  2   53   2   0   0   4   2   1   6   0   3   2   4   0   0   0   8   2   0   0  12  0.76 0.47
  295 M   -3 -4 -2 -3 -6 -3 -1 -7 -4 -1  3 -3  9 -3 -7 -5 -5 -4 -2 -3    2   0   2   2   0   1   4   0   0   2  23   1  58   1   0   1   0   0   1   0  1.82 0.81
  296 M   -4 -6 -7 -7 -3 -5 -5 -6 -6 -2  3 -6 10 -4 -7 -6 -4 -3 -5 -3    1   0   0   0   1   0   1   0   0   1  26   0  68   0   0   0   0   0   0   0  2.50 0.98
  297 L   -4 -6 -7 -7 -1 -6 -7 -7 -6 -2  6 -6  2  1 -7 -6 -5 -5 -3 -2    1   0   0   0   1   0   0   0   0   1  85   0   4   6   0   0   0   0   0   2  1.77 0.75
  298 R   -1  5  0  2 -4  0  3 -2 -1 -3 -2  1 -2 -4 -3 -1 -2 -4 -3 -3    4  36   4  11   0   3  17   3   1   1   3   6   1   1   1   4   1   0   1   1  0.59 0.32
  299 E   -4 -3 -3  1 -4 -2  1 -5  8 -4 -3 -3 -3 -1 -5 -4 -4  3  6 -5    1   1   1   8   0   2   9   1  37   1   3   1   1   2   0   1   1   4  27   1  1.46 0.63
  300 S    0 -1  0 -1 -1 -1 -1  0  1 -1 -1 -1 -1  1 -1  3  0  6  1 -2    7   3   3   3   1   3   3   6   4   3   7   3   1   5   3  24   5  11   4   3  0.23 0.13
  301 F   -2 -5 -5 -6 -1 -5 -5 -5 -5  1  5 -5  3  4 -6 -5 -4  0 -2 -1    3   0   0   0   1   0   0   1   0   7  55   0   8  18   0   0   0   1   1   3  1.07 0.51
  302 G   -2 -2  2  0 -4 -1 -1  6  1 -7 -6 -1 -6 -6 -5 -1 -3 -6 -5 -6    2   2  10   6   0   3   5  60   3   0   0   4   0   0   0   3   1   0   0   0  1.20 0.57
  303 Q   -2  1 -3 -1 -2  0  3 -5  2 -2  3 -1  3  1 -5 -3 -3  0  0 -3    2   9   0   3   1   5  19   0   5   0  33   2   9   5   0   0   1   1   4   0  0.48 0.36
  304 E    0  0  1  1 -4  0  2 -1  3 -3 -3  1 -2 -2  3  0  0 -5 -2 -1    6   4   6   9   0   3  14   4   7   1   2  11   1   2  16   6   4   0   1   5  0.27 0.21
  305 D    1  0 -1  3 -5  1  3 -2  0 -4 -4  2 -3 -3 -2 -1 -1 -5 -1 -2   12   4   2  19   0   6  23   2   2   0   1  13   0   1   2   4   3   0   2   2  0.44 0.31
  306 G    4 -3 -3 -2 -3  0  3 -1  3 -1 -2 -1 -2 -1 -3 -2 -2 -1  1 -2   34   1   0   1   0   3  25   3   8   3   4   2   1   2   1   1   1   1   5   3  0.49 0.38
  307 A    7 -3 -5 -5 -4 -4 -5  1 -2 -6 -6 -4 -5 -7 -5  1 -3 -4 -5 -4   78   1   0   0   0   0   0   8   1   0   0   1   0   0   0   9   1   0   0   0  1.63 0.79
  308 T    1  1  1  3 -4  2  2 -1  0 -4 -3  2 -2 -4 -4  0 -1 -5 -3 -3   13   8   7  21   0  10  11   3   2   0   2  11   1   0   0   5   4   0   0   1  0.39 0.28
  309 M    2  3 -1 -2 -1  1 -1 -3 -2 -1  1  2  1 -3 -4 -1 -1 -2 -3 -1   22  20   2   2   1   5   2   1   0   4  15  11   4   0   0   3   2   1   1   4  0.27 0.25
  310 I   -5 -7 -7 -6 -5 -6 -7 -8 -7  7  2 -6  0 -4 -6 -6 -4 -6 -5  3    0   0   0   0   0   0   0   0   0  59  20   0   2   0   0   0   0   0   0  18  1.64 0.69
  311 E   -2  3 -1  1 -5  1  5 -4  0 -3 -3 -1  0 -2 -5 -1 -3 -2  0 -3    2  15   2   6   0   4  47   1   2   1   3   3   3   1   0   4   1   1   3   2  0.79 0.48
  312 K    1  2  3  2 -4  2  1 -2 -1 -4 -4  2 -3 -5 -4  0  0 -5 -3 -3   14  11  13  12   0   9   8   3   1   1   1  14   0   0   0   6   6   0   0   1  0.38 0.28
  313 A    7 -6 -6 -6  0 -5 -5 -2 -6 -4 -5 -5 -5 -7 -5  1 -4 -5 -6 -3   84   0   0   0   2   0   0   2   0   1   1   0   0   0   0   9   0   0   0   1  1.88 0.86
  314 V   -2 -6 -7 -6  1 -5 -6 -7 -7  4  0 -5 -2 -4 -6 -5 -2  0 -4  6    2   0   0   0   2   0   0   0   0  22   7   0   1   0   0   0   2   1   0  61  1.45 0.65
  315 T    1  2 -1  2 -3  0  3 -2 -1 -1 -1  1 -1  0 -3 -1 -1 -3  0 -1   13  10   3  10   0   2  23   2   1   3   7   7   1   5   0   3   2   0   4   3  0.21 0.20
  316 Q    1  2  1  1 -4  1  1 -1 -1 -3 -3  3 -2 -4 -3  1  0 -1 -2 -2   14  10   6   9   0   7  10   3   2   0   2  19   0   0   0   8   6   1   1   2  0.28 0.23
  317 T    1 -5 -2 -4  0 -4 -4 -5 -4  0 -1 -5 -2 -3 -5 -1  3 -3 -2  5   14   0   2   1   2   0   0   0   0   2   3   0   0   1   0   3  22   0   1  47  0.90 0.52
  318 F   -3 -5 -6 -6  1 -5 -6 -6 -6  4  5 -5  1  0 -6 -4 -2 -3  0  1    1   0   0   0   3   0   0   0   0  24  52   0   2   4   0   1   3   0   3   7  1.03 0.49
  319 T    2  2  0  2 -3  0  3 -1  0 -4 -3  2 -3 -4 -3  0 -1 -5 -4 -2   22   9   4  11   0   4  17   3   2   0   2  14   0   0   0   6   3   0   0   2  0.37 0.28
  320 D    1  1  0  3 -4  1  4 -2 -2 -4 -4  1 -3 -5 -3  1 -1 -6 -4 -4   10   7   3  19   0   5  27   3   1   0   1   9   0   0   1  10   3   0   0   0  0.53 0.35
  321 G   -2 -1 -1 -1 -6 -3 -2  6 -1 -7 -7  2 -4 -6 -4 -2 -4 -6 -6 -6    3   3   3   3   0   1   3  67   2   0   0  11   1   0   0   2   1   0   0   0  1.40 0.62
  322 I   -1 -2 -1 -3 -1 -2 -2 -4  1  3  0  0  1  0 -1 -2  0  0  3  3    4   2   2   1   1   1   2   0   3  16   8   6   3   4   3   2   7   1  11  22  0.23 0.20
  323 L   -2  5 -4 -5  0 -2 -4 -4  2 -1  2  1  0 -3 -4 -2 -1 -3 -3  1    3  38   0   0   2   1   0   1   5   2  20   6   2   1   1   2   4   0   0  10  0.63 0.40
  324 T   -4 -5 -5 -5 -6 -5 -5 -5 -6 -5 -6 -4 -4 -6 -1 -1  8 -7 -6 -3    1   0   0   0   0   0   0   0   0   0   0   1   0   0   3   3  89   0   0   1  2.34 1.02
  325 K    1  2 -3 -4 -4 -1 -2  1 -1 -2 -4  1 -1 -2  5 -2 -3 -5  2 -2   13  13   0   0   0   2   1  11   1   2   1  10   1   2  28   2   1   0   8   3  0.57 0.37
  326 A   -5 -6 -2  8 -6 -5 -1 -5 -5 -8 -8 -5 -8 -8 -6 -4 -6 -9 -8 -7    1   0   1  93   0   0   3   0   0   0   0   0   0   0   0   1   0   0   0   0  2.81 1.06
  327 L   -3 -5 -6 -6 -5 -3 -5 -5 -4  4  5 -5  4 -1 -5 -4 -4 -5 -4  0    1   0   0   0   0   1   0   1   0  21  54   0  10   2   0   1   0   0   0   6  1.16 0.55
  328 G    0 -3 -1 -4 -2 -3 -4  7 -3 -6 -5 -1 -2 -5 -3 -2 -4 -4 -2 -6    7   2   3   1   1   1   1  72   1   0   1   4   1   0   1   2   1   0   1   0  1.51 0.66
  329 G   -2 -2 -2 -4 -4 -4 -4  7 -4 -7 -6 -1 -6 -6 -4 -1 -3 -5 -6 -4    2   3   2   1   0   1   1  78   0   0   0   4   0   0   1   4   2   0   0   1  1.74 0.74
  330 T    0  0  2  0 -3  1 -1 -2 -2 -3 -4  2 -3 -3 -1  2  3 -5  0 -3    7   3  10   5   0   7   4   2   1   1   1  15   0   1   2  18  19   0   3   1  0.35 0.29
  331 A    4 -3 -2 -3  0 -3 -3 -1 -2 -2  0 -2 -1 -3 -4  2 -1 -5 -1  2   40   1   2   1   2   0   1   5   1   1   9   1   2   1   0  17   2   0   2  13  0.49 0.37
  332 T   -3 -2  0 -2 -4 -4 -4  3 -2 -5 -5  1 -5 -5 -3  4  5 -6 -5 -5    0   2   4   2   0   0   0  19   1   0   0   8   0   0   1  32  31   0   0   0  0.92 0.56
  333 T   -4 -6 -3 -6  5 -6 -6 -6 -7 -5 -5 -6 -4 -7 -5 -2  8 -7 -7 -4    1   0   1   0  10   0   0   0   0   0   1   0   0   0   0   2  84   0   0   0  2.36 1.03
  334 K    0  1 -1  1 -4  1  1 -2  0 -3 -3  2 -1 -4 -3  3  2 -4 -3 -2    9   9   2   6   0   7  11   2   2   1   1  12   2   0   1  22  11   0   0   3  0.31 0.26
  335 E    0 -2 -3  3 -6  3  6 -2 -3 -5 -5 -1 -2 -7 -5 -2 -2 -6 -4 -4    9   2   0  14   0  13  49   4   0   0   1   2   1   0   0   2   2   0   0   1  1.07 0.59
  336 M   -2 -6 -6 -7 -3 -3 -6 -7 -5  1 -1 -6  6  5 -6 -4 -3 -2  1  4    2   0   0   0   0   1   0   0   0   7   5   0  21  27   0   1   1   0   4  31  1.20 0.58
  337 T    2 -5 -4 -3 -2 -4 -4  5 -5 -2 -4 -4 -2 -5 -5 -2  5 -6 -6  0   15   0   0   1   1   0   0  37   0   2   1   0   1   0   0   1  32   0   0   8  0.99 0.56
  338 E    0  0  2  6 -6  1  3 -2 -2 -5 -5  1 -4 -6 -4 -1 -2 -6 -3 -5    8   4   8  39   0   7  17   3   0   0   1   7   0   0   0   3   2   0   1   0  0.83 0.46
  339 A    5  0 -3 -2 -3 -1  1 -3 -1 -3 -1  0 -1 -1 -4  0 -2 -1  0 -3   52   4   1   2   0   2  10   1   2   1   6   4   1   3   0   5   1   1   3   1  0.64 0.44
  340 I   -5 -7 -7 -7 -5 -7 -7 -8 -7  6  0 -7 -2 -2 -7 -6 -4 -7 -4  6    0   0   0   0   0   0   0   0   0  44   8   0   0   1   0   0   0   0   0  46  1.69 0.72
  341 L    1 -2 -4 -6  5 -4 -4 -4 -5  4  2 -3  0 -3 -5 -3 -2 -5 -4  2   14   2   1   0  13   0   1   1   0  29  20   1   2   0   0   1   1   0   0  14  0.74 0.40
  342 K    2  2  0  2 -4  1  3 -2 -2 -5 -5  3 -4 -6 -4  0 -2 -6 -4 -4   15  10   4  13   0   5  22   2   0   0   0  18   0   0   0   7   2   0   0   0  0.56 0.36
  343 N    2  3  3 -2 -2  0  2 -3  2 -3 -4  2 -4 -3 -4 -1 -2 -5  0 -3   16  19  15   1   1   3  15   1   4   1   1  14   0   1   0   4   2   0   3   1  0.46 0.33
  344 C   -4 -6 -7 -7  0 -6 -6 -6 -6  5  5 -6  3 -1 -6 -6 -4 -5 -4  1    0   0   0   0   2   0   0   0   0  28  52   0   6   2   0   0   0   0   0  10  1.26 0.56
  345 Q   -4  5 -3 -3 -6  3  4 -5 -3 -6 -6  5 -4 -6 -4 -3 -4 -6 -5 -6    0  29   0   0   0  13  27   0   0   0   0  31   0   0   0   0   0   0   0   0  1.26 0.55

                      K         Lambda
Standard Ungapped    0.1344     0.3168
Standard Gapped      0.0410     0.2670
PSI Ungapped         0.2093     0.3174
PSI Gapped           0.0641     0.2670
