
Last position-specific scoring matrix computed, weighted observed percentages rounded down, information per position, and relative weight of gapless real matches to pseudocounts
           A  R  N  D  C  Q  E  G  H  I  L  K  M  F  P  S  T  W  Y  V   A   R   N   D   C   Q   E   G   H   I   L   K   M   F   P   S   T   W   Y   V
    1 M   -4 -5 -5 -6  2 -4 -5 -6 -4 -2  1 -5  9  5 -6 -5 -4 -3 -2 -2    0   0   0   0   4   0   0   0   0   0  12   0  58  25   0   0   0   0   0   0  1.72 0.52
    2 T   -1 -1  1  0 -4  0  0 -3 -3 -5 -5  5 -4 -5  1  2  2 -5 -4 -4    4   0   6   4   0   3   4   1   0   0   0  36   0   0   7  20  16   0   0   0  0.62 0.34
    3 S   -3 -2  1 -3 -4 -3 -3  5  5 -7 -7 -1 -5 -6 -5  3 -2 -6 -5 -6    0   2   6   0   0   0   1  42  15   0   0   5   0   0   0  25   2   0   0   0  1.11 0.53
    4 I   -5 -5 -7 -3 -5 -6 -7 -7 -6  3  2 -5  2  8 -3 -6 -5 -4 -2 -1    0   0   0   2   0   0   0   0   0  16  16   1   4  54   2   0   0   0   0   3  1.55 0.64
    5 K    3 -1  1  2 -5  1  3  0 -2 -6 -5 -1 -4 -4 -4  3 -2 -6 -5 -5   24   2   5  10   0   6  19   8   1   0   0   2   0   1   0  19   2   0   0   0  0.57 0.39
    6 T   -5 -7 -6 -6 -7 -6 -7 -7 -7 -7 -7 -6 -6 -8 -7  0  8 -5 -7 -6    0   0   0   0   0   0   0   0   0   0   0   0   0   0   0   5  94   0   0   0  2.85 1.16
    7 K   -2  4 -1 -1 -5  1 -1 -5 -2  1  2  3 -1 -4 -5 -2 -1 -4 -4 -2    2  25   2   3   0   6   4   0   1   9  21  17   1   0   0   2   5   0   0   2  0.50 0.34
    8 V    5 -6 -5 -6  5 -4 -5 -4 -6 -1  1 -5 -2 -4 -5  0 -1 -6 -5  1   49   0   0   0  11   1   0   1   0   3  14   0   1   0   0   7   3   0   0   9  0.98 0.54
    9 I    0 -7 -5 -7 -3 -5 -6 -7 -7  6 -1 -6  0 -5 -7 -4 -2 -7 -6  5    8   0   0   0   1   0   0   0   0  41   5   0   2   0   0   1   2   0   0  40  1.41 0.62
   10 H   -5  2 -1 -6 -6  0 -4 -6 11 -7 -5 -4 -7 -5 -7 -4 -3 -3 -2 -7    1   9   2   0   0   4   1   1  76   0   1   1   0   0   0   1   2   0   1   0  2.95 1.08
   11 G    4 -4 -2 -3 -3 -2 -2  3  0 -2 -3 -3 -3  0 -3  1 -1 -4 -2  1   38   0   2   1   0   1   3  19   2   2   2   1   0   4   1   9   3   0   1   8  0.51 0.35
   12 G   -1 -2 -3 -2 -3 -5 -2  7 -1 -4 -5 -3 -4 -3 -3 -2 -3 -4 -4 -4    4   2   1   2   1   0   3  71   2   1   1   2   0   1   2   3   1   0   1   1  1.47 0.63
   13 I   -2  1  1  0 -3  4  3 -2  1 -1 -3  0 -2 -2 -2  0  0 -1  0 -2    3   6   6   4   0  19  20   3   4   3   2   4   1   1   2   6   7   1   4   3  0.30 0.25
   14 S    0  1  1  2 -1  0  3 -1  2 -2 -2  1 -2 -3  1  0  0 -3 -1 -2    6   8   5  13   1   3  19   6   6   2   3   7   1   1   6   5   4   0   2   2  0.21 0.17
   15 T   -1  2 -2 -2 -4 -1  0 -3  2 -1 -2  0 -3  0  5 -1  0 -2 -1 -1    4  11   2   2   0   2   5   2   5   4   3   4   0   4  32   5   5   1   2   5  0.52 0.32
   16 D   -1  0  1  6 -2 -1  3 -2 -1 -4 -4 -1 -4 -3  0 -1 -3 -6 -3 -4    5   5   6  41   1   2  17   3   1   1   2   4   0   1   5   3   1   0   1   1  0.77 0.41
   17 K   -1  1  0  1 -4  1  1 -2  0 -4 -3  2 -3 -4  4  0 -1 -2 -3 -3    5   8   4   8   0   8   8   3   2   1   3  12   0   1  23   8   4   0   1   1  0.43 0.27
   18 T    0 -1  0 -1 -2  1  1 -1  0 -1 -1 -1 -2 -1  2  0  1  5  0  0   10   3   3   3   1   7   9   5   2   3   4   2   1   2  10   7   9  10   3   7  0.19 0.16
   19 T   -1 -3  0 -1 -1 -2 -1 -1  3 -3 -3 -2 -3  2 -4  1  4 -2  3 -3    4   1   4   3   2   2   4   5   6   1   3   2   0   8   1  12  31   1  12   1  0.48 0.34
   20 G   -2  2  2  0 -4 -2 -2  5  1 -6 -6  0 -4 -5 -3  0 -3 -5 -4 -4    2  10   8   6   0   2   2  49   4   0   0   6   0   0   1   5   2   0   0   1  0.90 0.45
   21 A    5 -5 -4 -2 -1 -2 -1 -1 -3 -5 -6 -4 -3 -6  3  3 -2 -7 -6 -5   48   0   1   2   1   2   3   4   1   0   0   0   1   0  16  19   1   0   0   0  1.02 0.57
   22 V   -1 -5 -4 -6 -2 -5 -4 -6  3  3  1 -3  1 -2 -4 -1 -1 -5 -4  5    4   0   0   0   1   0   1   0   7  15  12   2   3   1   1   5   4   0   0  44  0.84 0.44
   23 S    1 -3  1 -4 -2 -2 -4 -3 -3  2 -2 -3  2 -3 -4  2  2 -4 -3  4    9   1   7   0   1   1   0   2   1  10   2   1   4   0   0  18  13   0   1  28  0.49 0.35
   24 V    0 -4 -3 -4 -4 -2 -1 -5 -4 -2 -3 -5  1 -3  6 -1  4 -7 -4  1    6   1   1   1   0   2   4   1   0   2   2   0   3   1  39   4  22   0   1  10  0.99 0.54
   25 P   -1 -8 -7 -6 -8 -7 -6 -6 -4 -8 -7 -6 -8 -9  9 -3 -5 -9 -8 -7    5   0   0   0   0   0   0   0   0   0   0   0   0   0  90   2   0   0   0   0  3.06 1.15
   26 I   -6 -7 -6 -8 -6 -7 -8 -8 -8  8  2 -7  0 -5 -7 -7 -5 -5 -6  1    0   0   0   0   0   0   0   0   0  73  15   0   2   0   0   0   0   0   0   9  2.07 0.80
   27 Y   -4 -6 -5 -5 -1 -3 -4 -7  4 -2 -5 -6 -4  4 -6  0 -2  0  8  2    1   0   0   1   1   1   1   0  10   2   0   0   0  15   0   9   3   1  44  12  1.44 0.66
   28 Q    0 -1 -2 -4 -4  6 -2 -5 -1 -4  3 -3  4 -3  0 -3  0 -5 -4 -3    7   3   2   0   0  37   2   0   1   0  24   0   9   1   4   2   6   0   0   2  0.85 0.52
   29 T    1 -6 -1 -5 -2 -5 -5 -3 -4 -6 -6 -5 -6 -7 -6  5  6 -7 -6 -4   10   0   3   0   1   0   0   2   0   0   0   0   0   0   0  43  40   0   0   1  1.47 0.75
   30 S    2 -5 -3 -5 -5 -4 -5 -4 -6 -5 -6 -4 -5 -7 -5  5  4 -7 -6 -1   18   0   1   0   0   0   0   0   0   0   0   1   0   0   0  48  27   0   0   4  1.33 0.70
   31 T    0 -6  0 -5 -4 -5 -5 -4 -6 -2 -3 -5 -3 -7 -4  1  7 -7 -6  0    8   0   5   0   0   0   0   1   0   2   2   0   0   0   1   8  65   0   0   6  1.50 0.74
   32 Y   -7 -8 -6 -9 -5 -8 -8 -8 -2 -5 -5 -8 -6  8 -9 -6 -7  0  7 -6    0   0   0   0   0   0   0   0   1   0   0   0   0  62   0   0   0   1  34   0  2.79 1.01
   33 K    1  1 -2 -1 -1  0  1 -2  0 -1 -2  2 -2 -2 -2  0  1  0 -1  1   16   9   1   2   1   3  10   2   2   3   3  17   0   1   1   4   8   1   2  12  0.17 0.18
   34 Q   -4 -1 -3 -5 -6  5 -3 -5  3 -1 -1 -4 -2  6 -6 -3 -4  1  3 -3    1   3   1   0   0  29   1   0   6   3   6   1   1  31   0   1   1   2  10   2  1.11 0.56
   35 N   -1  0  0  4 -4 -1  3 -2 -1 -4 -3  0 -3 -2  4  0 -1 -5 -2 -4    5   4   4  20   0   2  18   3   1   1   2   6   1   2  19   6   3   0   1   1  0.51 0.32
   36 G    1 -2  1  3 -3 -2  1  1 -1 -4 -4 -1 -4 -3 -2  3  1 -4 -3 -4   10   2   7  19   0   1   8  12   1   0   1   2   0   1   1  26   7   0   1   1  0.47 0.32
   37 L    2 -3 -2 -1 -2 -2 -2 -3 -3  1  1 -3  0 -1  4 -1  1 -2 -1  2   19   1   1   4   1   1   2   2   0   7  12   0   2   3  18   4   7   0   2  13  0.31 0.23
   38 G    1 -3 -1  1 -4 -2  2  5 -3 -5 -5 -3 -5 -6 -4 -1 -1 -4 -5 -3   10   1   3   9   0   2  12  48   1   0   1   1   0   0   1   4   4   0   0   2  0.87 0.45
   39 Q   -1  1  0  1 -5  2  4 -1  0 -3 -4  2 -2 -5 -4 -1 -1 -5 -2 -1    4   6   4   9   0   9  33   4   2   1   1  11   1   0   0   5   4   0   1   5  0.50 0.33
   40 P   -1  0  1  0 -3  0  1 -2  3 -2 -1  1  0  0  2  0 -1 -2  0 -2    5   6   6   4   0   3  11   3  10   2   5   8   3   6  11   8   4   1   3   2  0.16 0.14
   41 K    0  2  0  1 -4  0  1  2  1 -3 -3  2 -3 -4  2  0  0 -3 -3 -3    7  10   3   8   0   3   9  17   3   2   2  14   0   0  10   5   5   0   0   1  0.29 0.21
   42 E    0  0 -1  0 -4 -1  1  5 -1 -4 -5 -1 -5 -5  1 -1 -3 -6 -5 -4    6   5   2   6   0   2  11  47   2   1   1   3   0   0   6   5   2   0   0   1  0.77 0.40
   43 Y   -5 -5 -3 -7 -1 -6 -6 -6  4 -3 -3 -6 -3  6 -5 -5 -5  1  8 -3    1   1   1   0   1   0   0   1   8   1   2   0   1  26   1   1   0   2  52   1  1.98 0.79
   44 E   -2 -2 -2  3 -1 -2  3 -3 -2  2 -1 -2  0  1 -4 -1 -1 -3 -2  2    3   2   1  19   1   1  18   2   1  15   6   2   2   5   0   3   4   0   1  14  0.32 0.25
   45 Y   -8 -8 -5 -9 -8 -7 -8 -8 -3 -7 -7 -8 -7 -3 -9 -8 -7 -4 10 -7    0   0   1   0   0   0   0   0   0   0   0   0   0   0   0   0   0   0  98   0  3.88 1.34
   46 S    1 -4 -3 -5 -4 -2 -5  1 -3 -3 -5 -4 -5 -6 -2  5  4 -4 -4 -3    9   1   1   0   0   1   0  12   1   1   0   0   0   0   2  43  27   0   0   1  1.03 0.59
   47 R   -7  9 -6 -7 -9 -4 -6 -6 -6 -9 -6 -3 -7 -8 -7 -6 -6 -8 -7 -8    0  98   0   0   0   0   0   0   0   0   1   0   0   0   0   0   0   0   0   0  3.18 1.17
   48 S   -1 -3  0 -2  1 -2 -2  0  0  0  0 -3  0  1 -4  2  1  3  4 -1    4   1   4   2   3   1   3   7   2   4   9   1   2   4   0  21   9   4  16   4  0.28 0.25
   49 G    0 -2  0  0 -2 -2 -1  5 -1 -5 -4 -2 -4 -3 -5  1 -1 -4 -4 -4    9   2   5   5   1   2   3  50   1   0   1   2   0   1   0  12   4   0   0   1  0.84 0.44
   50 N   -6 -6  9 -4 -6 -5 -5 -5 -1 -9 -7 -6 -6 -9 -8 -2 -2 -9 -8 -8    0   0  92   0   0   0   0   1   2   0   0   0   0   0   0   2   2   0   0   0  3.01 1.13
   51 P   -5 -7 -8 -7 -9 -7 -6 -7 -6 -7 -8 -7 -8 -7  9 -6 -6 -9 -8 -6    1   0   0   0   0   0   0   0   0   0   0   0   0   0  97   0   0   0   0   0  3.45 1.26
   52 T   -4 -6  4 -5 -6 -6 -6 -5 -6 -5 -6 -6 -6 -7 -6  0  7 -8 -7 -4    0   0  19   0   0   0   0   1   0   0   0   0   0   0   0   6  72   0   0   1  2.09 0.93
   53 R   -2  6 -1 -5 -2  1 -3 -6  1 -1 -2 -2 -3 -2 -5 -3  0 -4 -4  3    2  45   3   0   1   7   1   0   3   3   4   0   0   2   0   1   7   0   0  20  0.93 0.52
   54 H    0  2  1  3 -4  1  2 -3  0 -3 -3  0 -2 -3 -4  0  1 -2 -3 -2    9  12   7  18   0   6  13   1   2   1   3   6   1   1   0   7  11   1   1   2  0.33 0.25
   55 A    4 -2 -1 -2  1  0  0 -2  1  0 -1 -3  0 -3 -4  0  0 -4 -2  2   36   2   2   1   3   5   6   2   3   5   5   0   2   1   0   6   4   0   1  14  0.33 0.28
   56 L   -1 -6 -7 -7 -2 -6 -7 -7 -6 -1  6 -6 -1  3 -5 -5 -4 -3 -2  2    7   0   0   0   1   0   0   0   0   1  64   0   1  12   0   0   1   0   1  12  1.28 0.59
   57 E    0 -4 -4 -3 -3  2  7 -3 -2 -5 -7 -4 -7 -8 -6 -4 -5 -8 -7 -5    7   0   0   1   1   8  76   2   1   1   0   0   0   0   0   1   0   0   0   1  1.92 0.87
   58 E    0  3  1  1 -4  2  3 -2  1 -4 -4  3 -4 -5 -4  0 -1 -6 -4 -4    9  14   5   8   0   9  21   2   3   1   2  15   0   0   0   6   4   0   0   1  0.48 0.31
   59 L    2  2 -1 -4  4  0 -3 -4  1 -2 -1  4 -3 -4 -4 -1  0 -6 -4  0   16  10   3   0  10   4   0   1   3   2   6  28   0   0   0   4   6   0   0   6  0.48 0.34
   60 I   -4 -6 -7 -7 -4 -6 -7 -7 -7  4  5 -6  4 -1 -7 -6 -4 -6 -3  2    0   0   0   0   0   0   0   0   0  25  49   0   8   2   0   0   0   0   1  15  1.30 0.57
   61 A    7 -3 -2 -6  1 -5 -5 -3 -6 -5 -6 -3 -3 -7 -6  0 -1 -7 -7 -5   81   1   2   0   3   0   0   1   0   0   0   1   1   0   0   6   3   0   0   0  1.78 0.81
   62 D    4 -1 -2  1 -1  0  1 -2 -3 -3 -1  1 -1 -3 -4  1 -1 -4 -4 -2   38   3   2   7   1   3   8   2   0   1   6   8   2   1   0  12   3   0   0   2  0.41 0.32
   63 L   -3 -7 -8 -8 -5 -6 -7 -8 -7  2  6 -7  1 -3 -7 -6 -5 -4 -6 -1    2   0   0   0   0   0   0   0   0  10  81   0   3   1   0   0   0   0   0   2  1.80 0.74
   64 E   -5 -5 -4  2 -4 -3  8 -7 -2 -8 -8 -4 -1 -6 -6 -4 -5 -8 -5 -7    0   0   1  10   1   0  84   0   1   0   0   0   1   0   0   1   0   0   0   0  2.31 0.97
   65 G   -2 -1  3  0 -5  0  0  6  1 -7 -5  1 -5 -5 -5 -1 -4 -6 -5 -6    2   4  13   4   0   3   5  50   4   0   1   8   0   0   0   4   0   0   0   0  1.00 0.50
   66 G    5 -6 -4 -5  0 -5 -5  5 -6 -6 -6 -5 -5 -6 -5 -2  0 -4 -4 -4   46   0   0   0   2   0   0  42   0   0   0   0   0   0   0   2   5   0   1   1  1.38 0.65
   67 V    1 -1 -2  1 -3  0  5 -3 -1 -3 -5  3 -4 -4 -2 -1 -1 -6 -2 -2   10   3   1   9   0   3  37   2   1   1   1  18   0   1   2   3   4   0   1   4  0.62 0.39
   68 Q    2  1 -2  3 -3 -1 -1  1  4 -5 -4 -2 -2 -1 -4  0 -2 -1  4 -4   21  10   1  14   0   3   3   9  10   0   0   2   1   2   0   6   2   1  14   0  0.45 0.32
   69 G    5 -5 -5 -6  5 -5 -5  3 -6 -6 -6 -5 -4 -7 -5  0 -1 -7 -6 -4   53   0   0   0  11   0   0  24   0   0   0   0   0   0   0   7   4   0   0   1  1.34 0.64
   70 F   -1 -2 -5 -5  0 -4 -4 -5 -3  2  4 -2  0  3 -5 -4 -1 -2 -1  3    5   3   0   0   2   0   1   0   1   9  37   2   1  13   0   1   4   0   2  18  0.59 0.33
   71 A    5 -5 -5 -6  5 -5 -5 -2 -6 -1  0 -5 -2 -3 -4 -1  0 -6 -4  3   44   0   0   0  11   0   0   2   0   3   9   0   1   1   0   4   5   0   0  20  0.88 0.49
   72 F   -2 -6 -6 -7  0 -6 -7 -7 -4 -4 -1 -6 -1  8 -7 -3  3 -1  2  0    3   0   0   0   2   0   0   0   0   0   4   0   1  57   0   2  17   1   7   6  1.64 0.69
   73 S    4 -5 -2 -4 -4 -5 -5  1 -5 -6 -6 -5 -5 -6 -1  5  0 -7 -6 -4   37   0   2   0   0   0   0  10   0   0   0   0   0   0   3  42   4   0   0   0  1.18 0.63
   74 S   -3 -6 -4 -5 -2 -5 -5 -5 -6 -7 -7 -5 -6 -6 -6  8  0 -8 -7 -7    1   0   0   0   1   0   0   0   0   0   0   0   0   0   0  91   6   0   0   0  2.35 1.02
   75 G   -4 -7 -6 -6 -5 -7 -7  8 -7 -9 -9 -7 -5 -8 -7 -5 -7 -8 -8 -8    1   0   0   0   0   0   0  98   0   0   0   0   0   0   0   0   0   0   0   0  2.86 1.03
   76 L   -6 -6 -4 -8 -4 -2 -7 -8 -6 -1  2 -6 10 -5 -7 -1 -3 -7 -6  0    0   0   1   0   0   2   0   0   0   2  14   0  69   0   0   5   2   0   0   5  2.48 0.98
   77 A    6 -6 -3 -6 -3 -5 -5  2 -5 -6 -6 -5 -5 -6 -5  1 -4 -7 -5 -5   69   0   1   0   1   0   0  16   0   0   0   0   0   0   0  11   1   0   0   0  1.60 0.75
   78 G    7 -6 -6 -7 -2 -6 -6 -3 -7 -5 -6 -6 -6 -7 -6 -2 -2 -8 -7 -4   93   0   0   0   1   0   0   1   0   0   0   0   0   0   0   1   2   0   0   1  2.30 0.96
   79 I   -2 -6 -5 -6 -2 -5 -2 -5 -6  6  1 -5  1 -3 -6 -3  2 -6 -5  2    4   0   0   0   1   0   3   1   0  48  13   0   3   1   0   2  13   0   0  12  1.03 0.50
   80 H    2 -4  0  1 -1 -1 -3 -2  2 -4 -2 -4  0 -2 -4  4  4 -4 -4 -2   16   0   4   8   1   2   0   2   4   0   3   0   3   2   0  28  23   0   0   3  0.57 0.41
   81 A    5 -5 -1 -5  0 -5 -5 -3 -5 -3 -1 -5  0 -6 -5  1  4 -6 -5 -1   44   0   2   0   2   0   0   2   0   1   6   0   3   0   0  10  26   0   0   3  0.94 0.54
   82 V    0 -6 -6 -6  0 -5 -6 -6 -5  4  3 -5  2 -2 -5 -4 -1 -6 -4  5    9   0   0   0   2   0   0   0   0  20  23   0   5   1   0   1   4   0   0  34  0.89 0.44
   83 L   -1 -6 -6 -7 -1 -5 -6 -6 -6  1  5 -6  4  3 -6 -3  1 -3 -3 -1    4   0   0   0   2   0   0   0   0   6  50   0  11  13   0   2   8   0   0   4  0.98 0.49
   84 S    2  0  0 -3 -2  1 -1  0  4 -4 -1 -2  0 -4 -4  2  2 -5 -2 -4   21   6   5   1   1   7   4   6  11   0   5   1   3   1   0  17  11   0   1   0  0.37 0.30
   85 L    0 -3 -2 -5  1 -3 -5 -4  0  1  4 -5  2  2 -5 -2  0 -3  0  0    7   1   2   0   2   1   0   1   2   5  49   0   4   9   0   3   6   0   2   4  0.63 0.37
   86 F   -1 -6 -7 -7  1 -6 -7 -7 -7 -1  5 -6  0  2 -7 -5 -3 -5 -3  3    5   0   0   0   3   0   0   0   0   2  62   0   1   7   0   0   2   0   1  17  1.25 0.58
   87 S   -1  3  0 -1 -4  1  0  1  0 -5 -4  4 -4 -6  0  1 -2 -6 -5 -4    4  13   5   3   0   7   6  10   2   0   1  30   0   0   5  11   2   0   0   1  0.53 0.34
   88 A    3 -2 -2 -3 -3  1 -2 -3  0 -4 -5  0 -4 -5  5  2  1 -6 -5 -3   26   2   2   1   0   6   2   1   2   1   0   5   0   0  24  18   7   0   0   2  0.68 0.43
   89 G   -4 -3 -1 -2 -7 -5 -6  7 -4 -8 -8 -4 -7 -8 -6 -5 -6 -7 -6 -8    1   1   4   3   0   0   0  88   0   0   0   1   0   0   0   0   0   0   0   0  2.34 0.90
   90 D   -2 -4 -3  7 -4  0  1  0 -5 -7 -7 -4 -5 -7 -6  0 -4 -8 -7 -6    4   1   0  68   0   4   7   6   0   0   0   1   0   0   0   6   1   0   0   0  1.73 0.75
   91 H   -4  1 -1 -5 -3 -2  2 -4 10 -6 -4  0 -5 -6 -6 -3 -1 -5 -2 -5    1   8   2   0   1   2  13   1  57   0   2   5   0   0   0   2   4   0   1   1  1.92 0.79
   92 I   -3 -6 -7 -7 -3 -6 -7 -7 -7  6  2 -6  1 -2 -7 -6 -4 -4 -5  5    2   0   0   0   0   0   0   0   0  41  14   0   2   1   0   0   0   0   0  37  1.44 0.61
   93 I   -4 -7 -7 -7 -5 -7 -7 -8 -7  5  3 -7 -3 -4 -7 -6 -4 -7 -5  5    1   0   0   0   0   0   0   0   0  35  22   0   0   0   0   0   0   0   0  41  1.51 0.64
   94 L    4 -4 -5 -5  5 -4 -5 -4 -4  1 -1 -5  0  0 -5  1  1 -5 -2  1   35   0   0   0  14   0   0   0   0   6   6   0   2   4   0  12   9   0   1  10  0.68 0.41
   95 A    0 -4 -1  0  1  1 -2  2  0 -1 -2 -3  2 -2  2  2  1 -5 -4  0    6   0   2   4   4   8   1  16   3   3   3   0   5   2   9  19  10   0   0   6  0.27 0.25
   96 D   -1  2  2  4 -5  0  1 -1  2 -4 -5  1 -2 -4 -2  0 -1 -4 -1 -4    6  11   9  28   0   3   8   4   5   1   0   9   1   1   2   8   4   0   2   1  0.49 0.31
   97 D   -1 -3  1  6  0 -1  0 -2 -1 -4 -6 -3 -4 -6 -1  1  0 -4 -5 -2    5   1   6  49   2   2   6   3   1   1   0   1   0   0   3   9   5   0   0   4  0.92 0.49
   98 V   -2 -6 -6 -7  4 -6 -6 -5 -3  3  4 -5  2 -3 -5 -3 -2 -6 -5  4    3   0   0   0   8   0   0   1   1  18  34   0   4   0   0   2   2   0   0  26  0.92 0.45
   99 Y   -8 -8 -7 -6 -8 -6 -7 -9 -3 -7 -7 -8 -7  2 -9 -6 -7 -4 10 -7    0   0   0   1   0   0   0   0   0   0   0   0   0   7   0   0   0   0  91   0  3.55 1.26
  100 G   -2 -1 -4 -5 -6 -5 -6  7  0 -6 -7 -4 -6 -5 -4 -1 -4  0 -4 -6    3   3   0   0   0   0   0  79   2   0   0   1   0   0   1   4   1   1   1   0  1.91 0.78
  101 G   -1 -1 -3 -4  1 -3 -2  7 -4 -6 -6 -3 -4 -7 -1 -1 -2 -3 -7 -4    5   3   1   1   3   1   3  68   0   0   0   1   0   0   3   5   3   0   0   1  1.43 0.63
  102 T   -2 -6 -4 -5 -2 -6 -6 -6 -4 -4 -5 -6 -2 -6 -6  2  8 -7 -5 -2    3   0   0   0   1   0   0   0   0   1   1   0   1   0   0  13  76   0   0   2  2.00 0.90
  103 F   -2  2  2  0 -2 -1 -2 -4  4 -1 -1 -2 -2  3 -5 -1  0  1  5 -1    3  11   9   4   1   3   2   1  10   3   6   2   1  11   0   3   6   2  20   3  0.44 0.30
  104 R    0  6  0 -1 -3  1  0 -2  1 -3 -3  1 -2 -4 -4  0  0 -2 -2 -2    7  40   4   3   0   6   7   3   4   1   2   6   1   1   0   6   5   1   1   3  0.60 0.37
  105 L   -4 -6 -7 -7 -5 -4 -6 -7 -5  0  5 -6  1  5 -7 -6 -5 -1  3 -1    1   0   0   0   0   1   0   0   0   4  56   0   3  19   0   0   0   1  10   4  1.30 0.58
  106 M   -1 -6 -6 -7  0 -5 -6 -7 -5  1  4 -6  3  6 -7 -5 -4 -3 -2  0    5   0   0   0   2   0   0   0   0   8  39   0   7  32   0   1   0   0   1   6  1.16 0.53
  107 D   -1  2  2  1 -3  1  1 -1  0 -4 -3  1 -2 -3 -4  1  2 -4 -3 -2    5  14  11   7   0   5  10   3   3   1   1   8   1   1   0  12  16   0   1   2  0.32 0.25
  108 K   -2  2  1  2 -4  3  2 -2  3 -4 -3  2 -3 -3 -4  0  0 -3  0 -3    3   9   7   9   0  14  13   3   6   0   2  15   0   1   0   5   7   0   3   1  0.37 0.26
  109 V   -2 -2 -3 -2  1 -1  0 -3  0  3  2 -3  1  1 -4 -3 -1  0  1  3    1   1   1   3   3   2   6   2   2  15  16   1   3   7   0   1   3   2   6  26  0.33 0.23
  110 L    2 -2 -3 -5  1 -3 -3 -4 -4  0  4 -2  2  3 -5 -3 -2 -1  0 -1   16   2   1   0   3   1   2   1   0   5  38   2   5  14   0   1   1   1   3   4  0.52 0.32
  111 T    1  0 -1 -1 -5  0  1 -1 -2 -4 -4  1 -4 -6  5  2  0 -5 -5 -3   12   5   3   3   0   3   8   4   1   1   1  10   0   0  26  14   7   0   0   1  0.53 0.34
  112 K   -2  5  1 -1 -4  1  0 -3  2 -6 -5  4 -4 -6  0 -1 -3 -6 -5 -4    3  33   6   3   0   6   6   2   4   0   0  25   0   0   4   4   1   0   0   1  0.82 0.45
  113 T   -3 -1 -1 -5 -3 -1 -4 -2  1 -2  1 -3  4  5 -6 -2 -1  6  4 -3    2   3   3   0   1   3   0   4   3   1  14   1   9  28   0   3   3  10  11   1  0.77 0.40
  114 G   -3 -3  1 -1 -4 -3 -6  7 -2 -8 -8 -3 -6 -7 -7 -3 -6 -7 -7 -6    2   1   7   4   0   1   0  80   1   0   0   1   0   0   0   1   0   0   0   0  2.01 0.80
  115 I   -4 -5 -6 -7 -2 -6 -7 -6 -5  6  1 -6  0  0 -7 -6 -4 -2 -3  5    1   1   0   0   1   0   0   0   0  44  14   0   1   3   0   0   0   1   1  32  1.35 0.58
  116 I   -2  1  0  1 -4  1  4 -2  0 -2 -4  2 -3 -5 -3  0  2 -6 -4 -1    3   7   3   9   0   5  31   2   2   2   1  11   0   0   1   6  12   0   0   4  0.48 0.33
  117 Y    0 -5 -4 -6  0 -5 -5 -5  0  1 -1 -5 -2  2 -3 -1  2 -3  1  5    6   0   0   0   2   0   0   1   3   6   5   0   1   9   1   4  15   0   5  41  0.69 0.41
  118 D   -3  1 -3  2 -5 -2  0 -4  2 -1 -3  0 -4 -4 -5  2  5 -6 -4  0    1   7   0  11   0   1   5   0   5   3   2   6   0   0   0  18  33   0   0   6  0.61 0.42
  119 L   -3  0 -4 -6 -4 -3 -4 -6  1 -1  0 -4  0  7 -3 -3 -1  3  4 -2    2   5   1   0   0   1   1   0   4   3   9   1   2  45   1   1   4   4  13   3  1.12 0.52
  120 V    0 -6 -6 -6 -1 -6 -5 -5 -5  3 -1 -5 -2  0 -5 -4 -1 -2 -5  6    7   0   0   0   1   0   1   1   0  13   5   0   1   4   0   1   4   1   0  61  1.25 0.57
  121 D   -4 -3  2  7 -6 -3  0 -4 -2 -6 -7 -3 -6 -5  1 -1 -3 -5 -4 -6    2   1   8  65   0   1   5   1   1   0   0   1   0   0   6   4   2   0   1   0  1.61 0.69
  122 L    0 -3 -2 -2  2 -1 -2  0 -3  0  1 -3  3  2  1 -1  3 -4 -2 -1    9   1   1   2   4   3   2   6   0   4  14   0   9   9   8   3  19   0   1   4  0.23 0.22
  123 S    0  1  0  0  0 -1 -1 -1 -1 -2 -2 -1 -2 -3 -2  2  4 -1 -3 -2    8   7   5   6   2   2   4   5   1   2   3   2   1   1   1  17  30   1   1   2  0.37 0.29
  124 N   -3 -1  3  6 -3  0  1 -4 -1 -6 -6  0 -5 -5 -4 -1 -1 -7 -1 -3    1   3  11  51   1   3   7   1   1   0   0   5   0   0   0   5   3   0   2   2  1.11 0.53
  125 L    0 -4 -3 -3 -3 -2 -1 -4 -2  1  3 -3  0 -1  4 -2  0 -2 -1  1    7   1   1   1   0   1   4   1   1   9  32   1   2   2  19   2   7   1   2   9  0.44 0.29
  126 D    1 -2  2  4 -5  1  4 -1 -2 -5 -4  0 -4 -6 -3  0 -2 -6 -3 -4   12   2   8  21   0   6  28   5   1   0   1   6   0   0   1   7   2   0   1   1  0.61 0.37
  127 D    3 -1  3  1 -2  1  2 -1 -1 -3 -2  0 -2 -5 -3  1  0 -4 -3 -2   23   3  13   8   1   6  17   3   1   1   3   5   1   0   0   8   4   0   0   2  0.34 0.26
  128 L   -3 -6 -5 -7 -3 -6 -5 -6 -5  3  3 -6  0  2 -5 -5 -3  5  0  4    1   0   0   0   0   0   0   0   0  15  26   0   2   9   0   0   1   8   3  34  1.00 0.47
  129 K    1  2 -3 -1 -4  1  5 -3 -3 -2 -2  2 -3 -4 -3 -1 -2 -6 -4 -2   15  11   1   3   0   4  35   1   0   2   4  12   0   0   1   4   2   0   0   3  0.55 0.37
  130 A    3  1  1  0 -5  1  1 -2 -2 -4 -4  3 -4 -5 -2  1 -2 -4 -3 -4   27   8   6   6   0   6  11   2   1   0   1  17   0   0   2  10   2   0   1   0  0.46 0.33
  131 A    6 -3 -2 -3 -1 -2 -1 -3  1 -3 -1 -2 -2 -3 -4  0 -2 -6  0 -1   59   1   1   1   1   2   4   1   3   1   5   3   1   1   0   6   2   0   3   5  0.83 0.49
  132 F   -3 -5 -7 -6 -2 -5 -6 -6 -6  6  3 -5  2  1 -6 -5 -4 -1 -3  2    2   1   0   0   1   0   0   0   0  42  30   1   5   5   0   0   1   1   0  10  1.13 0.50
  133 K   -1  4  1  0 -5  2  0 -1 -2 -4 -4  4 -4 -6 -3  0  2 -4 -5 -4    4  23   5   4   0   8   4   5   1   1   1  23   0   0   1   5  15   0   0   1  0.57 0.36
  134 E   -1 -2 -3  1 -5  0  2 -2 -1 -6 -5  1 -6 -5  6  0 -2 -7 -5 -5    5   2   1   8   0   3  14   3   1   0   1   7   0   0  43   8   2   0   0   0  1.04 0.53
  135 E   -2  2  6  1 -6  0  1 -1  0 -6 -6  2 -5 -6 -2 -1 -1 -5 -5 -6    3  12  37   6   0   3   9   5   2   0   0  14   0   0   2   3   3   0   0   0  0.86 0.46
  136 T    0 -6 -5 -5 -3 -6 -5 -6 -5 -2 -5 -5 -5 -6  1 -3  8 -5 -3  0    6   0   0   0   0   0   0   0   0   2   1   0   0   0   6   1  76   0   1   5  1.87 0.86
  137 K   -1  5 -3 -1 -5 -1 -3 -3 -5 -7 -6  6 -5 -7 -5 -2 -1 -7 -6 -4    5  29   1   3   0   2   1   2   0   0   0  50   0   0   0   3   3   0   0   1  1.37 0.64
  138 A    1 -5 -7 -7 -2 -5 -6 -5 -6  1  5 -6  5 -2 -6 -5 -4 -3 -4  2   10   0   0   0   1   0   0   1   0   7  48   0  16   1   0   0   0   0   0  14  1.10 0.53
  139 I   -4 -7 -7 -7 -3 -6 -7 -8 -7  5  2 -7 -1  1 -7 -6 -5 -6 -5  5    1   0   0   0   1   0   0   0   0  33  19   0   1   5   0   0   0   0   0  40  1.39 0.59
  140 Y   -7 -7 -7 -8 -7 -7 -7 -8  1 -2  0 -7 -1  5 -8 -7 -6  9  7 -2    0   0   0   0   0   0   0   0   3   2  10   0   1  20   0   0   0  31  30   2  2.15 0.82
  141 F    0 -5 -6 -6  0 -5 -6 -4 -6  4  3 -5  0  3 -6 -2  0 -5 -3  3    6   0   0   0   2   0   0   1   0  22  27   0   2  12   0   3   5   0   0  19  0.71 0.37
  142 E   -6 -6 -6 -2 -6 -4  8 -7 -6 -9 -9 -5 -8 -9 -7 -6 -6 -9 -8 -8    0   0   0   1   0   0  98   0   0   0   0   0   0   0   0   0   0   0   0   0  2.96 1.16
  143 T   -2 -6 -4 -6 -3 -5 -5 -5 -4 -4 -6 -5 -6 -6 -3  5  7 -7 -5 -3    2   0   0   0   1   0   0   1   0   1   0   0   0   0   1  34  57   0   0   2  1.71 0.82
  144 P   -5 -7 -7 -7 -4 -7 -6 -8 -8  1 -2 -6 -2 -5  8 -6 -6 -9 -7 -2    1   0   0   0   0   0   0   0   0   9   5   0   1   1  80   0   0   0   0   2  2.57 1.00
  145 S    1 -5 -3 -5  0 -5 -5 -2 -5 -4 -6 -5 -4 -6 -5  4  6 -7 -5 -3   12   0   1   0   2   0   0   3   0   1   0   0   0   0   0  35  45   0   0   1  1.33 0.69
  146 N   -7 -6  9 -4 -8 -6 -6 -6 -5 -9 -9 -6 -8 -9 -8 -2 -4 -9 -4 -9    0   0  96   0   0   0   0   0   0   0   0   0   0   0   0   2   1   0   1   0  3.27 1.20
  147 P   -6 -8 -8 -7 -9 -7 -7 -7 -8 -8 -6 -7 -5 -5  9 -7 -6 -10 -7 -6    0   0   0   0   0   0   0   0   0   0   1   0   0   1  97   0   0   0   0   1  3.44 1.25
  148 L   -3  0 -1 -5 -1 -3 -4 -4 -1 -2  4 -3  3 -2 -5 -2  4 -5 -1 -2    1   5   3   0   1   1   0   1   2   2  39   1   6   1   0   2  30   0   2   2  0.73 0.45
  149 L   -4 -6 -4 -7 -1 -2 -7 -6 -4  0  5 -6  6  0 -7 -6 -3 -3 -3 -1    1   0   1   0   2   2   0   0   0   4  61   0  21   3   0   0   2   0   1   2  1.44 0.64
  150 K   -1  4  0  0 -2  2  1 -2  0 -4 -4  4 -3 -4 -4  0 -1 -5 -3 -3    4  24   3   5   1   8   8   2   2   0   1  27   0   1   0   6   4   0   1   2  0.60 0.37
  151 V   -4 -7 -7 -7  2 -5 -5 -7 -7  5  2 -6  0 -4 -7 -5 -4 -6 -5  5    1   0   0   0   5   0   1   0   0  33  19   0   1   0   0   0   0   0   0  39  1.33 0.58
  152 L    1 -4 -3 -5  2 -1 -4 -4 -4  2  0 -4 -1 -1 -1  0  3 -2 -1  3   10   0   1   0   4   3   0   1   0  14   7   0   1   3   4   7  18   1   2  23  0.39 0.29
  153 D   -6 -6 -1  9 -9 -5 -3 -7 -6 -9 -9 -6 -9 -9 -3 -3 -6 -10 -9 -9    0   0   3  93   0   0   1   0   0   0   0   0   0   0   2   1   0   0   0   0  2.93 1.08
  154 I   -5 -7 -8 -8 -6 -7 -7 -8 -5  7  3 -7  0 -3 -5 -7 -4 -7 -5  1    1   0   0   0   0   0   0   0   0  60  28   0   2   1   0   0   1   0   0   7  1.72 0.69
  155 K    3  3 -2 -1 -3  1  3 -2 -2 -5 -5  2 -4 -5  2  0 -1 -6 -4 -3   22  15   1   3   0   5  19   2   1   0   0  13   0   0   8   5   2   0   0   1  0.52 0.35
  156 E    4  2 -2 -3 -4 -1  1  0 -1 -5 -2  2 -3 -3 -2 -1 -2 -3 -2 -3   43  10   1   1   0   3   9   7   1   0   3  11   1   1   1   4   2   0   1   1  0.54 0.37
  157 I   -1 -6 -6 -7  1 -6 -6 -5 -6  5  3 -6  0 -1 -5 -5 -1 -1 -4  4    5   0   0   0   3   0   0   1   0  31  22   0   2   2   0   0   3   1   0  30  1.00 0.47
  158 S    5 -5 -5 -6  4 -5 -5 -1 -5 -2 -5 -3 -4 -5 -5  3 -1 -7 -5  2   51   0   0   0   7   0   0   4   0   2   0   1   0   0   0  18   3   0   0  13  1.03 0.56
  159 A    2  1 -1  2 -5  1  3 -2 -2 -5 -3  3 -3 -6 -3  0 -1 -6 -4 -4   16   7   3  11   0   7  23   3   1   0   2  17   0   0   0   5   4   0   0   1  0.48 0.33
  160 I    0 -3 -5 -5 -4 -3 -4 -6 -3  4  3 -3  1  1 -5 -4 -2  0 -3  2   10   2   0   0   0   1   1   0   1  28  32   2   3   5   0   1   2   1   0  10  0.67 0.36
  161 A    6 -4 -6 -6  4 -5 -5 -1 -6 -2 -4 -5 -5 -6 -5 -2  0 -7 -6  1   68   1   0   0   8   0   0   4   0   2   1   0   0   0   0   2   5   0   0   9  1.41 0.68
  162 K   -3  4 -2 -3 -7 -1 -2 -5  8 -7 -6  5 -4 -5 -6 -4 -4  2 -4 -6    2  19   1   1   0   2   2   1  35   0   0  32   0   0   0   1   1   3   0   0  1.65 0.71
  163 A    2  2 -1  0 -5  1  3 -1 -2 -5 -5  3 -4 -6 -3  1 -1 -6 -4 -4   18  12   3   5   0   6  19   3   0   0   0  19   0   0   1   9   3   0   0   1  0.52 0.34
  164 H    1  2  1 -4 -2 -1 -2 -3  7 -2 -4  2 -4 -2 -2 -1 -1 -3  2 -1   13  12   7   0   1   3   1   2  26   2   1  10   0   2   2   3   3   0   7   5  0.62 0.37
  165 D   -3 -1  4  2 -7 -2 -2  6  0 -7 -7  1 -6 -7 -5 -2 -5 -7 -6 -7    1   3  16  11   0   2   2  50   2   0   0  10   0   0   0   2   0   0   0   0  1.17 0.56
  166 A    4 -5 -6 -6  2 -5 -5 -3 -6  4  1 -5 -2 -4 -2 -2 -1 -5 -5  2   34   0   0   0   3   0   0   1   0  27  13   0   1   0   2   2   4   0   0  12  0.77 0.43
  167 L   -2  0 -4 -5 -4 -2 -3 -5 -2  3  3  1  1  0  0 -3  0  1 -1  1    2   5   0   0   0   2   1   1   1  17  35   9   2   4   6   1   5   2   2   7  0.41 0.28
  168 T   -3 -5 -5 -6 -1 -5 -5 -6 -2  0  3 -5 -1  0 -6  0  3 -5 -1  4    2   0   0   0   1   0   0   0   1   4  31   0   1   3   0   7  18   0   2  30  0.77 0.44
  169 L    1 -6 -5 -6  3 -5 -6 -4 -6  4  0 -3  2 -1 -6 -2 -2 -6 -3  5   14   0   0   0   5   0   0   1   0  19   7   2   5   2   0   2   2   0   1  40  0.83 0.44
  170 V   -1 -7 -7 -8  2 -7 -7 -7 -1  3 -2 -7 -1 -4 -7 -5 -4 -7 -6  7    5   0   0   0   4   0   0   0   2  17   2   0   1   1   0   0   1   0   0  68  1.70 0.72
  171 D   -7 -7 -4  9 -9 -6 -3 -7 -7 -9 -9 -6 -9 -9 -3 -6 -7 -10 -9 -9    0   0   0  98   0   0   0   0   0   0   0   0   0   0   2   0   0   0   0   0  3.22 1.16
  172 N   -1 -6  9 -4 -5 -5 -5 -3 -4 -8 -8 -5 -7 -8 -6  1 -4 -9 -7 -8    6   0  80   0   0   0   0   2   0   0   0   0   0   0   0  11   0   0   0   0  2.49 0.99
  173 T   -4 -7 -5 -6  0 -6 -6 -7 -7 -3 -7 -6 -6 -8 -7  0  8 -8 -7 -4    1   0   0   0   2   0   0   0   0   2   0   0   0   0   0   5  90   0   0   1  2.59 1.07
  174 F   -6 -8 -6 -9 -4 -8 -8 -8 -6 -1  0 -8  2  9 -9 -6 -6  2  0 -3    0   0   0   0   0   0   0   0   0   3   7   0   5  77   0   0   0   3   2   2  2.50 0.91
  175 A    5 -3 -5 -6  2 -4 -5 -2 -6 -3  1 -5  5 -5 -3 -1 -2 -6 -4 -2   50   2   0   0   4   0   0   2   0   1  15   0  16   0   1   3   3   0   1   2  1.02 0.56
  176 T   -4 -6 -4 -5 -3 -5 -5 -3 -6 -6 -7 -3 -6 -7 -2  5  7 -7 -6 -5    1   0   0   0   0   0   0   1   0   0   0   2   0   0   2  39  55   0   0   0  1.80 0.85
  177 P   -2 -7 -7 -7 -2 -3 -7 -6 -8 -7 -8 -7 -8 -7  9 -3 -7 -9 -8 -8    4   0   0   0   1   2   0   1   0   0   0   0   0   0  90   2   0   0   0   0  3.08 1.15
  178 Y    0 -6 -6 -7 -1 -6 -6 -6 -3  2  0 -5  0  2 -4 -3 -4  1  7  2    7   0   0   0   1   0   0   0   0  12  10   0   2   6   1   2   0   1  41  16  1.17 0.56
  179 L   -4 -4  4 -5 -1 -5 -5 -3  0  0  4 -5 -1  4 -6 -4 -4 -1  1 -1    1   1  18   0   1   0   0   3   2   5  42   0   1  18   0   1   0   1   4   3  0.85 0.46
  180 Q   -5 -4 -5 -3  3  8 -3 -7 -3 -2 -1 -4  0  0 -6 -2 -1 -7 -3 -3    1   0   0   2   5  67   0   0   1   2   6   0   3   4   0   3   4   0   1   2  1.74 0.83
  181 Q   -4  6  3 -3 -3  4 -4 -6 -1 -7 -5  3 -1 -5 -5 -2 -2 -5 -5 -6    1  42  15   1   1  16   0   0   2   0   1  14   2   0   0   3   3   0   0   0  1.22 0.61
  182 P   -2 -7 -7 -7 -3 -7 -6 -5 -7 -8 -7 -6 -7 -7  9 -5 -5 -9 -8 -6    4   0   0   0   1   0   0   1   0   0   1   0   0   0  92   0   1   0   0   1  3.14 1.15
  183 I   -2 -6 -7 -8 -5 -6 -7 -7 -3  3  6 -4 -2  0 -7 -5 -4 -6 -2 -2    3   0   0   0   0   0   0   0   1  16  71   1   0   4   0   1   1   0   1   1  1.47 0.64
  184 A    1 -1  1  3 -5  0  4 -3 -2 -4 -2  1 -3 -6 -2  1  0 -6 -5 -3   13   3   6  18   0   3  27   1   1   0   3   8   0   0   1   8   6   0   0   1  0.50 0.33
  185 L   -4 -4 -5 -6 -3 -2 -5 -7  4 -1  5 -5  2  3 -7 -5 -5  2  2 -3    1   0   0   0   1   2   0   0  10   2  57   0   4  13   0   0   0   2   5   1  1.18 0.56
  186 G   -5 -8 -6 -4 -8 -6 -7  8 -5 -9 -9 -6 -8 -9 -7 -3 -7 -8 -8 -9    0   0   0   1   0   0   0  96   0   0   0   0   0   0   0   2   0   0   0   0  2.78 1.02
  187 A    6 -6 -6 -6  1 -6 -6 -5 -6  2 -5 -5 -4 -1 -5 -2 -3 -4 -4  2   66   0   0   0   2   0   0   0   0  10   0   0   0   3   0   2   1   0   1  15  1.41 0.69
  188 D   -5 -7 -2  8 -8 -5 -3 -6 -1 -8 -9 -6 -8 -9 -7 -2 -3 -9 -5 -7    1   0   2  90   0   0   0   0   1   0   0   0   0   0   0   3   2   0   0   0  2.74 1.03
  189 I   -3 -6 -7 -7 -4 -6 -7 -6 -6  6  3 -6  2  0 -6 -6 -4 -3 -1  3    2   0   0   0   0   0   0   0   0  39  26   0   4   4   0   0   0   0   2  21  1.17 0.52
  190 V   -2 -3 -7 -7  0 -6 -4 -7 -7  0 -4 -6 -4 -6 -7  0 -1 -7 -6  7    2   2   0   0   2   0   1   0   0   4   0   0   0   0   0   8   3   0   0  78  1.83 0.79
  191 L   -3 -6 -6 -7 -1 -6 -6 -7 -4  4  2 -6  5 -2 -6 -5 -3 -1  0  5    1   0   0   0   1   0   0   0   0  19  18   0  15   2   0   0   1   1   3  37  1.11 0.51
  192 H   -6 -6 -2 -4 -5 -1 -2 -7 11 -5 -6 -6 -7 -5 -8 -5 -4 -7  3 -7    1   0   2   1   0   2   3   0  77   1   1   0   0   0   0   1   1   0  10   0  3.10 1.10
  193 S   -3 -3 -5 -6 -6 -5 -6 -6 -6 -8 -8 -6 -7 -8 -6  8 -3 -8 -7 -7    1   2   0   0   0   0   0   0   0   0   0   0   0   0   0  97   1   0   0   0  2.62 1.11
  194 A    5 -5 -4 -5  2 -5 -5  0 -5  0  1 -5  0 -5 -5 -1  3 -6 -5  0   44   0   0   0   5   0   0   7   0   4  13   0   2   0   0   4  16   0   0   5  0.74 0.46
  195 T   -5 -6 -2 -6 -6 -6 -6 -5 -7 -6 -7 -6 -6 -8 -6  2  8 -8 -7 -5    0   0   2   0   0   0   0   0   0   0   0   0   0   0   0  13  84   0   0   0  2.42 1.03
  196 K   -6 -3 -6 -6 -9 -4 -5 -7 -6 -8 -8  8 -7 -9 -7 -3 -6 -9 -7 -8    0   0   0   0   0   0   0   0   0   0   0  98   0   0   0   2   0   0   0   0  2.98 1.13
  197 Y   -4 -7 -7 -8 -8 -7 -8 -6 -1 -6 -4 -7 -4  5 -8 -4 -7 -1  9 -6    1   0   0   0   0   0   0   1   1   0   1   0   0  18   0   1   0   0  75   0  2.90 1.06
  198 L   -5 -7 -7 -8 -5 -6 -7 -8 -7  5  5 -7  4 -1 -7 -6 -5 -6 -2 -1    0   0   0   0   0   0   0   0   0  32  51   0   9   2   0   0   0   0   1   3  1.49 0.64
  199 G    1 -5  6  0  1 -5 -4  5 -4 -7 -4 -5 -6 -6 -6  2 -4 -7 -6 -5    9   0  32   4   3   0   1  35   0   0   2   0   0   0   0  13   0   0   0   0  1.13 0.57
  200 G   -5 -8 -4 -7 -8 -7 -7  8 -7 -9 -9 -7 -8 -8 -7 -5 -3 -8 -8 -8    0   0   0   0   0   0   0  98   0   0   0   0   0   0   0   0   2   0   0   0  2.86 1.04
  201 H   -8 -5 -4 -7 -9  0 -6 -8 11 -9 -5 -7 -7 -6 -8 -6 -8 -8 -4 -9    0   0   1   0   0   3   0   0  94   0   2   0   0   0   0   0   0   0   0   0  4.05 1.34
  202 S   -1 -5  2 -3 -2 -4 -5  3  3 -7 -7 -5 -5 -6 -6  6 -1 -7 -6 -5    4   0  10   1   1   0   0  21   7   0   0   0   0   0   0  53   2   0   0   0  1.26 0.66
  203 D   -4 -1 -1  8 -9 -4 -3 -7 -5 -8 -7 -6 -4 -9 -7 -2 -3 -9 -7 -6    1   3   2  87   0   0   0   0   0   0   0   0   1   0   0   2   2   0   0   1  2.56 0.99
  204 V    0 -6 -6 -7  0 -5 -6 -4 -4  2  2 -6 -1 -4 -6 -2  0 -3 -5  6    7   0   0   0   2   0   0   1   0  10  20   0   1   0   0   3   5   0   0  50  1.01 0.50
  205 V   -4 -6 -5 -6 -1 -5 -6 -5 -6  4  3 -5  4 -3 -2 -3  1 -6 -5  4    1   0   0   0   1   0   0   0   0  26  24   0  10   1   2   1  10   0   0  24  0.90 0.45
  206 A    4 -6 -4 -3  1 -5 -5  5 -3 -5 -2 -4  5 -5 -6 -2 -4 -6 -5 -4   35   0   0   2   2   0   0  38   0   0   3   0  14   0   0   3   0   0   0   0  1.18 0.59
  207 G   -5 -7 -6 -5 -8 -7 -7  8 -7 -9 -9 -7 -8 -8 -7 -5 -7 -8 -8 -8    0   0   0   0   0   0   0  99   0   0   0   0   0   0   0   0   0   0   0   0  2.92 1.05
  208 L    4 -4 -5 -5  2 -4 -4 -2 -5  1  0 -4  0  0 -4 -1 -2 -5 -1  4   36   0   0   0   5   0   0   2   0   6   8   0   2   4   0   5   2   0   2  27  0.67 0.39
  209 V   -1 -6 -6 -7 -3 -6 -6 -7 -6  4  2 -6 -1 -1 -6 -4 -2 -6 -5  6    6   0   0   0   0   0   0   0   0  20  20   0   1   2   0   1   2   0   0  48  1.18 0.53
  210 T    3 -5 -5 -5  4 -4 -5 -4 -5  4  0 -4  1 -4 -5 -1  0 -5 -4  4   21   0   0   0   7   0   0   1   0  20   7   0   3   0   0   5   6   0   0  27  0.68 0.38
  211 T    1 -4 -3 -3  3 -3 -4  3 -4 -2 -1 -3  0 -2 -3  1  4 -3 -3  2   11   1   0   1   5   0   1  21   0   1   7   1   2   2   1   9  24   0   1  13  0.44 0.30
  212 N   -1  2  5  0 -3 -2 -3  2 -1 -5 -5  2 -5 -5 -1  2 -2 -4 -5 -5    5  10  26   4   0   1   0  17   1   0   1  14   0   0   3  15   1   0   0   0  0.64 0.39
  213 S   -1  2  2  4 -1 -1  0 -1  0 -5 -4  1 -1 -5 -1  2  0 -4 -4 -4    4  10  10  26   2   1   4   3   2   0   1   8   2   0   3  17   5   0   0   1  0.47 0.31
  214 K    1  0 -1  3 -4  1  3 -3 -1 -3 -2  3 -4 -5  2 -1 -2 -4 -4 -3   11   5   1  15   0   5  21   2   1   1   3  17   0   0   9   2   2   0   0   2  0.45 0.30
  215 E    1  0 -1  3 -5  0  4 -2  0 -3 -3  0 -4 -1 -3  0 -1 -5 -2 -3   11   5   2  17   0   3  33   2   2   1   3   5   0   3   1   6   3   0   2   2  0.49 0.33
  216 L   -3 -4 -5 -4 -4 -3 -6 -6 -1  4  5 -5  2  1 -6 -5 -3  0 -1  1    1   1   1   1   0   1   0   0   2  19  50   0   5   6   0   0   1   1   2   7  0.94 0.45
  217 A    2 -1 -1 -1  0 -1 -1  0  2  1  0 -1  1  0 -3 -1 -1  1  2  1   20   2   3   4   2   2   3   6   5  12   7   3   5   3   0   2   3   2   9   9  0.11 0.13
  218 S    0  1  1  3 -5  1  4 -2 -1 -5 -4  3 -3 -5 -2  0 -1 -6 -4 -4    7   6   5  14   0   5  29   3   1   0   1  16   0   0   1   6   3   0   0   1  0.55 0.34
  219 E   -1  4 -1 -1 -4  2  2 -3  0 -1 -2  3 -2 -5  0 -1 -1 -2 -3 -3    5  22   2   3   0   8  12   1   2   4   3  22   1   0   5   2   3   1   0   2  0.44 0.29
  220 I   -1 -1 -6 -6 -1 -5 -5 -6 -4  4  4 -4  2 -1 -5 -4 -3 -3 -3  3    5   4   0   0   1   0   0   0   0  23  41   1   5   2   0   1   1   0   0  16  0.87 0.43
  221 G    0  5 -2 -3 -3  0 -2 -1  1 -4 -3  3 -2  0 -4 -2 -2  4  3 -4    8  30   2   1   0   4   2   4   4   1   3  15   1   4   0   3   2   6   9   1  0.56 0.35
  222 F   -1  0  0 -1 -5  0  0 -1  1 -3 -1  0 -2  5 -2 -1  0  2  1 -3    6   6   4   4   0   3   7   4   3   1   5   6   1  30   2   5   5   3   4   1  0.35 0.26
  223 L   -1 -2 -2 -4 -2 -1 -2 -3  1  2  2 -2  2  1 -4 -2  0  4  1  1    5   2   2   0   1   3   3   2   3  10  26   2   5   6   0   3   7   6   6   9  0.26 0.19
  224 Q    0  3 -2 -5 -2  6 -2 -3  2  0 -1 -1  1 -3 -5 -1 -2 -5 -1 -1    8  14   1   0   1  38   1   2   5   5   7   2   4   1   0   3   1   0   2   3  0.71 0.46
  225 N   -2  2  5 -1 -2 -1 -1 -2  0 -1 -2  3 -1 -3 -4 -1  0 -3 -1 -1    2  11  31   2   1   2   2   3   2   4   3  17   2   1   0   3   6   0   2   5  0.51 0.34
  226 S    2 -1  1  0  1 -1 -2 -2  1  0  1 -2  1 -1 -3  1  1 -3 -1  0   23   3   6   5   3   2   1   2   4   5  12   1   4   2   0   9   9   0   2   7  0.15 0.17
  227 I    0 -3 -3 -4  0 -2 -1 -2 -1  1  2 -2  2  2 -4 -2  2 -1  1  1    6   1   1   0   2   1   5   2   2   8  25   2   5  10   0   2  14   1   4   8  0.26 0.21
  228 G   -5 -7 -6 -6 -8 -7 -6  8 -7 -9 -6 -7 -8 -8 -7 -5 -7 -8 -8 -8    0   0   0   0   0   0   0  98   0   0   1   0   0   0   0   0   0   0   0   0  2.85 1.03
  229 A    4 -4  0 -4  1 -2 -4  3 -3 -2 -2 -4 -2 -4  1  1  0 -5 -4 -2   31   0   4   0   3   2   0  25   0   3   4   0   1   0   8  10   6   0   0   2  0.55 0.36
  230 V    0 -4  0 -5  3 -3 -4  0 -2  3 -2 -4  0 -3 -3  0  2 -5 -2  4    7   0   5   0   6   1   0   6   1  16   2   0   2   0   1   8  12   0   1  31  0.48 0.32
  231 L   -1 -5 -5 -6 -1 -2 -4 -2 -6  1  4 -5  4 -2  4 -2 -3 -6 -5 -2    5   0   0   0   2   2   1   3   0   9  38   0  10   1  24   2   1   0   0   1  0.85 0.46
  232 G    2 -5  0  3 -1 -3 -3  2 -3 -6 -6 -4 -6 -6 -3  5 -3 -7 -6 -6   13   0   4  16   1   1   1  14   0   0   0   0   0   0   1  47   1   0   0   0  1.04 0.58
  233 P    0 -7 -6 -6 -8 -7 -6 -7 -7 -7 -8 -6 -8 -9  9 -3 -5 -9 -8 -6    9   0   0   0   0   0   0   0   0   0   0   0   0   0  87   2   1   0   0   1  2.95 1.11
  234 Q   -5 -4 -1 -3 -7 -1 -3 -6  4 -3 -1 -6  2  8 -7 -5 -4  0  0 -4    1   1   3   2   0   3   2   0   8   1   5   0   5  63   0   1   1   1   2   1  1.79 0.73
  235 D    0 -5  3  7 -3 -1  2 -4 -3 -5 -6 -4 -3 -7 -4 -1 -1 -7 -6 -4    9   0  11  53   1   2  12   1   1   1   0   0   1   0   0   4   3   0   0   1  1.27 0.60
  236 S    5 -6 -6 -6  8 -6 -6 -4 -6 -6 -5 -4 -5 -7 -6  3 -3 -7 -6 -4   46   0   0   0  31   0   0   1   0   0   1   1   0   0   0  18   1   0   0   1  1.78 0.77
  237 W   -4 -7 -6 -7 -7 -7 -8 -7 -1 -6 -6 -8 -3  5 -8 -3 -6 11  6 -7    2   0   0   0   0   0   0   0   1   0   0   0   1  23   0   2   0  47  23   0  2.85 1.01
  238 L   -5 -4 -7 -7 -6 -1 -5 -8 -5 -1  6 -5  2 -1 -7 -6 -4 -5 -4 -2    1   1   0   0   0   3   1   0   0   2  83   0   4   2   0   0   1   0   0   2  1.71 0.72
  239 V    1 -5 -4 -6  3 -4 -5 -4 -5  2  3 -5  1 -1 -5 -3  2 -5 -4  3   10   0   1   0   5   0   0   1   0  11  33   0   3   2   0   1  11   0   0  20  0.64 0.36
  240 Q   -1 -3  1 -2 -1  0 -1 -3  1  1  4 -3  2 -2 -5 -1 -1 -3 -2 -1    5   1   7   2   1   4   5   1   4   8  44   0   5   1   0   4   4   0   1   2  0.45 0.31
  241 R   -6  8 -3 -6 -6  0 -5 -7 -5 -5 -4  0 -2 -7 -7 -5 -5 -7 -6 -7    0  86   1   0   0   3   0   0   0   1   2   4   1   0   0   0   0   0   0   0  2.52 0.97
  242 G   -4 -7 -5 -5 -7 -6 -5  7 -5 -8 -8 -6 -7 -7 -6  2 -5 -7 -7 -7    0   0   0   0   0   0   0  81   0   0   0   0   0   0   0  16   0   0   0   0  2.23 0.87
  243 I   -2 -6 -7 -7 -3 -6 -6 -7 -6  4  5 -6  4 -3 -6 -5 -2 -6 -5  1    3   0   0   0   0   0   0   0   0  23  53   0   9   0   0   1   2   0   0   8  1.25 0.55
  244 K   -3  4 -4 -5 -7 -1  0 -6 -4 -7 -6  7 -2 -7 -4 -4 -4 -7 -4 -4    2  17   1   0   0   2   6   0   0   0   0  67   1   0   1   0   1   0   0   1  1.74 0.75
  245 T   -5 -6 -5 -6 -6 -6 -6 -7 -7 -6 -7 -6 -6 -7 -6 -2  8 -8 -7 -5    0   0   0   0   0   0   0   0   0   0   0   0   0   0   0   2  97   0   0   0  2.89 1.14
  246 L   -5 -7 -8 -8 -6 -6 -7 -8 -7 -2  6 -7  4  1 -7 -7 -6 -6 -4 -3    0   0   0   0   0   0   0   0   0   2  83   0   8   6   0   0   0   0   0   0  1.93 0.78
  247 A    3 -3 -2 -1 -2 -2  1  1  5 -5 -5 -1 -4 -3  3  1 -2 -4 -3 -3   27   1   1   3   1   1   8   9  14   0   0   4   0   1  17  10   2   0   1   1  0.61 0.39
  248 L   -3 -6 -7 -7 -3 -4 -7 -7 -5  3  5 -6 -1 -3 -4 -5 -4 -6 -3  3    2   0   0   0   0   1   0   0   0  14  58   0   1   0   1   0   0   0   1  22  1.27 0.57
  249 R   -7  9 -6 -7 -9 -4 -6 -8 -6 -9 -8 -2 -7 -8 -8 -6 -7 -8 -7 -8    0  98   0   0   0   0   0   0   0   0   0   1   0   0   0   0   0   0   0   0  3.25 1.18
  250 M   -3 -7 -7 -8 -6 -5 -7 -8 -6  0  0 -6 10 -2 -7 -5 -5 -3 -4  4    2   0   0   0   0   0   0   0   0   4   9   0  59   1   0   0   0   0   1  23  2.20 0.88
  251 E   -1  3 -2  2 -4  2  5 -4 -1 -6 -4  2 -4 -5 -2 -3 -3 -6 -5 -5    6  15   2  12   0  10  35   1   1   0   2  12   0   0   2   1   1   0   0   0  0.81 0.45
  252 A    2  6 -4 -5 -6  3  0 -5 -1 -5 -4  3 -2 -5 -5 -3 -2 -4 -3 -3   14  40   0   0   0  15   4   0   2   0   1  16   1   0   0   1   2   0   1   2  1.02 0.53
  253 H    0 -5 -4 -5 -5  5 -4 -5 10 -4 -6 -4 -4 -6 -7 -2 -5 -7 -3 -5    7   0   0   0   0  28   1   1  56   1   0   0   0   0   0   3   0   0   1   1  2.35 0.93
  254 S   -1 -4  4 -3  7  4 -1 -3 -3 -4 -5 -3  2 -2 -5  2 -1 -4 -2 -3    5   0  19   1  19  17   4   2   0   1   0   1   5   2   0  16   4   0   1   1  0.80 0.47
  255 A    2  1 -2  1 -4  1  4 -3  0 -4 -4  2 -4 -4 -4  1 -1 -6 -3 -4   18   8   2   7   0   7  29   1   2   1   1  11   0   1   0   9   3   0   1   1  0.53 0.35
  256 N   -4 -4  8 -4 -5 -5 -5 -3 -2 -7 -8 -5 -7 -8 -6  2  1 -8 -7 -6    1   1  71   0   0   0   0   2   1   0   0   0   0   0   0  14   9   0   0   0  2.15 0.90
  257 A    7 -6 -6 -6 -4 -5 -6  1 -5 -6 -6 -5 -6 -7 -6 -1 -1 -7 -6 -5   82   0   0   0   0   0   0  10   0   0   0   0   0   0   0   3   3   0   0   0  1.89 0.83
  258 Q   -1  0 -4 -4 -4  3  0 -3 -1  0  3 -1  5 -1 -5 -3 -2 -3 -2 -2    6   5   0   0   0  16   5   2   1   3  32   4  16   2   0   1   2   0   1   1  0.56 0.38
  259 K    3  2 -2 -3 -3  2  1 -3 -1 -1 -2  3 -1 -3 -4 -2 -1 -4 -3 -2   28  11   1   0   1   7  11   1   1   5   3  21   1   1   0   2   3   0   1   2  0.45 0.33
  260 I   -4 -7 -7 -7 -5 -6 -7 -8 -7  5  3 -6  0 -4 -7 -6 -4 -6 -5  5    0   0   0   0   0   0   0   0   0  34  26   0   2   0   0   0   0   0   0  37  1.44 0.61
  261 A    7 -6 -6 -7 -4 -6 -6 -3 -7 -4 -4 -6 -5 -6 -6 -3 -4 -7 -7 -1   90   0   0   0   0   0   0   2   0   1   1   0   0   0   0   1   1   0   0   4  2.12 0.91
  262 E   -1  3  0  0 -4  3  4 -3  0 -5 -3  2 -3 -6 -4 -1  0 -5 -5 -3    6  16   4   5   0  13  28   2   2   0   2  13   0   0   0   3   5   0   0   1  0.60 0.37
  263 F    0 -1 -7 -7 -6 -6 -5 -6  0 -4 -2 -4 -1  7 -7 -5 -4  7  5 -3    8   4   0   0   0   0   1   0   2   0   4   1   2  47   0   1   1  13  15   2  1.58 0.66
  264 L   -5 -7 -8 -8 -4 -7 -8 -8 -8 -3  7 -7 -1 -1 -8 -7 -6 -6 -6 -3    0   0   0   0   0   0   0   0   0   0  94   0   1   2   0   0   0   0   0   1  2.24 0.88
  265 E    2 -1 -1  0 -3  2  5 -4 -1 -5 -3  0 -3 -6 -4  1 -2 -6 -5 -3   15   2   3   5   1   8  43   0   1   0   3   5   0   0   0   9   2   0   0   2  0.77 0.46
  266 T    1  0  1  1 -2  2  1  1 -1 -4 -4  2 -3 -4 -3  2  1 -4 -4 -3   13   5   7   7   1   8   9  10   1   0   0  11   0   0   0  17   8   0   0   1  0.32 0.25
  267 S   -5  0  1 -2 -4  2 -3 -6 10 -6 -4 -4 -6 -6 -7 -1 -6 -7 -3 -5    1   5   6   2   1   8   2   0  66   0   2   1   0   0   0   5   0   0   0   1  2.37 0.91
  268 K   -2 -3 -2 -1 -6 -2  0 -2 -3 -6 -6  0 -5 -8  8  0 -4 -8 -6 -6    3   2   2   3   0   2   6   3   1   0   1   5   0   0  65   6   0   0   0   0  1.75 0.75
  269 A    1  2 -1 -2 -1  0  0  0  1 -2 -1  4  0  0 -4 -1 -3 -2 -2 -3   14  12   3   2   1   4   5   6   3   2   6  29   2   4   0   4   0   1   1   1  0.33 0.26
  270 V   -4 -7 -7 -6 -5 -6 -6 -6 -7  4 -2 -6 -4 -3 -6 -6 -4 -7 -5  7    1   0   0   0   0   0   0   1   0  21   1   0   0   1   0   0   0   0   0  73  1.97 0.78
  271 S    1  1 -1  1 -1  0  4 -2 -2 -3 -3  2 -3 -4 -3  1  0 -5 -4 -2   12   8   2   6   1   3  27   3   1   1   2  15   0   0   0  10   6   0   0   2  0.39 0.28
  272 K    0  5 -1 -2 -4  1  0 -4  0 -4 -4  5 -4 -5 -4 -1 -1  0 -3 -3    8  27   3   1   0   6   7   1   2   1   1  31   0   0   0   5   3   2   0   2  0.74 0.42
  273 V   -4 -7 -8 -8 -6 -7 -7 -8 -8  0 -2 -7 -4 -6 -7 -6 -3 -5 -6  8    1   0   0   0   0   0   0   0   0   4   2   0   0   0   0   0   1   0   0  91  2.42 0.94
  274 Y   -4  0  3 -4 -2 -4 -4 -5  5  1  1 -3 -1  2 -6 -3 -3  2  5 -3    1   5  14   1   1   0   0   0  15   9  14   1   1   8   0   2   1   2  23   1  0.79 0.43
  275 Y   -7 -7 -7 -7 -6 -7 -7 -8  4 -7 -6 -7 -6  1 -8 -4 -7 -1 10 -6    0   0   0   0   0   0   0   0   9   0   0   0   0   5   0   1   0   1  82   0  3.16 1.14
  276 P   -1 -7 -6 -7 -8 -6 -4 -7 -7 -5 -5 -6 -6 -8  9 -5 -4 -9 -8 -5    5   0   0   0   0   0   1   0   0   1   1   0   0   0  88   1   1   0   0   1  2.94 1.10
  277 G   -2 -6 -5 -6 -4 -6 -5  7 -5 -7 -5 -6 -4 -2 -6 -1 -4 -3 -4 -7    2   0   0   0   0   0   1  86   0   0   1   0   1   2   0   4   1   1   1   0  2.17 0.85
  278 L   -6 -4 -5 -5 -6 -6 -6 -7 -3 -2  7 -6 -1 -3 -7 -5 -5 -1 -4 -3    0   1   1   1   0   0   0   0   1   1  90   0   1   1   0   1   0   1   0   1  1.97 0.81
  279 N    1 -2 -3 -1 -3 -2  3 -5 -3 -4 -4  2 -5 -5  6  0 -2 -4 -3 -3   11   2   1   3   0   1  18   0   1   1   1  10   0   0  38   6   2   0   1   1  0.94 0.50
  280 S   -2 -4  1  2 -2 -2 -1 -1 -2 -6 -6 -3 -4 -6 -5  6  1 -4 -6 -5    2   1   6  12   1   1   3   5   1   0   0   1   0   0   0  58   7   0   0   0  1.14 0.62
  281 H   -4 -4  0 -1 -4 -5 -4 -5 11 -7 -7 -4 -6  1 -5 -1 -6 -4 -1 -6    1   0   4   3   0   0   1   1  73   0   0   1   0   6   1   5   0   0   2   0  2.71 0.98
  282 P   -3 -2 -5 -3 -6 -2  0 -6 -4 -6 -5 -1 -7 -6  8 -3 -3 -8 -6 -5    2   3   0   2   0   2   6   1   1   0   1   3   0   0  75   2   1   0   0   1  2.20 0.89
  283 G   -3 -2  0  3 -4  6 -1  3  1 -6 -6 -3 -4 -3 -5 -1 -3 -2 -1 -6    1   2   5  13   0  37   4  23   4   0   0   1   0   1   0   4   1   1   3   0  0.97 0.54
  284 H   -3  2 -3 -6 -5 -3 -4 -6 10 -7 -6 -2 -6  0 -5 -4 -5 -5  5 -6    2   9   1   0   0   1   1   0  57   0   1   3   0   4   0   1   1   0  19   1  2.28 0.87
  285 E    2 -1 -1  3 -6  1  5 -3  0 -4 -4  0 -4 -6 -3 -2 -2 -6 -3 -4   19   3   2  15   0   5  38   2   2   1   1   5   0   0   1   2   2   0   1   1  0.77 0.45
  286 I   -4 -2 -5 -6 -4 -5 -6 -6 -5  4  5 -5 -2 -3 -6 -5 -1 -6 -4  2    1   2   0   0   0   0   0   0   0  26  49   0   0   0   0   0   3   0   0  15  1.13 0.52
  287 A    6 -5 -3 -6 -2 -2 -5 -2  4 -3 -4 -5 -1 -1 -5 -2 -3 -5 -3 -2   68   0   1   0   1   2   0   2  11   1   1   0   2   3   0   1   1   0   1   3  1.37 0.68
  288 K    0  3 -2 -1 -2  1 -1 -3 -3 -4 -1  5  0 -2 -4 -1 -1  0  0 -2    9  13   2   3   1   6   4   1   0   1   6  37   2   1   0   4   3   2   3   2  0.53 0.35
  289 K   -1  5 -2 -3 -5  0  0 -4 -2 -6 -5  5 -4 -6 -5  1 -1 -6 -5 -5    5  34   1   1   0   4   5   1   1   0   1  31   0   0   0  11   3   0   0   0  1.04 0.54
  290 Q   -5 -4 -4 -5 -7  9 -3 -6 -4 -2  0 -4  1 -5 -6 -4 -4 -5 -2 -4    1   0   1   0   0  77   0   0   0   3   8   0   3   1   0   1   1   0   2   2  2.22 0.98
  291 M    1 -5 -5 -6  2  1 -5 -6  1 -3  1 -5  9  2 -5 -1 -2 -2 -4 -4   13   0   0   0   3   7   0   0   3   1  10   0  46   7   0   5   3   1   0   0  1.39 0.67
  292 S   -1  4  1  0 -3 -1 -2 -2  0 -3 -4  3 -3 -3 -2  3  1 -5 -2 -4    3  19   6   5   0   1   2   3   2   1   1  18   0   1   2  22  10   0   1   1  0.50 0.35
  293 A   -1 -3 -1  0 -2 -4 -5  7 -3 -6 -3 -3 -4 -5 -4 -2 -4 -7 -4 -6    5   2   3   4   1   1   0  72   1   0   3   1   0   0   1   3   1   0   1   0  1.57 0.68
  294 F    0 -4 -4 -5  2 -4 -6  1  3 -4 -4 -5 -1  7  1 -2 -4 -1  4 -4    8   1   1   0   5   1   0  11   6   1   0   0   2  39   7   2   1   1  15   1  1.08 0.54
  295 G   -4 -7 -4 -6 -4 -6 -7  7 -7 -8 -8 -6 -7 -7 -3  2 -3 -8 -8 -8    1   0   1   0   0   0   0  79   0   0   0   0   0   0   2  16   2   0   0   0  2.14 0.88
  296 G    3 -7 -4 -6 -2 -5 -6  6 -6 -7 -8 -6 -6 -6 -4  1 -4 -5 -6 -6   19   0   0   0   1   0   0  66   0   0   0   0   0   0   1  11   1   0   0   0  1.69 0.74
  297 M   -6 -7 -7 -7 -4 -6 -7 -8 -7  2  1 -7  9 -5 -8 -7 -3 -7 -6  4    0   0   0   0   0   0   0   0   0   9  11   0  52   0   0   0   1   0   0  25  2.11 0.86
  298 I   -5 -6 -7 -7 -4 -6 -7 -8 -7  4  4 -6  3  1 -7 -6 -5 -6 -5  4    0   0   0   0   0   0   0   0   0  24  38   0   6   5   0   0   0   0   0  27  1.25 0.56
  299 S    1 -6 -4 -5  0 -5 -5 -3 -6 -6 -7 -5 -4 -7 -5  7  2 -2 -5 -6   11   0   0   0   2   0   0   2   0   0   0   0   0   0   0  72  12   1   0   0  1.74 0.85
  300 F   -5 -7 -8 -9 -5 -8 -8 -8 -7  1 -1 -8 -2  9 -9 -7 -7 -5 -2 -1    1   0   0   0   0   0   0   0   0   8   4   0   1  80   0   0   0   0   0   5  2.63 0.96
  301 E   -3  1 -3  1 -2 -1  5 -4 -2 -3 -2 -1 -5 -2 -5 -2  0 -2  3 -1    1   9   1   8   1   2  43   1   1   1   5   3   0   2   0   2   5   1  11   5  0.72 0.45
  302 L   -3 -6 -6 -6 -3 -6 -6 -7 -2  4  4 -6  1 -2 -4 -5  1 -6 -3  3    1   0   0   0   0   0   0   0   1  19  42   0   3   2   1   0   9   0   1  21  0.99 0.48
  303 T    1  2 -1  1 -5 -1  0  2 -1 -6 -6  5 -5 -6 -3 -1 -1 -6 -5 -4   10  11   3   8   0   1   5  13   1   0   0  38   0   0   1   3   3   0   0   1  0.70 0.42
  304 D   -3 -5 -1  3 -4 -4 -2  6 -5 -7 -7 -4 -7 -7 -2  1 -1 -7 -7 -6    1   0   3  17   0   0   3  58   0   0   0   1   0   0   2  11   4   0   0   0  1.34 0.63
  305 E    0  0 -1  1 -4 -1  0  5 -2 -2 -1  0 -2 -3 -2 -2 -2 -5 -2 -1    6   5   3   8   0   2   7  39   1   2   8   6   1   1   2   2   2   0   2   4  0.43 0.28
  306 N    1 -1 -1  2 -6  1  5 -3 -2 -3 -2  1 -4 -4 -2 -1 -1 -5 -1 -3   10   2   3  12   0   6  38   2   1   1   4   9   0   0   1   4   3   0   2   2  0.58 0.38
  307 A    4  0  0  1 -3  0  2  0  0 -3 -1  0 -1 -3 -3 -1 -1 -3 -3 -2   35   5   4   8   0   4  11   6   2   1   6   5   1   1   0   3   4   0   0   2  0.33 0.28
  308 V    5 -5 -4 -5  0 -4 -4  1 -3 -1 -3 -4 -2 -4 -2  2  1 -6 -4  2   43   0   0   0   2   0   1  10   1   3   2   0   1   1   1  14   8   0   1  13  0.71 0.45
  309 K    0  3  0  0 -2  1  1 -2 -1 -1 -1  2  0  0 -2  0 -1  0 -1 -1    7  15   4   4   1   4  11   2   1   4   6  17   3   5   1   5   3   2   1   4  0.16 0.15
  310 D    2  5 -1 -1 -3  0 -1 -4  1 -2 -3  4 -4 -5 -3 -2  1 -6 -4 -3   15  28   3   3   1   4   3   1   3   3   2  22   0   0   1   2   7   0   0   2  0.62 0.39
  311 F   -4 -7 -8 -8 -1 -7 -7 -8 -6  2  2 -7  1  8 -8 -7 -4 -4 -2  2    1   0   0   0   1   0   0   0   0   9  16   0   3  55   0   0   1   0   0  14  1.68 0.70
  312 V   -1 -6 -6 -6  3 -3 -6 -6 -4  3  3 -5  4  1 -5 -4 -2 -3 -3  3    6   0   0   0   6   1   0   0   0  14  31   0  11   5   0   0   3   0   1  22  0.80 0.42
  313 E   -1  1  3  4 -4  0  3 -1 -1 -6 -6  2 -4 -6 -4  1 -2 -6 -4 -5    5   7  16  22   0   3  16   4   1   0   0  14   0   0   0   9   2   0   0   0  0.64 0.38
  314 N    2  2  3 -3 -5 -2 -2  0  2 -6 -5  1 -4 -5 -5  3  0 -6 -4 -4   20  13  14   0   0   1   2   7   4   0   1   7   0   0   0  24   4   0   0   0  0.58 0.40
  315 L   -2 -5 -7 -7  1 -6 -6 -7 -7 -1  5 -6  0 -1 -6 -3  2 -6 -5  2    3   0   0   0   2   0   0   0   0   2  62   0   1   3   0   2  12   0   0  13  1.19 0.58
  316 S   -3  4 -1 -2 -7  3  2 -5  0 -7 -6  5 -5 -7 -4 -1 -2 -7 -5 -5    1  21   3   2   0  11  11   1   2   0   0  40   0   0   0   4   2   0   0   0  1.09 0.56
  317 Y   -4 -3 -6 -7 -2 -5 -6 -7 -3  4  5 -6  2  0 -6 -5 -2  0  1  2    1   1   0   0   1   0   0   0   1  20  47   0   4   3   0   0   2   1   5  13  0.99 0.48
  318 F   -1 -7 -6 -7  5 -6 -7 -5 -4  4 -2 -7 -1  7  1 -5 -5  4 -1  0    6   0   0   0  10   0   0   1   0  21   2   0   1  40   6   0   0   5   1   6  1.26 0.58
  319 T    0  1 -2 -2 -2  0 -2 -2  1 -1 -1  2 -1 -2 -2  2  4 -3 -1 -1    7   6   1   2   1   4   1   3   3   4   6  12   1   1   2  14  26   0   2   4  0.27 0.25
  320 L   -4  1 -1 -5  0 -2 -4 -6  0  3  4 -3  0  1  0 -3 -3 -5  0  0    0   7   3   0   2   1   1   0   3  20  37   1   1   6   6   1   1   0   3   5  0.55 0.34
  321 A    6 -6 -6 -6 -2 -5 -5  1 -6 -5 -5 -5 -5 -7 -6  0  1 -6 -6 -2   71   0   0   0   1   0   0   8   0   0   1   0   0   0   0   7   9   0   0   3  1.51 0.74
  322 E    0 -5 -3 -3 -3 -3  4 -2 -4 -2 -3 -4 -2 -4  3 -2  1 -5 -4  4    7   0   1   1   1   0  25   3   0   1   1   0   1   0  14   3  10   0   0  32  0.71 0.47
  323 S   -4 -6  1 -5 -6 -5 -5 -4 -3 -8 -8 -6 -7 -6 -6  7  0 -8 -7 -6    0   0   6   0   0   0   0   1   1   0   0   0   0   0   0  88   4   0   0   0  2.28 1.03
  324 L   -6 -7 -8 -9 -6 -7 -8 -8 -7 -2  6 -7 -2  3 -7 -7 -6  3 -4 -3    0   0   0   0   0   0   0   0   0   1  81   0   0  12   0   0   0   3   0   1  1.94 0.80
  325 G   -2 -8 -6 -7 -8 -7 -8  8 -7 -9 -9 -7 -8 -9 -8 -6 -7 -8 -8 -8    3   0   0   0   0   0   0  97   0   0   0   0   0   0   0   0   0   0   0   0  2.86 1.06
  326 G   -1 -6 -2  3  1 -5 -3  6 -2 -7 -7 -5 -7 -7 -6  1 -2 -7 -6 -7    5   0   1  16   3   0   1  61   1   0   0   0   0   0   0  10   2   0   0   0  1.45 0.66
  327 V   -1 -6 -4 -5  2 -6 -6 -6 -3  1 -2 -6 -3  0 -1 -4  2 -5  2  6    5   0   1   1   5   0   0   0   1   5   3   0   0   4   3   1  11   0   7  54  1.04 0.54
  328 E   -2  0  0  1 -4 -1  7 -4 -1 -6 -6  1 -6 -4 -5 -3 -2 -5 -3 -5    3   4   5   7   0   1  64   1   1   0   0   6   0   1   0   1   2   0   1   1  1.39 0.68
  329 S   -4 -6 -5 -5 -6 -5 -5 -6 -6 -7 -7 -5 -6 -7 -6  7  5 -8 -7 -6    0   0   0   0   0   0   0   0   0   0   0   0   0   0   0  71  28   0   0   0  2.08 0.96
  330 L   -5 -6 -6 -7 -4 -5 -6 -7 -7  1  6 -6  0 -3 -7 -3  1 -6 -5 -2    0   0   0   0   0   0   0   0   0   6  78   0   2   1   0   2   8   0   0   1  1.62 0.71
  331 I    2 -6 -7 -7  0 -6 -6 -5 -7  6  0 -6 -1 -3 -6 -5 -4 -2 -4  4   14   0   0   0   2   0   0   0   0  46   7   0   1   0   0   0   0   1   0  26  1.27 0.57
  332 E   -1 -4  0 -2  3  2  4 -3 -3 -3 -3 -3 -2 -4 -4  3  3 -3 -3 -2    3   0   3   1   7   8  26   2   0   1   3   1   1   1   0  22  16   0   1   3  0.58 0.40
  333 V   -4 -2 -4 -5  0  1 -4 -6  8  0  1 -4  3 -2 -4 -2 -4 -2  3 -1    1   2   0   0   2   6   0   0  41   6  15   0   6   1   1   3   1   1   8   5  1.22 0.57
  334 P   -4 -3 -6 -6 -5 -6 -6 -6 -6 -7 -6 -6 -6 -8  9 -3 -5 -8 -8 -4    2   2   0   0   0   0   0   0   0   0   1   0   0   0  89   2   1   0   0   1  2.98 1.12
  335 A    5 -2 -4 -3  4 -4 -3 -1 -4 -2 -2 -3 -1 -1 -2  1 -2  1  0 -1   49   2   0   1   9   0   1   4   0   2   3   1   1   3   2   9   2   2   3   5  0.71 0.43
  336 V    0  0 -1 -3 -2 -1 -2 -3 -1  1  1  0 -1  0 -3  3  3 -2 -1  0    5   5   2   1   0   2   1   1   1   7  12   4   1   4   1  22  21   1   2   6  0.26 0.24
  337 M   -3 -5 -5 -6 -4  0 -5 -5 -3 -2 -2 -4  9 -4 -6  0  4 -6 -5 -2    2   0   0   0   0   4   0   1   1   2   3   1  53   0   0   7  21   0   0   2  1.80 0.79
  338 T   -3 -5 -4 -4 -3 -4 -3 -4 -5 -3 -5 -4 -4 -4 -4  5  6 -1 -5 -3    1   0   0   0   0   0   1   1   0   1   1   0   0   1   1  41  47   1   0   1  1.51 0.73
  339 H   -4 -4 -4 -5 -5 -3 -4 -4 11 -7 -6 -5 -4 -1 -5 -4 -6 -6  1 -6    2   1   1   0   0   1   1   2  81   0   1   0   1   3   1   1   0   0   4   1  3.18 1.08
  340 A    4  2 -2 -2 -3 -2 -2  1  0 -2 -2 -1 -2 -1 -2  1 -2  2  0 -1   35  13   1   2   0   1   2   8   2   1   3   3   1   3   1  11   1   3   4   4  0.37 0.28
  341 S    1  0  0  1 -1 -1 -1  2  0 -3 -3 -1 -1 -2 -1  3 -1 -1 -2 -3   10   4   5   8   1   2   4  13   2   1   2   4   1   2   3  30   3   1   1   2  0.29 0.24
  342 I   -3 -4 -3 -5 -3 -2 -4 -6 -3  4  3 -4  5 -1 -5 -4 -2 -1  1  3    1   0   1   0   1   2   1   0   0  21  24   1  14   2   0   1   2   1   5  20  0.74 0.38
  343 P   -1 -4 -1  1 -5 -4 -2 -2 -5 -6 -5 -3 -5 -5  6  3  2 -6 -6 -5    5   1   3   8   0   1   2   4   0   0   1   1   0   0  38  22  14   0   0   0  1.08 0.57
  344 K    1  1 -2  1 -5  0  3 -2 -2 -4 -3  1 -3 -5  4 -1 -1 -5 -2 -2   13   8   1   7   0   4  20   3   1   1   3  10   0   0  20   3   3   0   1   3  0.46 0.31
  345 E    2 -2 -2  2 -6  0  6 -3 -2 -6 -5  0 -3 -5 -3 -1 -1 -4 -4 -4   14   2   1   9   0   4  49   2   1   0   1   6   1   0   1   4   4   0   1   1  0.92 0.51
  346 L    0 -1 -3  1 -4  3  5 -3 -1 -1 -2 -1 -1 -4 -3 -2 -1 -2 -3  1    8   3   0   8   0  12  34   2   1   4   4   2   1   0   1   1   4   0   1  10  0.50 0.35
  347 R   -5  7 -5 -5 -2  0 -4 -3 -4 -5  1  2 -2 -4 -5 -5 -5 -5 -6 -6    1  66   0   0   1   3   1   3   0   1  11   9   1   1   1   0   0   0   0   0  1.66 0.73
  348 E    2  1 -1  0 -3  1  3 -3 -2 -1  0  2 -1 -4 -2 -1 -1 -4 -3 -2   22   8   2   4   0   7  18   1   1   3  10  11   1   0   1   3   3   0   1   2  0.26 0.23
  349 E    3  2 -2 -2 -3  1  2 -3 -2 -2 -3  3 -3 -4 -3  0 -1 -4 -3 -1   26  13   2   2   0   6  13   2   1   2   3  18   0   1   1   5   3   0   1   4  0.42 0.30
  350 I    2  1 -2 -3 -2 -1 -3 -2 -2  1  2 -2  2 -1 -3 -1 -1 -1 -1  0   21  10   2   1   1   2   1   2   1   8  25   2   6   3   1   4   3   1   2   6  0.22 0.20
  351 G   -3 -4 -2 -2 -5 -4 -3  7 -2 -6 -6 -3 -5 -6 -5 -3 -5 -6 -6 -6    2   1   2   2   0   1   2  82   1   0   1   2   0   0   0   1   1   0   0   1  2.00 0.78
  352 I   -4 -5 -7 -7 -3 -6 -7 -6 -5  7  1 -6  0 -2 -5 -5 -4 -6 -4  3    1   1   0   0   1   0   0   0   0  63  11   0   2   2   0   0   1   0   0  16  1.65 0.67
  353 K   -1 -1  0  0 -3 -3 -2  0  0 -5 -4  0 -4 -4  3  2  5 -2 -1 -3    3   3   3   5   0   1   1   7   2   0   1   5   0   1  14  14  35   1   2   1  0.61 0.42
  354 D   -2 -3 -1  6 -7 -1  3 -3 -3 -6 -5 -2 -6 -5  3 -3 -3 -6 -4 -5    3   2   3  47   0   2  20   2   1   0   1   2   0   1  13   1   1   0   0   1  1.23 0.61
  355 G   -3 -2  4  3 -4 -1 -2  5 -3 -7 -7 -3 -4 -6 -6  1  0 -3 -4 -6    1   2  21  13   0   3   3  39   1   0   0   1   0   0   0  10   5   0   1   0  0.95 0.51
  356 L   -5 -6 -8 -6 -1 -5 -7 -7 -3 -1  6 -7  3  1 -7 -6 -1 -6 -4 -2    0   0   0   0   1   0   0   0   1   2  76   0   7   5   0   0   4   0   0   2  1.65 0.73
  357 I   -4 -7 -8 -8 -5 -7 -7 -7 -7  6  2 -7 -1 -1 -7 -6 -5 -7 -4  5    1   0   0   0   0   0   0   0   0  38  18   0   1   3   0   0   0   0   0  39  1.51 0.65
  358 R   -7  9 -6 -8 -10 -4 -6 -8 -6 -9 -8 -4 -7 -9 -8 -6 -5 -2 -8 -9    0  99   0   0   0   0   0   0   0   0   0   0   0   0   0   0   0   1   0   0  3.32 1.25
  359 L   -5 -7 -7 -8 -4 -6 -7 -8 -7  3  5 -7  2  3 -7 -6 -5 -6 -2  2    0   0   0   0   0   0   0   0   0  14  57   0   5  10   0   0   0   0   1  12  1.34 0.60
  360 S    0 -6 -5 -6  1 -6 -6 -5 -2 -8 -8 -6 -7 -8 -6  7 -4 -8 -5 -7    7   0   0   0   3   0   0   0   1   0   0   0   0   0   0  88   0   0   0   0  2.34 1.06
  361 V   -2 -7 -8 -8  3 -7 -7 -8 -8  3 -2 -7 -3 -3 -5 -6 -2 -7 -6  7    3   0   0   0   5   0   0   0   0  15   2   0   0   1   1   0   3   0   0  70  1.81 0.77
  362 G   -5 -8 -6 -7 -8 -8 -8  8 -8 -10 -10 -7 -8 -9 -8 -6 -7 -8 -9 -9    0   0   0   0   0   0   0 100   0   0   0   0   0   0   0   0   0   0   0   0  3.05 1.12
  363 V   -5 -7 -8 -8  0 -6 -8 -8 -8  7  4 -7 -1 -3 -7 -7 -4 -7 -6  1    1   0   0   0   2   0   0   0   0  51  37   0   1   1   0   0   1   0   0   7  1.63 0.68
  364 E   -7 -6 -6 -4 -10 -4  8 -8 -6 -9 -9 -5 -8 -9 -7 -5 -7 -9 -8 -8    0   0   0   0   0   0  99   0   0   0   0   0   0   0   0   1   0   0   0   0  3.09 1.22
  365 A   -2 -5  3  7 -7 -3  0 -3  4 -8 -8 -4 -7 -5 -3  0 -4 -8 -3 -7    4   0  12  57   0   1   5   2   8   0   0   1   0   0   1   6   1   0   1   0  1.51 0.68
  366 I    2 -5 -4 -5 -1 -3 -2 -3 -4  2 -2 -2 -2 -1  3 -1  0 -3 -1  4   19   0   0   0   1   0   3   1   0  10   2   2   0   3  16   4   6   0   2  28  0.51 0.34
  367 E    0  0  1  5 -4  1  5 -2 -3 -5 -7 -1 -6 -6 -4 -2 -3 -7 -5 -4    8   5   7  27   0   6  35   3   0   0   0   3   0   0   0   3   1   0   0   1  0.94 0.51
  368 D   -6 -7 -3  9 -6 -6 -2 -7 -7 -6 -7 -6 -9 -9 -7 -5 -4 -10 -9 -7    0   0   0  95   0   0   2   0   0   0   1   0   0   0   0   0   1   0   0   0  3.03 1.13
  369 L   -6 -7 -8 -8 -6 -6 -8 -8 -6  5  6 -7 -3 -4 -8 -7 -6 -7 -6 -2    0   0   0   0   0   0   0   0   0  26  72   0   0   0   0   0   0   0   0   2  1.89 0.77
  370 L   -4 -2 -6 -7 -1 -2 -3 -7 -5  7  1  0  0 -3 -7 -6 -3  2 -4  1    1   3   0   0   1   2   2   0   0  57  13   5   2   1   0   0   1   3   0   9  1.26 0.57
  371 T    4  0  0  2 -3  0  3 -2 -1 -4 -4  0 -5 -4 -4 -1 -2 -4 -4 -3   39   4   5  10   0   3  19   3   1   1   1   5   0   1   0   4   2   0   0   1  0.61 0.40
  372 D   -4 -7 -4  9 -6 -5 -1 -6 -7 -9 -9 -6 -9 -9 -7 -5 -7 -10 -9 -9    1   0   0  95   0   0   3   0   0   0   0   0   0   0   0   0   0   0   0   0  3.07 1.13
  373 I   -5 -7 -7 -8 -6 -7 -7 -8 -7  3  6 -7 -1  3 -7 -7 -5 -4 -4  0    0   0   0   0   0   0   0   0   0  13  68   0   1  13   0   0   0   0   0   5  1.58 0.67
  374 K    0  0  0  4 -6  0  4 -3 -2 -4 -2  1 -2 -5 -4  0 -1 -6 -3 -4    7   5   3  23   0   4  28   2   1   1   5  10   1   0   0   5   3   0   1   1  0.58 0.36
  375 E   -2  3  1 -3 -3  7 -1 -2  1 -5 -5  0 -4 -5 -6 -2 -2 -5 -3 -6    4  12   7   1   1  54   3   3   3   0   1   4   0   0   0   3   2   0   1   0  1.32 0.68
  376 A    7 -7 -6 -7 -4 -5 -6  0 -7 -6 -7 -6 -6 -8 -6 -2 -5 -8 -7 -4   89   0   0   0   0   0   0   7   0   0   0   0   0   0   0   2   0   0   0   1  2.22 0.95
  377 L   -6 -7 -8 -9 -6 -7 -8 -9 -8  0  7 -7 -1  3 -8 -7 -6 -6 -5 -3    0   0   0   0   0   0   0   0   0   4  85   0   1  10   0   0   0   0   0   0  2.06 0.83
  378 E   -1  3  2  4 -6  1  4 -3 -3 -6 -6  3 -5 -6 -4 -2 -2 -6 -4 -5    5  14   8  22   0   5  24   2   0   0   0  15   0   0   0   2   2   0   0   0  0.74 0.40
  379 K   -3  4 -3 -4 -7  4  0 -5 -4 -6 -6  6 -5 -7 -5 -3 -3 -6 -5 -6    1  17   0   0   0  16   5   0   0   0   0  59   0   0   0   1   1   0   0   0  1.49 0.60
  380 K   -2  4 -1 -1 -4  2  1 -2 -1 -4 -3  5 -2 -4 -2 -1 -1 -3 -2 -3    0  31   0   0   0   8   8   0   0   0   0  53   0   0   0   0   0   0   0   0  0.66 0.09

                      K         Lambda
Standard Ungapped    0.1331     0.3146
Standard Gapped      0.0410     0.2670
PSI Ungapped         0.2271     0.3176
PSI Gapped           0.0695     0.2670
