
Last position-specific scoring matrix computed, weighted observed percentages rounded down, information per position, and relative weight of gapless real matches to pseudocounts
           A  R  N  D  C  Q  E  G  H  I  L  K  M  F  P  S  T  W  Y  V   A   R   N   D   C   Q   E   G   H   I   L   K   M   F   P   S   T   W   Y   V
    1 M   -4 -5 -6 -7 -5 -4 -6 -6 -5  0  0 -5 10 -3 -6 -5 -4 -2 -5  0    0   0   0   0   0   0   0   0   0   2   5   0  86   0   0   0   0   1   0   6  2.60 0.73
    2 T   -2 -2  3  0 -3 -2 -1 -2 -2 -1 -3  2 -3 -4 -1  3  4 -5 -4 -1    1   0  15   4   0   1   2   2   0   3   2  15   0   0   2  22  26   0   0   3  0.47 0.29
    3 L   -2 -3 -3 -3 -3 -3 -2 -4 -3  3  3 -1  4  1 -3 -2 -2 -4 -2  1    2   0   1   1   0   1   2   1   0  21  33   4  12   7   1   3   1   0   1   8  0.50 0.27
    4 D    0 -1  1  4 -5  3  4 -3  0 -4 -5  2 -1 -6 -3 -1 -3 -6 -5 -5    7   2   7  24   0  13  26   1   2   1   1  11   2   0   0   4   1   0   0   0  0.70 0.36
    5 D   -1  3  2  4 -5  0  2 -3  1 -2 -1  0 -2 -3 -3 -2 -2  0  0 -3    4  15  10  26   0   2  14   1   3   2   6   5   1   1   1   2   2   1   4   1  0.43 0.28
    6 I   -2 -6 -7 -7 -5 -6 -6 -7 -6  5  5 -6 -1  0 -6 -6 -3 -4 -1  2    3   0   0   0   0   0   0   0   0  30  46   0   0   4   0   0   1   0   2  12  1.16 0.51
    7 K   -1  4 -1 -1 -6  0  1 -4 -1 -3 -3  6 -4 -4 -5 -1 -2 -4 -2 -4    6  18   2   4   0   3   8   0   1   1   3  44   0   0   0   5   2   0   1   1  0.83 0.45
    8 E    1  0  1  2 -3  2  1 -1 -2 -5 -5  2 -3 -5 -2  3 -1 -5 -4 -4   12   4   6  11   1   9   9   3   0   0   0  12   1   0   2  24   3   0   0   0  0.44 0.31
    9 M    1  0 -1 -3  0 -2 -3 -4  3 -1  2  1 -1  1 -4  0 -1 -2  3 -1   13   5   3   1   2   1   1   0   7   4  22  10   1   6   0   6   3   0  13   2  0.26 0.23
   10 I   -3 -7 -7 -7 -3 -6 -7 -7 -7  7  1 -6 -1 -1 -7 -6 -1 -6 -4  3    2   0   0   0   0   0   0   0   0  65  12   0   1   2   0   0   3   0   0  14  1.61 0.64
   11 R   -1  7 -2 -1 -6 -1 -2 -2 -2 -3 -3  2 -3 -5 -3 -1  0 -4 -5 -2    6  53   1   3   0   2   2   3   1   1   3  11   1   0   1   3   5   0   0   3  1.00 0.51
   12 E   -1 -1  1  3 -1  0  1 -3  0 -1 -3 -1 -2 -3 -2  1  2 -1 -1  1    4   3   6  17   1   3  10   1   2   3   2   3   0   1   1  12  17   1   3  10  0.23 0.21
   13 I   -4 -5 -6 -6 -1 -5 -4 -6  2  5 -2 -5 -3  3 -6 -5 -3 -3  4  4    0   0   0   0   1   0   1   0   6  29   2   1   0  11   0   0   1   0  15  33  1.08 0.51
   14 P   -2 -2 -2 -1 -7  0 -1 -6 -2 -6 -4  0 -3 -6  8 -2 -4 -7 -3 -4    4   2   2   3   0   4   5   0   1   0   2   5   1   0  66   2   1   0   1   1  1.75 0.73
   15 D   -6 -6  3  8 -3 -4 -2 -2  1 -5 -8 -4 -7 -6 -6 -5 -5 -8 -2 -6    0   0  12  75   1   0   1   3   3   1   0   1   0   0   0   0   0   0   2   1  2.11 0.83
   16 F   -6 -5 -7 -8 -7 -7 -8 -8 -1 -5 -5 -7 -5  9 -8 -7 -5  5  4 -4    0   1   0   0   0   0   0   0   1   0   0   0   0  76   0   0   0   6  14   1  2.68 0.93
   17 P   -5 -4 -7 -7 -8 -7 -6 -7 -4 -8 -8 -6 -8 -9  9 -6 -6 -9 -8 -8    0   1   0   0   0   0   0   0   0   0   0   0   0   0  97   0   0   0   0   0  3.42 1.20
   18 K   -3  1 -2 -4 -5  1  1 -4 -2  1 -3  6 -3 -2 -5 -1 -1 -6 -4 -1    1   6   1   0   0   6   7   1   1   8   2  53   0   2   0   5   3   0   0   4  0.91 0.50
   19 K   -2 -1 -4 -3 -5  0  2 -5 -4 -5 -6  5 -5 -7  6 -3 -3 -7 -5 -6    3   2   0   1   0   3  11   0   0   1   0  29   0   0  44   2   2   0   0   0  1.41 0.65
   20 G   -5 -6 -3 -4 -8 -7 -5  8 -7 -9 -8 -5 -8 -8 -5 -5 -6 -8 -8 -6    0   0   1   1   0   0   1  95   0   0   0   1   0   0   0   0   0   0   0   1  2.60 0.95
   21 I   -3 -5 -6 -7 -5 -3 -5 -8 -5  7 -2 -6 -1 -3 -4 -6 -4 -7 -3  4    1   0   0   0   0   2   1   0   0  62   1   0   1   1   1   0   1   0   1  28  1.70 0.69
   22 R   -2  0  1 -1 -4  0 -2 -3 -1  1  3 -1  3 -2 -2 -1  0 -4 -3  1    1   4   7   3   0   5   2   2   1   8  31   3  10   1   2   5   5   0   0  10  0.28 0.23
   23 F   -7 -8 -8 -9 -5 -8 -8 -8 -6 -5 -3 -8 -5 10 -9 -6 -6 -4  2 -5    0   0   0   0   0   0   0   0   0   0   1   0   0  92   0   0   0   0   4   0  3.21 1.08
   24 K   -3  5 -2 -4 -2  2 -2 -5 -1 -2 -2  4 -2 -2 -5 -3 -4  1  3 -3    2  34   1   0   1   7   2   1   1   3   3  28   1   1   0   1   0   2  11   2  0.92 0.49
   25 D   -7 -7 -2  9 -4 -6 -3 -7 -6 -9 -9 -6 -8 -9 -7 -6 -5 -3 -8 -9    0   0   2  97   1   0   0   0   0   0   0   0   0   0   0   0   0   0   0   0  3.08 1.12
   26 I   -5 -7 -7 -6 -5 -4 -7 -8 -7  8  1 -7  1  0 -7 -6 -5 -4 -2  2    0   0   0   0   0   1   0   0   0  71  10   0   3   4   0   0   0   0   1   9  1.80 0.71
   27 T   -1 -5 -2 -5 -1 -2 -4 -2 -3 -4 -2 -5  3  3 -5  3  6 -3 -4 -4    4   0   1   0   1   2   1   4   0   0   4   0   8  11   0  19  43   0   0   0  0.93 0.56
   28 P   -4 -4 -4 -5 -4 -5 -4  0 -5 -6 -6 -4 -6 -8  7  1  3 -8 -7 -6    0   1   1   0   0   0   1   8   0   0   0   1   0   0  60   9  18   0   0   0  1.83 0.81
   29 V   -2 -6 -7 -7 -5 -6 -7 -7 -7  4  5 -6  2 -2 -6 -5 -4 -4 -5  2    3   0   0   0   0   0   0   0   0  22  54   0   4   1   0   0   0   0   0  15  1.26 0.56
   30 L   -5 -6 -7 -8 -2 -6 -7 -7 -6  1  5 -7  2  5 -6 -6 -2 -1 -1 -1    0   0   0   0   1   0   0   0   0   5  61   0   4  21   0   0   2   1   2   2  1.39 0.62
   31 K    3  1 -1 -2 -2  2  0  0 -1 -3  0  2  0 -3 -4  0 -1 -5 -2 -3   25   8   3   1   1  11   7   6   1   0   9  15   2   0   0   8   2   0   2   1  0.29 0.26
   32 D   -4 -3  5  6 -4 -1 -1 -5  3 -6 -7 -1 -5 -7 -5  0 -2 -7 -5 -4    1   1  22  48   0   2   3   0   7   0   0   3   0   0   0   8   2   0   0   1  1.34 0.63
   33 A    1 -2 -3 -5 -4 -1 -4  1  1 -3 -6 -1 -5 -5  7 -2 -3 -5 -3 -4   13   2   1   0   0   2   1  11   3   1   0   3   0   0  55   2   1   0   1   1  1.41 0.66
   34 K    1  1 -1  2 -4  1  3 -1  0 -3 -3  2 -3 -3 -1 -1  0 -3 -3 -1   11   6   2  12   0   6  19   3   2   1   2  16   0   1   2   2   6   0   0   6  0.27 0.22
   35 A    5 -4 -4 -4  0 -4 -3  1 -2  0  1 -2 -2 -4 -3 -1 -2 -5 -3  0   47   1   0   1   2   0   1  10   1   4  16   2   1   0   1   4   2   0   1   7  0.61 0.40
   36 F   -4 -2 -6 -7  0 -5 -6 -7  0 -2  2 -6  3  7 -7 -3 -2  2  2 -1    1   2   0   0   2   0   0   0   2   2  19   0   6  49   0   2   2   2   6   5  1.29 0.57
   37 N    0  4  1 -1 -3  2  1 -1  3 -5 -5  3 -3 -5 -3  0  0 -5 -4 -4    9  20   7   2   1  11   7   4   7   0   0  18   0   0   1   8   5   0   0   1  0.47 0.32
   38 Y    2  0 -1  1 -1  0  1 -1  0 -1  0  0  1  0 -3  0  0 -2  2 -2   19   4   2   9   1   4  11   3   2   3   8   5   4   4   0   7   5   0   7   2  0.10 0.13
   39 S    2 -5 -5 -5  2 -4 -4 -5 -5  1  2 -4  1 -3 -5 -1  2 -5 -2  3   19   0   0   0   5   0   1   0   0   7  23   0   3   0   0   3  15   0   1  22  0.57 0.36
   40 I   -1 -2 -4 -5  3 -4 -4 -5 -5  6  1 -3  0 -2 -5 -3  1 -6 -4  3    4   2   1   0   6   1   1   0   0  41   9   1   2   1   0   2   7   0   0  22  0.84 0.43
   41 E   -1 -1  2  6 -4  0  2 -2  1 -5 -4  0 -2 -3 -5  0 -1 -5 -4 -4    5   4   8  42   0   4  10   3   4   0   1   5   1   1   0   7   3   0   0   1  0.74 0.41
   42 M    2  0 -2 -1 -1  1  1 -1  1  0  1  0 -1 -2 -3  0 -1 -1 -1  0   18   5   1   3   1   5  13   3   5   5  17   4   1   1   0   5   4   1   2   6  0.09 0.13
   43 L   -4 -5 -6 -7 -3 -4 -6 -7 -6  2  4 -4  6  4 -6 -5 -3 -1 -2  0    0   0   0   0   0   0   0   0   0  12  44   1  19  18   0   0   1   1   1   4  1.17 0.53
   44 A    3 -2 -2 -3  1 -2  0 -2 -3  1 -1 -1 -1 -3 -4  0  1 -4 -1  2   31   2   2   1   2   1   7   2   0   7   3   4   1   0   0   7   7   0   2  19  0.29 0.26
   45 K    1  0  1  3 -4  1  4 -1  2 -4 -3  1 -3 -4 -3  0 -1 -5 -1 -3   11   5   5  14   0   7  25   3   5   1   2   9   0   0   1   4   3   0   2   2  0.38 0.27
   46 A   -1  3 -1 -3 -3  1 -1 -3  5 -2  0  1  1 -1  1 -1 -2 -1  1 -3    6  21   2   1   0   6   3   1  15   2  10   7   4   2   8   2   1   1   5   1  0.34 0.25
   47 L    0 -4 -5 -5  3 -4 -4 -4 -1  2  1 -4 -1  3 -5 -3 -2  2  5  1    9   1   0   0   6   0   1   1   1  13  15   1   1  13   0   1   2   2  23  10  0.57 0.32
   48 E    0  3 -1 -1 -3  0  1 -1  0 -1 -2  3 -1 -3 -1  0  0 -1 -2 -1    8  16   2   3   0   4   8   4   2   4   4  22   1   1   2   8   4   1   0   3  0.21 0.17
   49 G    0 -1  1  3 -3  0  1  3  0 -4 -3  0 -3 -3  0  0 -1  0 -2 -3    6   2   8  19   1   3   8  24   3   0   1   7   1   1   5   5   3   1   1   1  0.33 0.21
   50 R    0  0  0  0 -2  1  0 -1  0 -1  0  1  1 -1 -1  0  0 -1  0  0    9   5   4   4   0   7   6   4   3   4  10  14   5   3   1   9   6   1   3   5  0.05 0.06
   51 K   -1  1  2  2 -3  1  1  2  0 -4 -4  2 -2 -3  0 -1 -1 -4 -3 -3    4   6  11  13   0   7   8  15   2   1   1  17   1   1   5   4   2   0   1   1  0.31 0.20
   52 F   -1 -4 -5 -4 -2 -4 -4 -4 -4  5  0 -4 -1  3  2 -3 -1 -2 -1  3    5   0   0   1   0   0   0   1   0  35   4   0   0  14  12   1   3   0   2  19  0.66 0.35
   53 D   -4 -3  1  7 -3 -2  0 -4 -3 -6 -6 -3 -6 -5 -5  1  2 -7 -5 -5    1   1   4  65   1   2   5   0   1   0   0   0   0   0   0   9  12   0   0   0  1.46 0.61
   54 L    1 -1 -3 -3  0 -1 -3 -2  2  1  1  2  1 -1 -3 -1 -1 -2  2  3   14   1   0   0   2   3   0   2   5   5  11  14   3   2   0   3   3   0   8  23  0.19 0.20
   55 I   -4 -6 -6 -6 -2 -5 -6 -6 -6  6  0 -5 -1  0 -6 -5 -3 -1 -4  5    0   0   0   0   1   0   0   0   0  41   5   0   1   4   0   0   0   1   0  46  1.34 0.55
   56 A    4 -5 -4 -5 -1 -4 -4 -2 -5  1 -1 -4 -1 -3 -4 -3 -3 -5 -3  5   42   0   0   0   1   0   0   2   0   6   6   0   1   0   0   0   0   0   0  40  0.90 0.48
   57 A    2 -5 -4 -5  3 -5 -5  6 -5 -4 -5 -4 -2 -6 -4  0 -2 -3 -6 -3   17   0   0   0   6   0   0  64   0   1   0   0   1   0   1   6   2   0   0   2  1.32 0.55
   58 P   -2 -4 -4 -5  0 -4 -4 -5 -2  5  2 -3  2  0  1 -3 -2 -4 -2  2    3   0   0   0   2   0   0   0   1  33  23   2   5   4   7   1   1   0   1  16  0.59 0.31
   59 E   -4 -4 -3  4 -6 -1  7 -5 -4 -6 -6 -2 -5 -6 -2 -2 -4  0 -5 -6    0   0   0  25   0   1  66   0   0   0   0   2   0   0   1   2   0   1   0   0  1.64 0.67
   60 A    5 -4 -4 -2 -2 -4 -4 -2 -4 -5 -3 -4 -4 -5 -4  4 -2 -1 -5 -4   58   0   0   2   1   0   0   2   0   0   2   0   0   0   0  31   1   1   0   0  1.17 0.58
   61 R   -5  8 -3 -5 -6 -2 -4 -5 -4 -6 -4  0 -2 -6 -5 -2 -5 -6 -5 -5    0  89   1   0   0   1   0   1   0   0   1   2   1   0   0   2   0   0   0   1  2.31 0.82
   62 G   -4 -6 -4 -5 -6 -5 -4  8 -6 -7 -7 -5 -6 -6 -6 -4 -5  0 -6 -6    0   0   0   0   0   0   1  94   0   0   0   0   0   0   0   0   0   1   0   0  2.41 0.83
   63 F   -5 -6 -6 -6 -3 -6 -6 -6 -5 -3 -1 -6 -4  9 -6 -3 -5  0  1 -4    0   0   0   0   1   0   0   0   0   1   4   0   0  85   0   2   0   1   2   1  2.46 0.81
   64 L   -3 -5 -4 -6 -3 -5 -5 -6 -5  5  4 -5  1  0 -2 -4 -2 -2 -2  1    2   0   1   0   0   0   0   0   0  40  36   0   3   4   2   1   1   1   1   7  0.96 0.45
   65 F   -5 -6 -6 -6 -5 -5 -6 -3 -5  1  3 -6  0  7 -3 -5 -4 -1  0  0    0   0   0   0   0   0   0   3   0   6  25   0   2  53   1   1   1   1   1   5  1.36 0.57
   66 G    3 -5 -2 -5 -1 -5 -5  6 -5 -6 -6 -4 -5 -6 -5 -2 -4 -5 -6 -4   26   0   1   0   1   0   0  65   0   0   0   0   0   0   0   2   0   0   0   1  1.56 0.64
   67 A    3 -4 -3 -4  0 -3 -3  1 -4 -3 -3 -3 -1 -3  4  2  1 -5 -4 -1   26   0   1   0   2   0   1  10   0   1   1   1   2   1  22  19   7   0   0   5  0.62 0.39
   68 P    3 -4 -3 -3 -3 -2 -3  0 -3  0 -1 -3  0 -4  5  0  0 -5 -3 -1   31   0   1   1   0   1   1   6   0   5   7   0   3   1  26   8   6   0   1   3  0.60 0.37
   69 L   -1 -2 -5 -5 -2 -4 -5 -5 -5  3  4 -4  2 -2 -4 -3 -3 -4 -3  3    4   2   0   0   1   0   0   0   0  19  46   0   4   1   1   1   1   0   1  19  0.84 0.41
   70 A    7 -2 -5 -5 -1 -4 -4 -1 -5 -5 -5 -4 -4 -6 -4  1 -3 -6 -5 -3   79   3   0   0   1   0   0   3   0   0   0   0   0   0   0   9   1   0   0   1  1.57 0.73
   71 F    0  0 -2  0  0  1 -1 -3  1 -1  2 -1  0  0 -4 -2 -1 -1  5  0    8   4   2   6   2   6   4   1   3   3  21   3   2   2   0   2   4   0  22   5  0.27 0.23
   72 R    2  3 -1 -1 -1  1  1 -2  3 -1 -2  2 -2 -2 -1 -1 -2 -4 -2 -2   20  20   3   2   1   6  10   2   7   3   4  11   1   1   3   2   2   0   0   2  0.30 0.24
   73 L   -1 -3 -3 -4  0 -3 -4 -4  0  1  5 -4  3  1 -4 -3 -1 -1 -1 -2    5   1   1   1   2   1   1   1   2   7  55   1   7   6   1   2   3   1   1   1  0.70 0.38
   74 G   -2 -1  3 -1 -3  0 -2  5  3 -5 -5  1 -4 -5 -3 -2 -3 -5 -4 -5    1   3  15   3   1   5   2  50   6   0   1   8   0   0   1   2   1   0   0   0  0.89 0.43
   75 V    2 -1 -3 -3  2 -2 -3 -2  0  2  0  3 -1 -2 -3 -2  0 -4 -2  2   19   2   0   0   5   0   0   1   2  10  10  20   1   1   0   1   7   0   1  18  0.28 0.24
   76 G   -1 -3 -1 -3 -5 -4 -3  5 -4 -5 -5  0 -5 -5  5 -1 -4 -5 -5 -5    3   1   2   1   0   0   1  51   0   0   1   6   0   0  26   4   0   0   0   0  1.20 0.52
   77 F   -4 -2 -4 -5  1 -4 -4 -5 -4  1  2 -5  1  7 -5 -4 -3 -3  0  0    1   2   1   0   3   1   1   0   0   6  17   0   3  54   0   1   1   0   1   6  1.25 0.53
   78 V    0 -4 -5 -5  0 -3 -4 -4 -3  4  0 -3 -1 -2 -5 -3 -2 -2 -4  6    7   1   0   0   2   1   1   1   1  19   7   2   1   2   0   1   2   1   0  54  0.90 0.44
   79 P   -1 -1 -5 -5 -5 -2 -4 -3 -3 -2  1 -3  4 -3  7 -3 -3 -5 -5 -2    4   4   0   0   0   1   0   2   1   2  14   1  12   1  50   1   1   0   0   3  1.23 0.55
   80 V    0 -4 -4 -2 -1 -3 -3 -2 -1  4  2 -4  1  0 -2 -1 -2 -4 -3  3    7   0   0   3   1   0   1   2   2  27  18   0   2   3   1   4   0   0   0  25  0.46 0.28
   81 R   -3  8 -4 -5 -2  0 -3 -5 -4 -5 -5 -1 -4 -6 -1 -2 -4 -6 -5 -2    2  79   0   0   1   4   0   0   0   0   1   2   0   0   3   3   0   0   0   3  1.86 0.74
   82 K   -2  0 -4 -2 -2 -2 -1 -5 -4 -6 -6  7 -5 -6 -3 -2 -3 -1 -2 -5    2   4   0   2   1   1   3   0   0   0   0  76   0   0   1   3   2   1   1   0  1.66 0.74
   83 P    2 -1 -3 -2 -2  0 -1 -2 -1 -3 -1  3 -1 -3  5 -1 -2 -4 -3 -1   18   2   0   2   1   5   3   2   1   0   8  18   2   1  28   4   1   0   1   3  0.53 0.32
   84 G   -2  0  0 -1 -5 -4 -1  6 -2 -6 -6 -1 -5 -5 -5 -2 -4 -1 -5 -4    1   5   4   4   0   0   4  69   1   0   1   3   0   0   0   2   0   1   0   2  1.36 0.58
   85 K   -2  0 -2 -4 -6  0 -1 -5 -4 -5 -4  7 -1 -6 -4 -4 -2 -6 -5 -5    3   3   1   0   0   3   3   0   0   0   2  78   1   0   0   0   3   0   0   0  1.72 0.74
   86 L   -3 -5 -3 -6 -1 -5 -5 -6 -5 -1  6 -5  2 -3 -5 -3 -2 -5 -4 -1    2   0   2   0   2   0   0   0   0   2  78   0   4   0   0   2   3   0   0   3  1.36 0.60
   87 P   -2 -5 -5 -5 -2 -5 -5 -4 -6 -6 -4 -2 -6 -6  8 -3 -3 -6 -6 -2    3   0   0   0   1   0   0   1   0   0   2   3   0   0  81   1   1   0   0   3  2.39 0.90
   88 A    0  0  1 -3 -1 -2 -3  5  1 -5 -4 -3 -2 -1  1 -1 -2  3  0 -3    6   5   6   1   2   1   1  48   3   0   2   1   1   3   7   3   2   4   4   1  0.69 0.37
   89 E    1  0 -1  1 -2  0  2 -1 -1 -1 -3  2 -3 -3  3 -1  0 -4 -2 -1   13   5   2   8   1   2  17   3   2   4   1  13   0   1  14   3   5   0   1   4  0.26 0.19
   90 T    0  0  0  0  2  0  0 -1  1  0 -1  0  1  0  0  0  0 -2  1  0    5   5   5   5   5   5   5   5   5   5   5   5   5   5   5   5   5   0   5   5  0.03 0.05
   91 L   -1 -2 -3 -2 -1 -2 -1 -4  4  3  1 -2  0  1 -4 -2 -1 -2  1  2    5   2   1   2   2   1   5   1  11  19  15   2   2   5   1   3   3   1   6  13  0.34 0.24
   92 S    0  2 -1 -3  0  1  0 -1 -1 -2 -4  0 -2 -3 -4  4  1 -2 -3 -2    6  12   3   1   2   6   7   5   2   2   2   6   1   1   1  32   8   1   1   3  0.44 0.38
   93 Y    1 -1 -3 -2 -1  1  3 -2 -1  1 -2 -2 -1 -1 -2 -1 -1  1 -1  2   14   4   1   1   1   6  20   3   2   9   3   2   1   2   2   4   4   2   2  17  0.26 0.25
   94 E    0 -1  0  2 -2 -1  3 -3  0 -3 -6  0 -3 -4 -1  3  2 -6 -3 -4    7   3   4   9   1   3  18   2   2   1   0   6   1   1   3  23  13   0   1   1  0.46 0.39
   95 Y   -3 -7 -3 -8 -3 -3 -7 -4 -1 -7 -5 -4 -2  3 -8 -3 -1 -5  9 -3    3   0   1   0   1   1   0   2   1   0   1   1   1  10   0   3   4   0  66   3  2.31 1.11
   96 E    0 -1  0  3 -5  1  2 -1 -1 -3 -3  1 -2 -3 -1  1  1 -2 -3 -2    9   2   4  16   0   7  15   5   1   1   3   9   1   1   3  10   8   1   1   3  0.27 0.25
   97 L   -6 -3  0 -3 -2 -1 -6 -4 -6 -2  5  3  3 -3 -3 -2 -1  0 -2 -3    0   2   4   2   1   3   0   2   0   2  48  17   6   1   2   3   4   1   1   2  0.83 0.54
   98 E   -2 -7 -1 -1 -9 -2  8 -2 -1 -9 -6 -4 -8 -9 -4 -3 -4 -9 -8 -5    4   0   3   4   0   1  75   4   1   0   1   1   0   0   1   2   1   0   0   1  1.99 1.08
   99 Y   -8 -8 -2 -3 -2 -1 -5 -4 -2 -8 -5 -8 -7  0 -1 -8 -2 -5 10 -8    0   0   2   2   1   3   1   2   1   0   2   0   0   3   4   0   3   0  75   0  2.74 1.28
  100 G    0 -4 -3 -3 -1 -4 -4  7  0 -2 -7 -4 -6 -3 -6 -1 -3 -1 -2 -3    6   1   1   2   1   1   1  67   2   3   0   1   0   1   0   5   2   1   1   2  1.46 0.76
  101 L   -2  0  0 -1 -3  1  3 -2 -1 -3 -3  2 -3 -3 -3  2  3 -6 -3 -2    3   4   5   3   1   5  20   3   2   1   3  12   1   1   1  14  18   0   1   3  0.40 0.34
  102 D    2  0  1  6  0 -5  0 -1 -1 -6 -7 -2 -6 -7 -6  0 -1 -7 -6 -4   15   6   6  43   2   0   5   5   2   0   0   3   0   0   0   6   5   0   0   1  0.98 0.58
  103 S    0  2 -3 -2  4  0  1 -3 -1  1 -3 -1 -1 -2 -5  1  3 -3 -2  0    6  10   0   2   9   4  10   2   1   7   1   3   1   2   0  10  21   0   1   8  0.37 0.32
  104 L   -4 -3 -7 -7  0 -4 -7 -7 -6  3  5 -6  3  4 -7 -6 -4  1 -3  0    1   2   0   0   2   1   0   0   0  13  51   0   7  13   0   0   1   2   1   6  1.17 0.60
  105 E   -1 -5 -4 -3  1  3  7 -5  0 -7 -7 -4 -6 -4 -6 -2 -1 -7 -2 -4    5   0   1   1   3  10  64   1   2   0   0   1   0   1   0   3   4   0   1   2  1.59 0.85
  106 I   -2 -6 -6 -7 -2 -6 -6 -5 -6  6  1 -6  7 -4 -6 -4 -3 -6 -5  3    3   0   0   0   1   0   0   1   0  38  14   0  24   0   0   1   2   0   0  15  1.38 0.65
  107 H   -2  0 -1 -3 -4  6 -3 -6  8 -4 -5 -2 -3 -6 -1  0 -3 -6 -4 -3    3   5   3   2   0  32   1   0  34   1   1   3   1   0   4   6   1   0   0   2  1.47 0.75
  108 K    1  1 -1  0 -2  2  1 -2 -1 -2 -3  3 -2 -3 -1  0  0 -1 -3  0   12   7   3   4   1   8  10   2   2   2   2  20   1   1   3   6   6   1   1   8  0.23 0.22
  109 D   -2 -3  1  6 -4 -3  0  3  0 -4 -6 -4 -6 -5 -4 -2 -2 -6 -4 -5    3   1   5  47   0   1   7  21   2   1   1   1   0   1   1   3   2   0   1   1  1.14 0.61
  110 A    5 -1 -3 -1 -1 -2 -4 -1 -2 -2 -2 -3 -3 -4 -4  2 -1 -6 -3 -1   50   3   1   4   1   2   1   5   1   2   4   1   1   1   1  15   3   0   1   4  0.78 0.52
  111 V   -5 -7 -4 -4 -2 -4 -4 -7 -7  6  3 -6 -2  3 -4 -6 -4 -3 -1  3    1   0   1   1   1   1   1   0   0  37  24   0   1  10   1   0   1   0   2  19  1.12 0.57
  112 V    0  1 -1 -1 -3  3  1 -2 -1 -3 -1  3 -3 -3  2  0  0 -5 -3 -2    6   6   3   3   0  12   8   3   1   1   7  21   0   1   9   7   6   0   0   3  0.30 0.28
  113 K    1 -1 -1 -2 -3  0  1 -4 -2 -4 -6  3 -4 -3  6  0 -2 -7 -3 -3   10   3   3   2   1   3   8   1   1   1   1  15   0   1  36   8   2   0   1   2  0.84 0.54
  114 G   -3 -4  1  0 -8 -3 -2  7 -1 -8 -8 -3 -5 -4 -5 -2 -4 -2 -4 -7    2   1   6   6   0   2   3  70   2   0   0   2   0   1   1   3   1   1   1   0  1.66 0.83
  115 Q    1 -1 -2  4 -3  5  2 -3 -1 -6 -4  1  1 -6 -4  1 -2 -2 -5 -5   10   3   1  20   0  24  10   2   1   0   1   7   3   0   0  12   2   1   0   0  0.68 0.50
  116 R   -5  7  3 -4 -5 -2 -4 -6  0 -3 -7  4 -6 -6 -5 -1 -3 -8 -4 -4    0  49  11   1   0   2   1   0   2   2   0  24   0   0   0   4   1   0   1   1  1.52 0.80
  117 V   -1 -8 -8 -8 -1 -7 -8 -8 -8  2 -3 -8 -2 -1 -8 -6 -4 -8 -3  7    5   0   0   0   1   0   0   0   0   9   2   0   1   3   0   0   1   0   1  76  2.02 0.94
  118 V   -2 -7 -8 -8 -3 -7 -7 -6 -4  3  5 -7 -1 -3 -7 -4 -5 -6 -4  3    3   0   0   0   0   0   0   1   1  12  57   0   1   1   0   1   0   0   1  21  1.36 0.67
  119 I   -5 -7 -8 -8 -3 -7 -8 -8 -8  6  3 -7 -1 -1 -7 -7 -5 -7 -3  4    1   0   0   0   1   0   0   0   0  47  25   0   1   2   0   0   0   0   1  22  1.56 0.72
  120 V   -3 -7 -7 -8  0 -7 -7 -8  2  5 -1 -7  1 -1 -7 -6 -2 -7 -4  6    2   0   0   0   2   0   0   0   4  29   5   0   3   3   0   0   2   0   0  49  1.47 0.69
  121 D   -4 -8 -3  9 -10 -7 -5 -8 -7 -10 -10 -7 -10 -10 -8 -7 -7 -11 -3 -10    2   0   1  96   0   0   0   0   0   0   0   0   0   0   0   0   0   0   1   0  3.27 1.32
  122 D   -3 -8 -3  9 -10 -6 -2 -7 -7 -9 -10 -7 -9 -10 -8 -6 -7 -11 -9 -9    2   0   1  95   0   0   2   0   0   0   0   0   0   0   0   0   0   0   0   0  3.17 1.25
  123 L   -4 -7 -8 -8 -2 -3 -7 -8 -7  3  5 -2 -2 -3 -7 -6 -4 -2 -6  4    1   0   0   0   1   2   0   0   0  12  51   3   0   1   0   0   1   1   0  27  1.29 0.63
  124 L   -5 -7 -8 -8 -3 -7 -7 -8 -7  4  6 -7  1 -2 -2 -7 -6 -6 -3  1    1   0   0   0   1   0   0   0   0  22  62   0   2   2   3   0   0   0   1   8  1.48 0.67
  125 A    7 -7 -7 -7 -6 -4 -5 -4 -7 -2 -5 -6 -6 -7 -6 -3 -3 -8 -4 -2   89   0   0   0   0   1   1   1   0   3   1   0   0   0   0   1   1   0   1   3  2.20 0.98
  126 T   -6 -7 -3 -7 -6 -6 -6 -4 -7 -5 -6 -4 -4 -6 -6  0  8  2 -7 -5    0   0   1   0   0   0   0   1   0   0   0   1   0   0   0   5  86   3   0   0  2.42 1.07
  127 G   -4 -1 -6 -5 -8 -7 -7  8 -7 -9 -9 -7 -8 -9 -8 -3 -7 -3 -8 -9    1   3   0   1   0   0   0  92   0   0   0   0   0   0   0   2   0   0   0   0  2.65 1.02
  128 G   -2  0  0 -6 -7 -6 -6  7 -7 -8 -8 -4 -4 -8 -7 -3 -5 -7 -8 -7    3   5   5   0   0   0   0  82   0   0   0   1   0   0   0   2   0   0   0   0  2.14 0.86
  129 T   -3 -6 -4 -6 -3 -6 -6 -6 -7 -6 -5 -6 -6 -7 -6  3  8 -8 -7 -3    2   0   0   0   1   0   0   0   0   0   1   0   0   0   0  18  76   0   0   1  2.16 0.95
  130 V    4 -5 -6 -6 -1 -5 -5 -4 -6  1  3 -5  5 -3 -5 -1 -3 -6 -5  0   35   0   0   0   1   0   0   0   0   8  29   0  14   1   0   5   1   0   0   6  0.86 0.48
  131 Y    1  1 -1 -1  2  0  2 -1 -2 -1  0  2 -1 -2 -3  0 -1 -2 -1 -1   14   7   3   3   4   4  16   3   1   3  11  13   1   1   0   8   2   0   3   3  0.15 0.16
  132 A    7 -4 -6 -3 -1 -5 -6 -2 -2 -6 -5 -5 -1 -7 -6 -1 -2 -7 -6 -3   82   1   0   1   1   0   0   3   1   0   1   0   1   0   0   4   3   0   0   1  1.81 0.82
  133 S    5 -4 -4 -5  2 -4 -5  0 -5 -1 -3 -5 -1 -6 -5  1  2 -6 -6 -1   55   1   0   0   4   0   0   7   0   3   2   0   1   0   0  10  11   0   0   4  0.99 0.55
  134 A    2 -1 -3 -4  4 -3 -2  0 -3  4 -1 -1  0 -1 -4 -2 -2 -4 -2  2   20   3   1   1  10   1   2   6   1  22   5   4   3   2   0   2   2   0   1  13  0.36 0.26
  135 K   -2  3  2  2 -5  2  3 -2 -1 -5 -4  3 -3 -5 -4  0 -1 -4 -2 -5    3  13   8  11   0   7  18   2   1   0   1  21   0   0   0   7   4   0   1   0  0.53 0.34
  136 L   -5 -7 -8 -8 -3 -7 -5 -8 -7  0  7 -7  1 -2 -8 -5 -6 -6 -4 -2    1   0   0   0   1   0   1   0   0   4  87   0   3   1   0   1   0   0   0   1  1.92 0.80
  137 V   -2 -6 -7 -7  2 -6 -7 -7 -7  5  3 -6  1 -3 -6 -5 -3 -6 -5  5    2   0   0   0   4   0   0   0   0  28  24   0   3   1   0   0   1   0   0  37  1.19 0.53
  138 E   -2  3 -1 -2 -5  2  5 -4 -1 -4 -4  3 -3 -5 -4 -1  0 -6 -5 -5    2  13   3   1   0   7  40   1   2   1   2  17   1   0   0   3   5   0   0   0  0.85 0.49
  139 S   -2  4 -1 -2 -5  3  1 -3 -2 -5 -3  4  0 -5 -4  1 -3 -2 -3 -5    2  21   3   2   0  13   8   2   1   0   3  29   3   0   0  10   1   1   1   0  0.72 0.43
  140 L    3 -3 -2 -4  3  0 -2 -2 -3  1  3 -3  2 -1 -4  0  0 -5 -4  1   22   0   1   0   6   5   2   2   0   6  26   0   4   2   0   7   6   0   0   8  0.35 0.27
  141 G   -5 -3  0 -2 -5  0 -2  7 -4 -8 -7 -1 -7 -8 -5 -3 -5 -1 -7 -5    0   1   4   2   0   4   3  75   0   0   1   4   0   0   0   1   0   1   0   1  1.76 0.75
  142 G    5 -6 -4 -4  0 -4 -5  5 -4 -5 -3 -3 -2 -5 -4 -2 -4  0 -1 -1   41   0   0   1   2   0   0  37   0   0   2   2   1   0   0   2   0   1   3   6  1.05 0.55
  143 V   -3 -1  2  0 -4  1  4 -4  2  0 -4  3 -3 -5 -4 -1  2 -6 -4  0    1   2   9   5   0   7  24   0   5   6   1  15   0   0   0   4  11   0   0   8  0.46 0.34
  144 V   -3 -7 -6 -6 -1 -7 -6 -8 -8  4  0 -5 -3 -4 -1 -5 -2 -1 -6  6    2   0   0   0   1   0   0   0   0  19   8   0   0   0   3   1   2   1   0  62  1.50 0.68
  145 D    1 -4 -3 -2 -2 -3  0 -4  0  2  1 -2  0 -4 -4 -1  0 -4 -3  5   13   0   1   2   1   1   6   0   3   9  12   2   2   0   0   5   5   0   1  37  0.48 0.33
  146 S    0 -4 -1 -2  1 -1  4  5  1 -6 -5 -2 -4 -4 -5 -1 -4 -6 -3 -5    8   1   3   2   3   3  25  41   4   0   1   2   0   1   0   3   1   0   1   1  0.88 0.50
  147 I    2 -6 -4 -6  7 -4 -6 -4 -3  2  0 -5 -1  3 -6 -2 -1 -3  3  1   15   0   1   0  24   1   0   1   1  10   8   0   2  12   0   3   4   0   8  10  0.80 0.43
  148 L    3 -4 -2 -2  2 -2 -3  1 -1  0  2 -4 -1  0 -4  1 -1 -3 -2  1   28   0   1   3   5   1   0   9   1   5  18   0   1   3   0   9   3   0   1   9  0.31 0.26
  149 F   -1 -7 -7 -8  5 -7 -7 -5 -6 -3 -3 -7 -2  7 -7 -2 -1 -3  0  4    5   0   0   0  13   0   0   1   0   1   1   0   1  44   0   4   4   0   3  24  1.48 0.67
  150 L   -3 -6 -7 -7 -4 -6 -7 -6 -7  4  4 -6  1  1 -5 -4 -5 -6 -4  4    2   0   0   0   0   0   0   0   0  18  39   0   3   5   0   1   0   0   0  31  1.13 0.53
  151 T   -2 -6 -6 -7 -2 -5 -7 -5 -7  6  2 -5  5 -1 -7 -5 -4 -6 -3  3    4   0   0   0   1   0   0   1   0  44  16   0  13   2   0   1   1   0   1  16  1.22 0.56
  152 E   -3 -4  0  3 -6 -1  7 -2 -2 -6 -7 -3 -7 -8 -6 -1 -3 -8 -6 -5    2   0   5  13   0   2  68   3   1   0   0   1   0   0   0   4   1   0   0   1  1.65 0.79
  153 L   -5 -5 -6 -5 -6 -4 -7 -7 -7  3  6 -5 -1 -2 -7 -7 -5 -6 -3 -1    0   0   0   1   0   1   0   0   0  13  75   1   1   2   0   0   0   0   1   4  1.60 0.71
  154 T    0 -1 -1  1 -2 -2  1  0 -3 -2 -2  1 -3 -4  3  2  2 -5 -3 -1    7   2   2   7   1   1  10   6   0   1   4  10   0   0  17  13  14   0   0   4  0.30 0.25
  155 F    0 -2  0  3 -5 -2  2  1 -2 -4 -3 -2 -3  4 -3  0 -3 -4  2 -3   10   1   3  16   0   1  13  12   1   1   2   2   0  18   1   8   0   0   8   1  0.42 0.32
  156 L   -5 -7 -4 -6 -3 -5 -4 -8 -5 -1  6 -7  0  0 -4 -5 -6 -6 -3 -1    1   0   1   0   1   0   1   0   0   3  82   0   2   3   1   1   0   0   1   3  1.68 0.75
  157 D   -2 -1  4  0 -1  0  0  3  2 -5 -6  4 -4 -6  0 -2 -3 -6 -4 -5    2   2  22   6   2   3   6  19   5   0   0  25   0   0   4   2   1   0   0   1  0.68 0.42
  158 G   -1 -6 -2 -3 -4 -5 -5  7 -6 -6 -7 -3 -7 -5 -2 -2 -3 -4 -4 -6    5   0   2   2   0   0   0  80   0   0   0   1   0   0   2   2   2   0   1   0  1.91 0.80
  159 R   -1  7 -3 -3 -5 -1 -1 -4  0 -4 -4  1 -3 -3 -2 -1 -3 -5 -4 -3    5  61   1   2   0   2   4   1   2   1   2   7   1   1   2   4   1   0   1   2  1.29 0.64
  160 K    0  0  0  3 -4  1  4 -3 -1 -5 -5  3 -3 -4 -4  0 -2 -5 -3 -5    8   4   5  15   0   7  30   2   1   1   0  15   0   1   0   8   2   0   1   0  0.63 0.40
  161 K   -1  4  0 -3 -3 -1 -2 -4 -2 -3 -1  5  0 -3 -4 -2 -1 -5 -4 -1    5  22   5   1   1   3   1   1   1   1   6  40   2   1   0   2   5   0   0   4  0.80 0.47
  162 L   -5 -7 -7 -8 -5 -6 -6 -7 -7  3  6 -7  0  0 -6 -7 -5 -1 -4  0    0   0   0   0   0   0   0   0   0  15  70   0   2   3   0   0   0   1   0   6  1.52 0.69
  163 D    1 -1  2  1 -4  0  1  0 -2 -4 -3  3 -2 -3  2  1 -1 -5 -4 -3   10   2  10   8   0   4   7   8   1   0   2  19   1   1  11  12   3   0   0   1  0.34 0.26
  164 G    0 -2  1  3 -4 -1  0  4 -1 -4 -5  1 -3 -4  0  0 -3 -3 -4 -4    9   2   7  19   0   2   5  27   1   1   1  10   1   1   5   6   1   0   0   1  0.47 0.31
  165 Y   -1 -1 -2 -3 -1 -2 -2 -4  2  1  0  0 -1  1 -3 -2  0 -1  5  2    5   3   2   1   1   2   2   1   5   9   8   7   1   5   1   2   5   1  22  16  0.35 0.24
  166 D   -3  0  1  3 -4 -1  1 -3 -1 -6 -5  1 -4 -5  6 -1 -2 -7 -6 -4    2   4   7  14   0   2   8   2   2   0   1   8   0   1  41   5   2   0   0   1  1.00 0.54
  167 I   -3 -5 -5 -7  1 -5 -6 -7 -3  4  2 -5 -1  0 -5 -4 -1 -2  0  5    1   0   0   0   3   0   0   0   1  20  15   0   1   3   0   1   4   0   3  46  1.06 0.53
  168 I   -3 -1  0 -2 -1 -1 -1 -5  4  0 -1  0 -2  5 -5 -3 -1  0  5 -1    1   3   5   3   2   3   4   0  11   5   5   5   1  26   0   2   4   1  18   4  0.65 0.39
  169 S    1 -5 -3 -5  0 -5 -5 -4 -5 -2 -6 -3 -5 -5 -4  6  2 -5 -1 -1   12   0   1   0   2   0   0   1   0   3   0   1   0   0   1  58  13   0   2   5  1.22 0.71
  170 L   -4 -7 -8 -8 -3 -6 -6 -8 -6  2  6 -7  1 -1 -6 -6 -5 -6 -5  2    1   0   0   0   1   0   0   0   0  10  70   0   2   2   0   0   0   0   0  13  1.51 0.69
  171 I   -3 -6 -7 -7  0 -4 -6 -7 -5  5  3 -5  3  0 -6 -6 -3 -6 -3  3    2   0   0   0   2   1   0   0   0  31  30   0   6   3   0   0   1   0   1  22  1.05 0.50
  172 K   -3  1  0 -1 -4  4  3 -5  2 -5 -5  3 -4 -6 -4  1  2 -6 -3 -2    1   6   4   3   0  20  17   0   5   0   0  16   0   0   0  11  14   0   1   3  0.62 0.42
  173 F   -7 -7 -7 -8 -7 -7 -7 -8 -4 -6 -5 -7 -5  7 -8 -7 -7 -3  9 -6    0   0   0   0   0   0   0   0   0   0   0   0   0  36   0   0   0   0  64   0  2.87 0.97

                      K         Lambda
Standard Ungapped    0.1440     0.3222
Standard Gapped      0.0410     0.2670
PSI Ungapped         0.2132     0.3177
PSI Gapped           0.0653     0.2670
