
Last position-specific scoring matrix computed, weighted observed percentages rounded down, information per position, and relative weight of gapless real matches to pseudocounts
           A  R  N  D  C  Q  E  G  H  I  L  K  M  F  P  S  T  W  Y  V   A   R   N   D   C   Q   E   G   H   I   L   K   M   F   P   S   T   W   Y   V
    1 M   -5 -6 -7 -7 -5 -5 -7 -7 -6  6  0 -6  8 -4 -7 -6 -4 -6 -5  3    0   0   0   0   0   0   0   0   0  40   4   0  38   0   0   0   0   0   0  18  1.83 0.76
    2 E   -3 -2  6  4 -6  0  1 -3 -3 -4 -6  2 -2 -6 -5  0 -1 -7 -6 -6    1   1  37  22   0   4   9   1   0   1   0  13   1   0   0   8   3   0   0   0  1.00 0.54
    3 Y   -2  2  0 -2 -5  2  1 -4  2 -3 -2  3  5 -1 -3 -1  0 -4  1 -2    2  13   4   2   0   7   9   0   4   1   2  17  18   2   1   4   5   0   6   2  0.45 0.35
    4 P   -2 -3  0  4 -7  2  4 -3 -3 -6 -6  3 -5 -7  1 -1 -2 -7 -6 -6    2   0   4  19   0  10  28   1   0   0   0  20   0   0   7   4   2   0   0   0  0.88 0.52
    5 N   -4  7  1  1 -7  1 -1 -4 -3 -7 -6  1 -6 -7 -3  0  0 -5 -6 -6    1  51   7   7   0   7   4   1   1   0   0   8   0   0   2   6   5   0   0   0  1.19 0.63
    6 L   -4 -7 -8 -8 -6 -7 -7 -8 -7  3  5 -7  3 -2 -7 -7 -4 -6 -6  3    1   0   0   0   0   0   0   0   0  14  60   0   5   2   0   0   1   0   0  18  1.48 0.69
    7 L   -2 -2 -6 -6 -5 -2 -3 -6 -6  4  4 -2 -2 -2 -6 -4  1 -3 -4  3    2   2   0   0   0   2   2   0   0  21  35   3   0   1   0   1   7   0   0  22  0.81 0.46
    8 P   -2 -1  2  4 -7  2  5 -3 -3 -7 -6  1 -6 -7 -2  0 -2 -7 -6 -6    4   4   8  23   0   8  33   2   0   0   0   8   0   0   2   7   2   0   0   0  0.91 0.54
    9 R   -4  6  0 -2 -4 -1  0 -6 -1 -1 -1 -1 -3 -5 -6 -2  3 -4 -1 -4    1  42   4   3   0   3   7   0   2   3   8   4   0   0   0   2  20   0   2   0  0.93 0.56
   10 F   -7 -9 -9 -10 -9 -9 -9 -9 -8 -6  0 -9 -4  9 -10 -9 -7 -5 -3 -6    0   0   0   0   0   0   0   0   0   0   8   0   0  91   0   0   0   0   0   0  3.39 1.30
   11 L   -3 -4 -6 -7  2 -4 -4 -7 -5  3  4 -2  3  2 -6 -4 -1 -3 -3  0    1   1   0   0   4   1   1   0   0  18  44   3   6   9   0   1   4   0   1   5  0.88 0.48
   12 K   -3  5  0  2 -7  0  4 -5  1 -6 -6  2 -3 -6 -6  0 -1 -2 -5 -6    2  27   5  12   0   3  25   0   3   0   0  11   1   0   0   5   4   1   0   0  0.88 0.54
   13 Y   -6 -8 -8 -9 -7 -6 -8 -9 -5 -1  5 -8  2 -1 -9 -7 -7 -2  8 -5    0   0   0   0   0   0   0   0   0   3  43   0   5   2   0   0   0   0  46   0  2.08 0.96
   14 V    2 -7 -7 -8  2 -7 -7 -7 -8  2 -1 -7 -3 -6 -7 -4  1 -8 -6  6   17   0   0   0   4   0   0   0   0  11   5   0   0   0   0   1   7   0   0  54  1.37 0.71
   15 K    2  3 -3 -4 -4  3  0 -3 -2 -5 -5  4 -4 -4 -4  1 -1 -6 -4 -4   15  15   1   1   0  15   4   2   1   0   1  28   0   1   0  10   4   0   0   1  0.73 0.49
   16 V   -6 -7 -8 -8 -1 -5 -6 -8 -7  7 -2 -5 -1  2 -7 -7 -2 -7  1  2    0   0   0   0   1   0   1   0   0  65   3   1   1   7   0   0   3   0   4  13  1.80 0.81
   17 N   -3 -4  3  7 -5 -2  0 -3  1 -7 -6 -3 -6 -5  1  0 -3  0  0 -6    2   1  11  54   0   1   5   2   3   0   1   2   0   1   7   6   1   1   3   0  1.32 0.68
   18 S   -1 -5 -4 -5  0 -5 -5 -2 -6 -6 -5 -5 -6 -6 -5  6  5 -6 -6 -4    4   0   1   0   2   0   0   3   0   0   1   0   0   0   0  52  34   0   0   1  1.60 0.85
   19 R   -2  1 -4 -4 -4  4  2 -3 -1 -3 -2 -2  0 -4  5 -3  1 -6 -5  0    3   7   0   1   0  19  12   2   1   1   4   2   2   1  27   1   9   0   0   6  0.73 0.48
   20 S    0 -5 -4 -5 -5 -5 -4 -4 -5 -6 -5 -5 -6 -5 -5  7  0 -6 -6 -5    6   0   0   0   0   0   1   1   0   0   1   0   0   1   1  80   6   0   0   1  1.99 0.98
   21 D   -2  1  1  4 -2 -1 -1  2 -1 -3 -1  1 -3  1 -3 -1 -2 -4  0 -2    3   8   6  26   1   3   2  18   2   1   6   8   1   5   1   3   2   0   4   3  0.37 0.25
   22 E    0  1  1  1 -3 -1  4 -2  2 -3 -3  1 -2 -2  2  0 -2 -3 -1 -2    8   6   6   6   1   2  26   3   6   1   2   8   1   2  10   5   1   0   2   2  0.36 0.24
   23 N   -1 -1  1  1 -3 -1  5  0  1 -4 -3  0 -2 -4 -2 -1  0 -4 -2 -3    5   4   7   7   1   2  39   8   3   1   2   4   1   1   2   5   5   0   1   1  0.56 0.33
   24 S    2  2  0 -2 -2  0 -1  0 -2 -2 -3  2 -2 -3 -2  3  0 -3 -2 -1   14  10   4   1   1   4   3   8   1   2   2  11   1   1   2  24   4   0   1   5  0.27 0.21
   25 D    0  0  1  1 -1  1  1  0 -1 -2 -2  1 -2 -3  1  0  1 -3 -2 -2    9   4   6   9   1   5  11   8   1   3   4  10   1   1   8   5  10   0   1   2  0.14 0.11
   26 R    0  0 -1 -1 -1  0  0 -1 -1  1 -1  0  1  0 -1  1  3 -1 -1  1    8   6   2   3   1   4   4   5   2   8   4   6   4   4   2   8  19   1   2   9  0.09 0.09
   27 F    0 -1 -1 -1  2 -1 -1 -1  0  1  0 -1  0  1 -1  0  1 -1  0  1    9   4   2   3   6   2   3   5   3  11   7   3   3   5   2   7   8   1   4  12  0.05 0.05
   28 P   -1 -2 -2 -1 -2 -2 -2 -2 -1 -2 -2 -1 -2 -2  7 -1 -2 -1 -2 -2    5   3   2   4   1   2   3   3   1   3   4   4   1   2  51   5   2   1   1   3  1.09 0.37
   29 S   -1 -2 -2 -2 -1 -2 -2 -1  0 -2 -1 -2 -1 -1 -2  5  0 -1 -2 -1    4   2   2   2   1   2   3   5   2   3   6   2   2   2   2  46   6   1   2   4  0.57 0.27
   30 T   -1 -2  1 -2 -1 -2 -1 -2 -2 -1 -1 -2 -1 -2  1  2  5 -1 -1 -1    5   2   6   2   1   2   3   3   1   4   7   3   1   2   6  13  33   1   2   3  0.40 0.21
   31 E    0  0 -1  0 -2  1  2 -1 -1 -1 -1  1 -1 -2  3  1 -1 -1 -1 -1    8   4   2   4   1   5  15   4   1   3   6   7   1   2  15  10   4   1   3   4  0.19 0.12
   32 R   -1  1  0 -2  1 -1 -1  4 -2 -2 -1  2 -1 -2 -2 -1 -1 -3 -1 -2    6   9   4   2   3   2   3  32   1   3   6  14   1   1   1   4   3   0   2   3  0.36 0.20
   33 E   -3 -1  0 -2 -4  7  2 -3  1 -2 -2 -1 -2 -3 -3 -3 -3 -3 -3 -3    3   3   4   2   1  50  12   2   3   3   4   4   1   2   1   2   2   0   1   2  1.13 0.51
   34 E   -2  1 -2 -2 -2 -1  3 -2  0 -1  1  0  1  2 -3 -2  0  4 -1  0    3   8   1   1   1   2  22   2   2   3  14   7   3   8   1   2   5   6   2   6  0.25 0.18
   35 N    0  1  1  3 -3  1  2 -2  0 -1 -3  1 -3 -3 -2 -1  0 -3 -2  0    8   7   6  17   0   5  16   3   2   3   3   9   1   1   1   3   5   0   1   7  0.26 0.17
   36 F    0 -2 -2 -2 -3 -2 -1 -3 -3  0  3  0  3  3 -3 -2 -3 -3 -1 -1    9   2   2   2   0   2   5   2   0   5  34   6   8  12   2   2   1   0   2   3  0.39 0.23
   37 Q    4 -4 -4 -4 -2 -2 -3 -1 -4  2  1 -3  2 -2 -4 -2 -3 -4 -3  2   33   1   1   1   1   2   2   6   0  13  15   1   4   1   1   3   1   0   1  14  0.54 0.34
   38 K    3  3 -1 -2 -2  0 -1  0 -1 -3 -3  3 -2 -3 -3 -1 -2 -4 -3 -1   26  18   2   2   1   5   4   8   2   2   3  15   1   1   1   3   2   0   1   4  0.41 0.26
   39 N    0  0  1  3 -2  1  2 -1  2 -2 -1  0 -1 -2 -3 -1 -1  1 -1 -3    8   5   8  19   1   6  15   4   5   2   6   6   1   1   1   4   3   2   2   2  0.26 0.18
   40 V   -2 -1 -3 -4 -1 -2 -2 -3  0  1  2 -1  2  2 -4 -3 -2  1  5  1    4   4   1   1   1   2   3   2   2   7  20   4   4   8   1   1   2   1  19  11  0.43 0.26
   41 I   -5 -5 -8 -8 -3 -6 -6 -8 -7  4  6 -5 -2 -4 -5 -6 -5 -7 -4  2    1   1   0   0   1   0   1   0   0  19  61   1   1   0   1   0   0   0   1  13  1.51 0.71
   42 M    1  1 -3 -2 -2  1  2 -3 -2  0 -2  3  1 -2 -3 -1  0 -5 -1  1   13   6   1   2   1   5  14   2   1   5   3  18   4   2   1   5   5   0   2  11  0.24 0.23
   43 K    1  2  1  2 -4  2  3 -1 -2 -5 -5  3 -4 -3 -3 -1 -1 -6 -3 -4   10   9   5  11   0  10  17   5   1   1   0  18   0   1   1   5   3   0   1   1  0.47 0.35
   44 D   -3  2 -3  2 -4  0  5 -5 -1 -3 -2  1 -2  0 -4 -4 -4 -1  1 -2    2  11   1   9   0   4  41   1   1   2   4   9   1   5   1   0   1   1   6   3  0.79 0.49
   45 L   -3 -4 -4 -7  0 -4 -7 -7 -4 -1  6 -5  3  2 -7 -6 -6 -2 -2 -2    2   1   1   0   2   1   0   0   1   2  69   1   5   9   0   1   0   1   2   2  1.47 0.70
   46 E   -1  3 -1 -1 -2  2  3 -3  0 -1 -2  3 -3 -5 -4  0  0 -2 -4 -3    6  13   2   3   1   8  18   2   2   4   4  21   0   0   0   7   6   1   0   2  0.42 0.31
   47 E    2  0  0  2 -4  2  4 -1 -3 -4 -4  1 -5 -6 -3  1 -2 -6 -4 -3   20   5   4  12   0   8  23   5   1   1   1   7   0   0   1   8   3   0   0   2  0.50 0.37
   48 L   -2 -2 -3 -4 -3 -3 -4 -5 -4  2  5 -5  5  0 -4 -4 -2 -3 -3 -2    4   2   2   1   1   2   1   1   1  10  54   0  11   4   1   2   2   0   1   2  1.01 0.53
   49 G   -3 -5 -1 -1 -4 -3 -5  7 -1 -7 -5 -3 -6 -3 -5 -3 -5 -6 -6 -5    2   1   3   4   1   1   1  76   2   0   1   2   0   1   1   2   1   0   0   1  1.89 0.83
   50 L    0 -3 -4 -5  2 -4 -4 -3 -5  2  3 -3  1  3 -2 -3 -2 -2  0  1   10   2   1   1   4   0   1   3   0  12  33   2   3  12   2   1   2   0   3  10  0.50 0.30
   51 S    1  1  0  0 -3  2  3 -2  0 -3 -3  1 -2 -3 -1  2  1 -3 -4 -2   10   6   3   4   1   8  21   3   2   2   2   7   1   1   4  14   8   0   0   3  0.29 0.24
   52 D   -1 -2  1  4 -1 -1  2  0 -1 -2 -2 -2 -2 -2 -1 -1 -2 -1 -2  2    5   2   8  27   1   2  12   6   1   2   3   2   1   2   3   3   3   1   1  14  0.38 0.25
   53 I    1 -2 -3 -2 -2 -2  0 -4 -3  3 -1 -2 -2 -1 -2 -2  1 -2  0  4   11   2   1   2   1   1   6   1   1  16   4   3   1   2   2   3   8   1   4  32  0.42 0.26
   54 H   -1  1 -2 -2  1  1  3 -3  2 -1 -2  1 -2 -1 -3  1  1 -1  1  0    4   8   2   1   3   6  19   1   5   3   3   8   0   2   1  11   9   1   6   6  0.24 0.22
   55 Y   -2 -1 -3  1 -1 -1  0 -3 -1  2  2 -2  2  1 -3 -2  0 -2  1  2    1   4   1   9   2   3   7   2   2  12  18   2   5   5   1   2   6   0   6  13  0.17 0.15
   56 N   -2 -2  3  5 -5 -1 -1  1 -1 -3 -4 -1 -3 -3 -3  0  0 -1 -3 -2    2   2  12  38   0   3   3  10   1   1   2   3   1   1   1   7   6   1   1   3  0.68 0.39
   57 Q    0 -2 -2  5 -3 -1  3  2 -2 -4 -5 -3 -4 -4 -3  1 -3 -2 -3 -5    7   2   1  31   1   3  21  15   1   1   1   1   0   1   1  10   1   1   1   1  0.74 0.43
   58 K   -1  0  4  2 -5  1  1 -1  4 -4 -4  2 -3 -2 -2  0  0 -5  1 -4    4   4  20  12   0   5   7   3   9   1   1  14   0   1   2   5   6   0   5   1  0.44 0.30
   59 A    3 -3  0 -1  5 -2 -2  0  0  0 -2 -2 -2  0 -2  1  1 -1  1 -1   23   1   4   4  12   2   2   7   2   5   3   1   1   4   1  10   9   1   6   3  0.27 0.20
   60 G   -2 -4 -1 -4 -1 -2 -4  7 -4 -3 -4 -3 -5 -2 -3 -2 -1 -2 -3 -4    3   1   3   1   2   2   1  69   0   2   2   2   0   2   1   3   3   1   1   1  1.40 0.59
   61 S   -2 -3  7 -4  0 -3 -4 -2 -1 -1 -3 -1 -3  0 -5 -2 -2 -5  4  0    3   1  46   0   2   1   1   3   1   4   3   3   1   5   0   3   2   0  15   7  1.03 0.54
   62 V   -3 -5 -4 -4 -3 -4 -3 -6 -6  3  4 -2  0 -3 -6 -4 -2 -5 -2  4    2   0   1   1   0   1   2   0   0  16  35   3   2   1   0   1   2   0   1  33  0.90 0.45
   63 I   -3 -3 -5 -5 -3 -4 -5 -4 -1  5  1 -3  1  2 -4  0  1  0  4  0    2   1   0   0   0   1   0   1   1  31  10   1   4   9   0   6  10   1  17   5  0.65 0.38
   64 A    6 -5 -5 -5  3 -5 -5  2 -2 -1 -3 -5 -4 -3 -3 -3 -3 -6 -2  0   57   0   0   0   6   0   0  15   1   3   3   0   0   1   1   1   1   0   2   7  1.07 0.57
   65 E   -2  3 -1 -2 -1 -1 -1 -2  2 -1 -2  1 -2  1 -4 -1  3  2  2  0    1  16   3   1   1   2   4   3   4   3   3  10   0   6   0   5  21   3   8   6  0.30 0.25
   66 I   -3 -3 -2 -5 -3 -5 -4 -5 -4  4  4 -1  0  2 -4 -4 -3  1 -2  2    1   1   2   0   1   0   1   1   0  22  42   4   1   8   1   1   1   2   1  11  0.74 0.39
   67 P    0 -1 -1 -1 -2 -3  0 -2 -3 -4 -4  2 -5 -3  7 -2 -3 -6 -2 -4    7   3   3   4   1   1   6   3   0   1   2  11   0   1  51   2   2   0   1   1  1.18 0.56
   68 S    3 -3 -3 -1 -5 -2 -3  5 -5 -4 -5 -2 -3 -5 -1  1 -3 -5 -5 -3   26   1   1   3   0   2   1  45   0   1   1   2   1   0   4  10   1   0   0   1  0.94 0.48
   69 N   -3  1  5 -2 -4 -2 -2 -2 -1 -3 -4 -1 -2 -3 -3  1  4 -4 -1 -3    1   7  33   2   0   1   2   3   1   1   2   4   1   1   1  10  25   0   3   1  0.74 0.39
   70 V    0 -1  0 -1  0 -1  0  0 -1  1  0  0  0 -1  1  0  0 -1 -1  1   11   3   4   3   2   2   6   7   1  12   8   5   2   2   6   4   7   1   1  13  0.04 0.05
   71 D   -1 -2  0  3 -1  0  2  3 -1 -2 -4  0 -3 -4  3 -1 -2 -4 -4 -3    4   2   3  18   1   3  13  22   2   3   1   7   1   1  12   4   2   0   0   1  0.43 0.25
   72 Y    0  1  0  0  1  0  1  2  0 -2 -2  1 -1 -1  0  0  0 -1  0 -1    6   8   4   4   3   2   9  16   3   2   3  11   1   2   4   7   5   1   4   5  0.10 0.08
   73 D   -1  0  1  2 -2  1  2  1  0 -3 -3  1 -2 -1 -1  1  0 -4 -2 -2    5   3   8  14   1   4  17   9   2   1   2  10   1   3   3   9   6   0   1   2  0.23 0.16
   74 V    2  0 -1 -1 -1 -1 -1  1 -2  0 -1  1 -1 -2 -1  0  0 -1 -2  1   24   5   2   2   1   2   4   9   1   5   6   9   1   1   2   5   5   1   1  14  0.12 0.11
   75 P   -1 -2 -1 -1 -2 -1  0 -3 -2 -3 -3  0 -4 -4  7 -1 -2 -4 -4 -2    5   2   3   4   1   2   7   2   1   1   2   7   0   1  53   4   2   0   1   3  1.19 0.46
   76 V    1  0  0 -2 -1 -1 -1 -1 -1  0 -1  0 -1 -1  3  0  2 -1 -1  1   11   7   4   1   1   1   2   3   1   3   4   4   1   2  17   5  17   1   1  14  0.19 0.11
   77 M   -2 -2 -4 -4 -2 -3 -3 -4  0  4  3 -2  2  1 -3 -3 -2 -3 -1  2    1   2   0   0   0   0   0   1   3  33  27   2   6   5   0   1   1   0   2  15  0.48 0.22
   78 G    1 -3 -2 -3  2 -2 -3  4 -3 -1  2 -3  2  1 -3 -1 -1 -3 -1  0   10   0   0   1   5   0   1  34   0   2  22   1   7   5   0   2   2   0   1   4  0.34 0.19
   79 F   -3 -3 -4 -4 -3 -3 -4 -4 -3  0  3 -4  1  6 -4 -3 -3  5  1 -1    1   1   0   1   0   0   1   1   0   4  35   1   2  39   1   1   1   7   3   3  0.80 0.27
   80 L   -1 -2  0 -2  3 -2 -1 -2 -2  2  1 -1  1 -1 -1  1  0 -3 -2  1    4   0   5   2   9   0   3   2   0  21  16   4   5   2   3  12   4   0   0   7  0.11 0.10
   81 A    4 -3 -2 -3  2 -2 -2 -1 -3 -1 -1 -2  0 -1 -2  1  0 -3 -1  1   54   0   0   0   4   0   0   3   0   3   4   0   2   2   0  11   4   0   2   8  0.43 0.23
   82 H   -1  0  1 -3 -4  0 -2 -3  9 -4 -4 -2 -3 -3  1 -2 -3 -4  1 -2    4   3   6   0   0   4   0   1  64   0   1   0   0   0   7   1   0   0   4   3  1.44 0.43
   83 S   -1 -1 -3 -4  0 -1 -3 -4 -3  1  3 -3  5  0 -2 -2 -1 -3  0  1    3   3   0   0   2   2   0   0   0   5  33   0  26   3   2   2   3   0   3  12  0.44 0.21
   84 D    0 -3 -1  7 -4 -2 -1 -3 -3 -4 -4 -2 -4 -4 -3  1 -2 -5 -4 -4    7   0   0  77   0   0   1   1   0   0   1   1   0   0   1   9   1   0   0   1  1.42 0.40
   85 T    0  0  1 -2  2 -2 -2 -3 -3  0 -2 -2 -2 -3 -2  1  5 -4 -3  0    8   6   6   0   6   0   0   0   0   6   1   0   0   0   0   9  48   0   0   8  0.48 0.27
   86 A    1  0  0  0 -2 -1 -1 -2  1  1 -1 -1 -1  0  0  1  0 -2  1  2   10   5   4   6   0   1   1   1   4   5   1   1   0   4   5  15   5   0   5  27  0.10 0.11
   87 D    0 -1  0  3 -3  0  2  0  0 -2 -2 -1 -1  0  3  0 -1  1  0 -2    6   3   3  17   0   4  15   9   2   3   4   3   2   4  13   4   3   2   3   1  0.21 0.13
   88 F    0 -2  0  1  1  0  0  0  1  0 -1 -1  0  1  3 -1 -1  1  0  0    7   0   4   7   4   4   6   6   4   5   5   4   3   8  14   4   4   2   3   7  0.11 0.13
   89 N    0 -1  0  0  2 -1 -1  1  0 -2 -2 -2  0 -1  3  1  1 -4 -1 -1    9   2   5   4   5   3   3  12   2   2   4   2   2   2  15  11  10   0   2   5  0.20 0.21
   90 S    0  0  0  0  2  1  0  0  2  0 -1  0  1 -2  1  0  0 -3  1  0    6   6   5   6   5   5   6   6   5   6   6   6   5   0   6   6   6   0   5   6  0.04 0.08
   91 E    0 -1  1  0  1  0  1  3  1 -1 -2  0  0 -1  1  0 -1 -3  0 -1    7   4   6   4   3   4   9  21   3   3   3   6   3   3   6   6   4   0   3   3  0.13 0.14
   92 N    0 -1  3  1  0 -1 -1  3  0 -1 -2  0 -1 -2  1 -1  0 -4 -3 -1    7   4  16   7   2   3   4  21   2   5   3   5   2   2   7   3   4   0   0   5  0.21 0.19
   93 V   -1 -1  0  0  1 -1 -1 -2  1  2 -1 -1  1  0  0 -1  0 -4 -3  3    3   4   5   5   3   3   3   3   4  12   4   4   3   3   5   3   4   0   0  28  0.16 0.20
   94 K   -1  0  0  0  1  0  0 -1  1  1 -1  1 -1  0  0  0  0 -3 -2  1    5   4   6   6   3   4   5   6   5  10   3  12   0   4   4   5   5   0   0  12  0.05 0.10
   95 P    0  0  0 -1  1  0 -1 -2  2 -3 -1  2 -3 -3  4 -1 -1 -4  0 -1    9   5   5   3   3   5   3   3   6   0   7  14   0   0  23   3   3   0   3   5  0.32 0.26
   96 Q    0  2 -1 -2 -1  3 -1 -2  1  1 -1  0 -1 -4  3 -2 -1  1 -3  0    8  12   2   2   2  13   4   3   3   9   4   4   1   0  18   2   3   2   0   8  0.29 0.27
   97 I   -1  0  0 -1  1  1  0 -4  0  3  0 -1  1  0 -1 -1 -1 -4 -3  2    4   5   4   3   3   7   6   0   3  20   7   4   3   4   3   4   3   0   0  16  0.18 0.20
   98 H   -1  0 -1 -1  1  1  0 -2  3  3 -1 -1  0  0 -4 -1 -1  2  0  1    3   6   3   3   3   6   6   4   9  19   4   4   3   3   0   3   3   3   3  12  0.17 0.19
   99 K   -1  1  1  0  0  0  1 -1  2 -1 -1  0  0  0  1 -1 -1 -3  0  0    3   8   6   4   3   4  12   4   7   4   7   6   3   5   7   4   4   0   3   6  0.08 0.10
  100 N    0  0  0  0  2  0  0  0  1  0 -1  0 -1  0  1  0  0 -2  1  0    6   6   5   6   5   5   6   6   5   6   6   6   0   5   6   6   6   0   5   6  0.03 0.06
  101 Y   -1 -1 -3 -3  2 -2 -1 -1  1 -1 -3  0 -3  1  0  0 -1  3  6  0    5   4   0   1   4   0   3   4   3   4   1   6   0   4   5   6   4   4  35   6  0.52 0.32
  102 D    0  0  1  2 -3  1  0 -1  1 -1 -2  2  0 -3  0  0  1 -3  0 -1    9   4   9  12   0   8   4   4   3   3   4  16   3   0   3   4   8   0   3   3  0.14 0.12
  103 G    0 -4 -3  0 -4 -3  0  5  2 -4 -5 -3 -4 -5  0  0  0 -5 -4 -1    6   0   0   6   0   0   6  52   5   0   1   0   0   0   5   6   6   0   0   6  0.83 0.39
  104 E    0 -1  0  0  0  0  1  3  0 -1 -2  1  1 -3 -1  0  0  2 -3 -1    4   3   3   4   2   3  11  22   2   3   2  11   4   0   2   8   4   3   0   6  0.16 0.17
  105 S    0  1  1  2 -3  0  1  0 -2 -1 -2  1 -2 -3  1  0  0 -3  0 -1    6   7   6  17   0   4  11   7   0   4   4   8   0   0   8   7   4   0   3   4  0.16 0.13
  106 K    0  0  1  0 -3 -1  0 -2  2  0  0  0  1  1  1  0 -1 -2  1  0    7   7   7   7   0   0   7   0   6   7   7   7   6   6   7   7   0   0   6   7  0.06 0.11
  107 I    0  0 -1  0  1  0  0 -3  1  1  0  0  0 -2  0 -1  0 -3  0  1    8   4   2   6   4   5   5   1   5  11   7   5   3   0   6   3   4   0   5  15  0.07 0.11
  108 Q    0  0  0 -2  2  0  0 -1  2  0 -1  0  1  1  0  0 -2  3  1  0    6   6   5   0   5   5   6   6   5   6   6   6   5   5   6   6   0   5   5   6  0.08 0.13
  109 L    0  0  0  0  2  0  0 -1  1  0 -1  0  1  0  0  0  0  3 -2  0    5   5   5   5   5   5   5   5   5   5   5   5   5   5   5   5   5   5   0   5  0.05 0.09
  110 G    1  0  0  2  0  0  2  2  0 -3 -2  0 -3 -4  1  0 -2 -4 -2 -2   12   6   4  11   2   3  13  17   2   1   3   7   0   0   7   5   2   0   2   4  0.21 0.19
  111 D    0 -1  2  3 -1  0  2  1  2 -2 -3  0 -1 -5 -2  0 -1 -5 -4 -3    7   3   9  20   1   5  12  10   5   3   2   5   1   0   2   8   4   0   0   2  0.32 0.27
  112 S    0 -1  1 -1 -1  0  0  2  1 -2 -1  1  0 -2  1  0  0 -1 -2 -1    5   3   6   3   1   3   5  17   4   2   5  11   3   2   9   9   6   1   1   4  0.12 0.13
  113 E    0  0  1  1  0  0  0  2  0 -1 -2  0  0 -3 -1  0  0  2 -2 -1    8   4   6   7   3   4   7  17   3   4   3   5   4   0   3   8   6   3   0   5  0.10 0.12
  114 F    0  0 -2  0  2  0  0 -1  2  0 -1  0  1  1 -3  0  0  3  1  0    6   6   0   6   5   5   6   6   5   6   6   6   5   5   0   6   6   5   5   6  0.07 0.12
  115 Y   -1  0  0 -2  1 -1 -2 -2  1  1 -2 -1  1  0 -1 -1  2  2  1  3    4   4   4   3   3   3   3   3   3   8   4   4   3   4   3   5  11   3   4  21  0.22 0.16
  116 L   -1 -2 -1 -1 -1 -1 -2 -2 -1  2  3 -2  3  0  0 -2 -1 -3 -1  0    3   2   3   4   1   3   2   3   1  14  29   2  10   3   6   3   3   0   2   6  0.25 0.22
  117 D   -1  2  1  2 -1 -1  0 -2  2 -2 -3  1 -3 -2 -1  3  1 -4 -1 -2    4  10   5  13   1   2   5   2   4   2   2   7   0   2   3  23   9   0   2   3  0.26 0.25
  118 P    0 -1 -1  0 -3  0  0 -2 -3 -1 -1  0  0 -1  5  0  0 -4 -3  1    6   3   2   5   0   4   6   3   0   4   4   5   2   3  30   6   6   0   0  10  0.41 0.28
  119 E    1  0  0  1 -3  0  2 -1  1 -1 -1  1 -2 -3  0  0  0 -4 -3  0   13   5   4   6   0   4  14   4   3   4   5   9   0   0   4   8   6   0   0   9  0.11 0.14
  120 V    0  0  0  0 -2  1  0  0  1  0 -1  0  1  0  1  0  0 -2  1  0    6   6   5   6   0   5   6   6   5   6   6   6   5   5   6   6   6   0   5   6  0.03 0.06
  121 Y   -1  0  0  0  2  0  0 -1  2  0 -1  0  1  0 -3  0  0  3  1  0    5   5   5   5   5   5   5   5   5   5   5   5   5   5   0   5   5   5   5   5  0.06 0.10
  122 P   -1 -1 -1 -1 -5  0  0 -2  2 -1 -2  0 -4  0  6 -1 -1 -5 -4 -1    5   3   3   4   0   4   6   4   5   4   4   5   0   4  37   4   4   0   0   4  0.65 0.44
  123 N    0 -1  2  2 -1  0  2  0  2 -1 -2  0 -1  0 -1 -1 -1 -1  0  0    7   4   9  11   1   3  18   6   5   3   4   4   1   4   2   3   2   1   3   9  0.15 0.14
  124 L   -2 -1 -4 -2  0 -1 -2 -5 -4  3  5 -4  2 -3 -2 -4 -2 -4 -4  1    2   3   1   3   2   3   3   1   0  14  49   1   4   0   2   1   2   0   0   9  0.70 0.41
  125 R    1  1  1  0  0  1  1 -2  1 -2  0  3  0 -3 -1  0  0 -4 -3 -1   10   8   6   4   2   5   7   3   4   2   8  19   3   0   3   6   4   0   0   4  0.15 0.17
  126 K    0  0  1  1  0  0  0 -1  0 -1 -1  1  0 -1  3 -1 -1  1  0  0    8   6   6   9   2   4   7   4   3   3   5   7   2   2  15   3   3   2   3   7  0.13 0.13
  127 Y   -1  0 -1 -2  2  1 -2 -2  1  1  0  0  1  1 -4 -2 -3  2  4  1    4   4   2   2   4   6   2   3   4   8  10   6   4   5   0   3   0   2  19  12  0.27 0.25
  128 K    0  0  0  0 -2  1  0  0  1  0 -1  0  1  0  1  0  0 -2  1  0    6   6   5   6   0   5   6   6   5   6   6   6   5   5   6   6   6   0   5   6  0.03 0.06
  129 G   -1  0  0  1 -4  0  1  4  1 -3 -2  1  0 -3 -3  0 -1 -4  0 -2    4   4   4   7   0   4   8  33   4   0   4   8   3   0   0   4   4   0   3   4  0.32 0.25
  130 Q    0  0  1  0  2  1  0  0  2 -2 -1  0  1  0  1  0  0 -2  1 -2    6   6   6   6   6   6   6   6   6   0   6   6   6   6   6   6   6   0   6   0  0.08 0.12
  131 T    0  0  0  0  2  1  0  0  2  0 -1  0  1  0  1  0  0 -2  1 -2    6   6   5   6   5   5   6   6   5   6   6   6   5   5   6   6   6   0   5   0  0.05 0.09
  132 I   -1  0 -3 -3  1 -1 -1 -2 -2  3  1 -1  1  1 -3 -1  0  3  0  2    4   5   0   1   3   3   4   4   0  19   9   4   3   5   1   4   4   4   4  20  0.15 0.13
  133 I    0 -2 -2 -2 -2 -1  0 -2 -2  1  1 -2  2  2 -2  0 -1  5  2  1   10   0   0   0   0   0  10   1   0  10  10   1   9   9   0  10   1   9   9  10  0.18 0.12
  134 T   -1  2 -1 -2  0  0 -1 -2  1 -1 -1  1  0  0 -2  1  2  3  0  0    3  18   2   0   2   3   2   2   4   4   3   7   2   3   0  14  15   5   3   8  0.15 0.16
  135 A    0 -1  1  1 -2  1  1  1 -1 -2 -2 -1 -2 -3  2  1  1 -3 -2  0   10   0   9  10   0   9  10  10   0   0   1   1   0   0  10  10  10   0   0  10  0.19 0.10
  136 S    0  0  1  4  0  0  0  0 -2 -2 -2  0 -1 -2 -1  0  0 -4 -3 -2   10   6   5  28   2   3   4   8   0   2   2   6   2   2   3   8   7   0   0   3  0.25 0.22
  137 G   -1 -1  0  0  1  0 -1  5  1 -4 -2 -1 -3 -4 -1 -1 -1 -4 -4 -2    5   4   4   4   3   3   5  45   3   0   4   4   0   0   3   4   4   0   0   4  0.51 0.33
  138 D    0  0  1  0 -3  1  0  0  2 -2 -1  0  1 -2  1  0  0 -3  1 -1    6   6   6   6   0   6   6   6   6   0   6   6   6   0   6   6   6   0   6   6  0.07 0.10
  139 T    1  0 -1 -3 -3 -1 -3 -1  2 -3 -3 -2 -1 -2 -3  2  5  1 -1 -2    9   5   2   0   0   2   0   5   6   0   0   0   2   2   0  12  51   2   2   2  0.66 0.37
  140 L    0 -1 -1 -3  2 -1 -2 -2 -3  2  1 -2  1 -1  1  0  0 -3 -2  1    7   4   2   0   6   2   0   3   0  20  17   0   2   2   7   8   6   0   0  13  0.13 0.09
  141 L   -1 -3 -4 -4 -2 -3 -3 -4 -3  1  4 -3  2  1  0 -2  0  3 -1  1    6   0   0   0   0   0   0   0   0   6  55   0   6   6   6   0   6   6   0   6  0.40 0.14
  142 G    1 -1 -1 -2 -2  2 -1  2 -2 -3 -2 -1 -2 -2 -2  1  2  6 -1 -2   17   0   0   0   0  17   0  17   0   0   0   0   0   0   0  17  17  17   0   0  0.39 0.08
  143 G    1  1 -2 -2  3  1 -1  1 -2  1  0 -1 -1 -2 -2  1  1 -3 -2  1   10  10   0   0  10  10   0  10   0  10  10   0   0   0   0  10  10   0   0  10  0.11 0.10
  144 M    1 -2 -1  2  4 -1  1 -2 -2  1 -1 -1  2 -2 -2  1 -1 -3 -2  0   14   0   0  14  14   0  14   0   0  14   0   0  14   0   0  14   0   0   0   0  0.19 0.10
  145 I    0 -2  1  3  1 -1  2 -1 -2  1 -2 -1  0 -3  0  0  1 -4 -3 -1    6   0   9  21   5   0  15   5   0  12   0   0   5   0   5   7  12   0   0   0  0.22 0.13
  146 K    0  0  1  0  2  1  0  0 -2  0  0  0  1 -2 -3 -1  0  4 -2  0    7   7   7   7   7   7   7   7   0   7   7   7   7   0   0   0   7   7   0   7  0.11 0.15
  147 C    4 -2 -1 -1  2 -1 -1  0 -2 -1 -1 -2 -2 -3 -2  1  0  1 -1  0   45   0   2   3   6   3   3   4   0   3   6   0   0   0   0  10   3   2   3   6  0.29 0.22
  148 G    1 -3  0 -2  1 -2 -3  5 -3 -3 -3 -2 -3 -4  0  0  0 -3 -3 -1   13   1   4   1   4   0   1  55   0   1   1   1   0   0   4   6   4   0   0   4  0.71 0.28
  149 I    0 -2  1  1  3 -2 -2  0 -2  1  0 -2  2 -1 -2 -1  1 -2  1  1    9   0   9   9   8   0   1   9   0   9   9   0   9   0   0   1   9   0   9   9  0.08 0.11
  150 S    0  0 -1  1  3 -1  0  0 -2  0  0 -1 -1  1 -2  0  0 -2 -1  0    8   8   0   8   8   0   8   8   0   8   8   0   0   8   0   8   8   0   0   8  0.04 0.08
  151 E    0 -1  1  0  2  1  0  0  2  0 -1  0  1 -2  1  0  0 -3 -2  0    6   0   6   6   6   6   6   6   6   6   6   6   6   0   6   6   6   0   0   6  0.07 0.10
  152 L    0 -2 -2 -3  3  1 -2 -3 -2  1  1 -2  2  2 -3  0  1 -2  2  1    9   0   0   0   9   9   0   0   0   9   9   0   9   9   0   9   9   0   9   9  0.16 0.14
  153 M    0 -2 -2 -2  3 -1 -2  0  2  0  0  0  2  1 -2  0  0 -2  2  0    8   0   0   0   7   0   0   8   7   8   8   8   7   7   0   8   8   0   7   8  0.08 0.12
  154 T    0  0 -1  0  0  0  4 -2  1 -1 -2 -2  1 -1 -3  0  2 -4  0 -1    6   5   2   4   3   3  32   3   3   4   3   0   5   2   0   5  14   0   3   3  0.27 0.27
  155 F    2 -2 -1 -1  1  1 -1  0 -2  0  1 -2  1  0 -3  0  0 -3  0  0   26   0   3   3   3   7   3   7   0   4  14   0   6   4   0   4   5   0   3   6  0.11 0.16
  156 A    0 -2 -2  0  3 -2 -2  0 -2  1  0 -2  2  1 -2  0  0 -2  1  0    8   0   0   8   8   0   0   8   0   8   8   0   8   8   0   8   8   0   8   8  0.08 0.11
  157 E   -1  0  0  0  2  0  0 -1  2  0 -1  0  1  0 -3  0  0  3  1  0    5   5   5   5   5   5   5   5   5   5   5   5   5   5   0   5   5   5   5   5  0.06 0.10
  158 Y   -1  1  1  0  0  0  0 -1  2 -1 -1  0  1  0 -4  0  0  1  4 -1    6   7   6   5   2   5   7   4   4   4   5   4   4   3   0   6   7   2  16   4  0.14 0.18
  159 L   -1 -2 -2 -5  1 -2 -2 -3 -4  2  4 -4  2  2 -5 -2 -2  2  0  1    5   2   2   0   3   2   3   2   0  10  37   0   4   9   0   3   2   3   3   9  0.41 0.31
  160 M   -1  0  0 -1  0  0 -1 -1  0  1  1  0  1  0 -1  0  0 -3  0  0    5   4   4   4   3   4   3   3   3  10  17   8   4   3   3   5   4   0   3   8  0.03 0.06
  161 N    0  0  1  1  1  1  2 -1  2 -1 -2  1 -3 -1 -3  0 -1  2  0 -2    9   5   7   7   4   8  14   4   5   4   4  10   0   3   0   5   4   3   3   3  0.14 0.17
  162 H   -1  0  0  0  2  0  0 -1  2  0 -1  0  2  1  0 -1  0  4  1 -1    5   5   5   5   5   5   5   5   5   5   5   5   5   5   5   5   5   5   5   5  0.09 0.08
  163 P   -2  0  0  1  1  0  0  0  1  0 -2  2  1 -5  3 -1 -1 -6  0 -2    4   4   5   8   3   5   5   8   3   5   4  11   3   0  16   5   4   0   3   3  0.23 0.20
  164 E   -1  0  2  2 -4  0  2  1  0 -1 -2  1 -1 -1 -1 -1 -1 -4 -3 -2    6   6  10  11   0   4  15  13   3   4   3   9   2   3   3   4   3   0   0   2  0.18 0.18
  165 V    0  0 -2 -1  0 -1 -2 -2 -1  3  1 -1  1  0 -1 -1  0  0  0  1   10   6   2   3   2   3   2   3   2  19  14   3   3   4   4   4   4   1   3   8  0.09 0.11
  166 K   -1  1  0  1 -1  0  0 -3 -1 -2 -2  2 -4 -1  5  1 -2 -5 -1 -3    5   7   5   7   2   4   7   2   2   2   4  12   0   3  25   9   2   0   2   2  0.41 0.34
  167 H   -1  1  1 -3  1  0 -1 -4  7 -1 -2 -1  0  0  0 -1 -1 -4  1 -1    4   7   5   0   3   3   4   0  35   3   4   4   3   3   4   3   4   0   4   4  0.65 0.46
  168 G    0  0  0  0  2  1  0  0  1  0 -1  0 -1 -2  1  0  0 -2  1  0    6   6   5   6   5   5   6   6   5   6   6   6   0   0   6   6   6   0   5   6  0.02 0.08
  169 K   -1 -1  1  3  0 -1  0 -2  0 -2 -3  0 -1 -1  4 -1  1 -5  1 -1    4   4   7  16   2   2   6   2   2   2   2   5   2   2  18   4   8   0   6   5  0.30 0.24
  170 I   -1 -6 -6 -6  3 -5 -1 -7 -6  5  2 -6  2  2 -6 -5  1 -5  1  2    5   0   0   0   5   0   5   0   0  29  15   0   5   7   0   0   8   0   5  14  0.74 0.38
  171 R   -1  0  0  0  2  0  0 -1  2  0 -1  0  1  0 -3  0  0  3  1  0    5   5   5   5   5   5   5   5   5   5   5   5   5   5   0   5   5   5   5   5  0.06 0.10
  172 L   -1 -3 -4 -4  2 -3 -4 -4 -3  3  2 -3  2  2 -1 -2 -1 -2  0  3    5   0   0   0   5   0   0   0   0  20  19   0   6  11   3   0   3   0   3  23  0.35 0.20
  173 A    0 -3 -3 -3  2 -2 -3  0  0  2  2 -3  1  0 -3 -1  0  3  0  2    9   0   0   0   5   0   0   7   4  13  21   0   4   4   0   4   4   4   4  17  0.17 0.14
  174 F   -3 -1 -4 -5  2 -4 -4 -1 -3  1  0 -4  1  6 -5 -3 -1  3  2  0    0   5   0   0   5   0   0   5   0   7   6   0   5  48   0   0   5   5   5   5  0.78 0.37
  175 T   -1  0  1 -1  1 -3 -3 -1  1 -1 -2 -3  1 -1  0  1  5 -4 -3 -1    5   5   5   4   4   0   0   4   3   3   4   0   3   3   4   9  39   0   0   4  0.39 0.36
  176 P    0  0  0 -3  2  1 -2 -3 -2  0  0  0  2  1  1  0  0  4  1  0    6   6   6   0   6   6   0   0   0   6   6   6   6   6   6   6   6   6   6   6  0.13 0.17
  177 D    0  1 -1  3  3  0 -1 -2  0 -3 -2 -1  3  1 -4 -1  0  3  0 -2    8   9   3  21   8   3   3   3   3   0   3   3   8   7   0   3   5   4   3   3  0.30 0.24
  178 E   -1  0  0 -3 -6  1  6 -1  3 -6 -6  1 -5 -6  0 -1 -4 -6 -5 -1    5   5   5   0   0   5  47   5   7   0   0   7   0   0   5   5   0   0   0   5  0.89 0.50
  179 E    0  1 -2  1 -5  1  5 -4  2 -2 -4  1 -4 -4 -3 -2 -1 -4  1 -4    8   8   0   5   0   5  48   0   4   3   0   8   0   0   0   0   3   0   6   0  0.71 0.40
  180 I   -1 -1  0 -1  1  0 -1 -1 -3  1 -1  0  1  0 -1 -1  1  2  3  1    5   4   6   3   3   5   3   4   0  10   4   5   4   4   3   4  12   3  12   9  0.11 0.16
  181 G   -1 -1 -1 -1  2 -1 -2  5  1 -1 -2 -1  1 -1 -5  0 -1 -6 -5 -2    4   3   3   4   5   3   3  43   4   3   4   3   3   3   0   6   3   0   0   3  0.58 0.40
  182 T    0  0  0  0  2  1  0  0  2  0 -1  0  1  0 -3  0  0 -3  1  0    6   6   6   6   6   6   6   6   6   6   6   6   6   6   0   6   6   0   6   6  0.04 0.08
  183 G   -1 -1  0  0  1  0 -1  4  1 -1 -2 -1  1 -1  1  0 -3 -4  0 -1    4   3   4   5   3   4   3  31   4   4   4   3   4   3   7   7   0   0   3   5  0.25 0.21
  184 A    0  0 -2  1  3 -1  0  0 -2  0  0 -1  2 -2  1  0  0 -3 -3  0    8   8   0   8   8   0   8   8   0   8   8   0   8   0   8   8   8   0   0   8  0.09 0.12
  185 E    1  1  0  1 -3  0  0 -1  2 -1 -2  2  0 -1 -1  0  0 -3  0 -1   11   9   4   9   0   3   6   3   5   3   3  17   3   3   3   5   4   0   3   4  0.12 0.15
  186 Q    0  1  2 -1  1  1  0 -1  3 -1 -1  1  0  0 -3  0 -1 -3  1 -1    8   6  12   3   3   7   4   4  10   3   6   7   3   5   0   4   4   0   6   4  0.11 0.16
  187 F   -1  0  0  0  2  1  0 -1  2  0 -1  0  1  1 -3  0 -2  4  1  0    6   6   6   6   6   6   6   6   6   6   6   6   6   6   0   6   0   6   6   6  0.09 0.14
  188 D   -2 -2  1  5  1 -1 -1 -3  0 -2  0 -1  1 -1  0 -1 -2  2 -7 -2    4   3   6  32   3   3   5   3   3   3   9   4   3   3   5   5   3   3   0   3  0.54 0.38
  189 V   -2 -1 -1 -1  1  0  0 -2  1  1  0  0  3  1  2 -2 -1  2  1  1    3   4   3   3   2   4   5   3   4   8  11   6   6   6   9   3   4   2   4   9  0.12 0.10
  190 K    0  0  1  0 -2  1  0  0  2  0 -1  0 -1 -2  1  0  0 -2  1  0    6   6   6   6   0   6   6   6   6   6   6   6   0   0   6   6   6   0   6   6  0.06 0.07
  191 D   -1  1  0  2  0  0 -1 -1  2 -2  0  3  1 -2  0 -2 -2  2  0 -2    5   8   4  12   2   4   4   4   5   2  10  18   3   2   4   2   2   3   3   2  0.17 0.19
  192 F   -1  0 -2  0  2  0  0 -1  2  0 -1  0  1  1  0  0  0  3  1  0    5   5   0   5   5   5   5   5   5   5   5   5   5   5   5   5   5   5   5   5  0.07 0.12
  193 G   -1  2  2  0 -1  0  0  1  2 -2 -2  2 -2 -2  1  0 -1 -4 -1 -2    5  10  10   5   2   4   4  11   5   2   3  16   1   1   7   4   3   0   2   3  0.18 0.16
  194 A    4 -5 -2 -2  2 -3 -2  0 -5 -2 -3 -2 -2 -2  2  2 -2 -6 -5  1   37   0   1   2   5   1   2   6   0   2   1   2   1   2  10  19   2   0   0   8  0.55 0.41
  195 D   -1  2 -1  3 -1  1  1 -2  0 -2 -3  3 -3 -3 -1 -1 -1 -5 -2 -2    4  10   2  20   2   7   6   2   2   3   1  25   0   1   3   4   4   0   1   3  0.38 0.28
  196 F   -1 -1  1 -1  0 -1  0 -2  1  1  0 -1  2  2 -2 -1 -1  3  3 -1    4   2   8   3   2   2   6   2   4   8   7   3   8  10   1   2   4   5  13   4  0.14 0.14
  197 A    3 -4 -2 -2  3 -4 -4  4 -4  0 -2 -2  0 -1 -4 -1 -3 -4 -1  0   28   0   2   2   6   0   0  34   0   6   3   2   3   3   0   3   0   0   2   6  0.57 0.35
  198 F   -1 -3 -4 -4  2 -3 -3 -4 -2  2  1 -1  1  4 -4 -3 -1  4  4  1    5   0   0   0   5   0   0   0   0  12  10   5   5  20   0   0   5   5  21   8  0.43 0.23
  199 T    0 -3  2  0  2 -2 -1 -1 -2  1  0 -2 -1  0 -3  0  1 -3 -2  2    9   0  12   5   5   0   4   4   0   7   5   0   0   4   0   5  12   0   0  26  0.14 0.15
  200 V   -2 -4 -5 -1 -3 -4 -4 -5 -4  2  4 -4  1  3 -2 -3 -3  1  0  2    3   0   0   4   0   0   0   0   0  12  40   0   3  15   2   2   0   2   3  13  0.60 0.32
  201 D   -2 -5  0  8 -7 -1 -1 -5 -5 -6 -4 -4 -6 -7 -5 -2 -4 -8 -6 -3    4   0   4  80   0   2   3   0   0   0   2   0   0   0   0   2   0   0   0   2  1.96 0.75
  202 G    0 -1  0 -1  2 -1 -1  3  3 -3 -2 -1  0 -1 -1  1  0 -4  0 -2    7   3   3   3   6   3   3  27   7   0   3   3   3   3   3  12   5   0   3   3  0.27 0.26
  203 E    1 -1  0  1  3  0  1  2  0 -2 -2 -1  0 -3 -1  1  0  2  0 -3   11   3   3   8   8   3   8  18   3   3   3   4   3   0   3   9   4   3   3   0  0.17 0.19
  204 A    1  0  0  2 -1 -1  2  2  0 -3 -3 -1 -1 -2  1  0  0  0 -2 -2   13   6   5  10   2   2  12  15   2   1   2   3   1   1   6   7   5   1   1   4  0.18 0.19
  205 P    0 -1 -2 -2  0 -1 -2 -3  0  1 -1 -2  1  0  5 -2 -1 -6 -1  1    7   3   2   2   2   3   2   2   2  10   7   2   3   4  31   2   4   0   3  10  0.50 0.37
  206 G   -1 -1  0  0  1 -1 -1  5  1 -6 -3 -1 -5 -1 -1 -1 -1  2  0 -6    4   3   4   5   3   3   4  42   3   0   3   4   0   3   3   5   3   3   3   0  0.61 0.42
  207 K   -1  1  1  1  1  1  3  0  1 -1 -2  1  0 -1 -1  0  0 -4  1 -2    5   6   5   6   3   5  19   7   4   3   3   8   3   3   3   5   4   0   5   3  0.13 0.15
  208 L    0 -2  1 -2  3  1 -2 -3 -2  0  0  0  2  1  1  0  0 -2  1  0    7   0   7   0   7   7   0   0   0   7   7   7   7   7   7   7   7   0   7   7  0.11 0.15
  209 G    0 -2  0  0  2  0  0  0  2  0 -1  0  1  0  1  0  0 -3  1  0    6   0   6   6   6   6   6   6   6   6   6   6   6   6   6   6   6   0   6   6  0.04 0.09
  210 D   -1 -1  1  0  1 -1 -2 -2  1  1  0 -1  0  0 -2 -1  2  2  3  0    4   2   6   6   3   2   2   3   3   9   7   3   2   4   2   4  15   3  12   8  0.13 0.17
  211 C    1  1 -1 -1  1  1  4 -1  0 -2 -5  0  0 -2 -5  0 -1  1 -4 -2   14   7   2   3   3   7  28   6   2   3   0   6   2   2   0   8   3   2   0   3  0.38 0.35
  212 T    3 -2  2 -2  3 -2 -2  1 -5 -5 -3 -4 -5 -6 -2  2  3 -6 -1 -2   27   2   9   2   7   2   3   8   0   0   2   0   0   0   2  14  18   0   2   3  0.54 0.43
  213 F    0  0  0 -3  2  1 -2 -3  2  0 -1  0  2  1  1  0  0  4  1  0    6   6   6   0   6   6   0   0   6   6   6   6   6   6   6   6   6   6   6   6  0.13 0.18
  214 S    0 -2  2 -1  1 -1 -2  3  3 -2 -5 -2 -1 -1 -2  1  1  1  1 -2    9   2   8   3   3   2   3  23   7   2   0   2   2   3   2  10  10   2   5   3  0.31 0.29
  215 A    2 -1 -1 -1  0  2 -1  0  2  0 -1  1  0 -1 -1  0 -1 -4  1 -2   20   2   2   3   2   9   3   8   5   8   6  10   2   2   2   6   3   0   5   2  0.12 0.18
  216 A    2 -1  1  1  1 -1 -1 -1  0  0 -2 -1  0  0 -1  0  0  2  2  0   19   3   7   9   3   2   3   5   2   5   4   3   2   5   3   4   5   3   8   6  0.10 0.13
  217 Q    0  1  1  0  0  0  0  0  1 -1 -2  1  1 -1 -3  1  0  2  0 -1    6   8   8   3   3   4   6   7   3   3   4  10   5   3   0  12   5   3   3   4  0.09 0.13
  218 F    0  0 -2 -3  2  0 -2  0  2  0  0 -2  2  1  1  0  0  4  1  0    6   6   0   0   6   6   0   6   6   6   6   0   6   6   6   6   6   6   6   6  0.14 0.18
  219 T   -1  1  0  1  0  0  2 -2  1 -1 -1  1  0 -1 -3  0  2  2  0 -1    3   7   3   6   2   4  14   3   3   5   4  12   2   2   0   5  14   3   3   5  0.12 0.15
  220 L    0 -2 -2 -3  3 -2 -2  0 -2  1  0 -2  2  1 -3  0  0  4  2  0    8   0   0   0   8   0   0   8   0   8   8   0   8   8   0   8   8   8   8   8  0.17 0.14
  221 D   -1  1  0  1 -2  0  2 -3  0 -1 -2  2 -2 -2 -3 -1  3  2 -1  0    5   9   4  10   1   3  12   1   2   4   2  11   1   1   0   2  21   3   2   6  0.25 0.24
  222 I   -2 -6 -6 -7  0 -6 -6 -7 -6  6  1 -6  0  4 -3 -3 -4 -5 -2  3    3   0   0   0   2   0   0   0   0  43   9   0   2  19   1   2   0   0   1  18  1.17 0.56
  223 Q   -2  1  0 -2 -2  1  1 -3  3  1 -2  1 -2  0  0  0  2 -1  1 -2    2   9   5   1   1   5  10   1   8   8   3  11   1   4   5   5  13   1   6   2  0.18 0.19
  224 G   -1  0 -4 -5 -5 -5 -5  7 -5 -1 -6 -5 -5 -6 -5 -2 -5 -6 -6  0    5   5   0   0   0   0   0  74   0   4   0   0   0   0   0   3   0   0   0   6  1.63 0.71
  225 V    0  3  1 -2 -2  0 -1 -1  0  0 -1  2 -1 -1  0  0  0 -4 -1  1    7  15   7   2   1   3   2   3   2   5   3  18   1   3   5   5   5   0   1  12  0.16 0.18
  226 N    2 -1  1  0  0  0  0  0 -2 -2 -2 -1 -1 -1  1  2  1 -3  1 -1   16   2   6   5   2   5   6   6   0   2   2   2   2   3   6  17  10   0   5   4  0.15 0.18
  227 V    3 -1 -1 -1  1  0  0 -1 -2  0 -1  0  1 -1 -3  1  0 -3  0  0   27   3   2   3   3   5   5   4   0   6   6   5   4   2   0   8   6   0   3   8  0.13 0.17
  228 H   -1  0 -3 -1  2  0 -1 -5  9 -5 -1 -1 -4  0  0 -1 -4 -5 -2 -5    6   5   0   3   5   3   3   0  51   0   6   3   0   4   5   5   0   0   0   0  1.29 0.65
  229 P    1 -2  1  0  1  0 -1 -1  0 -1 -2  0 -2  0  3  0  0 -3  0  0   16   0   6   6   3   5   3   4   3   4   4   5   0   4  16   7   5   0   3   6  0.16 0.16
  230 A    0 -1 -2 -1  1 -2  0  4  1 -1 -3  0  0 -1 -1  0 -1  2 -3 -1    9   3   0   3   3   0   8  33   4   5   0   6   3   3   3   6   3   3   0   5  0.29 0.27
  231 V    0  1 -1  0  0 -1  0 -2  0  0  0 -1  0 -1 -2  2  1  1  1  1    7   7   3   4   2   2   5   2   2   4   8   2   3   2   2  19   9   2   7   9  0.09 0.16
  232 A    4 -2  1  0  0 -2  1 -1  2 -2 -2 -3 -2 -3 -3  0 -2  1 -2 -2   37   2   6   5   2   1   9   5   5   3   4   1   1   1   1   7   2   2   1   3  0.46 0.38
  233 K   -1  0  0  0 -3  0  0 -1  2  0 -1  0  1  0  0  0  0  3  1  0    5   5   5   5   0   5   5   5   5   5   5   5   5   5   5   5   5   5   5   5  0.06 0.08
  234 G    0  1  1  1 -3  1  0  0  2 -3 -1  0 -2 -2  1  0  0  4  1 -2    7   7   7   7   0   7   7   7   6   0   7   7   0   0   7   7   7   6   6   0  0.15 0.14
  235 Q   -1  0  0  0 -3  0  0 -1  2  0 -1  0  1  0  0  0  0  3  1  0    5   5   5   5   0   5   5   5   5   5   5   5   5   5   5   5   5   5   5   5  0.06 0.08
  236 M    0  0  1  0 -3  1  0  0  2  0  0  0  1  1 -2 -1  0 -2  1  0    6   6   6   6   0   6   6   6   6   6   6   6   6   6   0   0   6   0   6   6  0.04 0.09
  237 I    0  2 -1 -1  1  0 -1 -1  1  1  0  0  0  0 -1  0  0 -3 -2  1    7  13   3   4   4   3   3   4   4  13   9   5   3   4   3   5   4   0   0   9  0.04 0.08
  238 N   -1  1  5  1  3 -3 -1 -1  2 -5 -5 -1 -5 -6  0  1 -1 -6 -5 -1    5   9  31   6   7   0   4   4   5   0   0   4   0   0   5  12   4   0   0   4  0.59 0.40
  239 A    6 -5 -2 -5  1 -1 -5 -4 -5 -1 -5 -5 -5 -6  1  1 -1 -7 -6 -1   66   0   2   0   3   2   0   0   0   4   0   0   0   0   7   9   3   0   0   4  1.23 0.67
  240 V    0 -6 -2 -6  0 -2 -6 -2  0  5  2 -5  1 -1 -6  0 -1  1 -5  1    8   0   2   0   2   2   0   3   2  38  17   0   3   2   0   6   4   2   0   9  0.69 0.41
  241 Q   -1  1  0 -2 -1  1  0 -3  2  0  1  1  1  0 -2 -1  1  1  1 -1    4   9   5   2   1   6   5   1   5   5  14  10   3   3   1   3  10   2   4   5  0.09 0.12
  242 V    1  0 -1 -3  1 -1 -2 -1  0  2  1 -1  1  0  0 -1 -1  2  0  1   13   7   3   0   3   3   0   3   3  13  11   3   4   3   4   4   3   3   4  12  0.08 0.11
  243 G    0  0 -2 -2  3  1 -2  0 -2  1  0 -1  2  1 -2  0  1 -2 -1  0    8   8   0   0   8   8   0   8   0   8   8   0   8   8   0   8   8   0   0   8  0.07 0.11
  244 I    3 -1 -1 -4  2 -1 -2  0  2 -1 -3 -2  2 -2 -2  2  0  1 -1 -2   25   3   3   0   4   3   2   6   5   3   3   2   6   2   2  18   5   2   2   3  0.33 0.29
  245 D    0  1  0  2 -1  1  3 -2  1 -2 -3  1 -1 -2 -2  0 -2  1  1 -2    8   7   4  10   2   5  21   3   4   3   3   9   2   2   2   6   2   2   4   2  0.21 0.22
  246 F    0  0 -2 -3  2  1 -2  0  2  0  0 -2  2  1 -3  0  0  4  1  0    7   7   0   0   6   7   0   7   6   7   7   0   6   6   0   7   7   6   6   7  0.12 0.16
  247 H   -1 -3  0  0  0  0 -1 -2  2  4  1 -3  1 -1 -3 -1 -1  1 -1  1    5   0   4   5   2   6   3   2   7  29  11   0   3   2   0   4   3   2   2  10  0.23 0.24
  248 N    2  0  1  0  0  1  0  0  0 -3 -2 -1  0 -1 -3  2  1 -3 -1 -1   18   4   6   4   2   5   4   5   3   0   4   2   3   2   0  19   9   0   3   3  0.15 0.21
  249 Q    1  1 -1 -1  0  1  0  1  1 -1  0  0  2 -2 -1  0 -1  0 -1 -1   13   7   3   4   2   7   5  11   3   2  10   6   7   1   2   8   3   1   1   2  0.07 0.11
  250 L   -1 -1 -3 -1  1 -3 -1 -2  0  2  2  0  4  1  0 -1 -1  2  0  0    3   3   0   3   3   0   3   3   3  11  19   5  15   6   4   3   4   3   4   4  0.19 0.22
  251 P    0  0  1  0  2  1  0  0  2 -2 -1  0  1  0  1  0  0 -3 -2 -1    6   6   6   6   6   6   6   6   6   0   6   6   6   6   6   6   6   0   0   6  0.05 0.10
  252 E   -2  0 -1  0  1  0 -1 -2  2  0  2 -1  3  0  0 -1 -1  3  1 -1    4   5   3   5   3   5   5   3   4   5  17   4   7   3   6   4   5   4   5   4  0.13 0.11
  253 H   -2 -2  0  0  0  0  0  5  3 -3 -2 -1  0  0 -3 -2 -1  1 -1 -3    3   2   5   6   2   4   6  34   7   2   5   4   2   3   2   3   4   2   2   3  0.48 0.33
  254 D   -3  5 -3 -1 -1  1  3 -1  2 -2 -3  1  2 -2 -2 -3 -2  0 -2 -3    3  25   2   3   2   7  20   5   4   2   3   7   4   2   3   2   3   1   2   2  0.61 0.43
  255 R   -1  2 -2 -3 -1 -3 -4 -4  2  3  0 -2  1 -3 -3  0  2  2 -2  1    6  12   3   2   1   1   1   2   5  16   8   3   3   1   2   7  14   3   1   9  0.36 0.26
  256 P    0  0  0  0 -2  1  0  0  1  0 -1  0 -1  0  1  0  0 -2  1  0    6   6   6   6   0   6   6   6   6   6   6   6   0   6   6   6   6   0   6   6  0.04 0.06
  257 E   -1 -2 -1  2 -5  1  4  1  1 -3 -4  0 -1 -2  0 -1 -2  2 -1 -2    5   2   2  10   0   5  33   9   3   2   2   6   1   2   4   4   2   3   2   3  0.44 0.38
  258 H   -2  0  1  1  0  0  2  0  3 -2 -2  1 -1 -1 -4 -1  1  1  2 -2    3   5   7   8   2   4  15   7   6   3   4   8   2   2   0   3  11   2   7   2  0.17 0.20
  259 T   -1  0 -4 -1  1 -1 -4  0  1 -1 -1  0  1 -1 -1  0  5 -6 -4  0    4   4   0   4   3   3   0   7   3   3   6   6   3   3   3   7  35   0   0   5  0.41 0.38
  260 D   -1  0  0  0  2  0  0 -1  2  0 -1  0  1  0 -3  0  0  3  1  0    5   5   5   5   5   5   5   5   5   5   5   5   5   5   0   5   5   5   5   5  0.06 0.10
  261 G   -1  0  0  0  2  0  0 -1  2  0 -1  0  1  0 -3  0  0  3  1  0    5   5   5   5   5   5   5   5   5   5   5   5   5   5   0   5   5   5   5   5  0.06 0.10
  262 R   -1  3  3  0  1  0  0 -2  1  0 -1  1  1  0 -4 -1 -1  2  2 -3    4  14  17   4   3   3   5   3   3   6   6   7   4   4   0   4   4   3   6   0  0.22 0.23
  263 E   -1 -1 -1  0 -4  2  3 -1  1  1 -2 -1  0 -1 -1 -1 -1  2  0  0    4   3   3   5   0  11  20   5   3   8   4   4   3   3   3   4   4   3   4   5  0.16 0.21
  264 G    0  1  1  1 -2  1 -1  0 -1  0 -2  1 -1 -3  1  1  1 -3 -2  0    8   8   8   8   0   8   0   8   0   8   1   8   0   0   8   8   8   0   0   8  0.12 0.09
  265 F    0  0  0 -2  2  0  0 -1  2  0 -1  0  1  1 -3  0  0  3  1  0    6   6   5   0   5   5   6   6   5   6   6   6   5   5   0   6   6   5   5   6  0.08 0.12
  266 F   -1  0  0  0 -3  0  0 -1  2  0 -1  0  1  0  0  0  0  3  1  0    5   5   5   5   0   5   5   5   5   5   5   5   5   5   5   5   5   5   5   5  0.06 0.08
  267 H   -1  0  0  0  2  0  0 -1  2  0 -1  0  1  0 -3  0  0  3  1  0    5   5   5   5   5   5   5   5   5   5   5   5   5   5   0   5   5   5   5   5  0.06 0.10
  268 L    1 -4 -4 -4  2 -4 -4  4  1  0  0 -4  1  1  1  0 -1  3 -4  0   10   0   0   0   5   0   0  27   4   5  10   0   4   5   8   6   4   4   0   8  0.39 0.29
  269 L   -2 -2  0 -1  1 -1 -1  3  2 -1 -2 -2  1  0 -2 -1  1  2  2 -1    3   3   4   4   3   3   4  22   5   3   4   3   4   4   3   4  10   3   7   4  0.24 0.19
  270 S    1  0  1  1  1  0  1  1  2 -2 -3  0  0 -5 -1  1 -1  2  0 -1   10   5   7   6   3   4   7  10   4   3   3   5   3   0   4  12   4   3   3   4  0.13 0.13
  271 F    0 -1 -2 -2  0 -2 -1 -1 -1  3  0 -2  3  1 -1 -1  0  1 -1  1    9   4   2   2   2   2   3   6   1  18   8   2  10   7   3   3   5   2   2   7  0.13 0.16
  272 D    0  0  3  0  0  1  1 -1  0 -2 -2  1 -1 -2 -1  1  2 -4 -3 -1    7   5  15   5   2   5  10   3   2   3   3   7   2   2   2  10  14   0   0   4  0.19 0.21
  273 G    0 -2  2 -2  0 -1 -4  5  1  0 -3 -2  0 -5 -1 -1 -1 -5 -4 -1    8   2  11   2   2   3   0  40   4   5   3   2   3   0   3   5   3   0   0   4  0.55 0.39
  274 T   -1  0  2  1  1  0 -1  0  1  0 -2 -1  0 -4  0  1  1 -4 -3  1    5   4  12   9   3   4   4   5   3   5   3   3   3   0   5  10  10   0   0  11  0.12 0.16
  275 V    0 -1 -1 -1  2  0  0 -2 -3  0 -1 -1  1 -1  1 -1  0  2  0  2    5   3   3   3   4   4   7   3   0   5   6   4   3   3   9   4   7   3   3  21  0.10 0.16
  276 D   -1 -1  1  3  2  0  3 -2  1 -2 -3 -1  0 -1  1  0 -1 -6 -1 -2    6   3   5  16   4   3  16   4   3   3   3   3   3   3   8   6   4   0   3   4  0.26 0.23
  277 H   -1  0  0  1  1  1  2 -1  2 -2 -3  1  0  0 -1  0 -1  2  1 -2    4   5   5   8   3   5  14   5   5   3   3   9   2   4   4   7   4   2   4   3  0.14 0.13
  278 A    3 -2 -3 -3  5 -2 -3 -3  0 -2 -2 -3  1 -2 -3 -1  1  0  0  3   24   2   2   2  12   2   2   3   2   3   4   2   3   2   1   5   7   1   3  17  0.53 0.36
  279 H   -1  0  0  0  2  0  0 -1  2  0 -1  0  2  1  0 -1  0  4  1 -1    5   5   5   5   5   5   5   5   5   5   5   5   5   5   5   5   5   5   5   5  0.09 0.08
  280 L    0 -1 -2 -3 -1 -1  1 -3 -1  2  2 -1  2  0 -2 -2 -1 -3  0  2    8   3   1   0   2   2  10   1   1  12  21   4   7   4   2   2   4   0   3  12  0.17 0.18
  281 A    0  0  0  0 -1  0  1 -2  1  0 -1  1  0 -1 -3  0  2  0 -1  1    5   5   3   6   1   4  10   2   4   5   6   9   3   2   0   4  15   1   2  13  0.09 0.13
  282 Y    0 -2  0 -3  0 -2 -3  2  0  1  0 -2  1  2 -4 -2  0  3  3  1    9   2   6   0   2   2   0  15   2   9  10   2   3   8   0   2   5   4  11   9  0.17 0.19
  283 I   -1 -1 -1 -1  1  0  2 -1  0  2  0 -1  0  1 -3 -1 -1 -3 -1  2    4   4   2   2   3   3  20   6   2  11   7   2   2   8   0   3   2   0   2  17  0.14 0.19
  284 I    0 -1 -1 -1  1  0  1 -3 -2  1  1  0  1  0  0 -1  0 -3  0  1    6   3   3   3   3   3  12   0   0  11  13   4   3   3   5   3   6   0   3  14  0.07 0.11
  285 R    0  0  1 -2  2 -1  0  0 -2  0  0  0  1 -2  1  0  0 -3 -3  0    7   7   7   0   7   0   7   7   0   7   7   7   7   0   7   7   7   0   0   7  0.08 0.11
  286 D    0  1 -2  4 -1 -1  1  1 -1 -7 -7 -2 -6 -7 -2  4 -2 -7 -2 -6    7   7   2  22   2   2   8   9   1   0   0   1   0   0   2  34   2   0   2   0  0.74 0.53
  287 F   -2  0 -2 -3 -1 -2 -1 -4  6  0  0 -3  0  6 -6 -1 -2  0  1 -2    4   5   1   2   1   2   4   2  19   5  10   2   2  29   0   4   2   1   3   2  0.73 0.50
  288 E   -2  1  1  4 -1  0  0 -3  1 -1 -3 -1 -1 -1 -2  1  0 -5 -1 -1    2   8   8  26   1   4   6   2   3   3   2   3   2   3   1  13   6   0   2   4  0.35 0.31
  289 R   -1  1  1  2 -4  0  2 -2  1 -2 -1  1  0 -1  1  0  0  0 -1 -1    4   9   5  11   0   4  12   3   4   2   6   7   3   2   6   9   4   2   2   4  0.12 0.15
  290 D    0  1  0  2 -4  1  3 -2  0 -2 -2  1 -1 -2 -1  0  0 -5 -2 -2    8   7   4  12   0   6  22   3   2   2   5   7   2   2   2   8   4   0   2   3  0.24 0.24
  291 G   -1  2  0  0 -2  1  1  0  0 -2 -2  4  1 -2 -3 -1 -1 -5 -4 -3    5   9   5   5   1   4  10   7   2   3   4  28   4   2   1   4   3   0   0   2  0.32 0.30
  292 L    1 -1 -1 -2  2 -1 -2 -2  1  1  2 -1  2  2 -1 -2 -2 -6  0  0   12   4   3   3   4   3   3   3   3   8  22   4   4   8   3   3   3   0   3   6  0.21 0.15
  293 E   -1  0  0  1  1  1  3 -3  1 -2 -1  1  1 -1 -2 -2 -1  2  0 -1    5   6   5   7   3   6  20   3   3   3   8   7   3   3   3   3   3   3   3   5  0.20 0.19
  294 E    0  1  0  0  1  0  2 -2  2 -2 -3  2  0  0 -1 -1  1  2  0 -2    9   7   4   5   3   5  11   4   4   3   3  12   3   4   3   4   9   3   3   3  0.15 0.14
  295 R    0  0  0 -2  2  0  0 -1  2  0 -1  0  1  1 -3  0  0  3  1  0    6   6   5   0   5   5   6   6   5   6   6   6   5   5   0   6   6   5   5   6  0.08 0.12
  296 K    0  0  0 -1  1  0  0 -1  0  1  0  1  1 -1 -3  0  0  1  0  1    5   5   5   3   4   3   5   3   2   9  10  13   4   3   0   5   6   3   3  10  0.04 0.08
  297 N    0  1  1  2  0  2  2 -1  1 -2 -2  1  0 -2 -3  0 -1 -4 -1 -2   10   7   5  12   2   8  14   4   3   3   3   9   3   2   0   7   4   0   2   3  0.16 0.18
  298 L   -1  0  0  0  2  0  0 -1  2  0 -1  0  2  1  0 -1  0  4  1 -1    5   5   5   5   5   5   5   5   5   5   5   5   5   5   5   5   5   5   5   5  0.10 0.09
  299 V   -2 -1 -9 -9  1 -1 -2 -9  1  3  2 -2  5  1 -9 -2 -1  3  2  1    4   3   0   0   3   3   3   0   3  16  18   3  13   6   0   3   4   3   6   8  0.63 0.34
  300 K   -1  2 -1 -1  0  1  2 -2  0  1 -1  1  1 -1 -4 -1 -1  1 -1  0    6  13   3   4   2   6  14   2   3   9   6  10   5   3   0   3   3   2   2   5  0.16 0.17
  301 S    0  0  0  0 -2  1  0  0  2  0  0  0  1  1 -2  0  0 -2  1  0    6   6   6   6   0   6   6   6   6   6   6   6   6   6   0   6   6   0   6   6  0.04 0.07
  302 I    2 -2  0 -2  3 -1 -1 -3 -1  3  1 -1  1  0 -2 -1  0  1 -1  0   16   2   4   2   7   3   3   2   2  18  11   3   3   5   2   3   6   2   2   6  0.19 0.18
  303 V    2 -2 -2 -5  3 -2 -2 -2 -1  1  0 -1  0  4 -5 -1 -1 -4 -1  2   18   2   2   0   6   2   3   2   2   7   9   3   2  19   0   4   4   0   2  12  0.37 0.29
  304 K    0  2  0  2 -5  1  3 -2  1 -1 -3  2  0 -2 -2 -1 -1  0 -2 -3    8  10   5   9   0   6  20   3   3   3   2  11   2   1   2   4   4   2   2   2  0.28 0.26
  305 K    1  1  0  1 -4  2  2 -2  1 -2 -2  2 -1  0 -2  0  0  0  0 -2   11   8   4   7   0   9  13   2   3   2   3  11   2   5   1   6   5   1   4   2  0.17 0.20
  306 M    2 -2 -2 -2  0 -1 -2 -2 -1  2  1 -2  1  1 -4 -1  0 -4 -1  2   19   2   2   2   2   3   3   3   2  10  15   2   4   6   0   3   7   0   2  14  0.19 0.20
  307 N    0  0  0  0  2  0  0 -1  1  0 -1  0  1  0  0  0  0 -2  1  0    5   5   5   5   5   5   5   5   5   5   5   5   5   5   5   5   5   0   5   5  0.03 0.05
  308 D    0  0  0  0  1  2  0 -1  1 -1 -2  2  0  0 -1  0 -1  2  0  0    9   5   4   6   3   9   7   4   3   4   4  11   3   3   3   8   4   3   3   6  0.09 0.10
  309 E    1  2  0  0  0  0  3 -2  1 -2 -3  3  0 -2 -2 -1 -1  1 -2 -2   10   9   5   5   2   5  15   3   3   3   3  16   2   2   2   5   4   2   2   3  0.25 0.22
  310 F    0 -2 -1 -2  2  0 -2 -1  3  0 -1 -1  2  2 -2 -2 -2  3  4  0    7   3   4   3   4   4   3   5   7   5   5   4   6   8   3   3   3   4  14   7  0.29 0.20
  311 G   -1  0 -1  0  1 -1 -1  4  2 -2 -2  0 -6 -1  2 -1 -1  2  0 -2    5   5   4   5   3   3   4  25   4   3   5   5   0   3  10   5   3   3   3   3  0.29 0.23
  312 T    0  0  0  0  2  0  0 -1  1  0 -1  0  1  0  0  0  0 -2  1  0    5   5   5   5   5   5   5   5   5   5   5   5   5   5   5   5   5   0   5   5  0.03 0.05
  313 E    1 -1  0  1  1  0  0  1  0 -1 -1  0 -1 -1  0  0  0  0 -1 -1   14   3   3   8   3   4   7  11   3   2   6   6   2   2   4   7   7   1   2   5  0.05 0.07
  314 R    0  1  0 -1  1  0  0  0  0 -1 -1  1 -2 -1 -1  0  1  0  0  0    7   9   4   3   3   4   6   6   2   5   5  11   0   2   3   8  11   1   3   6  0.06 0.10
  315 I    1 -4 -2 -2  1 -4 -2 -2  1  3 -1 -2  0  0  0 -2 -1 -4  1  3   12   0   2   2   3   0   3   4   3  19   5   3   2   4   4   3   4   0   4  21  0.29 0.24
  316 K   -2  1 -1  1 -5  0  3 -2 -1  0 -3  2 -2 -1 -2  1  1 -1 -2 -1    3   6   3   8   0   4  21   2   2   6   2  13   1   3   1   9   9   1   1   5  0.25 0.26
  317 L   -1 -2 -2 -1  2 -4 -2 -3 -5  2  2 -2  0  1 -3 -1 -1  0  1  4    6   2   2   3   4   0   3   2   0  10  19   3   1   6   1   4   3   1   4  26  0.33 0.28
  318 Q   -1  0  0  2 -2  1  4 -3  0 -1 -2  1 -2 -1 -4  0  1  0 -1  0    3   4   3   9   1   5  25   2   3   3   4   9   1   3   0   8   8   2   2   6  0.26 0.28
  319 M   -1 -2 -2 -4 -1 -2 -2 -3  1  3  0 -2  1  3 -1 -1 -1  3  1  2    4   2   2   1   2   2   3   2   3  19  10   3   4  12   3   4   4   3   4  14  0.32 0.24
  320 N   -2  1  0  1 -3  1  3 -3  2 -3 -4  3 -1 -4 -2  0  2 -1 -2 -1    4   7   5   7   0   5  18   2   4   1   1  15   1   1   2   7  14   1   1   4  0.36 0.33
  321 D   -2  0 -1  2  0  0  0 -3  2  1 -1 -1 -1  0 -1 -1  0  1  2  1    3   4   3  13   2   4   7   3   4   8   6   4   2   4   3   5   6   2   8  10  0.15 0.12
  322 Q   -1  0  0  0 -6  1  2 -1  2  0 -2  0  1  1  0  0  1 -5  0 -1    4   6   5   6   0   7  13   4   4   5   5   6   3   5   5   6   7   0   4   5  0.12 0.12
  323 Y   -1  1 -1 -1  2  0 -1 -1  1 -1 -1 -1  1  0  0 -1 -1  2  5 -1    5   7   3   3   4   5   5   4   4   4   6   4   3   4   5   5   5   3  16   5  0.23 0.18
  324 Y   -1  1 -1  1  0  0  1 -1  2 -2 -1 -1  1  0  0  0 -1  0  3 -2    6   8   3   7   2   4   9   6   5   3   6   4   3   5   6   6   3   1  11   3  0.13 0.13
  325 N   -3 -2  5 -3  2 -2 -3 -3 -1 -2 -4 -3 -1  2 -3 -1 -2 -7  7 -2    3   2  21   2   4   2   2   2   1   3   2   2   1   8   2   4   3   0  31   3  1.09 0.62
  326 M   -2 -1 -2 -1  0 -1 -1 -2  1  1  0 -1  7  0  1 -1 -1 -5  1  0    2   3   2   4   2   3   4   3   3   8   6   3  31   3   6   4   3   0   4   5  0.56 0.45
  327 A    2  1  0 -1  0 -1 -1  1  0 -2 -2  1 -3 -1  1  0 -1  1  0 -2   19   9   4   3   2   2   4  13   3   2   3  11   0   2   6   7   3   2   3   3  0.15 0.19
  328 D   -2 -2  0  1 -4 -1  1 -2  0 -1 -1 -1  0  4 -1 -1 -1 -3  4  0    3   2   4  10   0   3  11   3   2   3   4   4   3  15   3   4   3   0  16   8  0.31 0.29
  329 E    0  1  0  1  0  0  0 -2  1 -1 -2  1  0 -1 -2  0  0  0  1  0    6   7   4   8   3   3   6   3   4   4   3  11   2   3   2   9   6   1   5   9  0.07 0.10
  330 L   -2 -1 -1 -1  1  0 -2 -2  1  2  1 -2  2  2  0 -2 -1  2  0  1    4   3   3   5   3   4   3   3   3  13  13   3   5   8   5   3   4   2   3  10  0.16 0.11
  331 K    0  0  0  1  1  0  1 -1  1 -1 -2  1  1 -1  1  1  0 -5  0 -1    7   6   5   9   3   4   8   4   3   4   4   8   3   3   8   9   6   0   3   4  0.09 0.10
  332 K    0  0  0  2 -4  0  2 -1  1 -2 -2  2  1 -4  2  0 -1 -4 -1 -2    8   4   4  10   0   4  15   4   3   2   4  13   4   0  10   5   3   0   2   3  0.21 0.21
  333 H   -2 -1  2  4  0  0  1 -2  5 -3 -4  0 -1 -3 -5 -1 -1 -6  1  0    3   3  11  25   2   3   7   3  13   2   2   5   2   1   0   5   3   0   4   6  0.55 0.38
  334 M   -1 -1 -1  2 -1 -2  0 -3  2 -3 -3 -1  3 -1  4  1 -1  1 -3 -3    6   4   3  11   1   2   7   2   4   2   3   3   7   3  23  11   3   2   1   2  0.42 0.34
  335 D   -1  2 -2  1 -2  0  2 -3  3 -2 -1  0 -2 -1  4 -2 -2  1  0 -2    4   9   1   7   1   5  13   2   7   2   5   6   1   3  18   3   3   2   4   3  0.30 0.26
  336 I    1 -6 -4 -6  1 -3 -4 -4 -2  3  2 -4  1  1  0 -1 -2 -1 -5  4   10   0   1   0   3   1   1   1   1  16  15   1   3   6   5   6   3   1   0  25  0.51 0.35
  337 V   -1 -2 -4 -5  0 -4 -4 -5 -3  4  1 -3  2 -2 -3 -3 -1 -2 -1  5    4   2   1   1   2   1   1   1   1  19  13   2   4   2   2   2   4   1   3  36  0.75 0.46
  338 D   -1  1  0  3 -3  3  3 -3 -1 -2 -3  3 -3 -3 -3 -1 -1 -7 -4 -2    6   9   5  13   1  11  18   2   1   2   3  14   1   1   1   3   4   0   1   3  0.41 0.35
  339 L   -1  2  0 -3 -2 -2 -1 -5  0  2  3  0  1  1 -3 -2 -1  0  1 -1    5  11   5   1   1   1   3   0   2  11  25   6   3   6   1   3   5   1   6   4  0.24 0.22
  340 A    5 -6 -4 -7  0 -4 -6 -4 -7  2  1 -4  0  2 -3 -4 -1 -6 -2  2   40   0   1   0   2   1   0   1   0  10  15   1   2   7   1   1   3   0   2  12  0.80 0.54
  341 R    0  2 -3 -2 -1  1  2 -4 -1  1  0  3  2  0 -5 -1 -1 -1  0  0    7  11   1   1   1   7  13   1   1   7   8  17   5   4   0   4   3   1   3   5  0.24 0.24
  342 D    1  2  0  1 -6  2  3 -3 -1 -3 -3  3 -3 -6 -4 -1 -1 -6 -4 -3   13  11   4   6   0  10  18   2   2   1   2  18   1   0   1   5   4   0   1   2  0.48 0.39
  343 A    6 -4 -5 -7  0 -4 -4 -4 -3  0 -5 -3 -3 -4 -6 -1 -2 -8 -4  1   66   1   1   0   2   1   1   1   1   4   1   2   1   1   0   5   3   0   1   9  1.40 0.83
  344 Y    1 -4 -3 -7  4 -5 -6 -2 -2  2  2 -3  5  1 -6 -3 -2 -2  3  0   13   1   1   0  10   0   0   3   1  10  17   2  16   6   0   2   3   1  10   6  0.66 0.44
  345 K    0  4 -1 -1 -4  1  3 -3 -1 -2 -3  4 -3 -5 -4 -1 -1 -6 -4 -4    9  20   3   3   0   5  19   2   1   2   3  21   1   1   0   4   4   0   1   1  0.59 0.45
  346 A    2  2  2  0 -2  2  1 -3 -1 -4 -3  2 -2 -4 -4  1 -1 -6 -5 -3   19  12   9   5   1   8  10   2   1   1   3  14   1   0   0   9   3   0   0   2  0.40 0.36
  347 E    2 -4 -2 -4  3 -2 -2 -4 -1  2  3 -3  2 -3 -5 -2 -2 -1 -3  1   16   1   2   1   7   2   3   1   1  12  31   1   6   1   0   3   3   1   1   8  0.47 0.34
  348 G   -5 -4  1  0 -3 -3 -3  7 -2 -9 -8 -2 -4 -5 -7 -2 -7 -8 -5 -8    1   1   5   6   1   1   2  75   1   0   0   2   1   1   0   3   0   0   1   0  1.93 0.98
  349 L   -3 -2 -7 -7  0 -3 -5 -4 -2  5  3 -2  0  1 -7 -6 -3 -1  1  3    2   3   0   0   2   1   1   2   1  28  28   3   2   5   0   0   1   1   4  17  0.81 0.48
  350 E   -2 -1  0  1 -7  0  5 -5 -2 -3 -5  2 -4 -7  2  0  2 -7 -6 -3    3   3   3   8   0   4  31   1   1   1   1  13   0   0   9   6  14   0   0   2  0.68 0.52
  351 V    0 -7 -5 -6 -2 -4 -6 -3 -2 -1 -1 -5  1  0  7 -2 -3 -2  0  1    9   0   0   0   1   1   0   2   1   4   6   1   3   4  50   3   2   1   3   8  1.24 0.76
  352 N   -2  1  1 -1 -2  1  1 -4  2  1 -2  3 -1 -1 -3  0  0 -2 -1  1    2   8   7   3   1   5  10   1   5   8   4  17   1   3   1   7   6   1   2  10  0.20 0.21
  353 E   -1 -1 -3 -3  1 -2  0 -3  0  1  1 -2  0  2  1 -1  1  0  1  1    4   3   0   1   3   2   7   1   3  10  17   2   2   9   8   3   9   1   5  10  0.19 0.19
  354 D   -1  1 -1 -2 -1  1  1 -2  1  1 -1  2  0 -2 -3  0  1 -5 -1  1    6   7   2   1   1   6  11   2   3  10   5  14   3   1   1   5   8   0   2  12  0.15 0.18
  355 P    1  0 -3 -2 -3 -1 -1 -2 -2  0 -2  1 -2 -4  5  1  0 -2 -2  0   11   5   1   2   0   3   4   3   1   5   3   8   1   0  26  11   6   1   1   7  0.44 0.37
  356 V   -1 -4 -3 -4 -1 -6 -3 -1 -3  4 -3 -4  3 -1 -5  3  3 -7 -1  0    5   1   1   1   1   0   2   4   1  24   1   1   6   3   1  21  18   0   3   7  0.66 0.48
  357 R   -4  6  0 -3 -2 -3 -4  4 -1 -5 -4 -4  0  1 -3 -3 -4  0 -1 -6    1  37   5   1   1   1   1  32   1   1   2   1   3   5   1   2   1   1   2   0  1.12 0.68
  358 G   -2 -9 -5 -3 -9 -9 -7  8 -9 -6 -10 -9 -10 -10 -9 -5 -5 -3 -4 -7    4   0   1   2   0   0   0  89   0   1   0   0   0   0   0   1   1   0   1   0  2.65 1.26
  359 G   -2 -9 -7 -5  0 -8 -9  7 -9 -4 -6 -8 -4 -10 -9 -4 -3 -9 -6 -3    4   0   0   1   2   0   0  85   0   1   1   0   1   0   0   1   2   0   0   2  2.39 1.13
  360 T   -3 -7 -4 -7  1 -6 -7 -4 -2 -5 -3 -7 -1 -5 -4  5  6 -8 -2 -5    2   0   0   0   3   0   0   2   1   1   4   0   2   1   1  44  38   0   2   1  1.54 0.91
  361 D   -9 -8 -2  9 -10 -7 -3 -5 -1 -4 -6 -8 -9 -10 -8 -7 -3 -11 -10 -7    0   0   2  89   0   0   2   1   1   1   1   0   0   0   0   0   2   0   0   0  2.98 1.34
  362 G    5 -7 -1 -7 -1 -4 -5  5 -7 -5 -6 -6 -4 -8 -7 -1 -2 -8 -8 -3   45   0   3   0   1   1   1  37   0   1   1   0   0   0   0   5   3   0   0   2  1.41 0.78
  363 S    2 -6  7 -3 -1 -5 -6 -4 -2 -3 -6 -4 -7 -6 -7  3 -3 -9 -8 -5   18   0  53   1   1   0   0   1   1   2   1   1   0   0   0  18   2   0   0   1  1.70 0.89
  364 Q   -1  2  0 -4 -1  0 -3 -4  1  4 -2 -1  1  0 -2 -2 -2  2  0  2    5  11   5   1   2   4   1   1   3  24   2   4   4   4   2   3   3   3   3  15  0.36 0.28
  365 L   -7 -8 -8 -9 -7 -8 -8 -9 -4  1  5 -8  1  6 -8 -8 -4 -2  1 -3    0   0   0   0   0   0   0   0   0   7  47   0   3  34   0   0   1   1   4   1  1.74 0.81
  366 T    1 -1  6 -5  1 -4 -5 -4 -3 -3 -4 -5 -3 -2 -5  4  2 -7 -3 -1   10   3  35   0   3   0   0   1   1   2   2   0   1   2   1  24  11   0   1   4  0.99 0.63
  367 Y    2  0  0 -2 -4  1  3  0 -1 -2 -2  0 -2  2 -3  0 -1 -1  1 -3   19   5   4   2   0   7  18   7   2   2   4   5   1   8   1   6   3   1   5   1  0.22 0.23
  368 M   -1  3  1 -3 -3  0 -3 -4  5 -4 -1  4  5 -1 -4 -3 -4 -6  0 -4    5  13   7   1   1   4   1   1  13   1   6  25  12   2   1   2   0   0   3   1  0.72 0.47
  369 G   -4 -4 -2 -2 -8 -6 -7  7 -3 -9 -9 -4 -8 -8 -8 -4 -7 -3 -8 -6    1   1   2   2   0   0   0  89   1   0   0   1   0   0   0   1   0   0   0   1  2.52 1.09
  370 L   -5 -5 -7 -5 -3 -5 -7 -7 -4  6  4 -3  0  0 -7 -7 -4 -6 -2  1    1   0   0   1   1   0   0   0   1  44  34   2   2   4   0   0   1   0   1   8  1.34 0.64
  371 P   -1  0 -1 -1 -3  0  1 -5 -2 -3 -3  1 -2 -3  6 -3 -2 -7 -6 -3    6   4   3   3   1   5   8   1   1   2   3   9   1   1  45   2   3   0   0   2  1.00 0.59
  372 C    2 -6 -5 -6  8 -6 -6  0 -7 -3 -5 -6 -1 -5 -4  1  5 -7 -6  0   16   0   0   0  25   0   0   7   0   1   1   0   2   0   1   8  30   0   0   8  1.25 0.68
  373 P    0 -6 -7 -7 -2 -6 -6 -4 -7  3  1 -6 -1 -3  5 -4 -3 -7 -3  4    9   0   0   0   1   0   0   2   0  15  11   0   1   1  32   1   2   0   1  24  1.06 0.59
  374 N   -1 -1  5  0  1 -1 -1 -1 -2  1 -1 -2  0 -3 -1  0  1 -4 -3  1    3   2  34   3   4   2   3   3   0  10   3   0   2   0   3   4   8   0   0  13  0.32 0.26
  375 I   -1 -3 -1 -3  1 -3 -3 -2 -3  3  3 -3  1  1 -1 -2 -1 -3  0  1    4   0   3   0   3   0   0   3   0  24  32   0   4   4   3   3   4   0   3   9  0.30 0.21
  376 F    1 -3  0 -3  1 -3 -3  3 -3 -3 -3 -3 -2  4  0  1 -1  2  1 -1   16   0   4   0   3   0   0  23   0   0   1   0   0  21   4  13   3   3   3   3  0.36 0.26
  377 A    0 -1  0  1  4 -1 -2 -1 -3  0 -2 -2  0 -2 -2  1  3 -4 -1  0    7   3   5   9  10   1   1   3   0   7   3   2   3   2   1  10  24   0   2   8  0.23 0.23
  378 G   -1 -7 -1 -3 -1 -7 -7  7 -7 -9 -9 -6 -8 -8 -3 -2 -6 -8 -8 -8    5   0   3   1   1   0   0  86   0   0   0   0   0   0   1   2   0   0   0   0  2.30 0.88
  379 E    1 -4 -2 -3 -1  0 -2  3 -2 -2 -3 -4  6 -1 -4 -1 -1 -1  4 -2   11   1   1   1   1   5   2  26   1   2   1   0  21   2   1   4   4   1  13   2  0.65 0.41
  380 E   -1  1  0 -2 -3  2  2 -3  5 -2 -2  1  0  1 -4 -1 -1 -1  3 -2    4   9   4   2   1  11  13   1  13   2   2   8   2   7   0   4   3   1  10   3  0.36 0.26
  381 N   -1 -1  6  2 -2 -1  0  0  2 -5 -3  1 -2 -3 -5 -2 -4 -6 -2 -6    6   3  40  12   1   2   6   7   5   1   3   9   1   1   0   2   0   0   1   0  0.83 0.45
  382 M    2 -3 -1 -2  1 -1 -2 -3 -2  1 -2 -3  0  4  3 -2 -2 -2  1  2   17   1   3   2   4   3   2   2   1  10   2   0   2  17  13   2   2   0   4  13  0.32 0.25
  383 H   -7 -3 -3 -4 -9 -5 -3 -3 11 -9 -5 -7 -7 -3 -3 -7 -8 -8 -4 -9    0   1   1   1   0   0   1   3  88   0   2   0   0   1   1   0   0   0   0   0  3.67 1.24
  384 G   -2 -3 -2 -5 -6  0 -3  2 -6 -6 -6 -5 -2 -7 -5  5  5 -7 -6 -5    3   1   1   0   0   4   2  13   0   0   0   0   1   0   0  41  34   0   0   0  1.24 0.66
  385 R   -1  1  0 -3  1 -2 -2 -4  0 -1 -1  1 -3 -1  2 -2  3 -5 -2  3    4   9   5   1   3   1   2   1   2   3   6   8   0   2  11   2  18   0   1  22  0.28 0.25
  386 Y   -1  2  2  2 -2  1  2 -1  1 -4 -3  1 -1  0 -4  0  0 -1  2 -4    4  10   9  11   1   6  13   3   4   0   2  10   2   4   0   5   6   1   8   0  0.25 0.20
  387 E   -5 -5 -5 -3 -7 -3  8 -6 -5 -7 -7 -4 -6 -7 -5 -5 -5 -7 -6 -6    0   0   0   0   0   0  95   0   0   0   1   0   0   0   0   0   0   0   0   0  2.72 0.98
  388 Y   -4  1 -2 -4  2 -1 -2 -5  3 -3 -2 -2 -1  4 -5  0 -1  7  5 -3    1   9   2   1   4   2   3   0   6   1   3   3   1  16   0   7   4  13  22   1  0.87 0.42
  389 T   -1 -6 -3 -7  0 -3 -6 -7 -6  5  2 -6  1 -3 -6 -4  0 -1 -3  4    6   0   1   0   2   2   0   0   0  34  16   0   3   1   0   1   7   1   1  27  0.96 0.45
  390 V    2  0  0  0  1 -2 -1 -3 -1 -2 -2  0 -3 -3  2  3  1 -1 -1  0   15   4   3   6   3   1   3   0   2   1   4   5   0   1  11  23   9   1   2   6  0.27 0.24
  391 L   -2 -3 -5 -4 -2 -4 -2 -6 -3  4  3 -2  0 -3 -4 -1 -2  0 -3  4    2   2   0   1   1   0   3   0   1  25  23   2   2   0   1   6   2   1   1  26  0.67 0.36
  392 E    0  0  0  3 -3  3  4 -3 -2 -5 -4  1 -5 -5  0  1 -2 -3 -5 -4    7   5   4  13   0  11  27   2   1   0   1   9   0   0   4  10   2   0   0   1  0.54 0.36
  393 S    1 -3  1  5 -6  1  3 -1 -1 -4 -6 -3 -2 -4 -4  1 -2  0 -3 -2   11   1   5  31   0   5  20   5   2   1   0   1   1   1   0   9   2   1   1   3  0.69 0.42
  394 M   -3 -7 -7 -8 -3 -5 -7 -8 -4  0  4 -7  8  2 -7 -5 -5 -2 -2 -1    2   0   0   0   0   0   0   0   0   5  42   0  37   7   0   1   0   1   1   3  1.66 0.71
  395 Y    0 -2 -1 -1 -2  1  4 -2  0  1 -1  0 -1 -1 -4 -2 -1 -2  1  2    7   2   2   2   1   5  29   3   2   7   5   6   1   2   0   1   3   1   6  15  0.34 0.27
  396 K    0  2  0  1 -3  3 -1 -2 -1 -4 -1  5 -2 -4 -5  0 -1 -6 -4 -4    7  11   3   7   0  13   3   2   1   1   7  32   1   1   0   5   4   0   0   1  0.54 0.36
  397 T    4 -5 -3 -4  4 -3 -4  1 -1 -1  0 -4  3 -5 -5  2  1 -6 -5  0   30   0   1   0   8   1   0  10   2   4  10   0   9   0   0  14   7   0   0   6  0.55 0.37
  398 V    3 -2 -4 -5  2 -2 -4 -1 -2  1 -1 -3 -2 -1 -4  0  2 -3  0  3   26   2   0   0   5   1   1   4   1   6   4   1   1   2   0   6  13   0   3  23  0.44 0.32
  399 D   -1  2  0  2 -1  3  4 -3 -1 -5 -3  2 -2 -5 -4 -2 -3 -4 -4 -5    6  12   4  11   1  11  31   1   1   0   3  10   1   0   0   3   1   0   0   0  0.65 0.41
  400 V   -2 -4 -4 -5 -3 -3 -5 -6 -3  3  3 -5  2  2 -6 -4  0  4 -1  3    3   0   1   1   0   1   0   0   1  16  25   0   6   8   0   1   7   5   2  24  0.70 0.37
  401 M    0 -6 -6 -6  2 -6 -6 -4 -6  4  3 -6  1 -3 -6 -4  0 -6 -3  4    8   0   0   0   4   0   0   1   0  20  29   0   3   1   0   1   7   0   1  25  0.83 0.42
  402 I   -1 -1 -4 -5  0  0  0 -4 -2  2  3  0  1 -1 -5 -3 -1  0  0  2    4   4   0   0   2   4   7   1   1  13  30   6   3   2   0   1   3   1   3  16  0.36 0.25
  403 K    2  1  2 -1 -3  2  3 -2  2 -6 -5  2 -3 -6 -5 -1 -1 -6 -2 -5   18   8  11   2   1   7  22   3   5   0   1  12   0   0   0   4   3   0   1   0  0.53 0.36
  404 M   -3 -6 -7 -7 -2 -6 -7 -7 -7  5  5 -5  2  0 -7 -5 -2 -6 -3  0    2   0   0   0   1   0   0   0   0  36  46   0   4   4   0   0   2   0   1   4  1.33 0.59
  405 A    1 -6 -5 -6  1 -5 -6 -5 -6  5  1 -6  3 -3 -6 -3 -2 -2 -4  4   13   0   1   0   3   0   0   0   0  29  14   0   7   1   0   1   2   1   0  28  0.91 0.46
  406 E   -1  3 -2 -2 -4  3  3 -3 -1 -4 -3  3 -1 -4 -4 -1  0 -1 -2 -4    5  17   2   1   0  12  19   2   1   1   3  21   2   0   0   3   7   1   1   1  0.54 0.35
  407 L   -1  0 -2 -2 -4 -1  0 -4 -3  2  3 -1  0 -2 -4 -1  0 -3 -2  1    5   6   2   1   0   3   8   1   0  10  38   4   2   1   0   3   4   0   1  11  0.33 0.25
  408 N    2 -4  1 -2 -2 -2 -4 -3  2 -1 -2 -4 -2  2 -5 -1  0  8  3  0   21   0   8   2   1   1   0   1   4   4   3   0   1   7   0   5   6  20  10   7  0.71 0.39
  409 A    5 -3 -3 -5 -2 -3 -2  1 -2 -3 -3 -3 -3 -4 -3  1  0 -6 -1  0   56   1   1   0   1   1   3  10   1   1   1   1   0   0   0  11   4   0   2   5  0.80 0.47
  410 E   -1  2 -3  1 -6  4  5 -2 -2 -6 -5  2 -4 -6 -3 -2 -3 -6 -5 -6    4  10   0   7   0  18  41   2   0   0   0  13   0   0   1   1   1   0   0   0  0.98 0.52
  411 R   -1  4 -2 -2 -5  3  1 -3 -3 -4 -3  4  3 -5 -4  0 -1 -1 -2 -3    3  20   1   2   0  12   7   1   0   0   2  31   8   0   0   5   4   1   1   1  0.63 0.37
  412 A    4 -3 -2 -3 -3 -2 -2  2 -4 -2 -4  1 -1 -2 -3  3  0 -5 -4 -2   39   0   1   1   0   1   1  17   0   2   0  10   1   1   0  20   4   0   0   1  0.58 0.36
  413 K   -3  4 -3 -3 -6  3  2 -4 -3 -6 -5  6 -4 -6 -4 -3 -3 -5 -4 -5    0  19   0   0   0  11  13   0   0   0   0  58   0   0   0   0   0   0   0   0  1.29 0.48

                      K         Lambda
Standard Ungapped    0.1363     0.3167
Standard Gapped      0.0410     0.2670
PSI Ungapped         0.1260     0.3178
PSI Gapped           0.0386     0.2670
