
Last position-specific scoring matrix computed, weighted observed percentages rounded down, information per position, and relative weight of gapless real matches to pseudocounts
           A  R  N  D  C  Q  E  G  H  I  L  K  M  F  P  S  T  W  Y  V   A   R   N   D   C   Q   E   G   H   I   L   K   M   F   P   S   T   W   Y   V
    1 M   -5 -6 -7 -8 -6 -5 -6 -7 -6 -3 -1 -6 11 -4 -7 -6 -5 -6 -5 -1    0   0   0   0   0   0   0   0   0   0   3   0  94   0   0   0   0   0   0   4  3.30 0.95
    2 V   -3 -3 -2 -4 -5 -2 -2 -5 -4  3  1  1  7 -4 -4 -3  1 -6 -5  2    1   1   2   1   0   1   3   0   0  15  11  10  28   0   1   2   8   0   0  16  0.77 0.41
    3 M   -3  1 -1 -2 -4  2  1 -5 -3  0 -3  4  1 -3 -3  0  3 -2 -4 -1    0   6   2   2   0   7   8   0   0   6   2  28   4   1   1   6  21   1   0   4  0.52 0.35
    4 G    1 -7 -5 -6 -5 -7 -7  7 -7 -7 -7 -6 -7 -5 -4 -5 -6 -7 -8 -6   13   0   0   0   0   0   0  83   0   0   1   0   0   0   1   0   0   0   0   1  2.28 0.87
    5 R   -3  3  0 -4  0 -2 -3 -5 -1  2  2  0  2  0 -4 -2  0  2  3  0    1  16   5   0   2   1   1   0   1  14  18   5   5   3   0   2   7   3  10   6  0.34 0.25
    6 I   -5 -8 -8 -8 -5 -7 -8 -8 -8  6 -1 -7 -2 -5 -8 -7 -5 -7 -2  6    0   0   0   0   0   0   0   0   0  47   5   0   1   0   0   0   0   0   1  45  1.94 0.76
    7 H   -4 -5 -3 -7 -1 -5 -6 -5  7 -3 -1 -6 -4  7 -8 -1  0 -4  1 -4    1   0   1   0   2   0   0   1  26   1   5   0   0  47   0   5   6   0   4   1  1.75 0.73
    8 S   -4 -1  5  5 -7 -2 -2 -4 -1 -7 -7 -2 -7 -8 -6  4 -4 -8 -6 -7    1   3  24  31   0   2   2   1   1   0   0   3   0   0   0  32   0   0   0   0  1.33 0.66
    9 I   -6 -8 -8 -8 -1 -7 -8 -8 -6  7 -1 -5 -1  1 -8 -6 -1  1 -1  2    0   0   0   0   1   0   0   0   0  67   4   1   1   5   0   0   3   2   2  13  1.81 0.72
   10 E   -5 -1 -4 -1 -8  7  5 -7  0 -5 -6  2 -4 -8 -6 -4 -5 -7 -7 -5    0   2   0   4   0  45  30   0   2   1   1  11   0   0   0   1   0   0   0   1  1.60 0.77
   11 S   -3  6 -3 -4 -7 -3 -2 -4  3 -5 -5  2 -3 -6 -3  2  2 -7 -6 -6    2  42   1   0   0   1   2   1   7   0   1  12   1   0   1  15  14   0   0   0  1.12 0.58
   12 M   -4 -7 -5 -6  1 -7 -6 -1 -4 -4  0 -7  3  7 -8 -3 -4  0  6 -5    2   0   1   0   3   0   0   5   0   0   7   0   8  47   0   2   1   1  22   0  1.66 0.69
   13 G    2 -5 -2 -5  3 -5 -4  3 -6 -6 -7 -5 -4 -7 -6  6  0 -7 -6 -5   15   0   1   0   5   0   0  20   0   0   0   0   0   0   0  51   5   0   0   1  1.26 0.65
   14 L    0 -5 -4 -6 -2 -5 -5 -4 -5  4  2 -5 -1 -2 -4 -1  3 -4 -4  3    9   0   1   0   1   0   0   1   0  22  17   0   1   2   1   4  20   0   0  19  0.66 0.38
   15 V   -4 -4  1 -3 -4 -1 -1 -4  9 -2 -1 -3 -3 -2 -7 -4 -6 -7  0  3    1   1   7   2   0   3   3   1  47   2   8   2   1   1   0   1   0   0   2  19  1.54 0.68
   16 D   -8 -8 -3  9 -10 -6 -2 -7 -2 -9 -10 -7 -9 -10 -8 -6 -7 -10 -9 -9    0   0   1  95   0   0   2   0   1   0   0   0   0   0   0   0   0   0   0   0  3.21 1.17
   17 G   -4 -8 -5 -7 -9 -8 -8  8 -8 -10 -10 -8 -9 -9 -8 -6 -8 -9 -9 -9    1   0   0   0   0   0   0  99   0   0   0   0   0   0   0   0   0   0   0   0  3.04 1.11
   18 P   -5 -5 -4 -2 -9 -4 -2 -5 -1 -9 -7 -5 -8 -9  9 -5 -5 -4 -4 -6    1   1   1   2   0   1   3   1   1   0   0   1   0   0  85   1   0   0   1   0  2.78 1.10
   19 G   -5 -8 -5 -7 -5 -8 -8  8 -2 -10 -10 -8 -9 -9 -8 -6 -8 -9 -9 -9    0   0   0   0   0   0   0  98   1   0   0   0   0   0   0   0   0   0   0   0  3.00 1.11
   20 I   -5 -8 -3 -8 -4 -8 -7 -8 -8  8  1 -8 -1 -4 -8 -6 -1 -3 -5  1    1   0   2   0   0   0   0   0   0  74  10   0   1   0   0   0   3   0   0   7  2.04 0.80
   21 R   -8  9 -7 -8 -10 -5 -5 -9 -7 -5 -7 -4 -8 -9 -8 -7 -7 -9 -8 -9    0  98   0   0   0   0   0   0   0   1   0   0   0   0   0   0   0   0   0   0  3.39 1.26
   22 T   -4 -6 -3 -5 -1 -4 -6 -7 -5 -5 -2 -5 -1  3 -5  0  7 -4  2 -1    1   0   1   1   1   1   0   0   0   0   4   0   1  10   0   5  64   0   6   4  1.58 0.77
   23 V   -2 -5 -2 -5 -3 -6 -4 -6 -3  1  0 -6 -1 -6 -6 -3  6 -7 -6  4    3   0   2   1   0   0   1   0   1   8  10   0   1   0   0   1  41   0   0  31  1.15 0.60
   24 V   -3 -7 -6 -8 -6 -7 -8 -8 -8  4  0 -7 -3 -1 -7 -6 -4 -7 -5  7    2   0   0   0   0   0   0   0   0  18   9   0   0   3   0   0   1   0   0  67  1.79 0.75
   25 F   -8 -9 -6 -10 -9 -7 -8 -9 -4 -6 -5 -9 -6 10 -10 -8 -6 -2 -1 -6    0   0   0   0   0   0   0   0   0   0   0   0   0  95   0   0   1   1   1   0  3.54 1.23
   26 F   -5 -7 -8 -6  1 -7 -8 -8 -7 -2  5 -7  5  6 -8 -7 -2 -2 -3 -1    0   0   0   1   2   0   0   0   0   1  49   0  11  28   0   0   3   0   0   4  1.53 0.68
   27 Q   -2 -2 -3 -5 -6  5 -3 -6 -3 -8 -8  7 -3 -8 -5  0 -2 -8 -6 -7    3   1   1   0   0  22   1   0   1   0   0  61   1   0   0   6   3   0   0   0  1.78 0.83
   28 G   -4 -7 -5 -6 -9 -7 -8  8 -6 -10 -8 -5 -5 -9 -8 -5 -8 -9 -9 -9    1   0   0   0   0   0   0  96   0   0   0   1   0   0   0   0   0   0   0   0  2.91 1.11
   29 C   -7 -11 -10 -11 12 -10 -11 -10 -10 -8 -8 -7 -8 -10 -10 -8 -8 -9 -10 -8    0   0   0   0  99   0   0   0   0   0   0   1   0   0   0   0   0   0   0   0  4.96 1.59
   30 G   -3 -3  2 -5 -3 -2 -5  0 -3 -6 -4 -3 -2 -6  8 -1 -4 -4 -6 -6    3   2   9   0   1   2   1   7   1   0   2   2   1   0  62   5   1   0   0   0  1.74 0.81
   31 L   -2 -4 -4 -7 -5 -5 -6 -8 -3 -3  6 -3  4  0 -8 -6 -5 -6 -4 -3    3   1   1   0   0   0   1   0   1   1  74   2  10   4   0   0   0   0   1   1  1.63 0.73
   32 R   -3  7 -1 -4  3 -2 -4 -4  3 -8 -7  2 -6 -6 -7  0 -5 -5 -4 -6    2  62   3   1   6   2   1   1   6   0   0   9   0   0   0   6   1   0   0   0  1.70 0.77
   33 C   -5 -10 -9 -10 12 -10 -8 -9 -10 -6 -8 -10 -8 -9 -10 -8 -8 -9 -9 -4    1   0   0   0  97   0   0   0   0   0   0   0   0   0   0   0   0   0   0   1  4.72 1.53
   34 S    1  1 -2 -2 -3  1 -1 -1 -2  0  1  1 -1 -2  0  0  0  2 -2  0   12   9   1   2   0   7   3   5   1   6  16  10   1   1   5   5   6   3   0   5  0.10 0.13
   35 Y   -2 -3 -5 -6 -4 -4 -4 -3 -2 -5 -4 -3 -5  3 -9 -4 -5 11  6 -3    4   2   1   0   0   1   1   2   1   0   2   2   0   9   0   1   1  49  21   2  2.46 0.97
   36 C   -6 -10 -10 -10 12 -10 -11 -9 -10 -8 -8 -10 -8 -9 -10 -8 -6 -9 -9 -6    0   0   0   0  99   0   0   0   0   0   0   0   0   0   0   0   0   0   0   0  4.88 1.58
   37 H    0 -3 -3 -5  3  0 -2  2  9 -4 -4 -4 -2 -2 -3  0 -4 -7 -2 -4    7   1   1   0   6   4   3  15  44   1   1   1   1   2   1   8   1   0   1   1  1.38 0.64
   38 N   -2 -1  8 -3  5 -3 -3 -5 -4 -6 -7 -1 -7 -8 -7 -2 -3 -8 -4 -6    3   4  67   1  12   1   2   0   0   0   0   4   0   0   0   2   1   0   1   0  2.05 0.87
   39 P   -5 -2 -8 -8  8 -7 -7 -7 -6 -6 -8 -7 -8 -9  8 -6 -6 -9 -9 -4    1   3   0   0  24   0   0   0   0   0   0   0   0   0  69   0   0   0   0   1  2.85 1.14
   40 D    1 -4 -2  5 -1 -2  5 -2 -5 -4 -6 -4 -6 -6 -5  0  0 -7 -3 -1   11   1   2  30   1   1  33   3   0   1   0   0   0   0   0   5   6   0   1   5  0.95 0.54
   41 T   -1 -1  0  0  0 -1  0  1 -1 -4 -3  0  0 -4 -4  3  4 -6 -3 -3    5   3   4   5   2   3   7  11   1   0   2   5   2   0   0  20  27   0   1   1  0.46 0.35
   42 W    4 -2 -6 -7  4  3 -4 -5 -2  0 -2 -5 -3 -1 -7 -3 -4  9 -3  0   30   2   0   0   9  12   1   0   1   6   4   0   1   2   0   1   1  23   1   6  1.22 0.62
   43 N   -2  1  1  0  6 -1  0 -3  1 -1  1  0  0 -3 -2  1 -1 -5 -2 -2    3   9   6   7  19   2   5   2   3   4  12   6   3   1   1  10   4   0   1   2  0.33 0.24
   44 M   -1  1 -1 -1  0  0  1 -2 -1  0 -1  1  2  0  3 -1  0 -4  0 -1    5   6   3   2   2   4  10   3   2   5   7   7   6   5  16   4   6   0   4   4  0.16 0.14
   45 A    0  0  0 -1  3  0  0 -2  1  1 -1  1  2 -2 -2  0  0 -1 -2  1    9   5   3   3   8   4   7   3   4   9   5  10   6   1   2   6   6   1   1   9  0.08 0.11
   46 G    0 -2  0  0  4  0 -1  1 -1  1 -2  0  0 -1  1  0 -1 -1  1  0    7   2   5   5  12   3   3  11   1  11   1   5   3   3   7   5   3   1   5   8  0.13 0.14
   47 G   -1 -7 -3 -4 -5 -6 -4  7 -6 -6 -9 -4 -8 -7 -7 -3 -5 -8 -6 -8    5   0   1   1   0   0   2  86   0   0   0   1   0   0   0   2   0   0   0   0  2.32 0.92
   48 K   -2  4  0 -2  1  1  2 -4 -2 -3 -5  4 -2 -5 -5 -1  1 -2  1 -3    2  22   3   1   3   6  13   1   1   2   0  25   1   0   0   3   8   0   5   2  0.63 0.40
   49 E   -1  1 -1  0  0  0  3 -3 -1 -2 -1  0 -1 -2  1 -1  0  3  1 -1    5   9   3   5   2   4  24   2   1   3   7   5   2   2   6   4   6   4   4   4  0.21 0.20
   50 L   -2 -1 -6 -7 -2 -4 -6 -7 -3  3  0 -1  7 -1 -6 -5  0  1  4  2    4   4   0   0   1   0   0   0   0  14   6   4  29   2   0   0   7   2  14  14  0.97 0.51
   51 T   -3 -4 -3  0  1 -2 -1 -4 -5 -6 -6 -3 -5 -6 -4  4  6 -7 -4 -5    2   1   1   5   3   2   4   1   0   0   1   2   0   0   1  29  48   0   1   0  1.29 0.69
   52 A    2 -5 -6 -4 -3 -4 -2 -5 -4  1 -1 -5 -3 -4  2  0 -1 -5 -4  5   16   0   0   1   0   0   2   0   0   6   6   0   0   1   9   7   4   0   0  46  0.85 0.48
   53 E    0 -1 -1  4 -3  0  5 -1 -1 -6 -7  0 -5 -7 -3  0 -3 -7 -4 -5    8   3   2  26   1   4  34   5   1   0   0   6   0   0   1   5   1   0   0   1  0.85 0.48
   54 E    0 -2 -3  3 -8  2  6 -4 -4 -7 -6 -2 -4 -8 -4 -3 -3 -4 -5 -4    7   2   1  16   0   7  57   2   0   0   1   2   1   0   1   2   2   0   0   1  1.37 0.68
   55 L   -2 -7 -7 -8  1 -6 -6 -8 -7  4  4 -7 -1 -4 -7 -6 -4 -7 -6  5    3   0   0   0   3   0   0   0   0  18  34   0   1   0   0   0   1   0   0  40  1.32 0.59
   56 L    0 -5 -6 -4 -3 -5 -4 -6 -4  3  3 -4  6  2 -4 -4 -2 -3 -1  3    7   0   0   1   1   0   1   0   0  13  23   1  21   8   1   1   2   0   2  18  0.81 0.42
   57 K    2  1  1  2 -4  1  3 -2 -1 -5 -4  3 -4 -6 -3  0 -1 -1 -3 -3   17   7   5  11   0   5  20   2   1   0   1  17   0   0   1   7   2   1   1   1  0.45 0.31
   58 K   -3  2 -4  0 -4  1  5 -5 -1  1 -2  2 -1 -4 -5 -3 -2 -3 -4  0    2   9   0   4   0   5  41   0   1   8   4  12   2   0   0   1   3   0   1   6  0.73 0.44
   59 L    1 -7 -7 -7  0 -6 -7 -6 -7  5  2 -6  0 -2 -6 -5 -4 -6 -2  5   10   0   0   0   2   0   0   0   0  33  15   0   2   1   0   0   1   0   1  35  1.18 0.54
   60 L   -1  2 -2 -2 -2  0  3 -3 -1  0  2  1  2 -3 -4 -1 -2 -4 -3 -1    5  11   2   2   1   4  18   2   1   4  24  11   6   0   0   3   1   0   0   4  0.30 0.25
   61 R   -2  6 -2 -4 -7  0 -1 -4 -2 -4 -6  6 -5 -7 -2 -1 -3 -5 -6 -6    3  35   1   1   0   4   4   1   1   1   0  40   0   0   2   4   2   0   0   0  1.31 0.63
   62 F   -6 -6  0  7 -3 -2 -2 -6 -3 -6 -3 -5 -1  1 -7 -4 -5 -6  5 -4    0   0   4  61   1   2   2   0   0   0   3   0   2   5   0   1   0   0  17   2  1.74 0.76
   63 K    0  5 -3 -3 -5  1  1 -4 -3 -1 -1  4  0 -4 -5 -1 -2 -3 -4 -1    8  27   1   1   0   7   9   1   0   4   5  22   2   1   0   4   3   0   0   4  0.57 0.36
   64 P    0 -2  0  0 -3 -2  0 -2  0  2 -1 -1  0 -4  4  0 -1 -5 -4  1    8   2   4   6   0   1   5   3   2  11   7   4   2   0  23   7   3   0   0  11  0.33 0.23
   65 Y   -5 -8 -6 -8 -6 -6 -8 -6 -4 -1 -3 -8 -4  8 -8 -7 -6 -2  6 -4    1   0   0   0   0   0   0   0   0   3   3   0   0  61   0   0   0   0  28   1  2.47 0.91
   66 F   -6 -7 -4 -8  0 -7 -7 -8 -1 -2  0 -7  1  5 -8 -7 -7  3  9 -5    0   0   1   0   2   0   0   0   1   2   8   0   4  19   0   0   0   3  60   0  2.27 0.88
   67 D   -2  3 -1  3 -4  1  3  0 -2 -3 -4  2 -3 -1 -4 -2 -2 -2 -3 -4    3  19   3  15   0   6  17   8   1   1   1  15   0   3   0   2   3   1   1   1  0.47 0.30
   68 R    0  2  3  0 -4  1  2 -1  3 -3 -3  1 -1 -2 -1  0  0 -4 -2 -2    8  11  13   3   0   6  15   3   7   1   2   8   1   1   3   6   7   0   1   2  0.26 0.20
   69 S   -2 -4  0 -3  2 -3 -2 -2 -2 -5 -4 -3 -3 -5 -3  6  1 -5 -3 -4    3   1   3   1   3   1   2   3   1   1   2   1   1   1   1  65   8   0   1   1  1.24 0.57
   70 G   -3 -1  2  0 -3 -2 -2  6  2 -5 -5  0 -4 -5 -3 -2 -3 -5 -4 -5    1   3   9   5   0   2   3  56   4   1   1   7   0   1   1   3   1   0   0   1  1.08 0.45
   71 G   -4 -4 -5 -6 -2 -6 -6  8 -6 -7 -7 -6 -6 -7 -6 -4 -6 -6 -5 -7    1   1   0   0   1   0   0  91   0   0   1   0   0   0   0   1   0   0   1   0  2.54 0.90
   72 G   -5 -6 -5 -6 -1 -6 -6  8 -6 -7 -7 -6 -6 -7 -6 -4 -6 -6 -7 -7    0   0   0   0   1   0   0  93   0   0   1   0   0   0   0   1   0   0   0   0  2.62 0.91
   73 V   -3 -6 -6 -6 -3 -6 -6 -6 -6  3  0 -6  2 -3 -6 -5 -4 -6 -4  7    2   0   0   0   1   0   0   0   0  14   9   0   4   1   0   0   0   0   1  65  1.56 0.62
   74 T   -5 -6 -5 -6 -1 -5 -6 -6 -6 -5 -6 -4 -5 -6 -6 -3  8 -7 -6 -5    0   0   0   0   1   0   0   0   0   0   1   1   0   0   0   1  92   0   0   0  2.69 1.03
   75 F   -2 -5 -6 -6  0 -5 -6 -6 -5  3  3 -5 -2  6 -4 -5 -4 -2 -1  2    4   0   0   0   2   0   0   0   0  13  31   0   0  31   1   0   0   0   1  14  1.04 0.45
   76 S   -4 -5 -4 -5 -2 -5 -5 -3 -5 -6 -6 -5 -6 -6 -5  7  1 -7 -6 -6    0   0   0   0   1   0   0   2   0   0   1   0   0   0   1  85   7   0   0   0  2.18 0.92
   77 G   -5 -6 -5 -6 -6 -6 -6  8 -6 -7 -7 -6 -6 -7 -6 -5 -6 -6 -7 -7    1   0   0   0   0   0   0  94   0   0   1   0   0   0   0   0   0   0   0   0  2.68 0.93
   78 G   -5 -6 -5 -6 -6 -6 -6  8 -6 -7 -7 -6 -6 -7 -6 -3 -6 -6 -7 -7    0   0   0   0   0   0   0  93   0   0   1   0   0   0   0   2   0   0   0   0  2.62 0.91
   79 E   -7 -6 -6  0 -9 -4  8 -8 -6 -9 -9 -5 -8 -9 -7 -6 -7 -9 -8 -8    0   0   0   5   0   0  94   0   0   0   0   0   0   0   0   0   0   0   0   0  2.89 1.12
   80 V    0 -8 -8 -7  1 -7 -7 -7 -8 -4 -7 -7 -5 -6  8 -5 -6 -9 -8  0    9   0   0   0   3   0   0   0   0   1   0   0   0   0  79   0   0   0   0   6  2.63 1.03
   81 L   -3 -7 -7 -8 -2 -6 -7 -6 -7 -3  6 -7  4  1 -7 -4  2 -6 -5 -2    2   0   0   0   1   0   0   0   0   1  66   0  10   5   0   1  12   0   0   1  1.46 0.65
   82 L    1 -3 -5 -5  0 -2 -4 -5 -3 -1  4 -4  5  2 -6 -1 -2 -2  0  1   12   1   0   0   2   2   1   0   1   2  37   0  17   8   0   4   2   0   3   7  0.68 0.38
   83 Q   -6 -4 -4 -5 -9  9 -4 -8  1 -8 -8 -5 -6 -3 -7 -5 -7 -1 -1 -8    0   1   1   0   0  89   0   0   3   0   0   0   0   1   0   1   0   1   2   0  3.02 1.19
   84 P    3 -4 -5 -4 -4 -3 -4 -2  1  0 -3 -2 -1  0  6 -1 -2  2  0 -3   24   1   0   1   0   1   1   3   4   5   2   2   2   4  38   5   2   3   3   1  0.92 0.49
   85 E    0  0 -2  4 -4  0  5 -1 -1 -5 -5  1 -5 -7 -1 -2 -2 -7 -5 -4    8   5   1  26   0   4  33   4   1   0   1   8   0   0   3   2   2   0   0   1  0.80 0.44
   86 F   -3 -8 -5 -7 -8 -6 -4 -5 -7 -5 -4 -6 -4  9 -6 -4 -6 -3 -1 -6    3   0   1   0   0   0   2   1   0   0   1   1   0  87   1   1   0   0   1   0  2.90 1.02
   87 L    2 -5 -5 -6  2 -5 -5 -5 -6  1  3 -5 -2 -4 -5 -1  1 -2 -3  3   17   0   0   0   4   0   0   0   0   6  33   0   1   0   0   5   9   1   1  23  0.72 0.40
   88 I    1  1 -1 -2 -1  0  1 -1  0  1  1  0  0 -1 -3  0  0 -3  0  0   14   9   2   1   1   3   8   3   2   9  18   7   1   2   0   5   6   0   4   4  0.09 0.12
   89 D    3 -1  0  1 -3  0  5 -2 -1 -6 -4 -1 -5 -5 -1  0 -2 -6 -4 -5   26   3   4   7   0   3  36   3   1   0   1   4   0   0   3   6   1   0   0   0  0.73 0.44
   90 I   -3 -6 -7 -7  1 -6 -7 -7 -6  3  5 -6  1  3 -7 -5 -3 -2 -4  1    2   0   0   0   2   0   0   0   0  13  57   0   2  10   0   1   2   1   0  10  1.18 0.52
   91 L    0 -6 -5 -7  0 -6 -7 -5 -6  0  5 -6  2  5 -7 -4 -4 -3 -3 -1    8   0   0   0   2   0   0   1   0   5  54   0   4  19   0   1   1   0   0   4  1.16 0.53
   92 K    0  4 -2  0 -3  2  1 -3  0 -3 -4  5 -2 -5 -2  0 -1 -2 -2 -4    7  20   1   4   1   7   8   1   2   2   1  32   1   0   1   6   3   1   1   1  0.64 0.37
   93 L    2  3 -2 -3 -3  1  2 -1 -2 -3  1  2  0 -2 -4 -1 -2 -3 -3 -3   20  14   1   1   0   5  14   6   1   1  15  11   2   1   0   3   2   0   0   1  0.31 0.25
   94 C    2 -7 -5 -7  9 -7 -7 -6 -7 -2  3 -7 -1 -2 -7 -3 -4 -7 -4 -1   18   0   1   0  43   0   0   0   0   2  25   0   2   2   0   2   0   0   1   3  1.72 0.69
   95 K   -3  4 -3 -5 -3  1 -3 -4  4 -7 -6  7 -5 -7 -5 -3 -4 -3 -2 -6    2  20   1   0   1   5   1   2   9   0   0  55   0   0   0   1   1   0   1   0  1.53 0.67
   96 E    2  1  0  2 -4  1  4 -2 -1 -5 -4  2 -3 -5 -3  0 -2 -4 -2 -4   15   8   4  10   0   7  25   3   1   0   2  13   0   0   1   5   2   0   1   1  0.46 0.31
   97 Q    1  2  1 -1 -2  1  3 -3  2 -2  0  1  1 -2 -4 -1 -3 -2 -2 -3   10  13   7   3   1   5  22   1   6   2  11   8   5   1   0   3   1   1   1   1  0.33 0.26
   98 G   -3 -2  2 -1 -5 -3 -2  7 -1 -8 -6 -2 -6 -5 -6 -3 -5 -4  0 -7    1   2   8   3   0   1   3  69   2   0   1   3   0   0   0   2   1   0   3   0  1.55 0.66
   99 I   -5 -7 -6 -8 -6 -7 -8 -8 -5  7  3 -7 -1  0 -7 -7 -4  1 -1  1    0   0   0   0   0   0   0   0   0  58  22   0   1   4   0   0   1   2   2   8  1.64 0.65
  100 H   -5 -4  3 -1 -8 -3 -5 -4 10 -9 -8 -5 -7 -7 -3  1 -1 -8 -4 -8    1   1  12   3   0   1   0   2  66   0   0   0   0   0   1   9   3   0   0   0  2.57 0.96
  101 T   -4 -4 -5 -7  0 -3 -6 -6 -7  0 -3 -5 -3 -7 -7 -3  7 -8 -3  2    1   1   0   0   2   1   0   0   0   6   2   1   1   0   0   1  72   0   1  12  1.85 0.83
  102 A    6 -7 -4 -7  7 -6 -6 -4 -7 -4 -5 -6 -3 -6 -6 -3  1 -5 -6  0   64   0   1   0  19   0   0   1   0   1   1   0   1   0   0   1   7   0   0   6  1.74 0.77
  103 I   -4 -7 -8 -8 -4 -7 -7 -7 -7  5  4 -7  1 -4 -7 -7 -5 -7 -5  4    1   0   0   0   0   0   0   0   0  34  34   0   3   0   0   0   0   0   0  27  1.43 0.60
  104 D   -7 -6 -5  7 -9 -2  6 -7 -6 -9 -9 -5 -5 -9 -7 -6 -6 -9 -8 -8    0   0   0  55   0   1  43   0   0   0   0   0   0   0   0   0   0   0   0   0  2.33 0.94
  105 T   -5 -7 -6 -7 -7 -7 -7 -8 -8 -5 -6 -7 -7 -8 -7  0  8 -9 -8 -6    0   0   0   0   0   0   0   0   0   0   1   0   0   0   0   5  93   0   0   0  2.87 1.14
  106 A    2 -6  1 -4  8 -3 -5 -5 -4 -6 -7 -6 -6 -7 -6  5  2 -7 -7 -6   16   0   7   1  26   1   1   0   0   0   0   0   0   0   0  38  10   0   0   0  1.46 0.69
  107 G   -1 -7 -2 -7  0 -7 -7  7 -4 -8 -2 -7 -2 -4 -7 -4 -7 -8 -8 -7    5   0   2   0   2   0   0  82   0   0   5   0   1   1   0   1   0   0   0   0  2.14 0.84
  108 Y   -3 -5 -4 -6  2  0 -5 -3  3 -1 -2 -6 -1  5 -7 -2 -2  0  7  2    2   0   0   0   4   5   0   2   6   3   3   0   1  20   0   3   3   1  33  12  1.07 0.51
  109 G    3 -4 -2 -2  3 -2 -3  2 -5 -1 -2 -4 -3 -4  4  0 -1 -6 -3  1   22   0   2   3   6   1   1  17   0   3   4   0   0   0  18   6   4   0   1  10  0.47 0.31
  110 Y   -3 -1  0 -1 -3 -1 -2 -4  1 -4 -2 -2 -5  2  2  0  1  9  1 -4    2   4   4   4   1   2   2   1   3   1   3   2   0   8  12   7   8  29   5   1  1.00 0.49
  111 G    0  0  0  2 -4  0  5 -1  0 -5 -5  1 -4 -6 -1  1 -1 -5 -5 -5    6   4   5  11   0   3  35   4   2   0   1   8   0   0   3  12   4   0   0   0  0.62 0.38
  112 N    1  1  2  2 -2  0  1 -2  1 -1 -2  1 -2 -2 -3  0  1 -3 -2  0   12   8   9  11   1   3   7   2   4   4   2  10   0   1   0   7   7   0   1   9  0.16 0.15
  113 Y   -2 -5 -5 -5 -1 -4 -4 -5 -3  3  3 -4  1  5 -6 -4 -4  4  3  2    3   0   0   0   1   0   1   0   1  15  24   1   2  23   0   1   1   5   8  12  0.78 0.37
  114 E    0  1 -1  2 -4  1  4 -4 -2 -3 -1  3 -2 -4 -3 -1 -2 -1 -4 -3    8   6   3  13   0   5  30   1   1   1   7  15   1   1   1   4   1   1   0   2  0.50 0.32
  115 E    0  3 -1  0 -4  1  3 -3 -2 -5 -3  3 -1 -6  0  0 -1 -6 -4 -3    8  16   2   5   0   6  20   1   1   0   2  20   1   0   4   7   4   0   0   1  0.50 0.32
  116 I    0 -5 -6 -4  0 -5 -5 -6 -6  4  3 -6  1 -2 -6 -3 -2 -2 -4  4    9   0   0   1   2   0   0   0   0  24  25   0   2   1   0   1   2   0   0  30  0.89 0.42
  117 L    1 -3 -4 -5 -1 -4 -5 -5 -5  2  5 -5  2  0 -6 -2 -3 -5 -2  1   12   2   1   1   1   0   0   1   0  10  51   0   5   3   0   3   1   0   1   7  0.82 0.42
  118 K   -1  0 -1  2 -5  0  2 -2 -3 -6 -4  1 -6 -5  6 -1 -3 -7 -6 -5    6   4   3  13   0   4  15   3   1   0   2   8   0   0  35   5   1   0   0   0  0.87 0.46
  119 H   -2 -1 -1 -2  0 -1 -1 -5  5 -3  1 -1 -1  1 -5 -3 -4  3  6  0    3   3   4   3   2   3   4   1  12   1  14   4   1   5   0   1   1   3  29   7  0.69 0.39
  120 T    1 -5 -5 -5  1 -5 -4 -5 -6  1  0 -4 -1 -3 -5 -2  5 -6 -4  3   13   0   0   0   3   0   1   0   0   8  10   1   1   1   0   2  36   0   0  23  0.84 0.47
  121 D   -6 -5  0  8 -6 -5 -3 -4 -5 -6 -9 -5 -8 -9 -5 -3 -5 -9 -5 -8    0   1   5  87   0   0   1   1   0   0   0   0   0   0   1   2   0   0   0   0  2.65 0.99
  122 L   -5 -3 -6 -5 -2 -3 -4 -5  0 -1  6 -6  1  0 -7 -4  0 -1  1 -1    0   1   0   0   1   1   2   1   2   3  67   0   3   4   0   1   5   1   4   3  1.18 0.55
  123 V   -3 -6 -7 -6 -3 -6 -7 -6 -6  3  0 -6  0  6 -7 -6 -4  2  0  5    2   0   0   0   1   0   0   0   0  16   8   0   2  30   0   0   1   3   2  35  1.24 0.53
  124 L   -6 -6 -7 -8 -6 -5 -7 -8 -3  1  6 -7  4  2 -7 -7 -6 -5  2 -3    0   0   0   0   0   1   0   0   1   6  68   0   8   8   0   0   0   0   7   0  1.58 0.66
  125 L   -2 -6 -6 -7  1 -4 -6 -6 -3 -1  3 -6  1  5 -6 -5 -3  0  6  0    4   0   0   0   3   1   0   0   0   4  23   0   3  26   0   1   2   1  26   7  1.14 0.51
  126 D   -7 -7 -4  9  3 -6 -4 -5 -7 -9 -9 -7 -9 -9 -7 -3 -7 -10 -9 -9    0   0   0  92   5   0   0   1   0   0   0   0   0   0   0   2   0   0   0   0  3.02 1.10
  127 I   -5 -7 -7 -8 -1 -7 -7 -8 -5  6  4 -7  0 -1 -5 -6 -5 -3 -1  2    0   0   0   0   1   0   0   0   0  42  35   0   2   2   1   0   0   0   3  14  1.38 0.57
  128 K   -7 -4 -6 -7 -9 -5 -5 -8 -7 -9 -9  9 -8 -9 -7 -6 -7 -9 -8 -8    0   0   0   0   0   0   0   0   0   0   0 100   0   0   0   0   0   0   0   0  3.23 1.20
  129 H    1 -5 -4 -4  0  0 -2 -2  8  1  1 -5  1 -1 -6  0 -2 -5 -3 -1   11   0   0   0   2   4   3   4  37   8  12   0   3   2   0   8   2   0   0   3  0.95 0.48
  130 V   -1 -6 -5 -6 -2 -4 -5 -4 -2  3  1 -5  7  2  0 -2  1  1  0  0    5   0   0   0   1   0   0   1   1  15  10   0  32   7   4   2   9   2   3   6  0.87 0.46
  131 D   -6 -5  3  7 -8 -5 -1 -4 -4 -4 -6 -4 -6 -5 -5 -1 -1 -9 -4 -5    0   0  15  67   0   0   3   1   0   1   1   1   0   1   1   4   3   0   1   1  1.87 0.77
  132 D    0 -1  0  3 -4 -3  2 -2 -2 -4 -5 -2 -4 -7  5  2 -2 -7 -5 -5    7   3   5  14   0   1  12   3   1   1   1   3   0   0  30  17   2   0   0   0  0.81 0.45
  133 D    1  0 -1  2 -5  1  4 -2 -2 -3 -3  1 -3 -4 -3 -1 -1 -6 -4 -2   13   4   2  13   0   7  32   3   1   2   2  10   0   1   1   4   3   0   0   3  0.53 0.34
  134 G    0  3 -3 -2 -3  1  0 -2 -1  0  0  4  1 -4 -4 -2  0 -4 -3 -1    6  14   1   2   1   6   5   3   1   6  12  26   3   0   0   2   6   0   0   5  0.32 0.24
  135 Y   -3 -7 -6 -7 -2 -6 -6 -8 11 -7 -6 -7 -4 -1 -7 -4 -8 -4  5 -8    3   0   0   0   1   0   0   0  75   0   1   0   1   3   0   1   0   0  15   0  3.27 1.14
  136 K   -3  5 -3 -3 -4  2  1 -5  1 -1  0  5 -1 -3 -5 -3 -3 -4 -2 -3    1  26   1   1   0   8   7   0   3   4   8  31   1   1   0   1   2   0   2   2  0.79 0.44
  137 C    1  3 -1 -1 -4  2  3 -4  0 -3 -3  4 -2 -2 -4 -1 -1 -2 -2 -3   10  15   2   3   0   8  17   0   2   1   3  25   1   2   0   4   4   1   1   1  0.52 0.33
  138 I   -2 -4 -2 -6 -2 -5 -5 -2  1  2  3 -4  0  2 -6 -5 -3  4  6  0    4   1   2   0   1   0   1   4   3  11  28   1   2   8   0   0   1   5  24   6  0.77 0.40
  139 T   -4 -7 -5 -7  2 -5 -7 -7 -7 -1 -4 -6 -4 -6 -7 -3  8 -8 -7  0    1   0   0   0   4   0   0   0   0   4   2   0   0   0   0   2  80   0   0   7  2.22 0.94
  140 G   -4 -3 -3 -5 -6 -2 -4  7 -2 -9 -8 -1 -8 -7 -7 -2 -4 -8 -6 -7    1   2   1   0   0   2   1  83   1   0   0   4   0   0   0   2   1   0   0   0  2.12 0.84
  141 K    1  1 -4 -5  0  1 -4 -1 -1 -1 -2  0  0 -3 -6 -3 -2 -5 -3  5   10   7   0   0   2   6   1   6   2   3   3   6   2   1   0   1   2   0   1  47  0.69 0.41
  142 G   -2 -1  1  4 -5 -2  0  1 -2 -6 -6 -1 -6 -5  2  4 -1 -7 -4 -6    2   3   5  20   0   1   5  12   1   0   0   4   0   0  12  30   4   0   1   0  0.70 0.43
  143 K   -4 -3  8 -3 -5 -1 -5 -4 -4 -1  1 -4 -1 -1 -3 -2 -5 -8 -4 -4    2   1  66   1   0   2   0   1   0   3  13   0   2   2   2   2   0   0   0   1  1.72 0.76
  144 R    0  2  0  2 -5  2  4 -1  0 -4 -4  2 -4 -4 -3  0  0 -4 -4 -4    7  11   3  10   0   9  26   4   2   1   1  11   0   1   1   7   5   0   0   1  0.47 0.31
  145 G   -2  3  0 -3 -5  1 -1 -2 -1  1  3  0 -1 -3  2 -2 -1 -2 -3  0    2  16   4   1   0   6   3   2   1   8  28   5   1   0  10   1   4   1   1   5  0.29 0.24
  146 F   -2 -6 -5 -7 -5 -7 -6 -8 -5  7 -2 -7  1 -2 -4 -4  1 -7 -4  2    4   0   1   0   0   0   0   0   0  66   2   0   3   2   1   1   9   0   1  10  1.65 0.68
  147 D   -5 -1 -6 -4 -4 -3 -5 -7  0  1  6 -2  0 -1 -7 -6 -4 -1 -2 -2    0   3   0   1   0   1   1   0   2   7  72   3   2   2   0   0   1   1   1   2  1.35 0.60
  148 D    0  1  0  3 -4  2  4 -3  0 -5 -5  2 -4 -5 -5  0 -2 -6 -3 -5    9   6   5  16   0   8  30   1   2   0   1  10   0   0   0   7   2   0   1   1  0.65 0.38
  149 F   -6 -6  8 -5 -3 -6 -6 -5 -3 -5 -4 -6 -2  5 -8 -4 -3 -7 -5 -5    0   0  71   0   1   0   0   1   0   1   2   0   1  20   0   1   2   0   0   1  2.34 0.95
  150 L    3 -6 -7 -7 -4 -5 -6 -4 -5  3  5 -6  0  1 -6 -5 -4 -2 -3 -1   20   0   0   0   0   0   0   1   0  16  49   0   2   6   0   0   0   1   1   2  1.04 0.51
  151 K    0  4  0  0 -3  1  2 -3 -1 -3 -3  4 -3 -5 -4 -1 -2 -4 -3 -3    7  25   3   6   1   6  14   1   1   2   3  22   1   0   1   4   2   0   1   1  0.57 0.35
  152 A   -1  4 -2 -3 -3 -1  0 -4  2 -2  0  3  1  0 -5 -2 -2  3  4 -2    5  19   2   1   1   2   5   1   4   3   9  18   3   3   0   2   2   3  15   2  0.44 0.30
  153 V    0 -4 -7 -7  0 -6 -7 -6 -7  3  6 -6 -1 -3 -7 -5 -2 -6 -5  1    8   1   0   0   2   0   0   0   0  15  63   0   1   1   0   1   2   0   0   7  1.28 0.58
  154 E    2 -1  0  2  0  0  0 -1  0 -1 -1 -1 -1 -3 -3  2 -1 -4 -1  0   23   3   5  10   2   3   7   3   2   4   5   3   1   1   1  15   3   0   2   5  0.17 0.18
  155 N    1  2  0  1 -4  2  3 -1 -1 -4 -4  2 -3 -5 -3  1 -1 -6 -4 -4   12  10   5   8   0   7  21   4   1   1   1  15   0   0   0  10   3   0   0   1  0.44 0.31
  156 I    1  2  0 -2 -1  0 -1 -3  0  0  1  1  2 -1 -3  1  0 -2  0 -1   11  11   5   1   1   4   3   1   3   6  15   9   6   2   1  10   6   0   3   3  0.11 0.13
  157 G   -2  0  3  0 -2 -1 -1  5  2 -6 -6  2 -5 -5 -3 -1 -3 -6 -5 -5    2   4  13   5   1   3   3  43   5   0   0  13   0   0   2   4   1   0   0   1  0.85 0.44
  158 V    1  0 -2 -3  0 -1 -2 -2 -1  2 -2  4 -1 -2 -2 -1  0 -5 -3  1   12   4   1   1   2   3   2   3   2  13   2  31   1   1   1   3   5   0   1  11  0.40 0.29
  159 K   -2  1  2  2 -4 -1  1 -4  0 -6 -6  3 -5 -7  5 -1 -1 -5 -6 -5    4   8  10  10   0   3   8   1   2   0   0  15   0   0  32   4   3   0   0   0  0.85 0.46
  160 V   -4 -6 -6 -7 -4 -6 -6 -6 -3  5  2 -5  4  1 -5 -5  0  2  0  4    1   0   0   0   0   0   0   0   1  27  15   0   9   6   0   0   5   2   4  28  0.94 0.45
  161 W   -4  1 -3 -6 -2 -2 -3 -7  0  4 -1 -4 -1 -2 -7 -5 -1  9 -1  2    2   7   1   0   1   2   2   0   2  25   4   1   1   1   0   0   4  31   2  12  1.41 0.61
  162 I   -2 -7 -7 -7  1 -6 -7 -6 -7  6  2 -6 -1  0 -2 -6 -5 -6 -5  4    4   0   0   0   3   0   0   0   0  42  21   0   1   4   2   0   0   0   0  23  1.24 0.54
  163 R   -7  9 -5 -7 -5 -4 -6 -8 -4 -9 -8 -4 -7 -9 -8 -6 -5 -9 -8 -6    0  97   0   0   0   0   0   0   0   0   0   0   0   0   0   0   1   0   0   1  3.23 1.19
  164 H   -4 -4 -5 -6  3 -1 -5 -6  3  4 -1 -4  2  1 -6 -4  1 -1  4  3    0   0   0   0   5   3   0   0   7  25   6   1   5   6   0   1   8   1  15  17  0.75 0.40
  165 V   -4 -7 -8 -7 -5 -7 -7 -8 -8 -3 -5 -7 -6 -8  8 -6 -5 -8 -7  4    1   0   0   0   0   0   0   0   0   1   1   0   0   0  65   0   1   0   0  30  2.39 0.96
  166 I   -4 -6 -7 -7 -3 -5 -7 -7 -7  3  4 -6  1 -1 -7 -5 -4 -6 -2  5    1   0   0   0   1   0   0   0   0  15  42   0   3   2   0   0   1   0   2  33  1.26 0.56
  167 V   -5 -7 -8 -8 -6 -7 -7 -8 -8  7 -1 -7  0 -4 -7 -7 -5 -7 -6  5    1   0   0   0   0   0   0   0   0  61   4   0   2   0   0   0   0   0   0  31  2.01 0.77
  168 P   -3 -6 -5 -5 -4 -5 -3 -4 -4 -7 -7 -2 -6 -7  8 -3 -5 -2 -7 -6    2   0   1   1   1   0   2   1   0   0   0   3   0   0  84   2   1   1   0   0  2.71 1.06
  169 T   -4 -4  0  0 -5 -3 -1  7 -4 -6 -8 -3 -4 -6 -7 -2  0 -7 -7 -7    1   1   4   5   0   1   5  71   0   0   0   2   0   0   0   3   5   0   0   0  1.64 0.70
  170 L   -4 -4 -6 -7  0 -5 -5 -6  0  4  2 -5  0  4 -6 -5 -4  2  4  3    1   1   0   0   2   0   0   0   2  23  15   1   2  14   0   0   0   3  14  20  0.88 0.43
  171 T   -7 -6  8 -5 -8 -5 -6 -6 -2 -8 -8 -6 -5 -8 -7 -2  5 -9 -8 -6    0   0  64   0   0   0   0   0   1   0   0   0   0   0   0   2  32   0   0   0  2.43 1.01
  172 D   -1 -6 -1  8 -5 -5 -4 -5 -5 -7 -5 -6 -2 -6 -7 -3 -2 -7 -3 -5    6   0   2  80   0   0   0   1   0   0   2   0   1   0   0   2   2   0   1   1  2.27 0.92
  173 S   -2 -1  2  4 -6 -1 -2 -1 -2 -5 -6 -1 -5 -4 -5  4  3 -7 -5 -5    3   3   8  23   0   3   2   5   1   1   0   4   0   1   0  28  18   0   0   0  0.74 0.46
  174 K   -1  0 -2  3 -5  0  4 -4 -3 -2 -2  1 -1 -4  3 -2 -2 -3 -1 -1    6   4   2  15   0   3  28   1   0   3   5  10   1   1  13   2   2   0   2   4  0.47 0.32
  175 E    0 -2 -2  3 -7  1  6 -3  0 -5 -5  1 -6 -6 -4 -2 -2 -5 -4 -4    8   1   2  14   0   4  50   2   2   1   1   8   0   0   1   3   2   0   1   1  1.04 0.55
  176 N   -2 -4  6  4 -3 -1  2 -5  4 -5 -5 -4 -5 -4 -6 -1 -1 -7  1 -4    3   1  36  20   1   2  13   0   8   1   1   0   0   1   0   4   4   0   5   1  1.04 0.54
  177 I   -1 -6 -7 -7 -3 -5 -7 -7 -6  6  4 -6  4  1 -7 -6 -4 -2 -3  0    5   0   0   0   1   0   0   0   0  38  32   0   9   5   0   0   1   0   1   6  1.20 0.54
  178 R    0  3  0  1 -4  1  3 -2  2 -1 -1  1 -2 -3 -4  0 -1 -4 -3 -2    7  15   4   8   0   5  19   3   4   3   6  10   1   1   0   6   4   0   1   2  0.29 0.23
  179 K    3  1 -1 -1 -4  2  1  1 -1 -4 -2  2 -2 -4 -3  0 -2 -3 -4 -4   28   7   3   4   0   8  11   9   1   1   3  14   1   0   1   6   2   0   0   0  0.39 0.30
  180 L   -2 -4 -6 -7 -3 -6 -6 -6 -5  5  3 -5  3  1 -6 -3  3 -2 -2  0    2   1   0   0   0   0   0   0   0  30  28   0   7   5   0   1  16   0   2   6  0.90 0.46
  181 A    5 -1 -4 -6  2 -3 -4  2 -4  1 -1 -2 -2 -4 -5 -1 -3 -6 -2  0   47   3   1   0   4   1   1  16   0   9   5   2   1   1   0   3   1   0   1   6  0.75 0.45
  182 N    1  3  1  2 -3  1  4 -2 -1 -5 -4  2 -3 -6 -5 -1 -2 -6 -4 -4   13  14   5  12   0   7  24   3   1   0   1  12   0   0   0   4   2   0   0   1  0.53 0.35
  183 I   -5 -3 -7 -8 -5 -7 -7 -8 -1  1  2 -5  0  8 -8 -6 -5  2  3 -3    1   2   0   0   0   0   0   0   1   7  20   1   2  53   0   0   1   3   8   1  1.66 0.69
  184 I    2 -5 -6 -6  2 -6 -5 -5 -6  4  4 -5  1 -1 -6 -3 -2 -6 -4  3   15   0   0   0   5   0   0   0   0  20  33   0   3   3   0   2   2   0   0  17  0.81 0.42
  185 K    2  2  1 -1 -3  0  0 -1 -1 -4 -3  4 -3 -5 -4  1 -1 -6 -3 -3   16  11   5   3   1   4   5   4   2   1   3  27   0   0   0  12   3   0   1   2  0.44 0.32
  186 N   -1  1  0  1 -4  1  2  1  0 -5 -5  2 -3 -5  1  2  1 -4 -4 -4    3   7   5   8   0   6  13  11   2   0   1  10   0   0   6  18  10   0   0   0  0.35 0.28
  187 I   -3 -3 -1 -5 -1 -1 -4 -5  2  2  4 -3  2  1 -5 -2 -3  0  2 -1    2   1   3   0   1   2   1   1   5   9  47   2   5   6   0   3   1   1   8   2  0.68 0.37
  188 R   -1  1  1  1 -3 -1  0  1  0 -4 -3  3 -3 -4  4  0  0 -4 -3 -3    5   6   6   7   1   3   5  10   2   1   3  17   1   1  19   8   5   0   1   2  0.35 0.23
  189 N   -2  0  5 -1  2 -1 -3  3  2 -4 -5  0 -1 -3 -1  1  0 -3 -2 -3    3   5  26   3   4   2   1  19   5   1   1   5   2   1   3  10   6   0   1   1  0.49 0.32
  190 V   -1 -3 -3 -4  1 -4 -4 -4 -5  4  2 -3 -1 -1 -2 -3 -2 -5 -3  4    5   2   1   1   3   1   1   1   0  23  19   2   1   3   3   1   2   0   0  30  0.65 0.35
  191 E   -2  1 -1  0 -3  2  4 -3  0 -2 -2  2 -2 -4  0  0  0 -4 -3 -1    3   8   2   5   0   7  27   2   2   3   4  15   1   0   4   5   6   0   1   4  0.37 0.28
  192 K   -1  4 -1 -2 -4  1  2  1  0 -4 -3  3 -2 -4 -1 -1 -1 -2  0 -3    5  25   2   2   0   7  11   9   3   1   2  17   1   0   3   5   4   1   3   1  0.45 0.31
  193 V   -3 -7 -7 -8 -3 -7 -7 -8 -5  5  1 -7  0  0 -7 -6 -4  0  2  5    2   0   0   0   1   0   0   0   0  30  10   0   2   3   0   0   1   1   6  44  1.37 0.61
  194 E   -5 -2  1  4 -4  1  6 -5  4 -7 -8 -3 -7 -6 -6 -1 -3 -3 -4 -6    0   2   5  19   0   5  49   1  10   0   0   1   0   0   0   4   2   0   1   0  1.38 0.69
  195 L   -6 -6 -8 -8 -4 -7 -8 -8 -8  4  6 -7 -2  0 -5 -7 -6 -7 -4  2    0   0   0   0   0   0   0   0   0  18  65   0   1   4   1   0   0   0   0  10  1.58 0.69
  196 L   -6 -7 -7 -9 -3 -6 -6 -9 -7 -1  7 -7  3 -4 -8 -8 -6 -7 -6 -3    0   0   0   0   1   0   1   0   0   3  88   0   5   0   0   0   0   0   0   1  2.16 0.89
  197 P    0 -4 -5 -7 -9 -6 -6 -4 -6 -9 -7 -3 -8 -8  8 -4 -5 -10 -9 -7    7   1   1   0   0   0   0   2   0   0   0   2   0   0  84   2   0   0   0   0  2.78 1.14
  198 Y   -7 -8 -8 -9 -3 -8 -8 -7 -4 -7 -5 -8 -7  5 -9 -8 -8 -3  9 -7    0   0   0   0   1   0   0   0   0   0   1   0   0  23   0   0   0   0  74   0  3.19 1.19
  199 H   -8 -3  2 -6 -10 -5 -6 -6 11 -8 -9 -6 -4 -7 -9 -5 -7 -9 -5 -8    0   2   8   0   0   0   0   1  87   0   0   0   0   0   0   1   0   0   0   0  3.84 1.35
  200 T   -1  4  2  0 -5  2  0 -3  0 -4 -4  3 -3 -5  1  0  2 -6 -4 -4    4  19  10   5   0   8   4   1   2   1   1  15   0   0   7   7  13   0   0   1  0.48 0.34
  201 L   -3 -6 -6 -7 -6 -5 -7 -5 -3  1  5 -6  5  3 -6 -3 -1 -2  3 -3    2   0   0   0   0   0   0   1   1   6  47   0  15   9   0   2   5   1   9   1  1.09 0.54
  202 G    1 -8 -6 -7  2 -5 -7  7 -7 -8 -8 -7 -5 -8 -6 -4 -5 -1 -5 -7   12   0   0   0   4   0   0  80   0   0   0   0   0   0   0   1   0   1   0   0  2.20 0.90
  203 I    0  1 -1 -2 -4  0  3 -2 -3  1 -1  1  0 -2 -4  0 -1 -5 -3  2    8   9   3   1   0   3  19   3   0   9   6  10   2   1   0   6   3   0   0  15  0.21 0.21
  204 N    0 -3  1  1 -5 -1  1  2  4 -3 -5 -1 -3 -1 -1  2 -1 -2  2 -3    9   1   8   8   0   2   8  14   9   1   0   3   1   3   4  18   2   0   7   2  0.31 0.26
  205 K   -7 -3 -4 -6 -9 -4 -5 -7 -5 -9 -9  8 -6 -9 -7 -6 -3 -9 -8 -8    0   0   1   0   0   0   0   0   0   0   0  96   0   0   0   0   2   0   0   0  2.99 1.19
  206 Y   -2 -3 -6 -9 -3 -7 -8 -6 -1 -6 -4 -8 -7 -1 -9 -5 -7  8  9 -6    4   2   0   0   1   0   0   1   1   0   2   0   0   2   0   1   0  20  66   0  2.87 1.12
  207 E    1  3 -1  1 -6  2  4 -3  1 -3 -4  3 -3 -6 -3 -1 -2 -5 -4 -3   11  14   2   7   0   7  27   2   3   2   2  15   0   0   1   3   3   0   0   1  0.55 0.37
  208 K    2  3  0 -1 -3  2  1 -2 -2 -3 -2  2  1 -3 -4  1 -2 -1 -1 -3   17  18   4   2   0   9  11   2   1   1   4  11   4   1   0   8   2   1   3   1  0.32 0.27
  209 L   -5 -6 -8 -8 -2 -5 -6 -7 -6  1  6 -7  4  0 -8 -5 -5 -3 -3 -2    1   0   0   0   1   1   0   0   0   7  72   0   9   3   0   1   1   0   1   2  1.61 0.71
  210 N   -4 -2  2  0 -5 -1 -2  7  0 -8 -7 -2 -7 -6 -7 -3 -5 -7 -5 -8    1   2  11   6   0   2   2  67   2   0   1   3   0   0   0   2   0   0   0   0  1.61 0.72
  211 L   -4  4 -4 -4 -4 -1 -2 -4 -2  2  2  3  5 -3 -6 -3 -3  0 -2 -2    1  22   0   1   0   2   2   1   1  12  22  15  13   1   0   1   1   2   1   1  0.68 0.41
  212 D   -1 -1 -1  3 -4 -1  4 -3 -1 -3 -5  2 -3 -5  3 -1  0 -6 -5 -2    5   3   3  15   0   2  23   2   1   1   1  13   1   0  15   5   6   0   0   3  0.53 0.35
  213 Y   -5 -5  0 -2 -1 -3 -4 -6 -3 -4 -5 -5 -3  1 -3 -2 -5  2  9 -5    1   1   5   2   2   1   1   1   0   1   1   1   1   5   2   3   1   2  69   1  2.22 0.93
  214 K    0  1 -2 -1 -2  1  1 -2 -1 -3 -2  2 -2 -3  5  0  0 -6 -4 -3    7   9   1   3   1   5  10   3   2   1   4  10   1   1  28   7   6   0   0   1  0.51 0.33
  215 L   -2 -4 -5 -5 -1 -4 -5 -3 -3 -1  5 -5  5  2 -4 -4 -4  0  2 -2    3   1   0   1   1   1   1   2   1   3  54   0  12   8   1   1   1   1   6   2  1.02 0.50
  216 R    1  0 -1  0 -3  0  3  0  0 -4 -3  3 -2 -2  1  0 -1 -4 -3 -3   12   4   3   5   0   3  19   7   3   1   2  18   1   1   8   8   3   0   1   1  0.30 0.24
  217 D   -2 -2  2  5 -3 -1  2  3  2 -4 -5 -1 -4 -6 -4 -1 -2 -6 -5 -5    3   2   9  29   1   2  12  24   4   1   1   3   0   0   1   4   2   0   0   0  0.76 0.42
  218 I   -1 -3 -3 -3 -2 -2 -3 -4 -4  3  2 -2  2  2 -4 -3  2 -2 -1  3    5   1   1   2   1   1   1   1   0  15  19   2   5   8   1   1  13   0   2  20  0.40 0.26
  219 E   -1  1 -1 -1 -5  2  3 -3  0 -3 -3  3 -3 -4  4 -1 -1 -5 -3 -3    5   7   2   3   0   9  20   2   2   1   2  17   1   1  17   4   4   0   1   2  0.51 0.35
  220 A    1 -3 -1 -3 -4  0  1 -4 -2 -1 -2 -2 -2 -2  5  1  2 -5 -4 -1   10   1   3   1   0   3  11   1   1   3   3   3   1   2  32  10  11   0   0   4  0.63 0.40
  221 M   -1 -7 -3 -6 -1 -2 -6 -6 -3 -3  1 -5  4 -4  7 -5 -3 -7 -1 -2    6   0   1   0   1   2   0   0   1   2  14   0   9   1  55   0   2   0   3   3  1.53 0.74
  222 D   -2 -3  0  3 -3 -3  0 -2 -2 -6 -6 -1 -6 -5  1  4  3 -5 -6 -5    3   2   4  16   1   1   6   3   1   0   0   3   0   0   7  32  20   0   0   0  0.77 0.50
  223 K    0  1  0  2 -5  1  3 -3 -1 -4 -4  3 -2 -4  2 -1 -2 -4 -3 -3    9   8   4  11   0   5  17   2   1   1   1  20   1   0  11   4   3   0   1   1  0.44 0.31
  224 E    1 -3 -1  2 -7  0  6 -2 -3 -5 -6  0 -6 -6 -4 -1 -2 -7 -4 -5   11   1   3  12   0   4  49   3   0   1   1   6   0   0   1   5   2   0   1   1  1.03 0.58
  225 K   -1  2 -2  2 -4  2  3 -4  2 -3 -2  2 -2 -3 -4 -1  0 -4  1 -2    4  12   1  12   0   9  16   1   4   1   5  13   1   1   0   4   7   0   4   3  0.36 0.28
  226 R    0 -4 -6 -7 -2 -5 -4 -6 -6  3  3 -2  7 -2 -6 -5 -2 -4 -4  2    8   1   0   0   1   0   1   0   0  16  25   3  24   1   0   0   2   0   0  15  0.96 0.50
  227 K    1  1  1  1 -6  2  4 -3 -1 -2 -2  2 -3 -4 -4 -1 -1 -3 -3 -3   10   7   6   8   0   9  29   1   1   2   4  10   1   0   0   4   3   0   1   2  0.45 0.33
  228 K    1  3  0  0 -3  2  3 -2  1 -2 -3  2 -1 -4 -2 -1 -1 -1 -1 -3   10  17   4   4   0   8  19   3   4   3   2  11   1   1   1   4   3   1   2   1  0.34 0.27
  229 L    1 -4 -6 -7  1 -5 -6 -5 -5  3  3 -3  0  2 -6 -4 -3  4  0  1   14   1   0   0   3   0   0   0   0  18  31   2   2   9   0   1   1   5   3   9  0.71 0.40
  230 E    2  3 -1 -3  0  1  1 -3 -3 -1 -2  4 -2 -5 -5 -1 -2 -6 -2  0   16  15   2   1   2   7   8   1   0   4   4  25   1   0   0   3   2   0   2   8  0.44 0.33
  231 K    1  2  1  2 -3  2  3 -1  0 -4 -4  2 -3 -6 -4  0 -1 -4 -5 -4   11  11   5  12   0   7  17   4   2   1   1  14   1   0   0   8   4   0   0   0  0.42 0.31
  232 Y   -1  1 -4 -4 -1  0 -2 -5  0  4  2 -1  1  1 -5 -3 -1  0  2  0    5   9   0   0   1   4   3   0   2  25  17   4   4   6   0   1   3   1   7   6  0.37 0.26
  233 L   -1 -7 -7 -8 -1 -7 -7 -6 -6  3  4 -7  2  6 -7 -6 -5 -3 -2  1    6   0   0   0   1   0   0   0   0  14  33   0   4  31   0   0   0   0   1   8  1.21 0.57
  234 K   -1  4  1 -2 -7  1  4 -4 -1 -7 -7  3 -4 -7 -5  0 -1 -7 -6 -6    5  21   7   2   0   6  30   1   1   0   0  16   0   0   0   8   4   0   0   0  0.88 0.51
  235 E   -2 -1 -1  2 -5  3  4 -4 -2 -7 -6  3 -5 -6 -4  3 -2 -7 -6 -6    2   2   3  11   0  11  24   0   1   0   0  18   0   0   0  26   1   0   0   0  0.85 0.51
  236 L   -3 -3 -4 -6 -2 -3 -2 -4  0  2  2 -2  3  4 -5 -3 -3 -2  6 -1    2   1   1   0   1   1   2   1   2  11  18   2   6  16   0   1   1   0  29   4  0.81 0.41
  237 L   -4 -4 -5 -6 -4 -2 -5 -5 -4  2  4 -4  2  5 -5 -4 -3 -3 -1  2    0   0   0   0   0   2   0   1   0  10  43   1   5  24   0   0   1   0   1  14  0.82 0.35
  238 E   -3 -1 -1  4 -5  3  4 -3 -2 -5 -5  4 -4 -5 -3 -2 -3 -5 -4 -4    0   0   0  22   0  11  31   0   0   0   0  36   0   0   0   0   0   0   0   0  0.91 0.31

                      K         Lambda
Standard Ungapped    0.1427     0.3207
Standard Gapped      0.0410     0.2670
PSI Ungapped         0.2244     0.3179
PSI Gapped           0.0687     0.2670
