
Last position-specific scoring matrix computed, weighted observed percentages rounded down, information per position, and relative weight of gapless real matches to pseudocounts
           A  R  N  D  C  Q  E  G  H  I  L  K  M  F  P  S  T  W  Y  V   A   R   N   D   C   Q   E   G   H   I   L   K   M   F   P   S   T   W   Y   V
    1 M   -5 -6 -7 -8 -6 -5 -7 -7 -6 -3 -1 -6 11 -4 -7 -6 -5 -6 -5  1    0   0   0   0   0   0   0   0   0   0   4   0  88   0   0   0   0   0   0   8  3.10 1.01
    2 S    1 -3  2 -1 -4 -2  0 -2 -3 -2 -4 -1 -1 -5  1  3  4 -5 -4 -2    9   1  11   2   0   1   6   2   0   2   0   2   2   0   6  24  29   0   0   2  0.52 0.35
    3 D   -1  0  2  3 -3  1  3  1 -1 -4 -3 -1 -4 -5  1  0 -1 -5 -4 -2    5   5  12  14   1   6  20  12   1   0   2   2   0   0   7   7   3   0   0   3  0.35 0.23
    4 G    1  1  2 -1 -3  0 -1  1  1 -3 -3  1 -2 -3  2  1  1 -4 -3 -3   12   7  10   1   0   4   3  13   3   1   2   9   1   1  12  13   8   0   1   1  0.26 0.19
    5 K    0  4 -1 -1 -4  2  0 -3 -1 -3 -3  3 -2 -5  3  0  0 -5 -4 -2    7  22   2   3   0   8   6   2   1   1   2  17   1   0  14   6   5   0   0   3  0.47 0.29
    6 K   -2  4 -4 -5  0  1 -3 -5  1 -5 -3  5 -3 -5  3 -2 -3 -6 -1 -2    4  24   0   0   2   6   1   0   3   0   2  31   1   0  16   2   1   0   2   3  0.88 0.50
    7 H   -5  5  0  3 -7  0 -3 -6  4 -7 -7  3 -6 -7 -3  1 -1 -7 -5 -7    0  35   3  18   0   3   1   0  11   0   0  14   0   0   1   9   4   0   0   0  1.09 0.59
    8 V   -2 -7 -8 -8  1 -7 -7 -8 -6  4 -1 -7 -3 -3 -7 -6 -2 -5 -3  6    4   0   0   0   3   0   0   0   0  24   5   0   0   1   0   0   3   0   1  59  1.62 0.74
    9 V    4 -7 -7 -7 -1 -6 -6 -3 -7  3  1 -6 -3 -5 -6 -4 -3 -7 -6  5   36   0   0   0   1   0   0   2   0  12  12   0   0   0   0   0   2   0   0  34  1.14 0.62
   10 I   -6 -9 -9 -9 -7 -8 -9 -9 -9  6 -4 -8 -5 -6 -8 -8 -6 -9 -7  6    0   0   0   0   0   0   0   0   0  44   0   0   0   0   0   0   0   0   0  56  2.34 0.98
   11 I   -3 -8 -8 -8 -5 -8 -8 -9 -8  6  1 -8 -3 -5 -8 -7 -6 -8 -6  5    2   0   0   0   0   0   0   0   0  44  12   0   0   0   0   0   0   0   0  40  1.80 0.79
   12 G   -6 -9 -7 -8 -9 -8 -9  8 -9 -10 -10 -8 -9 -10 -9 -7 -8 -9 -10 -10    0   0   0   0   0   0   0 100   0   0   0   0   0   0   0   0   0   0   0   0  3.18 1.27
   13 G    5 -8 -6 -6 -7 -7 -7  6 -7 -8 -8 -7 -7 -8 -7 -2 -5 -8 -8 -7   37   0   0   0   0   0   0  60   0   0   0   0   0   0   0   2   1   0   0   0  2.01 0.93
   14 G   -6 -9 -7 -8 -9 -8 -9  8 -9 -10 -10 -8 -9 -10 -9 -7 -8 -9 -10 -10    0   0   0   0   0   0   0 100   0   0   0   0   0   0   0   0   0   0   0   0  3.18 1.28
   15 I   -6 -9 -9 -9 -7 -8 -9 -9 -9  8  1 -8 -1 -5 -2 -8 -6 -8 -6  2    1   0   0   0   0   0   0   0   0  76  10   0   1   0   2   0   0   0   0  10  2.30 0.97
   16 T    2 -7 -5 -6 -3 -6 -6 -6 -7 -7 -7 -6 -7 -7 -7  6  5 -8 -7 -6   16   0   0   0   1   0   0   0   0   0   0   0   0   0   0  51  32   0   0   0  1.74 0.95
   17 G   -4 -9 -7 -8 -9 -8 -8  8 -8 -10 -10 -8 -9 -9 -8 -7 -8 -9 -9 -9    1   0   0   0   0   0   0  99   0   0   0   0   0   0   0   0   0   0   0   0  3.10 1.27
   18 L   -7 -8 -9 -10 -4 -8 -9 -10 -9 -4  7 -8 -2 -6 -9 -6 -6 -8 -7 -4    0   0   0   0   0   0   0   0   0   0  97   0   1   0   0   1   0   0   0   1  2.57 1.12
   19 A    5 -6 -5 -6  1 -6 -6 -5 -7 -5 -6 -6 -5 -6 -6  4  4 -8 -7 -1   37   0   0   0   3   0   0   0   0   0   0   0   0   0   0  28  26   0   0   5  1.31 0.77
   20 A    6 -6 -6 -7  3 -6 -6 -6 -5 -2  0 -5 -5 -5 -6 -1  3 -7 -4  0   54   0   0   0   6   0   0   0   0   2   9   0   0   0   0   4  17   0   1   6  1.22 0.71
   21 A    7 -6 -7 -8 -2 -7 -7 -1 -6 -7 -3 -7 -3 -8 -7 -3 -4 -4 -8 -5   87   0   0   0   1   0   0   4   0   0   3   0   1   0   0   1   1   0   0   1  2.23 1.08
   22 F   -4 -1 -4 -7 -4 -3 -5 -8  6 -4 -2 -7 -5  4 -8 -5 -6  8  7 -4    1   3   1   0   0   1   1   0  16   1   4   0   0  16   0   1   0  17  35   1  1.86 0.86
   23 Y    0  4 -3 -2 -4  0  2 -5  3 -5 -3 -1 -4  2 -6 -3 -2  3  5 -4    9  23   1   2   0   4  12   1   6   1   2   3   0   9   0   2   3   4  18   1  0.70 0.46
   24 M   -2 -6 -8 -8 -4 -6 -7 -8 -6  1  6 -7  0 -5 -7 -7 -6 -6 -5 -1    5   0   0   0   0   0   0   0   0   7  80   0   2   0   0   0   0   0   0   3  1.84 0.85
   25 E    1  3 -1 -3 -2  3  0 -3  2 -2  0  2  0 -3 -4  0 -1 -4 -3 -1   10  14   2   1   1  15   6   2   5   2   9  14   2   1   0   7   3   0   0   4  0.31 0.26
   26 K   -2  4 -3 -1 -5  4  1 -3 -1 -5 -3  4 -4 -5 -4 -2 -1 -5 -4 -4    3  24   1   3   0  18   9   2   2   1   2  25   0   0   1   3   3   0   1   1  0.82 0.47
   27 E    2  3 -1 -1 -3  2  1 -2  1 -2  0  1 -1 -1 -3  0 -2 -2 -1 -2   20  14   2   3   1   9   8   2   4   2   9   8   1   3   1   7   1   1   2   2  0.23 0.20
   28 I    2  0 -1 -2 -1 -1 -1  2  1 -1  0 -1 -1 -1 -1  0 -1 -2  0 -1   20   5   2   2   1   2   3  18   3   4  10   4   1   3   2   8   3   1   3   4  0.14 0.10
   29 K    0  2 -1  0 -1  1  0  0  2 -2 -2  1 -2 -2  3  0 -1 -2 -2 -1    9  13   3   5   1   5   6   8   5   3   5  10   1   1  12   5   3   0   1   4  0.16 0.10
   30 E    1  1  0  1 -2  1  2  0 -1 -1 -1  1 -1 -2  0  0  0 -2 -1 -1   11   6   3   9   1   7  15   7   2   3   5   7   1   2   4   7   6   1   2   3  0.11 0.07
   31 K    1  1  0  0 -1  1  0  0  1 -1 -1  0 -1 -1  0  0  0 -2 -1 -1   16  10   4   4   1   7   6   7   3   3   6   6   2   2   4   6   7   1   2   3  0.08 0.05
   32 N    0  0  1  1 -1  0  0  2  1 -1 -1  0 -1 -1  0  0  0 -1 -1 -1    8   5   8   8   1   5   6  17   3   3   5   4   2   2   5   6   4   1   2   5  0.09 0.05
   33 L    1  0  0  0 -1  0  0  0 -1  0  0  0  0 -1  2  0  0 -1 -1  0   12   6   4   4   1   3   5   6   2   5  14   5   2   3  10   5   6   1   2   5  0.05 0.03
   34 P    0 -1  0  1 -3 -1 -1  4 -2 -3 -3 -2 -3 -3  3  0 -2 -3 -3 -2    6   3   5   9   1   2   4  34   1   1   3   3   1   1  14   5   3   0   1   3  0.50 0.25
   35 L    1 -3 -3 -3  1 -2 -2 -3 -1  2  2 -3  0  1 -1 -2 -1  1  0  2   12   1   1   2   3   1   2   2   2  13  21   2   1   6   4   2   3   2   4  16  0.24 0.15
   36 E   -1  3  0  4 -4  1  3 -4  0 -5 -5  0 -4 -5 -1  1 -1 -5 -4 -4    4  13   5  22   0   6  22   1   2   1   1   4   0   1   3  10   3   0   0   1  0.60 0.38
   37 L   -4 -7 -7 -7  1 -6 -6 -6 -7  4  0 -6 -2  1 -3 -5 -3 -2  0  6    1   0   0   0   3   0   0   0   0  20   9   0   1   5   2   1   1   1   4  52  1.34 0.65
   38 T   -2  0 -4 -1 -1 -1 -2 -6  1  0  1 -1 -2 -5 -6 -2  5 -5 -4  3    3   5   0   3   1   3   3   0   3   5  12   3   1   0   0   3  37   0   0  17  0.65 0.46
   39 L   -6 -8 -8 -9 -2 -8 -8 -8 -8  2  5 -8 -3 -5 -8 -7 -6 -8 -6  5    0   0   0   0   1   0   0   0   0   9  47   0   0   0   0   0   0   0   0  42  1.72 0.82
   40 V   -4 -7 -8 -8 -4 -7 -8 -8 -5  2  5 -7 -3  5 -8 -6 -3  1  2  1    1   0   0   0   0   0   0   0   0  12  45   0   0  21   0   0   2   2   6  10  1.27 0.63
   41 E   -8 -7 -6  1 -10 -4  8 -9 -7 -10 -10 -6 -9 -10 -8 -7 -8 -10 -9 -9    0   0   0   6   0   0  93   0   0   0   0   0   0   0   0   0   0   0   0   0  3.01 1.37
   42 A    5  2 -5 -5 -5  0 -4  0 -4 -6 -6  3 -5 -7 -2  2 -3 -7 -7 -5   43  10   0   0   0   4   1   7   0   0   0  15   0   0   2  15   1   0   0   0  0.96 0.61
   43 S    2  0  0  1 -4  0  1  1 -4 -6 -6 -2 -6 -6 -5  4 -1 -7 -6 -6   17   6   4   8   0   5  10  11   0   0   0   2   0   0   0  32   4   0   0   0  0.67 0.50
   44 P    1 -2  1  4 -4 -1  2  0  1 -6 -5 -1 -5 -7  3  2 -2 -7 -6 -5   10   2   5  25   0   2  11   7   3   0   1   4   0   0  14  13   3   0   0   1  0.60 0.42
   45 R   -2  8 -4 -4 -3  2 -1 -6  2 -6 -6 -1 -6 -6 -7 -2 -2 -8 -1 -2    3  65   1   1   1   7   4   1   4   0   1   3   0   0   0   3   2   0   2   3  1.72 0.86
   46 V    1 -6 -6 -7  0 -6 -6 -6 -5  1  4 -6 -2  1  3 -3 -1  1 -4  3   11   0   0   0   2   0   0   0   0   6  32   0   1   5  13   1   4   2   0  22  0.75 0.47
   47 G   -6 -9 -7 -8 -9 -8 -9  8 -8 -10 -10 -8 -9 -9 -9 -7 -8 -9 -9 -8    0   0   0   0   0   0   0  99   0   0   0   0   0   0   0   0   0   0   0   0  3.14 1.32
   48 G   -6 -9 -7 -8 -9 -8 -9  8 -8 -10 -10 -8 -9 -9 -9 -7 -8 -9 -9 -9    0   0   0   0   0   0   0  99   0   0   0   0   0   0   0   0   0   0   0   0  3.16 1.32
   49 K   -1 -2  2 -5  0 -1 -4 -6 -2 -1 -2  5 -2 -5 -3 -1 -1  4 -4  3    6   2   8   0   2   3   0   0   1   3   4  37   1   0   1   4   5   5   1  19  0.73 0.49
   50 I   -3 -8 -8 -8 -4 -8 -8 -8 -8  7  2 -8  2 -4 -8 -7 -4 -8 -6  3    3   0   0   0   0   0   0   0   0  56  18   0   4   1   0   0   1   0   0  18  1.75 0.79
   51 Q   -1  5 -2 -2 -3  4  0 -1  4 -2 -1  0 -2 -3 -6 -1 -2  1 -4 -3    4  31   2   2   1  16   5   6   8   3   6   5   1   1   0   4   2   2   0   2  0.63 0.43
   52 T   -4 -3 -6 -6 -6 -4 -7 -6 -7 -7 -6 -7 -7 -8 -6  4  7 -8 -8 -4    1   1   0   0   0   1   0   1   0   0   1   0   0   0   0  25  69   0   0   1  2.17 1.11
   53 V   -1  0 -3  0 -3 -1  3 -3  2  1  0 -1 -1 -1 -4  0  0 -2 -1  2    4   5   0   6   0   3  20   2   5   7   9   2   1   2   0   7   5   0   2  18  0.24 0.24
   54 K   -2  5  0 -1 -2  2  2 -5  3 -3 -3  1 -2 -3 -1  0  0 -4 -1 -2    2  29   4   4   1   8  12   0   8   1   2   7   1   1   3   6   6   0   2   4  0.54 0.39
   55 K   -1  2 -3  0 -2  1  2 -4  1  1 -1  1 -1  1 -3 -2 -1 -1 -2  2    5  12   1   6   1   6  15   1   3   7   6   8   1   7   1   3   3   1   1  13  0.20 0.21
   56 D    1 -3  2  6 -5  0  2  2 -1 -8 -6 -3 -6 -8 -4 -2 -5 -8 -7 -7   11   2   9  38   0   4  12  17   1   0   0   2   0   0   1   3   0   0   0   0  1.02 0.60
   57 G   -4 -5 -2  2 -7 -5 -1  7 -6 -9 -9 -4 -8 -9 -3 -4 -4 -8 -7 -9    1   1   2  10   0   0   4  76   0   0   0   1   0   0   2   1   1   0   0   0  2.02 0.95
   58 Y   -3 -1 -6 -8  1 -4 -5 -4  0 -3  0 -5 -2  7 -8 -4 -4  4  5 -1    3   4   0   0   3   1   1   1   3   1   9   1   1  40   0   2   1   6  20   5  1.35 0.68
   59 I   -2  0 -6 -5 -2 -1 -4 -6 -2  2  4 -5  0 -3  0 -3  1 -3 -4  3    3   6   0   0   1   4   1   0   1  10  39   0   1   1   6   1   8   0   1  18  0.66 0.43
   60 I   -1 -5 -7 -7  2 -6 -7 -7 -5  4  2 -7  3  3 -7 -6 -2  3 -1  4    4   1   0   0   4   0   0   0   0  24  17   0   6  11   0   0   2   4   2  23  0.95 0.51
   61 E   -8 -7 -6  4 -10 -5  8 -8 -7 -10 -10 -6 -9 -10 -7 -7 -7 -10 -9 -9    0   0   0  23   0   0  77   0   0   0   0   0   0   0   0   0   0   0   0   0  2.65 1.25
   62 R    1  1 -2 -2  0  0  1  1  3 -2  0  0 -1 -2 -4 -1  1  2 -1  0   11   9   1   1   3   4  11  10   7   1  11   4   2   1   0   4   8   3   2   7  0.13 0.16
   63 G   -1 -9 -7 -8 -9 -8 -8  8 -8 -10 -10 -8 -9 -9 -8 -3 -8 -9 -9 -9    5   0   0   0   0   0   0  92   0   0   0   0   0   0   0   2   0   0   0   0  2.82 1.23
   64 P    4 -9 -8 -8 -7 -7 -8 -7 -9 -8 -9 -8 -9 -10  8 -5 -6 -10 -9 -6   28   0   0   0   0   0   0   0   0   0   0   0   0   0  70   1   0   0   0   1  2.65 1.27
   65 D   -5 -1  6  6 -6 -1  2 -6  1 -8 -7 -5 -8 -6 -7 -2 -4 -9 -6 -7    1   4  30  42   0   2  12   0   3   0   1   0   0   0   0   3   1   0   0   0  1.59 0.82
   66 S    2 -6 -1 -6  0 -5 -6  2 -6 -6 -6 -6  1 -6 -6  6  2 -5 -7 -5   16   0   3   0   2   0   0  12   0   0   1   0   3   0   0  48  14   0   0   1  1.20 0.75
   67 F   -4 -7 -8 -7 -1 -7 -8 -4 -7  2  2 -7  3  7 -8 -5 -4  1  0  1    1   0   0   0   1   0   0   2   0   9  17   0   6  48   0   1   1   2   3   9  1.50 0.71
   68 L   -3  0 -4 -6 -6  0 -5 -6 -1  2  5 -5  2 -1 -5 -4 -2 -5 -2  1    2   5   1   0   0   5   0   0   2   9  52   0   5   2   1   1   2   0   1  10  0.89 0.52
   69 E    2 -1  0  1 -2 -2 -1 -1 -3 -2  0 -3 -1 -4  1  1  3 -3 -3  0   21   3   4   9   1   1   4   4   0   2   8   1   1   0   6   8  17   0   1   6  0.25 0.26
   70 R   -1  5  2 -2 -5  0 -1 -1  1 -4 -4  0 -2 -2 -3  2  1 -4 -2 -3    5  31  10   2   0   4   4   5   3   1   1   4   1   2   1  13   9   0   2   1  0.54 0.40
   71 K   -1  2  1  1 -4 -1  0 -1  1 -5 -4  4 -3 -6 -1  0  0 -6 -2 -1    6  12   6   8   0   2   5   5   3   0   1  29   0   0   3   7   5   0   1   6  0.44 0.34
   72 K   -1 -2 -4 -2 -8 -1 -1 -1 -4 -6 -5 -1 -5 -7  8 -2 -1 -6 -7 -5    6   3   1   3   0   3   5   4   0   0   2   4   0   0  62   3   3   0   0   1  1.65 0.87
   73 S    3 -2 -2  1 -3 -1  4 -1  2 -3 -2 -2 -4 -3 -2  0 -2  6 -2 -3   21   2   2   7   0   2  24   5   4   1   4   2   0   1   2   7   2  11   1   2  0.55 0.41
   74 A    4 -5 -5 -4 -4 -4 -5  1 -6  2  1 -5  3 -1 -3 -3  2 -5 -5  2   31   0   0   1   0   0   0   9   0  10  12   0   7   2   1   1  12   0   0  14  0.61 0.43
   75 P    0  1 -3 -2 -2 -2 -1 -3 -2  1  3 -1  2 -1 -3 -2  0  1 -2  2    6   8   1   3   1   2   5   2   1   8  29   3   5   2   1   2   6   2   1  12  0.24 0.21
   76 Q    1  2 -1  3 -7  3  4 -2 -1 -7 -4  0 -4 -6 -4 -1 -1 -4 -5 -5   12   9   3  17   0  13  25   3   1   0   1   5   0   0   1   5   4   0   0   0  0.63 0.45
   77 L   -5 -7 -9 -8 -5 -6 -8 -9 -5 -2  7 -8  2  2 -9 -8 -4  0 -5 -2    1   0   0   0   0   0   0   0   0   2  80   0   4   7   0   0   1   1   0   2  1.95 0.92
   78 V    2 -6 -7 -6  7 -6 -6 -6 -7  4  1 -7 -1  1 -7 -3 -4 -7 -6  3   19   0   0   0  22   0   0   0   0  20  12   0   1   5   0   2   1   0   0  17  1.12 0.59
   79 K    0  4 -1  2 -3  1  3 -3  2 -5 -4  2 -4 -6 -5 -1 -1 -7 -5 -3    9  23   2  12   1   6  18   1   4   0   1  11   0   0   0   5   4   0   0   2  0.60 0.42
   80 D    1  2 -4  4 -7  0  5 -3 -1 -6 -5 -1 -4 -8 -6 -1 -3 -5 -5 -6   10  11   0  19   0   3  40   2   1   0   2   3   0   0   0   4   1   0   0   0  1.03 0.63
   81 L   -2 -6 -7 -8 -2 -6 -8 -8 -6  0  6 -7 -2 -5 -6 -3 -3 -7 -4  1    4   0   0   0   1   0   0   0   0   5  74   0   1   0   0   2   2   0   0   9  1.62 0.80
   82 G   -4 -4 -1  0 -9 -2 -3  7 -5 -9 -8 -3 -8 -9 -8 -4 -7 -9 -9 -9    1   1   3   6   0   2   2  80   0   0   0   2   0   0   0   1   0   0   0   0  2.18 1.02
   83 L   -4 -8 -9 -5 -2 -6 -8 -9 -8  3  6 -7  1 -2 -8 -8 -6 -7 -5 -1    1   0   0   1   1   0   0   0   0  14  74   0   3   1   0   0   0   0   0   4  1.82 0.86
   84 E    2 -1 -2  2 -5  1  4  2 -2 -5 -5 -1 -5 -5 -4  1  0 -3 -5 -4   14   4   1   9   0   6  27  13   1   1   1   3   0   0   1  11   5   0   0   1  0.53 0.41
   85 H    0 -3  1  5 -5 -2  2  1  1 -6 -4 -2 -4 -6  1  1 -3 -7 -6 -4    7   1   5  36   0   2  12   9   3   0   2   2   0   0   8   9   1   0   0   1  0.76 0.49
   86 L   -2  3 -4  2 -3  4  5 -5  0 -5 -2  0 -4 -6 -6 -2 -2 -7 -5 -4    4  15   1  10   1  19  30   1   2   1   5   4   0   0   0   3   2   0   0   1  0.84 0.55
   87 L   -3 -1 -7 -7 -3 -3 -4 -7 -5  3  5 -3  2 -2 -3 -6 -3 -2 -3  3    2   4   0   0   0   1   1   0   0  13  48   2   4   2   2   0   2   1   1  17  0.96 0.53
   88 V    1 -2 -7 -6 -4 -2 -5 -6 -4  4  0 -5 -1 -4 -4 -4  0 -7 -5  5   13   2   0   0   0   2   0   1   0  24  10   0   1   0   1   1   7   0   0  36  0.94 0.54
   89 N    1  1  3  0 -4 -1  0  0  3 -6 -5 -2 -5 -2  2  2  0 -4  0 -4   11   7  16   5   0   2   5   7   7   0   1   1   0   2  10  15   5   0   3   1  0.41 0.34
   90 N    0 -4  1  2 -7 -2 -1 -5 -6 -5 -6 -2 -6 -8  7  0  1 -9 -7 -4    9   1   6  10   0   2   4   1   0   1   0   2   0   0  46   7   9   0   0   1  1.25 0.73
   91 A    3  1  1  0 -4  0  2 -1 -1 -4 -3 -1 -4 -5  0  1  0 -6 -5 -2   28   7   6   5   0   4  12   4   2   1   3   3   0   0   4  12   6   0   0   3  0.36 0.32
   92 T    4 -1  0 -2 -4 -1 -1 -1  0 -4 -4 -2 -4 -3  2  2  2 -7 -3 -1   32   4   4   2   0   3   4   4   3   0   1   2   0   1   9  14  13   0   1   4  0.50 0.41
   93 G    1  4  0 -2 -4  0 -1  2  0 -5 -3  3 -4 -4 -4  0 -1 -6 -4 -3   10  24   4   2   0   4   3  14   2   0   3  17   0   1   0   7   4   0   0   2  0.51 0.37
   94 Q   -1  4  1 -3 -5  2 -2  0  1 -3 -5  4 -5 -5  1  0  0 -5 -4 -4    4  20   7   1   0   8   2   9   4   2   1  21   0   0   7   7   5   0   0   1  0.53 0.39
   95 S    3  6 -4 -7 -7 -4 -5 -6 -4 -4 -5 -3 -4 -2 -1  1  2 -8 -5 -2   22  45   1   0   0   0   0   0   0   1   1   1   0   2   3  10  11   0   0   3  1.20 0.71
   96 Y   -1 -2 -6 -6 -5 -2 -6 -4  0 -6 -1 -4 -1  6 -8 -1 -5  3  7 -6    5   2   0   0   0   2   1   2   2   0   7   1   2  28   0   5   1   3  38   0  1.56 0.79
   97 V   -5 -5 -9 -9 -7 -8 -9 -9 -9  6  2 -8 -2 -4 -8 -6 -5 -8 -6  5    0   1   0   0   0   0   0   0   0  44  19   0   1   1   0   0   0   0   0  33  1.75 0.81
   98 L   -1 -2 -7 -8 -2 -4 -6 -6 -2 -2  3 -6 -2  2 -8 -5 -6  7  5  3    6   2   0   0   1   1   0   0   1   1  26   0   1   7   0   1   0  15  18  19  1.13 0.61
   99 V   -2  4 -2 -3  0 -2 -4 -5  4 -2 -1  2 -2 -2 -6  1  0  3 -1  0    4  25   2   1   2   2   0   1  10   3   6  11   1   2   0  11   7   5   2   7  0.52 0.38
  100 N   -2  4  4  3 -7  0  0  2  2 -7 -6  1 -6 -5 -5 -2 -4 -7 -4 -6    3  19  18  18   0   4   5  16   5   0   0   7   0   0   0   2   1   0   1   0  0.79 0.50
  101 R   -4  0  1  0 -8 -2 -3  7 -2 -8 -8 -2 -8 -8 -7 -3 -6 -8 -8 -8    1   5   7   6   0   2   2  71   1   0   0   3   0   0   0   2   0   0   0   0  1.79 0.87
  102 T    0  6 -3 -4 -4  2  0 -1  0 -5 -6  4 -5 -6 -6 -3 -1 -5 -5 -4    9  34   1   1   0   9   7   6   2   1   0  23   0   0   0   2   3   0   0   1  0.96 0.57
  103 L   -4 -3 -6 -7 -6 -5 -7 -7 -5 -1  6 -6  1  0  0 -6 -5 -1 -1 -2    1   2   0   0   0   0   0   0   0   3  74   0   3   3   6   0   1   1   2   2  1.57 0.76
  104 H   -4  4 -2 -5 -1  1 -1 -6  8 -1 -2 -2 -2 -2 -6 -4 -2 -2  2  2    1  20   1   1   1   7   4   1  29   4   4   2   1   2   0   1   2   1   6  13  1.02 0.55
  105 P    2  2 -5 -3 -4 -1  0 -4 -3 -5 -4  0 -5 -4  6 -1 -3 -6 -6 -4   18   9   0   2   0   3   6   1   1   1   2   6   0   1  42   4   2   0   0   1  1.09 0.62
  106 M   -3 -5 -5 -5 -4 -5 -5 -5 -5  3  5 -4  4  0 -5 -4 -2 -4 -3  2    2   1   1   1   0   1   1   1   0  15  45   1   9   3   1   1   2   0   1  13  0.97 0.46
  107 P   -5 -5 -5 -5 -6 -5 -4 -5 -3 -6 -5 -4 -5 -6  9 -4 -4 -6 -6 -5    1   1   1   1   0   1   1   1   1   1   1   1   0   1  84   2   1   0   0   1  2.78 1.13
  108 K    1  0 -1  1 -3  1  2 -1 -1 -3 -2  0  0 -3  1  1  0 -3 -2 -3   14   6   3   9   1   5  16   4   1   1   4   6   3   1   7  11   5   0   1   2  0.20 0.16
  109 G   -2 -2  0 -1 -3 -2 -2  6 -1 -4 -3 -3 -3 -3 -1  0 -3 -3 -3 -3    3   3   4   4   1   2   2  57   2   1   3   2   1   1   4   7   2   0   1   2  1.06 0.44
  110 A   -1 -2 -1 -2 -2 -1 -2 -2  0 -1  2 -2  2  3  2  0  1 -2 -1  0    5   2   3   2   1   2   2   3   3   3  19   2   5  13   9   7  11   1   1   6  0.20 0.14
  111 V    0 -1 -1 -2 -2  0 -2 -1 -1  0  1 -1  2  0 -1 -1 -1 -1  1  2    7   4   3   2   1   4   2   5   1   5  16   2   6   4   3   6   4   1   4  19  0.11 0.09
  112 M   -1 -1 -2 -2 -2 -1 -2  0 -2 -1  3 -2  5  1 -1 -1 -1 -2 -2  0    5   3   2   2   1   3   3   7   1   3  28   3  16   6   3   6   4   1   1   5  0.34 0.19
  113 G    0 -3 -2 -2 -2 -2 -2  4 -2 -1  1 -2  4 -1 -2 -2 -1 -3 -3 -1    7   2   2   2   1   2   3  34   1   4  14   2   9   3   2   3   4   0   1   4  0.46 0.23
  114 I    1 -2 -3 -3 -3 -3 -3 -1 -3  4  0 -3 -1 -1 -3 -2 -2 -3 -3  4   13   2   1   2   0   1   2   4   1  22   9   2   1   2   1   3   2   0   1  30  0.55 0.27
  115 P   -2 -3 -3 -4 -4 -3 -3 -3 -3 -4 -3 -3 -4 -2  8 -2 -2 -4 -3 -3    4   1   1   1   1   1   2   2   1   1   3   2   1   2  68   3   3   0   1   2  1.87 0.72
  116 T    0  0 -2 -3 -3 -2 -2  1 -2 -2  0 -2  2 -2 -2  2  4 -3 -3 -1    9   4   2   2   0   2   2   9   1   2   8   2   6   2   2  14  29   0   1   3  0.40 0.28
  117 K   -2  3  1  3 -4  0  0 -2  0 -4 -4  2 -3 -4 -1  3  0 -4 -3 -4    3  16   7  14   0   4   4   2   2   1   2  11   1   1   3  21   6   0   1   1  0.45 0.31
  118 I   -1 -3 -5 -5 -5 -4 -3 -5 -5  2  3 -4  0  1  5 -4 -3  2 -4  1    5   2   0   1   0   1   2   1   0  12  25   1   2   6  28   1   1   3   0   9  0.75 0.43
  119 A    0  0 -2  0 -2 -1  0  1 -2 -1  0  0  1  0  0  0 -1  5 -2 -1    8   6   1   5   1   2   6  13   1   3  10   6   3   4   6   7   4   8   1   4  0.13 0.13
  120 P    3 -2 -3  0 -3 -1  0  0 -4 -6 -5 -1 -5 -6  5  3 -2 -5 -6 -4   22   2   1   6   1   3   7   6   0   0   1   3   0   0  26  18   2   0   0   1  0.74 0.49
  121 F   -2 -6 -6 -6 -4 -5 -6 -5 -6  1  4 -5  2  7 -3 -5 -4 -3 -2  0    4   0   0   0   0   1   0   1   0   6  34   1   4  36   1   1   1   0   1   7  1.23 0.58
  122 V    2 -1 -5 -6 -5 -4 -3 -5 -4  1  4 -4  2  2 -3 -4 -3  2 -3  1   16   3   1   0   0   1   2   1   0   8  38   1   4   9   2   1   1   3   1  10  0.65 0.38
  123 S    1  4 -3 -2 -3  0 -2 -1 -3 -3 -2  2 -2  0 -4  1  3 -3 -4 -3   12  20   1   2   1   3   2   4   1   1   4  13   1   4   1   9  20   0   0   2  0.46 0.34
  124 T   -2 -5 -1 -4 -3 -4 -4 -3 -4 -5 -5 -5 -3 -2 -4  6  5  0 -4 -4    4   1   2   1   1   1   1   2   0   1   1   1   1   2   1  47  31   2   1   1  1.34 0.77
  125 G   -3  2  0  2 -7 -2 -2  3 -3 -7 -6  0 -6 -7  5  1 -1 -7 -7 -6    2  10   4   9   0   2   3  19   1   0   1   5   0   0  31  10   3   0   0   1  0.86 0.53
  126 L   -3 -5 -6 -5 -5 -5 -7 -6 -5  2  6 -7 -1  0 -6 -5 -4 -3 -2  1    3   1   0   1   0   0   0   1   0  10  66   0   1   4   0   1   1   0   2   8  1.38 0.68
  127 F   -5 -6 -6 -7 -5 -7 -7 -7 -7  2  5 -7  1  5 -6 -6 -6  2 -3  1    1   0   0   0   0   0   0   0   0   9  55   0   2  19   0   0   0   3   1   8  1.41 0.68
  128 S   -4 -6 -3 -2 -7 -6 -5 -1 -4 -7 -8 -5 -7 -8  0  7  1 -5 -7 -7    1   0   1   2   0   0   0   6   0   0   0   0   0   0   4  74   9   0   0   0  1.92 1.01
  129 L    0 -1 -4 -2 -4 -4 -1 -3 -5 -1  2 -4 -2  1  4 -4 -1  8 -4 -1    8   4   1   3   0   1   4   3   0   4  16   1   1   7  20   1   4  18   0   4  0.78 0.48
  130 S    1  3 -2 -1 -3 -1  0  0 -1 -2  0  1 -3 -2  2  1 -1  3 -3 -4   13  18   1   3   0   2   5   8   1   2   8   8   0   2  11   9   3   4   1   1  0.28 0.26
  131 G    3 -6 -6 -1 -6 -4 -1  6 -5 -6 -6 -6 -5 -6 -6 -1  0 -8 -7 -5   20   0   0   3   0   1   4  59   0   0   1   0   0   0   0   4   5   0   0   1  1.48 0.76
  132 K   -2  2 -6 -5 -7 -4 -5 -6 -5 -3  0  7 -2 -7 -6 -5 -4 -1 -7 -1    3   8   0   1   0   0   0   1   0   2   9  67   1   0   0   1   1   1   0   4  1.75 0.87
  133 A    2 -1 -6 -5  0 -3 -3 -5 -4  1  5 -3  1  1 -4 -4 -4  2 -3  0   16   4   0   1   2   1   2   1   0   7  46   1   4   5   1   1   1   2   1   5  0.74 0.44
  134 R   -1  8 -5 -5 -5 -3 -4 -4 -4 -5 -6 -1 -5 -5 -7 -3 -5 -8 -6 -7    6  79   1   1   0   1   1   2   0   1   1   3   0   1   0   2   1   0   0   0  2.35 1.07
  135 A    4 -6 -7 -6 -3 -6 -5 -4 -7  2  3 -5  5 -2 -5 -4 -3 -7 -5  2   31   0   0   0   0   0   0   1   0  11  25   0  13   1   1   1   1   0   0  12  0.96 0.55
  136 A    3 -2 -6 -3 -1 -4 -4  1 -6 -2  4 -5  1  1 -4 -3 -3 -2 -3 -2   25   3   0   1   1   1   1  10   0   2  40   0   3   5   1   2   1   1   1   2  0.73 0.47
  137 M    2  2 -3 -3  1 -1 -2  1 -4 -3  2  0  3 -1 -5 -1 -1  1 -3 -2   16  10   1   1   3   3   2   9   0   1  24   7   8   2   0   4   4   2   1   2  0.29 0.26
  138 D   -7 -6 -5  5 -10 -5  7 -1 -7 -9 -8 -6 -4 -9 -5 -6 -7 -9 -9 -9    0   0   0  27   0   0  65   5   0   0   0   0   1   0   1   0   0   0   0   0  2.23 1.09
  139 F   -1  0 -7 -5 -5 -4 -5 -4 -4 -1  3 -4 -2  1  6 -4 -4  0  0 -1    5   6   0   0   0   1   1   1   0   3  25   1   1   6  39   1   1   2   3   5  1.02 0.60
  140 I   -3 -4 -4 -2 -3 -5 -3 -5 -5  1  2 -5 -3  7 -6 -3 -2  4 -3  1    2   1   1   3   1   0   2   1   0   6  19   1   0  41   0   2   3   5   0  11  1.13 0.58
  141 L   -1  2 -3 -5 -4 -2 -4 -4 -3  4  2 -1  0 -1 -3 -3 -1 -1 -4  3    6  10   1   0   0   2   1   1   1  22  21   3   2   2   1   2   3   1   0  19  0.52 0.32
  142 P   -1  2 -4 -3 -6 -4 -4 -1 -2 -6 -6  1 -5 -5  7 -1 -2 -4 -5 -4    6  11   1   2   0   1   1   4   1   0   1   8   0   1  53   5   2   0   0   1  1.42 0.73
  143 A    2  4 -2 -3 -3 -1 -3 -1 -2 -4 -4  3 -4 -4  4 -1 -2 -3 -4 -2   15  21   2   2   1   2   1   5   1   1   2  14   0   1  21   5   2   0   0   3  0.64 0.42
  144 S    0  5 -2 -2 -3 -1 -2  1  0 -4 -2  2 -3 -5  1  1  0  1 -2 -3    6  30   2   3   0   2   2  11   2   1   4  10   1   0   6   9   5   2   1   2  0.47 0.34
  145 K    0  3 -2 -1 -6  0  0  1 -1 -3 -3  3 -2 -5  3  0  0 -3 -4 -2    6  17   1   4   0   3   6  11   1   2   3  15   1   0  15   6   5   0   0   2  0.40 0.31
  146 T    0 -1  0  2 -3 -1  0  1  0 -1 -1 -2 -2 -1  3  1  0 -4 -3  0    8   3   4  12   0   2   6  11   2   4   6   2   1   2  13  10   5   0   1   6  0.17 0.16
  147 K    0 -1  1  4 -1 -1  1  2  0 -4 -3 -1 -3 -4  1  0  1 -6 -5 -2    7   4   6  20   1   2  11  14   2   1   3   4   0   1   7   5   9   0   0   2  0.33 0.27
  148 D    1  0 -1  2 -5  0  3  3  1 -4 -4  0 -3 -4  1  0  0 -6 -3 -3    9   4   2  10   0   3  18  20   4   1   1   4   0   1   7   6   6   0   1   2  0.37 0.30
  149 D   -5 -7 -1  8 -8 -4  3 -6 -3 -7 -7 -5 -6 -8 -4 -5 -3 -8 -7 -6    1   0   3  69   0   1  19   0   1   0   1   0   0   0   1   1   2   0   0   1  2.18 0.99
  150 Q   -3 -3 -6 -2 -5 -1  7 -6 -5 -1 -4 -4 -2 -8 -2 -4 -3 -8 -7  1    2   2   0   2   0   3  68   1   0   3   2   0   1   0   3   1   2   0   0   8  1.65 0.87
  151 S   -1 -7 -4 -5 -3 -7 -7 -6 -8 -8 -8 -7 -8 -9 -1  7  4 -9 -8 -8    5   0   1   1   0   0   0   0   0   0   0   0   0   0   4  68  21   0   0   0  1.99 1.06
  152 L   -4 -8 -9 -9 -5 -8 -8 -9 -9  4  4 -8 -1 -2 -8 -8 -6 -8 -7  6    2   0   0   0   0   0   0   0   0  20  32   0   1   1   0   0   0   0   0  44  1.63 0.77
  153 G    5 -2 -6 -3 -7 -3  0  4  0 -6 -6 -3 -7 -2 -7  0 -4 -1  1 -6   37   3   0   2   0   1   6  32   3   0   0   2   0   2   0   6   1   1   5   0  1.02 0.61
  154 E    2 -2 -2  4 -4  1  3 -2  1 -7 -5 -3 -4 -7 -3  3 -1 -6 -4 -6   16   2   2  21   0   7  18   4   4   0   1   1   0   0   1  19   3   0   1   0  0.68 0.48
  155 F   -5 -10 -10 -10 -9 -10 -9 -10 -5 -4  1 -10 -1  9 -10 -9 -5  1  0 -3    1   0   0   0   0   0   0   0   0   1  12   0   1  78   0   0   1   2   3   2  2.83 1.18
  156 F    1 -7 -8 -8 -2 -7 -7 -3 -7  3  1 -7 -1  3 -7 -4 -2 -7 -5  5   13   0   0   0   1   0   0   3   0  13  13   0   2  13   0   1   2   0   0  40  1.04 0.57
  157 R    0  6 -3 -5 -1  0  1 -1 -3 -3 -4  0 -5 -7 -6  0  1 -7 -4 -2    9  41   1   0   1   4   9   4   1   1   2   4   0   0   0   7  10   0   1   4  0.86 0.55
  158 R   -2  8 -5 -3 -10 -3 -1 -4 -1 -10 -8 -2 -8 -9 -6 -2 -5 -4 -3 -9    3  77   1   2   0   1   4   2   2   0   0   2   0   0   1   4   1   0   1   0  2.30 1.08
  159 R   -8  9 -4 -9 -3 -5 -7 -9  4 -6 -9 -3 -9 -5 -9 -8 -8 -4 -5 -8    0  87   1   0   1   0   0   0   8   0   0   1   0   1   0   0   0   0   0   0  3.03 1.33
  160 V   -5 -8 -9 -10 -6 -8 -9 -9 -8  0  5 -9  1  7 -9 -7 -6 -1 -1 -1    1   0   0   0   0   0   0   0   0   5  47   0   3  38   0   0   0   1   2   4  1.81 0.84
  161 G   -7 -10 -4 -9 -5 -9 -9  8 -9 -11 -11 -9 -10 -11 -10 -4 -6 -10 -10 -11    0   0   1   0   0   0   0  97   0   0   0   0   0   0   0   2   1   0   0   0  3.10 1.34
  162 D    0  4  0  2 -4  1  1 -3  0 -6 -5  2 -4 -6  2  0 -1 -4 -4 -4    7  25   4  12   0   6   7   2   3   0   1  11   0   0   9   6   3   0   1   1  0.55 0.40
  163 E   -1 -2 -5 -2 -7  1  7 -2 -3 -10 -7 -4 -8 -10 -6 -3 -6 -9 -6 -6    5   2   1   2   0   5  75   4   1   0   1   1   0   0   0   2   0   0   0   1  2.03 1.05
  164 V    3 -7 -6 -8 -2 -6 -7 -5 -7  1  0 -7  2  3 -4 -5 -2  0 -3  5   24   0   0   0   1   0   0   1   0   8   8   0   4  12   1   0   2   1   1  36  1.00 0.57
  165 V    2 -5 -6 -7 -3 -5 -6 -6  0 -3  4 -5 -1  2 -7 -2  0 -3  1  4   17   1   0   0   1   0   0   0   2   0  31   0   1   8   0   3   6   0   5  23  0.75 0.48
  166 E   -2  0 -1  6 -9  0  5 -6 -2 -9 -7 -2 -4 -7 -5 -3 -2 -9 -5 -6    4   5   3  39   0   4  33   1   1   0   0   2   0   0   1   2   2   0   0   1  1.37 0.76
  167 N   -3  6  1 -5 -8 -1 -4 -4  1 -2 -3  2 -3 -3 -7 -4 -1  1  5 -2    2  37   7   1   0   2   1   1   3   2   3  10   1   1   0   1   4   2  16   4  0.96 0.57
  168 L    1 -7 -8 -8 -4 -3 -7 -5 -5  3  5 -7  2  2 -7 -5 -5 -5 -3  1   13   0   0   0   0   1   0   1   0  14  47   0   4   7   0   1   0   0   1   9  1.06 0.57
  169 I    3 -8 -8 -7 -3 -7 -8 -4 -8  4  0 -7  0 -1 -7 -6 -3 -8 -4  5   21   0   0   0   1   0   0   2   0  24   8   0   2   2   0   0   1   0   1  39  1.24 0.65
  170 E    0 -5  1  6 -9  3  4  0 -4 -9 -8 -4 -8 -9 -7 -2 -5 -9 -8 -6    7   1   7  36   0  11  28   6   0   0   0   1   0   0   0   3   0   0   0   1  1.29 0.74
  171 P    0 -10 -7 -9 -5 -9 -9 -9 -10 -10 -8 -9 -10 -11  9 -4 -5 -11 -10 -7    8   0   0   0   0   0   0   0   0   0   0   0   0   0  88   2   1   0   0   0  3.20 1.47
  172 L   -5 -8 -9 -10 -8 -8 -9 -9 -8 -1  5 -8  6  5 -9 -8 -7 -2 -2 -1    1   0   0   0   0   0   0   0   0   3  47   0  18  24   0   0   0   1   1   5  1.75 0.84
  173 L   -2 -8 -8 -9  1 -5 -8 -9 -8  3  4 -8  2 -2 -8 -5 -3 -8 -5  5    4   0   0   0   2   1   0   0   0  14  32   0   4   2   0   1   1   0   0  40  1.33 0.67
  174 S    4 -2 -4 -7 -3 -5 -5  4 -3 -6 -4 -4 -5 -8 -7  4  0 -8 -8 -5   27   2   1   0   1   0   0  29   1   0   2   1   0   0   0  29   5   0   0   0  1.11 0.68
  175 G   -4 -7 -5 -7 -5 -9 -8  8 -7 -11 -11 -7 -10 -10 -9 -1 -5 -10 -10 -10    1   0   1   0   0   0   0  92   0   0   0   0   0   0   0   4   1   0   0   0  2.82 1.25
  176 I   -6 -7 -7 -9 -8 -9 -9 -8 -6  7 -2 -9 -2 -5 -6 -6  0 -9 -8  5    1   0   0   0   0   0   0   0   0  56   4   0   1   0   0   0   5   0   0  31  2.03 0.94
  177 Y   -6 -6  0 -10 -2 -7 -9 -10  5 -7 -4 -9 -6  4 -10 -4 -5  1  9 -7    1   0   4   0   1   0   0   0  10   0   2   0   0  15   0   2   1   2  61   0  2.53 1.18
  178 A    6 -8 -3 -8 -4 -7 -7  2 -8 -8 -6 -7 -2 -9 -6  0  1 -9 -8 -3   67   0   1   0   0   0   0  13   0   0   1   0   1   0   0   7   7   0   0   2  1.68 0.93
  179 G    2 -9 -5 -7 -2 -7 -9  7 -9 -8 -10 -8 -6 -10 -9 -1 -3 -9 -10 -7   16   0   0   0   1   0   0  74   0   0   0   0   0   0   0   6   2   0   0   0  2.18 1.07
  180 D   -6  1  2  8 -7 -5 -2 -7  0 -8 -8 -5 -7 -9 -4 -1 -4 -11 -8 -6    1   7   9  69   0   0   2   0   2   0   0   1   0   0   1   4   1   0   0   1  2.08 1.04
  181 I    3 -8 -8 -7 -2 -7 -6 -5 -6  2 -2 -7 -4 -6  6 -2  0 -9 -7  1   20   0   0   0   1   0   0   1   0  11   4   0   1   0  43   4   6   0   0   8  1.31 0.77
  182 D   -1  2  0  5 -6  0  4 -3  1 -8 -6 -1 -4 -4 -6  0 -2 -4  0 -6    6   9   4  28   0   3  26   2   3   0   0   4   1   1   0   6   2   0   3   1  0.83 0.55
  183 K   -1  5 -1  0 -4  3  2 -4  1 -6 -3  3 -3 -7 -5 -2  0 -5 -4 -4    4  25   3   5   1  12  13   1   3   0   3  18   1   0   0   3   5   0   1   1  0.73 0.50
  184 L   -4 -9 -10 -10 -8 -3 -9 -10 -9  0  6 -9  4 -2 -9 -6 -5 -8 -6 -3    2   0   0   0   0   1   0   0   0   5  78   0   9   2   0   1   1   0   0   2  2.04 0.99
  185 S   -4 -7 -3 -3 -2 -6 -3 -1 -5 -5 -4 -7 -7 -10 -8  7 -4 -10 -9 -4    1   0   1   1   1   0   2   4   0   1   2   0   0   0   0  83   1   0   0   2  2.22 1.21
  186 L    2 -7 -8 -8 -3 -7 -8 -8 -8  2  4 -6  5 -2 -5 -5 -2 -7 -7  3   14   0   0   0   1   0   0   0   0  11  38   0  14   1   1   1   3   0   0  17  1.14 0.63
  187 M    2  5 -1  0 -4  3  1 -3 -1 -7 -2  2 -1 -6 -2 -2 -3 -2 -5 -5   15  28   2   5   0  14   8   2   2   0   4  11   2   0   2   3   1   1   0   0  0.67 0.48
  188 S    6 -6 -4 -5 -3 -4 -3 -4  3 -6 -5 -5 -4 -3 -7  3 -3 -4  0 -3   55   0   1   1   1   1   2   2   7   0   1   1   1   1   0  20   2   0   4   2  1.31 0.79
  189 T    4 -7 -5 -7  4 -7 -5 -3 -8 -3 -2 -6  0 -6 -7 -2  5 -8 -7  1   31   0   1   0   8   0   1   2   0   1   4   0   2   0   0   3  36   0   0  10  1.21 0.73
  190 F    0 -8 -6 -9 -4 -6 -7 -7 -7 -2  2 -8  4  8 -7 -6 -3 -4  0 -1    7   0   0   0   0   0   0   0   0   2  16   0   9  52   0   1   2   0   3   5  1.75 0.85
  191 P   -3 -5 -7 -7 -11 -7 -5 -4 -6 -11 -9 -2 -10 -11  9 -4 -6 -11 -11 -10    3   1   0   0   0   0   1   2   0   0   0   2   0   0  88   2   1   0   0   0  3.11 1.49
  192 Q    0  4 -2 -3 -6  5 -1 -3  1 -4 -3  3  1 -2 -3 -2 -3 -3 -2 -3    8  24   2   2   0  22   4   2   4   1   3  14   3   2   2   3   2   0   1   2  0.68 0.48
  193 F   -5 -8 -9 -9 -7 -8 -9 -9 -5  2  5 -8  3  5 -9 -8 -7  0 -1  0    1   0   0   0   0   0   0   0   0  10  50   0   5  23   0   0   0   1   2   7  1.55 0.77
  194 Y    2  1 -4 -3 -4 -2 -3 -4  2 -2  1  0 -3  0 -4 -3 -1  5  3  2   17   9   0   2   0   2   1   1   5   2  13   5   1   4   1   2   3   8  10  14  0.42 0.33
  195 Q    3  1  0  2 -6  2  4 -2 -3 -6 -5 -1 -4 -7 -4 -2 -1 -6 -5 -4   23   7   5  10   0  10  29   3   1   0   1   4   0   0   1   2   3   0   0   1  0.73 0.52
  196 T    2 -3 -5 -6 -5 -5 -6 -6 -4  0  4 -6  6 -1 -6 -5 -4  3  0 -2   17   2   1   1   0   0   0   0   0   4  40   0  21   2   0   1   1   4   3   3  1.14 0.65
  197 E    1 -5 -6 -3 -4 -3  7 -5 -5 -6 -2 -4 -4 -8 -6 -4 -6 -4 -5 -3   11   1   0   1   0   1  74   1   0   1   4   1   0   0   0   1   0   0   0   2  2.00 1.06
  198 Q    0  5 -2 -2 -4  5  1 -4 -1 -7 -4  2 -4 -7 -5 -1 -2 -8 -6 -5    7  32   2   2   0  23   8   1   1   0   2  12   0   0   1   4   2   0   0   1  0.99 0.62
  199 K   -1  3  0  1 -4  3  3 -3  0 -7 -4  3 -4 -6 -5 -1  0 -7 -6 -4    5  16   5   6   0  11  19   2   2   0   2  17   0   0   0   5   6   0   0   1  0.63 0.45
  200 H   -3 -2 -1 -3 -6 -2 -4  2  8 -8 -7 -5 -6  1 -3 -2 -5 -3  7 -8    3   2   3   2   0   2   1  13  33   0   0   1   0   5   2   4   1   0  29   0  1.66 0.85
  201 R   -3  4 -5 -4 -9 -6 -5  7 -3 -9 -7 -3 -8 -9 -2 -4 -5 -3 -9 -7    2  18   0   1   0   0   1  68   1   0   1   1   0   0   3   2   1   0   0   0  1.91 0.96
  202 S   -4 -3 -4 -6 -5 -7 -6  1 -6 -8 -7 -5 -8 -8 -3  7 -3 -9 -7 -7    1   2   1   0   0   0   0   9   0   0   1   1   0   0   2  82   1   0   0   0  2.24 1.19
  203 L   -3 -8 -9 -9 -7 -8 -8 -6 -8  2  6 -7  0 -1 -8 -5 -7 -3 -7  3    2   0   0   0   0   0   0   1   0  11  62   0   2   2   0   1   0   0   0  18  1.57 0.78
  204 I   -2 -5 -7 -6 -4 -6 -7 -4 -7  6  3 -7  2  1 -4 -3  1  0 -3  1    3   1   0   0   0   0   0   1   0  38  22   0   4   6   1   3   8   1   1  10  0.99 0.54
  205 L    0  6 -5 -3 -7 -3 -3 -1 -3 -2  1  4 -2 -4 -4 -3 -3  0 -3 -2    7  35   0   1   0   1   2   5   0   2  15  20   1   1   1   2   2   2   1   3  0.82 0.52
  206 G    4 -3 -5 -6 -7 -5 -6  6 -5 -8 -6 -5 -6 -6 -6 -2 -4 -3 -6 -7   26   2   1   0   0   1   1  61   0   0   1   1   0   0   0   4   1   0   0   0  1.74 0.88
  207 M    3 -4 -6 -6 -4 -2 -5 -2 -5 -1  3 -6  7  0 -5 -3 -1 -6 -6  0   22   1   0   0   0   2   1   4   0   3  26   0  23   4   1   2   4   0   0   6  0.90 0.55
  208 K   -1  4 -4 -4 -4 -1 -3 -3 -2  2  2  1  2  1 -4 -3 -3  3 -3  0    6  21   1   1   0   3   1   2   1  12  22   7   5   6   1   1   2   3   1   5  0.46 0.32
  209 K    3  4 -3 -3 -4  0 -1 -4  1 -4 -2  4 -3 -3 -3 -1 -3 -3 -4 -3   26  19   1   2   0   4   4   1   3   1   4  21   1   1   1   5   1   0   1   2  0.63 0.44
  210 T    2  2  0 -2 -4  1 -1  0  0 -2  0  1  1 -3 -3  1  0 -5 -3 -1   15  13   4   2   0   6   4   7   2   2   9   8   3   1   1  10   6   0   1   4  0.17 0.18
  211 R    1  5 -2 -4 -5  1 -3 -2 -2 -2 -1  3  2 -3  0 -2 -2 -4 -4 -3   13  30   2   1   0   6   1   4   1   2   5  15   5   1   5   3   2   0   1   2  0.62 0.41
  212 P    1  4 -2 -2 -5  0 -2 -1 -2 -4 -2  4 -2 -2  2 -1 -2 -3 -3 -3   11  23   1   2   0   3   2   5   1   1   4  21   1   2  11   5   2   0   1   1  0.53 0.36
  213 Q    2  2  0 -1 -4  2  2 -2 -1 -3 -3  2 -3 -4  1  0 -1 -4 -4 -2   18  13   4   3   0  11  11   4   1   1   3  10   0   1   7   6   4   0   0   3  0.31 0.26
  214 G    2  3 -1 -2 -3  0 -1  2 -1 -3 -2  1  0 -3  1  1 -1 -3 -3 -2   15  14   3   2   1   4   3  13   1   1   4  10   2   1   8   9   4   0   1   2  0.25 0.21
  215 S    1  3  0 -1 -3  1  0  0  0 -2 -2  2 -1 -2  1  0  0 -4 -2 -2   11  14   3   4   0   5   4   8   2   2   4  14   1   1   8   8   6   0   1   3  0.19 0.16
  216 G    2  2  0  0 -4  0 -1  2 -1 -3 -3  2 -3 -3  2  1  0 -3 -3 -2   16  10   4   5   0   4   4  13   1   2   3  11   0   1   9   9   5   0   1   3  0.22 0.19
  217 Q    1  3  0  0 -4  1  1  0  0 -3 -3  1 -2 -3  2  1  0 -4 -3 -2   12  14   4   5   0   5   8   7   2   1   3   8   1   1   9  10   6   0   1   2  0.23 0.20
  218 Q    1  1  0  0 -4  1  0  2 -2 -2 -2  1 -2 -2  2  1  0 -3 -3 -2   13   8   3   5   0   5   5  13   1   2   3  11   1   2   9   8   7   0   1   2  0.18 0.16
  219 L    1  0 -1  0 -2  0  1  1 -1 -1 -1  0  0 -1  2  1  0 -3 -1 -1   15   6   3   4   1   4   8  11   1   3   6   6   2   2   9   8   6   0   2   4  0.10 0.10
  220 T    1  0 -2 -1 -3  0 -1  0 -3 -3 -2  0 -2 -1  4  2  1 -4 -3 -2   11   4   2   4   0   3   4   8   1   2   4   6   1   2  19  15  10   0   1   3  0.31 0.25
  221 A    2  0 -2 -2 -4 -2 -1  4 -2 -4 -3  1 -1 -3  2  1  0 -4 -3 -3   16   5   2   2   0   2   3  27   1   1   2   7   1   1   9  10   7   0   1   2  0.40 0.28
  222 K    3  1 -1 -2 -3 -1 -1  1 -4 -3 -3  2 -2 -2  3  0 -1 -3 -3 -1   20   7   2   2   1   3   4  10   0   2   2  11   1   2  17   7   4   0   1   4  0.34 0.26
  223 K    0  4 -1 -2 -4  0 -1 -1 -1 -3 -4  2 -3 -3  4  0  0 -2 -3 -3    7  20   2   3   0   3   3   6   1   1   2  11   0   1  21   7   6   1   1   2  0.49 0.32
  224 Q    0  3 -1 -2 -3  0 -1  1 -1 -3 -2  2 -2 -2  1  0 -1  0  3 -2    7  15   3   2   0   4   3  11   2   2   4  12   1   2   7   7   5   1  11   2  0.25 0.20
  225 G    0 -1 -2 -3 -4 -2 -2  3 -1 -4 -4 -1 -1 -4  3  3  1 -1 -3 -4    9   4   2   1   0   2   3  24   2   1   1   4   2   1  16  18   7   1   1   1  0.52 0.35
  226 Q    0  1 -2 -3 -3  1 -2  0 -1  0  1  0  3 -3  2 -1 -1 -3 -3  2    8   8   1   1   0   7   2   7   1   5  12   5   8   1   9   5   4   0   1  14  0.17 0.17
  227 F   -4 -4 -7 -7 -7 -5 -5 -7 -5 -1  2 -6  3  8 -6 -4 -3 -5 -1 -1    1   1   0   0   0   1   1   0   0   4  20   1   6  53   0   2   2   0   1   4  1.72 0.80
  228 Q    1  0 -4 -5  1 -1 -3  0 -1  1  1 -3  2  3 -5 -2  0  1  1  2   10   5   1   0   3   3   1   7   1   7  14   1   5  11   0   2   6   2   4  15  0.24 0.20
  229 T    0 -5 -2 -7 -7 -4 -6  0 -7 -8 -5 -6 -7 -5 -6  6  4 -9 -7 -7    8   0   2   0   0   1   0   7   0   0   2   0   0   1   0  55  25   0   0   0  1.57 0.93
  230 L   -5 -7 -9 -9 -5 -8 -9 -8 -2 -2  4 -8 -2  8  1 -8 -7  1 -2 -1    1   0   0   0   0   0   0   0   1   2  32   0   1  48   8   0   0   2   1   4  1.80 0.87
  231 S   -1  5 -3  1 -6  1  0 -3 -1 -4 -4  3 -6 -6  1 -1 -2 -5 -5 -2    6  31   1   7   0   5   5   2   1   1   2  19   0   0   8   4   3   0   0   3  0.73 0.49
  232 T   -3  0  2  1 -2  0  1  5  0 -7 -6  0 -7 -7 -4 -1 -1 -3 -5 -7    2   6  10   9   1   5   7  41   2   0   1   6   0   0   1   5   3   0   0   0  0.82 0.52
  233 G   -5 -10 -8 -9 -10 -9 -10  8 -10 -11 -7 -9 -4 -7 -10 -7 -7 -10 -11 -11    1   0   0   0   0   0   0  97   0   0   1   0   1   0   0   0   0   0   0   0  3.14 1.40
  234 L   -5 -8 -4 -10 -4 -6 -6 -10 -9  0  5 -7  8 -2 -7 -6 -3 -5 -2  0    1   0   1   0   0   0   1   0   0   5  43   0  37   2   0   1   2   0   1   6  1.87 0.93
  235 Q    0  0 -3 -2 -7  5  2  3 -1 -7 -7 -2 -4 -6 -6  2 -3 -5 -4 -4    8   4   1   2   0  24  13  23   2   0   0   2   0   0   0  14   2   0   1   1  0.82 0.58
  236 T    0  2 -3 -1 -5  2  2 -3  0 -4 -5 -3  0 -6 -6  2  4 -1 -4  0    8  10   1   3   0  10  14   2   2   1   1   1   2   0   0  14  25   1   1   6  0.58 0.48
  237 L   -7 -7 -10 -10 -8 -9 -10 -10 -9  1  7 -9  1  0 -7 -8 -8 -1 -6 -1    0   0   0   0   0   0   0   0   0   6  81   0   3   4   0   0   0   1   0   3  2.10 1.00
  238 V   -1 -8 -7 -8 -2 -5 -8 -5 -8  4 -4 -7 -2 -5  4 -3  2 -5 -6  5    6   0   0   0   1   1   0   1   0  19   1   0   1   0  22   2  12   0   0  33  1.21 0.70
  239 E   -1  1  1  5 -6  1  4 -3  0 -6 -4  0 -4 -8 -5 -2 -2 -8 -5 -5    6   9   5  28   0   7  25   2   2   0   2   5   0   0   0   3   3   0   0   1  0.82 0.54
  240 E    6  3 -4 -6 -4 -1 -1 -1  0 -6 -5  0 -4 -7 -6 -1  1 -8 -6 -3   51  12   1   0   0   2   3   5   3   0   1   5   0   0   0   5   8   0   0   2  1.03 0.66
  241 I   -4 -8 -9 -10 -5 -8 -9 -6 -9  3  6 -7  2 -4 -9 -8 -4 -8 -6  0    2   0   0   0   0   0   0   1   0  12  72   0   4   1   0   0   1   0   0   6  1.84 0.90
  242 E    5  0 -4 -5 -1 -1  2 -2  0 -2 -2 -3 -4 -3 -6 -1 -1 -5 -2  2   41   5   0   0   1   2  12   3   2   2   3   1   0   1   0   5   4   0   2  14  0.67 0.49
  243 K    2  2  0  2 -4  2  3 -1 -1 -6 -5  2 -4 -7 -6  0 -1 -7 -6 -4   19  11   3  11   0   9  19   4   1   0   1  10   0   0   0   8   3   0   0   1  0.54 0.42
  244 Q    2  4 -1 -1 -4  2  1 -2  2 -4 -4  2 -3 -3 -4  1 -1 -6 -2 -2   17  22   2   3   0   8   8   3   4   1   2  10   1   1   0   9   4   0   2   3  0.46 0.36
  245 L   -3 -7 -6 -6 -2 -7 -5 -7 -4  2  6 -7  0 -2 -5 -3 -3 -4 -2  0    3   0   0   0   1   0   1   0   1  10  66   0   2   1   1   3   2   0   1   7  1.39 0.70
  246 K   -1  2 -1 -1 -3  0  0  4  1 -5 -4  1 -5 -6  4  0 -2 -6 -4 -5    5  12   3   4   1   3   7  27   3   1   1   7   0   0  17   6   3   0   0   1  0.56 0.38
  247 L    1  0  0  1 -2 -1  0  2 -1 -2 -2  0 -2 -1  2  0 -1 -2 -2 -1   12   6   3   8   1   3   7  19   2   2   3   5   1   2  10   7   4   1   1   4  0.18 0.13
  248 T    2 -1  0  2 -1 -1  2  2 -1 -3 -3 -2 -3 -3 -3  0  0 -5 -3  1   14   3   5  13   1   3  11  14   1   1   2   2   0   1   1   7   6   0   1  12  0.25 0.23
  249 K    0  3  1  1  0  0  1 -1  1 -3 -3  0 -3 -4 -2  1  2 -1 -3 -2    8  15   6   7   2   4  10   5   4   2   2   5   1   1   2  12  12   1   1   3  0.24 0.22
  250 V   -4 -4 -5 -7 -1 -5 -6 -6 -6  5  3 -6  0  0 -5 -5 -4 -4 -3  5    2   1   1   0   1   1   0   1   0  30  23   0   2   3   1   1   1   0   1  31  1.18 0.60
  251 Y   -3  6 -4 -4 -3  2 -2 -6  5 -1  0  0 -1 -2 -6 -3 -3 -1  0 -1    2  38   1   1   1   8   3   0  11   4  11   6   1   2   0   2   2   1   3   4  0.89 0.54
  252 K   -4 -1 -4 -6  2 -4 -4 -4 -3 -2  4  0 -1  0 -3 -2  4 -5  0 -1    1   4   1   0   5   1   1   2   1   2  35   7   1   3   2   3  26   0   3   3  0.69 0.47
  253 G   -1 -1  4  1 -4  0  0  5 -1 -7 -7 -2 -6 -6 -5  1 -4 -8 -7 -4    4   4  19   8   0   4   7  36   2   0   0   2   0   0   0  10   1   0   0   1  0.87 0.55
  254 T    2  0 -3 -3  3 -1 -2 -5  2 -2 -4 -2 -3 -3 -4  2  4  2 -5  1   19   5   1   2   6   3   3   1   4   2   2   3   1   1   1  13  24   3   0   9  0.53 0.42
  255 K    1  3 -2 -3 -3  0  1 -1 -1 -5 -4  2 -3 -5  4  0  1 -7 -6 -2   12  14   1   1   1   4   9   5   1   0   2  10   1   0  19   6  10   0   0   3  0.46 0.38
  256 V    1 -5 -6 -5 -2 -8 -7 -6 -9  1 -1 -7 -4 -6 -7 -6 -4 -9 -6  7   11   1   1   1   1   0   0   1   0   8   6   0   0   0   0   0   1   0   0  68  1.78 0.89
  257 T   -1  3 -1  0 -2  1  3 -4 -1 -1 -1  0 -3 -4 -4 -1  3 -4 -4  1    6  14   2   4   1   6  17   1   2   4   5   5   0   1   1   5  18   0   0   9  0.34 0.31
  258 K    2  3 -2 -2 -2  1  1  1 -1 -4 -4  0 -3 -7 -3  3 -1 -2 -4 -4   18  14   2   3   1   5   9  10   1   1   1   6   0   0   1  22   4   1   0   1  0.44 0.38
  259 L   -5 -6 -9 -7 -3 -8 -7 -8 -4  6  4 -8 -1 -3 -7 -6 -5 -8 -5  3    1   0   0   0   1   0   0   0   0  34  39   0   1   1   0   0   1   0   0  20  1.50 0.74
  260 S    1  3 -1  0 -5  1  4 -3  1 -2 -4 -1 -3 -5 -3  1  1 -4 -4 -2   10  13   3   5   0   6  24   2   3   2   2   4   1   0   1  10   9   0   1   4  0.40 0.34
  261 H   -2  6 -3 -3 -4  1 -3 -3  1 -5 -4  3 -4 -1  3 -3 -3 -1 -1 -5    4  37   1   2   1   7   1   2   4   1   2  15   0   3  14   2   2   1   2   1  0.93 0.58
  262 S    0  0  1  2 -2  1  1  1  1 -2 -2  0 -2 -4 -1  1  2 -5 -3 -1    6   6   5  10   1   6  11  10   3   2   3   5   1   0   2  12  13   0   1   4  0.20 0.20
  263 G    1 -1  0  2 -6  0  2  3  0 -5 -5 -1 -4 -4  2  0 -1  0 -4 -4   10   3   5  12   0   5  12  23   2   1   1   4   0   1   9   6   3   1   1   1  0.41 0.32
  264 S    0  0  1  3 -3  1  0  3  1 -5 -5  0 -2 -3 -1  1  0 -1 -2 -4    7   6   7  14   1   5   7  22   3   0   1   5   1   1   4   9   5   1   1   1  0.35 0.28
  265 C   -1  2 -2 -3  0  0 -3  5  0 -5 -3  0 -3 -4 -3 -1 -1  1 -3 -3    6  11   2   2   2   4   2  45   2   1   3   5   1   1   1   4   4   2   1   3  0.77 0.48
  266 Y   -3 -1 -5 -5 -6 -3 -4 -3 -1 -3 -3 -2 -4  3 -4 -3 -3 10  6 -1    2   4   1   1   0   1   1   3   1   1   3   3   0  12   1   3   2  32  23   5  1.67 0.83
  267 S   -1  4 -2 -2 -2  2  1 -4  1 -1 -1  0 -2 -1 -4  0  1  3  0  1    6  22   2   2   1   8   8   1   3   4   6   4   1   2   1   6   8   5   3   9  0.30 0.26
  268 L   -3 -2 -7 -8 -4 -5 -4 -7 -5  3  3 -4 -3 -3 -6 -4 -2  1 -3  5    3   3   0   0   0   1   2   0   0  16  26   1   0   1   0   1   2   2   1  40  1.09 0.59
  269 E   -1  1 -1  0 -2  1  1 -2  3 -1 -2 -1 -2 -2 -4  1  2 -1  0  1    6   9   2   4   1   7  11   2   6   4   4   3   1   2   1   9  13   1   3  12  0.18 0.20
  270 L   -2 -2 -2 -2  1 -3 -3 -2 -1  0  3 -4 -1  1 -2 -1  3  1  0  1    4   2   2   3   2   1   2   3   2   5  24   1   1   6   2   5  22   2   3  10  0.33 0.27
  271 D    2  0  0  3 -2  0  2  1  0 -5 -4 -1 -3 -4  0  1  0 -5 -5 -3   15   4   5  15   1   4  12  10   2   0   1   4   0   1   5  12   5   0   0   2  0.32 0.28
  272 N   -1  0  3  4 -6  0  0  3  0 -5 -5 -2 -3 -5 -3  1 -1 -1 -4 -5    6   6  12  21   0   4   7  19   2   1   1   2   1   0   1  10   5   1   0   1  0.53 0.37
  273 G   -1 -1 -2  0 -5  0 -1  6 -2 -4 -6 -1 -5 -5 -2  0 -3 -5 -6 -5    6   4   2   5   0   4   5  55   1   1   1   4   0   1   3   6   2   0   0   1  1.06 0.59
  274 V    0  1 -2  0 -4  1  4 -1  1 -2 -3  0 -3 -3 -1  0  1 -3 -2 -1    9   9   1   4   0   6  25   5   3   2   2   5   1   1   3   6   9   0   1   5  0.32 0.28
  275 T    0  2 -2  0 -2  0  2 -3 -1 -2 -3 -1 -2 -3  1  2  3 -1 -3  0    7  10   1   5   1   3  12   2   2   2   3   3   1   1   6  15  18   1   1   7  0.26 0.27
  276 L   -2 -2 -4 -4 -2 -3 -1 -3  0  4  3 -3  0  2 -3 -3 -2  2  1  2    3   3   1   1   1   1   5   2   2  19  25   1   2   7   1   1   2   3   5  13  0.44 0.28
  277 D    0  1 -2  2 -3  1  4 -3  2 -3 -2  0 -3 -2 -1  0  1 -3 -3 -2    7   9   2  10   1   6  23   2   4   2   4   5   0   2   3   8   8   0   1   3  0.30 0.27
  278 A    6 -5 -7 -6  3 -7 -6 -4 -4 -6 -7 -6 -7  4 -6 -1  0 -7  1  0   58   1   0   0   5   0   0   1   0   0   0   0   0  13   0   4   6   0   4   6  1.42 0.80
  279 D   -2  2 -2  7 -5 -1  0 -4 -3 -8 -6 -1 -9 -7 -3 -2 -3 -10 -9 -7    4   9   2  62   0   2   5   2   1   0   1   4   0   0   2   3   1   0   0   0  1.66 0.88
  280 S    4  1 -2 -3 -3  1 -1  1  4 -3 -4 -1 -3 -5 -5  0 -1 -7 -3  0   35   7   2   1   1   6   4  11   8   2   1   4   0   0   0   7   3   0   1   6  0.55 0.42
  281 V   -3 -9 -10 -10 -6 -6 -9 -8 -10  2  2 -7 -3 -5 -7 -8 -5 -9 -6  7    2   0   0   0   0   0   0   0   0   8  19   0   1   0   0   0   1   0   0  68  2.01 0.97
  282 I   -2 -9 -9 -6  1 -6 -9 -9 -5  6  0 -7 -3 -1 -9 -8 -6 -6 -3  6    4   0   0   1   2   0   0   0   0  35   9   0   0   2   0   0   0   0   1  44  1.64 0.80
  283 V   -1 -7 -8 -8  1 -6 -7 -7 -8  2  5 -7  2  1 -8  0 -4 -3 -2  3    5   0   0   0   3   0   0   0   0   9  45   0   4   5   0   8   1   0   2  18  1.02 0.58
  284 T    6 -8 -6 -7  2 -6 -6 -5 -8 -8 -7 -6 -6 -9 -4 -1  4 -9 -9 -5   65   0   0   0   3   0   0   1   0   0   0   0   0   0   1   5  22   0   0   1  1.85 1.01
  285 A    1 -6 -7 -7  2 -6 -7 -3 -8  1  2 -6 -1 -6 -3 -2  5 -8 -7  3   11   0   0   0   4   0   0   2   0   7  17   0   1   0   2   3  31   0   0  21  0.89 0.57
  286 P   -3 -6 -6 -4 -10 -5 -4 -3 -5 -10 -8 -8 -7 -11  9 -2 -4 -5 -8 -6    3   1   0   1   0   1   1   3   0   0   0   0   0   0  83   4   1   0   0   1  2.81 1.39
  287 H    6 -8 -4 -6 -4 -6 -7 -3  2 -6 -3 -6 -4 -6  1  1 -1 -9 -5 -3   66   0   1   0   0   0   0   2   4   0   3   0   0   0   7   9   4   0   0   2  1.52 0.87
  288 K    0  0 -1 -1 -1 -1 -3 -2  6 -5 -5 -2 -3  2  3 -1 -2  4  5 -4    9   5   3   4   2   3   2   3  15   1   1   2   1   9  12   4   3   4  16   1  0.61 0.43
  289 A    4  0 -3 -1 -2  1 -1 -2  1 -1 -4 -1 -2 -5 -1 -1  0 -7 -4  3   31   6   1   3   1   7   5   3   3   3   1   3   1   0   4   4   5   0   0  19  0.45 0.37
  290 A    5 -4 -5 -7 -2 -4 -5 -5 -6 -3  1 -6 -2 -3 -6  1  2 -1 -2 -1   49   1   0   0   1   1   0   1   0   1  13   0   1   1   0  11  12   1   1   5  1.02 0.66
  291 A    6 -1 -5 -5 -4 -2 -3  0 -5 -5 -4 -1 -5 -7 -2  2 -3 -6 -6 -2   57   4   0   1   0   2   2   7   0   0   2   4   0   0   2  14   1   0   0   3  1.14 0.71
  292 G    0  3  0  2 -5  1  2  0  0 -3 -2  2 -4 -5  1  0 -1 -4 -3 -4    7  17   3   9   0   6  13   6   2   1   4  11   0   0   7   6   5   0   1   1  0.33 0.28
  293 M   -2 -6 -9 -7 -4 -5 -6 -8 -6  3  6 -7  3  0 -7 -6 -5  0 -4  0    4   0   0   0   0   1   1   0   0  12  63   0   6   3   0   1   1   1   0   5  1.47 0.75
  294 L   -2 -5 -6 -4 -3 -6 -5 -7 -5  1  5 -5  0  2 -2 -4 -2 -5 -4  2    3   1   0   1   1   0   1   0   0   6  57   1   2   7   2   2   3   0   0  13  1.14 0.62
  295 S    2  3  0 -1 -3  1  2 -1  0 -4 -3  1 -3 -2  0  1 -1 -2 -5 -3   18  17   4   4   1   6  11   5   2   1   2   8   0   2   5   9   3   1   0   2  0.31 0.28
  296 E    0 -2 -1  3 -4 -1  2  1  1 -5 -4 -2 -5 -2  4  1 -1 -5 -5 -5    8   2   3  14   0   3  13  10   3   0   2   2   0   2  23   9   4   0   0   0  0.55 0.42
  297 L   -1 -3 -4 -2 -2 -3 -2 -4  1  1  3 -4  0  2  2 -3 -1  1  0  2    6   2   0   3   1   1   3   1   4   8  27   1   2   8  11   2   3   2   3  13  0.36 0.27
  298 P    2 -5 -3  5 -2 -2  1 -2 -2 -6 -4 -3 -5 -5  4  1 -3 -8 -7 -4   16   1   1  27   1   2   9   4   1   0   2   1   0   1  19  11   2   0   0   1  0.81 0.55
  299 A    4 -4 -4  0 -5 -2  0 -3 -2 -1  2 -3 -2 -3  2  0 -2 -5 -5 -1   29   1   0   5   0   2   7   2   1   3  23   2   1   1   8   8   2   0   0   4  0.44 0.37
  300 I    5 -2 -5 -4 -2 -3 -2 -2 -6 -1  1 -5 -2  0 -4  2 -1 -4 -4 -1   44   2   0   1   1   1   2   3   0   3  14   0   1   4   1  12   4   0   0   5  0.72 0.51
  301 S    3  1 -1  2 -4  1  2  0 -1 -4 -5  0 -3 -5 -2  2  0 -4 -5 -4   24   8   3  10   0   5  12   6   1   1   1   5   1   0   2  14   5   0   0   1  0.40 0.34
  302 H    2  1 -3 -1 -4  1  3 -4  1 -1  1 -1 -2 -2  0 -2 -1 -2 -2 -1   19   7   1   4   0   7  17   1   3   3  14   4   1   2   5   3   4   1   1   4  0.24 0.25
  303 L   -3 -6 -7 -7 -4 -6 -8 -8 -5  0  7 -8 -1  1 -8 -8 -6 -4 -5 -2    3   0   0   0   1   0   0   0   0   5  79   0   1   5   0   0   0   0   0   2  1.92 0.93
  304 K    2  2  1  1 -4  0  1  1 -2 -5 -2 -1 -2 -4 -1  1 -1 -6 -3 -4   20  12   6   8   0   4   8  12   1   0   4   4   1   1   3  12   3   0   1   1  0.32 0.29
  305 N    2  1  0  1 -4  3  2  1 -1 -6 -4  0 -4 -4 -3  2  0 -5 -4 -4   15   7   4   7   0  11  14  11   1   0   2   6   0   1   1  12   7   0   0   1  0.37 0.33
  306 M   -4 -7 -8 -7 -5 -5 -7 -8 -5  7 -1 -9  2  0 -7 -7 -3 -5 -7  3    2   0   0   0   0   1   0   0   0  63   6   0   4   4   0   0   2   0   0  16  1.90 0.88
  307 H   -2  2 -1  1 -8 -1  3 -5  1 -5 -6 -1 -6 -5  5 -1 -1 -5  0 -3    3  12   3   6   0   3  18   1   3   1   1   3   0   0  31   4   4   0   4   2  0.83 0.57
  308 S   -1 -5 -4 -7 -1 -4 -7 -6  4 -5 -4 -8 -1  0 -5  0 -1 -2  9 -3    5   1   1   0   1   1   0   1  10   1   2   0   2   4   1   7   4   1  58   2  1.99 1.01
  309 T    5 -4 -2 -5 -5 -4 -3 -2 -3 -5 -5 -5 -3 -6  3  1  0 -8 -5  1   44   1   2   1   0   1   2   3   1   0   1   1   1   0  15  10   6   0   0  11  0.96 0.64
  310 S   -2 -4 -3 -1 -6 -5 -6 -2 -4 -9 -9 -4 -6 -8  6  6 -1 -10 -9 -7    3   1   1   4   0   0   0   4   1   0   0   1   0   0  31  48   4   0   0   0  1.62 0.96
  311 V   -1 -7 -6 -8  1 -5 -7 -6 -8  2  1 -7  4 -5 -6  1  2 -8 -6  5    5   0   0   0   2   0   0   1   0  10  12   0   8   0   0  10  11   0   0  39  1.02 0.60
  312 A    6 -3 -4 -6  0 -6 -7 -1 -4 -1 -4 -5 -1 -6 -7  0  1 -8 -6  2   56   1   1   0   2   0   0   5   1   3   2   0   2   0   0   7   7   0   0  12  1.17 0.71
  313 N   -2 -7 -1 -7 -3 -2 -5 -6 -6  2  0 -7  1 -3 -7  0  4 -8 -7  5    4   0   4   0   0   2   1   0   0   8   8   0   3   1   0   8  23   0   0  37  0.96 0.60
  314 V   -1 -9 -9 -9 -1 -7 -8 -7 -7  3  1 -8 -1 -3 -9 -7 -3 -5 -6  7    6   0   0   0   1   0   0   0   0  12  10   0   2   1   0   0   2   0   0  64  1.76 0.87
  315 A    2 -5  2 -5  1 -3 -5 -1  4 -1 -2 -5 -4  0 -4  2  3 -5  0  1   16   0   8   0   3   1   0   4  10   3   3   0   0   4   1  14  18   0   4  10  0.51 0.41
  316 L   -3 -6 -7 -9 -4 -4 -8 -9 -3 -1  5 -6  4  2 -8 -4 -1 -2 -3  1    3   0   0   0   0   1   0   0   1   3  58   0  10   8   0   1   5   1   1   8  1.31 0.70
  317 G    5 -4 -7 -6 -4 -5 -5  5 -5 -2 -4 -6 -5 -7 -7 -2 -3 -6 -8  0   38   1   0   0   0   1   1  41   0   2   2   0   0   0   0   3   2   0   0   7  1.31 0.74
  318 F   -6 -9 -9 -7 -5 -9 -9 -8 -3 -2 -1 -8 -3  7 -10 -7 -6  3  8  0    1   0   0   0   0   0   0   0   1   2   6   0   1  39   0   0   0   3  41   6  2.27 1.06
  319 P   -1  4  0  3 -5 -1  0 -4  0 -7 -6  2 -6 -6  4 -2 -4 -8 -5 -6    6  24   5  13   0   2   7   2   2   0   1  13   0   0  20   4   1   0   0   1  0.82 0.54
  320 E    1  5 -2 -2 -5  0  1 -2 -1 -5 -3  3 -4 -6  0 -1 -2 -7 -6 -3   10  33   2   2   0   4   8   3   1   1   3  16   0   0   5   4   3   0   0   2  0.71 0.48
  321 G    2 -1 -1  3 -5  0  3  0 -2 -4 -5  1 -3 -5 -1  2 -1 -1 -5 -3   14   3   2  14   0   4  20   8   1   1   1   7   1   0   3  14   4   1   0   2  0.42 0.35
  322 S    2 -1 -1  5 -4  4  1 -2  0 -6 -5 -2 -4 -6 -3  0 -1 -7 -6 -2   18   4   3  27   0  15   7   3   2   0   1   2   0   0   1   7   4   0   0   4  0.66 0.47
  323 V   -1 -4 -4 -5 -1 -5 -5 -3 -6  4  2 -5 -1  2 -3 -3 -3  0 -4  4    5   1   1   1   1   0   1   2   0  23  17   1   1   8   1   2   2   1   0  31  0.84 0.46
  324 Q    1  2 -2  0 -4  0  1  1 -1 -4 -3  1 -4 -5  4  0  0 -4 -5 -3   13  10   2   6   0   4   8  11   2   1   2  10   0   0  18   5   5   0   0   2  0.38 0.31
  325 M   -1  2  0 -2 -5  0 -1 -2  8 -3 -1 -1 -2 -1  0 -2 -2 -3 -2 -2    6  12   5   3   0   4   3   4  32   2   6   4   1   3   5   3   2   0   1   3  0.79 0.47
  326 E   -1 -1 -2  1 -5 -2  0 -2 -2 -3  0 -1 -3 -3  6 -1 -3 -4 -3 -2    6   3   2   8   0   2   6   3   1   1   8   4   1   2  42   6   2   0   1   3  0.85 0.54
  327 H   -2 -3 -6 -4 -3 -4 -4 -5 -2 -1  5 -3  0  0  4 -4 -4 -3 -3 -2    4   2   0   1   1   1   1   1   1   3  52   2   2   4  17   1   1   0   1   3  0.99 0.57
  328 E   -2  1  2  6 -6  0  1 -2 -2 -6 -5  0 -5 -6  0 -1 -1 -3 -5 -4    4   7  10  40   0   5   9   3   1   0   1   5   0   0   4   5   3   0   1   2  0.86 0.53
  329 G    1 -5 -6 -6 -2 -5 -7  7 -4 -5 -6 -5 -6 -7 -6 -3 -5 -7 -8 -6   12   1   0   0   1   1   0  76   0   1   1   1   0   0   0   2   1   0   0   1  2.03 1.00
  330 T   -3 -6 -3 -8 -7 -6 -8 -7 -1 -3 -4 -8 -1  8 -9  3  2 -4  2 -5    3   0   2   0   0   0   0   0   2   2   2   0   2  51   0  19  11   0   5   1  1.74 0.90
  331 G   -6 -7 -6 -6 -6 -9 -10  8 -10 -11 -11 -9 -10 -11 -10 -5 -8 -10 -11 -11    1   0   0   0   0   0   0  97   0   0   0   0   0   0   0   1   0   0   0   0  3.15 1.40
  332 F   -2 -8 -5 -9  0 -4 -9 -3  0 -1  0 -8  2  8 -9 -7 -6 -2  4  1    4   0   1   0   2   1   0   3   2   3   8   0   4  51   0   0   0   0  11  10  1.65 0.80
  333 V   -8 -7 -10 -10 -8 -7 -9 -10 -6  0  6 -9 -2 -2 -9 -9 -6 -8 -4  4    0   0   0   0   0   0   0   0   0   4  70   0   1   2   0   0   0   0   1  22  1.93 0.94
  334 I   -1 -7 -3 -8 -1 -8 -7 -8  0  4 -3 -7 -3 -2 -8 -3 -1 -9 -6  7    6   0   2   0   1   0   0   0   2  20   2   0   0   2   0   3   4   0   0  58  1.57 0.80
  335 S    1 -5 -5 -4 -6 -8 -7 -6 -7 -8 -8 -6 -9 -9  8  0 -3 -11 -10 -6    9   1   1   1   0   0   0   1   0   0   0   0   0   0  77   6   2   0   0   1  2.60 1.30
  336 R    1  6 -4 -4 -7 -1  0 -2  0 -5 -4  1 -4 -3  1  2 -2 -4 -4 -5   13  35   0   1   0   3   7   3   2   1   2   7   0   1   6  15   2   0   1   1  0.77 0.53
  337 N    0  2  1  0  0 -1 -2  1 -1  0 -3  2 -3 -4 -2  2  1 -5 -4  2    6  10   6   5   2   2   2  10   2   5   2  12   0   0   2  14   7   0   0  13  0.20 0.22
  338 S    0 -4 -3 -1 -9  2  7 -3 -4 -9 -6 -5 -3 -9 -6  0 -3 -9 -7 -7    7   1   1   4   0   7  64   3   0   0   1   0   1   0   0   8   2   0   0   0  1.66 0.94
  339 D   -3  2  3  1 -8  1 -2  5 -1 -7 -7  2 -6 -8  0 -3 -4 -8 -7 -6    2  11  11   8   0   6   3  37   2   0   0  12   0   0   5   2   1   0   0   1  0.87 0.54
  340 F   -2  5 -3 -4 -1 -1 -2 -3 -1 -1  2  0  1  0 -2 -1 -1 -4 -1 -1    3  32   1   1   1   2   3   3   1   4  17   6   3   5   2   4   5   0   3   4  0.49 0.36
  341 A    0  4  0  0 -4  0 -2 -2  1 -3 -1  1 -2 -1  2  1  0 -3 -3 -3    7  19   5   5   0   4   2   3   3   1   8   9   1   4   9  10   7   0   1   2  0.25 0.24
  342 I   -1 -7 -6 -8 -1 -6 -8 -7 -4  6  2 -7  2 -1 -6 -2  2 -5 -5  3    4   0   0   0   1   0   0   0   0  41  15   0   4   2   0   3  12   0   0  15  1.13 0.60
  343 T   -3 -3 -2 -4 -5 -4 -7 -7 -7 -1  5  1  1 -4 -7 -2  4 -6 -6 -2    3   2   3   1   0   1   0   0   0   3  49   9   3   1   0   2  20   0   0   3  1.01 0.61
  344 A    5 -9 -8 -8 -4 -8 -7  6 -9 -9 -9 -8 -8 -9 -8 -2 -4 -9 -9 -8   46   0   0   0   0   0   0  49   0   0   0   0   0   0   0   3   1   0   0   0  2.04 1.04
  345 C    2 -8 -4 -8  8 -6 -8 -3 -4  2 -4 -7  0 -3 -7  0  2 -5 -5  3   18   0   1   0  29   0   0   2   0   9   1   0   2   1   0   7  12   0   0  16  1.26 0.68
  346 T   -5 -6 -4 -7 -7 -2 -6 -7 -8  2  3 -7 -2 -4 -6  2  5 -8 -7 -1    1   0   1   0   0   2   0   0   0  12  24   0   1   1   0  15  38   0   0   5  1.14 0.71
  347 W   -6 -9 -5 -9 -3 -8 -10 -9 -1 -3 -3 -10 -4  7 -11 -7 -7 10  2 -3    1   0   1   0   1   0   0   0   1   2   3   0   1  44   0   0   0  37   6   2  2.82 1.23
  348 T    1 -5  0  0  0 -5 -3 -3 -4 -2 -1 -5  1 -3  0  5  2 -7 -4  1    9   0   5   6   2   0   1   2   0   2   5   0   3   1   4  36  13   0   0   9  0.61 0.49
  349 N   -4 -7 -1 -2 -6 -6 -7 -3  3 -9 -9 -6 -7 -7 -8  7 -1 -7 -7 -9    1   0   3   3   0   0   0   2   5   0   0   0   0   0   0  80   4   0   0   0  2.24 1.19
  350 K    0  2  1 -3 -1  1 -2 -4  1 -3 -2 -2 -1 -5 -6  4  2 -7 -4  0    8  11   7   1   1   5   2   1   3   2   4   2   1   0   0  33  11   0   1   7  0.55 0.45
  351 K   -5 -3 -6 -7 -2 -5 -6 -8 -7  3  2  7  1 -4 -8 -6 -3 -8 -7  0    1   1   0   0   1   0   0   0   0  13  19  54   3   1   0   0   2   0   0   5  1.49 0.81
  352 W   -8 -10 -10 -8 -10 -10 -10 -10 -4 -7 -5 -10 -5  8 -11 -10 -10 10  2 -7    0   0   0   0   0   0   0   0   1   0   1   0   0  54   0   0   0  36   6   0  3.36 1.41
  353 P    1 -4 -2 -1 -8 -3  0 -3 -3 -7 -5 -2 -7 -8  7 -1 -3 -9 -9 -8   12   1   2   4   0   1   7   2   1   0   2   3   0   0  57   5   2   0   0   0  1.61 0.90
  354 H   -3 -3  3  2 -6  0  0  4  7 -8 -7 -5 -6 -3 -7 -2 -4  3 -2 -6    2   1  11   9   0   5   5  30  24   0   0   0   0   1   0   3   1   3   1   1  1.16 0.66
  355 A   -3  7 -5 -8 -3  1 -5 -8  0 -5  0 -3 -4 -6 -5 -4  0  2 -5 -2    2  61   0   0   1   5   0   0   3   1   9   1   0   0   1   1   7   2   0   4  1.64 0.87
  356 A    6 -3 -2 -2  2 -3 -5 -3 -4 -6 -6 -5 -5 -8 -7  1  1 -6 -5 -1   64   2   2   2   3   1   1   2   0   0   0   0   0   0   0   9   7   0   0   5  1.39 0.80
  357 P   -3 -3 -3  0 -6 -3 -3 -1 -2 -7 -7 -3 -5 -6  8 -3 -4 -9 -9 -8    3   2   1   5   0   2   2   4   1   0   0   2   0   0  72   2   2   0   0   0  2.18 1.11
  358 E    1 -1 -1  3 -7  0  4  0 -2 -7 -5  0 -6 -7  2 -1 -2 -7 -5 -5   12   3   2  17   0   4  29   7   1   0   1   6   0   0   9   5   3   0   0   1  0.67 0.48
  359 G   -5 -4  0  5 -6 -3  0  6 -2 -9 -9 -4 -8 -9 -4 -3 -5 -8 -8 -9    1   1   5  25   0   1   5  55   1   0   0   1   0   0   1   2   1   0   0   0  1.64 0.84
  360 K   -2  1 -2 -2  0  2  0 -1  5 -4 -2  2  0 -1 -4 -1  0  1  2 -2    3   8   2   2   2   8   6   5  16   0   5  14   3   2   1   5   7   2   6   3  0.37 0.30
  361 T    2 -4 -5 -3 -1 -2 -2 -5  1  0  0 -3 -1  0 -6 -2  1 -5 -2  5   14   1   0   2   1   2   3   1   4   4   7   1   1   4   0   3   9   0   1  42  0.71 0.46
  362 L   -2 -1 -7 -9 -4 -3 -7 -7 -3  0  6 -7  1 -3 -6 -3 -2 -5 -5  1    4   4   0   0   0   2   0   0   1   5  65   0   3   1   0   2   3   0   0  10  1.34 0.71
  363 L   -4 -8 -9 -9 -4 -8 -8 -9 -5  3  5 -8  1  2 -8 -8 -5 -4 -1  3    1   0   0   0   0   0   0   0   0  12  56   0   3   7   0   0   1   0   2  16  1.44 0.72
  364 R   -5  8 -4 -7 -5 -5 -6 -8 -4 -8 -5 -3 -5 -9 -9 -1  4 -9 -8 -8    1  64   1   0   0   0   0   0   0   0   2   1   0   0   0   5  24   0   0   0  2.17 1.09
  365 A    3 -7 -2 -7  6 -6 -7 -3 -6  0 -1 -7 -1 -3 -7  0  2 -8 -6  4   22   0   3   0  13   0   0   2   0   5   5   0   1   1   0   8  12   0   0  29  0.92 0.57
  366 Y   -5 -6 -7 -8 -7 -8 -8 -9 -2 -2 -2 -8  5  8 -9  2 -5 -4  5 -5    1   0   0   0   0   0   0   0   1   3   3   0  12  47   0  15   1   0  16   1  1.91 0.93
  367 V    0 -7 -8 -8 -2 -5 -7 -7 -6  4  3 -7  2  2 -7 -3 -3 -7  0  5    7   0   0   0   1   0   0   0   0  21  21   0   5   7   0   2   1   0   3  32  1.03 0.55
  368 G   -5 -4 -6 -5 -5 -8 -8  8 -6 -10 -10 -3 -9 -9 -7 -5 -6 -9 -9 -8    1   1   0   1   0   0   0  92   0   0   0   2   0   0   0   1   0   0   0   0  2.80 1.24
  369 K   -5  5 -3 -4 -8 -6 -5  7  0 -9 -8 -3 -8 -7 -5 -5 -7 -6 -7 -9    1  25   1   1   0   0   1  64   2   0   0   2   0   0   1   1   0   0   0   0  1.98 0.96
  370 A    4 -1 -3  0 -4 -3 -2 -3  0 -1 -3 -3  1 -1 -1  1  0 -2  0  0   36   4   1   5   0   1   3   1   3   3   2   2   4   3   4  12   6   1   4   8  0.44 0.36
  371 G   -3  5 -2 -1 -1  0 -3  4  3 -4 -1 -2 -1 -2 -4 -3  0 -2 -4 -4    2  30   2   4   1   4   2  25   6   1   7   2   2   2   1   1   6   1   0   1  0.68 0.45
  372 D   -1  1  2  5 -3  3  0 -2  4 -6 -4 -3 -2 -1 -3 -1 -4 -3 -2 -5    6   7  11  28   1  13   6   3   8   0   2   1   1   3   2   4   1   0   2   1  0.68 0.45
  373 E   -1  0 -4  1 -7  1  3 -4 -1 -5 -5 -2 -4 -7  6 -1 -1 -5 -5 -5    5   5   1   7   0   6  17   2   1   1   1   2   0   0  42   4   4   0   1   1  1.11 0.68
  374 S    1  1 -1  3 -6  1  5  0  1 -5 -4 -1 -3 -6 -2 -1 -1 -2 -5 -3   11   8   2  13   0   5  31   7   4   0   1   3   1   0   2   4   4   1   0   2  0.57 0.42
  375 I    2 -3 -3 -3 -3 -3 -4 -4  0  3  3 -4  1  0 -2 -3 -2  2 -1  2   16   2   2   2   0   1   1   1   3  17  24   1   4   5   2   2   3   3   2  12  0.42 0.29
  376 V    3 -2 -3 -2  0 -2 -2 -3 -1  0  3 -3  0  0 -2 -2 -1 -2 -4  2   22   2   1   2   2   1   3   2   1   4  26   1   2   3   2   3   4   1   0  17  0.36 0.29
  377 D    0  1  0  3 -4  2  3 -1  1 -5 -2  0 -2 -3 -3  1  0 -6 -5 -4    9   6   4  18   0   9  17   5   3   0   5   5   1   1   1   9   5   0   0   1  0.37 0.31
  378 L    0  2 -4 -3 -2  1 -1 -4  0 -2  4  0  3 -2 -5 -3 -3  3 -1 -2    7   9   1   2   1   6   5   2   2   1  42   5   6   1   0   1   1   4   2   2  0.58 0.41
  379 S   -2 -4 -1  5 -5 -4 -1 -2 -4 -8 -7 -3 -6 -6  3  4  1 -8 -7 -7    4   1   3  27   0   1   4   4   0   0   0   1   0   0  15  29   9   0   0   0  1.01 0.66
  380 D   -4 -3 -2  8 -9 -3  2 -5 -4 -5 -6 -3 -7 -9 -2 -4 -3 -10 -9 -6    2   2   2  69   0   1  12   1   0   1   1   2   0   0   3   1   2   0   0   1  1.99 0.99
  381 N    2 -2 -2  5 -5  1  4 -1 -3 -5 -5 -1 -5 -7 -3 -1 -2 -6 -7 -4   15   3   2  25   0   6  28   4   1   1   1   3   0   0   2   5   3   0   0   1  0.82 0.54
  382 D    1  0 -3  2 -7  2  5 -4 -2 -6 -4 -1 -4 -7 -5 -2  1 -8 -6 -4   13   5   1  12   0   9  40   2   1   0   2   3   1   0   1   2   7   0   0   1  0.90 0.59
  383 I   -3 -4 -8 -9 -5 -5 -8 -8 -6  4  6 -7  1 -2 -8 -5 -5 -4 -7  0    2   1   0   0   0   1   0   0   0  19  63   0   3   1   0   1   1   0   0   6  1.56 0.77
  384 I    0 -1 -5 -5 -3 -1  0 -4 -5  3  2 -1 -1 -2 -6 -3  0 -4 -3  4    9   4   0   0   0   3   6   1   0  16  17   4   1   2   0   1   6   0   1  27  0.50 0.35
  385 N    3  2  0  2 -5  2  3 -2 -1 -6 -5  0 -4 -6 -4  0 -1 -7 -5 -6   22  11   4  11   0   9  18   3   1   0   1   6   0   0   1   8   3   0   0   0  0.56 0.43
  386 I    1  3 -2 -3 -3  1 -1 -3 -1  3  2 -1  1 -3 -5 -3  0 -1 -3  0   11  14   1   1   1   6   3   1   2  14  22   3   3   1   0   2   7   1   1   6  0.31 0.27
  387 V    4 -7 -8 -8 -1 -7 -8 -5 -8  0 -1 -7 -3 -6 -7 -2 -1 -8 -5  6   35   0   0   0   1   0   0   1   0   5   5   0   1   0   0   3   4   0   0  45  1.41 0.78
  388 L   -1  4 -4 -1 -1  0 -2 -4  4 -1  3 -1  1 -2 -6 -3 -1 -1 -2 -1    5  22   1   4   1   4   3   1   8   4  28   3   3   1   0   2   4   1   1   5  0.48 0.36
  389 E    2  4  0  2 -4  1  2 -1  1 -5 -5  1 -4 -7 -4  0 -2 -5 -4 -5   17  18   4  11   0   7  13   6   3   1   1   8   0   0   0   7   2   0   0   1  0.48 0.38
  390 D   -1 -6 -4  6 -10 -2  6 -4 -2 -9 -8 -5 -5 -5 -6 -3 -5 -10 -5 -6    5   0   1  37   0   2  47   2   1   0   0   0   0   1   0   2   1   0   1   1  1.77 0.95
  391 L   -4 -7 -6 -9 -4 -6 -9 -9 -4  1  6 -8  0  0 -9 -8 -5 -4 -4  1    2   0   0   0   0   0   0   0   1   8  73   0   2   3   0   0   1   0   1   9  1.74 0.85
  392 K    2  4 -1 -1 -2  2  1  0  1 -6 -6  2 -3 -5 -6  1 -1 -7 -6 -4   15  24   3   3   1   8   9   6   3   0   0  12   1   0   0  10   4   0   0   1  0.57 0.43
  393 K    0  3 -1  2 -5  1  3 -2  0 -4 -4  1 -4 -5  1  0  0 -4 -4 -3    9  16   3  11   0   7  16   2   2   1   2   9   0   0   6   6   7   0   1   1  0.40 0.33
  394 V    0 -5 -5 -6 -4 -3 -6 -6  1  4  4 -5  1 -1 -5 -2  1  0 -2  1    8   0   1   0   0   2   0   0   3  21  34   0   4   2   0   3   9   1   2   9  0.70 0.43
  395 M   -3 -8 -8 -9 -2 -6 -8 -7 -6  0  5 -8  5  2 -6 -6 -1 -3 -2  0    2   0   0   0   1   0   0   0   0   4  57   0  14   7   0   0   5   0   2   6  1.38 0.72
  396 N   -3 -1 -1  0 -6 -1 -3  7  0 -8 -6  0 -5 -7 -3 -3 -4 -8 -6 -7    2   4   3   5   0   3   2  66   2   0   1   5   0   0   2   2   1   0   0   0  1.54 0.80
  397 I   -1 -5 -6 -4 -3 -6 -6 -6 -4  6  2 -6 -1 -1 -2 -4 -2 -1 -4  3    5   1   0   1   1   0   0   1   0  40  20   0   1   2   2   2   2   1   0  19  1.05 0.56
  398 N   -1  3  0  2 -5  1  1 -3  1 -4 -3  1 -3 -5 -1  1  3 -4 -4 -3    6  15   4   9   0   5   9   2   3   1   3  10   0   0   3  12  17   0   0   2  0.37 0.32
  399 G    3 -2 -3  0 -3 -1 -1  4 -3 -4 -5 -2 -5 -5  0 -1 -1 -5 -7 -1   27   3   1   5   1   3   4  34   1   1   1   2   0   0   5   5   3   0   0   5  0.69 0.47
  400 E    1  1 -1  1 -5  1  4 -4 -1 -6 -4  1 -3 -7  2 -1  0 -6 -5 -3   13   6   2   8   0   5  28   1   1   0   1   9   1   0  11   4   6   0   0   2  0.56 0.43
  401 P   -3 -8 -8 -8 -7 -9 -8 -8 -4 -4 -6 -9 -7 -6  9 -7 -5 -11 -6 -4    3   0   0   0   0   0   0   0   0   1   1   0   0   1  88   0   1   0   0   2  3.11 1.47
  402 E    0  1 -2  1 -2  0  2 -3 -1  1  1 -2 -1 -3 -4 -1  1 -4 -3  3    7   6   1   8   1   3  12   2   2   8  14   2   1   1   0   3   9   0   1  19  0.22 0.22
  403 M    0 -1 -5  0 -4 -4 -1 -5  1 -2  1 -3  1  6 -5 -4 -2  3  2  0    8   4   0   5   0   1   5   1   3   2  12   2   3  32   0   1   2   4   6   7  0.69 0.43
  404 T    1 -1 -4 -5  0  0 -2 -4  1  0 -1 -3 -1 -2 -5  2  3  1 -1  3   12   4   0   0   2   5   2   1   3   6   6   1   2   2   0  13  18   2   2  19  0.37 0.33
  405 C   -1  5 -1 -2 -3  0  1 -2  5 -2 -3  1 -2 -2 -6 -1 -2  3 -2 -1    4  29   3   3   1   3   7   3  13   2   3   9   1   2   0   4   2   4   1   6  0.60 0.41
  406 V   -3 -4 -8 -6 -2 -6 -5 -5  1  4  0 -8 -2 -1 -7 -4 -2 -5 -5  6    2   1   0   0   1   0   1   1   4  21   8   0   1   2   0   1   3   0   0  53  1.39 0.72
  407 T   -1  1 -1 -2 -4  2 -3 -4  3  0 -3  0 -2  2 -5  1  3 -1  2  0    4   7   2   2   0   8   1   1   7   5   1   7   1   9   0  10  18   1   7   8  0.35 0.31
  408 R   -6  8 -5 -6 -5 -2 -5 -9  0 -3 -3  0 -7 -3 -4 -5 -4 -5 -1 -2    1  72   1   0   0   1   1   0   2   2   4   5   0   2   1   1   1   0   2   4  2.06 1.02
  409 W   -4 -7 -7 -7 -6 -4 -10 -8  5 -3 -3 -10 -3 -1 -11 -7 -10 12  3 -5    2   0   0   0   0   1   0   0  10   2   3   0   1   3   0   1   0  67   8   1  3.57 1.52
  410 H   -1  2 -1  0 -7  0  1 -2  1 -2 -4  1 -2 -4  5 -2 -1 -4 -3 -4    5  10   3   4   0   4  11   4   4   3   2   9   1   1  31   3   3   0   1   1  0.65 0.46
  411 E   -1  4  2  1 -4  2  0  1  3 -6 -5  2 -3 -6 -4 -2 -3 -3 -3 -6    5  22  10   9   0  10   6   9   6   0   1  14   1   0   1   2   1   0   1   0  0.61 0.42
  412 S    6 -4 -6 -8 -1 -5 -7  3 -6 -7 -6 -5 -7 -8 -6  2 -3 -9 -8 -3   59   1   0   0   1   1   0  17   0   0   1   1   0   0   0  14   2   0   0   2  1.52 0.86
  413 M   -6 -6 -1 -9 -7 -5 -9 -8 -5  6  2 -8  7  1 -9 -4 -5 -8 -4 -2    0   1   3   0   0   1   0   0   0  40  19   0  26   6   0   1   1   0   1   2  1.71 0.83
  414 P   -1 -10 -10 -9 -7 -9 -9 -10 -7 -10 -9 -9 -10 -11  9 -6 -6 -12 -11 -6    5   0   0   0   0   0   0   0   0   0   0   0   0   0  93   1   1   0   0   1  3.46 1.59
  415 Q   -6 -1 -4 -8 -10  9 -3 -8 -1 -4 -3 -3 -3 -10 -8 -5 -7 -9 -9 -5    1   3   1   0   0  83   1   0   1   1   3   1   1   0   0   1   0   0   0   1  2.86 1.41
  416 Y   -6 -7 -9 -10 -5 -5 -9 -10 -3 -7 -3 -8 -3  1 -2 -7 -8 -5 10 -7    1   0   0   0   0   1   0   0   0   0   3   0   1   5   3   0   0   0  84   0  3.36 1.47
  417 H    0  1  2  2 -4  0  2 -1  4 -4 -2 -2 -4 -4  0 -2  3 -6 -2 -1    7   7  10   9   0   3  13   6   8   1   4   2   0   1   4   2  17   0   1   4  0.33 0.30
  418 V   -3 -2 -7 -7 -3 -5 -6 -5 -4  2  3 -4  0 -4  2 -5 -2 -7 -6  6    2   2   0   0   0   0   0   1   1   8  24   1   2   0   9   1   2   0   0  44  1.09 0.61
  419 G   -3 -7 -1 -2 -7 -4 -5  7  0 -9 -9 -5 -8 -5 -7 -4 -6 -5 -5 -9    2   0   3   2   0   1   1  84   2   0   0   1   0   1   0   1   1   0   1   0  2.34 1.08
  420 H   -8 -8 -7 -8 -5 -5 -7 -9 11 -7 -8 -7 -8 -2 -9 -4 -9 -5  4 -9    0   0   0   0   0   1   0   0  83   0   0   0   0   2   0   2   0   0  10   0  3.90 1.57
  421 K    1  1 -2 -1 -3  1 -1  1 -1 -1  3  0 -1 -2  0 -1 -1 -1 -3 -1   10   8   2   3   1   7   4   9   2   2  29   4   1   1   4   4   3   1   1   4  0.18 0.21
  422 Q    2  0 -1  4 -7  3  4 -1 -2 -7 -4  0 -4 -7 -4 -1 -2 -7 -6 -4   16   6   2  19   0  11  23   4   1   0   1   6   0   0   1   4   2   0   0   1  0.67 0.47
  423 R   -3  7 -4 -4 -5 -2 -4 -7  0  0  1  0 -1 -2 -7 -5 -2  2 -3 -2    3  54   1   1   0   2   1   0   2   5  12   6   1   2   0   1   3   2   1   3  1.30 0.71
  424 I   -3 -2 -6 -8 -4 -5 -5 -7 -5  3  3 -3  3 -1 -7 -7 -3 -4 -3  5    2   2   0   0   0   0   1   0   0  14  26   2   6   2   0   0   1   0   1  40  1.16 0.61
  425 K    4  1 -1  2 -4  2  3 -3 -2 -5 -3  1 -4 -6 -5 -1 -2 -7 -5 -4   32   8   3   9   0   7  17   2   1   0   2   8   0   0   0   4   2   0   0   1  0.59 0.45
  426 E    3  4 -2 -1 -4  2  2 -3  0 -5 -4  1 -3 -6 -5  0  1 -3 -4 -3   22  21   1   3   0   8  14   2   2   0   2   7   1   0   0   7   7   0   0   2  0.57 0.44
  427 L    1 -6 -7 -8 -3 -5 -6 -7 -6  6  2 -6  1 -2 -7 -5 -4 -1 -4  2   10   1   0   0   0   0   0   0   0  46  20   0   3   2   0   1   1   1   0  13  1.29 0.64
  428 R   -1  4 -2  1 -5  0  4 -4  0 -2 -3  0 -1 -2 -5 -2 -3 -5 -3 -3    6  24   2   8   0   4  30   2   2   3   3   5   2   2   1   2   1   0   1   2  0.69 0.44
  429 E    2  2  0  2 -6  2  3 -2  0 -6 -5  1 -4 -6 -5  0 -1 -7 -5 -5   18  11   4  11   0  10  21   3   2   0   1   8   0   0   0   6   4   0   0   0  0.57 0.43
  430 A    3  3 -1 -1 -3  1  1 -1  1 -2 -2  0 -2 -2 -4  0  0 -3 -1 -2   25  15   2   3   1   5  10   5   3   3   5   5   1   2   1   7   5   0   2   2  0.28 0.25
  431 L   -1 -3 -6 -6 -1 -5 -5 -5 -6  2  5 -5  2  0 -6 -5 -3 -5 -4  2    5   1   0   0   1   1   1   1   0   8  55   1   4   4   0   1   2   0   0  12  1.07 0.54
  432 A    4  0 -3 -2 -2 -1  4 -1 -2 -3 -2 -1 -2 -4  1 -1 -2 -4 -3 -2   30   5   1   2   1   3  24   5   1   1   4   4   1   1   6   5   3   0   1   2  0.50 0.35
  433 S    2  3  0  1 -5  2  1 -2 -1 -5 -4  2 -3 -4 -3  1  0 -4 -4 -4   19  13   4   7   0  10  10   2   2   0   2  11   1   1   1  11   6   0   0   1  0.41 0.33
  434 A    1  2  0  1 -2  2  1  0  1 -2 -2  1 -1 -3 -2  0  0 -3 -3 -2   12  11   4   7   1  10   9   6   4   2   4   7   1   1   2   8   6   0   1   2  0.17 0.15
  435 Y   -1 -2  0 -4 -1 -2 -3 -3  5  0  2 -3  0  2 -3 -3 -2  2  4  0    6   3   5   1   2   1   1   2  16   5  20   2   2   8   2   2   3   3  12   6  0.46 0.29
  436 P   -2 -2 -5 -3 -7 -2 -2 -2 -4 -6 -5 -1 -6 -6  8 -1 -4 -4 -7 -5    3   2   1   2   0   2   3   4   1   1   2   3   0   0  68   4   1   0   0   1  1.96 0.96
  437 G   -4 -1  1 -4 -3 -3 -6  7  0 -8 -7 -5 -5 -6 -2 -3 -1 -2 -5 -8    1   4   6   1   1   1   0  71   2   0   1   1   0   0   2   2   4   1   0   0  1.74 0.86
  438 V   -6 -8 -9 -9 -6 -8 -9 -9 -7  2  6 -8  0  1 -9 -8 -7 -3 -5  3    0   0   0   0   0   0   0   0   0  12  63   0   2   6   0   0   0   0   0  16  1.66 0.82
  439 Y    1 -1 -5 -5 -5 -1  0 -5  5 -2 -2 -3 -4  5 -7 -2 -2  1  5  0   14   4   0   1   0   3   6   1  13   2   3   2   0  21   0   2   3   2  16   6  0.78 0.49
  440 M   -4 -8 -9 -9 -4 -8 -8 -9 -6  3  5 -8  0  2 -8 -7 -5 -2 -3  3    1   0   0   0   0   0   0   0   0  13  56   0   2   9   0   0   0   1   1  16  1.46 0.73
  441 T    5 -3 -4 -6  4 -5 -5  0 -3  0 -2 -6 -4 -6 -6 -2  3 -8 -7  0   49   2   1   0   7   0   0   7   1   4   4   0   0   0   0   3  15   0   0   6  1.04 0.65
  442 G   -1 -9 -5 -8 -6 -8 -9  8 -9 -8 -10 -8 -9 -10 -9 -4 -6 -9 -10 -10    5   0   0   0   0   0   0  92   0   0   0   0   0   0   0   2   1   0   0   0  2.82 1.26
  443 A    3 -6  7 -4 -1 -3 -6 -2 -3 -7 -8 -5 -2 -7 -6  2 -3 -3 -8 -8   25   0  46   1   1   1   0   4   1   0   0   0   1   0   0  16   2   0   0   0  1.55 0.87
  444 S    4 -7 -6 -6 -1 -6 -5  1  0 -3 -5 -6 -4  1 -3  3 -3  5  5 -4   28   0   0   0   1   0   0   9   2   2   1   0   0   6   2  20   1   6  20   1  1.00 0.64
  445 F   -5  3 -8 -8 -4 -5 -6 -9 -1 -2  2 -3 -2  4 -8 -6 -5  0  8 -1    1  14   0   0   1   0   1   0   1   2  17   2   1  13   0   1   1   1  41   4  1.49 0.78
  446 E   -2  4  0  4 -4 -2  1  2  4 -7 -6 -1 -6 -4 -6 -1 -1 -4  1 -7    3  23   4  21   0   1   8  14   9   0   0   3   0   1   0   5   3   0   5   0  0.72 0.48
  447 G   -4 -8 -6 -8 -7 -9 -8  8 -9 -11 -10 -8 -10 -10 -9 -6 -8 -10 -10 -8    1   0   0   0   0   0   0  97   0   0   0   0   0   0   0   1   0   0   0   0  3.06 1.34
  448 V   -2 -7 -7 -9 -5 -7 -8 -7 -9  5 -1 -8 -3 -4 -2 -4 -4 -8 -5  6    3   0   0   0   0   0   0   0   0  28   6   0   0   1   2   2   1   0   0  57  1.75 0.85
  449 G    0 -8 -6 -6 -6 -7 -7  6 -8 -9 -9 -7 -8 -9 -8  4 -6 -9 -9 -9    8   0   0   0   0   0   0  60   0   0   0   0   0   0   0  31   0   0   0   0  2.01 1.03
  450 I   -6 -8 -9 -9 -5 -8 -9 -9 -9  6  3 -8  2 -1 -8 -8 -4 -8 -7  5    0   0   0   0   0   0   0   0   0  37  23   0   4   2   0   0   1   0   0  33  1.62 0.77
  451 P    1 -3  3 -4 -6 -5 -4  2 -4 -7 -8 -6 -5 -9  7  0 -3 -6 -7 -5   10   2  13   1   0   0   1  13   0   0   0   0   0   0  49   6   2   0   0   1  1.49 0.84
  452 D    2 -4 -2  7 -6  0 -2 -3  0 -9 -5 -2 -7 -6 -5 -1 -5 -6 -4 -7   16   1   1  62   0   4   3   2   2   0   1   2   0   0   1   4   0   0   1   0  1.70 0.89
  453 C   -1  0 -8 -10 11 -9 -10 -6 -10 -5 -5 -9 -5 -9 -10 -2 -1 -10 -7 -1    5   5   0   0  74   0   0   1   0   1   1   0   0   0   0   3   4   0   0   5  3.30 1.35
  454 I   -3 -9 -9 -9 -4 -8 -9 -9 -9  7  0 -8  0 -4 -9 -8 -3 -3 -7  5    3   0   0   0   0   0   0   0   0  52   7   0   2   1   0   0   2   0   0  33  1.91 0.88
  455 D    2  4 -2 -1 -5  0  1 -1  2 -4 -2  2 -3 -5 -5 -1  0 -7 -5 -2   19  25   2   3   0   4  10   4   5   1   4  11   1   0   0   4   5   0   0   3  0.50 0.38
  456 Q   -1  0  2  1 -4  5 -1 -1  1 -7 -5 -1 -5 -4 -6  4 -1 -3 -2 -5    5   5   9   7   0  22   3   4   4   0   1   3   0   1   0  30   3   0   1   1  0.75 0.55
  457 G    5 -7 -7 -8 -8 -7 -8  6 -8 -9 -9 -7 -8 -9 -8  0 -6 -9 -9 -8   41   0   0   0   0   0   0  52   0   0   0   0   0   0   0   6   0   0   0   0  1.96 0.98
  458 K   -2  4 -1 -2 -2  2  3 -3  1 -2 -2  3 -1 -1 -5 -2 -1 -1  1 -2    3  21   3   2   1   7  16   2   3   2   5  15   2   3   0   2   4   1   5   3  0.42 0.33
  459 A    1  3  0  0 -5  3  3 -4  0 -3 -2  2 -2 -6 -4 -1  0 -6 -5 -3   13  17   4   6   0  12  17   1   2   2   5  10   1   0   0   4   5   0   0   2  0.44 0.35
  460 A    5 -4 -4 -7  1 -4 -5 -5 -4  0  1 -4 -1 -4 -6 -2  2 -4 -6  2   44   1   1   0   2   1   1   1   0   5  16   1   1   1   0   2  12   0   0  12  0.87 0.57
  461 V    7 -8 -8 -7 -4 -7 -7 -2 -8 -3 -7 -7 -5 -8 -7 -2 -3 -9 -8  2   79   0   0   0   0   0   0   4   0   1   0   0   0   0   0   2   1   0   0  11  2.04 1.03
  462 S    1  2 -1  3 -5  2  4 -2  0 -4 -3  0 -5 -6 -5 -1 -1 -7 -4 -3   11  12   2  13   0   9  27   4   2   1   2   5   0   0   0   5   4   0   0   2  0.55 0.41
  463 D    1  5 -1  0 -4  3  2 -3 -1 -6 -4  3 -3 -7 -6  0 -2 -7 -6 -5   10  27   3   5   0  13  12   2   1   0   2  14   1   0   0   7   2   0   0   1  0.70 0.48
  464 A    1 -7 -8 -8 -3 -6 -7 -7 -8  5  3 -7  1 -5 -7 -5 -2 -5 -6  4   11   0   0   0   1   0   0   0   0  30  26   0   3   0   0   0   2   0   0  27  1.18 0.61
  465 L    1 -3 -5 -3 -2 -3 -3 -4 -3  3  4 -3  2 -1 -6 -2 -1  0 -3  2   14   1   0   1   1   1   2   1   1  15  34   2   5   2   0   2   4   1   0  13  0.54 0.35
  466 T    3  1  1  2 -4  1  3 -1 -1 -5 -5 -1 -4 -5 -5  2  0 -6 -4 -4   21   8   7  10   0   6  16   4   1   0   0   3   0   0   0  16   6   0   0   1  0.48 0.38
  467 Y    0  1 -1  0 -2  0  0 -3  5 -4 -3 -3 -2  4 -5  0 -1  2  5 -3    8   9   3   5   1   4   6   1  12   0   2   1   1  15   0   7   3   3  19   1  0.55 0.37
  468 L   -6 -7 -6 -8 -3 -7 -7 -8 -7  2  6 -7  3 -1 -7 -7 -6 -6 -5  0    0   0   0   0   0   0   0   0   0   9  76   0   5   3   0   0   0   0   0   7  1.71 0.76
  469 F    3  3  0 -1 -4 -1 -1 -2  0 -3 -1  1 -1  2 -3  0 -2 -1 -2 -3   27  20   4   4   0   1   3   1   2   1   7   8   2   9   0   8   1   1   1   1  0.30 0.26
  470 S    3 -4  3 -3 -4 -3 -3 -3 -4 -5 -5 -3 -4 -5 -4  5  2 -6 -5 -4   29   0  12   0   0   0   0   0   0   0   0   0   0   0   0  46  13   0   0   0  1.04 0.52

                      K         Lambda
Standard Ungapped    0.1330     0.3155
Standard Gapped      0.0410     0.2670
PSI Ungapped         0.2224     0.3176
PSI Gapped           0.0681     0.2670
