
Last position-specific scoring matrix computed, weighted observed percentages rounded down, information per position, and relative weight of gapless real matches to pseudocounts
           A  R  N  D  C  Q  E  G  H  I  L  K  M  F  P  S  T  W  Y  V   A   R   N   D   C   Q   E   G   H   I   L   K   M   F   P   S   T   W   Y   V
    1 M   -6 -6 -7 -8 -6 -5 -7 -8 -6  1 -3 -6 11 -5 -7 -6 -5 -6 -6 -4    0   0   0   0   0   0   0   0   0   8   0   0  92   0   0   0   0   0   0   0  3.48 1.17
    2 N   -4 -3  6  3 -5 -3  1 -3 -3 -4 -6  1 -2 -6 -4  0  3 -6 -2 -3    0   0  37  19   0   0   8   1   0   1   0   9   1   0   0   5  17   0   1   1  0.95 0.51
    3 R   -2  2  2  2 -3  2  3 -3 -2 -2 -2  3 -2 -3 -2 -1 -1 -4 -1 -3    3   9  10  11   0   8  18   1   1   3   5  19   1   0   1   3   3   0   3   2  0.36 0.26
    4 E   -2 -4 -1  3 -6  1  6 -5 -4 -3 -3 -1 -5 -5 -4 -2 -1 -6 -3 -5    3   0   3  18   0   6  54   0   0   2   3   4   0   0   0   3   4   0   1   0  1.15 0.60
    5 E   -3 -3  2  3 -6  2  5 -2 -4 -4 -4  2 -4 -5 -3 -2 -2 -6 -4 -4    1   1   8  15   0   9  40   3   0   1   2  13   0   0   1   1   2   0   0   1  0.86 0.50
    6 M   -3 -3 -1 -3 -3 -1 -3 -5 -3  3  3 -3  5 -1 -5 -2 -1 -1 -1  1    1   1   4   1   0   2   1   0   0  19  33   2  13   3   0   2   3   1   2   9  0.60 0.35
    7 T   -1 -3  2 -1 -3  2  5 -5 -3  0 -2 -1 -1 -4 -4 -1  1 -5 -2  0    4   1  10   3   0   9  41   0   0   5   3   2   2   0   0   3   8   0   2   6  0.64 0.43
    8 L   -2 -1  1 -1 -5  4  4 -4 -1 -2  0  0  3 -3 -3 -1  1 -5 -4 -3    3   2   6   2   0  19  27   1   1   2  10   5   7   1   1   5   7   0   0   1  0.49 0.36
    9 L    0 -2 -2 -1 -1  0 -2 -4 -3  4  1 -1  1 -1 -4 -2  0 -4 -2  3    8   2   2   3   1   5   2   1   1  27  13   3   3   2   0   3   7   0   1  18  0.33 0.24
   10 G    4 -4 -3 -4  5 -4 -4  0 -5  2 -2 -4 -2 -3 -3  3 -1 -5 -3  0   33   0   1   0  10   0   1   6   0  12   3   0   1   1   1  21   2   0   1   7  0.63 0.41
   11 F   -6 -6 -7 -7 -1 -6 -7 -7 -6 -1 -1 -5  9  7 -7 -5 -2 -2 -2 -2    0   0   0   0   2   0   0   0   0   3   5   1  46  37   0   1   3   0   1   2  2.12 0.87
   12 E   -2  0  1 -1 -5  5  4  0 -2 -5 -4  1  1 -5 -3  0  0 -6 -5 -4    3   3   7   3   0  25  23   6   1   0   1   9   4   0   1   7   6   0   0   1  0.60 0.41
   13 I   -5 -7 -7 -7 -5 -6 -7 -6 -7  6  3 -7  5 -4 -7 -5 -4 -6 -5  1    0   0   0   0   0   0   0   1   0  50  28   0  14   0   0   1   1   0   0   6  1.58 0.69
   14 V   -6 -8 -8 -8 -6 -7 -8 -9 -8  8  0 -7  0 -5 -8 -7 -4 -7 -6  2    0   0   0   0   0   0   0   0   0  79   8   0   2   0   0   0   1   0   0  10  2.26 0.90
   15 A    2 -3 -3 -4 -1 -2 -4 -2 -4  1  2 -3  2 -2 -4  3  0 -5 -3  1   21   1   1   0   1   2   0   3   0   6  22   1   5   1   0  20   6   0   1   8  0.39 0.34
   16 Y   -1 -3  4 -2 -1 -1 -1 -3  6 -3 -1 -1 -1  0 -4 -1 -2 -2  4 -4    5   1  19   2   2   3   3   2  23   2   7   4   1   4   1   5   3   0  14   0  0.66 0.43
   17 A    6 -6 -4 -6 -1 -5 -5  0 -6 -3 -5 -5 -5 -6 -5  3 -1 -7 -6  0   59   0   1   0   1   0   0   7   0   1   1   0   0   0   0  21   4   0   0   6  1.26 0.72
   18 G   -3 -5 -3 -6 -3 -4 -7  7 -7 -9 -9 -7 -8 -8 -7 -3 -4 -8 -8 -8    2   1   1   0   1   1   0  91   0   0   0   0   0   0   0   2   1   0   0   0  2.53 1.05
   19 D   -2 -3  4  5 -3  1  3 -3  0 -4 -5 -1 -1 -5 -5 -1  0 -7 -4 -4    4   1  20  32   0   5  17   1   2   1   1   3   2   0   0   4   6   0   0   1  0.84 0.53
   20 A    7 -6 -6 -6  0 -5 -6  1 -6 -4 -6 -5 -6 -4 -6  0 -3 -7 -6 -3   78   0   0   0   2   0   0   8   0   1   0   0   0   1   0   7   1   0   0   2  1.73 0.91
   21 R   -4  7 -3 -4 -8 -1 -3 -5 -1 -7 -5  5  0 -1 -6 -3 -3 -7 -4 -5    1  51   1   0   0   2   1   1   2   0   1  34   2   3   0   1   1   0   1   0  1.62 0.83
   22 S    0 -2  2  0 -2  0 -2  0 -2 -4 -3  0 -2 -4 -4  5  1 -5 -4 -3    8   1   9   5   1   3   2   6   1   1   3   4   1   1   0  44   8   0   1   2  0.60 0.47
   23 K   -1 -2  0  0  2  0  0 -3  1  0  2  1  1  0 -3  0 -1 -3  2 -2    5   1   4   5   5   3   5   1   4   7  23  11   4   3   0   8   2   0   7   1  0.14 0.18
   24 L    3 -4 -3 -5  3 -3 -4 -2 -4  2  1 -4  0  2 -4  0 -1 -3  3  0   25   0   1   0   6   1   0   2   0  14  14   0   2   8   0   6   3   0  10   7  0.41 0.32
   25 L   -2 -2  0 -2 -4 -1 -2 -4  1  1  1 -1  6  3 -5 -2 -1 -3  2 -1    3   2   4   2   0   3   2   1   4   9  13   4  23  11   0   3   4   0   8   4  0.45 0.35
   26 E   -1 -1  1  1 -6  3  5 -3  1 -4 -3  1 -1 -5 -4 -2 -2 -6 -3 -4    4   3   6   6   0  11  43   2   3   1   2   9   2   0   0   3   2   0   1   1  0.78 0.52
   27 A    6 -5 -5 -6 -1 -5 -5 -2 -6 -2 -4 -5 -5 -6 -5  1 -2 -6 -6 -1   75   0   0   0   1   0   0   3   0   3   2   0   0   0   0   9   2   0   0   3  1.56 0.85
   28 L   -3 -5 -4 -6 -2 -5 -4 -4 -5  5  4 -5  3  1 -6 -4 -3 -1 -2  1    2   0   1   0   1   0   1   1   0  32  36   0   8   6   0   1   1   1   1   7  0.94 0.55
   29 K    0  1  1  2 -2  3  2 -2  1 -3 -3  2 -1 -2 -3  0  0 -5 -2 -3    7   8   5  14   1  12  14   2   3   1   2  14   1   2   0   7   4   0   1   2  0.33 0.30
   30 A    3 -1 -1 -1  2  0  1 -2  1 -2  0  1 -1 -1 -3  0 -1 -4  0 -1   24   3   3   4   5   4  10   1   3   1  12  10   1   3   0   6   3   0   4   3  0.17 0.23
   31 A    5 -3 -3 -5 -1 -2 -3 -3 -2  1  0 -2  3 -2 -4 -1 -2 -5  0  1   46   1   1   0   1   1   2   2   1   8   9   2   7   2   0   5   1   0   3   8  0.61 0.49
   32 E   -1  4 -1 -1 -2  0  2 -2 -1 -3 -2  5 -1 -1 -5 -1 -3 -5 -1 -3    4  18   2   3   1   3  12   3   2   1   3  35   2   2   0   4   1   0   2   1  0.62 0.47
   33 N    0  0  2  2 -5  2  3 -2  0 -2 -3  2 -1 -5 -2  0 -1 -5 -2 -2    8   4   8  12   0   8  20   2   2   3   2  14   2   0   1   7   3   0   1   2  0.35 0.32
   34 G   -1 -1  1  0  0 -1 -1  5  0 -6 -4  0 -1  0 -2 -1 -3 -5 -1 -3    4   3   6   5   2   3   4  44   2   0   2   6   2   5   2   5   2   0   2   1  0.63 0.45
   35 D   -2  0  3  4  0  1  1 -2  1 -2 -3  1 -4 -2 -2  0 -1 -5 -1 -3    3   4  16  24   2   6   9   3   3   2   2  10   0   2   2   5   3   0   2   2  0.41 0.35
   36 F   -3 -1 -1 -2  1  0 -2 -3  1  0 -2  0  1  6 -2 -1 -2  2  3 -2    3   4   4   3   3   4   3   3   3   6   4   5   3  29   3   4   3   3   7   3  0.59 0.34
   37 A    0  0  0  0  2  1  0  0  2  0 -1  0  1 -2  1  0  0 -3  1  0    6   6   5   6   5   5   6   6   5   6   6   6   5   0   6   6   6   0   5   6  0.04 0.08
   38 K    0  0  0  0 -3  2  2  0  1 -1 -1  1  0 -1 -1  0 -1 -3  0 -1    7   5   4   5   0   8  19   6   3   3   6  10   3   3   3   5   4   0   3   3  0.12 0.15
   39 A    5 -5 -1 -5  1 -1 -5 -2 -5  0 -3 -4  0 -1 -1  1 -1 -5  0  0   49   0   3   0   3   2   0   3   0   6   3   0   2   3   3  10   3   0   3   6  0.73 0.51
   40 D   -1  1  0  1  0  2  3 -1  1 -1 -2  1  0 -1 -1 -1 -1 -4  0 -1    5   6   4   9   3   9  20   4   3   3   4   9   3   3   3   3   3   0   3   3  0.18 0.21
   41 S    1  0  0  0  0  2  2 -2  1 -1 -2  1  0 -1 -1  0  0 -4  0 -1   10   4   5   5   3  10  16   3   4   4   4   9   3   3   3   5   5   0   3   4  0.12 0.16
   42 L   -2 -1 -1 -2  1  1 -1 -4  1 -2  3  4  0 -2 -4 -2 -2  0  0 -2    3   3   3   1   3   7   3   1   3   1  31  26   2   2   0   3   2   1   4   1  0.40 0.33
   43 V   -2 -2 -4 -5  0 -1 -4 -5 -1  3  4 -2  6  0 -4 -4 -3  1  0  0    2   2   0   0   2   2   0   1   2  16  35   2  21   4   0   1   0   2   3   5  0.73 0.38
   44 V    0  0  0  2 -1  2  2 -2  0 -2 -2  3 -1 -2 -3 -1 -1  0 -3 -2    9   4   4  10   2   8  17   3   2   3   3  21   2   2   0   3   3   1   0   3  0.26 0.21
   45 E   -1 -1  0  0 -1  3  4 -2  0 -1  0  1  0 -4 -3 -1  0 -4 -1 -2    6   3   3   5   2  15  27   3   2   3   9   7   2   0   0   4   5   0   2   2  0.30 0.25
   46 A    4 -4 -3 -3  4 -3 -3  3 -4 -3 -4 -3 -3 -4 -3  1  1 -4 -4  0   39   1   0   1   8   0   1  18   0   1   1   1   0   0   1  12   8   0   0   8  0.67 0.32
   47 G    0  2  1  1 -3  1  1 -1  2 -1 -1  1  0 -1 -2  0  0 -3  0 -1    5  13   7  10   0   4   9   4   6   3   4  11   3   3   1   6   4   0   3   4  0.12 0.09
   48 S    0  0  0  2 -5  2  3 -1  0 -2 -2  2 -1 -5 -2  0 -1 -5 -4 -2    7   4   5  10   0   8  23   4   2   2   4  14   2   0   2   5   3   0   0   3  0.33 0.30
   49 C    2 -1  0 -1  1  0  2 -2  1 -1 -1  0  0  0 -2  0 -1  1  1 -2   18   2   4   2   3   4  17   2   4   3   7   6   2   5   1   8   2   2   6   2  0.16 0.20
   50 I   -1 -1 -1 -1  1 -1 -3 -2 -3  2  2 -1  2  2 -4 -1 -1 -3  1  0    4   3   3   3   3   3   0   4   0  15  23   3   6  10   0   4   3   0   5   5  0.18 0.19
   51 A    0  0  0  0  0  0  0 -1  1  1  1  0  0  0 -2  0  0 -2  0  1    6   5   5   4   3   5   4   3   4   8  14   7   3   3   0   5   7   0   3  11  0.02 0.05
   52 E    1  0  0  0  0  2  3 -2  0 -1 -1  2  0 -1 -3 -1 -1 -4 -1 -1   11   4   4   3   2   9  20   3   3   4   7  15   2   2   0   3   3   0   2   3  0.19 0.22
   53 A    1 -2 -1 -2  4 -1 -2  1 -2  1  0 -2  2 -2 -2  1  1 -2 -2  1   12   1   0   1  11   0   1  12   0  12   1   1  11   0   1  12  12   0   0  12  0.14 0.08
   54 H    0  1  1 -1 -3  1  1  0  2 -2 -1  1 -1 -2 -2  0 -1 -2  2 -2    9   9   9   0   0   9   9   9   9   0   9   9   0   0   0   9   0   0   9   1  0.14 0.11
   55 S    0  1  2  0  1  2  1 -2  2 -1 -2  3  1 -6 -1 -1 -1 -7 -6 -1    7   8   9   5   3   9   8   4   5   4   5  14   3   0   3   5   5   0   0   4  0.25 0.20
   56 S   -1  0  0  0  2  0  0 -1  2  0 -1  0  2  1  0 -1  0  4  1 -1    5   5   5   5   5   5   5   5   5   5   5   5   5   5   5   5   5   5   5   5  0.09 0.08
   57 Q   -3 -2  1 -3 -4  5  1 -4  7 -4 -1  1 -3 -4 -4  0  0 -4 -2 -4    1   0   6   0   0  25   7   1  31   0   6   8   0   0   0   6   6   0   0   1  0.91 0.42
   58 T    0  0  0 -2 -2  1  0  0  2  0  0  0  1  1 -2  0  0 -2  1  0    6   6   6   0   0   6   6   6   6   6   6   6   6   6   0   6   6   0   6   6  0.04 0.09
   59 G   -1  0  0  2  1  2  2 -1  1 -1 -2  2  0 -1 -3  0 -1 -3  0 -1    4   4   4  10   3   9  15   5   4   4   3  13   3   3   0   5   4   0   3   3  0.15 0.16
   60 M    0  0 -2  0  2  1  0 -3 -2  0  0  0  1  1 -3  0  0  4  1  0    6   6   0   6   6   6   6   0   0   6   6   6   6   6   0   6   6   6   6   6  0.10 0.14
   61 L    0  1 -2 -2  3 -1 -2 -2 -2  1  1 -1  2  1 -2  0  1 -2 -1  1   10  10   0   0   9   0   1   1   0  10  10   1   9   9   0  10  10   0   0  10  0.11 0.10
   62 A   -1  0  0 -1  1  4  1 -2  1 -1 -2  0  0 -1 -3  0  1 -3  0 -1    5   3   3   3   3  25   8   3   4   3   3   6   3   3   0   6   8   0   4   4  0.25 0.22
   63 R    0  1  0  0  0  1  1 -1  0 -1 -1  2  1 -1  0 -1 -1  1  0 -2    9   6   4   6   2   7   8   3   2   4   7  14   6   2   5   4   2   2   3   2  0.09 0.11
   64 E    0 -1  0  0 -2  1  0  0  2  0  0  0  1  1  1  0  0 -2  1  0    6   0   6   6   0   6   6   6   6   6   6   6   6   6   6   6   6   0   6   6  0.04 0.08
   65 A    3 -1 -1 -1  0  0  0 -1 -3  1 -1 -1  1 -1 -1  0  0 -4 -3  1   31   3   2   4   2   4   5   3   0   9   6   2   3   3   2   7   3   0   0  10  0.16 0.22
   66 S    0  1  2  1  0  1  1  1  0 -2 -2  0  0 -3 -1  1  0 -4 -3 -2    7   8  14   9   2   7  10   9   3   2   3   6   3   0   2   8   4   0   0   2  0.17 0.17
   67 G   -2 -3  0  0 -1 -2  2  6 -2 -4 -4 -1 -3 -4 -3 -1 -2 -6 -6 -3    3   1   3   6   1   2  12  52   1   1   2   5   1   1   1   4   2   0   0   2  0.95 0.59
   68 E   -2 -2  2  2 -2  0  5  0 -2 -1 -4  0 -2 -2 -2 -1 -1 -6 -3 -2    2   2   9  11   1   4  34   8   1   4   2   5   1   2   2   4   4   0   1   3  0.51 0.41
   69 E   -1  0  1  2 -2  1  1 -1  1 -3 -2  3 -2 -3  0  0  0 -5 -1 -2    4   4   8  10   1   5  10   4   3   2   3  21   1   1   5   8   6   0   2   3  0.26 0.25
   70 L   -1 -2  0 -1 -2  0 -1 -3  0  3  1 -2  1  0 -1  0  1 -1  0  2    4   1   6   3   1   4   4   2   3  16  12   2   3   3   4   5   9   1   4  14  0.13 0.16
   71 P   -1 -2  1  1 -1  2  3 -2  1 -3 -3  1 -1 -5  3  0  1 -2 -2 -2    4   2   6   8   1   9  19   3   3   2   2   8   2   0  14   6   7   1   1   2  0.36 0.34
   72 Y    0 -2  0 -2  2  0  0 -1  2  0 -1  0  1  1  0  0  0  3  1  0    6   0   5   0   5   5   6   6   5   6   6   6   5   5   6   6   6   5   5   6  0.08 0.13
   73 S   -1 -1  2  0  1  0 -1  0  1 -1 -1 -1  1 -3  0  3  1 -4  0 -1    3   3   9   5   3   4   4   6   3   4   4   4   4   0   4  25  10   0   3   3  0.18 0.24
   74 V   -1 -1 -4 -5 -4 -4 -4 -5  1  2  4 -4  3  2 -1 -2 -1 -4  0  1    4   3   0   0   0   0   0   0   3  11  40   0   7   7   3   3   3   0   3  10  0.52 0.35
   75 T   -3 -4 -5 -5 -4 -4 -5 -5 -4  3  5 -2  3  0 -5 -3 -2  1  0  0    0   0   0   0   0   0   0   0   0  16  55   2   6   3   0   2   3   2   3   6  0.83 0.43
   76 M    0 -2 -1  0 -2  1  0  0 -1  0  0 -1  1  1 -2  0  0 -2  1  0    8   0   0   8   0   7   8   8   0   8   8   0   7   7   0   8   8   0   7   8  0.05 0.10
   77 M    0 -3  0 -3  1 -2 -1 -1  1  2  0 -2  3  0 -3 -1  0 -3 -2  3    6   0   4   0   4   0   4   4   4  14   5   0  11   4   0   5   5   0   0  28  0.17 0.18
   78 H   -3  0 -2  0 -4 -2 -2 -4  9 -4 -2 -3 -3 -3  0 -1 -3 -4  1 -4    1   5   0   5   0   0   1   1  66   0   5   1   0   0   5   5   1   0   4   1  1.59 0.54
   79 G    5 -3 -3 -4 -3 -3 -3  1 -4 -1 -3 -3  1 -4 -3  1  0 -5 -4 -1   65   0   0   0   0   0   0  11   0   4   0   0   4   0   0   9   4   0   0   4  0.80 0.37
   80 Q   -2 -1 -1 -2 -5  7  3 -3  0 -4 -2  1  0 -5 -3 -1 -3 -4 -1 -4    2   0   2   0   0  56  22   2   2   0   3   5   3   0   0   2   0   0   2   0  1.02 0.43
   81 D   -2 -4  1  7 -1 -2  0 -2  0 -5 -6 -3 -5 -5 -4  0 -2 -6 -2 -5    2   0   6  77   2   0   2   2   2   0   0   0   0   0   0   5   2   0   2   0  1.44 0.47
   82 H   -3 -2  1 -3 -4  3 -2 -4  8 -1 -2 -2  1 -3 -1 -1  1 -4  0 -3    0   0   5   0   0  14   0   0  52   5   3   0   4   0   3   3   9   0   2   0  1.05 0.41
   83 L   -3 -4 -5 -5  0 -2 -4 -5 -4  1  5 -4  3  1 -4 -4 -1 -3  1  1    0   0   0   0   2   2   0   0   0   7  66   0   7   4   0   0   2   0   5   7  0.72 0.29
   84 M   -2 -3  1 -4 -1 -2 -2 -3 -3  0  0 -3  8 -2 -4  0  0 -4 -3 -1    2   0   9   0   1   0   2   1   0   4   4   0  61   1   0   6   6   0   0   2  1.03 0.45
   85 T    0 -2  3 -1  0  0 -2 -1 -1 -1 -2 -1  2 -3 -3  2  3 -4 -3 -1    7   1  17   3   2   3   1   4   1   2   1   2   7   1   0  20  25   0   0   4  0.33 0.23
   86 T    5 -3 -2 -3  1 -3 -3 -1 -3  0 -2 -2 -2 -4 -2  1  2 -4 -3  0   54   0   1   0   3   0   0   2   0   5   1   2   0   0   1   8  17   0   0   7  0.58 0.32
   87 I   -1 -2 -1  0 -1  2  2 -2 -1  2  0 -1  4 -2 -3 -1  0  0 -1  0    2   0   3   4   1   9  19   2   1  19   9   2  14   1   0   3   6   1   2   3  0.22 0.20
   88 L    0 -3  0 -1 -2 -2 -2 -3 -3  1  2 -3  2 -2 -3  2  3 -4 -2  0    5   0   4   2   1   1   2   1   0   7  20   0   7   1   0  20  24   0   1   6  0.31 0.24
   89 L    1 -3 -2 -2  1 -1  2 -3 -2  1  0 -2  2  2 -3 -1  0 -1  1  1   13   0   1   1   3   1  21   1   0  10  10   1   6   9   0   4   5   1   6   8  0.18 0.18
   90 K   -2  3 -2 -2  0  1 -1 -3  1  1  1  3  1 -1 -3 -2 -1  0  0  0    0  16   1   1   2   7   2   1   4  11  12  25   3   1   0   2   2   1   4   5  0.27 0.21
   91 D   -2 -1  2  5 -2 -1  2 -2 -1  1 -2 -1 -1 -2 -3 -1 -1 -5 -3 -2    3   3  12  33   1   2  16   2   1   8   3   2   2   2   1   4   3   0   1   3  0.47 0.28
   92 V   -3 -4 -2 -4 -2 -3 -4 -6 -1  2  4 -4  5  2 -5 -2 -1 -4 -1  0    0   0   2   1   0   1   0   0   1  11  45   0  18   7   0   3   3   0   1   4  0.78 0.39
   93 I    4 -3 -4 -4  0 -4 -4 -2 -4  2 -1 -4  0 -2 -4  0  1 -5 -3  2   46   1   0   0   2   0   0   2   0  13   4   0   3   1   0   7   9   0   1  12  0.61 0.37
   94 H   -1  2  0  0 -4  2  3 -1  0 -2 -3  3 -1 -4 -2 -1  0 -3 -3 -1    5   8   5   3   0   7  19   5   2   2   2  25   1   0   1   4   5   0   1   4  0.34 0.24
   95 H   -3  0 -1 -1 -4  1  6 -5  3 -3 -3  1 -2 -4 -5 -2 -2 -6 -1 -3    2   5   3   3   0   6  54   0   7   2   2   7   1   1   0   2   1   0   2   1  0.95 0.49
   96 L   -3 -5 -4 -6 -4 -2 -5 -6 -3  4  3 -5  5  4 -6 -3 -2 -1 -1 -1    1   0   1   0   0   2   0   0   1  21  30   0  18  20   0   1   2   1   1   2  0.91 0.43
   97 I   -3 -5 -5 -6  0 -4 -5 -4 -6  7  1 -4  1 -2 -6 -4 -2 -6 -3  3    1   0   0   0   2   1   0   1   0  59  10   1   3   1   0   1   2   0   1  17  1.25 0.53
   98 E   -1  0  2  3 -4  0  3 -1  1 -4 -3  1 -3 -4 -2 -1 -1 -5 -2 -3    6   5  11  20   0   2  24   3   3   1   2  10   1   0   1   3   3   0   2   2  0.44 0.28
   99 L   -3 -5 -5 -6 -2 -2 -5 -5 -6  4  5 -5  4 -1 -6 -4 -3 -2 -3  1    1   0   0   0   1   2   0   1   0  20  49   0  12   2   0   1   1   0   0   9  1.01 0.46
  100 Y   -3 -1 -1 -5  0 -2 -4 -6  4 -2 -1 -4  0  3 -7 -4 -4  1  8 -3    2   4   3   0   2   2   1   0   9   3   5   1   3   9   0   1   0   1  52   2  1.43 0.62
  101 K   -3  3 -2 -3 -3  3  4 -4 -2 -6 -5  5 -5 -7 -4 -3 -3 -6 -4 -6    1  15   1   1   1  12  23   1   0   0   1  41   0   0   0   1   1   0   0   0  1.12 0.55
  102 R   -3  5  0 -2 -6  2  3 -5 -3 -3 -4  4 -3 -4 -5 -2 -2 -6 -4 -4    1  30   4   1   0   7  18   0   0   2   2  30   0   1   0   2   1   0   0   0  0.94 0.46
  103 G   -3 -2 -2 -5 -4 -2 -3 -3 -5  4  4 -3  2  1 -5 -4 -2 -4 -1  1    1   2   2   0   0   1   1   2   0  28  37   2   6   5   0   0   1   0   2   9  0.64 0.32
  104 A    1  0  2  0  0  2  0 -2  1 -3 -3  2 -1 -2 -3  1  1 -4 -1 -2   15   2  12   5   2  10   6   2   4   1   1  16   1   2   0  10   7   0   2   2  0.23 0.18
  105 K   -4  2  0 -3 -6  2  4 -5 -3 -6 -6  6 -4 -6 -4 -3 -4 -6 -5 -5    0   9   5   0   0  10  24   0   0   0   0  52   0   0   0   0   0   0   0   0  1.27 0.50

                      K         Lambda
Standard Ungapped    0.1301     0.3162
Standard Gapped      0.0410     0.2670
PSI Ungapped         0.1505     0.3187
PSI Gapped           0.0461     0.2670
