
Last position-specific scoring matrix computed, weighted observed percentages rounded down, information per position, and relative weight of gapless real matches to pseudocounts
           A  R  N  D  C  Q  E  G  H  I  L  K  M  F  P  S  T  W  Y  V   A   R   N   D   C   Q   E   G   H   I   L   K   M   F   P   S   T   W   Y   V
    1 M   -4 -5 -6 -6 -4 -4 -5 -6 -5  2  4 -5  8 -3 -6 -5 -4 -5 -4 -2    0   0   0   0   0   0   0   0   0  10  40   0  50   0   0   0   0   0   0   0  1.63 0.55
    2 E   -1  0  0 -2 -4  2  3 -4 -2 -1 -1  4 -1 -3 -1 -2  1 -4 -1 -2    4   2   5   0   0   9  25   0   0   4   5  27   1   1   2   1  10   0   2   2  0.42 0.27
    3 F   -6 -7 -8 -8 -6 -7 -7 -8 -7  4  6 -6  0  1 -7 -7 -6 -6 -5 -2    0   0   0   0   0   0   0   0   0  18  74   0   2   5   0   0   0   0   0   1  1.76 0.73
    4 Q   -2 -1  3  1 -2  0  0 -4 -1 -2 -3  1 -2 -5  0  2  4 -6 -3 -3    2   3  13   7   1   5   5   0   1   2   3  10   1   0   4  13  30   0   1   1  0.49 0.36
    5 K   -1  0 -2  0 -4  0  4 -4 -3 -2 -4  4 -4 -6  2 -1 -1 -6 -4 -3    6   5   2   4   0   3  27   1   0   2   1  28   0   0  12   3   4   0   0   2  0.67 0.42
    6 D   -3 -1  2  4 -7  1  5 -3 -1 -7 -6  2 -6 -7 -4  1 -2 -7 -6 -6    2   4   8  23   0   6  32   2   1   0   0  11   0   0   0   8   2   0   0   0  0.89 0.49
    7 L   -1  0  4  1 -1  0 -2 -2  3 -3  1 -1  2  0 -4  0  2 -4 -1 -2    4   5  22   7   2   4   1   2   6   0  14   3   5   4   0   6  11   0   2   2  0.29 0.26
    8 I   -5 -8 -8 -8 -6 -8 -8 -9 -8  8 -2 -8 -2 -4 -8 -7 -5 -8 -5  3    0   0   0   0   0   0   0   0   0  76   2   0   1   0   0   0   0   0   0  20  2.34 0.90
    9 K   -1  3 -1 -2 -1  4  0 -4  1  0  0  2 -1  0 -4 -1 -1 -5 -2  0    5  17   2   1   1  20   6   0   3   5   9  12   1   5   0   3   3   0   1   5  0.35 0.28
   10 L   -3 -4 -7 -7 -2 -4 -6 -7 -6  3  5 -6  1  3 -5 -5  0 -3 -3  1    2   1   0   0   1   1   0   0   0  14  54   0   3  10   1   0   5   0   0   8  1.06 0.51
   11 N   -1 -1  5  3 -4  1 -1  2  1 -2 -4  1 -2 -5 -4 -1 -1 -6 -4 -2    5   3  28  14   0   7   3  15   4   2   1   7   1   0   0   3   4   0   0   3  0.54 0.35
   12 Q    1 -2 -1  1  2  2  0 -1 -2  0  1 -2 -1 -2 -2 -1 -2 -4 -1  2   13   2   2   9   5  11   6   4   1   5  12   2   1   1   1   3   1   0   2  18  0.15 0.18
   13 H   -1  1  0  1 -3  1  3 -3  2 -4 -4  2 -3 -4  0  1  1 -5 -2 -3    5   6   4   7   0   7  21   1   5   1   1  13   0   1   4  13   8   0   1   2  0.36 0.27
   14 F    5 -4 -4 -5  3 -3 -4 -3 -5 -1 -3 -2 -2  1  0  0 -2 -6 -4  3   45   1   0   0   7   1   1   1   0   3   2   2   1   5   5   5   2   0   0  21  0.77 0.47
   15 P    1  0  1  2 -2  0  1 -1 -1 -2 -2  2  0 -3 -1  1  1 -3 -3 -1   11   3   6  11   1   3  10   3   1   2   4  14   2   0   2  13   9   0   0   6  0.18 0.17
   16 D   -4 -5  4  6 -6 -4 -2 -3 -2 -7 -7 -4 -5 -7 -4  3  2 -8 -6 -6    1   0  20  40   0   0   1   2   1   0   0   1   0   0   1  19  13   0   0   0  1.30 0.65
   17 K   -3  1 -7 -6 -3 -4 -6 -7 -7 -6 -6  5 -4 -5 -2 -5 -6 11 -3 -6    2   7   0   0   1   1   0   0   0   1   0  31   1   0   2   1   0  53   0   0  2.74 1.05
   18 E   -2  1 -1  1 -5  3  5 -5 -2 -3 -5  2 -2 -4 -4 -2 -2 -2 -3 -3    3   8   2   6   0  14  42   0   1   2   1  12   1   1   0   2   3   1   1   1  0.86 0.50
   19 A   -1 -4 -2  5 -7  1  6 -4 -2 -7 -7 -2 -5 -8 -6 -1 -3 -8 -7 -5    5   0   2  28   0   5  50   1   1   0   0   2   0   0   0   4   1   0   0   0  1.41 0.69
   20 A    7 -7 -7 -7 -3 -6 -6 -4 -7 -3 -5 -6 -6 -7 -6 -1 -4 -8 -7  0   87   0   0   0   1   0   0   1   0   1   0   0   0   0   0   3   0   0   0   7  2.07 0.92
   21 I   -5 -8 -8 -8 -6 -6 -8 -6 -8  8  0 -7 -1 -4 -8 -7 -5 -7 -6  3    0   0   0   0   0   0   0   1   0  73   9   0   1   1   0   0   0   0   0  16  2.09 0.82
   22 R   -1  6 -1 -1 -4  2  1 -4  0 -2 -4  2 -2 -4 -5 -2 -1 -2 -2 -3    6  40   2   4   0   8   9   1   2   3   1  13   1   0   0   2   4   1   1   1  0.76 0.44
   23 F    1  0 -3 -3 -1  2  1 -4 -1  1  1  2  1  0 -4 -2 -1 -3 -1  0   11   5   1   0   1  11   9   0   1  10  17  16   4   4   0   2   2   0   2   5  0.22 0.22
   24 C    5 -5 -5 -5  2 -5 -5  1 -5 -1 -1 -5  1 -5 -5  2 -2 -6 -5  2   46   0   0   0   4   0   0   9   0   4   6   0   3   0   0  14   2   0   0  12  0.81 0.49
   25 G    4 -6 -3 -6 -1 -5 -6  6 -6 -4 -6 -5 -6 -7 -6  0 -2 -7 -7 -2   35   0   1   0   1   0   0  51   0   1   0   0   0   0   0   6   2   0   0   3  1.42 0.67
   26 Q    0  2  1  1 -4  4  3 -1 -1 -4 -4  2 -3 -5 -4 -1 -1 -3 -3 -4    8   9   7   9   0  18  20   4   1   1   1  14   0   0   0   4   2   0   1   1  0.50 0.34
   27 L   -1 -3 -4 -4 -3 -3 -4 -4 -4  2  3 -1  2 -4  5 -3 -3 -3 -3  0    4   1   1   0   0   1   1   1   0  11  34   5   5   0  27   2   1   0   1   5  0.74 0.43
   28 L   -5 -7 -8 -8 -6 -6 -6 -8 -5 -2  7 -7  3 -1 -8 -7 -6 -6 -4 -4    1   0   0   0   0   0   0   0   0   1  89   0   6   2   0   0   0   0   0   0  2.12 0.88
   29 A   -1 -3 -4 -4 -2 -1  0 -6 -3  1  3 -1 -1 -2 -5 -3 -2 -5  0  4    4   1   1   1   1   2   7   0   0   7  29   4   1   1   0   1   2   0   3  35  0.61 0.38
   30 D    1  0  1  3 -6  2  4 -4 -3 -5 -5  3 -4 -6 -4 -1 -3 -6 -3 -4   10   5   7  17   0   9  24   1   0   0   1  20   0   0   0   3   1   0   1   1  0.69 0.42
   31 G    1  0  3  1 -2  1  1  0  1 -3 -1  1 -3 -4 -4  1  0 -5 -3 -2   15   4  16   6   1   7   8   6   3   1   6   9   0   0   0  11   5   0   0   2  0.24 0.22
   32 G   -4 -4  1  0 -5 -1 -1  7 -1 -8 -7  0 -7 -8 -6 -3 -6 -7 -7 -8    0   1   5   5   0   2   4  74   1   0   0   5   0   0   0   1   0   0   0   0  1.77 0.76
   33 Y    1 -1 -1 -3  3 -3 -4 -4  0  0 -1  1 -1  1 -5  0 -2 -1  6 -1   14   3   3   2   7   1   0   0   2   5   7   8   2   4   0   7   1   0  30   4  0.56 0.37
   34 V    0 -7 -7 -6 -1 -7 -7 -6 -7  6 -2 -7 -3 -4 -7 -5 -1 -7 -6  5    7   0   0   0   2   0   0   0   0  46   2   0   0   0   0   0   3   0   0  39  1.55 0.68
   35 E   -1 -2  1  2 -4  0  4 -3 -3 -5 -4  2 -4 -5 -4  0  3 -6 -4 -5    5   2   5   9   0   3  30   2   0   0   1  12   0   0   0   6  22   0   0   0  0.68 0.44
   36 P    0 -3  0  2 -5  1  4 -3 -1 -4 -4  1 -3 -5  4  0 -2 -4 -4 -4    7   1   4   9   0   6  27   1   1   1   1   8   0   0  23   7   2   0   1   1  0.67 0.42
   37 A    0  2  1  2 -2  0  2  1 -1 -4 -4  0 -4 -5 -1  2 -1 -5 -4 -4    9  12   5  10   1   3  17  11   1   1   1   6   0   0   3  15   3   0   0   1  0.35 0.27
   38 Y   -8 -8 -8 -9 -8 -7 -8 -9 -4 -7 -7 -8 -7  1 -9 -8 -8 -4 10 -7    0   0   0   0   0   0   0   0   0   0   0   0   0   4   0   0   0   0  96   0  3.83 1.37
   39 I   -2 -4 -6 -6 -3 -4 -4 -5 -5  6  0 -3 -2 -3 -5 -4  0 -6 -3  4    4   1   0   0   0   1   1   1   0  44   7   2   0   1   0   1   6   0   1  30  1.12 0.54
   40 D   -1 -2  1  5 -7  2  4 -4 -1 -7 -6  0 -5 -7 -2 -2 -1 -7 -5 -6    4   1   6  35   0  10  27   0   1   0   0   6   0   0   2   2   4   0   0   0  1.01 0.54
   41 A    5 -3 -1  0 -3 -2 -1  2 -4 -6 -5 -1 -4 -6 -5  2 -2 -6 -5 -4   51   1   2   5   0   2   4  13   0   0   0   4   0   0   0  15   2   0   0   0  0.90 0.53
   42 M   -5 -7 -8 -9 -4 -6 -8 -8 -7  2  0 -6 10 -5 -8 -6 -4 -7 -7  0    1   0   0   0   0   0   0   0   0  11   5   0  76   0   0   0   1   0   0   6  2.94 1.13
   43 I   -4 -4 -5 -6 -3 -1 -5 -6  1  6  2 -1  0  0 -6 -5 -4 -2 -2  2    0   1   0   0   0   3   0   0   3  47  22   4   2   3   0   0   0   1   1  11  1.06 0.51
   44 Q    1  1  2  3 -5  2  4 -3  0 -6 -5  2 -4 -6 -4 -1 -2 -6 -4 -4   12   6   9  13   0  10  29   1   2   0   1  10   0   0   0   3   2   0   0   0  0.63 0.40
   45 R    0  6  4 -4 -3 -2 -4 -3 -2 -3 -4  0 -1 -5 -5  1  0 -6 -4 -2    8  40  18   0   0   1   0   1   1   1   1   5   2   0   0  11   7   0   0   3  0.89 0.51
   46 D   -2 -5 -4 -1 -1 -2  5 -6  0  1 -2 -4 -2 -2 -6 -3 -2 -5 -1  5    3   0   0   4   1   1  36   0   2   7   2   0   1   2   0   1   2   0   2  36  0.91 0.53
   47 K   -1  1  1 -1 -6  2  3 -3  2 -3 -3  4 -2 -5 -4 -2 -1 -6 -3 -3    6   7   7   3   0   7  23   1   5   2   2  29   1   0   0   1   3   0   1   1  0.63 0.40
   48 E   -2 -1  0  1 -5  3  4 -3 -2 -1 -2  2 -2 -5 -4 -1  1 -6 -4  0    2   2   4   5   0  11  33   1   1   4   5  12   1   0   0   5   8   0   0   6  0.51 0.37
   49 L    0 -3  2 -4 -1 -3 -3 -2  1  0  2 -3  3  3 -3 -1  0 -3  2  0    7   0  11   0   1   0   1   3   4   6  20   1   8  13   1   5   5   0   7   6  0.27 0.23
   50 S   -3 -5  1 -4 -5 -5 -5  6 -5 -7 -7 -5 -5 -7 -2  3  0 -7 -3 -6    1   0   6   0   0   0   0  58   0   0   0   0   0   0   2  25   5   0   1   0  1.47 0.70
   51 V   -1 -6 -4 -5 -6 -5 -5 -6 -7 -5 -6 -5 -3 -5  7 -1  5 -8 -4 -1    4   0   1   0   0   0   1   0   0   1   0   0   1   0  47   4  36   0   1   4  1.70 0.81
   52 Y   -4 -7 -4 -6 -5 -7 -7 -1 -2 -5 -6 -7 -6  3 -8 -5 -7  1  9 -4    2   0   1   0   0   0   0   5   1   1   0   0   0   8   0   1   0   2  78   1  2.77 1.08
   53 M   -6 -7 -8 -8 -6 -7 -7 -8 -7  7  2 -7  5 -1 -7 -7 -5 -7 -5  1    0   0   0   0   0   0   0   0   0  59  20   0  13   2   0   0   0   0   0   6  1.78 0.74
   54 G    3 -5 -4 -4 -3 -5 -6  5 -4 -3 -5 -5 -5 -6 -6 -3 -2 -7 -6  4   21   0   1   1   0   0   0  44   0   1   0   0   0   0   0   1   3   0   0  27  1.18 0.60
   55 N   -4 -3  4 -2 -6 -1 -1 -4 -1  3 -2  0  0 -2  5 -2 -4 -6 -4 -2    0   1  23   2   0   3   5   1   1  16   3   6   2   2  28   3   0   0   0   2  0.78 0.46
   56 F    0 -3  0 -2 -3 -2 -3  6  2 -4 -4 -1  1 -1 -6 -1 -3 -2 -1 -5    6   1   4   3   1   1   1  57   5   1   2   3   4   3   0   4   1   1   2   0  1.01 0.51
   57 I   -4 -5 -7 -6 -5 -6 -5 -7 -7  6  0 -2 -2  0  3 -6 -4 -6 -5  4    0   0   0   0   0   0   1   0   0  38   9   3   0   4  13   0   0   0   0  31  1.19 0.57
   58 A    7 -5 -3 -4 -3 -5 -5  1  0 -6 -6 -5 -3 -7 -6 -2 -4 -7 -5 -4   80   0   1   1   0   0   0  10   2   0   0   0   1   0   0   1   0   0   0   1  1.79 0.84
   59 I   -4 -7 -7 -7 -5 -6 -7 -8 -7  6  3 -7  5  0 -7 -6 -4 -6 -5  1    1   0   0   0   0   0   0   0   0  48  23   0  14   4   0   0   1   0   0   9  1.50 0.65
   60 P    3 -7 -7 -7 -4 -6 -6 -6 -7 -6 -6 -6 -7 -5  8 -4 -6 -9 -8 -4   22   0   0   0   0   0   0   0   0   0   1   0   0   1  74   1   0   0   0   1  2.52 1.04
   61 H   -7 -4 -5 -7 -8 -5 -6 -8 11 -1  0 -7  0 -2 -8 -7 -7 -8 -3 -6    0   1   0   0   0   0   0   0  82   4   9   0   2   2   0   0   0   0   0   0  3.33 1.20
   62 G    5 -6 -4 -6 -1 -5 -5  5 -6 -5 -6 -5 -6 -7  1 -1 -3 -7 -7 -4   48   0   0   0   1   0   0  38   0   0   0   0   0   0   6   3   1   0   0   1  1.40 0.69
   63 T   -3  5 -2 -4 -6 -2 -2 -4  6 -2 -2  1  1 -5 -4 -2  3 -6 -4 -2    1  37   1   0   0   1   3   1  17   2   3   7   3   0   1   2  17   0   0   3  0.94 0.52
   64 D    2 -3  0 -1 -5 -3  0 -3 -3 -4 -4 -2 -5 -4  6  1 -1 -6 -3 -2   16   2   5   3   0   1   5   2   0   1   2   2   0   1  44  10   3   0   1   2  1.00 0.53
   65 D   -1  1 -1  2 -6  1  6 -1 -2 -5 -5 -1 -5 -6 -3 -1 -3 -4 -5 -4    6   7   2  10   0   5  50   5   1   1   1   4   0   0   1   5   1   0   0   1  0.93 0.51
   66 A    2 -1  0  1  0 -1 -1  0 -1 -1 -2 -1 -1 -1  2  2  1 -2  0 -1   17   2   4   8   2   2   4   7   1   3   4   3   2   3  10  15   7   0   3   4  0.14 0.11
   67 K   -1  3  0  0 -1  0  1  1 -1 -2 -2  2 -1 -2 -1  0 -1 -2 -2 -1    4  15   3   6   1   3   8  13   1   3   4  16   1   2   2   7   3   0   1   6  0.16 0.10
   68 K    0 -1  1  4 -3  1  2 -2  1 -3 -4  2 -3 -4 -1  0 -2 -5 -3  0    7   2   6  27   1   5  12   3   4   1   1  12   1   1   3   5   1   0   0   7  0.42 0.27
   69 D    0 -3  1 -1 -3 -1 -1  5  1 -4  0 -2 -2 -1 -4 -1 -2 -1  0 -4    7   1   8   3   1   3   5  43   3   0  11   2   1   2   0   4   2   1   3   0  0.56 0.34
   70 V    1 -4 -5 -5 -2 -2 -3 -4 -3  3 -3 -4 -2 -5 -5 -2 -3 -6 -5  6   13   1   0   1   1   2   2   1   1  18   1   1   1   0   0   2   1   0   0  56  1.16 0.57
   71 L   -3  1  3 -4 -3 -1 -3 -5  2  1  3  4 -1 -1 -5 -3 -3 -4 -1 -1    1   6  13   0   0   2   1   0   4   9  27  25   1   2   0   1   1   0   2   3  0.51 0.35
   72 K   -1  3 -1 -1 -3  2  2 -2  1 -5 -5  5 -4 -3 -4  0 -2 -4 -3 -4    4  13   3   2   1   8  13   3   4   1   1  38   0   1   0   5   2   0   1   1  0.71 0.40
   73 S   -1 -3  0 -1 -4 -2 -1 -3 -4  1  1 -2  0 -3  0  2  4 -4 -2  0    5   1   4   4   0   1   3   1   0   7  13   1   2   0   6  13  31   0   1   7  0.38 0.29
   74 G    1 -5 -5 -3  2 -3 -5  7 -5 -7 -7 -5 -4 -7 -6  0 -3 -7 -7 -7   12   0   0   2   5   1   0  70   0   0   0   0   0   0   0   7   1   0   0   0  1.69 0.74
   75 I   -4 -6 -7 -7 -4 -6 -7 -7 -6  5  2 -6  6  2 -7 -6 -4 -6 -3  3    1   0   0   0   0   0   0   0   0  34  17   0  22   7   0   0   0   0   1  17  1.33 0.60
   76 T    2 -2 -3 -5  0 -2 -4 -2 -3 -3 -4 -3 -4 -4 -5  6  0 -7 -4  1   17   2   0   0   2   1   0   2   1   1   1   1   0   1   0  54   4   0   0  11  1.02 0.61
   77 V   -3 -6 -6 -7 -3 -6 -6 -7 -6  4  4 -5  2  4 -6 -5 -4  0 -3  3    2   0   0   0   1   0   0   0   0  19  32   0   5  15   0   0   0   1   0  23  1.00 0.48
   78 V    0 -5 -5 -6 -1 -4 -5 -3 -3  3  4 -5  3 -1 -5 -4 -1 -5 -4  3    9   0   0   0   1   1   0   2   1  16  36   0   7   2   0   1   4   0   0  19  0.71 0.39
   79 Q   -4  4 -3 -5 -5  5 -3 -5  1 -1 -4  3 -3 -6 -5 -3  4 -5 -4  0    0  19   0   0   0  24   0   0   3   4   1  14   0   0   0   1  26   0   0   6  0.91 0.55
   80 V   -4 -6 -4 -7 -1 -6 -6 -7 -5  1  5 -5 -1  4 -6 -4 -3 -4  3  1    1   0   1   0   1   0   0   0   0   6  53   1   1  17   0   1   1   0   8   9  1.11 0.53
   81 P   -1  0  0  0 -6 -2  1 -4 -2 -5 -5  4 -5 -7  5  0 -2 -7 -6 -4    6   4   5   6   0   1   7   1   1   0   1  30   0   0  30   5   2   0   0   1  0.92 0.51
   82 D   -2 -1  3  2 -5  3  4 -3  2 -5 -6  3 -4 -6 -2 -2  0 -5 -3 -4    2   2  12  11   0  11  29   2   4   0   0  15   0   0   2   2   6   0   1   1  0.70 0.43
   83 G   -2 -6 -5 -4 -6 -5 -2  5 -5 -8 -8 -4 -7 -8  7 -2 -5 -8 -7 -7    3   0   0   1   0   0   3  40   0   0   0   1   0   0  48   3   0   0   0   0  1.84 0.81
   84 V   -5 -7 -8 -8 -4 -6 -7 -8 -8  5 -1 -7 -2 -4 -7 -6 -4 -7 -6  7    0   0   0   0   0   0   0   0   0  27   4   0   0   0   0   0   1   0   0  67  1.95 0.81
   85 N   -1 -1  2  4  1 -2  2 -4 -2 -2 -3  0 -2 -3  0  0 -1 -4  0 -1    5   2  11  25   3   1  15   0   1   2   3   6   1   1   4   8   4   0   4   4  0.38 0.28
   86 F   -7 -8 -8 -9 -8 -8 -8 -8 -7 -4 -1 -8 -5  8 -9 -6 -7  9  2 -5    0   0   0   0   0   0   0   0   0   1   5   0   0  62   0   0   0  26   4   0  2.84 1.04
   87 G   -2 -3  0  0 -1 -2 -1  6  0 -3 -1 -2 -2 -4 -2  0 -3 -4 -3 -3    3   1   5   5   1   2   4  53   2   1   6   2   1   1   2   7   1   0   1   2  0.80 0.35
   88 T    0 -2  3  2 -2 -1  1  0  4 -2 -2 -1 -2 -3 -1  2  0 -3 -2 -2    6   2  17  10   1   2   8   6  11   2   3   2   1   1   2  17   4   0   1   3  0.32 0.19
   89 E   -1 -1  0  2 -2  0  3 -1  0 -2 -1  2 -1 -3  2  0 -1 -3 -2 -2    5   3   4  11   1   4  20   4   2   2   7  12   1   1  12   5   3   0   1   3  0.25 0.15
   90 D   -1 -2  1  4 -3  0  3 -1  0 -3 -2  1 -2 -2  0  0 -1 -3 -2 -2    6   2   8  23   1   3  21   4   2   2   3   8   1   1   4   5   4   0   1   2  0.38 0.21
   91 D   -3 -2  6  4 -5 -1  1 -1  1 -5 -4  1 -3 -2 -2 -2 -3 -5 -3 -4    1   2  35  21   0   2   9   5   3   0   2   8   1   2   2   2   1   0   1   1  0.80 0.42
   92 P   -3 -2 -1  6 -4 -2  0  3  3 -5 -5  0 -5 -4  0 -2 -3 -5 -3 -4    1   2   2  39   0   1   4  23   8   1   1   6   0   1   4   2   1   0   1   1  0.87 0.43
   93 Q   -2 -1  2 -1 -5  2  2 -3  0 -4 -4  0 -4 -4  6 -2 -3 -5 -4 -3    2   3   8   4   0   9  11   2   3   1   2   7   0   1  42   3   1   0   0   2  0.96 0.47
   94 V   -2 -2 -4 -4 -3 -3 -3 -5 -4  2 -1  0 -1 -3  0 -3  0 -4 -3  6    3   3   1   1   0   1   2   0   0  11   3   5   1   1   5   1   7   0   1  53  0.83 0.45
   95 A    2  1 -1  1 -3  0 -1 -4  1 -2 -3  3 -2 -3 -4  0 -1 -3 -1  2   19   7   3   7   0   4   3   0   3   1   1  17   0   1   0   7   4   0   2  20  0.30 0.27
   96 T   -3  1 -2 -4 -3 -1 -4 -5  2  2  2  0  0  1 -5 -3  0 -2  4  1    1   7   2   0   0   2   0   0   5  12  24   6   2   6   0   2   5   0  18   8  0.44 0.30
   97 V   -4 -6 -7 -7 -3 -6 -6 -7 -5  4  3 -6  0  2 -6 -5 -4 -4 -3  4    1   0   0   0   0   0   0   0   0  25  31   0   2   9   0   0   0   0   0  31  1.15 0.53
   98 L   -1 -6 -7 -7  2 -6 -7 -7 -6  5  0 -6  0  5 -6 -5 -4 -5 -3  4    5   0   0   0   4   0   0   0   0  33   9   0   2  22   0   0   0   0   0  25  1.17 0.54
   99 F    0 -6 -5 -6  6 -5 -6 -1 -6  4 -1 -5  1  3 -5 -2  0 -5 -4  3    9   0   0   0  15   0   0   5   0  22   4   0   3  11   0   2   7   0   0  21  0.73 0.41
  100 G    1 -6 -5 -6 -1 -5 -6  3 -6  0  4 -5  2  2 -4 -4 -3 -5 -4 -1   10   0   0   0   1   0   0  25   0   4  42   0   5   8   0   0   1   0   0   3  0.80 0.46
  101 I    4 -6 -5 -6  3 -5 -5 -1 -6  5  0 -5 -2 -4 -5  1 -3 -6 -5  0   34   0   0   0   5   0   0   4   0  31   8   0   1   0   0  12   0   0   0   4  0.87 0.50
  102 A    7 -6 -5 -6  0 -5 -5 -3 -6 -3 -6 -5 -6 -7 -3  0 -1 -7 -4 -2   80   0   0   0   2   0   0   2   0   1   0   0   0   0   1   6   4   0   0   3  1.75 0.83
  103 G    3 -2 -2 -4 -3 -3 -2  2 -3  2 -1  0 -2 -4  0  0  1 -5 -4  2   25   1   2   0   0   0   2  13   0  12   4   6   0   0   4   5   9   0   0  15  0.32 0.27
  104 I   -2 -1  1  6 -2  0 -1 -4 -2 -2 -4  3 -5 -6 -4 -1 -2 -7 -6 -1    3   4   6  47   1   3   2   1   1   3   1  16   0   0   1   3   2   0   0   6  0.94 0.51
  105 G   -1 -2  4  2 -4 -1 -1  2  2 -5 -6  0 -5 -5 -3  3 -2 -6 -5 -5    4   2  23  11   0   3   4  16   5   0   0   6   0   0   1  23   1   0   0   0  0.67 0.42
  106 D   -3 -2  4  4 -6  0  3 -2  1 -5 -6  1 -3 -3 -5  0  1 -4 -2 -4    1   1  17  27   0   4  17   3   3   1   0   7   1   1   0   7   8   0   2   1  0.68 0.41
  107 E   -1 -2 -1  0 -3  0  4 -1 -3 -4 -4 -1 -3 -5 -5  3  2 -6 -4 -3    5   2   2   5   1   4  32   4   0   0   1   3   1   0   0  24  14   0   0   2  0.68 0.46
  108 H   -8 -6 -5 -7 -9 -1 -6 -8 11 -6 -8 -5 -7 -7 -8 -6 -5 -8 -1 -9    0   0   0   0   0   3   0   0  94   0   0   0   0   0   0   0   1   0   1   0  4.09 1.40
  109 L   -4 -5 -4 -7 -5 -5 -6 -8 -7  4  6 -6  3 -2 -7 -5 -4 -6 -5  0    1   0   1   0   0   0   0   0   0  20  65   0   6   1   0   0   1   0   0   5  1.45 0.65
  110 Q   -1  1  1  3 -6  2  3 -1 -1 -5 -4  3 -3 -5 -3 -1 -1 -6 -4 -3    5   8   7  14   0   8  21   4   1   0   1  20   0   0   1   3   4   0   0   1  0.52 0.34
  111 I    4 -5 -5 -6 -4 -4 -4 -4 -6  4  2 -4  3 -2 -5 -2 -1 -6 -5  2   31   0   0   0   0   0   1   1   0  24  18   1   6   1   0   1   3   0   0  11  0.74 0.43
  112 I   -6 -7 -8 -8 -3 -7 -7 -8 -7  2  6 -7  4 -1 -7 -7 -6 -6 -5 -2    0   0   0   0   0   0   0   0   0   8  77   0  10   3   0   0   0   0   0   2  1.83 0.77
  113 Q    2  2 -3 -4 -4  3 -2 -1 -3 -4 -5  1  0 -1 -4  4  0 -6 -4 -4   18  11   0   0   0  15   1   4   0   1   0   9   3   3   0  30   4   0   0   1  0.61 0.44
  114 N   -1  1  2  1 -4  4  3 -3  1 -4 -4  2 -3 -3 -4  0 -2 -6 -4 -4    5   8  10   6   0  23  16   2   3   1   1  12   0   1   0   8   2   0   0   1  0.55 0.37
  115 I   -4 -7 -8 -8 -4 -7 -7 -8 -7  4  6 -7  0 -2 -7 -7 -5 -4 -5  0    1   0   0   0   0   0   0   0   0  24  67   0   2   1   0   0   0   0   0   5  1.64 0.70
  116 S    4 -5 -4 -5 -1 -4 -5 -3 -4 -2 -3 -5  3 -4 -5  2  3 -4 -4  2   39   0   0   0   1   0   0   2   0   2   1   0   7   0   0  14  21   0   0  12  0.86 0.53
  117 I   -1  2  2  1 -3  0  2  0  1 -1 -2  1  0 -2 -3  0  1 -4 -2 -1    3  10   9   8   1   4  17   6   3   4   3  10   3   2   0   6   9   0   1   3  0.19 0.18
  118 F   -1 -4 -4 -5 -2 -5 -5 -5 -4  4  3 -1  2  2 -5 -3 -2 -2 -3  3    5   0   1   0   1   0   0   1   0  20  33   4   6   8   0   1   2   0   0  18  0.66 0.37
  119 C   -4 -6 -7 -8  3 -6 -7 -5 -7  2  5 -7  1  3 -7 -6 -5 -5 -4 -1    1   0   0   0   6   0   0   1   0  11  62   0   3  13   0   0   0   0   0   3  1.39 0.63
  120 A   -1 -1  1  2 -2  1  2  1 -3 -2 -2 -2  4 -3 -4  3 -1 -5 -4 -3    5   3   5  10   1   5  11  10   0   3   4   1  11   1   0  26   3   0   0   1  0.36 0.31
  121 D   -4 -2  4  7 -4  0  2 -5 -1 -6 -7  0 -3 -7 -5 -1 -3 -8 -6 -4    1   2  15  52   0   3  13   0   1   0   0   5   1   0   0   3   1   0   0   1  1.35 0.65
  122 V   -2 -1 -1  3 -6  0  5 -3 -1 -3 -4  2 -1 -6  2 -1 -3 -6 -4 -4    3   3   2  16   0   4  36   1   1   2   1  12   2   0  11   3   1   0   0   1  0.76 0.46
  123 D    0 -2  1  4 -6  0  5  0 -2 -5 -5  0 -4 -6 -3  0 -1 -4 -4 -3    8   1   5  20   0   4  35   6   1   0   0   5   0   0   1   6   4   0   0   2  0.70 0.43
  124 N    0  0  3 -1 -2  0 -1 -3 -1  0  0  2 -1  3 -4 -1  0 -3 -1  0    7   6  16   3   1   3   2   1   1   6   8  13   1  15   0   3   6   0   1   7  0.21 0.21
  125 V    0  0 -5 -5  0 -3 -4 -5 -5  3  2 -2  2  0 -4 -3 -2 -5  0  4    7   6   0   0   2   1   1   0   0  19  20   2   4   3   0   1   2   0   3  27  0.52 0.32
  126 V    0 -1  2  2 -4  3  4 -3  0 -5 -5  2 -2 -5 -4 -1 -1 -6 -3 -4    8   3   9  12   0  11  32   1   2   1   1  10   1   0   0   3   3   0   1   1  0.66 0.42
  127 K    1  3 -1 -1 -2  3  1 -2 -1 -1 -2  3  0 -3 -3 -1 -1 -4 -2 -2   11  18   2   2   1  12   8   2   1   3   4  22   2   1   0   3   3   0   1   3  0.36 0.28
  128 L   -4 -7 -8 -8 -4 -5 -7 -8 -7  4  6 -7  2 -2 -7 -7 -5 -6 -5  0    1   0   0   0   0   1   0   0   0  20  68   0   4   1   0   0   0   0   0   4  1.61 0.70
  129 A    0  2 -1 -1 -1 -1 -1 -3 -1  1  1  2  1  0 -3 -1 -1 -2 -1  0    8  13   3   4   1   2   4   0   2  11  16  13   3   4   0   5   3   1   1   6  0.12 0.14
  130 D    1  0  4  1 -2  2  2 -2  2 -4 -4  2 -2 -5 -4  1  1 -6 -4 -3   11   4  19   6   1   9  11   2   4   0   1  11   1   0   0   8  11   0   0   1  0.43 0.32
  131 A    5 -5 -3 -5  3 -3 -2 -4 -3 -2 -3 -4 -1 -4 -5  1  2 -6 -5 -1   53   0   1   0   5   1   3   1   0   2   2   1   2   1   0  11  14   0   0   3  0.98 0.57
  132 Q   -1  0  2  1 -5  1  1 -1 -1 -4 -4  3 -3 -5 -1  1  3 -5 -4 -4    4   5   8   8   0   6   8   5   1   1   1  22   0   0   2  10  17   0   0   1  0.42 0.31
  133 T   -3 -4  3  4 -4 -2 -1 -3 -3 -6 -6 -1 -6 -7 -5  4  4 -7 -6 -5    1   0  13  24   0   1   4   1   0   0   0   3   0   0   0  27  25   0   0   0  0.99 0.59
  134 E    1  0 -3 -2 -4 -1  0 -3 -3  0 -2  3 -3 -3  3  0 -1 -5 -1  2   13   4   1   1   0   1   7   1   0   6   3  21   0   1  15   5   4   0   2  16  0.35 0.29
  135 D    0 -2  0  4 -6  3  5 -4 -2 -4 -5  1 -3 -7 -4  0 -2 -4 -5 -5    7   2   4  20   0  12  34   1   1   1   1   8   0   0   0   5   2   0   0   0  0.84 0.50
  136 E   -1 -2 -3  3 -5  2  6 -4 -3 -4 -5 -1 -5 -4 -4 -3 -1 -3 -3 -3    6   2   1  17   0   7  52   1   0   1   1   3   0   1   0   2   3   1   1   2  1.11 0.62
  137 V   -2 -7 -7 -7 -5 -7 -7 -7 -7  6  1 -7 -1  3 -7 -6 -4 -6 -5  4    3   0   0   0   0   0   0   0   0  47  13   0   1  10   0   0   0   0   0  26  1.44 0.64
  138 V   -2 -2 -3 -4 -2 -1 -2 -5 -1  3  3 -1  2  1 -5 -3 -2 -2  4  1    4   2   1   1   1   2   2   0   1  18  28   5   6   4   0   1   2   0  13   9  0.47 0.31
  139 K    2  0  2  2 -4  2  3 -3  0 -5 -5  2 -4 -6 -4  0  0 -6 -4 -4   16   5   9  12   0   9  17   2   2   0   1  14   0   0   0   7   5   0   0   0  0.47 0.34
  140 L    0 -2 -5 -6 -2 -3 -4 -6 -3  5  3 -3  2  0 -6 -4 -1 -4  2  2    7   2   0   0   1   1   1   0   0  30  28   1   4   3   0   1   3   0   8  10  0.70 0.39
  141 L   -5 -7 -7 -8 -6 -7 -7 -8 -7  5  4 -6  0  4 -7 -6 -5 -6 -4  0    0   0   0   0   0   0   0   0   0  35  44   0   2  15   0   0   0   0   0   4  1.46 0.65
  142 S    0  0  4  1 -3  1  2 -2 -1 -3 -4  3 -3 -5 -4  1  1 -6 -3 -4    6   4  19   7   1   7  11   2   1   1   1  17   0   0   0  11  10   0   1   1  0.44 0.32
  143 Q   -3  2  2 -2 -6  3  4 -2 -3 -6 -5  4 -5 -6 -3  1 -2 -6 -4 -4    1  11   9   1   0  12  26   3   0   0   0  23   0   0   1   9   2   0   0   1  0.74 0.44
  144 V   -2 -4 -1 -4 -3 -4 -3 -4 -2  3  1 -3  1  1 -5 -3  0 -3  4  4    1   0   4   0   0   0   1   1   1  17  15   0   4   5   0   0   5   0  17  29  0.54 0.30
  145 N   -2 -3  6  3 -4 -2 -2 -3  1 -5 -5 -3 -4 -5 -4  4  1 -6 -4 -5    0   0  39  14   0   0   0   0   4   0   0   0   0   0   0  35   8   0   0   0  1.04 0.44

                      K         Lambda
Standard Ungapped    0.1392     0.3195
Standard Gapped      0.0410     0.2670
PSI Ungapped         0.2114     0.3176
PSI Gapped           0.0647     0.2670
