
Last position-specific scoring matrix computed, weighted observed percentages rounded down, information per position, and relative weight of gapless real matches to pseudocounts
           A  R  N  D  C  Q  E  G  H  I  L  K  M  F  P  S  T  W  Y  V   A   R   N   D   C   Q   E   G   H   I   L   K   M   F   P   S   T   W   Y   V
    1 M   -3 -4 -5 -6 -4 -3 -5 -5 -4  2  2 -4  9 -2 -5 -4 -3 -4 -3  0    0   0   0   0   0   0   0   0   0  12  14   0  71   0   0   0   0   0   0   3  1.62 0.43
    2 N   -1 -1  3  2 -4 -1 -2 -3  2 -3 -4  2 -4 -5 -4  4 -1 -6 -4 -4    2   2  17  13   0   1   1   1   5   1   1  14   0   0   0  41   1   0   0   0  0.72 0.37
    3 I   -4 -4 -6 -7 -5 -5 -6 -7 -6  4  4 -5  7 -1 -4 -5 -4 -5 -4  0    1   1   0   0   0   0   0   0   0  22  39   0  27   3   1   1   0   0   0   6  1.31 0.57
    4 Y   -3  0 -2 -2 -4  1  2 -5  0  2  2 -1  0  3 -4 -1 -2 -2  0 -1    1   5   1   2   0   8  15   0   2  11  23   3   2  14   0   3   1   0   3   3  0.29 0.24
    5 D    0  0  1  3 -5  3  3 -2 -2 -5 -3  2 -4 -5 -1  1 -1 -5 -3 -4    8   4   6  16   0  12  18   2   1   0   3  15   0   0   3   8   3   0   1   1  0.44 0.30
    6 Q   -3  5 -1 -3 -6  1 -1 -5  3 -2 -4  5 -4 -4 -5 -2 -3 -5  2 -4    1  27   3   1   0   6   3   0   6   3   1  36   0   0   0   3   1   0   8   1  0.94 0.49
    7 L   -1 -4 -7 -7 -3 -6 -6 -6 -6  2  6 -5  2  0 -4 -5 -4 -3 -2  0    6   1   0   0   0   0   0   0   0  11  65   0   5   3   1   0   0   0   1   6  1.20 0.56
    8 Q   -1  1  0  3 -5  3  4 -4 -2 -3 -4  3 -4 -4 -2  0 -2 -6 -3 -4    5   7   3  16   0  11  27   1   0   2   1  15   0   1   1   7   2   0   1   1  0.60 0.38
    9 A    1  1  1  0 -3  2  2 -1  0 -2 -2  2 -2 -4 -2  2  0 -5 -3 -2   12   6   5   5   0   8  13   3   3   3   3  12   1   0   2  16   4   0   0   2  0.23 0.20
   10 V   -1 -3 -4 -5 -3 -4 -5 -6 -4  4  4  0  3 -1 -5 -3 -3 -5 -1  1    5   1   1   0   0   0   0   0   0  26  34   7   8   2   0   1   1   0   2   9  0.71 0.39
   11 E    0  1 -1 -1 -3  1  3 -4 -1 -1 -1  3 -1 -3 -4  0  0 -5 -3  0    8   8   2   2   1   5  25   0   1   3   7  18   1   1   0   6   4   0   0   7  0.33 0.27
   12 D    1  1  0  1 -5  3  3 -3  0 -3 -4  3 -3 -5 -4  0  0 -5 -4 -4   13   7   4   8   0  12  18   2   2   1   1  18   1   0   0   7   5   0   0   1  0.44 0.32
   13 R   -4  6 -2 -1 -7  1  4 -6 -2 -5 -6  2 -5 -5 -6 -2 -2 -7 -4 -6    1  40   2   3   0   6  29   0   1   1   0  12   0   0   0   2   3   0   1   0  1.22 0.62
   14 Y   -4 -2 -4 -5 -2 -3 -4 -6  6  1  1 -2 -2  4 -6 -2 -5  2  6 -2    1   2   1   0   1   1   0   0  16   7  16   3   1  15   0   3   0   2  28   3  1.00 0.50
   15 E    2  0  1  2 -4  2  3 -2  0 -3 -3  2 -3 -4 -3 -1 -1 -3 -2 -3   16   4   5  13   0   9  18   2   3   1   3  13   0   0   0   4   4   0   1   2  0.36 0.27
   16 E    0 -1  0  2  0  2  5 -3 -1 -4 -4  0 -3 -4 -5 -1 -1 -6  0 -4    7   3   3  10   2   7  44   2   1   1   2   5   1   1   0   4   3   0   3   1  0.73 0.45
   17 L   -3 -4 -4 -7 -2 -5 -6 -7 -7  3  6 -6 -1 -1 -7 -5 -5 -6 -3  1    2   1   1   0   1   0   0   0   0  17  66   0   1   2   0   0   0   0   1   8  1.35 0.61
   18 G   -2 -1  1  0 -2  3  4 -3 -2 -2 -1  0 -2 -5 -4  2  0 -5 -3 -3    3   3   8   5   1  11  31   1   1   3   7   4   1   0   0  13   6   0   0   2  0.48 0.35
   19 E    1  1  1  0 -4  2  3 -2 -1 -2 -3  3 -2 -3 -3  0  0 -5 -3 -2   13   7   6   6   0   8  18   2   1   2   2  19   1   1   0   6   5   0   1   3  0.33 0.25
   20 L   -1  2 -2 -1 -3  3  2 -4 -3 -2  1  3  1 -1 -4 -1 -2 -5 -3 -3    6  11   1   2   1  17  14   0   0   2  15  17   3   3   0   5   2   0   0   1  0.39 0.30
   21 L   -2 -5 -5 -5 -5 -3 -5 -6 -5  2  5 -5  5 -2 -5 -3 -1 -5 -3  0    3   0   1   0   0   1   1   0   0  12  51   0  16   1   0   3   3   0   1   6  1.04 0.50
   22 S    2 -3  2 -1 -2  2  1 -2 -2 -2 -1 -2 -1 -4 -4  3  0 -5 -2 -3   20   0  10   2   1   9   9   3   1   2   6   1   1   0   0  28   5   0   1   1  0.41 0.33
   23 D   -1  0  2  5 -4  2  2 -2 -2 -4 -4  0 -3 -5 -4  1  0 -6 -5 -4    5   5   9  31   0  10  10   3   1   1   2   5   0   0   0  12   4   0   0   1  0.60 0.36
   24 P   -2 -4 -2 -2 -3 -1  0  0 -2 -2 -4 -2 -5 -6  7  0 -3 -6 -3 -4    3   1   2   2   1   3   7   7   1   2   2   2   0   0  54   8   2   0   1   1  1.29 0.58
   25 D    0 -3  1  4 -4  0  3  1 -2 -3 -3 -1 -4 -3 -3  1  0 -5 -3 -3    9   1   7  21   0   3  21  11   1   1   2   3   0   1   1  10   5   0   1   2  0.44 0.29
   26 V    0 -2 -1 -1 -1 -2 -2 -2 -2  2  1 -2 -1  3 -2 -1  0 -3  0  3    6   2   4   4   1   2   3   2   1  15  10   1   1  13   2   4   5   0   2  23  0.23 0.18
   27 V    1 -3 -3 -2 -3 -1 -2 -3 -1  2  1 -2  1  1 -2  0 -1  8  1  0   11   1   1   2   0   3   3   2   2  11  12   3   3   5   2   7   4  19   4   6  0.45 0.26
   28 S    1 -1  3  1 -2  0  0  0 -2 -4 -3  1 -3 -2  0  3  0 -4 -3 -3   12   2  14   8   1   4   4   6   1   1   3   7   1   1   4  26   4   0   1   1  0.33 0.25
   29 D   -3 -2  4  6 -5 -1  0 -3 -3 -5 -5 -2 -4 -3 -3  0 -2 -5 -1 -4    2   2  19  49   0   2   5   1   0   1   1   2   0   1   1   6   3   0   3   1  1.16 0.52
   30 T    0  0  0 -1 -4  3  0 -1  1 -1 -2  0 -1 -2  4  1  0 -3 -2 -2    6   5   4   2   0  15   4   4   4   5   3   4   2   1  21  11   4   0   1   3  0.32 0.23
   31 K    0  1  1  2 -4  2  3 -2 -1 -3 -3  3 -3 -4 -2  1  0 -4 -3 -2    9   5   6  10   0   7  19   3   1   1   2  18   0   0   1   8   5   0   1   2  0.36 0.25
   32 R    0  4  0 -1 -4  1  3 -3 -1 -4 -1  3 -3 -4 -3 -1 -1 -5 -3 -4    6  22   3   2   0   6  21   1   1   1   7  20   0   0   1   4   3   0   1   1  0.54 0.33
   33 F    2 -2 -3 -3 -3 -2 -3 -3 -1  1  2 -3  2  2 -4 -2 -2  0  5  0   19   2   1   1   0   2   1   1   1   8  19   1   5   8   0   3   2   1  19   5  0.42 0.28
   34 M    1  3 -2 -2 -4  3 -1 -1 -2  0 -2  2 -2 -3 -2  0  0 -4 -3 -1   13  15   1   1   0  17   3   4   0   6   3  14   1   1   2   8   7   0   1   4  0.31 0.25
   35 E    1  2  0  0 -4  1  2 -2 -1 -4 -3  3 -3 -4 -2  0  0 -4 -3 -3   12  11   5   4   0   7  16   2   1   1   3  19   0   1   1   8   6   0   1   2  0.32 0.24
   36 L    0 -2 -3 -4 -2 -3 -3 -5 -2  3  4 -2  1 -1 -4 -3 -1 -3  0  1    8   2   1   1   1   1   1   1   1  15  43   3   3   2   1   1   4   0   3  10  0.54 0.30
   37 S    2 -1  3 -3 -3 -1 -3  1  0 -1  0 -2  1 -3 -4  3  0 -4 -2 -2   15   3  13   1   0   2   1   9   2   4   8   1   5   1   0  27   5   0   1   2  0.34 0.28
   38 R   -3  4 -3 -2 -5  3 -1 -4 -2 -3 -4  6 -3 -6 -5 -2 -2 -6 -4 -4    2  23   1   2   0  12   3   1   1   2   1  45   1   0   0   2   2   0   1   1  1.14 0.58
   39 E   -2  4 -2 -1 -4  2  5 -5 -1 -5 -4  2 -4 -6 -5 -1 -2 -6 -5 -5    3  22   1   3   0   7  43   1   1   0   1   9   0   0   0   5   2   0   0   1  1.03 0.54
   40 E   -1  1 -2 -4 -2  0 -3 -4  3  1  3  0  2  0 -4 -3 -3  1  3  0    6   9   1   0   1   4   1   0   9  10  28   5   4   4   0   1   1   2  10   5  0.36 0.26
   41 A    3  1  1 -2 -4 -1 -2  1 -2 -4 -4  2 -3 -3 -4  3  0 -5 -3 -3   21   8   7   2   0   2   1  11   1   1   1  15   0   1   0  23   5   0   1   1  0.44 0.32
   42 N    0  2  1  1 -4  2  3 -1  0 -3 -2  2 -2 -2 -3  0 -1 -3 -1 -3    6  11   6   6   0   7  24   4   2   1   3  11   1   1   0   7   3   0   2   2  0.33 0.25
   43 T   -4 -5 -5 -5 -3 -5 -6 -6 -5  2  6 -4  1 -2 -6 -3 -3 -4 -3 -1    1   0   0   1   0   0   0   0   0  11  70   1   3   1   0   3   2   0   1   3  1.32 0.60
   44 R    0  2 -1  1 -4  2  4 -2 -2 -4 -3  2 -2 -4 -4  1  0 -5 -4 -4    7  11   3   7   0   8  24   2   1   0   2  15   1   0   0  10   6   0   0   1  0.45 0.31
   45 E   -1  0  0  0 -4  0  2 -1 -1 -4 -4  1 -4 -5  5  1 -1 -5 -1 -4    4   5   4   5   0   5  16   5   1   1   1  10   0   0  27   9   4   0   3   1  0.54 0.34
   46 T   -1 -2 -3 -4 -3 -2 -2 -4 -4  4  2 -1  0 -1 -3 -1  0 -2 -2  3    3   2   1   1   0   2   3   1   0  25  21   4   2   2   1   5   6   1   1  20  0.41 0.27
   47 V    1 -2 -3 -4 -2 -1 -3 -4 -1  3  1 -2  2 -2 -4 -1 -1 -5  0  4   13   2   1   0   1   2   1   1   1  14  11   3   5   1   1   4   3   0   3  33  0.44 0.29
   48 T    0 -1  2  3 -4  1  3 -2  1 -3 -4  0 -2 -4 -3  1  1 -5 -3 -3    8   2  10  16   0   5  23   3   3   1   1   5   1   0   1  10   7   0   1   1  0.41 0.29
   49 A    1  0 -2 -2 -1 -1 -1 -2  0  1  2  1  1 -2 -1 -1  1 -4 -2  0   16   4   1   2   1   2   3   3   2   8  20  12   4   1   3   4   8   0   1   5  0.11 0.14
   50 Y    0 -3 -4 -5 -2 -3 -4 -4  0  2  1 -3 -1  4 -6 -3 -3  6  5  0    7   1   0   0   1   1   1   1   2  13  12   1   2  16   0   2   2  10  24   5  0.81 0.41
   51 R   -1  3  2  2 -4  2  2 -2  0 -2 -3  2 -3 -4 -3  0  0 -5 -3 -3    5  14   8  11   0  11  15   2   2   3   3  13   0   0   0   5   5   0   0   1  0.37 0.26
   52 E    0  2  0  1 -3  2  4 -2 -2 -4 -2  2 -3 -5 -3  0  0 -5 -4 -3    9  10   3   7   0  11  26   2   1   1   4  11   0   0   0   6   5   0   0   1  0.42 0.31
   53 Y   -4 -1 -6 -7 -5 -4 -5 -6 -3  2  3 -4  1  2 -6 -5 -4  6  5 -1    1   4   0   0   0   0   0   0   0  12  31   1   2   8   0   0   0  12  22   4  1.03 0.50
   54 K   -1  2  0  1 -3  3  3 -3 -1 -2 -1  2 -2 -3 -4 -1 -1 -5 -3 -2    5  13   5   6   1  12  19   1   1   3   7  15   1   1   0   3   4   0   1   2  0.36 0.27
   55 Q    1  1  1  1 -3  2  2 -2 -1 -3 -3  3 -3 -4 -4  1  0 -5 -3 -3   11   8   6   8   0  11  11   2   1   1   2  17   0   0   0  12   5   0   0   2  0.32 0.25
   56 V    1 -1 -2 -2  1 -1 -1 -2 -2  1  2  2 -1 -2 -4 -1  0 -3 -2  0   12   3   2   2   4   2   3   2   1  10  24  17   1   1   0   4   6   0   1   6  0.18 0.19
   57 I   -1  2 -1 -1 -2  3  3 -3  0  0  1  0  0 -1 -4 -1 -1 -4 -1  0    4  10   2   3   1  13  19   1   3   5  15   6   2   2   0   3   4   0   2   6  0.22 0.21
   58 Q    0  1  1  1 -4  2  3 -2 -2 -3 -4  4 -3 -5 -4  1 -1 -5 -4 -3    8   7   6   7   0  10  19   3   1   2   1  23   0   0   0   9   3   0   0   1  0.47 0.32
   59 N   -1 -2  1  4 -5  2  5 -4 -2 -5 -3 -1 -3 -5 -5  0 -2 -6 -4 -4    6   1   7  23   0   9  34   1   0   0   2   3   1   0   0   7   2   0   0   1  0.80 0.46
   60 I   -1 -2 -5 -3 -4 -3 -3 -5 -4  4  4 -3  1 -1 -5 -2 -2 -2 -1  1    6   2   0   1   0   1   1   1   0  28  38   1   2   2   0   2   1   1   2   8  0.69 0.38
   61 S    1  0  0  1 -3  2  3 -2  0  0 -2  2 -2 -4 -3  0  0 -5 -3 -2   12   5   3   9   0  10  19   3   3   6   4  12   0   0   0   6   4   0   0   3  0.26 0.22
   62 D   -1 -4 -1  4 -6  1  5  1 -3 -5 -5 -3 -5 -5 -4  0 -1 -5 -4 -2    6   0   2  19   0   5  43   9   0   1   1   0   0   0   0   6   3   0   1   3  0.87 0.50
   63 A    2 -5  0 -4 -2 -4 -5 -4 -3  1  4 -5  0 -2 -5 -2  1 -1 -1 -1   20   0   5   0   1   0   0   0   0   7  45   0   1   1   0   3   9   1   2   3  0.64 0.40
   64 E   -1  2  0  0 -5  2  3 -3  1 -1 -1  3 -2 -2 -4 -2  0 -5 -1 -2    4   9   4   4   0   8  21   1   3   4   8  20   1   1   0   2   5   0   2   3  0.33 0.26
   65 E    2 -2 -2  1 -4  2  4 -3  0 -4 -3  1 -3 -5 -2  1  0 -5 -5 -3   15   2   2   7   0   8  33   1   2   1   2   6   0   0   2  12   5   0   0   2  0.54 0.36
   66 M   -4 -5 -5 -6 -5 -5 -4 -6 -3  2  5 -5  6 -1 -6 -5 -4 -2 -4 -1    1   0   0   0   0   0   1   0   1  11  56   1  21   2   0   1   1   1   0   2  1.34 0.59
   67 I    1 -3 -3 -4  0 -2 -3 -3 -3  3  4 -2  2  0 -4 -2 -2 -1 -2  1   13   1   1   1   2   2   2   1   1  15  39   2   5   3   0   2   1   1   1   8  0.47 0.27
   68 K    1  1  1  0 -2  1  1 -2 -1 -2 -2  3 -2 -3 -2  1  0 -3 -2 -2   14   7   7   5   1   6   9   2   2   2   4  18   1   1   2  14   4   0   1   1  0.23 0.17
   69 D   -2 -2  1  4 -3 -1  5 -1 -2 -3 -2 -2 -2 -3 -3 -1 -2 -3 -3 -3    3   1   6  26   1   2  35   6   1   2   4   1   1   1   1   4   2   0   1   1  0.71 0.35
   70 A    1 -1  0  0  0 -1  2  0 -1 -2 -2  0 -1 -2  1  2  0 -3 -2 -2   14   2   4   5   2   2  17   5   1   3   5   5   1   1   8  16   5   0   1   2  0.17 0.14
   71 S   -1  0  0  1 -3  0  3  1 -2 -3 -3  0 -3 -4 -1  2  0 -3 -3 -1    4   4   5   7   0   3  24  11   1   1   2   5   0   1   3  18   5   0   1   4  0.30 0.21
   72 G   -1 -2  1  3 -3  0  3  1 -2 -3 -3  1 -3 -3  0  1  0 -4 -3 -2    5   1   6  17   1   4  18  11   1   2   3   8   0   1   4   9   6   0   1   3  0.29 0.19
   73 D   -4 -4 -1  8 -5 -3  1 -4 -4 -6 -5 -4 -5 -4 -4 -2 -3 -6 -6 -6    1   1   2  75   0   1   9   1   0   0   1   1   0   1   1   2   1   0   0   1  1.94 0.74
   74 A    1  0 -2  0 -4  0  3 -3 -2 -3 -3  2 -3 -4  4 -1 -1 -5 -3 -2   14   3   1   5   0   3  20   2   1   2   3  15   1   1  20   4   3   0   1   2  0.47 0.29
   75 E   -2 -4 -3  4 -5  0  6 -4 -3 -6 -5 -2 -4 -6 -5 -1 -1 -6 -5 -4    2   0   1  22   0   3  57   1   0   0   1   1   0   0   0   5   3   0   0   1  1.37 0.62
   76 L   -4 -5 -5 -5 -4 -4 -3 -5 -5  2  4 -4  7  1 -6 -4 -2 -2 -2 -2    1   0   0   0   0   0   2   1   0   9  41   1  32   5   0   1   2   0   1   1  1.27 0.56
   77 E    1  4 -3 -3 -3  1 -1 -2 -1 -1  0  3 -1 -2 -4 -1 -2  0  0 -1   11  26   0   1   1   6   3   3   2   4  10  17   1   1   0   3   2   1   3   5  0.35 0.25
   78 E    1  0  0  2 -3  1  5 -3 -2 -4 -3  1 -2 -5 -3  0 -1 -5 -4 -3   13   4   5  10   0   7  34   1   1   0   2   9   1   0   1   8   2   0   0   1  0.57 0.35
   79 M   -3 -4 -5 -2 -4 -2  0 -6 -3  0  4 -4  7  0 -5 -4 -3 -2 -2 -2    2   0   0   2   0   2   8   0   0   5  45   0  25   3   0   1   1   0   1   2  1.02 0.48
   80 A    6 -5 -5 -5 -1 -4 -4 -3 -5  2 -1 -4 -1 -1 -5 -3 -2 -5 -3  0   65   0   0   0   1   0   1   1   0  10   6   0   2   3   0   0   2   0   1   7  1.13 0.56
   81 K    1  2  0 -1 -5  2  4 -3 -2 -2 -2  2 -2 -4 -4  0 -1 -3 -3 -2   11  11   5   3   0   9  26   1   1   2   5  14   0   0   0   7   2   0   0   3  0.41 0.28
   82 E    0 -2 -1  2 -4  1  5 -2 -2 -2 -2  0 -1 -5 -3  0 -1 -5 -3 -3    8   1   3   9   0   5  43   4   1   3   4   6   2   0   1   6   3   0   1   1  0.60 0.37
   83 E   -5 -4 -4  3 -6 -2  7 -5 -4 -4 -5 -3 -6 -6 -5 -4 -4 -5 -6 -6    1   0   0  14   0   1  78   1   0   1   1   1   0   0   0   1   1   0   0   0  2.05 0.86
   84 L   -1  0 -2 -4 -2 -1 -2 -4 -1  3  3  1  1 -1 -4 -3 -3 -3  1  1    5   6   2   0   1   2   3   1   1  20  32   9   4   1   0   1   1   0   5   7  0.39 0.26
   85 K    1  0  0  1 -2  2  3 -1 -1 -2 -2  2 -2 -4  0  0  0 -4 -3 -1   13   4   5   8   1   9  19   3   1   2   5  12   0   0   4   5   5   0   0   4  0.21 0.18
   86 E    0  0  1  1 -3  1  3 -2 -1 -2 -2  1  0 -4 -2  1  2 -5 -3 -2    9   5   5   6   0   7  23   2   1   2   4   7   2   0   1   9  12   0   0   3  0.27 0.22
   87 S    1 -2 -1 -5  1 -2 -2 -3 -3  2  4 -3  0 -1 -5 -2 -1 -3  1  0   12   2   3   0   3   1   2   2   1   9  44   1   2   2   0   2   4   0   4   5  0.46 0.29
   88 K   -1  1  0  0 -3  2  3 -3 -1  0 -1  1  0 -3 -3  1  1 -4 -2 -1    4   6   4   4   0  10  21   1   1   5   8  10   2   1   0  11   7   0   1   4  0.23 0.20
   89 A    1  1  1  0 -4  2  3 -1 -2 -2 -2  2 -3 -5  0  0  0 -5 -4 -2   12   6   7   5   0   8  20   4   1   3   3  13   0   0   4   7   5   0   0   2  0.28 0.21
   90 A   -1  2 -1  0 -4  3  3 -3  0 -3 -3  3 -3 -5 -4 -1  0 -5 -3 -3    6  13   3   6   0  14  22   1   2   1   3  19   0   0   0   4   5   0   1   1  0.51 0.32
   91 K   -1 -1 -4 -4 -3 -1 -1 -4 -4  3  3  0  1  0 -4 -2 -2 -3 -1  1    4   4   1   0   0   3   5   1   0  18  36   8   3   3   0   2   1   0   1   9  0.41 0.26
   92 E    0  1  1  2 -4  2  3 -2 -1 -3 -3  2 -2 -4  0  0  0 -5 -3 -2    9   6   5   9   0   9  22   3   1   1   2  16   1   1   4   5   4   0   1   3  0.35 0.24
   93 E    1  1  0  2 -4  2  3 -1  0 -2 -2  1 -1 -3 -3  0 -1 -4 -2 -2   10   7   3   9   0  10  24   3   2   2   3  10   2   1   1   7   4   0   1   3  0.29 0.21
   94 Y    0 -3 -4 -5  0 -2 -2 -5 -3  2  5 -3  1 -1 -5 -3 -1 -4 -1  0    8   1   1   0   2   2   2   1   1  10  54   2   3   2   0   1   3   0   2   5  0.68 0.36
   95 E   -1  0 -2  0 -4  2  5 -3 -1 -1  0  1 -3 -3 -4 -1 -1 -2 -1 -2    4   5   2   4   0   9  39   1   1   4   8   8   0   1   0   4   3   1   3   3  0.50 0.32
   96 E    0  1  2  2 -3  2  3 -2  2 -4 -2  1 -3 -2 -3  0  0 -4 -3 -3    6   8   9  10   0   9  20   3   5   1   3  10   0   2   0   5   6   0   0   1  0.32 0.21
   97 R    0  1  0  1 -3  3  4 -3 -2 -4 -3  3 -3 -5 -3  0 -1 -5 -4 -3    6   8   4   8   0  12  27   1   1   1   3  17   0   0   0   6   4   0   0   1  0.50 0.30
   98 L   -2 -5 -6 -5 -3 -5 -5 -6 -6  4  5 -5  0  1 -6 -5 -3 -5 -3  1    4   0   0   1   0   0   0   0   0  21  57   0   2   6   0   1   1   0   1   6  1.09 0.47
   99 K   -1  1 -2 -2 -3  1  1 -3 -2  1  2  2  0  0  0 -1 -1 -4 -2  0    4   7   1   1   0   7  10   1   1   7  22  18   1   3   5   3   3   0   1   6  0.19 0.17
  100 I    0  0  0  1 -2  1  1 -2 -1  1  1  1  0 -1 -2  0  0 -2 -1  0    8   6   3   8   0   5  10   2   1   9  14   8   2   2   0   9   6   0   1   5  0.06 0.07
  101 L    1  0 -2 -2 -1  0  1 -2  1  0  2 -1  1  0 -3  1 -1 -3 -1 -1   14   4   2   2   1   4   8   2   3   4  29   3   4   3   0  11   2   0   1   3  0.15 0.17
  102 L   -3 -3 -5 -5 -2 -4 -4 -6 -3  2  5 -5  2  0 -5 -4 -2 -4 -4 -1    1   1   0   1   1   0   1   0   1  11  66   0   4   4   0   1   3   0   0   3  1.12 0.49
  103 L   -1 -3 -3 -4 -3 -3 -3 -4 -4  3  4 -3  0 -1 -4 -2  0 -4 -1  3    4   1   1   1   0   1   1   1   0  17  38   1   2   2   1   3   5   0   1  20  0.55 0.29
  104 P   -3 -3 -3 -3 -5 -3 -1 -1 -4 -5 -1 -2 -3  0  7 -2 -2 -5 -4 -4    2   1   1   2   0   1   4   5   0   1   6   2   1   4  62   3   2   0   1   1  1.52 0.58
  105 K   -1  2  0 -1 -3  1  0 -2 -1 -3 -4  4 -2 -4  2  2  0 -4 -3 -2    4  11   4   3   0   5   6   3   1   1   1  26   1   0  11  14   6   0   1   2  0.40 0.27
  106 D   -3 -3  0  6 -6 -2  2  0  2 -5 -4 -2 -4 -6 -2  0 -2 -6 -5 -5    2   1   4  49   0   1  15   8   4   0   1   2   0   0   2   8   2   0   0   1  1.02 0.48
  107 P   -2 -1 -2  1 -6 -1  4 -2 -3 -3 -3  0 -4 -5  6  0 -2 -6 -3 -3    3   3   1   7   0   3  26   3   0   1   2   5   0   0  35   6   2   0   1   1  0.86 0.43
  108 N    1 -1  2  1 -3 -1  0 -2  2 -2 -1 -1 -1  1 -2  0  1 -3  2 -1   15   3  12   8   0   1   7   2   5   2   6   2   2   6   1   6   9   0  10   2  0.15 0.15
  109 D    1 -3 -1  7 -6 -2  0 -3 -2 -5 -6 -3 -5 -6 -4 -1 -4 -4 -3 -4   11   1   2  67   0   1   5   1   1   1   0   1   0   0   0   5   0   0   1   1  1.51 0.62
  110 D    0  0  0  3 -2  0  3 -1  3 -3 -3  1 -2 -3 -2  1 -1 -3 -2 -2    7   3   4  19   1   3  18   4   8   1   2   7   1   1   2  12   3   0   1   3  0.30 0.21
  111 K   -1  4  3 -1  0  0 -1  0  0 -4 -1  3 -1 -3 -3  0 -1 -4 -2 -3    4  22  15   2   2   2   3   6   2   0   8  18   2   1   1   8   3   0   1   0  0.35 0.24
  112 N   -2 -3  5  4 -5 -2 -1  0 -1 -6 -6 -2 -5 -4  1  2 -3 -6 -5 -5    2   1  33  23   0   1   3   8   1   0   0   2   0   1   8  16   1   0   0   0  0.90 0.45
  113 I    4 -5 -5 -5  6 -5 -5 -4 -3  3  0 -5 -2 -3 -5 -2 -2 -5 -2  3   34   0   0   0  15   0   0   0   1  15   7   0   0   0   0   1   2   0   1  23  0.88 0.43
  114 I   -4 -5 -5 -6 -4 -3 -5 -5 -5  6  2 -5  2  1 -6 -5 -2 -5 -1  2    0   0   1   0   0   1   0   1   0  53  16   0   5   6   0   0   2   0   2  11  1.11 0.47
  115 L   -4 -6 -6 -7 -3 -5 -6 -7 -6  3  5 -6  5 -1 -6 -5 -4 -5 -4  2    0   0   0   0   0   0   0   0   0  12  56   0  13   2   0   0   0   0   0  15  1.26 0.52
  116 E   -3 -4 -3 -1 -3 -1  8 -6 -2 -7 -7 -4 -5 -6 -5 -1 -1 -7 -6 -7    1   0   1   1   1   1  85   0   1   0   0   0   0   0   0   5   4   0   0   0  2.10 0.83
  117 I   -4 -6 -7 -7 -5 -6 -4 -7 -6  6  2 -6 -1  0 -6 -5 -4 -6 -4  4    0   0   0   0   0   0   1   0   0  51  15   0   1   4   0   1   0   0   0  28  1.40 0.55
  118 R   -4  7  0 -5 -5  0 -3 -5  4 -4 -4  2 -4 -5 -5 -1  1 -6 -3 -4    1  55   4   0   0   4   0   0  10   1   1  10   0   0   0   5   9   0   0   1  1.30 0.58
  119 G    6 -5 -4 -5 -1 -3 -3 -1 -5 -5 -5 -4 -4 -6  4  2 -3 -6 -6 -3   60   0   0   0   1   1   1   4   0   0   0   0   0   0  19  12   0   0   0   1  1.25 0.60
  120 A    0 -2 -5 -6 -6 -6 -6  7 -6 -6 -7 -5 -7 -7 -6 -3 -6 -7 -7 -5    8   3   0   0   0   0   0  87   0   0   0   0   0   0   0   1   0   0   0   1  2.21 0.79
  121 A    3 -5 -4 -5 -4 -4 -3 -4 -5 -1 -3 -4 -3 -5 -2 -1  5 -6 -4  4   28   0   0   0   0   0   1   0   0   3   1   0   0   0   2   2  34   0   0  27  0.94 0.50
  122 G   -4 -5 -5 -6 -3 -6 -6  8 -6 -8 -6 -4 -7 -7 -6 -5 -6 -7 -7 -7    0   1   0   0   1   0   0  96   0   0   1   1   0   0   0   0   0   0   0   0  2.60 0.88
  123 G   -4 -4 -5 -6 -7 -6 -6  8 -6 -5 -8 -5 -7 -7 -6 -5 -6 -7 -7 -5    0   1   0   0   0   0   0  96   0   1   0   1   0   0   0   0   0   0   0   1  2.60 0.88
  124 D   -2 -3  0  4 -3  3  3 -3 -2 -3 -3 -1 -2 -5 -4  0  2 -5 -1 -2    2   1   3  28   1  13  17   1   1   1   3   2   1   0   0   8  12   0   2   3  0.55 0.34
  125 E   -5 -5 -4  0 -8 -3  8 -5 -5 -3 -7 -4 -4 -5 -6 -4 -5  0 -6 -6    0   0   0   4   0   0  89   1   0   2   0   0   0   1   0   0   0   1   0   0  2.34 0.92
  126 A    7 -5 -5 -6  0 -5 -5 -2 -6 -5 -5 -4 -5 -6 -5  2 -4 -7 -6 -4   77   0   0   0   2   0   0   2   0   0   1   1   0   0   0  16   0   0   0   1  1.69 0.74
  127 A    3 -2 -1 -3  3  2 -2  1 -2 -4 -3 -2  5 -4 -4  3 -1 -5 -4 -3   26   2   3   0   7   9   2   9   1   0   0   1  15   0   0  20   3   0   0   0  0.59 0.39
  128 L   -4 -4 -4  2 -4 -2 -4 -6 -4  3  5 -5  0 -3 -6 -5 -4 -5 -3 -2    1   1   0  14   0   2   0   0   0  13  63   0   1   1   0   0   0   0   1   1  1.12 0.52
  129 F   -7 -8 -8 -8 -4 -8 -8 -8 -6 -4 -4 -8 -5  9 -8 -6 -7  8 -2 -5    0   0   0   0   0   0   0   0   0   1   0   0   0  76   0   0   0  21   0   0  3.05 0.98
  130 A    6 -5 -4 -6  0 -5 -5 -3 -6 -4 -2 -5 -3 -5 -5 -1  2 -6 -5  1   69   0   0   0   2   0   0   2   0   0   4   0   0   0   0   3  10   0   0   8  1.29 0.62
  131 G    2  1  0 -1 -2  1  1  3 -2 -4 -3  0  0 -3 -3  1 -1 -2 -2 -3   22   6   4   3   1   5  12  21   1   0   2   4   3   1   0  11   2   0   1   1  0.32 0.24
  132 D   -4 -4 -1  6 -7 -2  4 -6 -4 -3 -4 -3  4 -6 -5 -3 -3 -7 -6 -5    1   0   2  46   0   1  31   0   0   2   1   1  12   0   0   2   1   0   0   0  1.46 0.64
  133 L   -5 -5 -7 -7 -3 -5 -7 -7 -7  3  6 -6  4 -3 -7 -6 -5 -6 -5 -1    0   0   0   0   1   0   0   0   0  12  74   0   9   0   0   0   0   0   0   3  1.63 0.64
  134 L   -1 -3 -6 -6 -3 -4 -4 -5 -3 -2  3 -4  2  6 -6 -4 -3 -1  3  0    5   1   0   0   0   1   1   0   1   1  30   1   5  36   0   1   1   1  10   7  0.98 0.45
  135 T   -3  6  1  1 -5  0  1 -2  1 -6 -5  2 -5 -4 -5 -2 -2 -6 -4 -5    1  50   7   9   0   4   8   3   3   0   1   9   0   1   0   2   2   0   0   0  1.06 0.50
  136 M   -3 -6 -7 -8 -4 -5 -7 -7 -7 -1 -1 -6 11 -5 -6 -5 -5 -6 -6 -3    2   0   0   0   0   0   0   0   0   3   4   0  87   0   0   1   0   0   0   1  3.26 1.10
  137 Y   -7 -5 -7 -8 -7 -6 -7 -7 -3 -4 -5 -7 -6 -1 -8 -7 -7 -3 10 -6    0   1   0   0   0   0   0   0   0   1   1   0   0   1   0   0   0   0  95   0  3.54 1.15
  138 Q   -2  0 -2 -2  1  3  2 -3 -1 -1  1  0  1 -3 -4  1  3 -4 -3 -1    2   4   1   0   3  17  14   1   1   4  12   4   4   1   0  11  18   0   1   3  0.31 0.26
  139 K   -1  6  2 -4 -3  0 -3 -1  1 -5 -4  3 -1 -5 -5 -2 -2 -6 -3 -4    5  45   9   0   0   3   0   4   3   0   2  20   1   0   0   3   2   0   1   1  0.99 0.48
  140 Y   -5 -5 -6 -7 -5 -5 -6 -7  0 -5  0 -6 -4  5 -7 -6 -4  5  8 -3    1   0   0   0   0   0   0   0   2   0   7   0   0  25   0   0   1   8  53   1  2.08 0.76
  141 A    6 -5 -5 -5  5 -5 -5 -2 -5 -1 -3 -5 -3 -1 -5  1 -2 -6 -5 -2   61   0   0   0  13   0   0   2   0   4   2   0   0   3   0   9   2   0   0   3  1.21 0.57
  142 E    0 -1  0  1 -2  3  4 -2  0 -2 -2  0 -2 -4 -4  0  0 -5 -3 -2    9   2   4   5   1  13  35   3   2   3   3   4   1   0   0   8   4   0   0   2  0.47 0.31
  143 T    0  3  1 -2 -3  0  0 -2  0 -2 -1  2 -2  1 -4  1 -1  0  2 -3    7  21   8   2   0   4   4   1   2   2   5  15   1   6   0  10   3   1   7   1  0.27 0.21
  144 Q   -3  3  1 -4 -3  4 -1 -5  3 -4 -2  4  1 -5 -5 -2 -3 -4 -2 -3    1  18   8   0   1  18   2   0   8   1   4  30   4   0   0   1   1   0   1   2  0.77 0.42
  145 G   -3  2  2 -2 -4 -2 -3  6 -1 -7 -6  1 -5 -5 -5 -1 -4 -6 -6 -6    1  10  10   2   0   2   1  58   2   0   0   8   0   0   0   5   0   0   0   0  1.21 0.52
  146 W   -7 -6 -6 -9 -5 -7 -8 -7 -5 -5 -1 -8 -2  3 -8 -7 -6 12  3 -6    0   0   0   0   0   0   0   0   0   1   5   0   1  11   0   0   0  71   8   0  3.55 1.09
  147 R   -2  3  0  0 -4  2  0 -3  1 -4 -5  5 -3 -5 -1  1 -1 -6 -4 -4    2  13   3   5   0   8   4   1   3   1   0  42   0   0   2   9   4   0   0   1  0.75 0.40
  148 F    0 -4 -4 -5  1 -4 -4 -4 -1  1 -1 -4  0  5 -4 -2  1  3  2  3    8   0   0   0   4   0   0   0   2   6   4   0   2  24   1   3  10   4   7  23  0.57 0.32
  149 E   -3 -1 -1  1 -5  1  6 -4 -1 -5 -5  1 -4 -4 -4  1  1 -6 -4 -4    1   3   3   8   0   5  48   0   1   0   0   9   0   1   0  10   8   0   0   1  0.89 0.47
  150 V   -2 -4 -4 -4 -4 -2 -2 -5 -4  4  2 -4  1 -2  1 -3  0 -3 -2  4    2   0   0   0   0   1   3   1   0  25  17   1   3   1   6   2   7   0   1  30  0.59 0.31
  151 M   -2 -4 -4 -4 -4 -4 -4 -6 -3  3  4 -5  3 -2 -5 -3 -1 -5 -2  3    2   0   1   1   0   0   1   0   1  16  40   0   9   1   0   1   2   0   1  22  0.79 0.37
  152 E   -1 -3  2  4 -5  0  2 -2  0 -5 -5 -1 -3 -4 -4  3 -1 -5 -1 -3    4   1   9  26   0   3  15   2   2   0   0   2   1   0   0  28   2   0   2   1  0.67 0.37
  153 S    0 -1 -2 -2  0  0  1 -3  0  1  0  0  1  1 -3  1  0 -1  2  0    6   3   1   1   2   4  12   0   2   8   8   5   3   5   0  12   7   1  11   7  0.10 0.12
  154 S   -1 -2  2  1 -3  1  0 -2  0 -2 -2 -2 -1 -2 -3  3  2 -5 -3 -1    3   1  11   9   0   6   6   1   3   2   4   2   2   2   1  29  15   0   0   5  0.35 0.27
  155 V    0  0 -1  0 -1  0  3 -2  0 -2 -2  0 -1 -3  3 -1  0 -4 -1 -1    9   5   1   5   2   3  24   2   2   1   3   6   1   1  16   4   6   0   2   6  0.30 0.21
  156 N    1 -3  1  0 -2 -3 -2  3 -2 -2 -2 -3 -2 -4 -3  3  3 -5 -4 -3    9   0   6   4   0   0   2  25   1   3   4   1   1   0   0  26  17   0   0   1  0.50 0.31
  157 G   -2 -2 -1  5 -4  0  4  1 -3 -4 -5 -2 -4 -5 -1  0 -1 -6 -5 -4    3   2   2  32   0   2  33  10   0   1   0   1   0   0   3   6   4   0   0   1  0.85 0.42
  158 V    0 -2 -1 -1 -2  0  1  0  0  2  2 -1  1 -1 -2  0 -1 -3  0  1    5   2   2   2   0   3  12   9   3  14  21   2   3   1   1   8   3   0   3   7  0.09 0.11
  159 G    2 -3  0 -2 -4 -3 -3  6 -4 -5 -5  0 -4 -5 -4 -2 -3 -5 -5 -3   19   1   4   1   0   0   1  60   0   1   0   7   0   0   0   2   1   0   0   1  1.16 0.46
  160 G   -2 -5 -2 -4 -5 -5 -4  7 -5 -6 -7 -4 -6 -5 -4 -3 -5 -6 -5 -6    2   0   1   0   0   0   1  91   0   0   0   0   0   1   1   1   0   0   0   0  2.19 0.70
  161 I   -3 -4 -5 -5  1 -4 -5 -5 -3  4  2 -4  1  4 -5 -4 -2 -3  4  2    0   0   0   0   3   0   0   0   0  24  21   0   2  16   0   1   1   0  14  14  0.70 0.32
  162 K   -3  4 -2 -2 -6 -1 -3 -5  0 -5 -4  6 -3 -5 -4 -1 -2  1 -4 -5    1  25   1   1   0   2   0   0   2   0   1  57   0   0   0   3   2   2   0   0  1.31 0.53
  163 E   -2 -2 -1  1 -5  0  5 -3  4 -4 -4  0 -3 -3 -4  2 -1 -3 -1 -2    2   2   2   8   0   2  41   1  11   0   1   4   1   1   0  17   2   0   2   3  0.70 0.36
  164 V    5 -4 -4 -5  1 -4 -4  0 -4  2 -2 -4 -2 -2 -4 -2 -2 -5 -2  3   49   0   0   0   2   0   0   6   0  13   2   0   1   1   0   0   1   0   1  22  0.78 0.40
  165 V   -1 -1 -2 -2 -1 -2 -3 -4 -3  3 -1 -2  2 -3 -4  2  3 -4 -3  2    4   3   1   1   1   1   1   0   0  21   2   2   5   1   0  17  22   0   0  18  0.41 0.28
  166 A    2 -4 -4 -5  1 -4 -4 -2 -4  2  2 -4  2  4 -4 -3 -3 -3 -2  2   20   0   1   0   2   0   0   3   0  12  23   0   5  17   0   1   0   0   0  15  0.48 0.27
  167 M    0  1  0 -1  0  1  3 -2 -1 -2  0  1  0 -1 -3  1 -1 -3 -2 -2    9   9   3   1   3   4  26   1   1   2   9   7   2   3   0  14   3   0   1   2  0.23 0.19
  168 V   -3 -6 -6 -6 -1 -5 -6 -6 -6  6  0 -5 -1 -2 -6 -5 -3 -5 -4  5    1   0   0   0   1   0   0   0   0  54   5   0   1   1   0   0   0   0   0  36  1.45 0.52
  169 S    0  1  0  0  0  0  2 -2 -1 -1 -3  2 -2 -4 -3  3  1 -4 -3 -2    6   9   4   3   2   3  14   2   1   5   1  15   1   0   0  24   7   0   1   2  0.27 0.20
  170 G   -2 -4 -2 -2 -5 -3 -3  7 -3 -6 -6 -4 -5 -5 -5 -1 -4 -5 -5 -5    2   1   2   2   0   1   1  84   1   0   0   1   0   0   0   4   1   0   0   0  1.86 0.59
  171 Q   -1  0  0  2 -3  0  2 -3  1 -3 -2  1 -2 -3  3  0 -1 -4 -2 -2    5   6   4  15   0   4  17   1   4   1   4  11   0   1  14   7   3   0   1   2  0.32 0.18
  172 S   -2  0  2  2 -3 -1  0  4 -1 -4 -4 -1 -3 -1 -3  0 -2 -2  2 -4    2   5  13  11   0   2   6  37   1   0   1   3   0   3   1   5   1   0   7   0  0.52 0.26
  173 V    5 -4 -4 -4  0 -4 -4 -3 -4 -1 -3 -4 -2 -4 -2  0 -1 -5 -4  4   47   0   0   0   2   0   0   1   0   2   1   0   0   0   1   6   2   0   0  35  0.91 0.42
  174 Y   -5 -5 -5 -6 -3 -5 -5 -5 -2 -4 -3 -4 -3  5 -5 -4 -5  4  9 -4    0   0   0   0   1   0   0   1   0   0   1   1   0  21   0   1   0   4  67   0  2.24 0.69
  175 S   -1  1 -1  2 -3  0  0  4 -3 -4 -4  1 -3 -5 -3  1 -1 -5 -4 -4    4   8   2  12   0   3   5  38   0   0   1  11   0   0   1  13   2   0   0   0  0.58 0.28
  176 K    0  2 -1 -2 -1  1 -1 -3  2 -1  0  2 -1  1 -3 -1  0  2  3 -1    8  13   3   2   1   7   2   0   7   2  10  13   1   6   0   3   4   3  11   3  0.16 0.14
  177 L   -4 -3 -6 -6  0 -5 -5 -5 -5 -1  6 -5  3  2 -6 -5 -4 -4 -2 -2    1   1   0   0   2   0   0   0   0   1  75   0   8  10   0   0   0   0   1   0  1.31 0.48
  178 K   -3  4 -2 -3 -4  1 -1 -4 -2 -5 -4  6  0 -5 -4 -2 -3 -5 -4 -5    1  25   1   0   0   5   2   1   1   0   1  58   2   0   0   2   0   0   0   0  1.29 0.49
  179 Y   -1 -3 -1 -4  0 -3 -4 -2  3 -3 -2 -4 -3  6 -4  0 -2  4  5 -3    5   1   4   0   2   1   1   4   7   0   3   1   0  36   1   6   3   6  20   0  0.85 0.36
  180 E   -4 -4 -4 -2 -7 -2  8 -6 -4 -3 -6 -3 -6 -7 -5 -4 -5 -6 -6 -6    1   0   0   0   0   0  96   0   0   2   0   0   0   0   0   0   0   0   0   0  2.36 0.78
  181 S    2 -1  0 -3 -1 -2 -2  1 -2 -3 -4 -1 -2 -2 -3  5  0 -5 -4 -3   19   4   3   0   1   0   1  11   1   1   0   3   1   2   0  47   4   0   0   1  0.65 0.35
  182 G   -3 -6 -4 -5 -6 -5 -5  8 -5 -7 -7 -5 -6 -6 -5 -4 -5 -6 -6 -6    0   0   0   0   0   0   0  97   0   0   0   0   0   0   0   0   0   0   0   0  2.47 0.71
  183 A   -2 -5 -4 -5 -2 -5 -5 -2 -5  3 -2 -5 -1 -4 -4 -2  0 -5 -4  6    2   0   0   0   1   0   0   4   0  14   0   0   1   0   0   3   6   0   0  68  1.18 0.47
  184 H   -5 -3 -3 -5 -7 -4 -4 -6 11 -7 -6 -4 -5 -4 -1 -5 -6 -6 -2 -7    0   1   0   0   0   0   0   0  93   0   0   1   0   0   3   0   0   0   0   0  3.45 0.92
  185 R   -5  8 -4 -5 -3 -2  0 -3 -4 -6 -6 -1 -5 -6 -5 -4 -4 -6 -5 -6    0  87   0   0   1   0   5   2   0   0   0   1   0   0   0   1   0   0   0   0  2.20 0.70
  186 V   -3 -6 -6 -7 -4 -5 -6 -7 -6  0  2 -6 -2 -3 -6 -5 -2 -6 -4  7    1   0   0   0   0   0   0   0   0   1  17   0   0   1   0   0   2   0   0  78  1.59 0.58
  187 Q   -4 -1 -4 -4 -6  8 -2 -6 -1 -3 -5 -1 -4 -6 -5 -4 -3 -6 -5  2    0   2   0   0   0  76   0   0   1   2   0   3   0   0   0   0   1   0   0  15  1.93 0.72
  188 R   -5  8 -4 -5 -7 -3 -4 -6 -4 -6 -6 -2 -2 -6 -6 -4 -4 -6 -5 -6    0  96   0   0   0   0   0   0   0   0   0   0   1   0   0   0   1   0   0   0  2.64 0.79
  189 V   -3 -4 -4 -6 -4 -5 -5 -6 -5  5 -1 -4 -2 -2 -4 -2 -2 -5  0  6    0   0   1   0   0   0   0   0   0  28   3   1   0   1   1   2   1   0   3  59  1.21 0.46
  190 P   -4 -5 -5 -5 -6 -5 -4 -5 -5 -6 -6 -4 -6 -7  8  2 -4 -7 -6 -6    0   0   0   0   0   0   0   0   0   0   0   0   0   0  80  18   0   0   0   0  2.51 0.75
  191 V    2 -1 -2 -1 -3  0  2 -2 -3 -1 -1  1 -2 -2  3 -1 -1 -4 -3  1   21   3   1   2   0   4  13   1   0   2   7  10   0   2  17   4   2   0   0  10  0.27 0.18
  192 T   -4 -4 -1 -4 -4 -4 -4 -4 -3 -4 -4 -4 -3  4 -5 -1  7 -5 -2 -3    0   0   3   0   0   0   0   1   0   0   0   0   0  15   0   2  75   0   1   1  1.63 0.62
  193 E   -3 -3  0  3 -6  0  7 -2 -3 -5 -5 -2 -5 -6 -4 -2 -3 -6 -5 -5    1   0   3  17   0   2  67   3   0   0   1   0   0   0   0   2   1   0   0   0  1.41 0.52
  194 S    2  0  0 -2 -3  1 -1 -2 -3 -3 -3  3 -3 -4 -2  3  2 -4 -3 -2   20   4   3   1   0   5   1   1   0   1   1  20   0   0   1  26  14   0   0   1  0.44 0.27
  195 Q    1 -1  2 -2 -4  4 -1 -1 -1 -3 -3  2  0 -4 -3  3 -1 -4 -3 -2    9   2   9   1   0  25   1   5   1   1   2  11   3   0   0  24   2   0   1   2  0.46 0.28
  196 G   -1 -3 -1 -2 -5 -2 -3  6  1 -6 -5  0 -5 -5 -4 -1 -3 -5 -5 -5    4   1   2   2   0   1   1  74   3   0   0   7   0   0   0   3   1   0   0   0  1.43 0.47
  197 R   -4  8 -4 -5 -6 -2 -3 -5 -4 -6 -4  3 -3 -6 -5 -3 -4 -6 -5 -5    1  78   0   0   0   0   1   1   0   0   1  13   1   0   0   1   1   0   0   0  1.95 0.65
  198 V   -3  3 -4 -5 -4 -3 -4 -5 -4  5  0 -3  3 -3 -2 -4 -1 -5 -3  4    0  16   0   0   0   0   0   0   0  34   7   0   9   0   2   0   3   0   0  26  0.74 0.34
  199 H   -5 -4 -3 -5 -6  1 -3 -6 11 -6 -2 -4 -2 -5 -6 -4 -5 -6 -2 -6    0   0   0   0   0   6   1   0  84   0   5   0   1   0   0   0   0   0   0   0  2.93 0.82
  200 T   -4 -5 -4 -5 -4 -4 -4 -5 -5 -4 -5 -4 -4 -5 -5 -1  8 -6 -5 -4    0   0   0   0   0   0   0   0   0   0   0   0   0   0   0   3  94   0   0   0  2.28 0.76
  201 S   -2 -4 -3 -4 -4 -4 -4 -1 -4 -5 -3 -4 -5 -5 -4  7 -2 -6 -5 -5    1   0   0   0   0   0   0   4   0   0   3   0   0   0   0  89   1   0   0   0  1.80 0.68
  202 T    3 -4 -3 -4 -4 -4 -4 -4 -4 -3 -4 -1 -3  4 -4 -1  6 -4 -3 -2   23   0   0   0   0   0   0   0   0   0   0   3   0  16   0   1  53   0   0   1  1.10 0.48
  203 A    5 -4 -4 -4  3 -3 -4 -3 -4  1 -3 -3  2 -4 -4  0 -1 -5 -4  3   50   0   0   0   5   0   0   0   0   6   0   0   6   0   0   5   3   0   0  22  0.77 0.37
  204 T    2 -2 -2 -3 -1 -3 -3 -2 -4 -1 -2 -3 -2 -4 -3  3  5 -5 -4 -1   14   1   1   0   1   0   0   2   0   3   3   1   1   0   0  28  42   0   0   3  0.77 0.39
  205 V   -3 -5 -5 -6 -1 -5 -4 -6 -6  2 -1 -5 -1 -4 -5 -4 -3 -5 -4  7    1   0   0   0   1   0   1   0   0   9   4   0   1   0   0   1   0   0   0  80  1.54 0.54
  206 L    4 -3 -2 -1 -1 -3 -1 -2 -2  1 -1 -3 -1  0 -3  1 -1  0 -2  2   44   0   2   4   1   0   5   1   1   7   4   0   2   4   0   9   2   1   1  14  0.40 0.26
  207 V   -2 -5 -5 -5 -1 -5 -5 -6 -6  3 -2 -5 -2 -3 -5 -2 -3 -5 -4  7    2   0   0   0   1   0   0   0   0  16   1   0   0   0   0   2   0   0   0  74  1.45 0.52
  208 M   -3 -4 -5 -5 -4 -3 -5 -5 -4  1  5 -4  5  0 -4 -2 -2 -3  1 -1    1   0   0   0   0   1   0   0   0   6  60   0  17   3   1   3   2   0   4   1  0.98 0.39
  209 P   -2 -5 -4 -5 -5 -4 -3 -5 -5 -5 -5 -4 -4 -6  9 -3 -4 -3 -6 -5    3   0   1   0   0   0   1   0   0   1   1   0   0   0  89   1   0   1   0   1  2.70 0.76
  210 E   -2 -2 -3 -1 -2  4  5 -4 -2 -1 -1  0 -1 -4 -4 -1 -2 -5 -4 -1    2   1   0   2   1  20  46   1   0   4   7   5   1   0   0   4   1   0   0   4  0.76 0.37
  211 V    2 -2 -3 -2 -3 -2 -2 -3 -2  2  0 -2  2 -1  4 -1 -1 -3  0  2   20   2   1   2   0   1   2   1   1  11   6   1   5   2  22   3   1   0   3  17  0.38 0.21
  212 E   -2 -1  0  4 -4  0  4 -2 -2 -4 -4  0 -3 -4  1  0  1 -5 -3 -2    2   2   2  25   0   3  31   2   0   0   1   6   0   0   5   8   8   0   0   3  0.58 0.27
  213 E   -1 -2  0  4 -3 -1  5 -3 -2 -4 -4  0 -4 -5 -2 -1 -2 -5 -4 -4    5   1   4  26   1   1  47   1   0   1   1   4   0   0   2   2   1   0   0   1  0.96 0.39
  214 V    0 -3 -1 -1 -2 -2 -2 -1 -3  3 -1 -2 -1 -2 -2  0  0 -4 -3  4    9   1   2   4   1   1   2   4   0  22   3   2   1   1   2   7   5   0   0  33  0.31 0.21
  215 E   -2 -3  1  5 -4  0  4 -4 -1 -2 -4  0 -4 -5 -4 -1  0 -6 -4 -3    3   0   7  38   0   3  30   0   1   2   1   5   0   0   0   2   4   0   0   2  0.86 0.37
  216 Y   -1 -4 -2 -2 -2 -4 -2 -4 -4  4  0 -3  0  2 -2 -2 -2 -4 -1  4    5   0   2   3   0   0   2   0   0  25   7   1   1  11   2   2   1   0   1  35  0.52 0.27
  217 E   -1 -1  0  2 -2  3  3 -3  1 -1 -2  1 -2 -3 -2 -1  0 -4  1  0    2   1   4  10   1  14  22   0   3   4   4  11   0   0   1   4   6   0   5   9  0.27 0.19
  218 I   -4 -5 -5 -3 -4 -5 -3 -6 -5  6  2 -5 -1  0 -5 -5 -3 -3  1  2    0   0   0   1   0   0   2   0   0  55  21   0   0   3   0   0   0   0   5  11  1.08 0.41
  219 D   -1  2  4  4 -4 -1  0 -3 -1 -2 -3  2 -4 -5  1  0 -2 -5 -4 -4    4  11  25  22   0   1   4   0   1   2   2  12   0   0   6   7   1   0   0   0  0.57 0.29
  220 Q    0 -3  0  2 -5  0  2 -4 -3 -4 -3 -1  2 -5  6 -1 -2 -1 -5 -4    8   1   5  11   0   3  15   0   0   0   2   3   7   0  38   3   2   1   0   0  0.84 0.36
  221 K    0 -1  2  2 -4  0  3 -2 -2 -4 -5  4 -3 -5 -3  1 -1 -5 -4 -4    8   2   8  11   0   3  20   2   0   0   0  29   0   0   0  13   2   0   0   0  0.54 0.29
  222 D   -4 -4 -2  8 -7 -3  2 -5 -3 -7 -7 -3 -7 -7 -5 -3 -4 -8 -7 -7    1   0   0  85   0   0  10   0   1   0   0   1   0   0   0   1   0   0   0   0  2.27 0.71
  223 L   -4 -4 -6 -4 -2 -5 -5 -6 -6  3  5 -5 -1 -2 -6 -5 -4 -5 -3  3    0   0   0   1   1   0   0   0   0  15  61   0   0   0   0   0   0   0   1  21  1.13 0.43
  224 R   -4  6 -3 -2 -5 -1  2 -5 -3 -4 -4  5 -4 -6 -4 -3 -3 -6 -5 -3    0  46   0   1   0   1  12   0   0   1   1  33   0   0   0   1   1   0   0   2  1.25 0.49
  225 V   -3 -3 -6 -6 -4 -4 -2 -6 -5  7  0 -4  2  0 -5 -4 -1  2 -2  3    1   1   0   0   0   1   3   0   0  61   3   1   4   3   0   1   3   3   1  15  1.13 0.44
  226 D   -4 -3 -2  6 -6 -1  5 -4 -1 -4 -6 -2 -5 -6 -4 -1 -2 -7 -5 -5    0   0   0  53   0   2  34   0   1   1   0   1   0   0   0   4   1   0   0   0  1.47 0.54
  227 I   -1 -3 -2 -4 -3 -3 -3 -4  1  0 -2 -3 -3  0 -3 -1  6 -4 -1  3    4   1   2   0   0   0   0   1   3   3   2   1   0   5   1   2  52   0   2  22  0.85 0.41
  228 Y   -2 -3 -4 -5  1 -3 -4 -5 -1 -2 -2  1  5  6 -5 -2 -1 -2  6 -3    4   0   0   0   3   0   0   0   1   1   1   8  17  31   0   2   3   0  27   0  1.08 0.43
  229 H   -3  8  0 -4  1 -1 -3 -4  0 -6 -5  0 -3 -6 -5 -3 -2 -6 -5 -5    1  79   3   0   3   1   0   1   2   0   1   4   0   0   0   1   3   0   0   0  1.82 0.60
  230 A    5 -4 -3 -4 -3 -3 -3 -2 -4 -3 -4 -3 -4 -5 -2  5 -2 -5  0 -3   51   0   0   0   0   0   0   1   0   1   0   0   0   0   1  40   0   0   3   0  1.14 0.50
  231 S   -2  1 -2 -3 -4  0 -3  3 -3 -5 -5 -2 -3 -5 -3  5 -1 -1 -4 -4    1   9   0   0   0   4   0  19   0   0   1   2   0   0   0  57   3   1   0   0  0.95 0.43
  232 G   -3 -3 -4 -4 -5 -5 -5  7 -5 -6 -6 -5 -6 -6 -5 -2 -4 -6 -6 -6    1   1   0   0   0   0   0  93   0   0   0   0   0   0   0   2   1   0   0   0  2.24 0.65
  233 A    5 -3 -3 -4 -3 -3 -3 -3  2 -3 -4  0 -4 -1  4  0 -3 -5 -4 -3   54   0   1   0   0   1   0   0   5   1   0   7   0   3  21   4   0   0   0   0  0.95 0.42
  234 G   -3 -1 -4 -4 -6 -5 -5  7 -5 -7 -6 -4 -6 -6 -5 -4 -5 -6 -6 -6    0   4   0   0   0   0   0  93   0   0   0   0   0   0   0   0   0   0   0   0  2.23 0.66
  235 G   -3 -5 -4 -5 -6 -5 -5  7 -5 -7 -7 -5 -6 -6 -5 -4 -5 -6 -6 -6    0   0   0   0   0   0   0  97   0   0   0   0   0   0   0   0   0   0   0   0  2.41 0.69
  236 Q   -5 -3 -4 -4 -6  9 -2 -5  1 -6 -6 -3 -4 -6 -5 -4 -4 -6 -5 -6    0   0   0   0   0  94   0   0   3   0   0   0   0   0   0   0   0   0   0   0  2.68 0.85
  237 N   -3 -4  4 -3 -3 -3 -3 -2  9 -6 -6 -3 -5 -4 -1  2 -4 -5 -1 -6    1   0  17   0   1   0   0   3  57   0   0   1   0   0   3  14   0   0   1   0  1.77 0.59
  238 V   -1 -2 -5 -6 -4 -4 -5 -6 -6  0 -2 -5 -2 -4 -5 -4 -3 -6 -4  7    5   3   0   0   0   0   0   0   0   2   1   0   1   0   0   0   0   0   0  86  1.69 0.59
  239 N   -5 -4  9 -2 -6  0 -4 -4 -3 -6 -6 -4 -5 -6 -1 -3 -4 -7 -5 -6    0   0  90   0   0   4   0   0   0   0   0   0   0   0   3   0   0   0   0   0  2.46 0.76
  240 K   -3  1 -3 -4 -4 -2 -3 -4 -4 -4 -4  6 -3 -5 -4 -2  5 -5 -4 -2    0   6   0   0   0   1   0   0   0   0   0  45   0   0   0   0  42   0   0   2  1.25 0.52
  241 V   -3 -2 -2 -4 -4 -4 -1 -5 -3 -3 -3 -4 -4 -5 -4 -1  7 -5 -4  1    1   2   1   0   0   0   3   0   1   1   1   0   0   0   0   2  75   0   0  12  1.49 0.58
  242 A   -1 -3  1  5 -3 -1  4 -4 -3 -5 -5 -2 -3 -5 -4  0 -3 -5  0 -2    4   0   7  40   0   1  30   0   0   0   0   1   1   0   0   7   1   0   3   3  0.94 0.39
  243 T   -2 -4 -3 -4 -4 -4 -4 -4 -4 -6 -6 -4 -5 -6 -4  7  3 -6  0 -5    1   0   0   0   0   0   0   0   0   0   0   0   0   0   0  82  14   0   3   0  1.76 0.69
  244 A    7 -5 -5 -5  0 -4 -4  0 -5 -5 -5 -3 -4 -6 -4 -2 -4 -6 -5 -3   91   0   0   0   1   0   0   6   0   0   0   1   0   0   0   0   0   0   0   1  1.80 0.66
  245 V   -3 -6 -6 -6  3 -5 -6 -6 -6  3 -2 -6 -2 -4 -6 -5 -3 -2 -4  7    1   0   0   0   5   0   0   0   0  11   0   0   0   0   0   0   0   1   0  81  1.72 0.59
  246 R   -5  8 -4  0 -7 -1 -3 -6 -1 -6 -5 -1 -5 -5 -6 -4 -4 -6 -5 -6    0  89   0   5   0   2   0   0   1   0   0   1   0   0   0   0   0   0   0   0  2.26 0.71
  247 M   -2 -5 -6 -6 -2 -5 -5 -6 -5  6  4 -5  2 -2 -5 -5 -3 -5 -4  2    2   0   0   0   1   0   0   0   0  45  37   0   4   0   0   0   0   0   0  10  1.08 0.40
  248 V   -3 -2 -3 -4 -3 -3 -3 -5  1  0 -2 -2 -2 -2 -4 -2  7 -4 -3  2    0   2   0   0   0   0   0   0   4   5   2   1   1   1   0   0  67   0   1  13  1.22 0.52
  249 H   -6 -4 -3 -5 -7 -4 -4 -6 11 -7 -7 -5 -6 -5 -6 -5 -5 -6 -1 -7    0   0   0   0   0   0   0   0  96   0   0   0   0   0   0   0   1   0   1   0  3.62 0.94
  250 I   -3 -2 -4 -4 -2 -3 -2 -4 -3  5  3  2  0 -1 -4 -3 -2 -4 -3  0    1   2   0   0   1   0   3   1   1  38  31  13   2   1   0   0   2   0   0   4  0.63 0.30
  251 P   -4 -6 -6 -5 -6 -5 -2 -5 -6 -6 -6 -5 -6 -7  9 -4 -5 -7 -7 -6    1   0   0   0   0   0   2   0   0   0   0   0   0   0  94   1   0   0   0   0  3.02 0.83
  252 T   -3 -4 -3 -3 -4 -4 -3 -5 -5 -4 -5 -4 -4 -5 -3  3  7 -6 -5 -4    0   0   0   1   0   0   1   0   0   0   0   0   0   0   1  18  79   0   0   0  1.82 0.66
  253 G   -3 -4  0 -3 -6 -4 -3  7 -4 -7 -6 -2 -6 -6 -5 -3 -4 -6 -6 -6    0   0   5   1   0   0   1  87   0   0   0   2   0   0   0   1   0   0   0   0  1.96 0.59
  254 I   -3 -5 -5 -5 -2 -5 -5 -6 -4  6  2 -5  2 -2 -5 -4  1 -5 -3  2    0   0   0   0   0   0   1   0   0  58  14   0   5   1   0   0   8   0   0  13  1.11 0.42
  255 K    0 -1 -4 -4 -3 -1 -2 -4 -3  1 -2 -2  0 -3 -4  0  3 -5 -3  5    6   3   0   0   0   2   2   0   1   6   1   2   2   0   0   8  19   0   0  50  0.66 0.35
  256 V    1 -5 -5 -6 -3 -5 -5 -5 -6  2 -2 -5 -2 -2 -5 -1 -2 -6 -4  6   10   0   0   0   0   0   0   0   0   8   1   0   0   1   0   5   1   0   0  73  1.29 0.50
  257 E    2 -1 -1 -1 -1  2  3 -3  0 -3 -2 -1 -2 -1 -3  2  1 -4 -2 -1   17   3   1   1   1  10  21   0   2   1   3   2   0   3   0  19  11   0   1   3  0.31 0.22
  258 M   -3 -4 -1 -6 10 -4 -6 -5 -4  1 -3 -5  5 -5 -6  0 -4 -6 -5 -1    2   1   3   0  57   1   0   0   0   9   0   0  15   0   0   8   0   0   0   3  1.98 0.62
  259 Q   -4 -1 -4 -4 -4  8 -2 -5 -3 -6 -5 -2  1 -6 -5 -3 -1 -5 -1 -5    1   2   0   0   0  83   1   0   0   0   0   0   3   0   0   1   5   0   2   0  2.11 0.75
  260 E   -2 -2  3  6 -5  3  2 -3 -3 -3 -5 -2 -3 -5 -4  0  0 -6 -5 -2    2   1  11  44   0  12  13   0   0   1   0   1   1   0   0   6   5   0   0   2  0.89 0.38
  261 E   -3 -3 -2  2 -5  0  7 -1 -1 -6 -6 -2 -4 -5 -4  0 -1 -6 -5 -5    1   0   1   8   0   3  70   4   1   0   0   0   0   0   0   8   3   0   0   0  1.36 0.54
  262 R   -4  8 -4 -5 -7 -2 -3 -6 -4 -6 -5  2 -5 -6 -5 -4 -5 -6 -5 -6    0  86   0   0   0   0   0   0   0   0   0  12   0   0   0   0   0   0   0   0  2.28 0.71
  263 T   -2 -4 -2 -3 -4 -2 -3 -4 -3 -5 -5 -3 -5 -1 -4  7  0 -6 -3 -5    0   0   1   1   0   1   1   0   0   0   0   0   0   3   0  86   5   0   1   0  1.65 0.66
  264 Q   -4 -3 -3 -4 -7  9 -2 -5 -3 -6 -5 -2 -4 -3 -5 -4 -5 -6 -4 -6    0   0   0   0   0  95   0   0   0   0   1   0   0   2   0   0   0   0   0   0  2.67 0.87
  265 Q   -2 -1 -2 -4 -5  1 -2 -3  8  1  1 -3  0 -1 -3 -3 -3 -4  0 -2    2   3   1   0   0   6   2   2  44  10  17   1   2   2   1   1   1   0   2   1  0.96 0.41
  266 K   -2  3 -2 -2 -5  5  0 -4 -2 -4 -2  5  1 -5 -4 -2 -3 -5 -3 -3    3  13   0   1   0  32   3   0   0   1   3  35   4   0   0   2   1   0   1   1  0.92 0.42
  267 N   -5 -4  9 -3 -7 -4 -4 -4 -3 -7 -7 -4 -6 -7 -6 -3 -4 -8 -6 -6    0   0  99   0   0   0   0   0   0   0   0   0   0   0   0   0   0   0   0   0  2.89 0.87
  268 R   -4  6 -3 -4 -6 -2 -2 -5 -4 -4 -4  6 -2 -6 -5 -4 -4 -6 -3 -5    0  37   0   0   0   0   0   0   0   1   2  57   1   0   0   0   0   0   1   0  1.62 0.59
  269 D    3  0 -1  2 -4  1  5 -3 -2 -3 -4  0 -2 -4 -3 -1 -1 -5 -4 -2   24   5   1   9   0   5  41   0   0   1   1   3   1   0   0   3   2   0   0   2  0.65 0.34
  270 K   -2  4 -1 -3 -4  1 -1 -4 -2  1 -1  5  1 -4 -4 -1  0 -1 -3 -2    2  21   2   0   0   5   2   0   0  10   6  38   3   0   0   3   6   1   0   1  0.58 0.31
  271 A    7 -5 -5 -5 -1 -4 -4 -2 -5 -5 -5 -4 -4 -6 -4 -2 -3 -6 -5 -3   95   0   0   0   1   0   0   2   0   0   0   0   0   0   0   0   0   0   0   0  1.95 0.70
  272 M   -4 -3 -4 -6 -4 -4 -4 -6 -3  0  4 -4  7  2 -6 -5 -3  4  1 -2    0   1   0   0   0   0   1   0   0   3  36   0  37   9   0   0   1   6   4   1  1.20 0.47
  273 K   -1  3 -1 -1 -5  3  1 -3 -2 -3 -3  4 -1 -4 -3  0  0 -5 -4 -3    5  14   2   2   0  17   7   1   0   1   2  35   1   0   0   6   5   0   0   1  0.61 0.31
  274 I   -2 -1 -3 -5 -3 -2 -3 -5 -4  4  1 -1  3 -2 -4 -3 -2 -4 -3  4    2   4   1   0   0   1   1   0   0  30  13   5  10   0   0   1   2   0   0  29  0.62 0.30
  275 I   -5 -5 -6 -7 -4 -5 -6 -7 -6  0  6 -6  2 -3 -6 -5 -4 -5 -4 -1    0   0   0   0   0   0   0   0   0   3  90   0   3   0   0   0   0   0   0   2  1.71 0.58
  276 R    0  6 -3 -4  2  0 -2 -4 -2 -4 -3  3 -2 -5 -4 -2 -2 -5 -2 -4    8  49   0   0   5   4   1   1   1   1   2  21   1   0   0   2   2   0   2   1  0.97 0.41
  277 A    5 -3 -1 -3 -3 -2 -2 -2 -4 -4 -4 -3 -3 -5 -4  3  1 -5 -3 -3   56   1   3   1   0   1   2   1   0   0   0   0   0   0   0  26   6   0   0   1  0.97 0.46
  278 R   -4  7 -3 -4 -6 -1 -3 -5 -3 -2 -4  5 -3 -5 -5 -3 -3 -6 -5 -5    0  53   0   0   0   1   0   0   0   3   2  37   0   0   0   0   1   0   0   0  1.55 0.56
  279 V   -4 -5 -6 -7 -4 -5 -6 -7 -6  3  6 -5  0 -2 -6 -5 -4 -5 -4  1    0   0   0   0   0   0   0   0   0  12  76   0   1   1   0   0   0   0   0   9  1.41 0.51
  280 A    0 -3 -3 -5 -5 -1 -4 -5  1 -2  1 -2  2  2 -5 -3 -3  1  8 -3    7   1   1   0   0   3   0   0   3   1  12   2   5   8   0   1   1   2  51   1  1.14 0.46
  281 D    0 -2  0  3 -5  4  5 -3 -1 -4 -4 -1 -3 -5 -4  0 -2 -5 -4 -4    8   1   3  17   0  20  39   1   1   1   1   2   0   0   0   5   1   0   0   1  0.85 0.40
  282 H    0  2 -2 -3 -3  1 -1 -3  1  2  2  1  3 -1 -4 -2 -2 -3 -1 -1   10  13   1   0   0   8   3   1   3  11  23   9  10   2   0   1   1   0   2   2  0.25 0.20
  283 F   -1  1 -2 -2 -4  3  5 -4  1 -2 -3  3 -1 -3 -4 -2 -2 -5 -1 -4    4   6   1   1   0  11  39   0   4   2   2  22   2   1   0   0   2   0   2   1  0.73 0.37
  284 A   -2  4 -2 -2 -4  2  1 -4 -1  0  2  1  1 -2 -4 -2 -2 -3 -1 -1    2  23   1   1   0  10  10   0   1   5  25   6   4   1   0   2   1   0   2   4  0.34 0.23
  285 Q    0  2  0  1 -5  3  4 -3 -2 -1 -3  1 -2 -4 -3  1 -1 -5 -4 -3    7  11   3   8   0  13  32   1   1   4   2   6   1   0   0   9   2   0   0   1  0.50 0.28
  286 I    0  3 -2 -1 -5  2  4 -4 -3 -3 -4  4 -3 -5 -4 -2 -3 -5 -4 -4    8  17   1   2   0   7  29   0   0   1   1  31   0   0   0   2   1   0   0   0  0.81 0.39
  287 A    0  2 -1 -1 -4  5  3 -4  0 -1 -1  2 -1 -4 -3 -1 -2 -4 -2 -2    8  13   2   2   0  26  17   0   2   5   7  11   1   0   0   2   1   0   1   2  0.46 0.28
  288 Q    1  1  0  0 -4  4  2 -3  2 -1 -2  1  2 -3 -3 -1  0 -4 -2 -1   13   6   4   6   0  20  17   0   4   3   3   6   7   1   0   2   5   0   1   3  0.31 0.23
  289 D    2  0  0  0 -2  1  3 -2 -2 -3 -3  2 -2 -4 -3  2  0 -5 -4 -3   23   3   4   5   1   5  22   1   1   1   1  13   1   0   0  14   4   0   0   1  0.41 0.26
  290 E    0  0 -1  1 -4  2  5 -3 -2 -4 -3  3 -2 -4 -4  1 -2 -5 -4 -4    6   4   2   5   0   7  38   1   1   0   2  21   1   0   0   9   2   0   0   1  0.67 0.35
  291 Q   -1  4 -1 -2 -3  1  1 -4  0  1  0  0  1 -2 -4 -2  0 -2  0  0    4  29   2   1   0   7   8   0   2  11  10   4   4   1   0   1   5   1   3   7  0.30 0.21
  292 D    2  3  1  1 -3  1 -1  0  0 -3 -2  0 -3 -3 -3  2  0 -4  0 -2   19  16   5   7   0   5   3   5   2   1   3   5   0   1   0  21   3   0   3   2  0.27 0.21
  293 A    2  0  1  2 -3  1  2 -2 -2 -3 -2  2 -3 -4 -3  2 -1 -5 -3 -3   20   4   6  10   0   7  13   2   1   1   4  13   0   0   0  17   3   0   0   0  0.32 0.22
  294 E    1 -1 -1 -1 -3  2  1 -2 -1  0  1  0  2 -2 -3  1  1 -4 -2 -1   14   1   3   2   0  10  10   1   1   5  17   6   7   0   0   8   9   0   1   2  0.15 0.16
  295 R   -4  8 -3 -5 -7 -2 -1 -6 -3 -6 -5  1 -5 -6 -6 -3 -4 -6 -5 -6    1  84   1   0   0   1   4   0   0   0   0   6   0   0   0   1   0   0   0   0  2.20 0.75
  296 K   -2  4 -1 -4 -5  1 -2  0 -3 -5 -3  5  0 -5 -4  0 -3 -5 -4 -4    2  25   3   0   0   5   0   6   0   0   2  45   2   0   0   6   1   0   0   0  0.95 0.44
  297 S    0 -2  1  0 -3  0  1  0 -2 -1  0  1  0 -3 -3  3  0 -4 -3 -2    7   1   5   6   0   4  10   5   0   4  10   8   2   1   0  29   5   0   0   1  0.22 0.20
  298 T   -2 -3 -3 -1 -6  7 -1 -5  0 -3  1 -1  2 -5 -3 -3 -3 -5 -5 -3    4   0   0   4   0  60   3   0   2   1  14   2   5   0   1   1   1   0   0   2  1.29 0.59
  299 V   -2 -3 -5 -5 -4 -3 -5 -6 -3  5  0 -4  2 -1 -5 -4 -2 -3 -3  5    2   1   0   0   0   1   0   0   1  39   4   1   5   2   0   0   2   0   1  39  1.06 0.44
  300 G   -1 -2 -3 -3 -5 -3 -3  7 -5 -5 -5  0 -4 -6 -3  1 -3 -5 -6 -5    5   2   0   1   0   1   1  72   0   0   1   5   0   0   1   9   1   0   0   1  1.45 0.54
  301 T   -2 -1  0 -2 -4 -2 -3  0 -2 -4 -4 -1 -2 -3 -3  4  4  5 -4 -4    1   2   3   1   0   2   1   6   1   0   1   2   1   1   1  36  30   8   0   0  0.79 0.44
  302 G    2  0 -2 -4 -4 -4 -4  6 -4 -2 -3  0  0 -5 -4  0 -2 -5 -5 -3   15   5   1   0   0   0   0  55   0   3   2   5   2   0   0   6   2   0   0   2  0.92 0.41
  303 D    0 -3  1  5 -5 -2  2  1 -2 -4 -4 -2 -1 -3 -4  1 -1 -5 -3 -4    8   1   7  39   0   1  13  11   0   0   1   1   2   1   0  11   3   0   1   0  0.68 0.34
  304 R   -4  8 -4 -4 -5 -1 -3 -4 -3 -5 -4 -2 -4 -2 -5 -4 -3  4 -4 -5    1  80   0   1   0   2   1   1   0   1   1   1   0   2   1   1   1   5   0   1  1.98 0.67
  305 S    0 -3  1 -2 -3 -3 -2  1  0 -4 -4 -3 -3 -4 -3  6 -2 -5 -4 -3    6   1   6   1   0   0   2  10   2   1   2   1   0   0   1  65   1   0   0   1  1.05 0.49
  306 E   -2 -3 -1  3 -5  0  6 -3  0 -5 -5 -2 -4 -5 -4 -1 -3 -5 -4 -4    4   1   2  16   0   2  62   1   2   0   1   1   0   0   0   5   1   0   0   1  1.25 0.50
  307 R   -4  5 -3 -4 -6  4 -3 -5 -4 -6 -6  6 -5 -6 -5 -3 -4 -6 -5 -6    1  25   1   0   0  16   0   0   0   0   0  56   0   0   0   0   0   0   0   0  1.60 0.62
  308 I   -5 -6 -6 -6 -2 -6 -6 -7 -7  8 -2 -6 -2 -3 -6 -5 -4 -6 -5  1    0   0   0   0   1   0   0   0   0  87   1   0   0   1   0   1   1   0   0   7  2.15 0.71
  309 R   -6  9 -5 -6 -7 -2 -4 -6 -4 -7 -6 -2 -5 -7 -6 -5 -5 -7 -6 -7    0  97   0   0   0   1   0   0   0   0   0   1   0   0   0   0   0   0   0   0  2.84 0.91
  310 T   -4 -5 -3 -5 -5 -4 -5 -5 -5 -5 -5 -4 -5 -6 -5  2  8 -6 -5 -4    0   0   1   0   0   0   0   0   0   0   0   0   0   0   0  16  81   0   0   0  2.03 0.78
  311 Y   -6 -6 -6 -7 -7 -6 -6 -7 -3 -6 -5 -6 -5  0 -7 -6 -6 -1 10 -6    0   0   0   0   0   0   0   0   0   0   0   0   0   2   0   0   0   0  97   0  3.44 1.03
  312 N   -5 -3  8 -2 -6 -4 -4 -4 -2 -4 -6 -4 -5 -6 -6 -3 -2 -4 -5  2    0   1  79   0   0   0   0   0   1   1   0   0   0   0   0   0   2   0   0  14  2.09 0.75
  313 F   -5 -6 -6 -7 -6 -6 -5 -6 -4 -2  0 -6 -1  8 -7 -6 -5  3  5 -3    0   0   0   0   0   0   1   0   0   1   9   0   1  62   0   0   0   3  21   1  1.97 0.66
  314 P   -1 -4 -1 -2 -5  1 -4 -4 -1 -4 -4  1 -3 -6  7 -2 -2 -6 -5 -3    5   0   4   2   0   6   0   1   1   1   2   7   0   0  63   2   2   0   0   2  1.59 0.59
  315 Q   -4 -2 -3  1 -7  8  0 -5 -1 -6 -6 -2 -4 -5 -5 -3 -4 -5  4 -5    1   1   1   9   0  66   4   0   1   0   0   1   0   0   0   1   0   0  14   0  1.75 0.72
  316 N   -3 -1  5  5 -4  1 -1  2 -2 -6 -6 -1 -5 -6 -4  1 -1 -6 -5 -5    1   2  26  32   0   6   3  14   1   0   0   2   0   0   0   9   4   0   0   0  0.87 0.40
  317 R   -5  8 -4 -6 -7 -2 -4 -6 -4 -4 -2 -2  4 -6 -6 -5 -4 -6 -3 -5    0  82   0   0   0   1   0   0   0   1   5   0   9   0   0   0   0   0   1   0  2.15 0.77
  318 V   -3 -6 -6 -7  1 -6 -5 -7 -7  5  0 -6 -1 -4 -6 -5 -3 -6 -5  6    1   0   0   0   2   0   0   0   0  28   5   0   1   0   0   0   0   0   0  64  1.53 0.58
  319 T   -3 -4 -3 -5 -5 -4 -4 -5 -5 -4 -5  3 -3 -6 -5  0  7 -6 -5 -2    1   0   0   0   0   0   0   0   0   0   0  17   0   0   0   5  75   0   0   2  1.73 0.71
  320 D   -6 -6 -2  9 -8 -4 -2 -6 -5 -8 -8 -5 -7 -8 -6 -4 -5 -9 -7 -8    0   0   0  99   0   0   1   0   0   0   0   0   0   0   0   0   0   0   0   0  2.92 0.91
  321 H   -6 -4 -4 -4 -7 -2 -3 -7 11 -7 -2 -4 -5 -6 -7 -5 -5 -7 -3 -5    0   0   0   1   0   1   1   0  91   0   4   1   0   0   0   0   1   0   0   1  3.42 1.01
  322 R   -5  9 -5 -6 -8 -3 -4 -7 -4 -7 -7 -1 -6 -7 -6 -5 -5 -7 -6 -7    0  99   0   0   0   0   0   0   0   0   0   1   0   0   0   0   0   0   0   0  2.89 0.92
  323 I   -2 -4 -4 -5  2 -4 -5 -4 -4  5  2 -4 -1 -2 -5 -1  3 -5 -2  2    2   0   0   0   4   0   0   0   0  39  17   0   0   1   0   4  18   0   1  11  0.73 0.36
  324 G   -2 -1  5 -1 -5 -1 -1  5  0 -6 -5  1 -5 -5 -2  0 -3 -6 -5 -5    1   2  26   3   0   2   3  43   3   0   1   9   0   0   1   5   0   0   0   0  0.94 0.41
  325 L   -2 -1 -3 -3 -2  0  0 -2  1  1  2  1  1  1 -4 -3 -2 -1  2  1    1   2   1   1   1   5   7   3   4   8  25  10   4   6   0   0   1   0  10  11  0.20 0.17
  326 T   -3 -3  3 -1 -4 -1  2 -4 -2 -4 -5 -1 -2 -5 -4  3  5 -6 -5 -3    0   0  12   3   0   1  16   0   1   0   0   3   1   0   0  26  35   0   0   1  0.84 0.45
  327 L   -2 -2 -2 -3 -2 -2 -2 -4  0  1  2 -2  1  2 -4 -1  1  4 -1  2    2   1   2   0   1   2   2   0   3   8  21   2   3  11   0   4  11   7   1  19  0.32 0.21
  328 Q   -3 -1  1 -3 -5 -1 -3  1  7 -4 -4 -1  0  1 -2  1 -1 -2  5 -4    1   3   6   0   0   3   1  10  31   0   1   3   3   5   2  11   3   0  18   1  0.81 0.38
  329 K   -1  0  6  3 -5  0 -1  2  0 -5 -5  0 -4 -5 -2  0 -3 -6 -4 -5    3   4  39  17   0   3   2  14   2   0   0   6   0   0   2   5   0   0   0   0  0.80 0.38
  330 L   -2 -5 -6 -6 -3 -5 -5 -5 -5  4  4 -5  1 -2 -3 -4 -1 -3 -3  3    2   0   0   0   0   0   0   0   0  22  50   0   3   0   1   0   3   0   0  17  0.94 0.40
  331 D    0 -1  1  4 -5  2  3 -2 -1 -4 -4  1 -3 -5  1  0  0 -5 -4 -4    6   3   7  22   0  11  21   2   1   0   1   6   0   0   8   5   5   0   0   0  0.49 0.27
  332 T    1  1  1  2 -3  1  2  1 -1 -3 -3  1 -3 -2 -2  1 -1 -4 -3 -2   16   8   6  11   0   7  12  11   1   0   2   6   0   1   1  13   3   0   0   2  0.24 0.17
  333 I   -3 -5 -6 -6 -1 -5 -6 -6 -6  4 -1 -6  2  5 -6 -5 -3 -3 -2  5    1   0   0   0   1   0   0   0   0  24   3   0   5  23   0   0   1   0   0  42  1.17 0.48
  334 L   -5 -6 -6 -7 -5 -5 -6 -7 -6  1  5 -6  8  0 -6 -6 -4 -5 -4 -1    0   0   0   0   0   0   0   0   0   5  46   0  43   3   0   0   0   0   0   3  1.73 0.65
  335 S    0 -1  2  4 -2  2  3 -2 -2 -4 -2  0 -2 -3 -4  1 -1 -5 -4 -4    7   2  10  28   1   8  21   2   1   0   4   4   1   1   0   8   2   0   0   0  0.53 0.29
  336 G   -3 -6 -4 -5 -7 -4 -6  8 -6 -8 -8 -6 -7 -7 -6 -4 -4 -7 -7 -7    0   0   0   0   0   1   0  97   0   0   0   0   0   0   0   0   1   0   0   0  2.57 0.82
  337 K   -2 -1  2  5 -6 -1  3  2  0 -5 -5  0 -5 -6 -4 -1 -3 -6 -3 -5    2   2  12  30   0   2  23  17   2   0   1   6   0   0   0   2   1   0   1   0  0.76 0.37
  338 M   -5 -6 -7 -7 -4 -5 -6 -7 -6  3  6 -6  1  1 -5 -5 -4 -3 -4 -1    0   0   0   0   0   0   0   0   0  17  73   0   2   4   0   1   0   0   0   1  1.42 0.54
  339 D   -2 -3  1  6 -5  1  3  0  0 -5 -5 -2 -3 -5 -3 -1 -2 -6 -5 -5    3   0   5  50   0   7  18   6   3   0   1   1   1   0   1   3   2   0   0   0  1.04 0.45
  340 E   -1  0  0  2 -4  1  4 -1 -1 -1 -2  1 -1 -4  2 -1 -1 -3 -2 -2    4   4   3  14   0   4  28   5   1   3   3   7   1   0  11   3   4   0   1   3  0.33 0.21
  341 V   -3 -5 -6 -6 -2 -5 -6 -6 -5  4  3 -5  3  6 -4 -4 -3 -3 -2  2    2   0   0   0   1   0   0   0   0  21  22   0   8  31   1   0   0   0   0  13  0.97 0.41
  342 I   -3 -5 -5 -5 -1 -4 -5 -6 -2  6  1 -5  2 -1 -6 -4 -2 -1 -3  3    1   0   0   0   1   0   0   0   1  56  10   0   5   2   0   1   2   1   0  17  1.11 0.46
  343 D    0  0  2  4 -3  3  4 -2 -1 -4 -4 -1 -3 -4 -3 -1 -1 -2 -3 -4    7   4   8  24   0  14  25   2   1   1   2   3   0   0   0   3   3   1   1   1  0.57 0.31
  344 A    4  0 -1 -1 -3  0  1 -1 -2 -3 -3  1 -1 -5 -1  2 -1 -5 -3 -2   41   4   2   2   0   4   9   4   1   1   2   7   1   0   3  15   3   0   0   1  0.45 0.30
  345 L   -3 -5 -6 -6  2 -5 -5 -5 -5  0  5 -5  2  0 -6 -3 -3 -3  3  0    1   0   0   0   5   0   0   1   0   4  64   0   3   3   0   2   0   0  10   6  1.03 0.45
  346 V   -1  2 -2 -2 -3  3 -1 -3 -1  2  2  1  0 -3 -4 -1 -2 -3 -2  0    5  11   1   1   0  16   3   1   1  12  24  11   1   0   0   3   1   0   1   6  0.26 0.21
  347 M    0  2 -1  1 -3  1  2 -2  0 -1  0  2  1 -3 -3  0  0 -4 -2 -1   10  10   2   8   0   8  17   1   2   4   9  13   4   0   0   4   5   0   1   3  0.19 0.15
  348 Y    1  0 -1  0 -3  2  1 -3  3 -3 -1  0  1  0 -4 -1 -2  6  2 -2   12   3   2   6   0  12  10   1   8   1   6   6   5   4   0   2   1  11   7   1  0.33 0.23
  349 D    0  0  1  3 -4  1  3 -3  3 -2 -2 -1 -1 -1 -3  0 -2 -3  1 -3    8   5   5  19   0   7  21   1   9   2   4   2   2   2   0   5   1   0   6   1  0.35 0.23
  350 Q   -1  3  1  0 -5  4  2 -3  0 -2 -2  1 -1 -4 -4 -1 -2 -2 -1 -1    4  19   6   5   0  20  15   1   2   2   5   9   2   0   0   2   2   1   2   5  0.40 0.25
  351 T    1  1  0  0 -2  2  3 -2  0 -2 -1  1  1 -3 -3  0  0 -4 -1 -2   15   8   3   4   0  10  20   2   2   2   5   8   4   0   0   7   6   0   2   1  0.22 0.17
  352 Q   -1  1 -1  2 -5  3  5 -3 -1 -4 -3  1 -2 -5 -4 -1 -1 -5 -4 -4    6   8   3  10   0  13  40   1   1   1   3   7   1   0   0   2   3   0   0   0  0.67 0.35
  353 K    1  4 -2 -2 -3  1  0 -3 -3 -2  1  3  0 -2 -3  0 -1 -4 -2 -2   13  26   1   2   0   7   5   0   0   2  13  17   3   1   0   5   2   0   1   2  0.36 0.24
  354 L   -3 -4 -6 -6 -3 -3 -5 -6 -5  3  5 -5  3 -1 -6 -4 -3 -4 -3  0    1   0   0   0   0   1   0   0   0  15  67   0   5   2   0   0   1   0   1   5  1.14 0.45
  355 E    2  0  1  0 -4  2  4 -2 -1 -3 -1  2 -1 -4 -3  0 -1 -5 -4 -2   19   4   6   3   0   9  27   1   1   1   5  14   1   0   0   5   3   0   0   1  0.38 0.24
  356 A    2 -1  1  2 -4  1  4 -2  0 -1 -3 -1  0 -4 -3  1 -2 -5 -4 -2   18   1   7  10   0   6  30   2   2   4   1   1   2   0   0  13   1   0   0   1  0.43 0.26
  357 L   -2 -4 -5 -5 -2 -3 -3 -5 -5  3  5 -4  5  3 -5 -3 -3 -4 -3 -1    3   0   0   0   0   1   2   0   0  14  52   0  14  10   0   1   0   0   0   1  0.87 0.36
  358 N    0 -1  4  2 -3  0  1  1 -2 -1 -1 -1 -2 -4 -3  2  1 -4 -3 -2    7   1  23  11   0   2   7   8   0   4   6   3   1   0   0  20   7   0   0   1  0.29 0.16
  359 K   -3  3 -2 -1 -5  2  4 -4 -2 -5 -4  5 -3 -5 -3 -2 -3 -5 -4 -4    0  15   0   0   0   7  37   0   0   0   0  41   0   0   0   0   0   0   0   0  1.00 0.30

                      K         Lambda
Standard Ungapped    0.1290     0.3116
Standard Gapped      0.0410     0.2670
PSI Ungapped         0.1964     0.3175
PSI Gapped           0.0601     0.2670
