
Last position-specific scoring matrix computed, weighted observed percentages rounded down, information per position, and relative weight of gapless real matches to pseudocounts
           A  R  N  D  C  Q  E  G  H  I  L  K  M  F  P  S  T  W  Y  V   A   R   N   D   C   Q   E   G   H   I   L   K   M   F   P   S   T   W   Y   V
    1 M   -4 -5 -6 -7 -5 -4 -6 -6 -5 -2  3 -5  9  0 -6 -5 -4 -5 -4  2    0   0   0   0   0   0   0   0   0   0  23   0  60   4   0   0   0   0   0  13  1.81 0.56
    2 K   -3  1 -2 -4 -5  1 -1 -5  1 -2  1  4  0 -1 -4  1 -3 -3  5 -3    0   5   1   0   0   6   2   0   3   1  16  28   2   1   0  12   0   0  22   0  0.61 0.35
    3 R   -6  9 -5 -7 -8 -4 -5 -7 -3 -8 -6  0 -6 -7 -5 -6 -6 -7 -2 -7    0  92   0   0   0   0   0   0   0   0   0   4   0   0   1   0   0   0   2   0  2.83 0.99
    4 T   -4 -4 -1 -1 -6 -4 -4 -6 -6 -4 -5 -4 -6 -7 -6  3  7 -7 -6 -5    0   1   2   4   0   1   0   0   0   1   1   1   0   0   0  21  68   0   0   0  1.80 0.82
    5 N   -2 -2  0 -3  1 -2 -3 -5 10 -4 -4 -2 -3 -3 -6 -4 -1 -1 -1 -4    3   2   4   2   2   1   1   1  68   1   1   3   1   1   0   1   4   1   2   1  2.25 0.84
    6 Y   -2  0  2 -2 -5 -3 -2 -3  1 -3 -1 -1  1  1 -3  0  4 -2  5 -3    2   6   9   2   0   0   2   2   3   1   5   4   3   5   1   7  28   0  19   1  0.50 0.35
    7 A    0 -8 -2 -8 11 -7 -8 -6 -8  2 -3 -7 -4 -7 -5 -5 -6 -7 -7 -1    9   0   2   0  72   0   0   0   0   9   2   0   0   0   1   0   0   0   0   4  2.88 0.96
    8 G   -1 -6  1 -2 -4 -3 -3  7 -3 -6 -7 -3 -6 -7 -4 -2 -1 -6 -2 -6    5   0   6   2   0   1   2  71   0   0   0   2   0   0   1   3   4   0   2   0  1.54 0.64
    9 N   -1 -3  0  3 -2  3  5 -4 -2 -4 -4 -1 -3 -6 -5  0  0 -6 -4 -5    6   1   4  14   1  12  43   1   1   1   2   2   1   0   0   6   5   0   0   0  0.88 0.49
   10 I   -4 -6 -7 -7 -5 -6 -6 -8 -7  4  6 -6 -1 -2 -4 -6 -5 -6 -4  1    1   0   0   0   0   0   0   0   0  19  67   0   0   1   1   0   0   0   1   8  1.49 0.63
   11 T   -2  5  3  0 -2 -2 -4 -1 -3 -5 -5 -1 -4 -5 -2  2  3 -6 -5 -5    2  31  15   5   1   1   0   5   1   0   0   2   0   0   2  16  16   0   0   0  0.78 0.47
   12 E    1  0 -1  0 -3 -1  2 -3 -1  0  0  3 -2 -3  0  0 -1 -5 -4 -1   14   3   3   4   0   1  14   1   1   5  12  21   1   0   5   7   4   0   0   3  0.21 0.21
   13 E    1  0  1  2 -3  0  3 -1 -1 -3 -4  2 -3 -5 -3  3 -1 -5 -3 -3   11   4   6   9   0   3  19   3   1   2   1  12   0   0   1  21   4   0   1   1  0.39 0.29
   14 Y   -3 -3  3  5 -6  0 -1 -4  7 -4  1 -3 -2 -2 -3 -2 -3 -2 -1 -4    2   1  13  28   0   5   2   1  24   0  13   1   1   1   2   2   1   1   2   1  0.88 0.47
   15 L    1 -3 -3 -3 -2 -2 -1 -4 -5  4  1 -3 -1 -4 -2 -2 -1 -2 -4  4   10   1   1   1   0   1   6   0   0  24  14   1   1   0   2   3   3   1   0  30  0.55 0.33
   16 N   -4 -5  2  2 -7 -3 -2  7 -2 -8 -8 -4 -7 -8 -5 -4 -5 -7 -7 -6    0   0   8  10   0   1   2  74   1   0   0   1   0   0   0   1   0   0   0   0  1.81 0.74
   17 Q   -3  1 -3 -2 -5  5  3 -4 -1 -5 -5  4 -3 -6 -5  0  0 -6 -4 -5    2   7   1   1   0  29  17   1   1   0   1  26   1   0   0   7   5   0   0   0  0.92 0.52
   18 T   -2  3 -1  0 -2  2  3 -4 -1 -2 -4  2 -2 -3 -2  0  3 -5 -2 -1    1  14   2   4   1   7  19   0   1   3   0  13   1   1   2   7  18   0   1   4  0.42 0.31
   19 V   -2 -7 -7 -8 -5 -5 -7 -8 -3  3 -2 -5 -4 -4 -6 -5 -4 -7 -6  7    3   0   0   0   0   0   0   0   1  15   3   1   0   0   0   1   1   0   0  75  1.88 0.76
   20 T   -2  1 -2 -3 -1  0  0 -5 -3  0 -1  1 -2 -3 -4 -1  5 -5 -2  3    2   7   1   1   1   3   5   0   1   5   4   8   1   1   0   5  34   0   2  21  0.53 0.37
   21 V   -4 -6 -7 -7 -5 -6 -7 -7 -7  3  6 -6 -1 -2 -7 -6 -5 -6 -5  2    1   0   0   0   0   0   0   0   0  15  68   0   1   1   0   0   0   0   0  12  1.52 0.63
   22 K    1 -2  1 -2  7 -1 -4 -3  5 -3 -3 -2  1  0 -5  2 -1 -5  1 -2   13   2   8   2  24   3   0   1  12   1   1   2   4   3   0  13   4   0   5   2  0.72 0.41
   23 G   -3 -8 -6 -4 -8 -7 -7  8 -7 -9 -9 -7 -8 -9 -8 -6 -7 -8 -9 -9    2   0   0   1   0   0   0  97   0   0   0   0   0   0   0   0   0   0   0   0  2.83 1.04
   24 W   -8 -9 -5 -10 -8 -8 -9 -9 -2 -5 -4 -9 -7  4 -10 -9 -8 12  3 -8    0   0   1   0   0   0   0   0   1   1   2   0   0  13   0   0   0  73   9   0  3.92 1.31
   25 V   -2 -6 -7 -7 -2 -6 -7 -7 -7  4  3 -5 -1 -1 -7 -5 -2 -2 -4  5    3   0   0   0   1   0   0   0   0  19  26   0   1   2   0   0   2   1   0  45  1.20 0.57
   26 A    0  0  1  2 -4  3  1  1  5 -4 -3 -1 -3 -4 -3  0 -1 -3 -3 -4    9   4   7  11   0  17   8  12  13   1   2   3   0   0   1   6   3   0   0   0  0.43 0.32
   27 K   -2  4  2 -3 -4 -2 -3 -3  1 -4 -3  3 -3  1 -1  1  1 -5  2 -4    3  19   9   1   0   1   0   1   3   1   2  21   0   5   3  12  11   0   7   1  0.50 0.37
   28 R   -3  5 -2 -4 -2  1 -3 -4  1  2 -2  2 -2 -2 -1 -1 -1 -2  0  1    1  29   1   0   1   7   1   1   3  12   4  14   1   2   4   5   3   1   3  10  0.47 0.34
   29 R   -5  8 -6 -7 -8 -3 -5 -7 -4 -8 -7  0 -7 -4 -5 -2 -4 -8 -7 -5    1  88   0   0   0   1   0   0   0   0   0   4   0   1   1   3   1   0   0   1  2.65 1.08
   30 N   -3 -2  2  5 -3  0 -1 -4 -1  0 -2  2  2 -1 -1 -2 -2 -6 -5 -1    1   2  11  33   1   4   2   1   1   6   3  15   5   2   3   2   2   0   0   5  0.58 0.38
   31 L   -1 -2  0 -1 -4 -2 -3 -2  6  0  2 -1  1  1 -3 -1 -3 -4 -2  1    5   2   4   3   0   2   0   3  25   5  18   4   4   7   1   5   1   0   1  12  0.46 0.31
   32 G   -3 -1  0 -4 -5 -3 -4  6 -2 -6 -5  2 -5 -6 -3  2 -3 -6 -5 -6    1   4   3   0   0   1   0  54   1   0   1  15   0   0   1  16   1   0   0   0  1.16 0.56
   33 G   -2  0  2  0 -4  0 -1  4  3 -5 -4  3 -4 -2 -3  0 -2 -4 -3 -4    2   4  11   4   0   4   4  32   7   0   1  18   0   2   1   7   2   0   1   1  0.55 0.32
   34 L   -3 -2 -3 -2 -1 -2 -4 -4 -1  2  4 -2  2  0 -3 -3 -2 -4 -3  2    2   2   1   2   1   2   1   1   2  10  47   2   5   4   1   2   2   0   0  14  0.63 0.33
   35 I    0 -2 -1 -2  1 -2 -3 -2 -2  4  0 -2  0 -1 -3  1  2 -2 -1  1    6   2   3   2   3   2   1   3   1  25   9   2   1   2   0  12  12   1   2  11  0.24 0.20
   36 F   -6 -7 -7 -7 -7 -7 -7 -7 -6 -3 -4 -7 -5  9 -7 -3 -6  1 -2 -5    0   0   0   0   0   0   0   0   0   2   0   0   0  91   0   3   0   2   0   0  3.08 1.05
   37 I    2 -4 -2 -5 -1 -2 -4 -2 -3  4  2 -4  0  1 -5 -2 -2 -2 -2  3   16   1   2   0   1   2   0   3   1  27  16   0   2   6   0   3   1   1   1  17  0.49 0.31
   38 D   -2 -3  1  6 -5  0  0 -4 -1 -1 -3 -2 -1 -4 -2  0  1 -3 -4  0    2   1   5  47   0   3   4   1   1   3   3   2   2   1   2   5   7   0   1   8  0.80 0.46
   39 L   -5 -6 -7 -7 -5 -6 -7 -7 -7  2  6 -6  1  1 -7 -6 -5 -6 -5  1    0   0   0   0   0   0   0   0   0   9  75   0   2   4   0   0   0   0   0   8  1.59 0.67
   40 R   -3  7 -3 -6 -7 -2 -4 -3  1 -4 -5 -1 -5 -3 -6 -2  0 -2 -1 -1    2  66   1   0   0   1   1   2   3   1   1   2   0   1   0   2   7   1   3   4  1.53 0.74
   41 D   -6 -3 -1  8 -8 -2 -2 -4 -6 -7 -4 -5 -7 -8 -6 -3  0 -8 -1 -4    0   2   3  78   0   2   1   1   0   0   2   0   0   0   0   1   5   0   2   1  2.13 0.91
   42 R   -1  5  0 -3 -2 -1 -2  0  4 -3 -4  0  0 -1  2  1 -1  0  1 -3    5  28   4   1   1   2   1   6   9   2   1   5   3   3  12   9   3   1   4   2  0.45 0.33
   43 E   -2 -3 -1 -2 -3 -1  1 -3  1 -2 -5 -2 -3 -1 -5  3  3  0  6 -4    2   1   2   2   1   3   9   2   4   3   0   2   1   2   0  25  15   1  25   0  0.72 0.48
   44 G   -3 -6 -1 -3 -6 -1 -2  7  0 -7 -5 -2 -6 -7 -2 -1 -5 -6 -4 -7    2   0   3   1   0   3   3  75   2   0   1   3   0   0   2   4   0   0   1   0  1.70 0.74
   45 I   -2 -1 -1 -3 -1  1 -1 -5 -2  4  1  0  0  0 -3 -1  1 -4  0  2    3   4   3   1   1   6   4   0   1  26  15   5   1   3   1   4   8   0   3  12  0.28 0.22
   46 V   -1 -3 -5 -5  0 -4 -5 -4 -5  3  0 -4  0 -2 -5 -2  4 -5 -4  4    5   1   0   0   2   0   0   1   0  18   8   0   2   1   0   2  25   0   0  33  0.77 0.43
   47 Q   -6 -1 -5 -2 -7  9 -3 -6 -5 -7 -3 -4 -5  0 -6  0 -5 -6 -6 -7    0   3   0   3   0  79   0   0   0   0   3   0   0   4   0   6   0   0   0   0  2.38 1.04
   48 I   -1 -5 -5 -5  1  0 -5 -5 -5  4  2 -5  0 -1 -5 -3  0 -5  0  4    4   0   0   0   3   4   0   0   0  22  21   0   2   2   0   2   6   0   3  30  0.71 0.38
   49 V   -2 -2 -3 -2  2 -1 -5 -4 -5  2  0 -3  0  0 -5 -3  0 -5 -2  5    2   2   1   3   4   4   0   1   0  12   8   2   2   3   0   2   7   0   2  46  0.70 0.40
   50 V   -1 -3 -4 -2  5 -4 -3 -3 -2  2  0 -2 -1  5 -5  0 -1  0  0  1    5   1   0   3  12   0   1   1   1  13   8   3   1  24   0   9   2   1   2  11  0.51 0.31
   51 N   -2  0  2  4 -7 -1  0 -2  2 -1 -3  0  0 -1  0  1  0 -7  0 -2    3   6  10  18   0   3   6   3   4   4   3   5   3   3   6   9   7   0   3   3  0.28 0.23
   52 P   -1 -1  0  1  1  1 -1 -1  1 -1 -3  1  0 -1  4 -2 -1  2 -1 -1    5   4   5   7   3   7   5   4   3   3   3   8   3   3  21   4   4   3   3   4  0.29 0.24
   53 E    0 -2  0  3 -5  0  4 -1 -3 -4 -4  2 -4 -4 -2  1 -2 -5 -3 -3    7   2   5  18   0   4  29   4   1   1   2  10   0   1   2   9   3   0   1   1  0.58 0.37
   54 T   -1  1  2  1 -2  1  1 -1  1 -1 -1  1 -1 -2 -2  1  1 -1 -2  0    5   8  12   6   1   5   8   4   3   3   5   9   1   2   2  10   8   1   1   6  0.12 0.11
   55 A    0 -1  1  1  0  0  0  0  0  0 -1  0 -1 -1  0  1  0 -2 -1 -1    8   2   7   9   2   4   6   7   2   6   7   6   2   3   5  10   6   0   2   5  0.04 0.04
   56 A    0 -1  1  3 -2  0  0  0  0 -3 -3  0 -3 -2  3  2 -1 -2 -2 -3    8   3   6  15   1   4   5   8   2   2   2   5   1   2  15  13   4   1   2   2  0.26 0.20
   57 A    2 -1  0  0 -2  0  1  0 -1 -1 -1  1 -1 -2  2  1  0 -3 -2 -1   17   2   4   5   0   4   8   6   1   4   5  11   1   2  10  10   6   0   1   3  0.14 0.12
   58 D   -1 -2  0  3 -3  1  4 -1  0 -2 -2  0 -3 -3 -1  0 -1 -3 -2 -2    6   2   4  18   0   5  28   4   3   2   4   5   1   1   3   6   3   0   2   3  0.42 0.26
   59 V    3 -3 -2 -3 -1 -2 -2 -2  1  1  2 -2  0  0 -2 -1 -1  0 -2  2   24   1   2   1   1   1   2   2   3   9  19   2   2   3   2   4   3   2   1  15  0.26 0.21
   60 A    0  0 -2 -2  0 -1 -2 -2  7 -1  0 -1 -1  4 -2 -2 -2  0  2 -2    9   5   1   2   2   2   2   3  23   4   9   4   2  16   2   3   2   1   5   3  0.50 0.31
   61 E    2  0  0  2 -2  2  3 -3 -1 -4 -2  1 -3 -4 -2  1 -1 -4 -2 -3   19   4   4   9   1   8  23   2   1   1   4  10   0   0   1   8   3   0   1   1  0.39 0.30
   62 A    0  0 -1  0 -2  1  0 -2 -2  1  1  2  0 -1 -2 -1  0 -1 -2  0    8   5   2   5   1   8   5   2   1   8  18  13   2   2   1   3   7   1   1   7  0.10 0.12
   63 A    3 -2 -5 -5  0 -4 -4 -3 -1  1  3 -3  0  4 -4 -2 -3 -1 -3  0   29   3   0   0   2   0   1   2   1   7  24   1   2  16   1   2   1   1   0   7  0.54 0.35
   64 D   -1  4  0  1 -2  1  2 -2  1 -4 -2  3 -3 -3 -3  0 -1 -5 -4 -4    4  22   4   7   1   6  12   4   3   1   3  17   1   1   1   7   3   0   0   1  0.42 0.30
   65 K   -1  1  1  1  0  3  1 -1  1 -3 -4  2 -3 -4 -3  2  0 -5 -3 -4    3   9   6   8   2  13   9   5   3   2   1  15   0   1   1  14   7   0   1   1  0.33 0.28
   66 A   -2 -4 -6 -6  0 -5 -6 -6 -6  4  4 -4  0 -1 -3 -4 -1 -2 -4  3    4   1   0   0   2   0   0   0   0  24  40   1   2   2   2   1   3   1   0  17  0.90 0.48
   67 R   -2  5 -1 -4 -4 -1 -3 -1  1 -6 -4  2 -4 -6  4 -1  0 -2 -4 -4    3  32   3   1   0   2   1   6   3   0   2  13   0   0  22   6   5   1   0   1  0.84 0.52
   68 N    2  0  2 -2 -1 -1 -2 -1 -1 -1  0  0  0 -1  2  1 -1 -4  0 -1   20   6  10   1   1   2   2   4   2   3  11   5   2   3   9  11   2   0   3   4  0.14 0.17
   69 E   -4 -5 -1 -2 -8 -1  7 -4  4 -7 -4 -5 -6  2 -6 -4 -2 -2 -4 -7    1   0   3   2   0   2  67   2   8   0   2   0   0   8   0   1   2   1   1   0  1.72 0.88
   70 F   -2 -5 -4  1 -1 -4 -4 -4 -2 -5 -5 -5 -4  3 -3  5  1  4  4 -4    3   0   0   7   1   0   1   1   1   0   0   0   0  11   1  41   8   6  15   1  1.00 0.63
   71 V   -2 -6 -6 -6  4 -6 -6 -6 -6  0 -3 -6 -4 -2  4 -3 -2 -6 -3  6    3   0   0   0   9   0   0   0   0   4   2   0   0   2  23   2   3   0   1  50  1.38 0.68
   72 L   -4 -7 -7 -8 -1 -7 -7 -8 -7  5  1 -7 -1 -3 -7 -6 -5 -7 -6  6    1   0   0   0   1   0   0   0   0  32  14   0   1   1   0   0   0   0   0  48  1.58 0.71
   73 E    1  2 -2 -3  2  3  0 -2 -2  0  0  0  0 -3 -4  1 -1 -1 -2  0   12  10   1   1   5  13   6   3   1   5   9   6   2   1   0  13   3   1   2   6  0.17 0.20
   74 V   -1 -3 -7 -7 -1 -7 -7 -7 -7  5 -1 -7 -4 -2 -7 -5 -2 -7 -6  6    5   2   0   0   1   0   0   0   0  28   4   0   0   1   0   1   3   0   0  54  1.54 0.75
   75 T   -2  2  0 -1 -1  1  2 -4  1 -2 -4  2 -1 -3 -4  1  3 -2 -2 -1    2  13   4   2   1   5  16   1   4   2   1  11   1   1   0  10  18   1   1   5  0.38 0.34
   76 G    0 -6 -5 -3 -1 -3 -6  7 -6 -1 -6 -6 -6 -6 -6 -3 -2 -6 -6 -1    6   0   0   2   1   1   0  75   0   3   1   0   0   0   0   1   2   0   0   4  1.79 0.84
   77 K   -2  0 -2 -2 -2  1  1 -3  0  1 -1  2 -1 -2 -3 -1  3 -4 -3  2    2   6   1   2   1   5   9   2   3   9   5  16   1   2   1   5  17   0   1  14  0.23 0.24
   78 V   -2 -4 -6 -4 -1 -1 -4 -7 -6  1  1 -4  0 -2 -5 -3 -3 -6 -5  7    3   1   0   1   1   3   1   0   0   5  11   1   2   1   1   2   1   0   0  66  1.39 0.72
   79 V    0  4 -1 -1  2  2  1 -3  1  0 -2  1 -1 -2 -2 -1 -1 -5 -2  1    8  20   2   2   4   9   8   1   3   5   3   8   1   1   1   3   4   0   1  13  0.26 0.25
   80 E    1  2 -1 -1 -2  0  2 -3 -1 -2  0  2 -1 -3  2  0 -2 -2 -2 -2   15   9   3   3   1   3  13   2   2   2   9  14   1   1   9   7   1   1   1   3  0.20 0.22
   81 R   -3  8 -3 -4 -1 -2 -3 -5 -5 -4 -5  1 -6 -7 -2 -4 -3 -7 -6 -4    3  73   1   1   1   1   2   1   0   1   1   7   0   0   2   1   2   0   0   2  1.95 0.97
   82 A    0 -1 -3 -1 -6 -1  0  1 -3 -3 -4  0 -5 -4  6  1 -2 -6 -4 -4    7   3   1   3   0   2   7  11   1   1   2   6   0   1  42  10   2   0   1   1  0.90 0.57
   83 S    1 -3  0  1 -5  1  3 -1 -2 -4 -4  0 -1 -5  2  2  2 -6 -5 -3   12   0   5   7   0   6  16   4   1   1   1   7   1   0   9  15  12   0   0   2  0.37 0.35
   84 K    0  0  0  1 -1 -1  3 -1  0  0 -3  3 -1 -4  0 -1 -1 -5 -2 -1    9   3   4   6   2   2  22   6   2   7   2  18   1   0   4   4   3   0   1   5  0.25 0.26
   85 N   -1 -1  7  1 -6  1 -2 -2  1 -2 -4 -1 -5 -6 -1 -1 -1 -7 -6 -6    5   3  50   7   0   7   3   3   3   3   2   4   0   0   3   5   3   0   0   0  1.09 0.65
   86 D    0  0  0  1 -1  0  1 -2 -1 -2 -2  1 -1 -4  4  1  1 -5 -2 -2    9   5   4   9   2   4   7   2   2   2   3  11   2   0  18   9   8   0   2   2  0.27 0.24
   87 K   -1  2  1  1  0  1  0 -1  1 -1 -2  2  0 -1  0  1  0 -4  0 -2    4  10   8   9   3   6   6   3   3   3   4  12   3   3   4   9   6   0   3   3  0.12 0.14
   88 I   -1  0  0  0 -3  0  0 -1  2  0 -1  0  1  0  0  0  0  3  1  0    5   5   5   5   0   5   5   5   5   5   5   5   5   5   5   5   5   5   5   5  0.06 0.08
   89 K    2 -1 -1 -2 -3 -1  0 -2 -3 -3 -3  2 -4 -3  5  1 -1 -4 -3 -2   18   2   3   2   0   2   5   2   0   1   3  13   0   1  31  11   3   0   1   2  0.62 0.33
   90 T   -3 -5 -1 -3 -5 -3 -3 -3 -5 -3 -3 -3 -3 -5 -2  2  7 -6 -5 -3    1   0   2   1   0   1   1   2   0   1   2   2   0   0   2  12  72   0   0   1  1.55 0.65
   91 G   -3 -5 -2 -3 -6 -4 -4  7 -4 -6 -6 -4 -6 -6 -4 -1 -3 -6 -6 -5    1   1   2   1   0   0   1  85   0   1   0   1   0   0   1   4   1   0   0   1  2.00 0.67
   92 G    0 -1  0  3 -5  1  5 -2 -1 -4 -4  1 -1 -3 -4  0 -1 -4 -3 -4    7   2   3  15   0   5  40   2   1   0   1  10   2   1   0   6   3   0   1   0  0.66 0.35
   93 I   -4 -2 -6 -5 -3 -5 -5 -6 -6  6  0 -4 -2  1 -4 -4 -3  0 -1  4    0   2   0   0   0   0   0   0   0  53   5   1   0   5   1   1   1   1   2  26  1.23 0.49
   94 E   -5 -5 -5 -1 -8 -2  8 -6 -5 -7 -7 -3 -6 -7 -6 -4 -1 -7 -6 -7    0   0   0   2   0   0  93   0   0   0   0   0   0   0   0   0   4   0   0   0  2.49 0.89
   95 I   -4 -6 -7 -7 -5 -6 -6 -7 -7  5  2 -6 -1 -2 -6 -6 -4 -6 -4  6    0   0   0   0   0   0   0   0   0  26  21   0   1   1   0   0   0   0   0  50  1.39 0.54
   96 E    0  0 -1  0 -2  1  1 -3  1  1  1  0  0  0 -3 -1 -1 -1  1  1    6   5   2   4   1   5  11   1   4  11  16   7   1   2   0   3   2   0   7  12  0.09 0.11
   97 A    4 -5 -4 -4  2 -4 -4 -1 -5  1  1 -4 -1 -4 -2 -3 -2 -5 -3  4   35   0   0   1   4   0   0   4   0   7  12   0   1   0   2   0   1   0   0  32  0.71 0.38
   98 T   -2  0  0  3 -2  1  4 -3  1 -3 -3  1 -3 -4 -3  2  1 -5 -3 -3    2   5   4  15   1   7  25   0   3   2   3   9   0   0   0  14  10   0   0   1  0.44 0.28
   99 A   -1  0  1  3 -2  1  3 -2  1 -5 -5  2 -4 -5 -4  2 -1 -5 -2 -4    3   4   6  15   1   5  22   2   4   0   0  13   0   0   0  19   4   0   1   1  0.51 0.31
  100 I   -2 -5 -6 -6 -1 -5 -6 -6 -4  5  3 -5  1  2 -6 -4 -3 -2  1  3    3   0   0   0   1   0   0   0   0  31  30   0   3  10   0   1   0   0   4  17  0.87 0.37
  101 E   -2  1  0  0 -4  2  4 -4  0 -2 -2  1 -3 -3 -4 -1  2 -2 -1 -1    2   8   4   4   0   9  31   0   2   2   4  10   0   1   0   3  12   1   2   5  0.41 0.27
  102 I   -1 -4 -3 -6  0 -4 -5 -6 -5  5  1 -4 -1 -3  0 -4 -2 -4 -4  5    4   1   2   0   2   1   0   0   0  30  14   0   1   0   5   0   2   0   0  37  0.86 0.39
  103 L   -5 -6 -6 -7 -5 -4 -4 -7 -4  2  6 -6 -1  1 -5 -6 -5 -5 -2  0    0   0   0   0   0   1   1   0   0  10  75   0   1   4   0   0   0   0   1   5  1.41 0.56
  104 S   -2 -5  8 -3 -4 -4 -4 -1 -4 -7 -7 -4 -6 -7 -5  3 -3 -8 -6 -6    3   0  66   0   0   0   0   5   0   0   0   0   0   0   0  24   1   0   0   0  1.92 0.74
  105 T    0  1 -1 -1 -4  0  2 -3 -1 -2 -3  3 -2 -4  2  1  2 -5 -2 -2    9   7   1   3   0   4  12   1   1   2   1  18   1   0  12  11  12   0   1   2  0.31 0.22
  106 S    4 -4 -3 -4  4 -4 -4 -3 -4 -3 -4 -4 -3  0 -3  4  0 -2 -4  1   37   1   1   0   7   0   0   0   0   1   0   0   0   4   1  33   4   1   0   9  0.84 0.44
  107 K   -1  2  0  1 -4  1  2 -3 -2 -2 -3  4 -3 -5  2 -1 -1 -5 -3 -2    6   9   3   7   0   4  16   1   1   2   3  28   0   0  10   4   3   0   0   3  0.43 0.25
  108 T   -1 -2  1  0 -4  0  0 -3 -2 -2 -3  1 -3 -4  3  1  4 -5 -4  0    5   1   6   4   0   5   6   1   1   2   1   9   0   0  13  11  28   0   0   7  0.41 0.27
  109 T   -3 -5 -1  0 -5 -4 -3 -5 -4  0  4 -3  0 -3  5 -4 -2 -5 -5 -2    1   0   3   6   0   1   1   1   0   4  49   1   1   0  27   1   2   0   0   2  0.96 0.44
  110 P   -3 -5 -6 -5 -7 -4 -5 -5 -6 -2 -1 -5 -6 -7  8 -5 -4 -5 -7 -3    2   0   0   0   0   0   0   1   0   3   6   0   0   0  83   0   1   0   0   2  2.53 0.83
  111 F   -4 -6 -5 -7 -6 -6 -6 -7 -3  3  0 -6  1  8 -6 -4 -4 -2 -1 -2    1   0   1   0   0   0   0   0   1  18   8   0   3  63   0   1   1   0   1   2  1.78 0.62
  112 E   -1 -1 -1  0 -4  2  2 -3  0 -1  0 -2  0 -2  3  0 -1 -2  1  1    4   2   3   5   0  13  16   1   2   4   8   1   2   1  13   6   4   0   5  11  0.22 0.18
  113 I   -3 -5 -4 -5 -2 -2 -5 -5 -5  5  2 -4  0 -2  2 -2  0 -5 -3  3    0   0   1   0   1   2   0   1   0  36  16   1   2   1   9   4   6   0   1  19  0.70 0.34
  114 K   -1  1  2  2 -3  0  2 -1  1 -3 -3  1 -3 -1  0  1  0 -2 -2 -3    5   8  12  12   0   3  13   3   4   1   1   8   0   3   5  12   7   0   0   1  0.24 0.16
  115 D   -3 -2  1  5 -5  0  3  0 -2 -5 -5  0 -3 -5 -1  0 -1 -6 -4 -4    1   2   6  39   0   3  21   6   1   0   0   5   0   0   2   7   4   0   1   1  0.80 0.37
  116 D    0  0  0  2 -3  0  2 -1  2 -2 -3  0 -2  1 -1  0  0 -3  0 -1    8   5   4  15   0   3  17   3   5   1   1   4   1   8   2   5   7   0   3   6  0.17 0.14
  117 V    0 -1  2  1 -2  1  1 -1  0  0 -1  1 -1 -2 -1  0  1 -4 -2  1    6   1  10   8   0   9   9   3   2   6   6   8   1   2   2   6  10   0   0  10  0.10 0.10
  118 E   -2  0  2  3 -4  0  2 -2 -1 -1 -1  2 -2  2 -1 -1 -1 -2 -2 -2    1   4  10  18   0   3  13   1   1   5   5  15   0  10   3   3   4   1   0   1  0.25 0.18
  119 V    2 -4 -2 -4 -2 -3 -2 -2 -3  1 -1 -2 -2 -3  4 -1  0 -4  0  3   19   0   2   0   1   0   2   3   0   6   4   2   0   1  21   3   6   0   3  26  0.46 0.27
  120 L   -1 -1  3  1 -4  0 -1  0 -1 -4 -2  2 -3 -4  3  2  0 -5 -4 -4    4   2  18   9   0   3   3   8   1   0   4  14   0   0  12  16   5   0   0   0  0.39 0.24
  121 D   -4 -4 -3  1 -7 -1  7 -4 -2 -7 -6 -3 -5 -6 -2 -3 -1 -4 -6 -5    1   0   1   6   0   1  81   1   1   0   0   0   0   0   2   1   4   0   0   1  1.85 0.70
  122 D    0 -1  0  3 -5  1  4 -3 -1 -4 -3  1 -2 -4 -2  0  0 -5 -3 -3    6   2   5  19   0   4  33   1   1   1   2   9   1   1   2   6   7   0   1   1  0.56 0.30
  123 T   -2  0 -2 -4 -3 -1 -3 -4 -3  2  4 -2  0 -1 -4 -2  2 -4 -2  2    2   7   2   0   0   3   1   0   0   9  39   1   2   2   0   2  16   0   1  14  0.44 0.25
  124 R   -3  8 -2 -4 -5 -1 -3 -4  2 -6 -4  0 -4 -6 -3 -4 -3 -6 -5 -4    1  76   2   0   0   2   0   1   5   0   1   5   0   0   1   1   1   0   0   1  1.80 0.63
  125 L   -3 -5 -5 -6 -4 -3 -4 -6 -5 -1  6 -5  4  1 -4 -4 -3  0 -2 -2    2   0   0   0   0   1   1   0   0   1  73   0  11   4   1   1   1   1   1   1  1.26 0.48
  126 K   -2  3 -3 -3 -5  4  1 -4 -3 -5 -5  6 -3 -5 -3 -2  0 -5 -4 -4    2  16   0   1   0  16  10   0   0   0   1  45   0   0   1   1   5   0   0   0  1.01 0.43
  127 Y   -5 -5 -2 -5 -6 -1 -4 -6  5  0 -4 -4 -4  3 -6 -4 -5 -1  9 -4    0   0   2   0   0   3   1   0  14   5   1   1   0   9   0   1   0   1  61   0  1.93 0.65
  128 R   -6  9 -5 -6 -8 -3 -4 -7 -5 -7 -7 -1 -6 -7 -6 -5 -5 -7 -6 -7    0  98   0   0   0   0   0   0   0   0   0   1   0   0   0   0   0   0   0   0  2.91 0.89
  129 Y   -6 -6 -5 -7 -3 -5 -6 -7  4 -4 -5 -6 -5  4 -5 -6 -4  0  9 -1    0   0   0   0   1   0   0   0   7   0   0   0   0  14   1   0   1   1  69   5  2.28 0.73
  130 L   -4 -5 -5 -5 -4 -5 -5 -6 -4  2  6 -5  0 -2 -5 -4 -4 -4 -3 -1    0   0   0   1   0   0   0   0   0  10  78   0   2   1   0   1   0   0   1   3  1.39 0.50
  131 D   -4 -4 -2  8 -6  2  0 -5 -3 -6 -6 -4 -5 -4 -5 -3 -4 -6 -1 -6    1   0   1  78   0   8   4   0   0   0   1   0   0   1   0   1   1   0   2   0  1.95 0.64
  132 L   -4 -4 -6 -6 -4 -5 -5 -6 -4  1  6 -5  2 -1 -5 -5 -3 -5 -4 -2    1   1   0   0   0   0   0   0   0   7  81   0   4   2   0   0   1   0   0   0  1.50 0.53
  133 R   -5  9 -4 -5 -6 -3 -4 -6 -4 -6 -5 -2 -5 -6 -5 -4 -4 -6 -5 -6    0  93   0   0   0   0   0   0   0   0   1   1   0   0   0   0   1   0   0   0  2.61 0.79
  134 R   -3  7  0 -3 -4 -1 -3 -2  3 -5 -4 -1 -4  1 -4  0 -1 -5 -2 -5    1  59   5   1   0   2   0   2   8   0   1   2   0   5   1   6   5   0   1   0  1.22 0.50
  135 P    0 -1  0  1 -5  0  2 -2 -2 -4 -5  0 -4 -5  6  1 -1 -5 -5 -4    6   3   4   8   0   4  12   2   1   0   0   6   0   0  38  10   4   0   0   0  0.83 0.35
  136 E   -1  2 -1  1 -3  2  3 -2 -1 -2 -3  2 -2 -3  0  1 -1 -2 -1 -1    4  13   2   6   1  10  19   1   1   1   2  15   0   1   4   9   3   1   2   5  0.30 0.19
  137 M   -4 -5 -3 -6 -5 -3 -5 -6 -3  0  4 -4  8 -2 -3 -3 -3 -4 -1  0    1   0   1   0   0   1   0   0   0   5  33   1  43   1   2   2   1   0   2   6  1.32 0.53
  138 L   -1  1 -2 -4 -3  7 -2 -4  2 -2 -1  1 -1 -2 -5 -1 -2 -5 -1 -4    4   8   1   0   1  52   0   1   5   2   6   7   1   2   0   3   2   0   2   1  0.98 0.47
  139 K    0  3  2  1 -4  2  1 -2  2 -5 -4  2 -3 -3 -3  0 -2 -3 -1 -4   10  20  11   7   0   8  10   2   5   0   1  14   0   1   0   7   1   0   2   0  0.41 0.24
  140 N    0  2  7 -2 -5 -3 -3 -4 -1 -1 -3  0 -1 -4 -5 -2  0 -6 -3 -3    8  13  53   0   0   0   0   0   1   4   3   5   1   0   0   2   5   0   1   2  1.04 0.46
  141 I   -4 -5 -6 -6 -4 -5 -6 -7 -6  4  6 -5  2  0 -6 -5 -4 -5 -4 -1    0   0   0   0   0   0   0   0   0  22  67   0   4   4   0   0   0   0   0   1  1.37 0.49
  142 T   -2  5 -2 -3 -4  1 -1 -4 -2  2  0  2  2 -3 -4 -2 -2 -3 -2  0    3  34   1   0   0   6   3   1   1  12   7  15   5   1   0   1   2   0   1   6  0.50 0.28
  143 M   -2 -3 -3 -5 -2 -2 -4 -5 -3  1  4 -1  2  4 -5 -3  1 -3 -2 -1    3   1   1   0   1   1   0   0   0   5  44   5   6  19   0   1   8   0   0   3  0.59 0.29
  144 R   -5  8 -4 -6 -2 -3 -4 -6 -4 -7 -6  0 -4 -7 -6 -5 -5 -7 -6 -6    0  93   0   0   1   0   0   0   0   0   0   4   0   0   0   0   0   0   0   0  2.61 0.80
  145 H    1 -4 -1 -2 -4 -3 -3 -3  7 -5 -6 -4 -5 -4 -4  5 -2 -3  0 -5    9   0   3   2   0   0   0   1  29   0   0   0   0   0   0  49   1   0   3   0  1.31 0.55
  146 A   -1  3  1  1 -4  2  1 -4  0 -5 -3  4 -3 -4 -4 -1 -1  4 -3 -4    4  17   6   6   0  11  10   0   2   0   2  28   0   0   0   2   3   6   1   0  0.56 0.29
  147 T    0 -4 -5 -5 -3 -4 -4 -5 -5  3  2 -4  2  1 -4 -3 -1 -4 -2  4   10   0   0   0   0   0   0   0   0  17  21   0   6   6   0   1   3   0   1  35  0.65 0.29
  148 T    1 -2  0 -3  0 -2 -3 -3 -3  3  1  0  2 -1 -3  0  1 -3  0  2   14   0   5   0   2   1   1   1   0  18  13   7   5   2   0   5  11   0   3  13  0.19 0.15
  149 R   -1  1  1 -2 -4  2 -1 -1  2 -2 -1  2  4  0 -3  1 -1 -1 -2 -3    5   8   5   1   0  10   1   5   7   1   6  14  15   3   0  10   4   1   1   0  0.24 0.20
  150 S    1  0 -1 -2 -1  0  1 -2  0  1  0  1  0  1 -2  0  0 -2  0  0   18   4   2   1   1   3   8   1   2   9   8  12   1   7   0   8   7   0   4   5  0.07 0.09
  151 I    1 -4 -4 -5  1 -4 -4 -4 -5  4  1 -4  5 -1 -4 -3  1 -4 -3  2   12   0   0   0   2   0   0   0   0  29  11   0  16   3   0   1   8   0   0  16  0.66 0.31
  152 R   -5  8 -1 -5 -3 -3 -3 -5  1 -5 -6 -2 -4 -5 -5 -3 -3 -6 -5 -6    0  85   3   0   1   0   1   1   4   0   0   0   0   0   0   2   2   0   0   0  2.16 0.70
  153 E   -2  2  4  2 -4  3  2 -2  0 -4 -3  2 -3 -4 -3  0 -1 -4 -3 -4    2  12  19  10   0  12  15   2   2   0   2  10   0   1   0   6   4   0   0   1  0.44 0.24
  154 Y   -1 -2 -3 -5 -2 -2 -3 -2  2 -2 -2 -3 -3  6 -5 -2 -2  1  6 -1    4   2   1   0   1   1   2   4   5   1   3   1   0  35   0   3   2   2  28   4  0.95 0.38
  155 L   -4 -5 -6 -6  0 -5 -5 -6 -2 -2  5 -5  5  4 -6 -5 -4 -4 -2 -2    1   0   0   0   2   0   0   0   1   0  63   0  15  15   0   0   0   0   1   1  1.27 0.47
  156 D   -2 -2  2  4 -1 -1  1 -3  3  0 -1 -2 -2 -2 -3  0  0 -1  0 -1    3   1  12  28   2   2   9   1   9   6   6   1   1   1   0   6   4   1   4   4  0.35 0.20
  157 G    0  2  1  2 -3  1  3  0  0 -4 -4  2 -3 -4 -3  1 -1 -4 -3 -3    7   9   8  11   0   6  22   5   1   0   1  13   0   0   0   9   3   0   0   1  0.37 0.20
  158 A   -1  1  3 -1  2  3  2 -3  4 -3  0  1  0 -3 -4 -2 -2 -4 -2 -3    4   9  15   1   4  15  14   0  11   0  10  10   2   1   0   1   0   0   1   0  0.40 0.24
  159 G   -2 -2  1  2 -3  0 -1  6 -1 -6 -6 -1 -5 -6 -4 -2 -4 -5 -5 -5    2   1   7  13   1   4   4  59   2   0   0   4   0   0   0   2   0   0   0   0  1.09 0.40
  160 F   -6 -6 -7 -7 -5 -7 -7 -5 -5 -4 -3 -7 -3  9 -7 -6 -6 -1  1 -4    0   0   0   0   0   0   0   1   0   0   1   0   0  94   0   0   0   0   2   0  2.89 0.78
  161 I   -2 -3 -3 -3 -1 -3 -4 -5 -2  3  3 -4  1 -1 -4 -2  2  1 -2  3    1   1   1   1   1   1   0   0   1  22  26   0   4   1   0   2  13   2   1  22  0.50 0.24
  162 D   -4 -4 -1  4 -7 -2  7 -5 -2 -5 -6 -3 -5 -6 -4 -3 -4 -6 -5 -6    0   0   2  24   0   0  70   0   1   1   0   0   0   0   0   1   0   0   0   0  1.74 0.60
  163 V   -4 -5 -6 -6 -3 -5 -5 -6 -5  6  0 -5 -1 -1 -5 -5 -3 -5 -2  5    0   0   0   0   0   0   0   0   0  47   4   0   1   2   0   0   0   0   1  42  1.35 0.46
  164 E   -3 -3 -3 -1 -6  1  7 -5 -2 -5 -6 -3 -5 -4 -3 -3 -2 -4 -5 -4    2   0   1   2   0   6  83   0   1   0   0   0   0   1   1   1   2   0   0   1  1.81 0.62
  165 T   -4 -5 -4 -5 -5 -4 -5 -5 -5 -4 -5 -4 -3 -6 -5 -2  8 -6 -5 -4    0   0   0   0   0   0   0   0   0   0   0   0   1   0   0   0  96   0   0   0  2.39 0.77
  166 P   -4 -6 -6 -5 -7 -5 -5 -6 -6 -6 -7 -5 -6 -7  9 -5 -3 -7 -7 -6    0   0   0   0   0   0   0   0   0   0   0   0   0   0  96   0   1   0   0   0  3.16 0.85
  167 F   -3 -4 -4 -4 -2 -4 -4 -5 -4  5  1 -4  4  1 -4 -2  4 -4  1  1    1   0   0   0   1   0   0   0   0  33   9   0  10   5   0   2  27   0   5   6  0.71 0.33
  168 L   -5 -5 -6 -7 -5 -5 -6 -7 -6 -1  6 -6  2 -1 -6 -6 -4 -5 -4 -2    0   0   0   0   0   0   0   0   0   2  91   0   4   2   0   0   0   0   0   0  1.77 0.58
  169 N   -1 -4 -2 -4 -1 -4 -4 -2 -4  1 -2 -4  0  6 -4  1  4 -2 -1  0    5   0   1   0   1   0   0   3   0   7   2   0   2  33   0  10  29   0   1   6  0.70 0.34
  170 K   -1  4 -1 -4 -3 -1 -3 -4 -2 -3 -5  6 -3 -4 -3 -2 -3 -6 -4 -3    5  26   3   0   1   1   0   1   1   1   0  55   0   1   1   1   1   0   0   2  1.18 0.46
  171 S    1  2 -1 -3 -4 -3 -3 -2 -2 -4 -5 -1 -4 -3  1  6  0 -3 -1 -4    8   9   1   1   0   0   0   2   1   1   0   3   0   1   6  60   3   0   2   0  0.89 0.44
  172 T   -4 -5 -4 -3 -5 -4 -4 -5 -5 -3 -4 -4 -3 -6 -5  2  8 -6 -5 -4    0   0   0   1   0   0   0   0   0   1   1   0   1   0   0  12  84   0   0   0  1.98 0.69
  173 P   -4 -4 -6 -4 -6 -3 -4 -6 -4 -6 -6 -5 -5 -5  9 -2 -4 -7 -5 -5    0   1   0   1   0   1   0   0   0   0   1   0   0   1  90   2   0   0   0   0  2.83 0.79
  174 E   -4 -4 -4 -2 -7 -2  7  3 -4 -7 -6 -3 -5 -6 -5 -3 -3 -6 -6 -6    0   0   0   0   0   0  75  20   0   0   0   0   0   0   0   0   1   0   0   0  1.73 0.63
  175 G   -4 -6 -4 -5 -6 -6 -6  8 -6 -7 -7 -5 -6 -7 -6 -4 -5 -6 -7 -7    0   0   0   0   0   0   0  99   0   0   0   0   0   0   0   0   0   0   0   0  2.58 0.73
  176 A    7 -5 -5 -5 -4 -5 -5 -4 -5 -5 -5 -4 -5 -6 -5 -1 -4 -6 -6 -4   96   0   0   0   0   0   0   0   0   0   0   0   0   0   0   3   0   0   0   0  2.08 0.71
  177 R   -4  8 -2 -5 -7  2 -2 -6 -1 -7 -6  1 -5 -7 -6 -3 -4 -6 -5 -6    1  79   2   0   0   8   1   0   1   0   0   6   0   0   0   1   0   0   0   0  2.02 0.66
  178 D   -5 -4  0  7 -7 -3  5 -5 -4 -7 -7 -3 -6 -7 -4 -3 -2 -7 -6 -5    0   0   3  52   0   0  42   0   0   0   0   0   0   0   0   0   2   0   0   0  1.74 0.60
  179 Y   -6 -6 -7 -7 -5 -6 -7 -7 -3 -4 -4 -6 -3  8 -7 -6 -6 -2  7 -4    0   0   0   0   0   0   0   0   0   0   0   0   0  65   0   0   0   0  33   0  2.50 0.73
  180 L   -4 -5 -6 -4 -4 -5 -5 -6 -6  3  5 -3  0 -2 -4 -5 -3 -5 -3  3    0   0   0   1   0   0   0   0   0  17  61   2   1   0   1   0   0   0   0  17  1.10 0.42
  181 V   -4 -6 -6 -7 -3 -6 -6 -7 -7  1 -3 -6 -3 -4 -6 -5 -2 -6 -5  7    0   0   0   0   0   0   0   0   0   4   1   0   0   0   0   0   2   0   0  92  2.07 0.67
  182 P   -4 -4 -4 -6 -7 -3 -5 -6 -6 -7 -6 -4 -6 -5  9 -5 -5 -7 -5 -6    1   1   1   0   0   1   0   0   0   0   1   0   0   1  93   0   0   0   0   0  3.04 0.86
  183 S   -1 -4 -3 -4 -2 -4 -3 -4 -5 -5 -5 -4 -3 -5 -4  6  4 -6 -4 -2    4   0   0   0   1   0   1   0   0   0   1   0   1   0   0  62  27   0   1   2  1.36 0.58
  184 R   -5  8 -3 -5 -7  1 -3 -5  0 -7 -6 -1 -5 -6 -5 -3 -4 -6 -5 -6    0  85   1   0   0   6   0   0   2   0   0   2   0   0   0   1   1   0   0   0  2.24 0.71
  185 V   -1 -1  0 -2 -2 -1 -1 -2 -1  2  2 -1  1  0 -1 -1  0 -1 -1  2    3   2   6   2   1   3   2   2   1  12  22   4   4   4   2   3   8   1   2  17  0.12 0.08
  186 N   -2  0  3 -1 -3  3  0 -2  6 -3 -4  2 -2 -1 -3  0 -2 -1  2 -3    1   3  13   2   0  15   4   2  24   1   1  12   1   3   1   5   2   1   6   1  0.59 0.27
  187 K   -1  2 -2 -3 -5 -1 -1 -4  1 -4 -4  3 -4 -5  6 -1 -2 -4 -4 -3    4  10   2   1   0   3   4   1   3   1   2  19   0   0  44   3   1   0   0   1  1.05 0.38
  188 G   -3 -4  1  0 -5 -4 -3  7 -3 -6 -6 -4 -5 -6 -3 -2 -4 -4 -6 -5    1   1   6   4   0   0   1  79   1   0   0   1   0   0   1   2   1   0   0   1  1.69 0.53
  189 E   -1  1  0 -2 -2  2  1 -3  3 -4 -1  4  1 -2 -3  1  1 -4 -1 -3    2   5   3   1   1   9   9   1   9   0   5  28   4   1   0  12   7   0   2   0  0.38 0.23
  190 F    0 -6 -6 -6  0 -6 -5 -4 -4 -3 -3 -6 -2  9 -6 -3 -5  2  1 -3   10   0   0   0   2   0   1   1   0   1   1   0   1  76   0   1   0   2   2   2  1.96 0.59
  191 Y   -5 -5 -6 -6 -6 -5 -6 -6 -2 -5 -4 -6 -5  4 -6 -5 -5  1  9 -5    0   0   0   0   0   0   0   0   0   0   0   0   0  14   0   0   0   1  81   0  2.75 0.77
  192 A    6 -4 -3 -4 -1 -4 -4 -3 -4 -4 -5 -4 -4 -5 -4  3 -1 -5 -5 -2   72   0   0   0   1   0   0   1   0   0   0   0   0   0   0  20   2   0   0   2  1.37 0.53
  193 L   -5 -5 -6 -7 -5 -5 -6 -7 -6 -2  7 -6 -1 -3 -6 -6 -4 -5 -4 -3    0   0   0   0   0   0   0   0   0   0  95   0   0   0   0   0   0   0   0   0  1.89 0.62
  194 P    0 -5 -4 -4 -5 -4 -4 -5 -5 -4 -5 -4 -5 -6  8 -1 -1 -6 -6  1    6   0   1   0   0   0   0   0   0   0   0   0   0   0  70   4   4   0   0  12  1.96 0.61
  195 Q   -5 -3 -4 -4 -7  9 -1 -6 -4 -7 -6 -3 -5 -7 -5 -4 -5 -6 -6 -6    0   0   0   0   0  96   2   0   0   0   0   0   0   0   0   0   0   0   0   0  2.89 0.90
  196 S    1 -4 -3 -4 -4 -4 -4 -4 -4 -5 -5 -4 -5 -5 -4  7 -2 -6 -5 -5    9   0   0   0   0   0   0   0   0   0   0   0   0   0   0  87   0   0   0   0  1.86 0.68
  197 P   -4 -6 -6 -5 -6 -5 -5 -6 -6 -6 -6 -5 -6 -7  9 -5 -5 -7 -6 -6    1   0   0   0   0   0   0   0   0   0   0   0   0   0  95   0   0   0   0   0  3.10 0.84
  198 Q   -5 -3 -4 -4 -7  9 -2 -6 -4 -6 -6 -3 -5 -7 -5 -4 -5 -6 -5 -6    0   0   0   0   0  96   0   0   0   0   0   0   0   0   0   0   0   0   0   0  2.91 0.92
  199 L   -4 -3 -4 -4 -5  7 -3 -5 -4  3  3 -3  0 -3 -5 -4 -1 -5 -4 -2    0   0   0   0   0  47   0   0   0  15  28   0   2   0   0   0   4   0   0   1  1.14 0.50
  200 M   -5 -5 -6 -6 -4 -5 -6 -6 -2 -3  0 -6 -2  7 -2 -5 -5  0  7 -4    1   0   0   0   0   0   0   0   1   0   7   0   1  50   2   0   0   1  34   0  1.89 0.61
  201 K   -5 -2 -4 -5 -7 -3 -3 -5 -5 -6 -6  8 -5 -7 -5 -4 -4 -6 -6 -6    0   0   0   0   0   0   0   0   0   0   0  95   0   0   0   0   1   0   0   0  2.45 0.80
  202 Q   -5 -2 -4 -5 -7  9 -2 -6 -4 -7 -6 -3 -3 -7 -5 -4 -5 -6 -6 -6    0   1   0   0   0  94   1   0   0   0   0   0   0   0   0   0   0   0   0   0  2.84 0.93
  203 L   -4 -5 -6 -6 -4 -5 -6 -6 -6  3  5 -5  4 -3 -6 -5 -2 -5 -4  0    1   0   0   0   0   0   0   0   0  16  64   0   9   0   0   0   3   0   0   5  1.25 0.47
  204 L   -3 -6 -6 -7 -1 -5 -6 -7 -6 -1  6 -6 -1 -1 -6 -5 -4 -5 -2 -2    2   0   0   0   1   0   0   0   0   1  89   0   0   2   0   0   1   0   1   1  1.75 0.61
  205 M   -5 -6 -6 -7 -6 -3 -6 -7 -6 -2 -3 -6 11 -5 -7 -6 -5 -6 -5 -2    0   0   0   0   0   1   0   0   0   2   0   0  91   0   0   0   0   0   0   2  3.39 1.01
  206 T    2 -5 -4 -5  0 -4 -5 -4 -5  4 -2 -4  1 -2 -5 -2 -3 -5 -3  5   18   0   0   0   2   0   0   1   0  19   2   0   3   1   0   2   1   0   0  48  0.94 0.41
  207 A    4 -4 -3 -4 -2 -4 -4  4 -4 -5 -5 -4 -4 -5 -4  4 -3 -5 -5 -4   31   0   0   0   1   0   0  31   0   0   0   0   0   0   0  34   0   0   0   1  1.08 0.47
  208 G   -2 -6 -2 -5 -6 -4 -5  7 -5 -7 -7 -5 -4 -4 -5 -3 -5 -6 -6 -6    3   0   1   0   0   0   0  90   0   0   0   0   0   1   0   1   0   0   0   0  2.25 0.70
  209 L   -4 -5 -5 -6 -2 -5 -5 -6 -4  4  1 -5  3  6 -5 -5 -3 -3  1  2    1   0   0   0   1   0   0   0   0  25  12   0   7  31   0   0   1   0   4  16  0.97 0.39
  210 D   -3 -3  0  7 -6 -3  3 -2 -1 -6 -6 -3 -3 -6 -2 -1 -3 -4 -6 -6    2   1   4  61   0   0  16   3   1   0   1   1   1   0   2   4   1   0   0   0  1.45 0.55
  211 R   -5  7 -3 -5 -6 -2 -4 -4 -3 -6 -6  4 -5 -6 -5 -4 -5 -6 -5 -6    0  66   1   0   0   1   0   1   1   0   0  26   0   0   0   0   0   0   0   0  1.95 0.67
  212 Y   -6 -6 -6 -6 -6 -5 -6 -6 -3 -4 -2 -6 -5 -2 -6 -5 -5 -2 10 -5    1   0   0   0   0   0   0   0   0   1   4   0   0   0   0   0   0   0  90   0  3.09 0.92
  213 Y   -5 -5 -6 -6 -5 -5 -6 -6 -4  0 -3 -6  3  8 -6 -5 -5 -3  6 -2    1   1   0   0   0   0   0   0   0   4   1   0   7  53   0   0   0   0  28   2  1.94 0.64
  214 Q   -5 -4 -4 -5 -6  9 -3 -6  2 -6 -6 -3 -5 -7 -5 -4 -5 -6 -5 -6    0   0   0   0   0  90   0   0   4   0   1   0   0   0   0   1   0   0   0   0  2.83 0.96
  215 I   -4 -6 -6 -6 -5 -5 -6 -6 -6  7  0 -6 -1  3 -6 -5 -4  3 -4  2    0   0   0   0   0   0   0   0   0  62   7   0   1  10   0   0   0   4   0  12  1.50 0.54
  216 V    6 -5 -5 -5 -1 -5 -5 -4 -5 -1 -4 -4 -4 -5 -4 -2 -2 -6 -5  2   75   0   0   0   1   0   0   0   0   4   0   0   0   0   1   1   2   0   0  13  1.51 0.62
  217 K   -4  7 -3 -5 -6 -3 -4 -5 -2 -3 -5  4 -5 -6  2 -4 -2 -6  0 -4    1  56   1   0   0   0   0   0   1   1   0  22   0   0   9   0   2   0   3   1  1.51 0.60
  218 C   -3 -7 -5 -7 12 -7 -7 -6 -7 -4 -2 -7 -6 -6 -7 -4 -5 -6 -6 -4    2   0   1   0  88   0   0   1   0   1   4   0   0   0   0   1   0   0   0   1  3.73 1.04
  219 F   -5 -6 -6 -7 -6 -6 -6 -6  1 -4 -1 -6 -1  8 -7 -6 -6  0  5 -5    1   0   0   0   0   0   0   0   3   0   5   0   1  65   0   0   0   1  19   0  2.17 0.73
  220 R   -6  9 -5 -6 -7  0 -5 -6 -5 -7 -6 -3 -6 -7 -6 -5 -5 -7 -6 -6    0  92   0   0   0   3   0   0   0   0   0   0   0   0   0   0   0   0   0   0  2.79 0.93
  221 D   -5 -6 -1  8 -7 -5 -3 -6 -6 -2 -6 -5 -7 -7 -6 -5 -5 -8 -7 -7    1   0   2  91   0   0   0   0   0   3   1   0   0   0   0   0   0   0   0   0  2.71 0.91
  222 E   -5 -5 -5 -3 -7 -3  8 -6 -5 -7 -7 -4 -6 -7 -6 -2 -5 -7 -6 -7    0   0   0   0   0   0  93   0   0   0   0   0   0   0   0   2   0   0   0   0  2.61 0.97
  223 D   -3 -5 -2  8 -7 -5 -3  0 -5 -7 -6 -4 -7 -7 -4 -1 -3 -7 -7 -3    2   0   1  77   0   0   1   7   0   0   1   1   0   0   1   4   2   0   0   2  2.04 0.77
  224 L    0 -4 -1 -5 -3 -1 -5 -1 -3 -2  5 -4  0 -1  1  1 -1 -5 -4 -2    8   1   3   0   0   3   0   4   0   0  54   0   1   3   6  10   4   0   0   1  0.67 0.39
  225 R   -5  9 -3 -6 -7 -4 -5 -6  0 -7 -7  0 -4 -7 -6 -5 -5 -7 -6 -7    1  88   1   0   0   0   0   1   2   0   0   4   0   0   0   1   1   0   0   0  2.67 0.93
  226 G    6 -3 -3 -5 -4 -2 -3 -1 -3 -4 -4  0 -3 -5  2  1 -2 -6 -4 -2   60   1   1   0   0   2   1   5   0   1   1   5   1   0   9   9   2   0   0   2  1.03 0.52
  227 D   -6 -6  0  8 -8 -5 -2 -5 -6 -7 -8 -5 -7 -7 -6 -4 -6 -8 -2 -7    0   0   3  90   0   0   1   1   0   0   0   0   0   0   0   1   0   0   2   0  2.77 0.96
  228 R   -6  9 -5 -6 -8 -4 -5 -7 -5 -7 -7 -2 -6 -7 -7 -6 -6 -7 -6 -7    0  94   0   0   0   0   0   0   0   0   0   1   0   0   0   0   0   0   0   0  2.99 1.05
  229 Q   -4 -4 -5 -5 -7  9 -3 -7 -2 -3 -5 -4 -5 -7 -6 -1 -5 -7 -4 -3    1   0   0   0   0  85   0   0   1   2   1   0   0   0   0   5   1   0   1   2  2.65 1.02
  230 P   -2 -7 -7 -6 -7 -3 -6 -4 -7 -4 -2 -6 -4 -3  8 -5 -6 -8 -1 -4    3   0   0   0   0   1   0   2   0   1   4   0   1   1  82   1   0   0   3   1  2.56 0.97
  231 E   -6 -5 -5 -1 -8 -4  8 -1 -5 -8 -5 -5 -7 -8 -6 -5 -6 -8 -7 -4    0   0   0   3   0   0  87   5   0   0   2   0   0   0   0   0   0   0   0   1  2.43 0.98
  232 F   -6 -8 -3 -8 -7 -8 -8 -8  2 -4 -4 -8 -5  9 -8 -7 -7 -5 -3 -6    1   0   2   0   0   0   0   0   5   1   1   0   0  89   0   0   0   0   0   0  3.18 1.07
  233 T   -4 -5 -5 -6 -1 -5 -6 -6 -6 -5 -5 -6  0 -5 -6  0  8 -6  2 -4    1   0   0   0   1   0   0   0   0   0   1   0   3   0   0   5  78   0   8   1  2.13 0.90
  234 Q   -7 -4 -6 -6 -9  9 -4 -8 -2 -9 -8 -5 -6 -9 -7 -6 -7 -8 -7 -8    0   1   0   0   0  95   0   0   1   0   0   0   0   0   0   0   0   0   0   0  3.39 1.34
  235 V   -6 -7 -8 -8 -6 -7 -7 -8 -7  5  5 -7 -1 -2 -7 -7 -5 -6 -5  2    0   0   0   0   0   0   0   0   0  35  50   0   1   1   0   0   0   0   0  12  1.57 0.65
  236 D   -8 -8 -3  9 -10 -6 -3 -8 -7 -9 -10 -7 -9 -10 -8 -4 -7 -11 -9 -9    0   0   1  97   0   0   1   0   0   0   0   0   0   0   0   1   0   0   0   0  3.28 1.25
  237 L   -3 -7 -7 -8  2 -6 -7 -8 -7  5  3 -7  6  0 -7 -4 -5 -6 -4  2    2   0   0   0   4   0   0   0   0  29  30   0  17   4   0   1   0   0   0  11  1.20 0.58
  238 E   -7 -6 -7 -5 -10 -4  8 -9 -6 -10 -9 -3 -8 -10 -7 -6 -7 -9 -8 -9    0   0   0   0   0   0  98   0   0   0   0   2   0   0   0   0   0   0   0   0  3.13 1.30
  239 T   -2 -5 -6 -9 -4 -5 -8 -6 -8 -1  1 -6 10 -3 -8 -7  0  4 -6 -1    3   0   0   0   0   0   0   0   0   3  10   0  64   1   0   0   5   6   0   4  2.38 1.05
  240 S    3 -7 -5 -6 -3 -4 -6 -4 -7 -8 -8 -6 -7 -8 -5  7 -2 -9 -7 -7   22   0   0   0   1   1   0   1   0   0   0   0   0   0   1  73   3   0   0   0  2.01 1.02
  241 F   -9 -9 -5 -6 -3 -10 -10 -10 -8 -7 -5 -10 -6 10 -10 -9 -6  1  1 -7    0   0   1   1   1   0   0   0   0   0   0   0   0  91   0   0   0   2   4   0  3.46 1.33
  242 L    3 -6 -5 -7 -1 -6 -5 -4 -7  1 -1 -4  2 -4 -1 -2  1 -4 -5  5   22   0   0   0   1   0   0   1   0   8   5   1   5   0   3   3   9   0   0  40  0.86 0.52
  243 S   -4 -2  2  4 -4 -1  2  0 -1 -6 -7 -1 -6 -7 -3  1  4 -7 -5 -5    1   2  11  23   0   2  13   8   1   0   0   3   0   0   1  11  23   0   0   0  0.75 0.50
  244 E    0  1 -4 -3 -3  5  3 -2 -4 -3 -4  0  1 -5  1  0 -3  0 -4 -1    9   8   0   1   0  28  19   4   0   1   2   4   3   0   6   6   1   1   0   4  0.59 0.46
  245 E   -1 -2  0  4 -7  1  5 -3  1 -5 -6 -1 -6 -4 -3 -2 -3 -8 -4 -4    6   2   5  24   0   6  40   2   3   1   0   4   0   1   1   2   2   0   0   1  1.00 0.60
  246 E   -3 -3 -2  7 -4  1  2 -1 -1 -3 -5 -1 -1 -5 -6 -3 -2 -8 -2 -5    2   1   1  57   0   5  11   6   2   2   1   3   2   1   0   2   3   0   1   1  1.33 0.71
  247 I   -6 -8 -9 -9 -7 -8 -8 -9 -9  6 -1 -8  0 -1 -8 -8 -6 -8 -7  6    0   0   0   0   0   0   0   0   0  37   4   0   2   2   0   0   0   0   0  55  2.03 0.90
  248 Q   -6  0 -2 -7 -3  2 -5 -7 -3  2  2 -1  7  4 -7 -6 -4 -2  1 -3    0   6   2   0   1   8   0   0   1  13  17   5  25  17   0   0   1   1   4   1  0.99 0.57
  249 D    1  0  2  3 -3  2  2 -1 -1 -4 -4  1 -5 -5 -3  1  0 -6 -5 -3   14   5   9  16   0   8  12   5   1   1   1   8   0   0   1  10   6   0   0   2  0.37 0.30
  250 L   -2 -3 -4 -1 -3 -4 -3 -4 -1  3  4 -4  3 -1 -5 -4  0 -2 -2  3    4   1   1   4   1   0   2   1   1  13  34   1   6   3   0   1   7   1   1  19  0.60 0.39
  251 T   -1 -7 -1 -7  0 -5 -7 -3 -4  5 -1 -6  4  0 -7 -3  1 -3 -5  4    5   0   4   0   2   0   0   2   1  33   4   0   8   4   0   2   9   0   0  26  0.93 0.53
  252 E   -4 -5  0 -1 -9 -1  8 -6 -4 -9 -4 -4 -8 -9 -7 -1 -2 -9 -8 -5    1   0   4   3   0   2  78   1   0   0   2   0   0   0   0   4   3   0   0   1  2.09 1.07
  253 E   -1  2  1  2 -6  0  2  3 -2 -4 -5  2 -4 -6  0 -1 -1 -6 -4 -4    5  10   6  11   0   5  13  24   1   1   1  10   0   0   5   5   3   0   1   1  0.46 0.35
  254 L   -2 -7 -8 -5 -1 -7 -7 -8 -7  1  5 -5  6  0 -7 -4 -3 -2 -1  2    4   0   0   1   1   0   0   0   0   6  49   1  17   3   0   2   2   1   2  12  1.19 0.64
  255 I   -3 -7 -8 -8 -2 -7 -7 -8 -4  4  4 -7  5  2 -7 -6 -2 -1  0  3    3   0   0   0   1   0   0   0   0  22  31   0  12   8   0   0   2   1   3  17  1.09 0.57
  256 A    1  2 -2 -3 -1  1 -1 -2  1  1 -1  3 -1 -2 -2  0  1 -5 -1  0   11  13   2   0   2   7   3   2   3   7   5  16   2   2   1   7   7   0   3   8  0.19 0.20
  257 K    1  2  0  0 -4  0  1 -1  4 -4 -3  2 -3 -2 -3  0 -1 -5  1 -2   12  10   5   5   0   4  10   5  12   1   2  14   0   2   1   7   3   0   6   2  0.32 0.27
  258 V    0 -6 -6 -7  1 -4 -5 -5 -6  4  3 -6  1 -3 -6  0  0 -2 -4  3    8   0   0   0   3   0   1   1   0  24  26   0   4   1   0   8   5   1   0  18  0.74 0.46
  259 M   -3 -4 -8 -8 -2 -3 -8 -8 -3  0  0 -8  0  7 -6 -4 -4  9  1  0    2   1   0   0   1   1   0   0   1   5   8   0   2  38   1   2   1  28   4   5  1.86 0.88
  260 K    0  1 -1 -1 -6  0  1 -3 -1 -5 -2  4 -3 -4  3 -1 -1  0 -3 -4    9   7   3   3   0   4  10   1   1   1   5  29   0   1  15   5   3   1   1   1  0.52 0.41
  261 D    1  0  0  2 -3  1  4 -3 -1 -5 -4  3 -2 -4 -2  0  0 -6 -3 -2   10   4   5   9   1   5  29   2   1   0   1  15   1   1   2   6   5   0   1   3  0.50 0.39
  262 V    0 -3 -2 -2  1 -2 -2 -3  0  2  0 -3  0  3 -2 -2  0  0  0  3    9   1   2   3   3   2   2   2   3  13   9   2   2  13   2   3   7   1   3  19  0.23 0.20
  263 K   -1  0 -1 -2 -2 -2  0  1 -2  0  2  2  0 -1 -2  0  0 -1 -1 -1    6   4   2   2   1   1   5  12   1   4  25  12   3   3   2   7   5   1   2   3  0.13 0.17
  264 G   -2 -1  3  2 -2 -2 -1  4  0 -3 -2  0 -3 -1  1 -1 -2 -5  0 -3    3   3  15   9   1   2   4  28   2   2   4   6   1   3   7   5   2   0   3   1  0.40 0.31
  265 I   -1 -1 -1 -2 -4  0  1 -2 -1  2 -1  1 -1  0  0 -1 -1 -1  1  2    4   3   3   2   0   3   8   3   1  15   4  11   1   4   5   3   3   1   4  17  0.12 0.17
  266 D   -2  1  1  3 -5  1  3 -2 -1 -2 -2  2 -2 -3  1  0 -1 -1 -3 -3    2   6   6  16   0   5  17   2   1   2   5  13   1   1   7   7   4   1   1   2  0.33 0.28
  267 V   -2 -4 -3 -4 -2  0 -3 -4 -2  4  3 -3 -1  0  0 -3 -2 -2 -1  2    3   1   2   1   1   4   1   1   1  23  31   2   1   4   5   2   2   1   2  14  0.51 0.34
  268 T    0 -1 -1  1 -2  1  1 -1 -2 -2 -3  1 -2 -3  4  1  1 -5 -2 -2    7   2   3   7   1   7   8   5   1   3   2   8   1   1  23   9   8   0   1   2  0.33 0.29
  269 L    0  0 -1  0 -3  0  0 -1  1  0  0  1  1 -2  0  0  2 -3  0  0    7   5   3   5   0   2   7   4   4   6   9  10   3   1   5   5  14   0   3   5  0.06 0.10
  270 P   -3  0 -3 -1 -2 -1  0 -3 -1 -3 -5  1 -5 -6  7 -1 -2 -6 -3 -4    3   4   2   3   1   3   5   2   1   2   1   7   0   0  54   4   3   0   1   1  1.29 0.70
  271 F   -6 -7 -7 -7 -6 -7 -7 -7  2  1  0 -7  1  8 -7 -6 -6  3  1 -1    0   0   0   0   0   0   0   0   4   8   8   0   3  63   0   0   0   4   3   4  1.96 0.70
  272 P   -1  0  1 -2 -1  1 -1 -4 -1 -2 -3  0 -1 -3  6 -2  0 -6 -2 -2    5   5   6   2   1   6   4   1   2   3   3   6   1   1  40   2   6   0   2   3  0.75 0.40
  273 R   -3  6 -2 -5 -1  0 -2 -5  1 -2 -3  1 -1 -2 -3 -2  0  0 -2  1    2  46   2   0   2   3   2   0   3   2   2   8   1   2   2   3   6   1   2   9  0.83 0.41
  274 M    0 -3 -3 -3  4 -2 -3 -3 -2  1  1 -3  2  2 -3 -1  1 -1  2  1   11   0   0   0  11   0   0   0   0  11  11   0  11  11   0   0  11   0  11  11  0.23 0.12
  275 K   -1 -2 -1  0 -1 -1 -2 -2 -4 -5 -4  0 -4 -6  2  3  5 -6 -5 -4    4   2   2   5   2   2   2   3   0   0   1   5   0   0  12  24  38   0   0   0  0.77 0.45
  276 Y   -6 -6 -3 -8 -7 -6 -7 -8  1 -3 -3 -7 -1  4 -8 -6 -6  6  9 -3    0   0   1   0   0   0   0   0   3   2   2   0   2  16   0   0   0  11  63   1  2.36 0.83
  277 D    1  1  1  2 -2  2  2 -3  3 -3 -3  1 -1 -2 -2 -1 -1  2 -1 -3   16   8   6  13   1   8  12   1   6   1   2  10   1   1   1   3   3   3   2   1  0.27 0.23
  278 D   -3 -1 -1  4 -1  1  6 -3  0 -3 -4 -2 -5 -6 -5 -4 -2  1 -1 -3    2   2   2  19   2   5  49   2   2   1   1   2   0   0   0   0   2   2   2   2  1.00 0.54
  279 A    6 -5 -5 -6  3 -5 -5 -1 -6 -1 -5 -5  1 -6 -5  1 -1 -6 -6  0   64   0   0   0   5   0   0   3   0   4   0   0   3   0   0  11   4   0   0   6  1.21 0.61
  280 M   -3 -2 -6 -3 -6 -2 -3 -7 -6  3  1 -3  9  0 -6 -5 -2  1 -1 -1    2   2   0   2   0   2   2   0   0  14  11   2  52   4   0   0   2   2   2   2  1.49 0.67
  281 N    1  2  1  1  1  0  2 -2  0 -2 -1  0 -1 -2 -3  1 -1  0 -2 -2   11  11   7   8   3   3  18   2   2   1   6   6   2   1   0  12   3   1   1   1  0.19 0.17
  282 F   -2  4  1 -1 -2  0  0 -3 -1 -3 -1  3  0 -1 -4 -1  0  1  0 -3    2  29   6   3   1   3   4   1   1   1   8  21   2   3   0   3   6   2   3   1  0.43 0.28
  283 Y   -6 -6 -6 -7 -6 -5 -6 -7  1 -5 -5 -6 -5  5 -7 -6 -2  2  9 -5    0   0   0   0   0   0   0   0   3   0   0   0   0  19   0   0   2   2  70   0  2.53 0.83
  284 G   -2 -2 -2 -5 -1 -5 -5  7 -1 -7 -7 -3 -6 -6 -6 -2 -5 -6 -6 -6    2   2   2   0   1   0   0  85   2   0   0   2   0   0   0   2   0   0   0   0  2.01 0.69
  285 S   -1 -3  0 -4  1 -4 -3 -3  0  0 -4 -3 -4 -5 -4  5  4 -6 -3 -2    4   1   3   0   3   0   1   1   3   7   1   1   0   0   0  48  23   0   1   3  0.87 0.50
  286 D   -5 -5  2  8 -7 -4 -1 -5 -4 -7 -7 -4 -7 -7 -5 -2 -4 -8 -7 -7    0   0   8  88   0   0   2   0   0   0   0   0   0   0   0   2   0   0   0   0  2.34 0.67
  287 K   -2  4 -1 -4 -3 -1 -2 -5 -2 -6 -4  7 -4 -6 -4 -3 -3 -6 -5 -5    4  17   2   0   1   1   0   0   1   0   1  72   0   0   0   1   1   0   0   0  1.55 0.54
  288 P   -5 -6 -6 -5 -7 -5 -5  0 -6 -7 -7 -5 -7 -8  9 -5 -5 -8 -7 -6    0   0   0   0   0   0   0   8   0   0   0   0   0   0  92   0   0   0   0   0  2.95 0.78
  289 D   -3 -5 -1  8 -7 -4 -1 -5 -5 -6 -4 -4 -6 -7 -5  0 -4 -8 -6 -6    2   0   2  84   0   0   2   0   0   0   2   0   0   0   0   8   0   0   0   0  2.06 0.63
  290 T   -3 -2 -4 -5 -2 -3 -3 -5 -4  1  4  0  3 -2 -3 -3  3 -4 -2  0    1   2   0   0   1   1   1   0   0   7  50   8   6   1   1   0  18   0   1   3  0.63 0.30
  291 R   -5  8 -4 -5 -3 -1 -4 -4  0 -4 -5 -1 -4  2 -5 -3 -3 -5 -4 -5    0  81   0   0   1   2   0   1   2   1   0   0   0   9   0   2   2   0   0   0  1.88 0.60
  292 F   -3 -4  2 -4 -2 -5 -4 -5 -2  3 -2 -2 -2  7 -3 -2 -4  0  3 -2    1   1   9   0   1   0   1   0   1  16   2   3   0  47   1   3   0   1  10   2  1.07 0.43
  293 E   -1 -2  0  3 -3 -1  0  4 -2 -5 -4 -1 -2 -4  4  1 -2 -5 -5 -5    2   2   4  15   0   1   6  30   1   0   1   3   1   1  20  11   1   0   0   0  0.63 0.30
  294 L   -2 -4 -1 -3 -1 -2 -3  1 -2  1  3 -2  5  1 -3 -2 -2  2 -1 -1    2   0   3   1   1   1   1  12   1   8  33   2  20   5   1   3   2   2   2   1  0.45 0.27
  295 L   -2  0  0  0  0  1  3 -2  1 -1 -1  1  0  0  1 -1 -1 -4  0 -1    3   6   5   4   3   4  25   3   3   3   8   8   3   4   6   4   4   0   3   3  0.19 0.20
  296 L   -2 -1  0 -1 -4 -1 -4 -2  1  4  2 -4  3  3 -1 -4 -1  2  0  0    3   3   5   4   0   3   0   3   4  22  16   0   7  11   4   0   3   3   3   4  0.33 0.28
  297 T   -1 -1  0 -2  0  1  0 -2  2  1 -2  1 -1  2 -1 -1  0  0  0  1    4   3   4   2   2   8   7   2   6   8   3  10   1   8   3   3   7   1   4  11  0.10 0.15
  298 D   -2 -1  3  6  0 -1  1 -3 -1 -2 -4 -1 -5 -6 -2 -1 -1  0 -2 -3    4   3  13  40   2   3   7   2   2   2   2   4   0   0   2   4   4   1   2   2  0.80 0.51
  299 L   -1 -3 -6 -6  1 -2 -2 -4 -6  4  3 -4  0  1 -6 -3 -2  1 -2  3    4   1   0   0   3   2   4   1   0  20  28   1   2   5   0   2   2   2   1  22  0.65 0.41
  300 S   -2 -2  1  0 -5 -3 -1 -2 -2 -2 -3  0 -1 -1 -1  2  5 -1 -2 -3    3   2   8   6   0   1   5   4   1   2   3   6   2   3   3  17  32   1   1   2  0.51 0.43
  301 A    1 -1  0  4 -3 -1  3 -2  1 -3 -4 -1 -5 -3  1  1 -2  0 -2 -4   10   3   4  24   1   3  21   3   3   1   2   3   0   1   6   8   2   1   1   1  0.49 0.40
  302 L    0 -2 -3 -3  0 -1 -2 -4  1  3  2 -2  0  3 -2 -2 -2  2  2  1    7   2   1   1   2   3   3   1   3  17  17   2   2  12   2   3   2   2   7  10  0.28 0.22
  303 A   -1  0  0  0  2  0 -1 -1  2  0 -1  0  2  0  0 -1  0  3  1 -1    5   5   5   5   5   5   5   5   5   5   5   5   5   5   5   5   5   5   5   5  0.03 0.09
  304 K    0  1  0  0 -6  3  0 -2  2 -2 -1  1  1 -1  0 -1  0  3 -5 -2    9   7   5   5   0  11   7   4   4   3   6   9   3   3   6   5   6   3   0   3  0.16 0.16
  305 T   -1  0  1  1  0  0  1  1  0 -1 -2  0  0  2  0  0  0 -3 -1 -1    4   4   8   8   2   4   8  13   2   4   3   7   2  10   5   6   6   0   2   4  0.08 0.11
  306 I   -2 -2 -1 -1  4 -2 -1 -3  0  0 -1 -1  0 -2 -1  3  2 -7 -2  1    3   2   4   3   7   2   4   3   3   6   6   4   2   2   4  23  12   0   1  10  0.33 0.27
  307 D   -2 -3  0  3 -1  0  3  3 -1 -3 -3 -2 -2 -3  0  1 -1  0 -3 -2    4   2   5  15   1   4  15  17   2   2   3   3   1   2   4  10   4   1   1   3  0.35 0.28
  308 F   -2 -3  1 -2 -2 -3 -4 -5 -1 -1 -1 -3  4  7 -1 -1 -2  0  0 -1    4   2   5   3   1   1   2   1   2   4   7   2   8  36   4   4   3   1   3   5  0.88 0.48
  309 K   -1  0  2  0 -2  2  0 -1  0  1 -1  3  0 -3  1  0 -1 -6 -3 -4    5   5   8   4   1   8   6   5   3   7   5  16   3   1   8   6   4   0   1   1  0.21 0.19
  310 V   -1 -2 -1 -4 -2 -3 -3 -3 -2  2  0 -1  0  1 -1 -2  1  1 -2  4    6   3   4   1   1   2   2   3   1  10   9   4   3   6   4   4   9   2   2  26  0.35 0.24
  311 F   -5 -3 -2 -2 -2 -3 -3 -5  3  0  1 -1 -1  7 -2 -1 -3  0 -1 -2    1   2   2   3   1   2   2   1   6   6  14   4   2  37   2   6   2   1   2   3  0.93 0.51
  312 Q    0  1  0  1 -3  2  2 -4  0 -2  0  2 -1 -2  0  1 -2 -7 -2 -3    7   8   5   8   1   9  11   2   2   3   8  13   1   2   5  11   2   0   1   2  0.23 0.22
  313 E   -1 -2  3  3 -6  0  3 -1 -2 -4 -5  2 -1 -3  0  2  0 -2 -2 -4    6   2  11  13   0   4  17   4   1   1   1  10   1   1   5  14   5   1   1   1  0.39 0.35
  314 A    3 -3  1  3 -2 -1 -2  3  0 -2 -5  0 -3 -3 -2  0 -2 -2 -3 -1   18   1   7  13   1   3   3  22   2   3   2   5   1   1   2   7   2   1   1   5  0.42 0.31
  315 E   -2 -3  0  1 -2 -2  2  3  1 -2 -3 -1  0  1  3 -1 -2 -1 -1 -4    4   2   5   7   1   2  11  23   3   2   3   5   2   6  13   5   2   1   2   2  0.37 0.30
  316 V    0  1 -1 -2  1  0 -1 -3  0  1  0 -1  0 -1 -3  0  1 -1  0  3    7   7   3   3   3   4   4   3   2   9   8   4   2   3   1   7  10   1   3  18  0.15 0.13
  317 V    0 -4 -5 -4  0 -5 -3 -5 -2  4 -1 -3  0  0 -5 -4 -1  1 -2  5    7   1   1   1   2   1   2   1   1  21   6   2   2   4   1   2   4   2   2  37  0.91 0.51
  318 K   -3  4 -2 -1 -3 -1  2  0 -1 -1 -6  4 -1 -3 -3 -3 -5 -1  1  0    3  17   2   4   1   3  13   6   1   4   1  25   2   1   2   3   1   1   4   6  0.59 0.42
  319 A    5 -4 -4 -6  3 -4 -5  3 -9 -1 -1 -2  0 -2 -5 -3 -4 -9 -2 -1   39   1   1   1   6   1   1  21   0   4   7   3   2   2   1   2   1   0   2   4  0.90 0.57
  320 I   -3 -4 -6 -5  1 -5 -4 -3 -5  6  3 -4  1  4 -4 -3 -6  2 -3  0    3   1   1   1   3   1   1   2   0  33  21   1   3  14   1   2   1   2   1   6  1.00 0.54
  321 V   -1  1  1 -5  5 -4 -5 -6  1  3 -1  1 -1  0 -2 -3 -2 -2 -4  4    5   8   6   1  10   1   1   1   3  13   6   9   1   4   3   2   3   1   1  23  0.59 0.36
  322 V    1 -4 -8 -4  1 -4 -5 -5 -2  3  1 -6 -1  1 -2 -1 -2 -1 -3  5   12   1   0   1   2   1   1   1   1  15  12   1   1   5   3   6   2   1   1  30  0.69 0.41
  323 K   -1  0 -2 -1 -9 -2  0 -4 -1 -1 -4  3 -3 -2  6 -2 -2 -9 -4 -5    6   5   2   4   0   2   6   2   1   4   3  16   1   2  37   4   3   0   1   1  0.91 0.63
  324 D   -1 -2  3  2 -2  1  0  3  0 -2 -5  1 -3 -2  0 -1 -2 -7 -4 -2    5   2  11   9   1   6   6  23   3   3   2   9   1   2   6   5   3   0   1   3  0.37 0.28
  325 A    2 -2 -2 -1  2 -2  1  4  0 -4 -1 -1 -2 -2 -1 -1 -2 -4 -1 -2   14   2   2   3   4   2   8  29   3   1   6   4   1   2   4   6   3   0   3   4  0.38 0.28
  326 A    4 -3  0  0  0 -2 -3  1 -1 -1 -1 -2 -1 -2 -1  1 -2 -6 -4 -1   31   2   4   5   2   2   2  12   2   4   6   3   2   2   4  11   3   0   1   5  0.40 0.30
  327 D    1  1  1  2 -1  0  2  1  0 -2 -3  1 -3  0  0  0 -2 -5 -2 -3   10   8   6  11   2   4  14   9   2   2   3   8   1   3   5   6   2   0   1   2  0.21 0.18
  328 K    0  1  1 -1 -3  1  0 -1  1 -1 -1  3 -2 -3 -3  1  1 -5  0 -2    6   6   7   3   0   7   7   5   4   3   7  17   1   1   1  11   8   0   4   2  0.18 0.18
  329 Y   -3 -3 -2 -2 -1 -3 -4 -4  0  1  3 -3  2  5 -3 -2 -3  0  2 -1    2   2   2   3   1   1   1   1   3   8  28   2   5  20   2   4   2   2   7   4  0.59 0.36
  330 S   -3 -3  0 -5 -3 -4 -4 -3 -5 -1 -3 -1 -2 -4  1  5  3 -3 -8  1    2   1   4   1   1   1   1   2   0   4   3   4   1   1   8  40  17   1   0   8  0.85 0.64
  331 R   -3  7  2 -4 -4 -1 -2 -3 -4 -2 -4  3 -1 -4 -3 -2 -1 -8 -5 -3    3  46   8   1   0   2   3   2   1   3   2  13   1   1   2   3   4   0   1   2  1.12 0.69
  332 K   -2  1  1 -1 -2 -1 -1  0 -3 -5 -6  6 -4 -6 -4  2  0 -9 -4 -3    4   8   5   3   1   3   4   6   1   1   1  40   1   0   1  13   5   0   1   2  0.86 0.59
  333 S   -1 -1 -1  2 -8  3  3 -5  0 -2 -2  0 -2  4 -3 -2 -3 -1 -2 -1    5   4   2  11   0  13  18   1   2   3   4   5   1  18   1   4   2   1   1   4  0.53 0.41
  334 I   -4 -1 -6 -4 -1 -3 -3 -7 -2  5  3 -1  4  2 -3 -5 -3 -1  0  0    2   3   0   1   1   1   2   1   1  27  25   5  10   7   2   1   2   1   3   6  0.79 0.46
  335 D   -2 -1  1  6 -4 -1  2 -4 -5 -5 -7  2 -8 -9 -6 -2 -2 -1 -8 -6    4   4   5  45   0   3  14   1   0   1   1  12   0   0   0   4   2   1   0   1  1.22 0.75
  336 K    0  1  2  1 -6  0  2 -1 -1 -3 -2  3 -4 -3 -3  1  0 -6 -1 -3    8   6   9   7   0   4  15   4   1   2   4  18   0   1   1  10   5   0   2   2  0.32 0.30
  337 L   -4 -2 -2 -4 -1 -2 -4 -5 -1  1  4 -3  1  2 -2 -3 -4  4  3 -1    1   3   2   1   2   2   2   1   2   7  40   2   4   8   3   3   1   5   8   4  0.69 0.44
  338 T   -1 -1  1 -2 -1  0  2 -2 -3  1 -1  1  0 -1  1 -2  3  0 -1 -1    5   3   6   2   1   5  14   3   1   7   7   7   2   3   7   3  17   1   3   5  0.19 0.21
  339 E    0 -2  1  2 -1  1  4 -3 -2 -3 -3  3 -4 -2 -2  0 -1 -7 -2 -3    9   2   6  12   1   6  23   2   1   2   3  14   0   2   2   7   3   0   1   2  0.41 0.36
  340 Q    0 -1 -3 -2 -3 -1  1 -5 -1  1  0 -1  0  4 -4 -1 -1  4  1  0    8   4   1   3   1   3  11   1   1   8  10   4   2  17   1   4   5   6   5   6  0.29 0.24
  341 A    5 -5 -2 -5 -2 -4 -3 -4 -7  1  1 -4 -1  0 -2 -1 -1 -2 -3  3   37   1   2   1   1   1   2   1   0   6  12   1   1   3   2   5   3   1   1  18  0.65 0.46
  342 K   -1  2  1 -2 -7  2  0 -2 -1 -2 -3  5 -2 -2 -3 -1  0 -7 -1 -3    5   9   6   2   0   8   5   4   1   3   3  34   1   2   1   5   5   0   3   2  0.58 0.44
  343 Q   -1  1  1  1 -4  3  2 -2  1 -1 -3  3 -1 -4 -1  1 -1 -6 -3 -4    5   6   6   7   0  11  13   4   4   4   3  15   1   1   4  10   5   0   1   1  0.29 0.27
  344 N   -1 -1  4  0 -3  1 -1 -4  2 -1 -1 -1  0  2 -4  0 -2  0  4 -2    5   3  16   6   1   5   5   1   5   4   8   3   2   9   1   6   2   1  13   3  0.35 0.29
  345 G   -5 -3  2 -2 -7 -2 -2  6  0 -4 -4  0 -5  1  1 -1 -2 -7 -3 -4    1   1   8   2   0   2   3  47   2   1   2   6   0   6   8   6   2   0   1   1  0.94 0.59
  346 A    4 -4 -1  1 -3  0 -2  0 -1 -1 -1  0  0 -2 -1  0 -2 -6 -3 -1   37   1   3   7   1   4   2   8   1   4   7   6   2   2   3   6   2   0   1   4  0.44 0.36
  347 K   -1  1  0 -2  0  0 -1  2  0 -4 -4  5 -3 -5  0 -1 -2 -4 -5 -2    5   7   5   3   2   3   4  15   2   1   2  33   1   1   6   4   3   0   0   3  0.60 0.43
  348 G   -2 -2  0 -2 -4 -1 -2  6 -1 -2 -5  1 -2 -2 -3 -2 -3 -3 -2 -2    4   2   4   2   0   2   4  49   2   3   1  10   1   2   2   3   2   0   2   4  0.89 0.55
  349 L   -3 -4 -6 -4 -3 -4 -6 -8 -7  1  5 -4  2  2  2 -5 -5 -7 -3  1    2   1   0   1   1   1   1   0   0   8  46   1   5   9  10   1   1   0   1  10  0.97 0.59
  350 A    3 -4 -1 -2 -3  0 -3  1 -2  1 -1 -3 -2  1 -1  0  0 -5  0  1   27   1   3   3   0   5   2   9   1   7   6   1   1   5   3   7   6   0   3  11  0.28 0.26
  351 W   -3 -4 -2 -3 -2 -3 -4 -4  0  2 -2 -4 -3  3 -3 -2 -1  9  5  1    2   1   2   2   1   2   1   2   2   9   4   1   1   9   1   4   4  22  17  10  1.05 0.61
  352 V   -1 -4 -5 -4  0 -4 -4 -4 -2  5  2 -5  3  3 -3 -2 -3 -3 -3  3    6   1   1   1   2   1   1   2   1  25  19   1   6  10   1   4   2   0   1  15  0.68 0.40
  353 K   -2  2 -1 -2 -3 -1 -3 -4  2  2 -2  5 -3 -1 -1 -2 -2 -7 -2  1    4  11   4   2   1   3   1   2   4   9   4  32   1   3   3   4   3   0   1   8  0.56 0.40
  354 F   -3  0 -2 -5  2 -3 -5 -3  0  3  1 -1  0  3 -6 -4 -3  0  3  3    2   6   3   1   5   1   1   2   3  15  11   4   2  10   0   1   1   2   8  22  0.53 0.34
  355 E   -2 -1  2  4  0 -1  3 -1  0 -3 -3  1 -3 -3 -2  0  1 -6 -5 -3    4   3   8  18   2   3  17   4   2   2   2   9   1   2   3   8   9   0   0   2  0.37 0.32
  356 K    0 -3  3  4 -4 -2  3  0 -3 -5 -5  0 -4 -2  2  1 -2 -7 -6 -4    7   1  12  19   0   2  16   8   1   1   2   6   0   2   9  11   3   0   0   1  0.51 0.41
  357 G   -2  0  2  3 -6 -1  2  4 -3 -4 -2 -1 -3 -4 -2  1 -2 -3 -6 -6    3   5   9  15   0   2  11  27   1   1   5   4   1   1   2  10   3   0   0   0  0.53 0.40
  358 E   -2 -2  1  0 -6  2  3  2 -3 -3 -4  3 -4 -4 -3  0  1  1 -3 -2    3   2   7   6   0   8  16  15   0   1   2  15   0   1   1   7   8   2   1   3  0.36 0.33
  359 F   -3 -4 -3 -6 -4 -4 -4 -4 -2  2  2 -3 -1  2  3 -3 -3  7  0  1    3   1   1   0   0   1   1   2   1  12  21   2   2   9  16   3   2  12   3   9  0.70 0.46
  360 A   -2  1  1 -1 -2  2  1 -2 -1 -1  0  3  0 -2 -3  1  0 -4 -3 -2    3   7   5   3   1   7   9   3   2   4  11  20   2   2   1   9   7   0   1   2  0.23 0.23
  361 G   -2 -3  1 -3  1 -1 -1  4  1 -5 -5 -2 -4 -3 -5  5 -2 -7 -7 -6    3   2   5   2   2   3   5  27   3   1   2   3   0   2   0  37   3   0   0   1  0.91 0.63
  362 G   -2 -4  1 -1 -7 -1 -5  3 -5 -3 -3 -2 -3 -3  5  3 -2  3 -5 -4    4   1   5   4   0   3   1  21   0   2   3   3   1   1  27  17   2   4   0   1  0.77 0.56
  363 V   -2 -4 -3 -5 -4 -4 -5 -4 -5  5  3 -4  1  3 -4 -2 -3 -4 -4  2    4   1   1   1   0   1   1   2   0  29  27   1   3  10   1   3   2   0   1  11  0.83 0.48
  364 S    3 -3  0  0 -5 -1 -1 -2 -2 -3 -2  1 -1 -2 -3  3 -1 -3 -4  0   25   2   5   5   0   3   4   4   1   1   5   8   2   2   1  21   4   0   1   7  0.38 0.35
  365 K   -3  0  0 -3 -7 -1 -2 -4 -3 -3 -4  7 -6 -5 -1  1 -2 -1 -4 -7    3   5   5   2   0   2   3   2   1   2   2  54   0   1   4  10   2   1   1   0  1.24 0.75
  366 F   -4 -6  1 -2 -1 -3 -3 -5  3  0  1 -3 -2  7 -4 -3 -3  1  1 -3    2   0   6   2   2   2   2   1   5   6  13   2   1  43   1   2   2   2   5   2  1.11 0.61
  367 L   -3 -3 -2 -3 -3 -3 -2  1 -3  2  4 -2  0  4 -3 -2 -1 -5 -1 -2    2   1   2   2   1   1   3  11   1  13  32   3   2  14   2   3   3   0   2   3  0.49 0.34
  368 A   -1 -4  2  0 -3  0 -2  0  1 -4 -4 -1 -2  2  3  3  1 -4 -2 -3    5   1   8   4   1   4   3   7   3   1   2   4   1   7  13  24   9   0   2   2  0.39 0.37
  369 E   -3 -3  0  4 -8  0  6 -3 -4 -2 -6 -1 -3 -4 -1 -1 -2 -8 -6 -2    3   1   5  19   0   4  43   2   0   2   1   4   1   1   4   4   3   0   0   3  1.02 0.68
  370 S    1 -2  1  2 -1  0  4 -1 -1 -2 -1  0 -2 -2 -4  0  0 -2 -3 -1   10   2   7  11   1   4  24   5   1   3   6   5   1   2   1   7   5   1   1   5  0.27 0.26
  371 T    1 -1 -3 -3 -2  2  0 -3 -1  2  1  0  1 -1 -2 -1  1 -5 -1  1   10   3   1   1   1   9   5   2   1  13  14   5   4   2   2   4   9   0   2  11  0.16 0.17
  372 D    1  0  1  2 -4  2  3 -2  0 -1 -2  2 -2 -3 -3 -1 -1 -6 -3 -2   11   5   6  10   0   9  18   3   2   3   5  12   1   1   1   4   4   0   1   3  0.28 0.27
  373 S    2  0  1  0 -1  3  2 -2 -1 -4 -4  3 -4 -5 -4  1 -2 -6 -3 -5   18   4   7   5   1  12  15   3   1   1   2  15   0   1   1   9   2   0   1   1  0.47 0.40
  374 F   -3 -4 -4 -6 -6 -4 -4 -5 -2  4  4 -3  2  1 -7 -6 -4 -1 -2  1    2   1   1   0   0   1   2   1   1  23  41   2   4   6   0   1   1   1   1  10  0.98 0.56
  375 V    1  1  1 -4 -2 -2 -1 -4 -1  3  2  0  1 -1 -3 -1 -1 -1 -2  1   12   7   6   0   1   1   4   1   1  16  17   6   3   3   1   5   4   1   1   9  0.21 0.19
  376 N    0  0  1  2 -5  2  4 -2 -2 -5 -5  2 -4 -6 -4  1  0 -7 -4 -5    9   6   7  11   0   8  21   3   1   1   1  14   0   0   1  11   5   0   1   1  0.52 0.43
  377 E    1  3 -1 -2 -2  1  2 -3  0 -1 -1  3 -1 -2 -4  1  0 -6 -1 -3   12  14   3   2   1   5  11   2   2   4   7  16   1   2   1   8   5   0   2   2  0.26 0.25
  378 L   -1 -5 -1 -6  2 -3 -4 -5 -3 -1  4 -3  2  3 -5 -3  1 -6  0  0    6   0   4   0   4   1   1   1   1   3  41   2   5  10   1   2   9   0   3   5  0.66 0.45
  379 K   -2 -2  3  2 -2  1  2  4 -1 -5 -5  1 -6 -6 -4  1 -2 -1 -4 -6    4   2  11  11   1   7  11  27   2   1   1   8   0   0   1   8   2   1   1   0  0.57 0.44
  380 L    4 -5 -5 -5  0 -6 -6 -3 -7  3  3 -5  1 -1 -1 -3 -3 -7 -3  2   31   0   0   1   2   0   0   3   0  13  26   1   3   3   4   1   1   0   1  11  0.74 0.51
  381 T   -1  0  2 -2 -6  3  4 -1 -1 -5 -6  4 -3 -6 -4  0 -1 -7 -3 -2    6   4   9   2   0  11  22   6   2   1   1  21   1   0   1   7   5   0   1   3  0.58 0.47
  382 D   -1 -3  1  3 -6  0  3 -3 -1 -1 -5  0 -4 -6  4  0 -2 -8 -6 -1    6   1   7  18   0   3  16   2   1   4   1   6   0   0  20   6   2   0   0   4  0.59 0.47
  383 N   -4 -5  3  1 -9 -4 -3  7 -2 -10 -9 -2 -5 -6 -5 -4 -6 -5 -6 -9    1   1  11   7   0   1   2  68   1   0   0   3   0   0   1   2   1   0   0   0  1.83 1.01
  384 D   -4 -6 -2  8 -2 -5 -1 -3 -2 -8 -9 -5 -8 -4 -8 -1 -3 -9 -6 -8    2   1   2  78   1   0   4   2   1   0   0   1   0   1   0   4   2   0   0   0  2.38 1.22
  385 L    0 -5 -7 -6 -1 -4 -5 -4 -3  3  4 -6  1 -1 -7 -3  1 -2 -2  2    7   0   0   0   1   1   1   2   1  16  39   0   3   3   0   2   9   1   2  12  0.78 0.50
  386 V   -2 -6 -8 -8  0 -7 -8 -6 -8  5  4 -7  1 -1 -8 -7 -5 -2 -2  4    4   0   0   0   2   0   0   1   0  25  31   0   2   3   0   0   0   1   2  28  1.22 0.67
  387 L   -4 -6 -8 -8  1 -7 -8 -7 -5  2  4 -7 -1  6 -8 -7 -5  3 -2  3    2   0   0   0   3   0   0   0   0  10  32   0   1  26   0   0   0   3   1  19  1.24 0.68
  388 F   -3 -5 -8 -8 -2 -7 -8 -6 -7  4  3 -8  2  6 -8 -6 -4 -4 -2  2    2   1   0   0   1   0   0   1   0  20  25   0   4  31   0   1   1   0   1  13  1.31 0.70
  389 V    2 -3 -3 -6  3  2 -5  1 -1  1 -1 -4 -2 -2 -6  1 -1 -6 -3  3   19   2   1   0   6  11   0   9   1   8   6   1   1   2   0   9   4   0   1  20  0.44 0.38
  390 A    5 -2 -5 -6  1 -4 -4 -2 -1  0 -3 -2 -4 -1 -4  1 -2  3 -1 -1   51   2   0   0   2   1   1   3   2   6   3   2   0   3   1   9   3   4   2   5  0.88 0.61
  391 D   -3  3 -2  5 -6 -5 -3  6 -2 -9 -8 -5 -8 -9 -8 -3 -5 -8 -8 -8    2  16   2  25   0   1   2  46   1   0   0   1   0   0   0   3   1   0   0   0  1.49 0.85
  392 S   -2  0  0  2 -5  1  3 -5  1 -6 -4  3 -4 -6  4  0  0 -7 -2 -4    3   6   4  10   0   6  15   1   3   0   2  17   1   0  17   8   5   0   2   1  0.57 0.46
  393 L    0  2  0  0 -3 -1  1 -3  1 -3 -1  3 -3  1  1 -1 -1  2  2 -4    7   9   4   5   0   2   9   2   4   1   5  18   1   6   8   4   4   3   6   1  0.26 0.26
  394 D    0  1  1  1 -5  0  2 -3  1 -3 -2  2 -1 -3  0  1 -1 -4  0 -4    7   6   6   8   0   4  16   1   4   2   4  14   2   1   5  12   4   0   4   1  0.27 0.28
  395 V   -1  0  0  0 -3  0  1  2  0  1 -1  1 -1 -2 -2  0  1 -2 -2  1    4   4   5   5   0   3   8  14   2   7   5  11   2   1   1   6   8   0   1  12  0.09 0.12
  396 A    3 -6 -3 -6  0 -6 -4  2 -7  0 -3 -4 -2 -3 -3  0  1 -4 -5  4   19   0   1   0   2   0   1  17   0   5   3   1   1   1   1   7  10   0   0  31  0.71 0.50
  397 N    0  0  3 -4  3  1 -2 -4  1 -4  1 -3 -2 -1 -2  3 -2  1  1 -3    7   6  13   0   6   7   2   1   3   0  16   1   1   3   2  20   2   2   5   2  0.39 0.37
  398 S   -1  0 -1  0 -6  1  2 -4 -2 -4 -3  3 -3 -6  0 -1  5 -1 -3 -4    6   4   3   5   0   6  12   1   1   1   3  15   1   0   6   5  29   1   1   1  0.57 0.48
  399 A    3 -3 -3 -5  1 -1 -4 -2 -4  1  1  0  1  1  1  0  1 -4 -2  1   21   1   1   0   2   2   1   3   0   8  12   5   3   5   6   8   9   0   1  11  0.24 0.24
  400 L   -1 -8 -9 -9 -2 -8 -9 -7 -9  0  6 -8  5 -4 -9 -4 -6 -8 -6 -3    6   0   0   0   1   0   0   1   0   5  71   0  12   1   0   1   0   0   0   1  1.87 0.98
  401 G   -2 -7 -3 -1 -5 -7 -8  7 -3 -10 -8 -7 -6 -6 -9 -1 -6 -9 -7 -8    3   0   2   4   0   0   0  83   1   0   0   0   0   1   0   4   0   0   0   0  2.37 1.20
  402 A    2  4  1  0 -4  1  0 -3  0 -4 -2  3 -1 -3 -5 -1 -2 -4 -2 -3   17  21   6   5   0   6   6   2   2   1   5  17   1   1   0   3   2   0   1   2  0.46 0.38
  403 L   -1 -8 -9 -9 -3 -3 -8 -9 -8  3  5 -6  0  0 -8 -7 -3 -4 -5  2    5   0   0   0   1   1   0   0   0  15  54   0   2   4   0   0   2   0   0  15  1.33 0.73
  404 R   -7  9 -4 -9 -11 -7 -7 -10 -5 -4 -8 -4 -5 -7 -10 -7 -9 -10 -9 -10    0  94   1   0   0   0   0   0   0   2   0   1   0   0   0   0   0   0   0   0  3.37 1.59
  405 L   -2  0  2 -4 -3  0 -2 -4 -3  1  4 -1 -1 -5 -4 -1  2 -6 -5  1    2   6  10   1   0   5   2   1   1   6  34   5   1   0   1   4  11   0   0   9  0.45 0.36
  406 T    1  1 -2 -1 -6  1  3 -4  4 -2  0  2  1  0 -5 -2 -2 -1  1 -3   11   6   2   4   0   5  21   1   8   2   8  13   3   4   0   2   3   1   4   1  0.39 0.34
  407 I   -1 -7 -6 -8  2 -6 -7 -6 -6  4  5 -7  2  0 -8 -5 -4 -7 -1  2    5   0   1   0   4   0   0   1   0  20  45   0   4   3   0   1   1   0   3  11  1.12 0.62
  408 G    5 -3 -3 -6 -3 -4 -5  4 -1  0 -4 -4  0 -4 -7 -3 -5  2 -2 -3   50   2   2   0   1   1   1  24   2   5   2   1   2   1   0   2   1   2   2   2  1.15 0.72
  409 K   -2  2  1  2 -3  2  3 -4  1 -1 -3  3 -4 -5 -3  0 -2 -4 -2 -2    4  10   6  11   1   8  16   1   3   4   3  18   0   0   1   6   2   0   2   4  0.39 0.33
  410 Q   -1  0  0  0  2  0 -1 -1  2  0 -1  0  2  0  0 -1  0  3  1 -1    5   5   5   5   5   5   5   5   5   5   5   5   5   5   5   5   5   5   5   5  0.03 0.09
  411 Q   -2 -1 -1 -2  2 -1 -1 -3  0 -1  3 -1  2  2  0 -2 -2  2  1 -1    4   4   3   3   4   3   5   3   3   4  27   5   4   8   5   3   3   2   4   4  0.26 0.20
  412 G   -1 -1  2  2  0  0  1  3  1 -2 -3  2  0  0 -1 -1 -6 -7 -1 -3    4   4  10   9   2   4  10  21   3   2   3  11   2   4   3   4   0   0   2   2  0.33 0.26
  413 L   -3 -3 -1 -3 -1 -2 -1 -3 -1  1  5 -1  0 -2  0 -2 -2  2  0 -2    3   2   3   2   1   2   5   2   2   6  43   4   2   2   5   3   3   2   3   4  0.57 0.36
  414 I   -2  1 -2 -2 -1 -2 -2 -1 -1  4  0  1  1  0 -2 -3  0 -1  0  2    4   8   2   3   1   2   3   4   2  21  10   8   3   4   2   2   5   1   3  11  0.27 0.17
  415 D   -1  0  1  3 -4  0  1 -1  1 -1 -2  0  0  0  2  0  0 -4  0 -2    5   6   7  17   0   4   7   5   4   3   4   6   3   4  10   6   5   0   3   3  0.16 0.17
  416 F   -1  0  1  0  1  0  2 -1  1 -1 -2  2 -3 -1  2  0  0  2  0 -1    4   4   7   6   3   4  12   4   3   4   4  12   0   3  11   5   4   3   3   4  0.13 0.15
  417 R    0  0  0  0  2  1  0  0  2  0 -1  0  1  0  1  0  0 -2  1 -2    6   6   5   6   5   5   6   6   5   6   6   6   5   5   6   6   6   0   5   0  0.05 0.09
  418 Q    0  0  0  0  2  0  0  0  1  0 -1  0  1 -2  0  0  0 -3  1  0    5   5   5   5   5   5   5   5   5   5   5   5   5   0   5   5   5   0   5   5  0.01 0.08
  419 F   -3 -3 -2 -2  0 -3 -3 -4  3  0  1 -3  0  6 -2 -3 -2  6  4 -1    2   2   2   3   2   1   2   1   6   4  12   1   3  28   3   1   3   9  11   5  0.71 0.43
  420 N    1  2  2  0  0  1  1 -3  3 -2 -3  2 -4 -2 -4  1 -2 -5 -1 -2   15  10   9   6   2   6   9   1   8   2   2  11   0   2   0  11   2   0   2   3  0.27 0.26
  421 F   -1 -7 -7 -7  1 -6 -7 -3  0  0  0 -7  0  7  2 -6 -6  4  1 -1    6   0   0   0   3   0   0   2   2   4   8   0   3  48  11   0   0   5   4   4  1.33 0.68
  422 L    1 -3 -6 -6  5 -5 -2 -6  0 -1  4 -3  0 -1 -6 -1 -2 -5 -2  2   12   1   0   0  14   0   3   0   2   3  41   1   2   2   0   4   2   0   2  12  0.71 0.40
  423 W   -9 -9 -10 -10 -9 -8 -9 -9 -8 -2 -3 -9 -7  1 -10 -9 -2 13  1 -8    0   0   0   0   0   0   0   0   0   3   3   0   0   6   0   0   3  82   3   0  4.26 1.41
  424 V   -4 -6 -6 -7 -5 -6 -6 -7 -6  5 -1 -6  0 -4 -6 -5 -2 -6 -1  6    0   0   0   0   0   0   0   0   0  32   4   0   2   0   0   0   2   0   2  56  1.53 0.62
  425 I   -3 -3 -1 -2 -2 -3 -1 -5  0  2 -2 -3 -2 -4 -4 -2  5 -5 -1  4    1   1   3   2   1   1   4   0   2   9   3   1   1   0   0   1  36   0   2  32  0.74 0.43
  426 D   -2 -2  1  7 -7 -2  2 -3 -1 -7 -7 -2 -6 -7 -2 -1 -3 -7 -6 -6    3   3   6  63   0   1  12   2   2   0   0   1   0   0   2   5   1   0   0   0  1.47 0.61
  427 W   -4 -4 -7 -8 -2 -7 -7 -8 -6 -3 -3 -7 -1  9 -1 -7 -4  3  0 -5    2   1   0   0   1   0   0   0   0   1   1   0   2  83   4   0   1   3   1   0  2.56 0.88
  428 P   -5 -7 -6 -6 -7 -6 -6 -7 -6 -7 -7 -5 -7 -7  9 -2 -5 -8  0 -7    0   0   0   0   0   0   0   0   0   0   0   0   0   0  93   3   0   0   4   0  3.09 0.96
  429 M   -3 -5 -6 -6 -2 -3 -4 -6 -5 -1  5 -5  7  0 -6 -4 -4  0 -1 -2    1   0   0   0   1   1   1   0   0   1  58   0  28   4   0   1   0   1   2   1  1.32 0.52
  430 F   -4 -6 -7 -7 -6 -6 -7 -7 -5 -3  0 -7  0  9 -7 -6 -5  0  3 -2    1   0   0   0   0   0   0   0   0   0   9   0   2  78   0   0   0   1   7   2  2.20 0.69
  431 E   -3 -3 -2  0 -2 -1  6 -4 -2 -3 -3  0 -3 -4 -5 -1  1 -6 -4 -3    2   1   2   3   1   2  61   1   1   2   3   5   0   1   0   4   9   0   1   2  1.11 0.53
  432 W   -3  2 -4 -4 -3 -1 -2 -4  0 -1 -1  0 -1  2  3 -3 -3  8  4 -2    2  10   1   1   1   3   2   1   2   3   5   7   1   6  14   2   1  19  17   3  0.78 0.36
  433 S   -2 -3  4  5 -3 -2  0 -2 -1 -3 -4 -1 -3 -5 -3  2  0 -6 -5 -1    3   1  21  31   1   1   6   3   1   1   1   3   1   0   1  14   6   0   0   5  0.68 0.35
  434 D    0 -3 -1  3 -6 -1  6 -3 -3 -5 -4  0 -3 -5  0 -1 -2 -6 -4 -3    7   1   3  16   0   2  48   2   0   1   1   5   1   1   4   4   2   0   1   2  0.91 0.47
  435 E   -2 -3 -1  4 -6  0  5 -2 -2 -3 -4  0 -3 -5 -3 -2 -1 -6 -4 -3    4   1   3  23   0   3  44   4   1   2   2   4   0   0   1   2   5   0   0   2  0.92 0.48
  436 E   -1 -2  1  2 -3  0  4  1 -1 -4 -2 -1 -3 -4 -3  1  2 -5 -3 -3    4   2   6   9   0   4  28  11   1   1   4   3   1   1   1  10  14   0   0   1  0.42 0.28
  437 E   -2 -1  2  1 -6  1  1  5 -2 -5 -5  2 -5 -6 -4 -1 -3 -6 -5 -5    3   2  11   7   0   6   8  40   1   1   1  15   0   0   1   4   1   0   0   0  0.78 0.41
  438 R   -1  5  0 -3 -3  1  0  1 -1 -4 -4  3 -3 -4 -3 -1 -1 -5 -4 -4    4  36   4   1   1   6   5  12   1   1   1  16   0   0   1   5   3   0   0   1  0.68 0.38
  439 Y   -5 -6 -7 -7 -6 -6 -7 -7 -3  2  3 -6 -1  3 -2 -5 -4  9  4 -1    1   0   0   0   0   0   0   0   1  12  31   0   1  10   2   1   1  25  12   4  1.42 0.60
  440 M    0 -2 -1  2  0  1  2 -3 -1 -1 -3  0 -1 -2 -4  1  2 -5  0  2    9   1   1  11   2   7  14   1   2   2   1   6   2   1   0   9  12   0   3  16  0.22 0.22
  441 S    4 -5 -5 -5 -2 -5 -5 -4 -5 -6 -6 -5 -3  2  3  4 -1 -6  0 -4   39   0   0   0   1   0   0   0   0   0   0   0   1   8  14  32   2   0   3   1  1.09 0.60
  442 A    2 -2 -1 -4  2 -2 -1 -1 -2 -1  0 -2  4 -2 -3  1  3 -5 -3  1   17   2   2   0   4   1   4   4   1   2   7   2  10   1   0  11  19   0   0  10  0.29 0.25
  443 H   -7 -4 -4 -7 -8 -3 -6 -8 11 -9 -8 -6 -4 -7 -8 -5 -5 -8 -4 -8    0   1   1   0   0   1   0   0  95   0   0   0   1   0   0   1   1   0   0   0  4.09 1.30
  444 H   -7 -5  2 -6 -8 -3 -5 -7 11 -8 -8 -6 -7 -7 -7 -4 -7 -7 -4 -8    0   0  10   0   0   1   0   0  86   0   0   0   0   0   0   1   0   0   0   0  3.63 1.15
  445 P   -3 -7 -7 -6 -7 -4 -6 -7 -7 -2 -4 -6  1 -8  9 -6 -6 -8 -7 -4    2   0   0   0   0   1   0   0   0   3   2   0   3   0  87   0   0   0   0   1  2.86 0.99
  446 F   -7 -7 -8 -8 -7 -8 -8 -8 -6 -5 -4 -8 -5 10 -8 -7 -7 -4 -2 -3    0   0   0   0   0   0   0   0   0   0   0   0   0  96   0   0   0   0   0   2  3.35 1.00
  447 T   -3 -6 -5 -6  1 -5 -6 -5 -7 -6 -6 -5 -6 -7 -6  2  8 -7 -7 -2    1   0   0   0   2   0   0   1   0   0   0   0   0   0   0  12  82   0   0   2  2.20 0.86
  448 L    4 -1 -3 -5 -2  0 -4 -2  1 -4 -1 -3  6 -5 -4  3 -3 -5 -3 -4   37   3   1   0   1   4   0   2   4   0   5   1  19   0   0  21   1   0   1   0  0.79 0.45
  449 P   -3 -6 -6 -6 -1 -6 -6 -5 -6 -4 -5 -5 -3 -1  9 -5 -5 -7 -6 -3    2   0   0   0   1   0   0   1   0   1   1   0   1   3  86   0   0   0   0   2  2.71 0.89
  450 T   -1  2  1 -2 -2  2 -2 -3  5 -1  0  3  1 -2 -3 -2 -1  1 -1  1    4  10   6   2   1   9   1   1  14   3   8  18   4   2   1   1   2   2   2  10  0.30 0.21
  451 K   -1 -2 -1  2 -3 -2  2  1 -2 -3 -2 -1 -2 -2  5 -1 -1 -2 -3 -3    5   1   2  13   0   1  17  10   1   1   5   3   1   2  27   5   4   1   1   2  0.51 0.27
  452 E   -2 -3 -2  3 -3  0  5  1 -2 -5 -4 -1 -3 -4 -3 -1 -2 -3 -1 -4    3   1   1  18   1   4  44  11   1   1   1   3   1   1   1   3   2   0   3   1  0.87 0.41
  453 T   -3 -3 -1  7 -1 -2 -1 -3  3 -3 -2 -3  0 -2 -3 -1 -1  1  0 -4    2   1   2  53   1   2   3   2   8   2   4   1   3   2   1   3   4   2   3   1  1.04 0.44
  454 Q   -1 -1 -2 -2 -3 -2  1 -3 -3  3  3 -1  3  0 -3 -2 -2  0 -1  1    6   3   2   2   0   1  10   1   1  18  26   3   8   3   1   2   2   1   2   9  0.28 0.17
  455 A    1 -2 -1  3 -3  0  2 -1  4 -3 -3  0 -3 -3  3  0 -2 -4 -3 -2   12   1   2  16   1   4  16   5   9   1   2   5   0   1  13   7   2   0   1   3  0.38 0.22
  456 F   -2 -1 -2 -2 -2 -1 -2 -3 -1  0  4  1  1  2 -3 -3 -2 -1  2 -2    3   3   2   3   1   2   2   2   1   5  42   9   4   7   1   2   2   1   7   2  0.42 0.23
  457 L   -2 -3 -2 -3 -3 -2 -2 -3 -3  2  5 -1  2  0 -3 -2 -2  0 -2 -1    3   1   2   2   1   2   2   2   0  10  50   5   5   4   1   3   3   1   1   4  0.59 0.27
  458 S    0  0  0  0 -1  0  0  0  0 -1  0  0  0  0  0  0  0  0  1 -1    9   4   4   6   1   5   7   6   3   3  10   8   2   4   3   7   6   1   7   4  0.02 0.02
  459 A    1  0  0  0  0  1  1  0  0 -1 -1  0  0 -1  0  1  0  0  0 -1   12   6   4   6   2   5   8   5   2   4   7   6   2   3   3  10   6   1   3   4  0.04 0.01
  460 D    0  0  1  2 -1  0  0  1  0 -1 -1  0 -1 -1  0  0  0 -1  0 -1    8   3   7  14   1   3   6  10   2   4   7   5   2   3   4   7   4   1   3   4  0.06 0.02
  461 G    0  0  0  0 -1  0  0  0 -1  0  0  0  0  0  1  0  0  0  0  0    7   5   4   5   1   3   6   7   1   6  11   6   2   3   6   6   5   1   4   8  0.01 0.17
  462 H    0  0  0  1 -1  1  2  0  1 -1 -1  0 -1 -1  0  0  0 -1 -1 -1    6   4   4   8   1   5  13   6   3   5   8   6   2   3   4   7   7   1   2   4  0.05 0.02
  463 S    0  0  0  0 -1  0  1 -1  0  0  0  0  0  0  0  0  0  0  0  0    7   7   4   7   1   3   8   5   2   4  11   8   2   4   4   7   7   1   3   5  0.02 0.01
  464 K    0  0  0  0 -1  0  0 -1 -1  0  1  0  0  0  0  0  0  0  0  0    6   3   5   6   1   3   7   5   1   5  15   8   3   5   5   6   6   1   2   5  0.01 0.01
  465 D   -1 -1  1  3 -2  0  4 -1 -1 -1 -1  1 -2  0 -1 -1 -1 -2 -1 -2    4   3   6  15   1   3  25   4   1   3   5   8   1   5   2   4   4   1   2   3  0.28 0.16
  466 S   -1 -2 -1  0 -4  0  1 -1  1 -3 -3  2 -2 -4 -2  2  4 -4 -3 -2    5   2   3   5   0   4   8   4   3   1   3  15   1   1   2  16  26   0   1   2  0.40 0.27
  467 D   -2 -2  3  6 -5 -1  3 -3  0 -4 -4  0 -5 -4 -1 -2 -3 -6 -4 -5    4   2  13  43   0   2  15   2   2   1   2   5   0   1   3   3   1   0   1   1  1.01 0.48
  468 L   -4 -5 -6 -4 -3 -5 -6 -6 -5  0  1 -2 -2 -5  8 -5 -4  0 -1 -4    1   1   0   1   1   0   0   1   0   5  15   2   1   1  64   1   1   1   2   1  1.83 0.79
  469 K    0 -2 -2 -2 -3 -2  2  2 -1 -3  3 -1 -1 -2 -4 -1 -1 -1 -1 -3    9   1   1   2   0   1  14  18   1   1  31   4   1   1   1   5   4   1   2   1  0.34 0.27
  470 K    0  1  1  1 -4  2  2 -3 -2 -5 -4  4 -3 -5 -3  1  0 -3 -5 -5    8   7   6   7   0   8  12   1   1   1   1  29   0   0   1  12   5   0   0   0  0.55 0.36
  471 V    2 -7 -7 -7  1 -6 -5 -6 -7  4 -1 -6  1 -4 -6 -4 -3 -4 -6  5   18   0   0   0   3   0   1   0   0  24   6   0   4   1   0   1   1   0   0  42  1.19 0.57
  472 R   -4  6 -1 -6 -4 -3 -3 -4  1  0  1  3 -2 -4 -5 -4 -1 -6 -1 -2    1  42   2   0   0   1   1   1   3   5  13  18   1   1   0   1   4   0   2   3  0.94 0.51
  473 A    5 -5 -4 -6 -2 -6 -6  3 -6 -7 -7 -6 -6 -7 -6  4 -3 -8 -7 -6   46   0   0   0   1   0   0  21   0   0   0   0   0   0   0  30   1   0   0   0  1.45 0.73
  474 H   -1  3  0  1 -4  4 -1 -5  1 -3  0  2 -1 -3 -5 -3 -2 -1  2 -4    5  16   5   9   0  21   3   0   3   1  10  12   2   1   0   1   2   1   7   1  0.49 0.35
  475 A    5 -3 -4 -6 -1  3 -5 -3  7 -5 -3 -5 -6 -7 -6  1 -3 -7 -5 -6   44   1   0   0   1  12   0   2  24   1   3   0   0   0   0  10   1   0   0   0  1.35 0.67
  476 Y   -6 -8 -8 -9 -4 -8 -8 -9 -2 -7 -7 -8 -4  1 -9 -4 -8 -2 10 -7    1   0   0   0   0   0   0   0   1   0   0   0   0   5   0   2   0   0  90   0  3.57 1.28
  477 D   -8 -8 -3  9 -9 -6 -5 -7 -7 -9 -9 -7 -9 -9 -8 -6 -7 -10 -9 -9    0   0   1  98   0   0   0   0   0   0   0   0   0   0   0   0   0   0   0   0  3.38 1.23
  478 I   -4 -7 -8 -8  0 -7 -7 -8 -7  3  6 -7  4 -2 -7 -7 -4 -6 -6 -1    1   0   0   0   2   0   0   0   0  17  66   0   7   1   0   0   1   0   0   4  1.57 0.66
  479 V   -4 -6 -8 -8 -1 -7 -8 -8 -8  0 -5 -7 -5 -6 -7 -6 -3 -8 -7  8    2   0   0   0   1   0   0   0   0   5   0   0   0   0   0   0   2   0   0  89  2.48 0.95
  480 L   -3 -6 -7 -6  6 -6 -7 -6 -6  3  5 -6  2 -2 -7 -6 -5  1 -1  1    2   0   0   0  14   0   0   0   0  16  49   0   5   1   0   0   0   2   3   7  1.22 0.53
  481 N   -7 -6  9 -1 -8 -6 -6 -6 -5 -8 -9 -6 -8 -8 -7 -4 -6 -9 -8 -8    0   0  94   4   0   0   0   0   0   0   0   0   0   0   0   1   0   0   0   0  3.27 1.17
  482 G   -5 -7 -6 -4 -7 -7 -7  8 -7 -8 -8 -7 -7 -8 -7 -4 -7 -7 -8 -8    0   0   0   1   0   0   0  96   0   0   0   0   0   0   0   1   0   0   0   0  2.83 0.99
  483 Y   -3 -4  1 -4  1  0 -2 -5 -1  1 -2 -4  1  2 -5  0  0  4  4  3    1   0   6   1   3   5   3   0   1   8   2   0   3   9   0   6   7   5  13  25  0.47 0.29
  484 E   -6 -5 -6 -4 -8 -4  8 -7 -5 -8 -7 -5 -7 -8 -6 -5 -6 -7 -7 -7    0   0   0   0   0   0  96   0   0   0   0   0   0   0   0   0   0   0   0   0  2.92 1.08
  485 L   -2 -6 -6 -6 -1 -6 -6 -6 -6  5  4 -6  2 -3 -6 -5 -4 -6 -5  3    3   0   0   0   1   0   0   0   0  35  34   0   4   1   0   1   1   0   0  18  1.17 0.48
  486 G    2 -6 -5 -6 -1 -6 -6  7 -6 -5 -4 -5 -5 -7 -6  0 -4 -6 -6 -6   17   0   0   0   1   0   0  70   0   1   2   0   0   0   0   6   1   0   0   0  1.76 0.68
  487 G   -4 -6 -5 -5 -6 -6 -6  7 -6 -7 -7 -5 -6 -7 -6  4 -5 -7 -7 -7    0   0   0   0   0   0   0  65   0   0   0   0   0   0   0  31   0   0   0   0  1.97 0.75
  488 G   -5 -7 -5 -6 -7 -6 -7  8 -7 -8 -8 -6 -7 -7 -7 -5 -6 -7 -7 -7    0   0   0   0   0   0   0  96   0   0   0   0   0   0   0   0   0   0   0   0  2.81 0.92
  489 S    0 -6 -4 -6 -6 -5 -5 -2 -6 -7 -7 -5 -7 -7 -6  7 -3 -8 -7 -7    7   0   1   0   0   0   0   3   0   0   0   0   0   0   0  87   1   0   0   0  2.26 0.91
  490 L   -4 -1 -6 -6 -1 -2 -1 -7 -5  7  0 -4  0 -4 -6 -5 -2 -6 -5  3    1   4   0   0   1   2   4   0   0  57   7   1   2   0   0   1   2   0   0  16  1.30 0.52
  491 R   -7  9 -6 -7 -8 -4 -5 -7 -6 -8 -7 -3 -6 -8 -7 -6 -6 -7 -7 -7    0  97   0   0   0   0   0   0   0   0   0   0   0   0   0   0   0   0   0   0  3.19 1.06
  492 I   -5 -7  3 -6 -2 -6 -6 -7 -7  8 -3 -6 -2 -4 -7 -6 -5 -7 -6  0    1   0  12   0   1   0   0   0   0  78   1   0   1   0   0   0   0   0   0   4  2.15 0.76
  493 N   -6 -6  1 -6 -7 -4 -5 -7 11 -6 -7 -5 -6 -1 -5 -4 -3 -4  2 -6    1   0   6   0   0   0   0   0  75   1   0   0   0   3   1   1   2   0   7   0  3.00 0.97
  494 T   -4  2  3  5 -4  2  0 -5 -3 -2 -5  1 -5 -6 -5  0 -1 -6 -3 -3    1  12  13  36   0   8   5   0   0   2   1  10   0   0   0   6   3   0   1   2  0.84 0.41
  495 R    2  3 -3 -4 -4  1 -1 -3 -1 -3 -3  0 -3 -3  4  1 -1 -6 -2 -3   21  16   1   1   0   5   3   1   2   2   2   6   0   1  24  11   3   0   1   1  0.60 0.35
  496 Q    0 -2  0  5 -6  1  4 -4 -2 -4 -5  1 -4 -5 -3 -2 -3 -2 -5 -3    9   2   5  29   0   6  31   1   1   1   1   7   0   0   1   3   1   1   0   3  0.83 0.42
  497 L   -3 -5 -5 -5 -5 -3 -4 -7 -6  3  4 -5  5 -3 -6 -5 -1 -4 -5  3    1   0   0   1   0   1   1   0   0  15  42   1  12   1   0   0   3   0   0  20  1.02 0.45
  498 Q   -6 -5 -6 -6 -8  9 -4 -7 -5 -7 -3 -4  3 -8 -7 -6 -6 -7 -7 -7    0   0   0   0   0  89   0   0   0   0   3   0   6   0   0   0   0   0   0   0  2.99 1.09
  499 E    0  3  0 -1 -4  2  3 -4 -1 -2 -3  3 -2 -3 -4  0 -1 -5 -1 -3    8  17   3   3   0   9  22   1   1   2   3  15   1   1   0   6   3   0   3   1  0.45 0.28
  500 E   -1  4 -3 -3 -4  1 -1 -4  1 -2 -2  4 -1  2 -5 -3 -1 -2  3 -3    6  19   1   1   0   5   3   1   4   2   3  31   2   7   0   1   3   1  10   1  0.61 0.34
  501 M    0 -6 -4 -7 -5 -6 -6 -6 -6  6 -2 -6  4 -4 -6 -5 -3 -6 -5  5    8   0   1   0   0   0   0   0   0  37   3   0  10   0   0   1   1   0   0  39  1.38 0.55
  502 L   -6 -6 -7 -8 -6 -7 -7 -7 -6 -3  3 -7  4  8 -7 -7 -6 -2 -1 -5    0   0   0   0   0   0   0   0   0   1  26   0   8  62   0   0   0   0   1   0  2.14 0.75
  503 S   -1  3  1  1 -6  1  4 -2 -2 -6 -5  3 -5 -6 -4  0 -2 -6 -4 -5    6  13   5   8   0   5  30   3   1   0   0  18   0   0   0   8   2   0   0   0  0.67 0.36
  504 A    1 -3 -1  1 -2 -1  0 -4 -1  3  2 -1  1 -1 -4 -2 -1 -4 -3  2   12   1   3   9   1   2   6   0   2  20  19   5   3   2   0   2   3   0   1  12  0.24 0.18
  505 L   -1 -6 -6 -7 -5 -6 -6 -6 -6  4  5 -6  2 -3 -4 -5 -4 -4 -5  2    6   0   0   0   0   0   0   0   0  25  48   0   4   0   1   0   0   0   0  14  1.15 0.48
  506 G   -3 -3  0 -2 -5 -2 -3  6 -4 -4  1  0 -4 -4 -4 -3 -4 -5 -5 -4    2   1   5   2   0   2   2  62   0   1  13   5   0   1   1   1   1   0   0   1  1.21 0.48
  507 F   -3 -2 -3 -4 -3 -1 -3 -4 -2  4  2  0  4  2 -4 -3 -3 -2  3 -1    1   2   1   1   0   3   1   1   1  25  22   8  10   9   1   1   1   0  10   2  0.56 0.28
  508 K   -2 -3  1  2 -3 -2 -1  0 -3 -2 -1 -1  2 -3 -1  4  2 -4 -4 -2    2   1   7  13   1   1   2   7   0   2   5   4   6   1   2  30  13   0   0   2  0.41 0.28
  509 L   -1 -1 -2  2 -5  0  3 -4 -1 -2  0  2 -2 -4  3 -1 -1 -3 -3 -3    5   3   1  13   0   3  21   1   2   2  10  12   1   0  15   5   3   0   1   1  0.39 0.26
  510 E   -1 -3 -1  1 -4  2  6 -4 -2 -5 -5  2 -2 -5  0 -1 -1 -6 -5 -3    6   1   2   8   0   7  45   1   1   1   1  12   1   0   4   3   4   0   0   2  0.84 0.44
  511 D   -2  0 -1  1 -5  2  6 -4  0 -2 -4  0 -3 -4 -4 -1 -2 -6 -4 -2    3   5   3   8   0   9  48   1   2   3   2   6   1   1   1   4   3   0   1   3  0.84 0.43
  512 A    4  0 -3  0 -3  1 -1 -3 -2  2 -2 -1  1 -4 -1 -1 -2 -4 -2  1   32   6   1   5   0   8   3   1   1  15   3   4   3   0   2   3   2   0   1   9  0.33 0.25
  513 N   -2  2  0  1 -4  3  3 -4  0 -1 -2  2 -1 -3 -2 -1 -1 -2 -2 -1    3  10   4   7   0  13  21   1   2   5   3  14   2   1   1   3   4   1   2   5  0.35 0.24
  514 E    1  0  1  2 -5  1  4 -3  0 -4 -3  2 -2 -5 -4  1 -1 -5 -3 -2   11   5   6  10   0   5  28   2   2   1   2  10   1   0   0   8   4   0   1   3  0.44 0.28
  515 Q   -3  4 -1  1 -5  2  1 -4  0 -5 -3  5 -1 -5 -1  0 -2 -5 -3 -4    1  22   2   7   0  10   7   1   2   0   3  32   1   0   3   5   2   0   1   1  0.73 0.38
  516 F   -7 -8 -8 -8 -7 -8 -8 -8 -7 -4  1 -8 -1  9 -8 -7 -7 -5 -2 -4    0   0   0   0   0   0   0   0   0   1  10   0   2  85   0   0   0   0   1   1  2.94 0.97
  517 G   -1 -1 -2  0 -4 -1  0  6 -3 -7 -7 -3 -5 -7 -4  1 -3 -6 -6 -6    4   4   2   4   0   2   6  63   1   0   0   2   0   0   1   9   2   0   0   0  1.30 0.55
  518 F   -2 -6 -5 -7 -5 -3 -6 -2  8 -6 -6 -6 -4  7 -5 -5 -5  2  1 -6    3   0   0   0   0   1   0   3  38   0   0   0   0  45   1   1   1   2   4   0  2.20 0.80
  519 L   -6 -7 -8 -8 -6 -7 -7 -8 -7 -1  6 -7  4  4 -7 -7 -6 -6 -4 -3    0   0   0   0   0   0   0   0   0   2  71   0  10  16   0   0   0   0   0   1  1.80 0.70
  520 L   -6 -7 -6 -8 -6 -7 -7 -8 -7  3  6 -7  2  1 -7 -7 -4 -4  0  0    0   0   0   0   0   0   0   0   0  12  71   0   4   4   0   0   1   0   3   5  1.56 0.62
  521 E   -4  1  3  4 -7  1  5 -4 -1 -7 -7  1 -4 -7 -5 -2 -2 -7 -6 -7    1   6  13  22   0   5  38   1   1   0   0   7   0   0   0   3   3   0   0   0  1.07 0.52
  522 A    7 -7 -6 -7 -2 -6 -6 -3 -7 -5 -7 -6 -3 -8 -5 -2 -5 -8 -7 -2   92   0   0   0   1   0   0   2   0   0   0   0   1   0   0   2   0   0   0   2  2.31 0.91
  523 L   -6 -7 -8 -8 -6 -4 -7 -8 -6 -3  6 -7 -1  6 -8 -7 -6 -5  1 -4    0   0   0   0   0   1   0   0   0   0  62   0   1  32   0   0   0   0   3   0  1.85 0.70
  524 D   -1  3 -1  1 -4  2  3  0 -1 -6 -5  3 -4 -6 -4  2 -2 -4 -5 -5    4  15   2   7   0  10  22   6   1   0   0  17   0   0   0  13   2   0   0   0  0.60 0.35
  525 Y   -2 -6 -6 -6 -1 -4 -6 -5  3 -5 -2 -6  2  3 -7  2 -2 -3  8 -5    4   0   0   0   1   1   0   1   6   0   3   0   5  12   0  14   2   0  51   0  1.60 0.65
  526 G   -3 -7 -5 -6 -7 -7 -7  8 -7 -9 -9 -7 -8 -8 -7 -5 -7 -8 -8 -8    2   0   0   0   0   0   0  97   0   0   0   0   0   0   0   1   0   0   0   0  2.81 0.94
  527 F    5 -6 -6 -6  7 -6 -6 -4 -6 -4 -5 -5 -5 -3 -2 -3  1 -7 -4  0   53   0   0   0  24   0   0   1   0   0   1   0   0   2   2   1  10   0   0   6  1.52 0.64
  528 P   -6 -8 -8 -7 -8 -7 -7 -8 -8 -8 -8 -7 -8 -9  9 -6 -7 -9 -8 -8    0   0   0   0   0   0   0   0   0   0   0   0   0   0  99   0   0   0   0   0  3.61 1.18
  529 P   -6 -8 -4 -7 -8 -5 -6 -8 -8 -6 -8 -6 -8 -6  9 -6 -6 -9 -8 -5    0   0   1   0   0   0   0   0   0   0   0   0   0   0  95   0   0   0   0   1  3.35 1.12
  530 H   -7 -6 -5 -6 -8 -5 -5 -8 11 -9 -7 -6 -2 -5 -8 -7 -7 -8 -4 -8    0   0   0   0   0   0   0   0  96   0   1   0   1   0   0   0   0   0   0   0  4.17 1.24
  531 G    3 -4 -5 -6  0 -5 -6  7 -6 -6 -5 -6 -4 -7 -6 -3 -5 -7 -7 -5   21   1   0   0   2   0   0  72   0   0   1   0   0   0   0   1   0   0   0   0  1.85 0.70
  532 G   -5 -7 -5 -6 -7 -6 -7  8 -7 -8 -8 -6 -7 -8 -7 -5 -6 -7 -7 -8    0   0   0   0   0   0   0  98   0   0   0   0   0   0   0   0   0   0   0   0  2.80 0.90
  533 L   -3 -6 -6 -7  0 -6 -6 -7 -6  7  1 -6  2  5 -6 -5 -4 -4 -3 -1    2   0   0   0   2   0   0   0   0  56  11   0   4  20   0   1   0   0   0   3  1.47 0.55
  534 A    7 -6 -6 -6 -5 -5 -5  0 -6 -6 -6 -5 -6 -7 -5 -3 -5 -7 -6 -5   92   0   0   0   0   0   0   6   0   0   0   0   0   0   0   0   0   0   0   0  2.24 0.84
  535 L   -3 -5 -6 -6 -4 -4 -6 -6 -5  3  4 -5  0  5  2 -4 -4  1  0 -2    2   0   0   0   0   0   0   0   0  14  41   0   2  22  10   1   1   2   3   1  0.92 0.41
  536 G   -5 -7 -5 -6 -7 -6 -7  8 -7 -8 -8 -6 -7 -8 -7 -5 -6 -7 -7 -8    0   0   0   0   0   0   0  98   0   0   0   0   0   0   0   0   0   0   0   0  2.81 0.90
  537 L   -5 -5 -6 -7 -5 -6 -6 -7 -6  4  4 -6  1  5 -6 -5 -4  1 -2  1    0   0   0   0   0   0   0   0   0  22  37   0   3  25   0   0   0   2   1   8  1.14 0.45
  538 D   -6 -7 -4  9 -9 -5  0 -6 -6 -8 -9 -6 -8 -9 -5 -5 -6 -9 -8 -8    0   0   0  95   0   0   4   0   0   0   0   0   0   0   1   0   0   0   0   0  2.98 0.98
  539 R   -6  9 -4 -7 -8 -4 -5 -7 -5 -8 -7 -3 -6 -8 -7 -5 -6 -8 -7 -8    0  98   0   0   0   0   0   0   0   0   0   0   0   0   0   0   0   0   0   0  3.12 1.01
  540 F   -5 -6 -7 -7 -5 -6 -6 -7 -6  3  5 -6  3  1 -6 -5 -3  1 -1  0    0   0   0   0   0   0   0   0   0  15  63   0   6   5   0   0   2   2   2   4  1.26 0.50
  541 V   -1 -5 -6 -6  3 -5 -6 -6 -5  3  2 -5  4 -3 -5 -3 -1 -5 -3  5    6   0   0   0   5   0   0   0   0  16  16   0  11   0   0   1   3   0   0  39  0.93 0.41
  542 M    4 -5 -5 -6 -1 -2 -5 -5 -6 -4 -3 -5  9 -5 -6  1  0 -5 -4 -3   33   0   0   0   1   1   0   0   0   0   1   0  47   0   0   9   6   0   0   0  1.65 0.69
  543 L   -3 -5 -5 -6 -2 -3 -3 -6 -4  5  4 -5  2 -3 -6 -4 -2 -5 -4  2    2   0   0   0   1   1   1   0   0  28  46   0   5   0   0   1   2   0   0  12  1.03 0.43
  544 L   -3 -6 -7 -7 -2 -5 -6 -7 -6  2  5 -6  6  1 -6 -6 -4 -4 -3 -1    2   0   0   0   1   0   0   0   0  11  60   0  17   5   0   0   0   0   1   2  1.36 0.54
  545 A    2 -2 -2 -4  6 -2 -2 -2 -4 -2  1 -3 -1 -3 -4  0  3 -4 -4 -1   21   2   2   0  17   2   2   3   0   1  13   1   1   1   0   7  22   0   0   4  0.55 0.32
  546 G   -3 -1  3  2 -6  0  0  6 -1 -6 -5  1 -5 -6 -5 -2 -4 -6 -5 -6    0   4  11  10   0   5   5  52   2   0   1   7   0   0   0   2   0   0   0   0  1.04 0.45
  547 K    2  0 -2 -2  0  0  2 -3 -2 -2 -1  0 -1 -3 -3  2  3 -5 -2 -1   17   4   1   1   2   4  17   1   1   1   7   6   1   1   0  13  19   0   1   4  0.29 0.23
  548 D   -1 -2  1  4 -5  1  3 -2 -2 -5 -5  1 -3 -5  2  1  0 -6 -3 -4    4   2   7  20   0   5  20   3   1   0   0   9   0   0  12  10   6   0   1   0  0.53 0.29
  549 N   -2 -4  5 -1 -4 -4 -4 -4 -4 -6 -6 -4 -5 -4 -5  6  2 -7 -5 -6    1   0  23   3   0   0   0   0   0   0   1   0   0   1   0  60   9   0   0   0  1.48 0.66
  550 I   -5 -7 -7 -7 -5 -7 -7 -8 -7  8  1 -7 -1 -4 -7 -6 -5 -7 -5  2    1   0   0   0   0   0   0   0   0  76  12   0   1   0   0   0   0   0   0   9  2.03 0.69
  551 R   -5  8 -5 -6 -8 -3 -5 -7 -4 -7 -6  1 -6 -7 -7 -5 -4 -7 -6 -7    1  88   0   0   0   1   0   0   0   0   0   7   0   0   0   0   1   0   0   0  2.63 0.89
  552 E   -6 -5  1  7 -8 -3  4 -6 -4 -8 -8 -5 -7 -8 -6 -3 -5 -8 -7 -8    0   0   5  66   0   1  27   0   0   0   0   0   0   0   0   1   0   0   0   0  2.11 0.76
  553 V   -4 -7 -7 -8 -1 -7 -7 -8 -7  0 -3 -7 -2 -1 -7 -6 -1 -7 -4  7    1   0   0   0   2   0   0   0   0   3   0   0   0   3   0   0   3   0   1  87  2.10 0.75
  554 I   -6 -7 -7 -8 -6 -6 -7 -8 -7  8 -2 -7  4 -4 -7 -6 -2 -7 -3  1    0   0   0   0   0   0   0   0   0  80   2   0   9   0   0   0   2   0   1   5  2.15 0.73
  555 A    6 -4 -4 -4  0 -3 -3 -3 -4 -3 -2 -3  3 -2  1 -1 -1 -4 -2 -1   70   0   0   0   2   0   0   0   0   0   3   0   9   1   7   2   3   0   2   2  0.92 0.38
  556 F   -5 -6 -6 -7 -5 -6 -6 -6 -4 -3 -3 -6 -3  9 -7 -5 -5  4  3 -4    0   0   0   0   0   0   0   0   0   0   0   0   0  89   0   0   0   5   6   0  2.43 0.60
  557 P    0 -5 -5 -5 -6 -4 -4 -5 -5 -6 -6 -4 -6 -7  9 -4 -4 -7 -6 -5    8   0   0   0   0   0   0   0   0   0   0   0   0   0  92   0   0   0   0   0  2.80 0.65
  558 K   -3  0 -1 -3 -5  0 -2 -4 -1 -4 -2  7  4 -2 -4 -3 -2 -5 -4 -3    0   2   3   0   0   2   0   0   2   0   3  71  13   1   0   0   2   0   0   2  1.18 0.44
  559 N    0 -3  5  0 -3 -2 -2 -1 -2 -3 -4 -2 -1 -4 -3  2  4  0 -2 -2    5   0  34   3   0   0   0   4   0   0   0   0   2   0   0  13  33   1   1   2  0.71 0.31
  560 N    1 -1  0 -2 -3  5 -1  0  0 -2 -2  1  0 -1 -2  1  1 -4 -2 -1    9   1   5   0   0  32   0   8   2   1   4   7   2   3   1  13   8   0   1   3  0.31 0.20
  561 K    0  1  1  1 -3  2  0 -1  1 -3 -2  2 -1 -2 -2  2  0 -4 -2 -2    8   8   8   6   0  14   3   3   3   1   2  19   1   1   0  17   4   0   1   1  0.25 0.14
  562 A    3 -4 -2 -4 -4 -2 -4  6 -2 -5 -4 -4 -1 -2 -4 -1 -1 -5 -2 -4   30   0   1   0   0   1   0  56   1   0   1   0   2   2   0   2   3   0   1   0  1.09 0.40
  563 S    0  1 -1 -1 -2  2  3 -2  0 -1 -2  1  0 -1 -3  0  1 -3  0  0    6   9   1   2   1  11  21   2   2   4   2   9   3   3   0   6   8   0   3   6  0.17 0.13
  564 D   -3 -4  0  7  5 -3  0 -3 -4 -5 -4 -4 -5 -1 -4  0 -2 -6 -2 -5    1   0   3  63  13   0   3   2   0   0   1   0   0   3   0   6   2   0   2   0  1.36 0.51
  565 P   -1 -3 -3 -4 -4 -3 -3 -4 -1 -1  4 -2  1 -1  4 -2 -2 -4  0  0    3   1   1   0   0   1   1   1   2   2  47   2   3   1  24   3   1   0   3   5  0.67 0.32
  566 M   -4 -4 -5 -6 -2 -4 -5 -6 -2  0  4 -5  8  2 -5 -3 -2 -4  0  0    0   0   0   0   1   0   0   0   1   3  37   0  40   9   0   1   1   0   2   4  1.20 0.47
  567 T   -1 -3 -2  2  0 -2 -1 -3 -3 -1 -1 -3  4  0 -3  1  3 -1 -3  2    4   0   1  12   2   1   3   1   0   2   3   0  16   4   0  11  23   1   0  14  0.34 0.26
  568 Q   -2 -1  3  2 -3  0  1  4  0 -5 -4  1 -4 -3 -4  0 -2 -5 -4 -4    1   3  13  13   1   3   7  39   2   0   1  10   0   1   0   4   1   0   0   1  0.64 0.30
  569 A    5 -4 -3 -4  1 -2 -2 -2 -4 -3 -4 -3 -4 -3 -3  4 -1 -5 -4 -3   56   0   0   0   3   1   1   1   0   1   0   0   0   1   0  31   3   0   0   1  1.01 0.48
  570 P   -4 -5 -5 -5 -6 -4 -4 -5 -5 -6 -6 -4 -5 -6  9 -4 -4 -6 -6 -5    0   0   0   0   0   0   0   0   0   0   1   0   0   0  94   0   0   0   0   0  3.00 0.81
  571 S    2 -2  1  0  0 -1 -2  1 -3 -3 -3 -2 -2 -3 -3  4  2 -4 -3 -1   14   1   6   6   2   2   1  10   0   1   1   1   1   1   0  41  10   0   0   3  0.47 0.28
  572 I    1  0  0  1 -4  0  2 -2 -1 -2 -2  1 -2 -2  4  0  0 -2 -2 -1   11   4   5   6   0   3  16   1   1   2   3   9   1   2  19   5   6   1   1   4  0.30 0.18
  573 V   -1  0 -5 -5 -4 -4 -4 -5 -4  3  1 -4  0 -2 -2 -4 -2  0 -3  5    6   6   0   0   0   0   1   0   0  19  10   0   1   1   2   0   1   2   1  51  0.81 0.38
  574 A   -1 -2  0  4 -4 -2  2 -2 -2 -4 -4 -2 -3 -4  2  3  3 -5 -3 -4    3   1   3  25   0   1  11   3   0   1   1   2   0   0  10  20  18   0   1   0  0.57 0.32
  575 E    1 -1  1  2  0  1  3 -2 -2 -3 -3  1 -3 -4  3  0 -1 -5 -3 -3   14   3   7  12   2   6  20   1   1   1   2   8   0   1  15   4   2   0   0   1  0.39 0.24
  576 K    0  1 -1  1 -4  2  4 -3 -2 -3 -4  4 -3 -3 -3 -1 -1 -2 -3 -3    9   5   2   8   0   7  31   1   1   1   1  23   0   1   0   5   2   0   0   1  0.57 0.32
  577 Q   -2 -1 -3  2 -6  7  1 -5 -1 -3 -3 -1 -2 -4 -5 -3 -1 -1 -3 -3    3   2   0  10   0  60   6   0   1   1   3   3   1   1   0   1   3   1   1   2  1.32 0.61
  578 L   -5 -2 -7 -7 -5 -3 -5 -7 -6 -1  6 -2  1 -3 -7 -5 -4  2 -3 -2    0   2   0   0   0   1   0   0   0   1  84   3   2   1   0   0   1   3   1   1  1.63 0.65
  579 E    1  3  0  2 -5  1  3 -3 -1 -3 -3  4 -2 -3 -4 -1 -2 -3 -4 -3   11  15   4  12   0   5  17   1   1   1   2  23   1   1   0   4   2   0   0   1  0.49 0.30
  580 E   -3 -1 -3  2 -6 -1  6 -4 -2 -2 -1 -3 -2 -4  0 -3  0 -6 -2 -3    1   4   1   9   0   2  58   1   1   3   5   1   1   1   4   1   5   0   1   2  1.03 0.52
  581 L   -3 -6 -5 -7 -3 -4 -6 -7 -3 -2  5 -6 -1 -1 -7 -5 -4 -3  6  0    1   0   1   0   0   0   0   0   0   1  56   0   1   1   0   1   1   0  31   6  1.42 0.61
  582 S   -3 -1  1 -4 -3 -2 -4  4  9 -7 -6 -1 -5 -1 -6 -1 -4 -3  1 -6    1   3   6   0   1   2   0  28  45   0   0   3   0   2   0   4   0   0   4   0  1.49 0.61
  583 I   -4 -6 -6 -7 -4 -4 -5 -7 -6  6  4 -6  0 -2 -6 -6 -4 -5 -3  2    0   0   0   0   0   0   1   0   0  42  44   0   1   1   0   0   0   0   1  10  1.32 0.53
  584 K    0  4 -1 -1 -2  3  0 -4 -1 -4 -4  4 -2 -5 -4  0  0 -5 -4 -3    7  21   3   3   1  14   4   0   1   1   1  32   1   0   0   6   5   0   0   1  0.66 0.36
  585 L   -2 -4 -5 -6  0 -5 -4 -5 -5  4  3 -4 -1  0 -2 -3 -1 -3 -2  4    3   1   0   0   2   0   0   0   0  20  29   1   1   3   2   2   2   0   1  34  0.74 0.35
  586 A    1  2 -1 -1 -2 -1 -1 -3 -2  1 -1  2 -2 -3 -3  0  1 -4 -2  2   13  13   2   3   0   1   3   1   0   9   5  16   0   0   1   6   8   0   1  16  0.20 0.18
  587 N   -2  0  1  2 -3  0  3 -1 -2 -3 -4  3 -3 -5  3  0 -2 -2 -3 -3    1   3   6  12   0   3  23   5   1   2   1  18   0   0  14   8   1   1   0   2  0.47 0.27
  588 K   -2  1  0  0 -5  1  3 -2 -1 -3 -4  4 -4 -5  1  0 -1 -5 -4 -3    1   7   4   4   0   6  24   3   1   2   1  33   0   0   7   5   2   0   0   1  0.59 0.29
  589 D   -2 -1  1  4 -5  2  5 -1  1 -5 -5  0 -4 -4 -1 -1 -2 -5 -4 -4    3   1   7  21   0   8  38   3   4   0   0   5   0   1   3   3   2   0   0   1  0.69 0.29
  590 Q   -3  0 -3 -2 -6  3  5 -4  0 -5 -5  5 -4 -6 -4 -3 -3 -5 -4 -5    0   1   0   0   0  12  38   0   2   0   0  47   0   0   0   0   0   0   0   0  1.21 0.41

                      K         Lambda
Standard Ungapped    0.1351     0.3172
Standard Gapped      0.0410     0.2670
PSI Ungapped         0.2021     0.3175
PSI Gapped           0.0619     0.2670
