
Last position-specific scoring matrix computed, weighted observed percentages rounded down, information per position, and relative weight of gapless real matches to pseudocounts
           A  R  N  D  C  Q  E  G  H  I  L  K  M  F  P  S  T  W  Y  V   A   R   N   D   C   Q   E   G   H   I   L   K   M   F   P   S   T   W   Y   V
    1 M   -4 -5 -6 -6 -5 -5 -6 -6 -4 -2  1 -5  8  7 -6 -5 -4 -3 -1 -3    0   0   0   0   0   0   0   0   0   0  12   0  40  48   0   0   0   0   0   0  1.77 0.50
    2 S    0 -1 -2 -2 -2 -1 -1 -3 -2 -2 -1  1 -1  1  2  3  3  0 -3 -2    8   2   1   1   0   2   3   0   1   2   7   9   1   6   9  24  20   1   0   2  0.30 0.24
    3 K   -3  1  0 -3 -4  1  0 -4 -2 -4 -2  4  5  0 -4  0 -1  1  4 -4    1   6   4   1   0   5   4   1   1   0   3  25  14   3   0   8   3   2  17   0  0.60 0.38
    4 R   -4  8 -6 -5 -9 -4 -5 -8 -4 -8 -7  0 -7 -4 -4 -5 -6 -8 -2 -8    1  89   0   1   0   0   0   0   0   0   0   4   0   1   1   1   0   0   1   0  2.71 1.01
    5 T   -4 -4 -1 -1 -6 -4 -4 -6 -6 -4 -4 -2 -5 -7 -6  3  7 -7 -6 -5    0   1   2   4   0   1   0   0   0   1   1   2   0   0   0  21  67   0   0   0  1.76 0.82
    6 T   -3 -2 -1 -3  0 -2 -3 -5 10 -4 -5 -2 -3 -4 -7 -4 -1 -2  0 -2    2   2   3   2   2   1   1   1  67   1   1   3   1   1   0   1   4   1   2   3  2.24 0.85
    7 Y   -3  0  1 -1 -5 -3 -2 -3  1 -3 -2 -1  1  1 -3  0  4 -2  5 -3    1   5   8   3   0   0   2   2   3   1   4   3   3   5   1   8  30   0  20   1  0.60 0.40
    8 C    0 -8 -2 -8 11 -7 -8 -6 -8  1 -3 -8 -4 -5 -3 -4 -6 -7 -7 -1    7   0   2   0  72   0   0   0   0   8   2   0   0   1   1   1   0   0   0   4  2.90 0.99
    9 G   -1 -6  1 -3 -4 -4 -2  7 -3 -6 -6 -3 -6 -7 -4 -1 -1 -6 -2 -6    5   0   6   1   0   1   2  70   1   0   0   2   0   0   1   4   4   0   2   0  1.52 0.65
   10 L   -1 -3 -1  3 -3  3  5 -4 -2 -4 -3 -1 -3 -6 -5 -1  0 -6 -4 -5    6   1   3  15   1  12  43   1   1   1   3   2   1   0   0   5   5   0   0   0  0.88 0.50
   11 V   -4 -7 -8 -8 -6 -6 -6 -8 -7  3  6 -7 -2 -2 -4 -7 -5 -6 -3  1    1   0   0   0   0   0   0   0   0  17  69   0   0   1   1   0   0   0   1   9  1.55 0.66
   12 T   -3  5  3  0 -2 -1 -3 -1 -2 -5 -5 -1 -4 -5 -4  2  3 -7 -5 -5    1  32  16   5   1   2   0   5   1   0   0   3   0   0   1  16  16   0   0   0  0.82 0.49
   13 E    1  0  0  0 -3 -1  2 -2 -1  0  0  3 -2 -3  0  0 -1 -5 -3 -1   15   3   3   4   0   2  14   2   2   5  12  19   1   0   5   6   3   0   1   3  0.20 0.20
   14 A    1 -1  1  1 -3  0  3 -1 -1 -3 -4  2 -3 -5 -3  3  0 -5 -3 -3   12   3   6   9   0   4  18   4   1   2   1  12   0   0   1  20   4   0   1   1  0.36 0.28
   15 F   -4 -4  3  5 -6  0 -2 -4  7 -5  0 -3 -2 -2 -4 -2 -3 -3 -1 -5    1   1  12  28   0   5   2   1  27   0  12   1   1   1   1   3   1   0   2   0  1.03 0.53
   16 L    1 -4 -3 -3 -2 -2 -1 -4 -5  4  1 -3 -2 -4 -1 -2 -1 -2 -4  4   11   0   1   1   1   1   5   1   0  24  14   2   0   0   3   2   2   1   0  31  0.58 0.35
   17 G   -4 -6  2  2 -7 -3 -3  7 -4 -8 -8 -4 -7 -8 -5 -4 -5 -7 -7 -8    0   0   8  10   0   1   2  75   0   0   0   1   0   0   0   1   1   0   0   0  1.91 0.78
   18 Q   -2  2 -2 -2 -5  5  3 -4 -2 -5 -5  4 -3 -6 -5  0  0 -6 -4 -5    2   8   1   1   0  29  17   1   1   0   1  25   1   0   0   7   5   0   0   0  0.92 0.53
   19 E   -3  3 -1  0 -3  2  3 -4 -1 -2 -4  2 -2 -4 -2  0  3 -5 -2 -1    1  14   2   4   1   8  20   0   1   3   1  13   1   1   2   6  17   0   1   5  0.43 0.32
   20 I   -2 -7 -7 -8 -6 -6 -7 -8 -3  3 -2 -5 -4 -4 -6 -5 -4 -7 -6  7    3   0   0   0   0   0   0   0   1  15   3   1   0   0   0   1   1   0   0  76  1.93 0.80
   21 T   -2  1 -3 -4 -1 -1  0 -5 -3  0 -2  0 -2 -3 -5  0  5 -5 -2  3    2   8   1   1   1   3   5   0   1   5   4   6   1   1   0   5  35   0   1  21  0.60 0.40
   22 L   -4 -6 -7 -7 -5 -6 -7 -7 -7  3  6 -7 -1 -2 -7 -6 -5 -6 -5  2    1   0   0   0   0   0   0   0   0  15  69   0   1   1   0   0   0   0   0  11  1.57 0.66
   23 K    1 -2  1 -4  7 -1 -4 -3  4 -3 -4 -2  2 -1 -5  2 -1 -5  1 -2   14   2   7   1  25   3   0   1  11   1   1   3   5   3   0  13   3   0   5   2  0.78 0.44
   24 G   -2 -8 -6 -7 -8 -7 -8  8 -8 -9 -9 -7 -8 -9 -8 -6 -7 -8 -9 -9    3   0   0   0   0   0   0  97   0   0   0   0   0   0   0   0   0   0   0   0  2.91 1.09
   25 W   -9 -9 -6 -10 -9 -8 -9 -9 -2 -5 -6 -9 -7  3 -10 -9 -9 12  3 -9    0   0   1   0   0   0   0   0   1   1   1   0   0  12   0   0   0  77   9   0  4.15 1.40
   26 V   -2 -7 -7 -7 -2 -6 -7 -7 -7  3  3 -5 -1 -2 -7 -5 -3 -2 -4  6    4   0   0   0   1   0   0   0   0  17  26   0   1   2   0   0   1   1   0  47  1.24 0.60
   27 N    1  0  1  2 -4  4  1  1  5 -4 -4 -1 -4 -4 -3  0 -1 -3 -3 -5   10   4   7  11   0  18   7  11  14   1   2   3   0   1   1   6   3   0   1   0  0.47 0.34
   28 N   -2  4  2 -3 -4 -2 -3 -3  1 -4 -3  3 -3  0 -1  1  1 -5  2 -4    3  21  10   1   0   1   0   1   3   0   2  20   0   5   3  12   9   0   7   1  0.51 0.38
   29 R   -3  5 -2 -4 -2  1 -3 -4  1  2 -2  2 -2 -2 -1 -1 -2 -2  0  1    2  30   1   0   1   7   1   1   3  13   4  13   0   2   3   5   2   1   3  10  0.48 0.35
   30 R   -5  8 -6 -7 -9 -3 -5 -8 -4 -8 -8  0 -7 -5 -4 -2 -4 -8 -7 -5    1  88   0   0   0   1   0   0   0   0   0   4   0   1   1   3   1   0   0   1  2.65 1.11
   31 D   -2 -2  2  5 -3  0 -1 -4 -1  0 -3  2  2 -3 -2 -2 -2 -6 -5  0    3   2  10  36   1   3   2   1   1   5   3  14   6   1   2   3   2   0   0   6  0.63 0.40
   32 L   -2 -2  1 -2 -4 -2 -4 -3  7 -1  2 -1  1  1 -4  0 -3 -4 -2  1    3   2   6   2   0   1   0   2  27   3  20   4   3   7   1   7   1   0   1   9  0.58 0.37
   33 G   -3 -1 -1 -4 -5 -3 -4  6 -5 -6 -5  3 -5 -6 -3  1 -4 -6 -6 -6    2   4   2   0   0   1   0  56   0   0   1  18   0   0   1  12   1   0   0   0  1.26 0.60
   34 G   -2 -1  2  0 -4  0 -1  4  1 -5 -4  3 -4 -2 -3  0 -2 -4 -3 -4    2   3  10   4   0   4   4  35   3   1   1  19   0   2   1   7   2   0   1   1  0.59 0.34
   35 L   -3 -3 -3 -3 -1 -2 -4 -4 -1  2  5 -3  1  0 -4 -3 -2 -4 -3  2    2   2   1   2   1   2   1   1   2  10  48   2   3   3   1   2   2   0   0  16  0.69 0.36
   36 I    0 -2 -1 -2  0 -2 -3 -2 -2  4  0 -2 -1 -1 -3  1  2 -2 -1  2    7   2   3   2   2   2   1   2   1  26   9   2   1   2   0  10  13   1   2  12  0.29 0.22
   37 F   -7 -8 -8 -8 -7 -8 -8 -8 -6 -6 -5 -8 -5 10 -8 -3 -7  1 -3 -6    0   0   0   0   0   0   0   0   0   0   0   0   0  93   0   3   0   2   0   0  3.35 1.18
   38 V    1 -4 -3 -6 -1 -5 -5 -3 -3  5  2 -5  0  1 -5 -2 -2 -2 -2  3   14   1   2   0   1   0   0   2   0  29  16   0   2   7   0   2   2   1   1  20  0.62 0.37
   39 D   -3 -2  1  6 -6 -1  0 -4 -1 -1 -3 -2 -1 -4 -2 -1  0 -4 -4  0    2   2   6  50   0   3   4   1   1   3   3   3   2   0   2   5   6   0   0   8  0.91 0.52
   40 L   -6 -6 -7 -7 -5 -6 -7 -7 -7  2  6 -7  0  0 -7 -6 -5 -6 -5  1    0   0   0   0   0   0   0   0   0   9  76   0   2   4   0   0   0   0   0   7  1.67 0.73
   41 R   -3  8 -3 -6 -7 -3 -4 -3  1 -4 -5 -1 -6 -3 -7 -3  0 -2 -1 -2    2  72   1   0   0   1   1   2   3   1   1   2   0   1   0   1   6   1   2   4  1.83 0.87
   42 D   -7 -3 -1  8 -8 -3 -3 -5 -6 -8 -6 -6 -8 -8 -7 -3 -1 -8 -1 -3    0   1   2  82   0   1   1   1   0   0   1   0   0   0   0   2   4   0   3   2  2.34 1.03
   43 R   -1  5  0 -3 -2 -1 -2  0  3 -3 -4  0 -2 -1  1  1 -2  0  0 -3    6  35   4   1   1   2   2   6   8   2   0   4   1   3   6  10   2   1   4   2  0.54 0.38
   44 E   -3 -3 -1 -2 -3 -1  1 -3  2 -2 -5 -1 -3  0 -5  3  3  0  6 -5    2   1   2   2   1   2   9   1   4   3   0   4   1   3   0  24  15   1  25   0  0.71 0.49
   45 G   -3 -6 -2 -4 -7 -1 -3  7 -2 -7 -6 -4 -3 -7 -4 -2 -6 -6 -1 -5    2   0   2   1   0   3   2  79   1   0   1   1   1   0   1   3   0   0   3   1  1.89 0.84
   46 I   -1  0 -2 -3 -1  0 -1 -5 -2  4  2  0  0 -2 -2 -1  1 -4 -1  1    4   4   2   1   1   4   3   0   1  28  17   5   2   1   2   4   8   0   2  10  0.32 0.25
   47 V   -1 -4 -5 -6  0 -5 -5 -4 -6  4  0 -5  0 -3 -5 -3  4 -6 -5  4    4   1   0   0   2   0   0   1   0  20   9   0   2   1   0   2  28   0   0  30  0.93 0.52
   48 Q   -6 -2 -5 -3 -8  9 -4 -7 -5 -3 -4 -2 -6 -8 -6 -2 -6 -7 -7 -7    0   2   0   2   0  87   0   0   0   2   2   2   0   0   0   3   0   0   0   0  2.79 1.27
   49 V   -1 -6 -7 -7  2 -2 -6 -7 -6  4  3 -6 -1 -2 -6 -3 -2 -6 -2  5    5   0   0   0   4   2   0   0   0  20  25   0   1   2   0   2   2   0   1  35  0.99 0.56
   50 V   -2 -3 -4 -3  2 -3 -6 -5 -3  2  0 -2 -1 -1 -6 -3  1 -6 -2  6    2   2   1   2   4   1   0   1   1   9   7   3   1   3   0   2   9   0   2  51  0.92 0.55
   51 F   -1 -5 -5 -6  3 -5 -4 -4 -1  3  0 -3 -1  6 -4  0 -1  1  0  2    5   0   0   0   6   0   1   1   1  14   8   2   1  31   1   6   3   2   2  15  0.74 0.44
   52 N   -2  0  3  5 -5 -1  1 -2  1 -2 -3 -1 -2 -3  1  1 -1 -5 -3 -3    2   6  13  28   0   2   8   3   4   2   3   3   1   1   6   9   4   0   1   2  0.45 0.32
   53 P    0 -1  0  0 -5  1  1 -2 -1 -3 -3  0 -2 -3  6  0 -2 -5 -3 -2    8   3   5   6   0   6   9   3   1   1   3   5   1   1  34   6   3   0   1   3  0.63 0.41
   54 A    0 -2  0  4 -5  0  3 -1 -1 -4 -3  2 -4 -3 -1  1 -1 -5 -2 -3    7   2   5  20   0   4  22   5   1   1   2  11   0   2   3   9   4   0   1   2  0.42 0.32
   55 F   -1  0  1  0  0  1  1 -1  1  0 -1  0  0 -1 -1  0  1  0 -1  0    4   5   7   6   2   7   9   4   4   6   7   7   3   2   2   8   8   1   2   8  0.04 0.06
   56 S    0 -1  3  2 -1  0 -1  0  0 -1 -2 -1  1  0  0  2  0  0 -1 -2    7   3  15  11   1   4   3   6   2   3   4   3   4   4   5  14   5   1   2   2  0.15 0.16
   57 E    1 -1  0  0 -3  1  1 -1  0 -2 -3  2 -3 -3  4  1  0 -4 -3 -3   12   3   4   6   0   5  11   4   3   2   2  12   1   1  19   8   6   0   1   2  0.33 0.24
   58 E    0 -2  0  3 -4  1  4 -2  0 -2 -2  1 -3 -3 -1  0 -1 -4 -2 -2    9   1   3  16   0   5  29   3   3   2   3   8   1   1   3   6   4   0   1   3  0.42 0.29
   59 A    3 -2 -2 -2  0 -2 -2 -1 -1  1  1 -2  1  0 -2  0 -1  0 -2  2   27   2   2   2   2   1   2   4   2   7  17   1   3   4   2   6   3   1   1  13  0.23 0.20
   60 L   -1  0 -2 -3 -1 -1 -2 -3  7 -1  0 -1 -1  4 -3 -1 -2  1  2 -1    6   4   1   1   2   2   3   2  24   4  10   3   1  17   2   4   2   2   5   4  0.54 0.32
   61 K    2  0  0  2 -2  1  3 -2 -2 -3 -3  2 -3 -4 -2  1 -1 -5 -2 -3   17   4   3  11   1   7  21   2   1   1   2  11   0   0   2   9   3   0   2   1  0.37 0.28
   62 I    0  0 -1  0 -1  1  0 -2 -2  1  1  1  0 -2 -2 -1  1 -1 -2  0    8   5   3   5   1   8   5   2   1   9  18  11   2   1   1   3   8   1   0   8  0.09 0.12
   63 A    4 -4 -4 -5 -2 -4 -4 -3 -3  1  3 -4  0  3 -2 -2 -3 -2 -3  0   32   1   1   0   1   1   1   2   1   8  26   0   2  13   2   2   1   0   0   7  0.58 0.37
   64 E   -1  4  0  1 -2  1  2 -1  1 -3 -2  3 -3 -4 -3  0 -1 -5 -4 -3    4  20   4   6   1   6  14   5   3   1   4  18   1   1   1   8   3   0   0   1  0.39 0.28
   65 T   -1  1  0  1 -2  3  1  0  1 -4 -3  2 -3 -4 -3  2  0 -4 -2 -4    4   8   5   8   1  12  10   6   4   1   2  15   0   1   1  14   7   0   1   1  0.31 0.25
   66 V   -1 -4 -6 -6  0 -5 -6 -6 -6  4  4 -4  0 -1 -4 -3 -2 -1 -3  3    4   1   0   0   2   0   0   0   0  22  42   1   2   2   1   2   2   1   0  17  0.87 0.45
   67 R   -2  5 -1 -3 -3 -1 -4 -1  1 -5 -5  2 -4 -6  4 -1 -1 -2 -4 -5    3  35   3   1   1   2   0   6   4   1   1  13   0   0  20   5   5   1   0   0  0.89 0.52
   68 S    2  0  2 -2 -1 -1 -1 -1  0 -1  0  0 -1 -1  2  1 -1 -4  0 -1   18   6  10   1   1   2   2   3   2   2  11   5   2   2  10  12   3   0   3   5  0.13 0.16
   69 E   -6 -5 -1 -3 -8 -1  7 -4  3 -7 -5 -4 -6  1 -6 -4 -3  1 -3 -7    0   0   3   1   0   1  72   2   6   0   1   0   0   7   0   1   2   2   1   0  1.81 0.89
   70 Y   -2 -4 -4  1 -2 -4 -4 -4 -1 -5 -5 -5 -3  3 -5  5  1  4  5 -4    3   0   0   8   1   0   1   1   1   0   0   0   0  12   0  40  10   6  16   1  0.99 0.61
   71 V   -2 -6 -6 -6  5 -5 -6 -6 -6  0 -3 -5 -4 -2  4 -2 -2 -6 -3  6    2   0   0   0   9   0   0   0   0   4   2   0   0   2  19   3   3   0   1  53  1.30 0.63
   72 V   -3 -6 -7 -7 -1 -6 -7 -7 -7  5  2 -6  0 -2 -6 -6 -4 -6 -5  5    2   0   0   0   1   0   0   0   0  34  15   0   1   1   0   0   0   0   0  44  1.43 0.63
   73 E    1  2 -2 -2  2  2  0 -1 -1  0  0  0  0 -2 -3  2 -1  0 -2 -1   13  10   1   1   4  12   6   3   1   6   8   6   3   1   0  14   3   1   1   4  0.16 0.19
   74 V   -1 -2 -6 -7 -1 -6 -6 -7 -7  5 -1 -6 -3 -2 -6 -4 -1 -6 -5  6    6   2   0   0   1   0   0   0   0  27   4   0   0   1   0   1   3   0   0  53  1.37 0.65
   75 Q   -2  2  0 -1  0  1  2 -3  0 -2 -3  2 -2 -3 -4  0  3 -2 -2  0    2  13   4   2   3   5  17   1   2   2   1  11   1   1   0   8  20   1   1   6  0.36 0.31
   76 G   -1 -5 -4 -2  0 -5 -5  7 -5 -5 -5 -5 -5 -5 -5 -2 -3 -5 -5 -5    5   1   0   3   2   0   1  78   0   1   1   1   0   0   1   3   2   0   0   1  1.85 0.75
   77 T   -2  0 -1 -2 -2  1  1 -2  0  1 -1  2 -1 -2 -2 -1  2 -4 -2  2    2   5   2   1   1   5   9   3   2   9   6  15   1   2   1   4  17   0   1  14  0.19 0.20
   78 V   -2 -6 -6 -6 -1 -6 -4 -6 -6  1  1 -4 -1 -2 -4 -5 -3 -6 -5  7    3   0   0   0   1   0   1   0   0   7  11   1   1   1   1   0   1   0   0  69  1.51 0.71
   79 T    0  4 -1 -3  1  2  0 -3  0  0 -2  1 -1 -2 -4  0 -1 -4 -1  2    7  21   2   1   4  10   5   1   2   6   2  10   1   1   0   7   4   0   2  15  0.28 0.25
   80 K    1  1 -1 -1 -1  1  1 -2  0 -2  0  2 -1 -2  1  1 -1 -2 -2 -1   16   9   2   2   1   5  10   2   3   2   8  12   1   1   8  10   3   0   1   4  0.14 0.16
   81 R   -4  8 -4 -1  0 -2 -1 -5  0 -6 -4  0 -5 -6 -5 -3 -5 -6 -5 -6    2  73   0   3   2   2   3   1   2   0   2   5   0   0   0   2   0   0   0   0  1.87 0.82
   82 D   -2  0 -2  0 -5 -1  0 -2 -4 -3 -3  0 -4 -2  7  0 -2 -5 -3 -3    4   5   1   5   0   3   6   4   0   2   3   6   0   2  46   7   2   0   1   2  0.96 0.50
   83 P    1 -2  0  1 -4  0  3 -1 -1 -2 -2  0 -1 -4  3  0 -1 -4 -2 -2   15   2   4   8   0   3  21   5   2   2   4   6   2   0  15   6   3   0   1   2  0.30 0.26
   84 E    0 -1  1  1 -4  0  2  3  1 -2 -2  2 -3 -2 -1  0 -1 -4 -3 -2    8   3   5   9   0   3  13  20   4   2   3  13   0   2   3   6   3   0   0   2  0.24 0.21
   85 T    0  0  2  1 -3  2  0 -2  0 -2 -1  1  1 -2 -1  1  2 -4 -3 -1    9   3   9   8   0  10   4   3   2   2   5   7   5   2   2  12  14   0   0   3  0.16 0.19
   86 V    0  1  0  0  0  0  1 -1  0  1 -1  0  0 -1  0  0 -1 -3 -1  1   10   7   3   4   2   3  13   3   2  10   4   6   2   2   3   6   3   0   2  14  0.06 0.11
   87 N   -2  0  7  0 -6  0 -1 -2  1 -2 -3  0 -5 -6 -1 -1 -1 -6 -5 -5    3   5  55   4   0   4   4   3   2   3   3   5   0   0   3   3   3   0   0   0  1.13 0.66
   88 P    0  0 -2  0 -4  0  0 -3 -2 -4 -3  2 -2 -5  6  1  0 -4 -2 -4    9   4   2   4   0   3   6   2   1   0   3  15   1   0  37   8   5   0   1   0  0.72 0.33
   89 K   -1  1  4  3 -4  0  1 -2 -1 -4 -4  3 -2 -3 -3  0 -1 -5 -4 -4    4   8  23  15   0   3   8   2   1   0   0  23   1   1   0   6   3   0   0   1  0.54 0.28
   90 I   -3 -3 -3 -3 -3 -1 -3 -3 -3  3  4 -2  6 -2 -4 -3 -1 -3 -2  0    1   1   2   1   0   3   1   1   0  16  34   3  27   1   0   1   3   0   1   3  0.74 0.35
   91 K    2 -2  0 -2 -3 -1  0 -2 -2 -3 -2  2 -2 -3  5  1  0 -4 -2 -2   17   2   4   1   0   2   5   2   0   1   3  12   0   1  30   9   6   0   1   2  0.54 0.26
   92 T   -2 -4 -1 -3 -3 -3 -3 -3 -4 -2 -3 -4 -3 -4 -3  2  7 -5 -4 -3    1   0   3   1   0   1   1   2   0   1   3   0   0   1   1  13  72   0   0   1  1.44 0.57
   93 G   -2 -4 -2 -2 -5 -4 -3  7 -5 -5 -6 -3 -5 -5 -4 -2 -3 -5 -5 -4    2   1   1   2   0   0   1  85   0   1   1   2   0   0   1   2   1   0   0   1  1.86 0.58
   94 Q    0 -1  0  3 -5  1  5 -3 -1 -4 -4  2 -1 -3 -3  0 -1 -4 -2 -4    7   2   3  14   0   6  40   1   1   0   1  10   1   1   0   6   3   0   1   0  0.63 0.31
   95 V   -3 -3 -5 -6 -3 -5 -5 -6 -5  6  0 -4 -2  1 -4 -4 -2  0 -1  4    1   2   0   0   0   0   0   0   0  53   5   1   0   5   1   1   1   2   2  28  1.14 0.44
   96 E   -5 -4 -3 -1 -7 -2  8 -6 -4 -7 -7 -3 -6 -7 -5 -4 -2 -7 -6 -6    0   0   0   2   0   0  94   0   0   0   0   0   0   0   0   0   2   0   0   0  2.35 0.79
   97 V   -3 -6 -6 -6 -4 -5 -6 -6 -6  4  2 -5 -1 -2 -6 -5 -3 -5 -3  5    0   0   0   0   0   0   0   0   0  26  21   0   1   1   0   0   0   0   0  49  1.23 0.47
   98 Q    0  0 -1 -1 -2  0  1 -3  1  1  1  0  0 -1 -3 -1 -1 -1  1  1    7   6   2   4   1   5  11   1   4  12  16   7   1   2   0   3   2   0   6  12  0.08 0.09
   99 V    4 -4 -4 -4  3 -4 -4 -1 -5  1  0 -4 -1 -3 -2 -2 -2 -5 -3  4   35   0   0   0   6   0   0   4   0   8   9   0   1   0   2   1   1   0   1  32  0.64 0.34
  100 T   -2  0  0  3 -3  2  3 -3  2 -3 -3  1 -3 -4 -3  2  1 -5 -3 -3    2   3   4  14   1   7  24   1   5   2   2   8   0   0   0  14  10   0   0   1  0.41 0.24
  101 N   -1  0  1  2 -1  1  3 -2  1 -5 -5  2 -4 -5 -3  2 -1 -5 -2 -3    3   4   6  12   1   5  24   2   4   0   0  14   0   0   0  19   4   0   1   1  0.47 0.27
  102 I   -2 -5 -5 -6 -1 -5 -5 -6 -4  4  3 -5  1  2 -4 -4 -3 -2  1  3    3   0   0   0   1   0   0   0   0  29  29   0   3  10   0   1   0   0   5  18  0.75 0.32
  103 K   -1  1  0  0 -4  2  4 -4  0 -2 -2  1 -3 -3 -3 -1  2 -2 -2  0    3   7   5   4   0   9  30   0   2   2   4  10   0   1   0   3  13   1   1   6  0.35 0.23
  104 V   -1 -4 -2 -5  0 -4 -4 -5 -5  5  2 -4 -1 -2 -1 -4 -2 -4 -4  5    3   1   2   0   2   1   0   0   0  31  15   1   1   0   3   0   1   0   0  39  0.83 0.36
  105 I   -4 -5 -6 -6 -4 -3 -4 -7 -4  2  6 -5 -1  1 -5 -5 -4 -4 -2  0    0   0   0   0   0   1   1   0   0  10  74   0   0   4   0   0   0   0   1   6  1.26 0.48
  106 N   -2 -4  8 -2 -3 -4 -4 -1 -3 -6 -6 -4 -5 -6 -4  3 -3 -7 -5 -5    3   0  65   0   0   0   0   4   0   0   0   0   0   0   0  25   1   0   0   0  1.71 0.63
  107 K    0  1 -1 -1 -3  1  2 -2 -1 -2 -3  3 -2 -3  2  1  2 -4 -2 -2   10   7   2   2   0   4  12   1   1   2   1  19   1   1  12   9  14   0   1   2  0.28 0.18
  108 S    4 -4 -3 -4  3 -3 -3 -3 -4 -2 -4 -3 -3 -2 -3  4 -1 -5 -4  1   38   0   0   0   7   0   0   1   0   1   0   0   0   2   1  35   3   0   0  10  0.80 0.40
  109 E    0  2  0  1 -3  1  2 -3 -2 -2 -2  4 -2 -3  0 -1  0 -4 -3 -1    6  10   3   7   0   5  16   1   1   2   3  28   0   1   4   3   4   0   0   5  0.34 0.20
  110 T   -1 -2  1 -1 -3  0  0 -3 -2 -1 -3  0 -2 -2  3  1  4 -4 -3  0    5   1   6   3   0   4   6   1   1   3   1   5   0   1  14  11  31   0   0   7  0.38 0.24
  111 P   -3 -4 -3 -2 -4 -3 -4 -5 -4 -1  4 -3  0 -3  5 -3 -2 -3 -4 -1    1   0   1   3   0   1   0   0   0   3  52   2   1   1  29   1   3   0   0   2  0.98 0.40
  112 P   -3 -5 -5 -4 -6 -4 -5 -5 -5 -2 -4 -4 -5 -6  8 -4 -4 -6 -6 -4    2   0   0   1   0   1   0   1   0   3   2   0   0   0  86   1   1   0   0   1  2.59 0.75
  113 F   -4 -5 -6 -5 -5 -5 -6 -6 -3  2  0 -6  0  8 -6 -4 -4 -3  0 -1    1   0   0   1   0   0   0   0   0  13   9   0   2  67   0   1   1   0   1   3  1.70 0.55
  114 S   -1 -1  0  0 -3  2  2 -2  0 -1  0 -1  0 -2  3  0  0 -2  0  0    2   2   4   5   0  14  15   1   2   4   9   1   2   1  14   6   5   0   4   7  0.20 0.15
  115 I   -3 -4 -5 -5 -2 -2 -4 -5 -4  5  2 -4  0 -2  2 -2 -1 -4 -2  3    0   0   0   0   1   2   0   0   0  37  18   1   1   1  12   2   2   0   1  19  0.68 0.31
  116 N    0  1  2  3 -2  0  0  0  0 -2 -2  0 -2  0 -1  1  0 -1 -1 -2    6   8  13  16   0   2   6   5   3   2   2   5   1   4   2  14   7   1   1   2  0.18 0.12
  117 E   -2 -2  0  5 -5  1  3 -1 -2 -4 -4  1 -4 -5 -2  0 -1 -5 -3 -3    1   1   4  37   0   5  22   4   1   1   1   9   0   0   2   6   3   0   1   2  0.70 0.31
  118 E    0  0  0  3 -3  0  3 -1  0 -2 -2  0 -2  1  0 -1  0 -3  0 -2    6   6   3  17   0   3  25   3   2   2   2   6   0   7   5   3   4   0   3   3  0.25 0.15
  119 N    0  0  3  2 -3  1  1  0  2 -2 -2  1 -2 -1 -1  0  0 -3 -2 -1    5   3  19  10   0   6   6   6   6   3   2  10   1   3   3   7   4   0   1   4  0.18 0.10
  120 V    0 -1  0  0 -1  0  1 -1 -1  1  0  0  0 -1  0  0  1 -1 -1  1    7   2   4   6   1   3  11   4   1   8  12   5   2   3   3   4  11   1   1  11  0.03 0.03
  121 N   -1  0  1  3 -3  0  2 -2 -1 -1 -1  2 -2 -1  2  0  0 -2 -2 -2    2   3   8  17   0   3  12   2   1   3   7  15   1   2   9   7   4   1   1   2  0.21 0.12
  122 V    2 -3 -2 -3 -1 -2 -2 -1 -3  1 -1 -2 -2 -1  4 -1  1 -3  0  3   20   1   1   1   1   1   2   3   0   6   3   2   0   3  19   2   8   0   3  23  0.33 0.19
  123 D   -1 -1  3  2 -4  0  0  0 -1 -4 -3  2 -3 -4  1  2  0 -4 -3 -3    3   2  18  11   0   2   5   8   1   0   3  15   0   0   8  18   4   0   0   0  0.35 0.20
  124 E   -4 -3 -2  0 -6 -1  7 -5 -2 -6 -5 -1 -4 -5 -3 -3 -2 -3 -5 -4    0   0   1   4   0   1  84   0   1   0   1   2   0   0   1   1   2   0   0   1  1.73 0.58
  125 N    0 -1  0  3 -3  1  4 -2 -1 -3 -3  0 -2 -2 -1  0  1 -4 -2 -3    6   2   5  18   0   5  34   2   1   1   2   4   1   2   2   5   8   0   1   1  0.45 0.22
  126 I   -2 -3 -2 -4 -3  0 -3 -4 -2  2  3 -2  0  0 -3 -2  2 -3 -2  2    1   0   1   0   0   4   1   0   1  10  40   2   2   3   0   1  17   0   0  15  0.42 0.22
  127 R   -3  8 -2 -4 -5 -1 -3 -4 -3 -5 -4  1 -3 -5 -1 -3 -3 -5 -4 -5    1  81   1   0   0   2   0   1   0   0   1   4   0   0   3   1   1   0   0   0  1.76 0.55
  128 L   -2 -4 -4 -5 -3 -2 -4 -5 -4 -1  5 -4  4  0 -2 -4 -3  0 -2 -1    2   0   1   0   0   2   1   0   0   1  70   0  11   4   2   1   0   1   1   1  0.99 0.37
  129 K   -2  3 -2 -2 -4  3  1 -3 -2 -4 -4  5 -2 -4 -3 -1  1 -4 -4 -4    2  18   0   1   0  12   8   1   0   1   1  46   1   0   0   2   7   0   0   1  0.83 0.33
  130 Y   -4 -3 -2 -4 -5 -2 -4 -5  5 -3 -4 -3 -4  3 -5 -3 -4  0  8 -4    1   1   2   1   0   2   1   0  15   1   1   1   0   8   0   2   0   1  62   0  1.73 0.52
  131 R   -5  8 -3 -5 -7 -2 -3 -6 -4 -6 -6 -1 -5 -5 -5 -4 -5 -6 -5 -6    0  97   1   0   0   0   0   0   0   0   0   1   0   1   0   0   0   0   0   0  2.53 0.72
  132 Y   -5 -5 -4 -5 -3 -4 -5 -6  4 -4 -4 -5 -4  3 -5 -5 -3  0  9  0    0   0   1   0   1   0   0   0  10   0   0   0   0  11   1   0   1   1  67   8  1.94 0.59
  133 L   -4 -5 -5 -6 -4 -5 -5 -6 -4  2  6 -5  1 -2 -5 -5 -4 -4 -2  0    0   0   0   0   0   0   0   0   0   9  83   0   2   0   0   0   0   0   1   3  1.38 0.46
  134 D   -4 -4 -1  8 -6  2  0 -4 -3 -6 -6 -3 -5 -4 -4 -2 -3 -6 -2 -6    1   0   1  80   0   9   4   0   0   0   0   0   0   1   0   1   1   0   2   0  1.88 0.58
  135 L   -4 -5 -6 -6 -4 -5 -5 -6 -4  2  6 -5  2  0 -5 -5 -4 -4 -3 -2    0   0   0   0   0   0   0   0   0  10  82   0   4   3   0   0   0   0   0   0  1.41 0.47
  136 R   -5  8 -4 -5 -6 -2 -3 -5 -4 -6 -5 -1 -5 -6 -5 -4 -4 -6 -5 -6    0  96   0   0   0   0   0   0   0   0   0   1   0   0   0   0   0   0   0   0  2.51 0.71
  137 R   -3  7  0 -4 -4 -1 -3 -3  3 -5 -4  0 -4  0 -4  0 -1 -5 -2 -5    1  64   5   0   0   1   0   2   6   0   1   2   0   5   0   6   4   0   1   0  1.19 0.44
  138 Q   -1 -1  0  1 -4  0  2 -2 -2 -4 -4  0 -3 -4  6  1 -1 -4 -4 -4    5   3   4   8   0   4  12   2   1   1   0   6   0   0  40  11   3   0   0   0  0.82 0.30
  139 E   -1  2  0  0 -2  3  2 -2  0 -2 -3  2 -2 -3  0  1  0 -1 -1 -1    3  12   2   4   1  13  18   1   1   1   1  15   0   1   4  10   4   1   2   5  0.27 0.16
  140 L   -3 -4 -3 -5 -4 -3 -4 -5 -4  1  4 -3  8 -2 -3 -2 -3 -3 -1  0    1   0   1   0   0   1   0   0   0   6  34   1  43   1   1   2   0   0   2   6  1.09 0.42
  141 A   -1  1 -1 -3 -4  6 -1 -3  2 -2 -1  1 -1 -2 -4 -1 -1 -2  0 -3    4   7   1   0   0  51   0   1   5   2   6   7   2   2   0   3   2   0   3   1  0.78 0.37
  142 Q    0  3  2  1 -3  2  1 -2  3 -4 -4  2 -3 -3 -3  0 -2 -4 -1 -3    8  18  12   9   0   8  10   2   7   0   1  15   0   1   0   7   0   0   2   0  0.36 0.19
  143 T    0  2  7 -2 -4 -2 -2 -3 -1 -1 -2  0 -1 -4 -4 -1  0 -5 -2 -3    8  11  54   0   0   0   0   0   1   5   3   6   2   0   0   2   5   0   1   1  0.86 0.36
  144 F   -3 -5 -5 -6 -4 -4 -5 -6 -5  4  5 -5  2  0 -5 -5 -3 -4 -3 -1    0   0   0   0   0   0   0   0   0  22  67   0   4   4   0   0   0   0   0   1  1.12 0.38
  145 K   -1  5 -2 -3 -3  1 -1 -3 -1  2  0  2  1 -2 -3 -2 -1 -2 -2  0    3  34   1   0   0   5   3   1   1  13   7  15   5   1   0   1   2   0   1   5  0.40 0.22
  146 M   -1 -2 -3 -4 -2 -2 -2 -4 -3  1  4 -1  2  3 -4 -2  0 -2 -1  0    4   1   1   0   1   1   2   0   0   5  46   5   6  17   0   2   6   0   0   3  0.46 0.23
  147 R   -4  8 -3 -5 -2 -2 -3 -5 -3 -6 -4  1 -3 -6 -5 -4 -4 -6 -5 -5    0  92   0   0   1   0   0   0   0   0   1   4   0   0   0   0   0   0   0   0  2.18 0.62
  148 H    0 -3  0 -1 -3 -2 -3 -3  7 -4 -5 -3 -4 -3 -4  5 -2 -4  1 -4    8   0   3   2   0   1   0   1  29   0   0   0   0   0   0  47   1   0   6   0  1.02 0.42
  149 Q   -1  3  1  1 -4  2  1 -3  0 -4 -3  4 -2 -4 -3 -1 -1  2 -2 -3    3  18   7   7   0  12  10   0   2   0   2  28   0   0   0   3   2   4   1   1  0.48 0.22
  150 I    0 -4 -4 -4 -2 -3 -4 -4 -4  3  2 -3  2  1 -4 -2 -1 -3 -2  4   10   0   0   0   0   0   0   0   0  18  20   0   5   6   0   1   3   0   1  35  0.49 0.21
  151 T    1 -2  0 -3  0 -2 -2 -2 -2  2  1 -1  1  0 -3  0  1 -3  0  2   16   0   5   0   1   1   1   1   0  18  11   5   5   3   0   6  11   0   3  13  0.14 0.11
  152 R   -1  1  1 -2 -3  2 -1 -1  2 -2  0  2  4  0 -3  0  0 -1 -1 -2    4   8   6   1   0  10   1   3   7   1   8  15  17   4   0   9   4   1   1   0  0.18 0.16
  153 S    1  0 -1 -1 -1  0  1 -2  0  0  0  1  0  1 -2  0  0 -2  0  0   19   4   2   1   1   2  10   1   2   8   8  10   1   7   0   8   6   0   4   4  0.05 0.07
  154 I    1 -3 -4 -4  0 -3 -3 -3 -4  4  1 -3  4  0 -3 -2  1 -3 -2  2   15   0   0   0   2   0   0   0   0  29  10   0  15   3   0   1   8   0   0  16  0.44 0.21
  155 R   -4  8 -2 -4 -2 -2 -3 -4  1 -5 -5  0 -3 -4 -4 -2 -2 -5 -4 -5    0  86   1   0   1   0   0   1   4   1   0   1   0   0   0   2   2   0   0   0  1.83 0.52
  156 Q   -1  2  3  2 -3  2  2 -1  0 -4 -3  2 -2 -3 -3  0 -1 -3 -3 -3    2  13  20  10   0  10  13   2   2   0   2  13   0   0   0   6   3   0   0   1  0.36 0.17
  157 Y   -1 -2 -3 -4 -2 -2 -2 -3  2 -2 -2 -2 -2  6 -4 -2 -2  2  6 -1    4   2   1   0   1   1   2   2   5   1   2   1   0  37   0   3   2   2  29   3  0.84 0.29
  158 L   -3 -4 -5 -5 -3 -4 -4 -5 -3 -1  5 -4  5  3 -5 -4 -3 -3 -1 -1    1   0   0   0   0   0   0   0   1   0  64   0  15  15   0   0   0   0   1   0  1.00 0.34
  159 D   -1 -1  2  4 -1  0  1 -2  3  0 -1 -1 -2 -2 -3  0  0  0  0 -1    2   1  10  28   2   2   9   1  11   8   4   1   1   0   0   6   4   1   4   4  0.28 0.15
  160 D    0  1  2  2 -3  1  3  0  0 -4 -3  2 -2 -3 -2  1  0 -4 -3 -3    7   7  10  13   0   5  23   6   2   0   1  12   0   1   0   9   4   0   0   1  0.32 0.14
  161 E   -1  2  3 -1 -1  3  2 -3  4 -3  0  1  0 -3 -3 -1 -2 -4 -1 -3    4   9  15   1   1  19  15   0  11   0  10   9   2   0   0   1   0   0   1   0  0.35 0.18
  162 G   -1 -2  1  2 -3  0  0  5  0 -5 -5 -1 -4 -5 -3 -1 -3 -4 -4 -4    3   1   7  14   0   4   4  58   2   0   0   4   0   0   0   2   0   0   0   0  0.86 0.27
  163 F   -5 -5 -5 -6 -4 -6 -6 -6 -4 -3 -1 -5 -2  9 -6 -5 -5 -1  1 -3    0   0   0   0   0   0   0   0   0   0   2   0   0  93   0   0   0   0   2   1  2.28 0.54
  164 F   -1 -3 -3 -3 -1 -2 -3 -4 -2  3  2 -3  1 -1 -3 -1  1  2 -1  3    2   1   1   1   1   1   0   0   1  24  24   0   4   1   0   3  12   3   1  21  0.35 0.16
  165 D   -3 -2 -1  4 -5  0  6 -4 -1 -4 -5 -1 -4 -5 -3 -2 -3 -5 -4 -5    0   0   2  25   0   1  67   0   1   1   0   0   0   0   0   0   0   0   0   0  1.33 0.40
  166 I   -2 -4 -5 -5 -3 -4 -4 -5 -4  5  0 -4  0 -1 -4 -4 -2 -4 -2  5    0   0   0   0   0   0   0   0   0  48   4   0   1   2   0   0   1   0   1  41  0.96 0.31
  167 E   -2 -2 -2  0 -5  2  7 -4 -1 -4 -5 -1 -4 -3 -2 -2 -1 -3 -4 -3    2   0   1   2   0   6  80   0   1   1   0   0   0   1   1   1   2   0   0   2  1.35 0.41
  168 T   -2 -4 -2 -3 -3 -3 -3 -4 -4 -2 -4 -3 -2 -4 -3 -1  8 -5 -4 -2    0   0   0   0   0   0   0   0   0   1   0   0   1   0   0   0  95   0   0   0  1.80 0.53
  169 P   -3 -5 -4 -4 -5 -4 -4 -5 -5 -5 -5 -4 -5 -6  9 -3 -2 -6 -5 -5    1   0   0   0   0   0   0   0   0   0   0   0   0   0  95   0   2   0   0   0  2.79 0.57
  170 V   -2 -3 -3 -3 -1 -3 -3 -4 -3  4  1 -3  4  0 -3 -1  3 -3  1  1    1   0   0   0   1   0   0   0   0  33   8   0  13   4   0   3  25   0   5   6  0.46 0.22
  171 L   -3 -4 -5 -5 -3 -4 -5 -5 -5  0  6 -4  2  0 -5 -4 -3 -3 -3 -1    0   0   0   0   0   0   0   0   0   2  90   0   4   2   0   0   0   0   0   0  1.28 0.38
  172 T    0 -3 -2 -3 -1 -2 -3 -2 -3  1 -1 -3  0  5 -3  1  4 -1  0  0    5   0   1   0   1   0   0   3   0   8   2   0   2  29   0  11  31   0   1   6  0.43 0.22
  173 K   -1  4  0 -3 -3  0 -1 -3 -1 -3 -3  6 -3 -3 -3 -1 -2 -4 -3 -3    5  26   3   0   1   1   0   1   1   2   1  54   0   1   1   1   1   0   0   2  0.85 0.30
  174 S    0  1 -1 -2 -3 -1 -2 -1 -1 -3 -3  0 -3 -3  1  5  0 -2 -1 -3    6  10   2   1   0   0   0   2   1   1   1   3   0   1   6  60   3   1   2   0  0.60 0.28
  175 T   -2 -3 -2 -2 -3 -2 -3 -4 -4 -2 -3 -3 -2 -4 -3  2  7 -5 -4 -2    0   0   0   2   0   0   0   0   0   1   1   0   1   0   0  12  82   0   0   0  1.38 0.44
  176 P   -3 -3 -4 -3 -5 -2 -3 -4 -3 -4 -5 -3 -4 -4  8 -2 -3 -6 -4 -4    0   1   0   1   0   1   0   0   1   0   1   0   0   1  89   2   0   0   1   1  2.46 0.51
  177 E   -3 -2 -2 -1 -5 -1  6  3 -2 -5 -5 -2 -4 -5 -3 -2 -2 -5 -4 -4    0   0   0   0   0   0  73  20   0   0   0   0   0   0   0   1   1   0   0   0  1.21 0.39
  178 G   -2 -4 -3 -4 -5 -4 -4  7 -4 -6 -6 -4 -5 -5 -4 -2 -4 -5 -5 -5    0   0   0   0   0   0   0  98   0   0   0   0   0   0   0   0   0   0   0   0  2.04 0.46
  179 A    7 -4 -4 -4 -3 -3 -3 -2 -4 -4 -4 -3 -3 -4 -3  0 -2 -5 -4 -2   96   0   0   0   0   0   0   0   0   0   0   0   0   0   0   3   0   0   0   0  1.48 0.46
  180 R   -3  7 -1 -3 -5  2 -1 -4  0 -5 -4  2 -3 -5 -4 -2 -3 -5 -4 -5    1  78   2   0   0   7   1   0   1   0   0   7   0   0   0   1   0   0   0   0  1.48 0.42
  181 D   -3 -3  0  6 -5 -1  5 -4 -3 -5 -5 -2 -4 -5 -3 -2 -1 -6 -5 -4    0   0   3  54   0   0  38   0   0   0   0   0   0   0   0   0   2   0   0   1  1.31 0.38
  182 Y   -4 -5 -5 -6 -4 -5 -5 -5 -2 -3 -2 -5 -2  8 -6 -4 -4  0  7 -3    0   0   0   0   0   0   0   0   0   0   0   0   0  62   0   0   0   0  36   0  1.86 0.46
  183 L   -3 -4 -5 -5 -3 -3 -4 -5 -4  3  5 -2  1 -1 -3 -4 -2 -3 -2  2    0   0   0   0   0   0   0   0   0  17  61   2   1   0   1   0   1   0   1  15  0.74 0.26
  184 V   -2 -5 -5 -5 -2 -4 -5 -5 -5  1 -1 -4 -1 -3 -4 -4 -1 -5 -3  7    0   0   0   0   0   0   0   0   0   3   1   0   0   0   0   0   2   0   0  92  1.46 0.44
  185 P   -3 -5 -4 -3 -5 -2 -4 -5 -5 -5 -5 -3 -5 -4  9 -3 -4 -6 -5 -5    1   0   0   1   0   1   0   0   0   0   1   1   0   1  93   0   0   0   0   0  2.70 0.57
  186 S    0 -3 -1 -3 -1 -2 -2 -2 -3 -4 -4 -2 -2 -4 -3  5  4 -5 -3 -2    3   0   0   0   1   0   1   0   0   0   1   0   0   0   0  62  29   0   1   2  0.99 0.38
  187 R   -3  8 -2 -4 -6  2 -2 -4  1 -5 -5  0 -4 -5 -4 -2 -3 -5 -4 -5    0  83   1   0   0   7   0   0   3   0   0   2   0   0   0   1   1   0   0   0  1.68 0.46
  188 V   -1 -1  0 -2 -1 -1 -1 -2 -1  2  2 -1  1  0 -1 -1  1 -1  0  2    3   2   6   2   1   3   2   2   1  12  21   4   3   5   2   3   8   1   2  18  0.08 0.05
  189 H   -2  1  2 -1 -3  3  0 -2  5 -2 -3  1 -2  0 -2  0 -1 -1  1 -2    2   7  12   2   0  15   4   2  23   2   1  11   1   3   1   5   2   1   6   1  0.35 0.14
  190 D   -1  0 -1 -1 -3  0  0 -2  0 -3 -3  2 -2 -3  6 -1 -1 -3 -3 -2    4   5   2   2   0   3   4   1   3   1   2  19   0   1  44   4   1   0   0   2  0.81 0.20
  191 G   -1 -2  0  0 -4 -2 -2  6 -2 -4 -4 -2 -4 -4 -2 -1 -2 -3 -4 -4    1   1   5   5   0   1   2  74   1   0   1   1   0   0   2   3   1   0   0   1  1.11 0.26
  192 E   -1  1  0 -1 -2  2  1 -2  2 -3 -2  3  0 -2 -2  1  1 -3 -1 -2    3   5   4   1   1   8  10   1   8   0   4  29   3   1   0  12   7   0   2   1  0.25 0.12
  193 F   -1 -4 -4 -4 -1 -4 -3 -3 -3 -1 -1 -4 -1  8 -4 -2 -3  2  2 -2    7   0   0   0   1   0   1   1   0   1   1   0   1  75   0   2   1   2   2   2  1.23 0.31
  194 Y   -3 -3 -4 -4 -4 -3 -4 -4  0 -3 -2 -4 -2  4 -4 -3 -3  2  8 -3    1   0   0   0   0   0   0   1   0   0   1   0   0  15   0   1   0   2  77   0  1.75 0.38
  195 A    5 -2 -2 -3 -1 -2 -2 -1 -3 -3 -3 -2 -2 -3 -2  3  0 -4 -3 -1   68   0   1   0   1   0   0   1   0   0   1   0   0   0   0  21   2   0   0   3  0.73 0.25
  196 L   -3 -3 -4 -4 -3 -3 -4 -4 -4  0  6 -4  1 -1 -4 -4 -3 -3 -2 -1    1   0   0   0   0   0   0   1   0   0  91   0   1   0   0   0   0   0   0   0  1.03 0.29
  197 P    0 -3 -3 -3 -3 -2 -3 -3 -3 -2 -3 -2 -3 -4  7 -1 -1 -4 -4  1    8   0   1   1   0   1   0   0   0   1   1   0   0   0  68   4   3   0   0  11  1.52 0.31
  198 Q   -3 -1 -2 -2 -5  8  0 -4 -2 -4 -4 -1 -2 -5 -3 -2 -3 -4 -3 -4    1   0   0   0   0  92   2   0   0   0   1   0   0   0   0   0   0   0   0   0  1.76 0.45
  199 S    1 -2 -1 -2 -2 -2 -2 -2 -3 -4 -4 -2 -3 -4 -2  6  0 -4 -3 -3    9   0   0   0   0   0   0   0   0   0   1   0   0   0   0  86   0   0   0   0  1.14 0.36
  200 P   -2 -4 -4 -3 -4 -3 -3 -4 -4 -4 -5 -3 -4 -5  8 -3 -3 -5 -5 -4    1   0   0   0   0   0   0   0   0   0   1   0   0   0  94   0   0   0   0   0  2.57 0.45
  201 Q   -3 -1 -2 -2 -5  8  0 -4 -2 -5 -4 -1 -3 -5 -3 -2 -3 -4 -4 -4    0   0   0   0   0  96   0   0   0   0   0   0   0   0   0   0   0   0   0   0  1.96 0.51
  202 L   -2 -2 -2 -3 -3  6 -1 -4 -2  2  2 -1  1 -2 -3 -2 -1 -3 -3 -1    0   0   0   0   0  48   0   0   0  15  27   0   2   1   0   0   3   0   0   1  0.64 0.27
  203 F   -3 -4 -4 -5 -3 -3 -4 -4 -1 -2  0 -4 -1  7 -2 -4 -3  0  6 -2    1   0   0   0   0   0   0   0   1   0   7   0   0  50   3   0   1   0  33   0  1.21 0.33
  204 K   -3  0 -2 -3 -5 -1 -1 -3 -3 -5 -4  7 -3 -5 -3 -2 -2 -5 -4 -4    0   0   0   0   0   0   0   0   0   0   0  94   0   0   0   0   1   0   0   0  1.55 0.44
  205 Q   -3 -1 -2 -3 -5  8  0 -4 -2 -5 -4 -1 -2 -5 -3 -2 -3 -4 -4 -4    0   1   0   0   0  93   1   0   0   0   0   0   1   0   0   0   0   0   0   0  1.89 0.52
  206 L   -2 -3 -4 -5 -3 -3 -4 -5 -4  2  5 -4  4 -1 -4 -3 -1 -3 -2  1    1   0   0   0   0   0   0   0   0  13  67   0  10   0   0   0   3   0   0   4  0.78 0.26
  207 L   -2 -4 -5 -5 -1 -4 -4 -5 -4  0  6 -4  0  0 -4 -4 -2 -3 -1 -1    2   0   0   0   1   0   0   0   0   1  89   0   0   2   0   0   1   0   2   1  1.08 0.33
  208 M   -3 -4 -4 -5 -4 -2 -4 -5 -4 -1  0 -4 10 -2 -5 -4 -3 -4 -3 -1    0   0   0   0   0   1   0   0   0   1   0   0  91   0   0   0   0   0   0   2  2.14 0.56
  209 I    1 -4 -3 -4 -1 -3 -3 -3 -4  3  0 -3  0  0 -3 -2 -1 -4 -2  4   16   0   0   0   1   0   0   1   0  23   1   0   2   3   0   2   1   0   0  48  0.54 0.22
  210 S    3 -2 -1 -2 -1 -2 -2  4 -2 -3 -3 -2 -3 -3 -2  3 -1 -3 -3 -2   33   0   0   0   1   0   1  33   0   0   1   1   0   0   0  27   1   0   0   1  0.60 0.21
  211 G    0 -3 -1 -3 -4 -2 -3  7 -3 -4 -4 -3 -3 -4 -3 -1 -3 -4 -4 -4    5   0   2   0   0   1   1  85   0   0   1   1   1   0   0   1   1   0   0   1  1.42 0.32
  212 F   -2 -3 -3 -4 -1 -3 -3 -4 -3  3  1 -3  2  4 -3 -3 -2 -2  1  2    1   0   0   0   1   0   1   1   0  26  13   1   6  28   0   1   1   0   4  14  0.45 0.17
  213 D   -2 -2  1  6 -4 -1  2 -1 -1 -4 -4 -1 -3 -4 -1 -1 -2 -3 -4 -4    1   1   5  60   0   1  15   3   1   0   1   1   1   0   2   3   2   0   0   1  0.93 0.26
  214 K   -2  6 -1 -2 -4  0 -1 -2 -1 -4 -3  4 -3 -4 -3 -2 -2 -4 -3 -3    1  59   2   1   0   1   1   3   1   1   1  26   0   0   1   1   1   0   0   1  1.03 0.29
  215 Y   -3 -3 -4 -4 -4 -3 -4 -4 -1 -2  0 -3 -2  1 -4 -3 -3  0  9 -2    1   1   0   1   0   0   1   1   0   1   8   1   0   0   1   1   1   0  81   2  1.75 0.42
  216 Y   -3 -3 -4 -4 -3 -3 -4 -4 -2  1 -1 -3  1  7 -4 -3 -3  0  5 -1    1   1   0   1   0   0   1   1   0   8   1   1   4  51   1   1   1   0  24   3  1.02 0.28
  217 Q   -3 -1 -2 -2 -4  8  0 -3  3 -4 -3 -1 -2 -4 -3 -2 -3 -4 -3 -4    1   1   0   1   0  81   1   1   7   1   2   1   0   0   1   1   1   0   0   1  1.54 0.43
  218 I   -2 -4 -4 -4 -2 -3 -4 -4 -4  6  1 -3  0  2 -3 -3 -2  1 -2  2    1   1   0   1   0   0   1   1   0  62   6   1   1   9   1   1   1   2   0  12  0.75 0.25
  219 V    5 -3 -3 -3 -1 -2 -2 -2 -3  1 -2 -2 -2 -3 -2 -1 -1 -4 -3  1   68   1   0   1   1   0   1   1   0   8   1   1   0   0   1   1   3   0   0  12  0.70 0.27
  220 K   -2  6 -1 -3 -4 -1 -1 -3 -1 -2 -3  3 -2 -3  2 -2 -1 -3  1 -2    1  49   2   1   0   0   1   1   1   2   1  18   0   0  10   1   4   0   7   2  0.72 0.24
  221 C   -2 -4 -3 -4 10 -4 -5 -3 -4 -2  0 -4 -3 -4 -4 -2 -3 -4 -4 -2    2   1   1   1  77   0   1   1   0   2   8   1   0   0   1   2   1   0   0   2  2.18 0.46
  222 F   -3 -3 -3 -4 -4 -3 -4 -4  3 -2 -1 -4  0  7 -4 -3 -3  1  5 -2    1   0   0   1   0   0   1   1   7   1   5   1   2  57   1   1   1   2  17   1  1.13 0.31
  223 R   -3  8 -2 -3 -5  2 -2 -4 -2 -4 -4  0 -3 -4 -4 -3 -3 -4 -3 -4    1  83   0   1   0   7   1   1   0   0   1   1   0   0   1   1   1   0   0   1  1.63 0.42
  224 D   -3 -3  0  7 -5 -2 -1 -3 -3  0 -3 -3 -4 -4 -3 -2 -3 -5 -4 -4    2   0   2  82   0   0   1   1   0   6   2   1   0   0   0   1   1   0   0   1  1.57 0.40
  225 E   -3 -2 -2 -1 -5 -1  7 -4 -2 -5 -4 -2 -4 -5 -3  0 -3 -4 -4 -4    1   0   0   0   0   0  84   1   0   0   1   0   0   0   0   6   1   0   0   1  1.52 0.45
  226 D   -2 -3  0  7 -4 -2 -1  0 -3 -4 -4 -2 -4 -4 -2  0 -2 -5 -4 -1    2   1   1  67   0   0   1   8   0   0   1   1   0   0   1   7   2   0   0   5  1.09 0.34
  227 L    0 -2  0 -3 -2 -1 -2 -1 -2 -1  3 -2  0  0  2  0 -1 -3 -2 -1   10   2   6   0   1   3   0   4   1   1  44   1   1   3  10   8   3   0   1   2  0.24 0.15
  228 R   -3  7 -1 -3 -5 -1 -2 -3  2 -4 -4  1 -2 -4 -4 -2 -2 -4 -3 -4    1  79   3   0   0   0   1   1   5   0   1   4   1   0   0   1   1   0   0   1  1.42 0.38
  229 A    4 -1 -2 -2 -2 -1 -1  0 -2 -2 -2  0 -1 -3  2  1 -1 -3 -2  0   51   2   1   0   0   1   2   5   1   1   2   4   1   1  11   9   1   0   1   6  0.43 0.19
  230 D   -3 -3  1  7 -5 -2  0 -2 -2 -4 -5 -2 -4 -4 -3 -2 -3 -4  0 -4    1   0   3  81   0   0   3   2   0   0   1   0   0   0   0   1   0   0   5   1  1.45 0.35
  231 R   -3  8 -2 -3 -5 -1 -2 -4 -2 -4 -4  1 -3 -4 -4 -2 -3 -4 -3 -4    1  87   0   0   0   0   0   1   0   0   1   2   0   0   0   1   0   0   0   1  1.58 0.40
  232 Q   -2 -1 -2 -2 -4  8  0 -3  0 -1 -3 -1 -2 -4 -3 -1 -2 -4 -3 -1    2   0   0   0   0  77   0   1   1   5   2   0   0   0   0   4   1   0   0   4  1.27 0.39
  233 P    0 -4 -4 -3 -4 -1 -3 -2 -3 -2 -2 -3 -1 -2  7 -2 -2 -4  0 -2    7   0   0   0   0   2   0   3   0   2   5   0   1   2  68   1   1   0   4   2  1.53 0.36
  234 E   -3 -2 -2  1 -5  0  7 -1 -2 -4 -2 -1 -3 -4 -3 -2 -3 -4 -4 -2    0   0   0   5   0   0  79   4   0   0   5   0   0   0   0   0   0   0   0   3  1.19 0.36
  235 F   -3 -4 -1 -5 -4 -5 -5 -5  2 -2 -1 -5 -2  8 -5 -4 -4 -2  1 -3    2   0   4   0   0   0   0   0   5   2   2   0   0  82   0   0   0   0   0   0  1.78 0.43
  236 T   -2 -2 -2 -3  2 -2 -3 -4 -3 -2 -2 -3  0 -2 -3  0  7 -4  1 -2    1   1   0   0   4   1   0   0   0   1   2   0   3   1   0   3  74   0   6   1  1.10 0.37
  237 Q   -3  0 -3 -3 -5  8 -1 -4  1 -5 -5 -1 -3 -5 -4 -3 -3 -4 -4 -5    0   2   0   0   0  88   0   0   3   0   0   0   0   0   0   0   0   0   0   0  1.93 0.53
  238 V   -3 -4 -4 -5 -3 -4 -4 -5 -4  4  4 -4  1  1 -4 -4 -2 -3 -2  2    0   0   0   0   0   0   0   0   0  31  43   0   2   5   0   0   0   0   0  17  0.73 0.23
  239 D   -4 -4 -2  8 -6 -3  0 -4 -4 -6 -7 -4 -6 -6 -4  0 -4 -7 -6 -6    0   0   0  87   0   0   3   0   0   0   0   0   0   0   0   7   0   0   0   0  2.05 0.56
  240 I   -2 -4 -4 -5  2 -3 -4 -5 -4  3  3 -4  4  1 -4 -1 -2 -3 -1  2    2   0   0   0   5   0   0   0   0  23  28   0  14   5   0   6   0   0   1  12  0.52 0.24
  241 E   -4 -3 -3 -1 -7 -1  7 -5 -3 -6 -6  1 -5 -6 -4 -3 -4 -6 -5 -6    0   0   0   0   0   0  92   0   0   0   0   8   0   0   0   0   0   0   0   0  2.04 0.64
  242 M   -2 -3 -3 -6 -1 -2 -5 -2 -5  0  1 -3  8  0 -5 -4  0  2 -4  1    3   1   1   0   1   1   0   3   0   4  13   1  51   3   0   0   5   3   0   7  1.11 0.51
  243 S    3 -4 -3 -4  2  0 -3 -1 -4 -5 -5 -3 -4 -6  0  5  1 -6 -5 -4   23   0   0   0   4   4   0   4   0   0   0   0   0   0   4  53   8   0   0   0  1.00 0.47
  244 F   -5 -6  0 -1  2 -6 -6 -6 -4 -4 -1 -6 -4  8 -7 -5 -1  4  3 -4    0   0   4   4   4   0   0   0   0   0   4   0   0  65   0   0   4   5   9   0  1.74 0.66
  245 V    2 -3 -2 -4  1 -3 -2 -2 -4  1 -1 -1  1 -1  0 -1  2  1 -1  3   19   0   2   0   2   0   2   2   0   7   3   4   4   2   4   3  12   2   2  29  0.26 0.23
  246 D   -1 -1  2  3  0  1  1  0  1 -2 -4  0 -3 -4 -1  1  3 -4 -1 -2    2   3  10  16   2   8   7   6   4   2   0   3   0   0   2   9  20   0   3   2  0.29 0.22
  247 Q    0  1 -3 -1 -2  4  3 -2 -2 -2 -2  0  1 -3  2 -1 -2  0 -2 -1    7   6   0   2   1  22  19   4   1   2   3   5   4   1   9   5   2   2   1   5  0.38 0.32
  248 E   -1 -1  0  3 -6  1  5 -3  0 -3 -4  0 -5 -3 -1 -2 -1 -6 -2 -4    5   3   5  18   0   5  39   2   2   1   1   6   0   1   2   3   3   0   1   1  0.72 0.44
  249 D   -2 -1 -1  6 -2  1  2 -1  0 -2 -4  0 -1 -2 -5 -2 -2 -6 -1 -3    2   3   2  46   1   5  11   6   2   2   2   5   2   2   0   2   3   0   2   2  0.80 0.45
  250 V   -5 -7 -8 -8 -5 -7 -7 -8 -7  6  0 -7  2  1 -7 -6 -5 -7 -5  6    0   0   0   0   0   0   0   0   0  36   9   0   5   6   0   0   0   0   0  46  1.59 0.68
  251 M   -5  0 -3 -6  0  1 -3 -6  0  2  2 -1  6  4 -6 -5 -3  1  2 -2    0   5   1   0   2   8   1   0   2  11  17   5  20  15   0   0   1   2   7   1  0.68 0.41
  252 Q    0  0  1  2  0  1  1  0  1 -1 -2  0 -2 -1 -1  0  0 -4  0 -1   10   6   7  12   3   6  10   6   3   4   4   6   0   3   3   8   4   0   3   3  0.10 0.12
  253 M   -1  0  0  0  2  0  0 -3  2  0 -1  0  1  0  0  0  0  3  1  0    5   5   5   5   5   5   5   0   5   5   5   5   5   5   5   5   5   5   5   5  0.04 0.12
  254 G    0 -2  0 -2  2  0 -2  0  2  0  0 -2  2  1 -3  0  0  4  1  0    7   0   7   0   6   7   0   7   6   7   7   0   6   6   0   7   7   6   6   7  0.13 0.16
  255 E   -2 -1  0  0 -6  1  7 -3  0 -3 -3 -1 -4 -5 -4 -1 -1 -5 -5 -5    2   2   4   3   0   4  66   2   2   2   2   2   0   0   0   4   3   0   0   0  1.18 0.62
  256 E    0  2  0  1 -3  0  1  2  1 -1 -2  1  0 -3  0  0  0 -4  0 -1    5  11   5   8   0   4  10  17   3   3   3   7   3   0   4   6   4   0   3   3  0.15 0.12
  257 M    0 -4 -5 -5  2 -4 -5 -5 -4  1  3 -4  4  1 -5 -1  0  3  1  1    7   0   0   0   5   0   0   0   0   7  32   0  12   6   0   5   5   5   5  11  0.54 0.32
  258 L   -2 -5 -5 -6  1 -5 -5 -6 -1  3  3 -5  4  2 -5 -4 -1  1  1  2    3   0   0   0   3   0   0   0   2  17  28   0  12   9   0   0   3   2   5  16  0.69 0.40
  259 K    1  2 -1 -2  0  1 -1 -2  1  0 -1  2  0 -1 -1  0  1 -4 -1  0   12  13   2   1   2   6   3   2   3   5   6  14   2   2   2   6   7   0   2   9  0.11 0.14
  260 K    1  1  0  0 -1  1  1 -1  4 -3 -2  2 -1 -1 -2  0 -1 -4  1 -2   13   8   3   4   1   6  11   5  12   1   3  12   1   2   2   6   3   0   5   2  0.20 0.19
  261 V    0 -3 -3 -3  1 -1 -1 -1 -3  2  2 -2  2  0 -3  0  0  2  0  2    7   0   0   0   4   4   4   4   0  12  25   0   5   4   0   6   5   4   4  14  0.16 0.16
  262 V   -1 -3 -3 -4  1 -1 -3 -3  1  1  0 -3  2  3 -1 -1 -1  6  2  2    5   0   0   0   4   4   0   0   4   6   7   0   6  18   4   4   4  12   5  16  0.35 0.25
  263 K    1  1 -1 -1 -5  1  1 -1  0 -3 -2  3 -2 -2  3 -1 -1  0 -2 -3   11   7   3   2   0   5   9   4   2   1   4  19   1   1  17   5   4   1   1   2  0.32 0.27
  264 E    1  0  0  1 -1  1  4 -3  0 -5 -4  3 -1 -2 -2  0 -1 -5 -2 -3   11   5   4   9   1   6  25   2   2   0   2  15   2   2   2   5   4   0   2   2  0.39 0.33
  265 V   -1  0  0  0  2  0  0 -1  2  0 -1  0  2  1  0 -1  0  4  1 -1    5   5   5   5   5   5   5   5   5   5   5   5   5   5   5   5   5   5   5   5  0.09 0.08
  266 K    0  0 -2 -1 -2 -2 -1  0 -2  0  2  2  0 -1 -1  0  0 -1 -1 -1    7   5   2   3   1   1   4   8   1   4  26  12   2   3   3   7   6   1   2   3  0.12 0.16
  267 G   -2 -1  3  2 -3 -2 -1  4 -2 -3 -3  0 -5 -3  0  0 -2 -6 -2 -4    3   3  16  10   1   2   4  35   1   1   3   5   0   1   4   6   2   0   1   1  0.58 0.40
  268 V   -2 -1 -2 -2 -4 -1  1 -2  0  3 -1  2 -1  0  1 -2 -1 -1  1  2    3   4   1   2   0   2  10   3   2  15   4  12   1   4   6   2   3   1   5  17  0.18 0.21
  269 E   -2  2  0  3 -3  1  3 -3 -1 -2 -2  2 -2 -3  0  0 -1 -2 -3 -3    3  10   5  15   1   5  17   2   1   2   5  15   1   1   5   7   3   1   1   2  0.32 0.26
  270 I   -2 -4 -3 -4 -2 -1 -3 -5 -2  4  3 -3 -1  0  0 -3 -2 -2 -2  2    3   1   2   1   1   4   1   1   1  23  31   1   1   4   5   1   2   1   1  14  0.56 0.36
  271 N    0 -2  0  1 -2  1  1 -2 -1 -2 -2  1 -2 -3  4  1  0 -5 -3 -2    6   2   5   7   1   7   9   3   1   3   4   7   1   1  22   9   6   0   1   3  0.31 0.27
  272 G    0  0 -1  0 -3 -1  0  0  0  0 -1  1  0 -1  1  0  2 -3 -1  0    7   5   3   6   0   2   6   7   2   6   7  11   3   2   6   5  13   0   2   5  0.06 0.10
  273 A   -3 -1 -2 -1 -2 -1 -1 -3 -1 -4 -5  1 -6 -6  7 -1 -2 -7 -6 -4    3   4   2   4   1   3   5   2   2   1   1   7   0   0  54   4   3   0   0   1  1.33 0.73
  274 F   -6 -7 -7 -7 -6 -7 -7 -7  1  1  0 -7  1  8 -2 -3 -6  3  1 -1    0   0   0   0   0   0   0   0   4   7   7   0   3  63   3   2   0   4   3   4  1.84 0.69
  275 P   -1  0 -1 -2 -1  1 -1 -4 -1 -2 -2  0 -1  0  6 -3 -1 -6 -2 -2    5   5   3   2   1   7   4   1   2   3   3   5   1   4  43   2   4   0   2   3  0.83 0.44
  276 R   -3  6 -2 -5 -1  0 -2 -5  1 -2 -3  2 -1 -2 -3 -2  0  0 -2  0    2  48   2   0   2   3   2   0   3   2   2   9   1   2   2   3   6   1   1   7  0.90 0.45
  277 M   -2 -7 -7 -8  1 -6 -7 -8 -6  5  3 -6  7  1 -7 -6 -5 -6  1 -1    3   0   0   0   3   0   0   0   0  28  22   0  31   4   0   0   0   0   5   3  1.41 0.60
  278 T   -1  0 -1  0 -1 -1 -2 -1 -4 -4 -3  1 -4 -5  2  3  5 -5 -5 -4    4   4   2   5   1   2   2   4   0   0   1   9   0   0   9  22  35   0   0   0  0.61 0.38
  279 Y   -6 -6 -2 -7 -6 -6 -6 -7  1 -2 -3 -6  0  4 -7 -6 -6  5  9 -3    0   0   2   0   0   0   0   0   3   2   2   0   2  16   0   0   0   7  64   2  2.19 0.77
  280 K    1  1  1  2 -2  2  2 -3  3 -3 -3  1 -1 -2 -2 -1 -1  2 -1 -3   16   8   6  14   1   8  12   1   6   1   2  10   1   1   1   3   3   3   2   1  0.27 0.23
  281 E   -3 -1 -1  4 -1  1  6 -3  0 -3 -4 -2 -5 -6 -5 -4 -2  1 -1 -3    2   2   2  19   2   6  49   2   2   1   1   2   0   0   0   0   2   2   3   2  1.00 0.54
  282 A    6 -5 -5 -6  3 -5 -5 -1 -6 -1 -5 -5  1 -6 -5  1 -1 -6 -6  0   64   0   0   0   6   0   0   3   0   4   0   0   3   0   0  11   4   0   0   6  1.20 0.61
  283 M   -2 -1 -6 -1 -6  0 -1 -7 -6  2  1 -1  8  0 -7 -5 -1  3  0 -1    4   4   0   4   0   4   4   0   0  10  11   4  36   4   0   0   5   4   4   4  0.98 0.55
  284 R    1  2  0  1  1  0  1 -1  0 -1  0  0  0 -1 -3  0 -1  2  0 -1   12  13   5   7   3   3  10   3   3   3   9   4   3   3   0   8   3   3   3   3  0.10 0.12
  285 R   -3  5  0 -2 -1  0 -1 -3 -1 -2  0  3  0 -1 -5 -1  0  3  1 -3    2  29   4   3   1   3   3   1   2   3  10  16   2   2   0   4   7   3   4   2  0.46 0.29
  286 Y   -7 -7 -7 -7 -7 -6 -7 -7  2 -6 -6 -7 -6  4 -7 -6 -1  4  9 -6    0   0   0   0   0   0   0   0   5   0   0   0   0  16   0   0   5   4  67   0  2.67 0.93
  287 G   -1 -5 -1 -4  1 -5 -5  7  0 -6 -6 -1 -5 -6 -5 -1 -5 -6 -6 -6    3   0   3   0   3   0   0  77   3   0   1   3   0   0   0   4   0   0   0   0  1.76 0.61
  288 S    0 -3  0 -4  1 -4 -3 -3 -1  1 -3 -2 -4 -5 -5  5  3 -6 -2 -1    6   1   3   0   3   0   1   1   1   7   1   1   0   0   0  47  20   0   1   3  0.82 0.48
  289 D   -6 -6 -3  8 -8 -4  0 -6 -5 -8 -8 -5 -7 -8 -6 -1 -5 -9 -7 -7    0   0   0  90   0   0   5   0   0   0   0   0   0   0   0   5   0   0   0   0  2.58 0.79
  290 K   -1  2 -1 -4 -2 -1 -2 -5 -2 -6 -4  7 -4 -6 -4 -2 -3 -6 -5 -5    5  10   2   0   1   1   0   0   1   0   2  76   0   0   0   1   1   0   0   0  1.50 0.50
  291 P   -5 -6 -6 -5 -7 -5 -5 -6 -6 -7 -7 -5 -7 -8  9 -5 -5 -8 -7 -6    0   0   0   0   0   0   0   0   0   0   0   0   0   0 100   0   0   0   0   0  3.33 0.80
  292 D   -3 -5 -1  8 -7 -4 -1 -5 -5 -7 -5 -4 -6 -7 -5 -4 -5 -8 -7 -7    2   0   2  92   0   0   2   0   0   0   2   0   0   0   0   0   0   0   0   0  2.35 0.65
  293 T   -3 -2 -4 -5 -2 -3 -4 -5 -4  1  5 -4  2 -1 -3 -3  3 -4 -2  0    1   2   0   0   1   1   1   0   0   7  56   0   5   1   1   0  20   0   1   4  0.76 0.32
  294 R   -1  1 -1 -2  3  1 -1  1  3  0 -2 -1 -1 -2 -2  1  1 -2 -1 -1    1  12   0   1  11  12   1  12  11  12   1   1   0   0   1  12  12   0   0   1  0.15 0.10
  295 F   -2 -1  1 -2  1 -3 -2 -4  0  2 -1 -2  0  5  1 -1 -1  2  3  0    2   4   7   2   4   0   2   1   2  14   3   3   2  25   6   5   2   3   9   5  0.32 0.24
  296 E   -1  1  0  2  0  0  1  2  0 -3 -2  1  0 -2  3  0 -1 -4 -3 -3    5   8   4  11   2   3   8  16   2   0   3   7   3   2  15   7   3   0   0   0  0.26 0.18
  297 M   -3 -3  0 -3  0 -3 -3 -2 -2  1  4  0  6  0 -2 -2 -2  2 -1 -2    2   1   4   2   2   1   2   3   1   7  32   5  19   4   2   3   2   2   2   2  0.62 0.43
  298 E   -2  1 -1 -2 -1  1  4 -4  0 -2 -2  3 -1 -1  0 -2 -1 -6 -1 -2    4   6   3   2   2   5  30   1   2   3   4  17   1   3   5   3   4   0   2   4  0.46 0.40
  299 L   -3 -6 -3 -1 -6 -2 -3 -7  0  5  3 -4  3  3 -3 -4 -3  0 -2 -2    2   0   2   4   0   2   2   0   2  33  25   1   6  11   2   2   2   1   2   2  0.86 0.52
  300 I   -1  0  0 -2  0  2  0 -3  4  1 -1  2 -1  0 -1 -1  0  0  0  1    4   5   4   2   2   8   6   2   9   8   4  11   1   4   3   3   7   1   4  12  0.14 0.18
  301 D   -2 -1  4  6 -1 -1  1 -3 -1 -3 -5 -2 -2 -6 -1 -1 -1 -1 -3 -3    3   4  16  39   2   3   9   2   1   2   2   2   1   0   3   4   3   1   1   2  0.86 0.57
  302 V   -1 -6 -3 -6  1 -2 -3 -3 -6  4  3 -4  0  0 -6 -5 -2  1 -2  4    4   0   2   0   3   2   2   2   0  20  28   1   2   4   0   0   2   2   1  23  0.72 0.45
  303 S   -2 -2  1  0 -1 -3 -1 -1 -2 -4 -2  0 -1  0 -1  3  5  0 -5 -4    3   2   6   6   1   1   4   5   1   1   3   5   1   4   3  20  32   1   0   1  0.55 0.46
  304 Q    1 -1  0  4 -3 -1  4 -2  2 -5 -4 -1 -2 -3 -1  0 -2 -1 -1 -4   10   3   4  24   1   2  22   3   4   0   2   3   1   1   4   8   2   1   3   1  0.53 0.41
  305 L   -1 -2 -3 -3  0 -1 -2 -4  1  3  2 -2  0  3 -3 -2 -2  2  2  1    6   2   1   2   2   3   3   1   4  17  18   2   2  12   1   3   2   3   6   9  0.30 0.22
  306 G    1 -1 -3 -4  2 -3 -2 -3 -2 -1  2 -3  1  5 -1 -3 -1 -2 -2  2   10   3   1   1   4   1   3   3   1   3  15   1   3  24   3   2   3   1   1  14  0.46 0.32
  307 R    1  2 -1  0 -2  1  0 -2 -1 -2 -3  3 -2 -3  2  0  0  4 -2 -2   11  10   3   5   1   7   7   3   1   3   2  15   1   1   9   6   5   6   2   4  0.25 0.23
  308 D   -1  0  2  3 -3  0  1  2  0 -1 -3  0 -1 -1  0  0 -1 -4 -1 -1    4   4  10  14   1   4   8  15   2   4   2   7   2   3   4   5   4   0   2   6  0.17 0.16
  309 M   -2 -1  0 -1  4 -1 -1 -2  0 -1 -1 -2 -2 -3 -1  3  3 -2 -2  0    3   4   4   4   7   3   5   4   2   4   5   3   1   1   3  23  16   1   1   7  0.31 0.29
  310 D   -1 -3  1  3 -2 -1  2  2 -1 -2 -1  0 -1 -1 -1  0 -1 -1 -2 -2    4   1   7  17   1   3  15  15   2   2   6   5   1   3   3   6   4   1   2   2  0.26 0.23
  311 F   -2 -3 -1 -3 -6 -3 -3 -4  1  0 -1 -1  0  7 -2 -2 -2  1 -1 -1    4   2   3   2   0   2   2   2   3   5   6   4   2  46   2   3   3   2   2   5  1.09 0.58
  312 K    0  1  2  0 -2  1  0  0  0 -3 -2  3 -1 -2  2  0  0 -4 -2 -3    6   7   8   4   1   6   7   8   2   2   4  18   1   2   9   8   5   0   1   1  0.21 0.20
  313 V   -1 -3 -4 -5 -3 -3 -2 -4 -2  3  0 -2  3  2  0 -2 -2 -2 -2  4    6   1   1   0   1   1   2   2   1  13  10   3   6   9   5   3   2   1   2  32  0.56 0.36
  314 F   -4 -3 -2 -3 -6 -4 -4 -1 -4  1  2 -4 -1  7 -4 -3 -4 -1 -2 -1    2   2   2   2   0   1   2   5   1   8  16   1   2  46   1   3   1   1   1   4  1.20 0.64
  315 K    1  1  0  0 -3  1  1 -3 -2 -3 -3  3  2 -2  0  1  0 -5 -4 -3   11   7   4   4   1   7   9   1   1   1   3  19   5   2   5  12   6   0   0   2  0.30 0.29
  316 D    0 -1  2  2 -3  0  1  0  1  0 -3  1 -1 -3 -1  2 -1 -5 -3 -3    6   4  10  12   1   5  11   7   3   7   2   7   1   1   3  13   3   0   1   2  0.20 0.21
  317 T    3 -3  0 -1 -1 -1 -2 -2 -2  1  0 -2 -2 -2 -1  1  2 -1 -2  1   22   1   4   4   1   2   3   3   1   8  10   3   1   1   3   9  12   1   1  10  0.20 0.22
  318 V    0 -2  0  0  0 -1  0 -3  2  1  1  0  0 -1  0  0 -1 -3  0  1    7   2   5   6   2   2   7   2   5   9  14   7   2   3   5   6   3   0   3  10  0.06 0.09
  319 E    0 -1  0  2 -1  1  2 -2 -1 -1 -1  1  0  0 -1  0 -1 -2  0 -2    9   3   5  12   1   5  12   3   1   4   8   9   2   4   3   7   4   1   3   3  0.10 0.12
  320 N    1  0  2  1 -2  1  2 -1  0 -3 -3  1 -1 -2  2  1 -1 -4 -1 -2   10   5  10   7   1   5  12   4   2   1   2   9   1   2  10  11   3   0   2   3  0.21 0.20
  321 D   -1  0  0  0  2  0  0 -1  2  0 -1  0  2  1  0 -1  0  4  1 -1    5   5   5   5   5   5   5   5   5   5   5   5   5   5   5   5   5   5   5   5  0.09 0.08
  322 G   -1 -3  0  0  0 -2 -1  4 -1  0 -3  0  0  0  1 -1 -2  3 -1 -1    5   2   5   5   2   2   5  26   2   5   3   6   2   5   7   6   3   3   2   5  0.27 0.21
  323 E    0  1 -2 -2  0  0  1 -2  0  1 -1  1  0 -1 -2  0  1  1 -2  2    7   9   2   2   2   4   9   3   2   8   6   7   2   2   2   7   8   2   2  12  0.09 0.10
  324 I    0 -3 -3 -8  2 -8 -8 -4 -1  4 -1 -3  1 -1 -2 -3 -2  1 -2  5    7   2   2   0   3   0   0   2   2  21   6   2   3   3   2   2   3   2   2  34  0.90 0.49
  325 K   -1  3 -1 -1  2 -1  0 -2 -1  0 -3  4 -1  1 -3 -2 -3  1  1  0    5  15   3   3   4   3   7   4   2   5   3  20   2   5   1   3   2   2   5   6  0.34 0.25
  326 A    5 -3 -4 -3  3 -2 -5  2  0 -2 -2 -1  1 -2 -7 -1 -4 -1 -2  1   35   2   1   2   6   2   1  15   2   2   5   4   3   2   0   5   1   1   1   8  0.63 0.42
  327 I   -3 -5 -1 -3  0 -4 -4 -4 -1  5  3 -4  2  3 -4 -3 -3 -8 -2  0    3   1   3   2   2   1   2   2   2  29  24   1   4  11   1   2   2   0   2   7  0.80 0.43
  328 V   -1  2  1 -3  5 -1 -3 -6  1  1 -1  1 -1 -1  0 -2 -1  0 -1  3    4  10   7   1  10   3   1   0   4   7   7   7   2   2   6   3   3   1   2  19  0.31 0.27
  329 A    2 -5 -3 -2  2 -2 -3 -4 -1  2  1 -3  1  1 -1 -1 -2 -2 -2  3   15   0   1   3   5   2   2   1   2  13  11   2   3   7   4   5   2   1   1  22  0.36 0.28
  330 K   -4 -1 -1 -1 -7 -2  1 -4 -2 -1 -3  3 -6 -3  6 -2 -2 -7 -2 -2    2   4   3   4   0   2   8   2   1   4   3  18   0   1  35   4   3   0   2   4  0.83 0.58
  331 G   -1 -1  2  1 -5  1 -1  4 -1 -3 -4  1 -3 -1  0 -1 -2 -1 -3 -3    6   3  11   8   0   5   3  28   2   1   2  10   1   3   5   5   2   1   1   2  0.40 0.32
  332 A    1 -2 -2 -1  2 -1  1  3 -2 -1 -1  0 -2 -1 -1 -1 -1 -1 -2  0   13   2   2   4   4   3   9  24   1   4   6   5   1   3   4   4   3   1   2   7  0.21 0.19
  333 A    3 -2  0 -1  0 -1 -1  2  0 -2 -2 -1 -2 -2 -1  1  0 -5 -2 -2   29   2   4   4   2   2   3  13   2   3   4   4   1   2   3  11   5   0   1   3  0.27 0.26
  334 E    0  1  1  1 -1  0  2  0 -1 -3 -3  2 -2 -2  0  1 -2 -2 -2 -3    9   9   7   9   2   3  14   8   2   1   3  10   1   2   5   9   2   1   1   2  0.19 0.18
  335 Q    0  0  1 -1 -2  1  1 -1  1 -1 -1  2  0 -1 -2  1  0 -2  1 -2    7   6   6   3   1   6  10   4   4   4   7  15   3   2   2  10   5   1   4   2  0.13 0.14
  336 Y   -2 -2 -3 -2 -1 -3 -3 -3 -1  1  3 -2  2  4 -2  0 -2  1  1 -1    4   2   2   3   2   1   2   3   2   8  24   3   4  17   3   7   2   2   5   5  0.39 0.26
  337 T   -2  1  1 -2 -1 -2 -3 -3 -1 -1 -2  0 -1 -1  0  3  2  0 -2  0    4   7   6   3   1   2   2   2   2   4   4   6   2   3   6  23  12   1   2   6  0.27 0.28
  338 R   -4  5  1 -1  0  0  0 -2  0 -1 -4  2 -1 -3 -2  1 -1  1 -2 -2    2  30   6   4   2   4   5   4   2   3   2  12   2   1   3   9   3   2   1   3  0.55 0.40
  339 K   -1  1  1  1  0  0 -1  0  0 -3 -3  5 -1 -2 -3  1 -1 -8 -2 -3    6   6   6   7   2   4   4   7   2   2   3  29   2   2   2   9   4   0   2   3  0.43 0.33
  340 D   -2  0 -1  2 -7  2  2 -4  0 -1 -2  1 -1  4 -1 -1 -3  2 -2  0    4   5   3  10   0  10  12   1   2   4   5   7   1  16   3   4   2   3   2   6  0.33 0.27
  341 M   -3 -1 -3 -2 -1 -1 -2 -3 -1  4  3 -1  4  1 -2 -4 -3  2  1 -1    3   3   2   3   1   3   3   2   1  19  23   5   9   6   2   2   2   3   4   4  0.46 0.29
  342 D   -2 -2  1  6 -2  0  2 -3 -3 -4 -5  3  0 -2 -8 -1 -2 -9 -8 -5    4   2   7  34   1   4  13   2   1   1   2  16   2   2   0   5   3   0   0   1  0.93 0.59
  343 A    0  1  2  0 -7  0  2 -2 -1 -1 -3  2 -2 -3 -2  1 -1 -7  0 -1    7   8   9   5   0   4  15   3   2   4   3  12   1   1   2  10   4   0   3   4  0.23 0.23
  344 L   -3 -2 -1 -3  0 -2 -2 -3 -1  2  4 -1  2  2 -1 -4 -2  4  3 -3    3   3   3   2   2   2   3   3   2   9  30   4   4   7   4   2   2   5   8   2  0.48 0.31
  345 T    0 -1  2 -1  0  0  2 -2 -2  0 -2  1  0 -2  0 -1  3  0 -2 -1    7   4   8   3   2   4  14   4   1   5   4   7   2   2   4   5  15   1   2   5  0.17 0.18
  346 E    0 -1  0  2 -3  1  4 -2  0 -2 -3  2 -3 -1 -3  0 -2 -8 -1 -2    9   3   5  11   1   6  23   3   2   2   3  11   1   3   2   7   3   0   2   3  0.36 0.30
  347 F   -1 -2 -3 -2 -3 -2  0 -5  0  2  2 -2  0  5 -4 -3 -1  4  3  0    5   2   2   3   1   2   6   1   2   9  17   3   2  18   1   2   5   4   8   6  0.45 0.28
  348 V    4 -3 -1 -2 -1 -2 -1 -2 -3  0  0 -1 -2  0 -2  0 -2 -7 -2  3   32   2   3   3   1   2   4   3   1   5   8   4   1   4   3   6   2   0   1  16  0.44 0.32
  349 N   -2  2  2 -2 -8  2  0 -2 -1 -3 -3  5 -2 -1 -3  0 -1 -8 -2 -3    3   9   9   2   0   8   5   4   2   2   3  30   1   3   2   6   5   0   2   2  0.56 0.41
  350 I   -1  1  1  0  0  2  2 -2  1  0 -2  2 -2 -3  0  1  0 -3 -2 -2    5   7   7   5   2   8  12   3   3   5   4  13   1   1   4   9   5   0   1   3  0.16 0.18
  351 Y   -1 -2  2 -1 -2  1  0 -3  3 -1 -1 -1  0  3 -1  0 -2  0  4 -2    6   3   9   4   1   6   7   2   6   4   7   4   2  11   4   6   2   1  14   2  0.25 0.23
  352 G   -4 -3  2  0 -7 -1 -2  5  0 -3 -5  0 -4  1  0 -1 -3 -7 -3 -3    1   2   8   5   0   3   3  46   2   2   1   6   1   5   6   6   2   0   1   2  0.86 0.55
  353 A    4 -2  0 -1 -2  0 -2  1 -2 -1 -1  0  0 -2  0 -1 -3 -6 -2 -1   34   2   4   4   1   5   3   9   1   3   7   6   2   2   4   5   2   0   2   5  0.34 0.30
  354 K   -1  1  1 -1 -1  1  0  1  0 -4 -4  5 -1 -4  0 -1 -1 -7 -3 -3    6   7   6   3   2   5   5   9   2   1   1  33   2   1   6   4   3   0   1   2  0.54 0.40
  355 G   -2 -2  1 -2 -7 -1 -2  6 -3 -2 -3  1 -3 -2 -1 -3 -3 -7 -2 -1    4   3   5   3   0   3   3  48   1   3   3   7   1   2   4   2   2   0   2   5  0.80 0.51
  356 L   -3 -4 -4 -7 -3  0 -4 -6 -4  1  5 -4  1  2  0 -3 -4 -6 -2  2    3   1   1   0   1   4   1   1   0   8  46   1   3   8   4   2   1   0   2  12  0.84 0.53
  357 A    3 -4 -1 -2 -2 -3 -2  0 -1  2 -1 -3 -1  0  1  0  0 -5 -2  2   24   1   3   2   1   1   2   6   1   9   6   1   2   5   7   8   5   0   2  14  0.26 0.25
  358 W   -2 -3 -4 -3 -1 -3 -5 -2  1  0 -1 -3 -2  3 -3 -1 -2  8  5  1    3   2   1   2   1   1   1   3   3   5   6   2   1  12   2   5   3  22  16  10  0.94 0.57
  359 V   -1 -4 -4 -4 -1 -4 -5 -4 -1  5  2 -4  2  3 -3 -2 -1 -2 -2  3    5   1   1   1   2   1   1   2   2  27  16   1   5   9   2   3   5   1   1  16  0.64 0.38
  360 K   -1  2 -2 -3 -1  0 -3 -4  1  0 -1  5 -3  0 -3 -1 -1 -1 -2  0    6  11   2   1   2   4   2   1   4   6   5  32   1   4   2   6   3   1   1   7  0.51 0.38
  361 V   -1  1 -1  0  2 -2 -3 -3 -1  2  0 -1  0  2 -2 -2 -2  2  1  3    4   7   4   7   4   2   1   2   2  13   7   4   2   7   2   3   2   2   5  20  0.25 0.19
  362 V   -1  0  1  1 -1 -1  1  0 -1 -2 -2  1 -2 -1 -1  1  1 -5  0 -2    5   5   7   8   1   2   9   8   2   2   5  10   1   2   3  10  11   0   3   3  0.12 0.15
  363 E   -1 -2  2  3 -7 -1  4  0 -4 -3 -4  0 -2 -5  1  1 -3 -8 -5 -4    6   2   9  14   0   3  23   7   0   2   2   6   1   1   8  10   2   0   0   1  0.50 0.42
  364 D   -2 -1  2  5 -4  1  2  2 -2 -4 -2  0 -6 -3 -2 -1 -2 -7 -4 -4    4   3  11  25   0   5  11  15   1   1   5   6   0   1   2   5   2   0   1   1  0.54 0.41
  365 G   -2 -2  2 -1 -2  0  1  4 -2 -3 -3  0 -2 -4  0  0 -1  0 -2 -3    3   2   8   4   1   4  11  28   1   2   3   7   1   1   5   7   5   2   2   2  0.36 0.31
  366 L   -2 -1 -4 -4 -2 -4 -2 -2 -2  2  3 -2  0  2  0 -3 -3  7 -1  1    3   3   1   1   1   1   3   3   1  10  27   3   2   9   5   2   2  12   2   8  0.57 0.37
  367 T   -2  1  1 -1 -2  2  1 -2 -1 -1 -4  4 -2 -1  0  1  1 -2 -3 -2    4   7   6   3   1   7   8   3   1   4   2  20   1   2   4  10   9   1   1   3  0.29 0.25
  368 G   -3 -5 -1 -3 -1 -2 -1  4  0 -5 -2 -1 -5 -4 -6  5 -1 -3 -5 -6    2   1   3   2   1   2   5  28   2   1   5   4   0   1   1  36   4   0   1   1  0.93 0.61
  369 P   -2 -2  1 -5 -7  0 -5  1 -3 -5 -2 -1 -7 -1  5  3 -2  2 -4 -4    4   2   6   1   0   4   1  10   1   1   5   4   0   3  30  20   3   3   1   2  0.77 0.55
  370 I   -1 -4 -2 -3 -4 -3 -5 -2 -6  5  2 -4  2  2 -4 -1 -3 -1 -4  1    5   1   2   2   0   1   1   4   0  29  21   1   4   9   1   5   2   1   1  10  0.68 0.39
  371 G    3 -3  1  0 -4 -3 -1  0 -3 -2 -1  1 -2 -1 -2  2 -1 -2 -3  0   24   2   6   5   0   2   4   8   1   3   6   8   1   3   3  16   4   1   1   6  0.28 0.24
  372 R   -1  1  0 -2 -8 -1 -1 -2 -1 -4 -2  7 -3 -1 -4  0 -6 -8 -3 -5    5   6   5   2   0   3   5   4   2   1   4  49   1   2   1   6   1   0   1   1  1.08 0.65
  373 F   -3 -6  2 -2  0 -1 -2 -2  2 -1  0  0 -1  6 -3 -2 -1  3  1 -3    3   1   9   2   2   3   3   4   4   4   9   5   1  32   2   3   4   3   4   2  0.72 0.42
  374 F   -4 -6 -4 -4 -1 -5 -3 -5  0  2  4 -3  0  5 -3 -3 -4 -4  0 -2    2   1   1   1   1   1   2   1   2  11  37   2   2  23   2   3   2   0   3   3  0.97 0.53
  375 E   -2 -3  2  1 -5 -1  1  1 -3 -4 -6  0 -3 -3  1  4  2 -8 -1 -4    3   2   8   7   0   3   8  11   1   1   1   7   1   1   7  25  10   0   2   2  0.45 0.38
  376 T    0 -3  0  2 -1  0  4 -2  1 -2 -3 -1 -2  0  3  0 -1 -7 -3 -2    7   1   4  12   1   5  22   4   3   3   3   3   1   3  12   6   4   0   1   3  0.36 0.32
  377 E   -1 -3  0  3 -7  0  5 -1  0 -2 -4  0 -3 -2 -2  0 -1 -4 -5 -2    6   2   5  14   0   4  31   5   2   2   2   5   1   2   2   8   5   0   0   4  0.54 0.42
  378 N    0 -1  0  1 -1  1  3 -2 -1  0  0 -1 -1 -1 -4  0  0 -2 -3  0    9   3   5   8   2   6  19   3   1   6   8   4   2   3   1   6   6   1   1   8  0.17 0.18
  379 V    0  0 -3 -3  0  1 -3 -2 -1  2  2  1  1 -1 -1 -2  0 -4 -1  1    9   5   1   2   2   7   1   3   1  11  18  10   3   3   4   2   6   0   2   9  0.19 0.17
  380 E    1 -1  2  2 -4  2  3 -2 -3 -4 -2  2 -3 -2 -3  0 -1 -7 -3 -3   13   4   8  10   1   8  20   3   1   1   5  11   1   2   1   6   4   0   1   2  0.36 0.32
  381 T    2  0  0  0 -1  3  2 -1  1 -2 -3  2 -4 -5 -4  0 -2 -3 -2 -4   17   5   5   6   1  12  13   4   3   2   4  13   1   1   1   6   3   0   1   1  0.36 0.31
  382 L   -5 -6 -5 -6 -7 -8 -6 -7 -3  5  5 -5  2  0 -8 -8 -3 -1 -4  1    1   1   1   1   0   0   1   1   1  27  43   1   5   4   0   0   2   1   1  10  1.33 0.69
  383 L    1  1  1 -2 -2 -1 -1 -3 -2  2  1  0  0 -1 -4  0  0  0 -2  1   12   7   8   2   1   3   4   1   1  13  13   7   2   3   1   6   5   1   2   8  0.15 0.14
  384 T    1  0  0  1 -4  2  4 -2 -2 -5 -5  3 -4 -4 -6  2 -1 -7 -4 -5   10   5   4   8   0   8  23   4   1   1   1  14   1   1   0  12   5   0   1   1  0.55 0.43
  385 L    1  3 -1 -2 -3  0  1 -2  0  0  0  2 -1 -1 -4  0  0 -2 -1 -2   12  13   3   2   1   4   9   3   2   5  10  13   1   2   1   7   5   1   3   3  0.19 0.17
  386 T    0 -6  0 -6  2 -3 -4 -4 -2 -2  4 -2  3  3 -4 -2  2 -2 -1  0    7   0   4   0   4   1   2   2   1   2  35   3   5   9   1   3  10   1   2   6  0.61 0.38
  387 G   -2 -3  3  2 -2  2  2  4 -1 -5 -5  1 -8 -5 -4  1 -4 -2 -4 -6    3   2  12  10   1   7  11  28   1   1   2   7   0   1   1   9   1   1   1   1  0.66 0.46
  388 A    4 -5 -3 -4  0 -6 -5 -2 -3  2  3 -4  1 -1 -1 -4 -3 -7 -4  1   32   1   1   1   2   0   1   3   1  11  23   1   3   3   4   1   1   0   1  10  0.69 0.46
  389 E   -1  0  2 -2 -6  3  4 -1 -1 -4 -7  4 -4 -7 -5  0 -1 -8 -3 -3    5   4   9   3   0  12  22   5   2   1   0  22   0   0   1   6   4   0   1   3  0.68 0.51
  390 A    0 -3  1  4 -6  0  3 -3 -1 -1 -6  0 -3 -6  4 -1 -2 -8 -6 -1    7   1   7  18   0   3  15   2   2   4   1   7   1   0  21   5   3   0   0   4  0.61 0.48
  391 G   -6 -5  3  0 -5 -5 -2  7 -1 -10 -10 -3 -5 -7 -5 -4 -7 -5 -5 -10    1   1  11   6   0   1   3  70   2   0   0   2   0   0   1   2   0   0   1   0  1.95 1.05
  392 D   -4 -5 -3  8 -2 -6 -2 -5 -2 -9 -8 -6 -9 -5 -9 -2 -1 -10 -6 -9    2   1   1  79   1   0   3   1   1   0   0   1   0   1   0   4   4   0   0   0  2.50 1.28
  393 L    0 -5 -7 -6 -1 -4 -6 -3 -4  3  4 -7  1 -1 -7 -3  0 -2  0  2    7   1   0   0   2   1   1   2   1  16  40   0   3   3   0   2   6   1   3  12  0.83 0.50
  394 V   -2 -8 -8 -8  0 -8 -8 -6 -8  5  4 -8  0 -1 -8 -6 -5 -2 -4  4    4   0   0   0   2   0   0   1   0  25  33   0   2   3   0   0   1   1   1  27  1.30 0.69
  395 M   -4 -8 -8 -8  1 -8 -8 -7 -7  2  4 -8 -1  6 -8 -7 -6  2 -2  3    2   0   0   0   3   0   0   0   0  10  33   0   1  26   0   0   0   3   1  18  1.30 0.68
  396 F   -3 -6 -8 -8 -3 -8 -8 -6 -8  4  3 -8  2  6 -8 -6 -4 -2 -2  2    2   0   0   0   1   0   0   1   0  21  24   0   4  30   0   1   1   1   1  12  1.33 0.68
  397 V    3 -6 -3 -6  3  2 -5  1 -2  1 -2 -4 -2 -2 -6  1 -1 -7 -4  3   20   0   1   0   6  10   0   9   1   8   5   1   1   2   0  10   4   0   1  21  0.55 0.41
  398 A    5 -3 -3 -5  1 -5 -3 -2  1  0 -3 -3 -4 -1 -5  1 -2  3 -2 -1   50   2   1   1   2   0   2   3   3   6   3   2   0   3   0   9   3   4   2   5  0.90 0.60
  399 D   -3  3 -2  5 -6 -5 -3  6 -4 -8 -8 -3 -8 -6 -6 -3 -5 -8 -8 -8    2  15   2  26   0   1   2  46   1   0   0   1   0   1   1   2   1   0   0   0  1.48 0.83
  400 K   -2  1  0  2 -5  1  3 -4  1 -6 -4  3 -4 -6  3  0 -1 -7 -4 -4    3   8   4  10   0   6  16   1   3   0   2  17   0   0  13   8   5   0   1   1  0.54 0.43
  401 P    0  2  1  0 -3 -1  1 -3  1 -3 -3  3 -3 -1  2 -1 -1  3  2 -4    7   9   6   6   0   2   9   2   3   1   3  18   1   3  11   4   4   3   7   1  0.32 0.29
  402 N    0  1  1  1 -3  0  2 -3  1 -3 -2  3 -1 -2  0  1 -1 -6  0 -4    9   8   6   7   1   4  16   2   3   2   4  15   2   1   5  10   3   0   3   1  0.26 0.26
  403 V   -1  0  0  0 -2  0  1  0  0  1 -1  1 -1 -1 -1  0  1 -2  0  1    4   4   5   4   1   4   8   7   2   7   6  11   2   2   3   6   8   0   3  12  0.04 0.07
  404 V    3 -7 -3 -5 -1 -6 -5  1 -7  0 -1 -5 -2 -1 -2  0  2 -7 -4  4   20   0   1   1   1   0   1  10   0   5   5   0   1   3   2   7  11   0   0  31  0.65 0.46
  405 A    0  0  3 -4  3  1 -2 -5  1 -4  2 -3 -2 -2 -2  3 -2  1  1 -3    7   5  14   0   6   7   2   0   4   1  16   1   1   2   2  20   2   2   5   2  0.43 0.38
  406 Q   -1  0 -1  0 -7  1  2 -4 -2 -4 -4  3 -2 -6  0 -1  5 -1 -4 -4    6   4   3   5   0   6  12   1   1   1   2  14   1   0   6   4  29   1   1   1  0.59 0.48
  407 S    3 -3 -4 -4  0 -2 -4 -2 -4  1  1 -1  0  1  1  1  1 -4 -2  1   21   1   1   1   2   2   1   3   0   8  11   5   2   5   7   9   9   0   1  11  0.26 0.25
  408 L   -1 -7 -10 -10 -2 -7 -9 -8 -9  0  6 -9  5 -3 -9 -5 -7 -9 -6 -4    6   0   0   0   1   0   0   0   0   5  71   0  12   1   0   1   0   0   0   1  1.91 0.99
  409 G   -3 -7 -2 -1 -5 -7 -9  7 -3 -11 -8 -8 -5 -6 -9 -1 -7 -10 -7 -9    3   0   2   4   0   0   0  83   1   0   0   0   0   1   0   4   0   0   0   0  2.40 1.21
  410 A    2  4  1  0 -5  1  0 -3  0 -4 -2  3 -1 -3 -5 -1 -2 -4 -2 -3   16  22   6   5   0   6   6   2   2   1   4  16   1   1   0   4   2   0   1   2  0.49 0.38
  411 L   -2 -8 -9 -9 -2 -3 -9 -9 -9  3  5 -6  0  0 -9 -8 -3 -4 -5  2    4   0   0   0   1   1   0   0   0  16  54   0   2   4   0   0   2   0   0  15  1.38 0.73
  412 R    0  1  1  1 -2  0  1 -2  2  0  0  1  1 -1 -2  0 -1 -2  1 -1    8   8   8   8   0   0   8   1   8   8   8   8   8   0   0   8   0   0   8   0  0.09 0.12
  413 V   -1  1  0 -1  0  1  0  0  0  0  0  1  0 -3  1  0  0 -3 -2  0    4  10   5   3   3   8   7   7   3   6   8   9   3   0   7   7   4   0   0   8  0.07 0.08
  414 K   -1  1 -1  1 -3  0  1 -2  3 -1  0  1  1  0 -3 -1  0  1  0 -1    5   9   3   7   0   3  11   2   9   3  11  11   5   5   0   3   5   2   3   2  0.12 0.15
  415 L   -1 -4 -2 -5  2 -2 -4 -3 -1  3  4 -3  2  1 -5 -2 -2  0  0  1    5   0   2   0   4   1   0   2   1  17  37   2   4   5   0   2   2   1   2  10  0.48 0.33
  416 A    4  0 -1 -1  0 -2 -1  2  1  0 -2 -2  0 -2 -4 -1 -2  2 -1  0   34   4   3   3   2   1   3  18   3   6   3   1   2   2   0   3   2   3   2   5  0.33 0.30
  417 K   -1  2  0  2 -5  1  2 -3  1 -2 -2  4  0 -4 -2  0 -1 -5  0 -2    3   9   4  11   0   6  11   1   3   3   3  27   2   0   2   6   3   0   3   3  0.35 0.30
  418 E    0  2  0  1 -4  1  2 -3  1 -1 -1  3  0 -2 -1 -1 -2  0 -1 -2    7  11   3  10   0   5  14   1   3   3   7  18   2   2   3   4   1   1   2   2  0.21 0.22
  419 L   -1 -1 -3 -3 -1 -1 -1 -3 -2 -1  4 -1  1  2 -3 -3 -2 -1  1  0    5   3   1   2   2   2   4   3   1   2  44   4   3   8   1   2   2   1   5   5  0.44 0.34
  420 G   -2 -1  3  1 -3  0  1  3  1 -3 -2  1 -1 -1  0 -1 -3 -5 -2 -4    2   3  13   9   1   3  10  23   3   2   4  11   2   3   4   4   1   0   1   1  0.32 0.28
  421 L   -3 -3 -2 -2 -2 -1 -2 -4 -2  1  5 -1  0 -2 -1 -2 -1  1 -2  0    2   1   3   3   1   3   3   1   1   7  49   4   2   1   3   3   4   2   2   5  0.57 0.39
  422 I   -1  1 -3 -3 -2 -1 -2 -2 -1  4  1  0  0 -1 -1 -2 -1 -2  0  1    4   8   1   2   1   2   3   3   1  24  13   7   2   2   4   3   4   1   4  10  0.23 0.20
  423 D   -1  0  1  3 -7  0  1 -1  2 -1 -3  1  0  0  2 -1 -1 -7  0 -2    5   6   7  17   0   3   7   4   4   3   4   8   3   4   9   5   4   0   3   3  0.23 0.20
  424 E   -2  0  0  1  1  0  2 -2  1 -1 -3  2  0 -1  2 -1  1  2 -1 -2    4   4   4   7   3   4  12   3   3   3   3  12   3   3  10   5   8   3   3   4  0.18 0.17
  425 T    0  0  0  0  2  0  0 -1  1  0 -1  0  1  0  0  0  0 -2  1  0    5   5   5   5   5   5   5   5   5   5   5   5   5   5   5   5   5   0   5   5  0.03 0.05
  426 K   -1  0  0  0  2  0  0 -1  1  0 -1  0  1 -2  0  0  0  3  1 -1    5   5   5   5   5   5   5   5   5   5   5   5   5   0   5   5   5   5   5   5  0.03 0.11
  427 L   -2 -2 -1 -1  0 -2 -2 -3  2  0  0 -2  0  5 -1 -1 -2  5  3 -1    3   2   3   3   2   2   2   2   6   5   9   2   3  29   3   5   2   7   8   4  0.52 0.35
  428 N    1  1  1  0  0  0  1 -2  3 -1 -1  1 -3 -2 -1  1 -1 -4 -1 -1   16   8   7   5   3   4   9   2   8   3   5   8   0   2   2   9   2   0   2   5  0.14 0.17
  429 F   -1 -5 -5 -2  1 -5 -5 -3  0  0  0 -5  0  6  2 -2 -1  3  2 -1    6   0   0   2   3   0   0   3   2   4   9   0   3  37  11   2   4   4   5   4  0.82 0.50
  430 L    1 -2 -4 -5  4 -4 -2 -4  0  0  4 -3  1 -1 -4 -2 -1 -4 -3  2   10   2   0   0  10   0   2   0   3   3  41   2   3   2   0   3   3   0   0  14  0.55 0.30
  431 W   -8 -8 -9 -9 -8 -7 -8 -8 -7 -2 -3 -8 -6  1 -9 -8 -2 12  3 -7    0   0   0   0   0   0   0   0   0   3   3   0   0   5   0   0   3  79   8   0  3.93 1.20
  432 V   -2 -6 -7 -7  3 -6 -6 -7 -7  5 -1 -6  0 -4 -6 -5 -2 -6 -1  6    2   0   0   0   5   0   0   0   0  29   4   0   2   0   0   0   2   0   2  53  1.39 0.58
  433 T   -2 -2 -1 -2 -3 -2 -1 -4  0  1  0 -2 -1 -3 -4 -2  4 -4 -1  4    1   2   3   2   0   1   5   0   2   9   6   2   1   0   0   1  34   0   2  29  0.54 0.36
  434 D   -3 -1  1  7 -6 -1  2 -2  0 -6 -6 -2 -5 -6  0 -1 -3 -6 -5 -5    1   3   5  59   0   2  12   2   2   0   0   2   0   0   5   5   1   0   0   0  1.25 0.53
  435 W   -3 -4 -7 -7 -2 -7 -7 -7 -5 -3 -3 -7 -1  9 -1 -6 -4  2  0 -5    2   1   0   0   1   0   0   0   0   1   1   0   2  83   4   0   1   3   1   0  2.38 0.84
  436 P   -5 -7 -6 -6 -7 -6 -6 -7 -6 -7 -7 -5 -7 -7  9 -5 -5 -7  1 -7    0   0   0   0   0   0   0   0   0   0   0   0   0   0  94   0   0   0   6   0  3.17 0.95
  437 L   -3 -5 -6 -6  2 -3 -3 -6 -5 -1  5 -5  7  0 -6 -4 -4 -1 -1 -1    1   0   0   0   4   1   1   0   0   1  55   0  29   3   0   1   0   1   2   1  1.22 0.50
  438 L   -4 -6 -7 -7 -6 -6 -7 -7 -5 -3  0 -6  0  9 -7 -6 -5  1  3 -2    1   0   0   0   0   0   0   0   0   0   9   0   2  78   0   0   0   1   7   2  2.17 0.64
  439 E   -3 -2 -2  0 -2 -1  6 -4 -2 -3 -2  0 -3 -3 -4 -1  1 -6 -3 -3    2   1   2   3   1   2  60   1   1   2   4   5   0   1   0   4   9   0   1   2  1.00 0.49
  440 Y   -2  2 -3 -4 -3 -1  0 -4  0 -1 -2  0 -1  1  3 -3 -2  7  4 -2    2  10   0   1   1   2   7   1   2   3   4   7   1   4  14   1   1  18  17   3  0.70 0.34
  441 D   -1 -3  4  5 -3 -2  0 -2 -1 -3 -4 -1 -3 -5 -3  1  0 -5 -4 -1    4   1  20  36   1   1   3   3   1   1   1   3   1   0   1  12   6   0   0   4  0.70 0.34
  442 E    0 -3  0  3 -5 -1  6 -3 -2 -4 -4  0 -3 -4  0 -1 -2 -5 -3 -2    7   1   3  13   0   2  48   2   1   1   1   6   1   1   4   4   2   0   1   3  0.81 0.42
  443 D   -2 -3  0  5 -6  0  5 -2 -2 -3 -4 -1 -4 -5 -3 -2 -1 -6 -4 -3    4   1   3  27   0   3  42   3   1   1   2   4   0   0   1   2   3   0   0   2  0.95 0.48
  444 A   -1 -2  1  1 -3  0  4  1 -1 -3 -2 -1 -2 -4 -1  1  2 -4 -3 -3    4   2   5   8   0   4  26  13   1   1   4   3   1   1   2  10  14   0   1   1  0.36 0.25
  445 K   -2 -1  2  0 -6  1  1  5 -2 -5 -5  2 -5 -6 -4 -1 -3 -6 -5 -5    3   2  11   6   0   5   8  43   1   1   1  14   0   0   1   4   1   0   0   1  0.81 0.41
  446 R   -1  5  0 -2 -3  1  0  1 -1 -4 -4  3 -3 -4 -3 -1 -1 -5 -3 -3    4  36   5   1   1   6   6  10   1   1   1  16   0   0   1   5   3   0   1   1  0.65 0.36
  447 Y   -5 -6 -7 -7 -6 -6 -7 -6 -3  2  3 -6 -1  3 -2 -5 -4  9  4 -1    0   0   0   0   0   0   0   1   1  12  31   0   2  10   3   0   1  25  12   3  1.41 0.59
  448 V    0 -2 -1  2  0  1  2 -3  0 -1 -3  0 -1 -2 -4  1  2 -5 -1  2    8   1   2  11   2   6  15   1   2   2   1   6   2   1   0   9  13   0   2  16  0.24 0.23
  449 A    4 -5 -5 -5 -2 -5 -5 -4 -5 -5 -6 -5 -3  2  3  4 -1 -6  0 -4   39   0   0   0   1   0   0   0   0   0   0   0   1   8  14  31   2   0   4   1  1.06 0.59
  450 A    2 -2 -1 -4  1 -2 -1 -1 -2 -1  0 -2  3 -2 -3  1  3 -5 -3  1   18   2   2   0   3   1   5   5   1   2   7   2  10   1   0  11  19   0   0  10  0.29 0.25
  451 H   -7 -4 -3 -7 -9 -3 -6 -8 11 -9 -9 -6 -3 -7 -8 -5 -5 -8 -4 -9    0   1   1   0   0   1   0   0  96   0   0   0   1   0   0   1   1   0   0   0  4.13 1.30
  452 H   -7 -6  3 -6 -9 -3 -6 -8 11 -9 -9 -6 -7 -7 -8 -4 -7 -8 -4 -9    0   0  11   0   0   1   0   0  87   0   0   0   0   0   0   1   0   0   0   0  3.75 1.18
  453 P   -3 -7 -7 -7 -8 -4 -6 -7 -7 -2 -4 -6  1 -8  9 -6 -6 -9 -8 -4    2   0   0   0   0   1   0   0   0   3   2   0   3   0  89   0   0   0   0   1  2.95 1.01
  454 F   -7 -8 -8 -9 -8 -8 -8 -8 -6 -5 -5 -8 -5 10 -9 -8 -7 -4 -2 -3    0   0   0   0   0   0   0   0   0   0   0   0   0  98   0   0   0   0   0   2  3.44 1.02
  455 T   -3 -6 -5 -6  1 -5 -5 -5 -6 -5 -6 -5 -5 -7 -6  2  8 -7 -6 -2    1   0   0   0   2   0   0   1   0   0   0   0   0   0   0  13  80   0   0   2  2.11 0.82
  456 S    4 -1 -3 -4 -2  0 -4 -2  1 -4 -1 -3  6 -5 -5  3 -3 -6 -3 -4   36   4   1   0   1   5   0   2   3   0   6   1  19   0   0  22   0   0   1   0  0.81 0.45
  457 P   -3 -7 -7 -6 -1 -6 -6 -6 -7 -4 -5 -6 -3 -4  9 -5 -6 -8 -7 -3    2   0   0   0   1   0   0   1   0   1   1   0   1   1  89   1   0   0   0   2  2.86 0.92
  458 K   -1  1  1 -2 -2  2 -2 -4  5 -1  0  3  1 -1 -4 -2 -2  2 -1  0    5   8   6   2   1   8   1   0  15   3   9  19   5   3   0   1   2   3   2   9  0.32 0.23
  459 E   -1 -3 -1  2 -4 -2  3  0 -2 -3 -2 -1 -3 -3  5 -1 -1 -2 -4 -3    4   1   2  14   0   1  18   7   1   1   4   4   1   1  28   5   4   1   0   2  0.57 0.31
  460 A   -1 -3 -2  3 -2  0  6  1 -2 -4 -5 -1 -3 -4 -4 -1 -2 -3 -4 -5    5   1   1  17   1   4  46  11   1   1   1   2   1   1   0   3   2   0   1   1  0.93 0.47
  461 D   -4 -4 -1  7 -1 -3 -1 -5  3 -5 -4 -3  0 -2 -5 -1 -1  1  0 -5    1   1   2  59   1   1   3   1   7   1   2   1   2   2   0   5   4   2   4   0  1.33 0.56
  462 I   -1 -2 -3 -3 -4 -2  0 -4 -4  4  3 -2  3 -1 -2 -3 -2  0 -1  2    6   2   1   1   0   1   8   1   0  21  28   3   7   3   2   1   1   1   2  11  0.42 0.25
  463 A    1 -3 -1  3 -4  0  3 -2  4 -4 -5  0 -5 -5  3 -1 -3 -3 -4 -3   10   1   2  19   0   3  21   3  10   1   1   7   0   0  13   5   1   0   0   2  0.59 0.34
  464 K   -2 -1 -2 -1 -3 -1 -1 -5 -1 -1  4  2  1  1 -5 -3 -1 -2  2 -2    3   4   2   4   0   2   4   1   1   3  42  12   3   4   0   2   3   1   7   1  0.45 0.28
  465 L   -3 -4 -2 -3 -4 -4 -2 -6 -4  2  5 -4  2  2 -5 -4 -3  0 -1 -1    2   1   2   1   0   1   3   1   0   9  58   1   5   8   0   1   1   1   2   4  0.96 0.43
  466 G   -2 -2  0  3 -5  0  4 -1 -1 -2 -2  1 -4  0 -3 -1 -1 -2  1 -3    4   2   4  18   0   4  26   6   1   2   5   8   0   4   1   5   3   0   5   1  0.39 0.26
  467 T   -1 -2 -1  0 -3  0  0 -2 -1 -5 -4  3 -2 -5 -3  3  5 -4 -4 -4    4   2   3   6   0   5   6   2   1   0   1  16   1   0   1  19  31   0   0   1  0.64 0.40
  468 A   -1 -2  4  6 -7  0  2 -3  0 -6 -6 -1 -6 -5 -4 -2 -4 -7 -4 -6    4   2  16  47   0   3  13   2   2   0   1   3   0   0   1   3   1   0   1   0  1.21 0.56
  469 P   -5 -4 -6 -4 -3 -4 -3 -7 -7 -1  0 -2 -3 -5  8 -5 -4 -2 -2 -4    1   1   0   1   1   1   2   0   0   3  10   3   1   1  71   1   1   1   2   1  2.08 0.86
  470 E    0 -3 -3 -2 -3 -2  2  2 -2 -3  3 -1 -1 -2 -4 -1 -1 -2 -1 -3    8   1   1   2   0   1  16  18   1   1  30   4   1   1   0   5   4   1   2   1  0.36 0.28
  471 E    0  1  0  2 -5  2  2 -4 -2 -5 -5  5 -3 -5 -4  1  0 -3 -5 -5    8   7   5   9   0   7  12   1   1   1   1  31   0   0   1   9   5   0   0   0  0.62 0.37
  472 A    2 -7 -7 -7  1 -6 -5 -7 -7  4 -1 -7  1 -4 -7 -4 -3 -4 -6  5   18   0   0   0   3   0   1   0   0  23   5   0   3   0   0   1   1   0   0  44  1.27 0.57
  473 E   -5  6 -1 -6 -5 -3 -3 -4  0  0  1  3 -1 -4 -5 -4 -1 -7 -1 -2    1  44   3   0   0   1   1   1   2   6  14  17   1   1   0   1   3   0   2   2  0.99 0.51
  474 A    5 -5 -5 -6 -1 -6 -6  3 -6 -7 -7 -6 -6 -7 -6  4 -3 -8 -7 -6   48   0   0   0   1   0   0  20   0   0   0   0   0   0   0  29   1   0   0   0  1.47 0.71
  475 N   -1  3  0  1 -4  4 -1 -5  1 -3  0  2 -1 -3 -5 -3 -2 -1  2 -4    4  17   5   9   0  20   3   0   4   1  10  11   1   1   0   1   2   1   7   1  0.50 0.33
  476 A    5 -3 -4 -6  0  3 -5 -3  7 -5 -3 -5 -5 -6 -6  1 -3 -7 -5 -5   42   2   1   0   2  13   0   2  22   1   4   0   0   0   0  10   1   0   0   0  1.25 0.61
  477 Y   -6 -8 -8 -9 -4 -7 -8 -9 -2 -7 -7 -8 -4  1 -9 -8 -8 -1 10 -7    1   0   0   0   0   0   0   0   1   0   0   0   0   5   0   0   0   1  91   0  3.65 1.23
  478 D   -8 -7 -3  9 -9 -6 -4 -7 -7 -9 -9 -7 -9 -9 -7 -6 -7 -10 -9 -9    0   0   1  98   0   0   0   0   0   0   0   0   0   0   0   0   0   0   0   0  3.34 1.15
  479 I   -4 -7 -7 -8  0 -6 -7 -8 -7  3  6 -7  3 -2 -7 -6 -4 -6 -5  0    1   0   0   0   2   0   0   0   0  17  64   0   7   2   0   0   1   0   0   4  1.52 0.61
  480 V   -3 -7 -8 -8 -1 -7 -7 -8 -8  1 -4 -7 -5 -6 -7 -6 -3 -8 -6  8    2   0   0   0   1   0   0   0   0   5   0   0   0   0   0   0   2   0   0  88  2.42 0.88
  481 L   -3 -6 -7 -6  5 -6 -6 -6 -6  3  5 -6  2 -1 -6 -6 -5  1  0  1    2   0   0   0  13   0   0   0   0  15  49   0   5   2   0   0   0   2   3   7  1.16 0.48
  482 N   -7 -6  9  0 -8 -6 -6 -6 -5 -8 -8 -6 -7 -8 -7 -4 -6 -8 -7 -8    0   0  93   4   0   0   0   0   0   0   0   0   0   0   0   1   0   0   0   0  3.20 1.09
  483 G   -5 -7 -5 -4 -7 -7 -7  8 -7 -8 -8 -6 -7 -8 -7 -4 -6 -7 -7 -8    0   0   0   1   0   0   0  96   0   0   0   0   0   0   0   1   0   0   0   0  2.78 0.92
  484 Y   -3 -4  1 -4  1 -1 -2 -5 -1  1 -2 -4  1  2 -5  0  0  4  4  3    2   1   6   1   3   3   3   0   2   8   2   0   3   9   0   7   5   5  14  26  0.47 0.28
  485 E   -6 -5 -5 -4 -8 -3  8 -7 -5 -7 -7 -4 -7 -7 -6 -5 -6 -7 -7 -7    0   0   0   0   0   0  96   0   0   0   0   0   0   0   0   0   0   0   0   0  2.86 1.00
  486 L   -2 -5 -6 -6 -1 -5 -6 -6 -6  5  4 -5  2 -3 -6 -5 -4 -5 -4  3    4   0   0   0   1   0   0   0   0  35  35   0   4   1   0   1   1   0   0  16  1.11 0.44
  487 G    2 -6 -5 -5 -1 -5 -5  7 -6 -5 -4 -5 -4 -6 -5  0 -4 -6 -6 -6   17   0   0   0   2   0   0  68   0   1   2   0   0   0   0   6   1   0   0   0  1.66 0.62
  488 G   -4 -6 -4 -5 -6 -5 -5  6 -6 -7 -7 -5 -6 -6 -6  4 -4 -6 -6 -6    0   0   0   0   0   0   0  63   0   0   0   0   0   0   0  33   1   0   0   0  1.85 0.68
  489 G   -5 -6 -5 -6 -7 -6 -6  8 -6 -7 -7 -6 -7 -7 -6 -5 -6 -7 -7 -7    0   0   0   0   0   0   0  96   0   0   0   0   0   0   0   0   0   0   0   0  2.73 0.85
  490 S    0 -6 -3 -5 -6 -5 -5 -2 -6 -7 -7 -5 -6 -7 -6  7 -2 -7 -6 -6    7   0   1   0   0   0   0   4   0   0   0   0   0   0   0  86   1   0   0   0  2.14 0.83
  491 I   -4 -1 -6 -6 -2 -2 -2 -6 -5  7  0 -4  1 -4 -6 -5 -3 -6 -5  2    1   4   0   0   1   2   3   0   0  59   8   1   2   0   0   1   2   0   0  14  1.29 0.49
  492 R   -6  9 -5 -6 -8 -4 -5 -7 -5 -7 -7 -3 -6 -7 -7 -6 -6 -7 -6 -7    0  97   0   0   0   0   0   0   0   0   0   0   0   0   0   0   0   0   0   0  3.10 0.98
  493 I   -4 -6  3 -6 -1 -6 -6 -7 -6  8 -2 -6 -2 -4 -6 -5 -4 -7 -5  0    1   0  13   0   1   0   0   0   0  76   1   0   1   0   0   0   0   0   0   4  2.03 0.70
  494 H   -5 -5  1 -6 -7 -4 -4 -6 11 -5 -7 -5 -6 -1 -5 -4 -3 -4  2 -6    1   0   6   0   0   0   0   0  75   1   0   0   0   3   1   1   2   0   7   1  2.89 0.89
  495 D   -4  2  3  5 -4  1  0 -4 -3 -3 -5  2 -5 -6 -5  0 -1 -6 -3 -4    1  13  13  36   0   6   6   0   0   2   1  10   0   0   0   7   3   0   1   1  0.82 0.39
  496 G    2  3 -3 -3 -3  1 -1 -3 -1 -2 -3  0 -3 -3  5  1 -2 -5 -2 -3   20  17   1   1   0   5   4   1   2   2   2   6   0   1  25  11   2   0   1   1  0.60 0.33
  497 E    0 -2  1  5 -6  1  5 -3 -2 -4 -5  1 -4 -5 -3 -1 -3 -2 -5 -3    9   1   5  27   0   6  32   1   1   1   1   7   0   0   1   3   1   1   0   2  0.80 0.39
  498 L   -3 -5 -5 -5 -4 -3 -4 -6 -6  3  4 -4  4 -2 -6 -4 -1 -4 -4  3    1   0   0   1   0   1   1   0   0  15  44   1  11   1   0   0   4   0   0  19  0.94 0.40
  499 Q   -6 -4 -5 -6 -7  9 -3 -7 -5 -5 -3 -4  3 -7 -6 -5 -6 -7 -6 -7    0   0   0   0   0  88   0   0   0   1   4   0   6   0   0   0   0   0   0   0  2.85 1.01
  500 E    0  3 -1 -1 -4  2  3 -4 -1 -2 -2  3 -2 -3 -4  0 -1 -5  0 -3    9  17   3   2   0   8  23   1   1   2   3  16   1   1   0   6   3   0   3   2  0.43 0.26
  501 K   -1  4 -2 -3 -5  1 -1 -4  1 -3 -2  4 -1  1 -4 -2 -1 -2  3 -3    6  20   1   1   0   5   3   1   4   2   3  32   2   7   0   2   3   1   9   1  0.62 0.33
  502 M    0 -6 -4 -6 -5 -5 -6 -6 -6  5 -1 -6  4 -4 -6 -4 -3 -6 -5  5    8   0   1   0   0   0   0   0   0  36   3   0  10   0   0   1   1   0   0  39  1.29 0.51
  503 F   -6 -6 -7 -7 -6 -7 -7 -7 -6 -3  3 -7  3  8 -7 -6 -6 -2 -1 -4    0   0   0   0   0   0   0   0   0   1  26   0   7  63   0   0   0   0   1   0  2.09 0.70
  504 E   -1  2  1  2 -5  1  4 -2 -2 -6 -5  3 -5 -6 -4  0 -3 -6 -4 -5    6   9   5  11   0   5  33   3   1   0   0  17   0   0   0   8   1   0   0   0  0.69 0.35
  505 V    1 -3 -2 -2 -2 -2 -3 -4 -1  4  2 -1  1 -1 -4 -2 -1 -4 -3  2   12   1   2   3   1   1   1   1   2  27  19   5   3   2   0   1   3   0   0  17  0.41 0.23
  506 L   -1 -5 -6 -6 -4 -5 -6 -5 -6  3  5 -5  2 -3 -4 -5 -4 -3 -4  2    6   0   0   0   0   0   0   1   0  16  58   0   5   0   1   0   0   0   0  10  1.14 0.46
  507 G   -3 -3  1 -2 -4 -1 -3  6 -4 -5 -1  1 -5 -5 -5 -3 -4 -5 -5 -5    1   1   6   2   0   3   2  63   0   1   7  10   0   0   0   1   0   0   0   0  1.29 0.52
  508 F   -4 -2 -4 -4 -3 -2 -3 -5 -1  5  2 -1  4  2 -5 -4 -4 -2  3 -1    1   2   0   1   0   2   1   0   1  29  21   4  13   9   0   0   0   0  11   3  0.74 0.34
  509 T   -2 -3  1  3 -2 -2 -1  0 -3 -3 -1 -2 -1 -4 -1  4  2 -5 -4 -3    2   1   7  16   1   1   3   7   0   1   6   2   2   0   3  31  15   0   0   1  0.49 0.31
  510 K   -1  0 -1  3 -5  0  3 -3  1 -3 -2  2 -2 -4  3 -1 -2 -3 -3 -4    5   4   2  14   0   4  23   1   3   1   4  13   1   0  16   4   2   0   1   1  0.49 0.28
  511 E    0 -3 -2  1 -4  1  6 -4 -3 -4 -4  2 -2 -5 -2 -1 -1 -5 -4 -3    7   1   1   6   0   6  49   1   0   1   1  12   1   0   2   4   4   0   1   2  0.87 0.43
  512 Q   -2  1 -1  1 -5  2  6 -3  0 -4 -4  0 -3 -4 -4 -1 -2 -5 -3 -2    3   8   2   8   0   9  46   1   2   1   2   6   1   1   1   3   3   0   1   2  0.80 0.40
  513 A    4 -2 -3 -2 -2  1 -2 -3 -2  3 -1 -1  1 -3 -2 -1 -1 -4 -2  1   33   2   1   3   1   7   2   1   1  18   5   3   4   1   2   2   2   0   1  11  0.40 0.26
  514 Q   -1  2  0  1 -4  3  3 -3 -1 -3 -3  2 -1 -3 -2 -1 -1 -2 -1 -2    4  10   5   7   0  14  23   1   1   2   3  15   1   1   1   2   4   1   2   3  0.42 0.25
  515 E    1  0  1  2 -4  1  4 -3 -1 -4 -3  1 -2 -5 -3  1 -1 -5 -3 -2   10   5   6  13   0   5  28   2   2   1   3   9   1   0   0   9   4   0   1   3  0.44 0.26
  516 Q   -3  4 -1 -1 -4  3  0 -3 -1 -4 -2  5 -1 -4 -2  0 -2 -4 -2 -4    1  23   3   3   0  11   5   1   1   1   3  32   1   0   2   6   2   0   1   1  0.70 0.33
  517 F   -7 -7 -7 -8 -7 -7 -8 -8 -6 -4  0 -7 -2  9 -8 -7 -7 -4 -1 -4    0   0   0   0   0   0   0   0   0   1   9   0   1  86   0   0   0   0   1   1  2.90 0.92
  518 G   -1 -2 -2  0 -4 -2  0  6 -3 -7 -6 -3 -5 -6 -4  1 -3 -6 -6 -6    4   2   2   4   0   2   5  65   1   0   0   1   0   0   1   9   2   0   0   0  1.34 0.54
  519 F   -2 -6 -4 -7 -4 -3 -5 -2  8 -6 -5 -6 -4  7 -5 -5 -5  2  1 -6    4   0   0   0   0   1   0   3  37   0   0   0   0  45   1   1   1   2   4   0  2.09 0.75
  520 L   -6 -6 -7 -8 -6 -6 -7 -8 -7 -1  6 -7  4  4 -7 -6 -5 -5 -4 -3    0   0   0   0   0   0   0   0   0   2  70   0  10  16   0   0   0   0   0   1  1.73 0.66
  521 L   -5 -6 -6 -8 -5 -6 -7 -8 -6  2  6 -7  2  0 -7 -6 -4 -4  0  0    0   0   0   0   0   0   0   0   0  12  71   0   4   4   0   0   1   0   3   5  1.51 0.59
  522 D   -4  1  3  4 -7  0  5 -4 -1 -7 -7  1 -5 -7 -5 -2 -1 -7 -6 -6    1   6  13  22   0   4  39   1   1   0   0   7   0   0   0   2   3   0   0   0  1.05 0.49
  523 A    7 -6 -5 -6 -2 -5 -5 -3 -6 -5 -6 -5 -3 -7 -5 -2 -5 -7 -6 -2   91   0   0   0   1   0   0   2   0   0   0   0   1   0   0   2   0   0   0   2  2.12 0.80
  524 F   -6 -6 -7 -7 -6 -3 -7 -7 -6 -3  5 -6 -1  6 -7 -6 -5 -4  1 -4    0   0   0   0   0   1   0   0   0   0  61   0   1  32   0   0   0   0   4   0  1.71 0.64
  525 K   -1  3 -1  1 -4  2  3  0 -1 -5 -5  3 -4 -6 -4  1 -1 -4 -4 -5    4  16   2   7   0  10  21   6   1   0   0  17   0   0   0  12   3   0   0   0  0.57 0.32
  526 Y   -2 -5 -5 -6 -1 -4 -5 -5  3 -5 -2 -5  2  3 -6  2 -3 -3  8 -5    4   0   0   0   2   1   0   1   6   0   3   0   5  12   0  14   2   0  51   0  1.56 0.62
  527 G   -3 -7 -5 -6 -7 -6 -7  8 -7 -8 -8 -6 -7 -8 -7 -4 -6 -7 -8 -8    2   0   0   0   0   0   0  96   0   0   0   0   0   0   0   1   0   0   0   0  2.72 0.88
  528 A    5 -6 -5 -6  7 -5 -5 -4 -6 -4 -4 -5 -5 -3 -2 -2  1 -6 -4  0   53   0   0   0  24   0   0   1   0   0   1   0   0   1   2   1  10   0   1   7  1.45 0.60
  529 P   -6 -7 -7 -7 -8 -6 -6 -7 -7 -8 -8 -6 -8 -8  9 -6 -6 -9 -8 -7    0   0   0   0   0   0   0   0   0   0   0   0   0   0  98   0   0   0   0   0  3.53 1.11
  530 P   -5 -7 -4 -6 -8 -5 -6 -7 -7 -6 -8 -6 -7 -5  9 -6 -6 -8 -8 -5    0   0   1   0   0   1   0   0   0   0   0   0   0   1  95   0   0   0   0   1  3.27 1.05
  531 H   -7 -6 -5 -5 -8 -5 -5 -7 11 -8 -6 -6 -1 -5 -7 -6 -7 -7 -4 -8    0   0   0   0   0   0   0   0  95   0   1   0   1   0   0   0   0   0   0   0  4.03 1.17
  532 G    3 -4 -5 -5  0 -5 -6  7 -6 -5 -5 -5 -4 -7 -6 -3 -5 -6 -7 -5   20   1   0   0   2   0   0  73   0   0   1   0   0   0   0   1   0   0   0   0  1.81 0.66
  533 G   -4 -6 -5 -6 -7 -6 -6  8 -6 -8 -7 -6 -7 -7 -6 -5 -6 -7 -7 -7    0   0   0   0   0   0   0  97   0   0   0   0   0   0   0   0   0   0   0   0  2.71 0.84
  534 I   -3 -6 -5 -6  0 -6 -6 -6 -6  7  1 -6  2  4 -6 -4 -4 -3 -3  0    2   0   0   0   2   0   0   0   0  57  10   0   4  19   0   1   0   0   0   3  1.40 0.52
  535 A    7 -6 -6 -6 -5 -5 -5  0 -6 -6 -6 -5 -5 -6 -5 -3 -4 -6 -6 -4   92   0   0   0   0   0   0   6   0   0   0   0   0   0   0   0   0   0   0   0  2.14 0.78
  536 L   -2 -5 -5 -6 -3 -4 -5 -6 -5  3  4 -5  0  4  2 -3 -3  1  0 -2    3   0   0   0   0   0   0   0   0  15  41   0   2  20  10   1   1   2   3   1  0.85 0.37
  537 G   -4 -6 -5 -6 -7 -6 -6  8 -6 -8 -8 -6 -7 -7 -6 -5 -6 -7 -7 -7    0   0   0   0   0   0   0  97   0   0   0   0   0   0   0   0   0   0   0   0  2.71 0.84
  538 L   -5 -5 -7 -7 -5 -6 -6 -7 -6  4  4 -6  2  5 -6 -5 -4  1 -2  1    0   0   0   0   0   0   0   0   0  22  38   0   4  26   0   0   0   2   1   7  1.16 0.45
  539 D   -6 -6 -3  9 -8 -5  0 -6 -6 -8 -8 -5 -8 -8 -4 -5 -6 -9 -8 -8    0   0   0  95   0   0   4   0   0   0   0   0   0   0   1   0   0   0   0   0  2.91 0.93
  540 R   -6  9 -4 -6 -8 -4 -5 -7 -5 -8 -7 -3 -6 -8 -7 -5 -6 -7 -6 -7    0  98   0   0   0   0   0   0   0   0   0   0   0   0   0   0   0   0   0   0  3.04 0.96
  541 L   -4 -5 -6 -7 -5 -5 -6 -7 -6  3  5 -6  3  1 -6 -5 -3  1 -1  0    0   0   0   0   0   0   0   0   0  15  62   0   6   5   0   0   2   2   2   4  1.20 0.47
  542 V   -1 -5 -5 -6  2 -5 -5 -6 -5  3  2 -5  4 -3 -5 -3 -1 -5 -3  5    6   0   0   0   5   0   0   0   0  17  15   0  12   0   0   1   3   0   1  39  0.89 0.39
  543 M    4 -4 -5 -6 -1 -2 -5 -5 -5 -3 -3 -5  9 -5 -5  1  0 -5 -4 -3   31   0   0   0   1   1   0   0   0   0   1   0  48   0   0   9   6   0   0   0  1.59 0.66
  544 L   -3 -4 -5 -6 -2 -3 -3 -6 -4  4  4 -5  2 -2 -6 -4 -2 -5 -4  2    2   0   0   0   1   1   2   0   0  28  46   0   5   0   0   0   1   0   0  12  0.98 0.40
  545 L   -3 -6 -6 -7 -2 -5 -6 -7 -6  2  5 -6  6  1 -6 -5 -4 -3 -3 -1    2   0   0   0   1   0   0   0   0  10  61   0  17   4   0   0   0   0   0   3  1.33 0.51
  546 T    2 -2 -2 -4  6 -2 -2 -2 -4 -2  1 -3 -1 -3 -4  0  3 -4 -3  0   22   2   2   0  18   2   2   3   0   1  13   1   1   1   0   6  21   0   0   5  0.52 0.30
  547 N   -3 -1  2  2 -6  1  0  5 -1 -6 -5  1 -5 -6 -4 -2 -4 -6 -5 -6    0   4  11  10   0   5   6  51   1   0   1   7   0   0   0   2   0   0   0   0  1.00 0.42
  548 R    2  0 -2 -2  0  0  2 -3 -2 -2 -1  0 -1 -3 -3  2  3 -4 -2 -1   17   5   1   1   2   3  18   1   0   1   7   6   1   1   0  14  18   0   1   4  0.28 0.23
  549 T   -1 -2  1  4 -5  0  3 -2 -2 -5 -5  1 -3 -5  3  1  0 -5 -3 -4    4   2   7  21   0   4  20   2   1   0   0   8   0   0  13  10   7   0   1   0  0.53 0.28
  550 N   -2 -4  5 -1 -5 -4 -4 -4 -4 -6 -5 -3 -5 -4 -5  6  1 -7 -5 -5    1   0  23   3   0   0   0   0   0   0   1   0   0   1   0  61   9   0   0   0  1.45 0.63
  551 L   -4 -7 -7 -7 -5 -6 -7 -7 -7  8  1 -6 -1 -4 -7 -6 -5 -6 -5  1    1   0   0   0   0   0   0   0   0  77  13   0   1   0   0   0   0   0   0   8  1.97 0.66
  552 R   -5  8 -5 -6 -8 -3 -4 -7 -3 -7 -6  1 -6 -7 -6 -4 -4 -7 -6 -7    0  89   0   0   0   1   0   0   0   0   0   7   0   0   0   1   1   0   0   0  2.59 0.85
  553 D   -6 -5  0  7 -8 -3  4 -5 -4 -8 -8 -4 -7 -8 -6 -3 -5 -8 -7 -7    0   0   4  66   0   1  27   0   0   0   0   0   0   0   0   1   0   0   0   0  2.06 0.73
  554 T   -4 -7 -7 -7 -1 -6 -7 -7 -7  0 -3 -6 -2 -1 -7 -6 -1 -7 -4  7    1   0   0   0   1   0   0   0   0   4   0   0   0   3   0   0   3   0   0  87  2.05 0.72
  555 I   -5 -7 -7 -7 -5 -5 -7 -8 -7  8 -1 -7  4 -4 -7 -6 -2 -6 -2  1    0   0   0   0   0   0   0   0   0  79   3   0   9   0   0   0   2   0   1   6  2.05 0.69
  556 A    6 -4 -4 -4  0 -3 -3 -3 -4 -3 -2 -3  3 -2  1 -1 -1 -4 -2 -1   70   0   0   0   2   0   0   0   0   0   3   0   9   1   7   2   3   0   2   2  0.92 0.38
  557 F   -5 -6 -6 -7 -5 -6 -6 -6 -4 -3 -3 -6 -3  9 -7 -5 -5  4  3 -4    0   0   0   0   0   0   0   0   0   0   0   0   0  89   0   0   0   5   6   0  2.43 0.60
  558 P    0 -5 -5 -5 -6 -4 -4 -5 -5 -6 -6 -4 -6 -7  9 -4 -4 -7 -6 -5    8   0   0   0   0   0   0   0   0   0   0   0   0   0  92   0   0   0   0   0  2.80 0.65
  559 K   -3  0 -1 -3 -5  0 -2 -4 -1 -4 -2  7  4 -2 -4 -3 -2 -5 -4 -3    0   2   3   0   0   2   0   0   2   0   3  71  13   1   0   0   2   0   0   2  1.19 0.44
  560 T    0 -3  5  0 -3 -2 -2 -1 -2 -3 -4 -2 -1 -4 -3  2  4  0 -2 -2    5   0  34   3   0   0   0   4   0   0   0   0   2   0   0  14  33   1   1   2  0.71 0.31
  561 A    1 -1  0 -2 -3  4 -1  0  0 -2 -2  1  0 -1 -2  1  1 -3 -2 -1   10   1   5   0   0  32   0   8   2   1   4   7   2   3   1  13   8   0   1   3  0.31 0.20
  562 S    0  1  1  1 -3  2  0 -1  1 -3 -2  2 -1 -2 -2  2  0 -4 -2 -2    9   8   8   6   0  14   3   3   3   1   2  18   1   1   0  16   4   0   1   1  0.24 0.14
  563 A    3 -4 -2 -4 -4 -2 -4  6 -2 -5 -4 -4 -1 -2 -4 -1 -1 -5 -2 -4   30   0   1   0   0   1   0  56   1   0   1   0   2   2   0   3   3   0   1   0  1.08 0.40
  564 T    0  1 -1 -1 -2  2  2 -2  0 -1 -2  1  0 -1 -3  0  1 -3  0  0    6   9   2   2   1  11  21   2   2   4   2   9   3   3   0   6   8   0   3   6  0.16 0.12
  565 C   -3 -4  0  7  5 -3  0 -3 -4 -5 -4 -4 -5 -1 -4  0 -2 -6 -2 -5    1   0   3  63  13   0   3   2   0   0   1   0   0   3   0   6   2   0   2   0  1.37 0.51
  566 L   -1 -3 -3 -4 -4 -3 -3 -4 -1 -1  4 -2  1 -1  4 -2 -2 -4 -1  0    3   1   1   0   0   1   1   1   2   2  48   2   3   1  24   3   1   0   3   5  0.67 0.32
  567 L   -4 -4 -5 -6 -2 -4 -5 -6 -2  0  4 -4  8  2 -5 -3 -2 -4  0  0    0   0   0   0   1   0   0   0   1   3  37   0  41   8   0   1   1   0   2   4  1.21 0.47
  568 T   -1 -3 -2  2  0 -2 -1 -3 -3 -1 -1 -3  4  0 -3  1  3 -1 -3  1    4   0   1  12   2   1   3   1   0   2   4   0  16   4   0  11  24   1   0  13  0.34 0.26
  569 N   -2 -1  3  2 -3  0  1  4  0 -5 -4  1 -4 -3 -4  0 -2 -5 -4 -4    1   3  13  13   1   3   7  40   2   0   1   9   0   1   0   4   1   0   0   1  0.64 0.30
  570 A    5 -4 -3 -4  1 -2 -2 -2 -4 -3 -4 -3 -4 -3 -3  4  0 -5 -4 -3   57   0   0   0   3   1   1   1   0   1   0   0   0   1   0  30   3   0   0   1  1.01 0.48
  571 P   -4 -5 -5 -5 -6 -4 -4 -5 -5 -6 -6 -4 -5 -6  9 -4 -4 -6 -6 -5    0   0   0   0   0   0   0   0   0   0   1   0   0   0  94   0   0   0   0   0  3.00 0.81
  572 G    2 -2  1  0  0 -1 -2  1 -3 -3 -3 -2 -2 -3 -3  4  2 -4 -3 -1   14   1   6   6   2   2   1  10   0   1   1   1   1   1   0  41  10   0   0   3  0.48 0.28
  573 E    1  0  0  1 -4  0  2 -2 -1 -2 -2  1 -2 -2  4  0  0 -2 -2 -1   11   4   5   6   0   3  16   1   1   2   3   9   1   2  19   6   6   1   1   4  0.30 0.17
  574 V    0  0 -5 -5 -4 -4 -4 -5 -4  3  1 -4  0 -2 -2 -3 -2  0 -3  5    6   6   0   0   0   0   1   0   0  18  10   0   1   1   2   1   1   2   1  51  0.81 0.38
  575 S   -1 -2  0  4 -4 -2  2 -2 -2 -4 -4 -2 -3 -4  2  3  3 -5 -3 -4    3   1   3  24   0   1  11   3   0   1   1   2   0   0  10  21  18   0   1   0  0.58 0.33
  576 D    1 -1  1  2 -1  1  3 -2 -2 -3 -3  1 -3 -4  3  0 -1 -5 -3 -3   14   3   6  12   2   6  20   1   1   1   2   8   0   1  15   4   2   0   0   1  0.40 0.24
  577 K    0  1 -1  1 -4  1  4 -3 -2 -3 -4  3 -3 -3 -3 -1 -1 -2 -3 -3    9   5   2   8   0   7  31   2   1   1   1  23   0   1   0   4   2   0   0   1  0.56 0.32
  578 Q   -2 -1 -3  2 -6  7  1 -5 -1 -3 -3 -1 -2 -4 -5 -3 -1 -1 -3 -3    3   2   0  10   0  60   6   0   1   1   3   3   1   1   0   1   3   1   1   2  1.32 0.61
  579 L   -5 -2 -7 -7 -5 -3 -5 -7 -6 -1  6 -2  1 -3 -7 -5 -4  2 -3 -2    0   2   0   0   0   1   0   0   0   1  84   3   2   0   0   0   1   3   1   1  1.63 0.66
  580 E    1  3  0  2 -5  1  3 -3 -1 -3 -3  4 -2 -3 -4 -1 -2 -3 -4 -3   10  16   4  11   0   5  17   1   1   1   2  23   1   1   0   4   2   0   0   1  0.49 0.30
  581 E   -3 -1 -3  2 -6 -1  6 -4 -2 -2 -2 -3 -2 -4  0 -3  0 -6 -2 -3    1   4   1   9   0   2  59   1   1   3   5   1   1   0   4   1   5   0   1   2  1.05 0.53
  582 L   -4 -6 -5 -7 -3 -4 -6 -7 -3 -2  5 -6 -1 -1 -7 -5 -4 -3  6  0    1   0   1   0   0   0   0   0   0   1  56   0   1   1   0   1   1   0  31   6  1.42 0.61
  583 S   -3 -1  1 -4 -3 -2 -4  4  9 -7 -6 -1 -5 -1 -6 -1 -4 -2  1 -6    1   3   6   0   1   1   1  27  44   0   0   3   0   2   0   4   0   0   4   0  1.48 0.61
  584 L   -5 -6 -7 -7 -5 -6 -5 -7 -6  6  4 -6  0 -2 -6 -6 -4 -5 -3  2    0   0   0   0   0   0   1   0   0  42  44   0   1   1   0   0   0   0   1  10  1.37 0.54
  585 R   -1  4 -1 -1 -3  3  0 -4 -1 -3 -4  4 -2 -5 -4  0  0 -5 -4 -4    6  22   2   4   1  14   4   0   1   1   1  32   1   0   0   5   5   0   0   1  0.70 0.37
  586 I   -2 -3 -6 -6 -3 -5 -5 -6 -3  4  3 -4 -1 -2 -3 -4 -2 -5 -3  5    2   1   0   0   0   0   0   0   1  23  31   1   0   1   1   1   1   0   0  37  0.93 0.41
  587 R   -3  6 -3 -2 -7  1 -3 -6 -2 -7 -6  6 -5 -4 -5 -4 -4 -7 -5 -6    2  40   1   2   0   4   0   0   1   0   0  49   0   1   0   0   0   0   0   0  1.64 0.63
  588 H   -3 -2  5 -2 -5  5 -1 -3  7 -5 -5 -1 -3 -4 -4 -2 -3 -5 -2 -5    0   0  35   0   0  33   0   0  32   0   0   0   0   0   0   0   0   0   0   0  1.26 0.35

                      K         Lambda
Standard Ungapped    0.1366     0.3180
Standard Gapped      0.0410     0.2670
PSI Ungapped         0.1877     0.3176
PSI Gapped           0.0574     0.2670
