
Last position-specific scoring matrix computed, weighted observed percentages rounded down, information per position, and relative weight of gapless real matches to pseudocounts
           A  R  N  D  C  Q  E  G  H  I  L  K  M  F  P  S  T  W  Y  V   A   R   N   D   C   Q   E   G   H   I   L   K   M   F   P   S   T   W   Y   V
    1 M   -5 -6 -7 -7 -6 -5 -6 -7 -6 -3 -1 -6 11 -4 -7 -6 -5 -6 -5 -3    0   0   0   0   0   0   0   0   0   0   2   0  98   0   0   0   0   0   0   0  3.44 0.97
    2 A    1 -3  2 -2 -4 -2 -2 -2 -4 -1 -4 -1 -3 -5 -1  4  4 -5 -4 -3   13   0  10   1   0   1   1   1   0   4   1   3   0   0   2  38  25   0   0   1  0.67 0.38
    3 N   -1 -2  4  3 -4  0  1 -1 -1 -4 -5 -1 -4 -3 -2  3  2 -4 -4 -4    3   1  23  18   0   3   7   3   1   1   0   2   0   1   1  23  12   0   0   1  0.59 0.34
    4 K   -1  2  2 -1 -3  2  1 -1 -2 -4 -4  3 -2 -4 -1  2  0 -4 -3 -3    5  11   9   3   0   9   9   3   1   0   1  23   1   0   2  17   4   0   0   1  0.40 0.25
    5 K   -2  1  2 -2 -5  1  1 -2  0 -3 -4  3 -2 -5  4 -1  0 -5 -4 -3    3   6   8   2   0   7  11   2   2   1   1  22   1   0  24   4   5   0   0   1  0.59 0.31
    6 I   -3 -6 -7 -7 -4 -6 -7 -7 -6  4 -2 -6  1 -3 -1 -6 -3 -7 -5  6    2   0   0   0   0   0   0   0   0  24   1   0   3   1   4   0   1   0   0  63  1.64 0.68
    7 R   -6  8 -6 -7 -5 -4 -5 -8 -5 -2 -7  0 -6 -8 -7 -6 -6 -8 -7 -1    0  87   0   0   0   0   0   0   0   2   0   5   0   0   0   0   0   0   0   5  2.62 1.00
    8 V   -4 -7 -6 -7 -4 -6 -6 -7 -7 -2 -1 -6 -3 -4 -6 -4  5 -7 -6  6    1   0   0   0   0   0   0   0   0   0   6   0   0   0   0   0  32   0   0  60  1.72 0.77
    9 R   -7  9 -6 -7 -9 -5 -6 -8 -6 -9 -8 -3 -7 -9 -8 -6 -7 -8 -7 -8    0 100   0   0   0   0   0   0   0   0   0   0   0   0   0   0   0   0   0   0  3.34 1.20
   10 Y   -6 -8 -7 -8 -6 -8 -8 -8 -6  2 -3 -8  0  9 -8 -7 -7 -4  3 -3    0   0   0   0   0   0   0   0   0  11   2   0   2  75   0   0   0   0   8   2  2.50 0.91
   11 A    7 -7 -7 -7 -3 -6 -5 -4 -7 -7 -7 -6 -6 -8 -2 -4 -5 -8 -7 -5   96   0   0   0   0   0   0   1   0   0   0   0   0   0   2   0   0   0   0   0  2.48 1.02
   12 P   -6 -8 -8 -7 -9 -7 -7 -7 -8 -7 -9 -7 -8 -10  9 -7 -7 -10 -9 -8    0   0   0   0   0   0   0   0   0   0   0   0   0   0  99   0   0   0   0   0  3.64 1.30
   13 S   -2 -6 -5 -6 -6 -6 -6 -6 -6 -8 -8 -6 -7 -8 -6  8 -3 -8 -7 -7    2   0   0   0   0   0   0   0   0   0   0   0   0   0   0  98   0   0   0   0  2.68 1.13
   14 P   -7 -8 -7 -7 -9 -7 -7 -8 -8 -9 -9 -7 -8 -10  9 -7 -7 -10 -9 -8    0   0   0   0   0   0   0   0   0   0   0   0   0   0 100   0   0   0   0   0  3.68 1.32
   15 T   -6 -7 -6 -7 -6 -6 -6 -7 -7 -6 -7 -6 -6 -8 -7 -2  8 -8 -7 -6    0   0   0   0   0   0   0   0   0   0   0   0   0   0   0   2  98   0   0   0  2.96 1.18
   16 G   -5 -8 -6 -7 -8 -7 -7  8 -7 -9 -9 -7 -8 -9 -8 -6 -7 -8 -8 -9    0   0   0   0   0   0   0 100   0   0   0   0   0   0   0   0   0   0   0   0  2.99 1.08
   17 H   -2 -2  0  0 -5 -1  0 -4  2 -3 -1 -2  0  4  1  0 -2 -1  5 -4    3   2   5   6   0   3   7   1   6   1   5   2   2  16   7   8   2   0  24   0  0.51 0.34
   18 L   -4 -6 -7 -8 -3 -3 -7 -8 -7 -1  6 -6  3  0  2 -6 -4 -4 -3 -2    1   0   0   0   0   2   0   0   0   3  72   0   6   4  10   0   1   0   1   2  1.47 0.67
   19 H   -8 -6 -4 -7 -9 -5 -6 -8 12 -10 -9 -7 -8 -7 -8 -6 -8 -9 -4 -9    0   0   1   0   0   0   0   0  99   0   0   0   0   0   0   0   0   0   0   0  4.45 1.45
   20 I   -5 -7 -7 -8 -5 -6 -7 -8 -7  6  3 -7  0 -3 -6 -6 -5 -7 -5  4    0   0   0   0   0   0   0   0   0  45  21   0   2   1   0   0   0   0   0  31  1.55 0.65
   21 G   -4 -8 -6 -7 -8 -7 -8  8 -8 -9 -9 -7 -8 -9 -8 -6 -7 -8 -9 -9    1   0   0   0   0   0   0  99   0   0   0   0   0   0   0   0   0   0   0   0  2.97 1.09
   22 N   -4 -5  5 -5 -6 -5 -5  6 -3 -7 -6 -5 -5 -6 -6  1  2 -7 -7 -6    1   0  23   0   0   0   0  52   0   0   1   0   0   0   0  10  13   0   0   0  1.46 0.69
   23 A    5 -6 -6 -6 -4 -5 -6 -4 -6  1  3 -5 -1 -3 -6 -4 -3 -6 -5  2   51   0   0   0   0   0   0   0   0   8  25   0   1   1   0   0   1   0   0  13  1.09 0.58
   24 R   -6  9 -5 -7 -9 -4 -6 -8 -1 -8 -6 -3 -4 -5 -8 -6 -7 -2  1 -8    0  91   0   0   0   0   0   0   1   0   0   0   1   1   0   0   0   1   5   0  2.87 1.11
   25 T   -2 -6 -4 -6 -6 -2 -6 -6 -7 -2 -6 -5 -2 -7 -6 -1  8 -8 -7 -3    3   0   0   0   0   2   0   0   0   2   0   0   1   0   0   4  85   0   0   2  2.30 1.01
   26 A    7 -6 -6 -7 -4 -6 -6 -3 -6 -6 -5 -6 -4 -6 -6 -3 -3 -8 -5 -3   93   0   0   0   0   0   0   1   0   0   1   0   0   0   0   1   1   0   0   2  2.27 0.97
   27 L   -6 -7 -8 -8 -6 -6 -8 -8 -7  1  7 -7 -1 -2 -8 -7 -5 -6 -5 -1    0   0   0   0   0   0   0   0   0   7  87   0   1   1   0   0   0   0   0   3  2.01 0.82
   28 F   -7 -7 -8 -8 -6 -8 -8 -8 -5 -2 -3 -7 -2  8 -7 -7 -6 -4  6 -5    0   0   0   0   0   0   0   0   0   2   2   0   1  65   0   0   0   0  28   1  2.61 0.97
   29 N   -2 -6  9  0  0 -5 -4 -4 -5 -8 -8 -5 -7 -8 -5  0 -3 -9 -7 -6    4   0  80   4   2   0   1   1   0   0   0   0   0   0   1   6   2   0   0   0  2.39 0.98
   30 Y   -6 -5 -7 -8 -4 -7 -6 -8 -1 -7 -4 -6 -5  3 -9 -7 -7 11  8 -6    1   1   0   0   0   0   0   0   2   0   2   0   0   8   0   0   0  43  42   0  3.00 1.10
   31 L    0 -7 -8 -8 -3 -7 -7 -8 -7 -1  6 -7 -1 -2 -7 -6 -5 -6 -5 -2    8   0   0   0   1   0   0   0   0   2  85   0   1   1   0   0   0   0   0   2  1.84 0.79
   32 F   -5 -7 -7 -8 -5 -5 -6 -8 -1 -2  1 -7 -3  8 -8 -6 -5  3  5 -3    1   0   0   0   0   0   0   0   1   2  13   0   1  57   0   0   1   3  18   2  1.94 0.78
   33 A    7 -6 -7 -6 -3 -6 -6 -5 -7 -6 -7 -5 -6 -7 -6 -2 -3 -8 -7 -4   95   0   0   0   0   0   0   0   0   0   0   0   0   0   0   2   1   0   0   1  2.42 1.02
   34 R   -5  7 -5 -5 -5 -1 -4 -6 -2 -8 -6  5 -5 -8 -6 -5 -6 -8 -7 -7    0  59   0   0   0   2   0   0   1   0   0  35   0   0   0   0   0   0   0   0  2.11 0.88
   35 H   -1  2  0 -5 -7  3 -3 -2  7 -6 -6  5 -5 -6 -5  0 -4 -7 -4 -5    6  12   4   0   0  12   0   3  26   0   0  29   0   0   0   7   0   0   0   0  1.17 0.60
   36 N   -2 -1  4 -3 -2  1  0 -4  7 -5 -3 -1  0  0 -5 -1  1 -2  2 -3    2   3  21   1   1   7   5   1  26   0   3   4   2   4   0   4   8   0   6   2  0.79 0.45
   37 K   -3 -2  3  0 -5  0 -3  6  0 -7 -6  2 -6 -7 -6 -2 -5 -7 -6 -7    1   2  15   6   0   5   2  53   3   0   0  11   0   0   0   2   0   0   0   0  1.22 0.59
   38 G   -3 -8 -6 -7 -8 -7 -8  8 -8 -9 -9 -7 -8 -9 -8 -5 -7 -8 -9 -9    1   0   0   0   0   0   0  98   0   0   0   0   0   0   0   0   0   0   0   0  2.94 1.09
   39 T   -1  1 -2  1 -4  3  0 -4 -2 -3 -4  4 -4 -6 -4  0  3 -6 -4  0    6   5   1   6   0  12   6   1   1   1   1  27   0   0   0   7  18   0   0   7  0.53 0.38
   40 L   -7 -8 -6 -9 -3 -8 -8 -9 -4 -4  0 -8  1  9 -9 -7 -6 -1  1 -4    0   0   0   0   1   0   0   0   0   0   7   0   3  83   0   0   0   1   3   1  2.80 1.02
   41 V   -5 -5 -7 -8 -3 -6 -7 -8 -5  7  2 -6 -2 -2 -7 -6 -5 -6 -3  4    0   1   0   0   0   0   0   0   0  52  16   0   0   1   0   0   0   0   1  28  1.59 0.67
   42 L   -6 -7 -8 -8 -6 -7 -8 -8 -8  0  7 -7 -1 -2 -8 -7 -5 -5 -6  1    0   0   0   0   0   0   0   0   0   4  86   0   1   1   0   0   0   0   0   7  1.98 0.82
   43 R   -7  9 -6 -7 -9 -5 -6 -8 -6 -9 -8 -3 -7 -9 -8 -7 -7 -9 -8 -8    0 100   0   0   0   0   0   0   0   0   0   0   0   0   0   0   0   0   0   0  3.38 1.26
   44 I   -6 -8 -8 -8 -6 -8 -8 -9 -8  8 -1 -8 -1 -2 -8 -5 -5 -8 -6  1    0   0   0   0   0   0   0   0   0  84   5   0   1   1   0   1   0   0   0   8  2.43 0.92
   45 E   -6 -6 -6  0 -9 -4  8 -8 -6 -9 -9 -5 -8 -9 -7 -6 -6 -9 -8 -8    0   0   0   5   0   0  95   0   0   0   0   0   0   0   0   0   0   0   0   0  2.86 1.17
   46 D   -8 -7 -2  9 -9 -6 -4 -7 -7 -9 -10 -6 -9 -9 -7 -6 -7 -10 -9 -9    0   0   1  99   0   0   0   0   0   0   0   0   0   0   0   0   0   0   0   0  3.32 1.24
   47 A   -5 -7 -6 -7 -7 -6 -7 -7 -8 -5 -7 -6 -6 -8 -7 -3  8 -8 -7 -6    0   0   0   0   0   0   0   0   0   0   0   0   0   0   0   1  98   0   0   0  3.04 1.25
   48 D   -8 -7 -3  9 -9 -6 -4 -7 -7 -9 -10 -6 -9 -9 -7 -6 -7 -10 -9 -9    0   0   0 100   0   0   0   0   0   0   0   0   0   0   0   0   0   0   0   0  3.36 1.25
   49 T   -1  4 -4 -4 -6  5 -1 -5 -4 -2  0  1 -2 -3 -2 -3  0 -6 -5  0    6  24   0   0   0  28   3   0   0   2  10   9   1   1   2   1   6   0   0   8  0.69 0.45
   50 E    2 -2  0 -1 -5  0  5 -3 -4 -5 -4  2 -5 -6 -5  1  1 -6 -5 -2   15   1   5   3   0   4  35   2   0   0   1  12   0   0   0   9  10   0   0   3  0.65 0.44
   51 R   -7  9 -5 -7 -9 -5 -6 -8 -6 -9 -8 -3 -7 -9 -8 -7 -7 -9 -8 -8    0 100   0   0   0   0   0   0   0   0   0   0   0   0   0   0   0   0   0   0  3.36 1.26
   52 N   -3 -4  2 -4 -3 -3 -1 -4  0 -3  0 -2 -4  2 -5  5 -1 -5  3 -4    1   0   8   1   1   1   3   0   2   1   8   3   0   8   0  49   2   0  10   1  0.84 0.55
   53 V   -3  0 -2 -1 -4 -1 -1 -4 -4 -1 -3  1 -2 -5 -5  1  4 -6 -4  4    1   6   2   4   0   2   3   1   0   3   2   8   1   0   0   9  24   0   0  34  0.62 0.43
   54 E    0  0 -3  1 -6  1  4 -5 -3 -5 -4  2 -3 -4  5 -2 -3 -7 -6 -4    8   4   0   8   0   5  29   0   0   0   1  12   1   1  25   2   1   0   0   1  0.83 0.50
   55 G    0 -2 -1  1 -6  0  5  4 -3 -6 -6 -1 -5 -6 -5 -2 -3 -7 -5 -5    6   2   2   6   0   3  42  30   0   0   0   4   0   0   0   2   1   0   0   0  1.03 0.57
   56 G    5 -5 -3 -5 -4 -4 -5 -2  0 -5 -4 -5  0  2 -5  3 -3  0  4 -5   40   0   1   0   0   0   0   3   2   0   1   0   3   8   0  24   1   1  14   0  0.96 0.58
   57 A   -1 -3 -5 -3 -5 -2  5 -5 -4  2 -1 -3 -1 -3 -5 -2  2 -4 -2  3    4   1   0   1   0   1  37   0   0   9   7   1   2   1   0   2  11   0   1  22  0.73 0.47
   58 E    0  1  0  3 -6  3  4 -3 -1 -4 -4  1 -4 -6 -4 -2 -2 -6 -4 -4    8   6   3  16   0  14  32   1   2   1   1   9   0   0   0   2   2   0   0   1  0.72 0.45
   59 S    2  0  2  1 -4  2  0  0 -1 -2 -2  0 -1 -4 -2  1 -1 -4  0 -1   19   5  10   9   0   9   5   6   1   2   2   5   2   0   1  13   3   0   4   5  0.19 0.20
   60 Q   -5 -7 -7 -8 -4 -1 -7 -8 -8  7  2 -7  1 -3 -7 -7 -4 -7 -5  0    1   0   0   0   0   3   0   0   0  69  18   0   3   1   0   0   1   0   0   4  1.87 0.78
   61 I   -3 -2 -4 -5 -1 -2 -2 -6 -3  3  4 -2  2  2 -6 -4 -2 -3  2  0    1   2   0   0   1   2   2   0   1  20  36   3   6   7   0   0   3   0   8   6  0.62 0.37
   62 E    0  1  1  5 -5  1  4 -3 -1 -6 -6  0 -5 -6 -5  0 -3 -7 -4 -5    7   7   6  27   0   5  30   1   2   0   0   5   0   0   0   6   1   0   0   0  0.83 0.48
   63 N    2 -5 -1  3 -3 -3 -2  3 -5 -1 -5 -4 -1 -5 -4  3  1 -6 -4 -2   14   0   3  17   0   0   1  23   0   4   1   0   2   0   0  22  10   0   1   2  0.60 0.40
   64 L   -6 -7 -8 -8 -5 -7 -8 -8 -5 -1  6 -7  4  1 -8 -7 -6 -6 -5 -4    0   0   0   0   0   0   0   0   0   2  82   0  10   4   0   0   0   0   0   0  1.99 0.84
   65 H    0  4  0  1 -5  1  2 -4  1 -5 -3  4 -4 -6 -5  0 -1 -5 -5 -4    7  24   4   6   0   5  12   1   4   0   2  24   0   0   0   6   3   0   0   1  0.64 0.40
   66 W   -4 -4 -8 -7 -8 -6 -6 -7 -6 -7 -5 -5 -7 -2 -10 -4 -5 13 -3 -7    2   1   0   0   0   0   1   0   0   0   1   1   0   1   0   2   1  88   1   0  4.47 1.52
   67 L    1 -6 -7 -7  2 -6 -6 -6 -6 -1  6 -6  2  0 -7 -3 -2 -6 -2 -1   11   0   0   0   4   0   0   0   0   1  65   0   5   4   0   2   2   0   1   3  1.23 0.61
   68 G   -5 -5 -1 -4 -6 -3 -4  7 -2 -9 -9 -3 -8 -8 -7 -3 -6 -8 -8 -8    0   1   3   1   0   1   1  88   1   0   0   2   0   0   0   2   0   0   0   0  2.36 0.95
   69 I   -6 -7 -8 -8 -4 -7 -7 -8 -7  5  5 -7  2 -2 -7 -7 -5 -6 -5 -1    0   0   0   0   0   0   0   0   0  31  59   0   4   1   0   0   0   0   0   3  1.65 0.71
   70 D   -2 -1  2  5 -4  0  2 -3  1 -2 -3  0 -2 -4 -3  0  1 -6 -3 -2    3   3   9  33   0   4  13   1   3   3   2   5   1   0   1   5   9   0   1   3  0.56 0.36
   71 W   -3 -7 -8 -8 -5 -6 -5 -7  1 -2 -6 -8 -5  1  3 -4 -6 11  3 -5    3   0   0   0   0   0   1   0   3   3   0   0   0   6  14   1   0  58   8   1  2.81 1.07
   72 D   -6 -7 -2  9 -8 -4 -3 -6 -4 -8 -8 -6 -6 -8 -7 -4 -6 -9 -6 -8    1   0   2  93   0   1   1   0   0   0   0   0   0   0   0   1   0   0   0   0  2.93 1.12
   73 E   -5 -5 -3 -2 -7 -2  8 -5 -5 -6 -7 -3 -6 -7 -5 -5 -5 -7 -4 -6    1   0   1   2   0   1  89   1   0   1   1   1   0   0   0   1   0   0   1   0  2.46 1.01
   74 G   -3 -5 -3 -3 -6 -4 -1  7 -5 -6 -5 -4 -4 -3 -5  0 -4 -3 -6 -6    1   1   1   2   0   0   5  76   0   0   1   1   0   1   1   7   1   0   0   1  1.75 0.72
   75 P   -3 -4 -4 -3 -5 -4 -3 -4 -4 -1 -4 -4 -4 -3  8 -3 -3 -3 -3  0    2   1   1   1   0   1   1   2   0   4   2   1   0   2  70   1   1   1   1   6  1.94 0.73
   76 D   -2 -1  0  4 -3 -1  2  1  1  0 -2 -1 -1 -2 -3 -1 -1  0 -2  0    2   3   3  30   0   2  12  11   3   6   4   2   2   2   1   5   2   1   1   8  0.34 0.22
   77 I   -1  0 -1 -2 -1  0 -1 -2  0  2 -1  2 -1 -1 -1 -1  0 -3 -1  3    5   4   3   2   1   4   3   2   2  15   5  15   1   2   2   4   4   0   2  23  0.17 0.14
   78 G   -2 -2 -1  0 -3 -2 -1  6 -3 -3 -3 -1 -3 -3  0 -2 -2 -3 -3 -3    3   2   3   6   0   2   5  55   1   2   2   4   1   1   6   3   2   0   1   2  0.88 0.35
   79 G   -2 -4 -2 -3 -4 -3 -3  7 -4 -4 -4 -2 -4 -4 -3 -2 -3 -4 -4 -4    2   1   2   2   0   1   2  74   1   1   2   2   1   1   2   3   2   0   1   1  1.57 0.55
   80 D    0 -2  0  3 -3 -1  2 -2 -2 -3 -3 -1 -3 -3  5  0 -2 -3 -3 -3    8   2   5  14   0   3  13   3   1   1   3   4   1   1  30   6   2   0   1   2  0.59 0.28
   81 Y   -2 -2 -1 -3  1 -2 -2 -3  5 -1 -2 -2 -3  4 -3 -2 -3 -1  6 -1    4   3   3   2   3   1   2   2  12   3   4   2   0  18   1   3   1   1  31   5  0.83 0.35
   82 G    1 -3 -2 -2 -3 -2 -2  6 -3 -3 -4 -2 -3 -4 -2 -1 -2 -3 -3 -3   12   1   1   2   1   2   3  59   1   1   2   3   1   1   2   4   2   0   1   2  1.05 0.41
   83 P   -3 -4 -4 -4 -5 -4 -4 -5 -4 -5 -5 -4 -4 -5  8 -3 -4 -5 -4 -4    2   1   1   1   0   1   1   1   1   1   2   1   1   1  81   2   1   0   1   1  2.48 0.87
   84 Y   -5 -4 -5 -6 -2 -5 -5 -6 -2 -3 -4 -5 -5  1 -5 -5 -5 -2 10 -2    1   1   0   1   1   0   1   1   1   1   2   1   0   5   1   1   1   0  79   3  2.68 0.95
   85 K   -4  6 -4 -5 -5 -3 -4 -6 -1  2 -2 -1 -2  4 -6 -3 -1 -3  3  1    0  38   0   0   0   1   1   0   1  11   4   4   1  14   0   1   3   0  11   9  0.91 0.49
   86 Q   -6 -5 -6 -6 -3  9 -4 -8 -6 -9 -8 -5 -6 -9 -7 -5 -7 -8 -7 -8    0   0   0   0   1  97   0   0   0   0   0   0   0   0   0   1   0   0   0   0  3.43 1.39
   87 S   -3 -5 -5 -5 -5 -5 -5 -5 -5 -6 -6 -5  0 -4 -6  7  1 -8 -7 -7    1   0   0   0   0   0   0   1   0   0   0   0   3   1   0  86   7   0   0   0  2.18 1.02
   88 E   -2 -3 -3  1 -8  4  6 -5 -2 -7 -5  1 -5 -8 -6 -3 -4 -7 -6 -7    3   1   1   6   0  19  57   1   1   0   1   8   0   0   0   2   1   0   0   0  1.51 0.75
   89 R   -6  9 -2 -6 -6 -3 -6 -5 -3 -8 -8 -2 -7 -6 -8 -5 -7 -8 -5 -8    0  92   2   0   0   0   0   1   1   0   0   2   0   0   0   0   0   0   0   0  2.92 1.14
   90 K   -1 -1 -1 -4 -3 -1 -3 -2 -3  1  4  0  1  1 -5 -1  0 -4 -2 -1    6   4   3   0   0   3   1   4   0   6  43   7   3   5   0   4   7   0   1   3  0.40 0.30
   91 D    0 -3  0  5 -6 -1  4 -1  2 -5 -5 -1 -5 -5  1  0 -3 -6 -5 -5    9   1   4  28   0   2  23   5   5   0   1   4   0   0   8   8   1   0   0   0  0.70 0.43
   92 I   -3  2 -4 -4 -5 -3 -3 -6  0  5  3 -2  0 -2 -6 -3 -1 -4 -2  0    2  12   1   1   0   1   1   0   2  39  26   2   1   1   0   2   3   0   1   4  0.81 0.44
   93 Y   -8 -7 -7 -9 -8 -6 -8 -9  5 -7 -7 -8 -7 -2 -9 -7 -7 -4 10 -7    0   0   0   0   0   0   0   0  12   0   0   0   0   0   0   0   0   0  87   0  3.55 1.31
   94 Q    0  4  0 -2 -6  4  0 -3  1 -4 -3  4 -3 -5 -4 -2 -2 -3 -5 -4    6  26   4   1   0  21   5   1   4   1   3  21   0   0   0   2   2   0   0   1  0.77 0.47
   95 K    1  0 -2  1 -4  2  4 -3  0 -4 -6  4 -4 -6 -2 -1 -2 -6 -4 -5   11   5   2   7   0   8  29   2   2   1   0  24   0   0   2   4   2   0   0   0  0.69 0.44
   96 Y    2 -3 -3 -5 -2 -2 -2 -6  5  0 -2 -2 -1  1 -6 -4 -3  0  7  1   16   2   1   0   1   2   2   0  12   5   3   3   2   4   0   0   1   1  36   9  0.97 0.53
   97 I    5 -5 -6 -6 -2 -5 -5 -4 -6  3  1 -5 -3 -4 -5 -2 -2 -6 -3  2   54   0   0   0   1   0   0   1   0  13  11   0   0   1   0   1   2   0   1  15  1.08 0.59
   98 D   -1  1  2  3 -5  3  4 -3  0 -5 -3  2 -2 -4 -4 -2 -2 -4 -2 -4    6   6   8  16   0  15  25   1   2   0   3  10   1   1   0   2   1   0   2   1  0.58 0.38
   99 Q   -2  3 -2 -1 -6  4  3 -4 -1 -2 -3  4 -4 -6 -5 -2 -1 -1 -3 -4    3  16   1   3   0  18  16   1   1   3   2  27   0   0   0   1   3   1   1   1  0.75 0.46
  100 L   -7 -7 -9 -9 -6 -7 -8 -8 -8 -3  7 -8  2 -3 -8 -8 -6 -7 -6 -4    0   0   0   0   0   0   0   0   0   1  94   0   4   1   0   0   0   0   0   0  2.35 0.96
  101 L   -4 -3 -7 -7 -3 -5 -4 -7 -4  4  5 -3  0 -2 -7 -6 -4 -4 -4  3    1   1   0   0   0   0   1   0   0  22  48   2   2   1   0   0   0   0   0  21  1.15 0.55
  102 E    2 -1  0  3 -6  1  5 -3 -2 -6 -6  2 -5 -6 -5 -1 -2 -7 -6 -5   17   3   4  17   0   6  33   1   1   0   0  11   0   0   0   4   2   0   0   0  0.78 0.48
  103 E    0  1  2  0 -4  1  3 -2 -1 -4 -4  2 -2 -5 -4  2  0 -6 -5 -4    9   7   9   5   0   7  18   2   1   0   1  15   1   0   0  18   6   0   0   0  0.43 0.33
  104 G   -4 -5  0  1 -7 -3 -2  7 -5 -8 -8 -1 -7 -8 -7 -4 -6 -7 -8 -8    0   1   5   8   0   1   3  76   0   0   0   5   0   0   0   0   0   0   0   0  1.93 0.82
  105 K    0  1  0 -1 -2  0 -2 -2  5 -3  0  4  0 -1 -4 -1 -2  0  0 -3   10   8   4   4   1   3   1   2  16   1   9  25   2   3   0   3   2   1   4   1  0.42 0.31
  106 A    7 -7 -7 -7 -3 -6 -6 -4 -7 -3 -5 -6 -5 -7 -6 -4 -4 -8 -7  0   89   0   0   0   1   0   0   1   0   2   1   0   0   0   0   0   1   0   0   6  2.19 0.97
  107 Y   -8 -8 -8 -9 -8 -8 -8 -9 -4 -7 -7 -8 -7  1 -9 -8 -8 -4 10 -6    0   0   0   0   0   0   0   0   0   0   0   0   0   4   0   0   0   0  95   0  3.78 1.37
  108 Y   -3  5 -5 -5 -5 -2 -2 -6  2 -4 -4  2 -4 -1  3 -5 -4  2  6 -5    1  28   0   0   0   1   3   0   5   1   1  11   0   2  14   0   1   3  27   0  1.14 0.59
  109 S    0 -8 -8 -1 11 -8 -8 -7 -8 -7 -6 -8 -7 -6 -8 -3 -6 -8 -8 -5    7   0   0   5  83   0   0   0   0   0   0   0   0   0   0   2   0   0   0   1  3.67 1.24
  110 F   -6 -6 -4 -3 -6 -6 -6 -6 -4 -5 -5 -7 -5  8 -5 -6 -3  1  6 -4    1   0   1   2   0   0   0   1   0   0   0   0   0  60   1   0   2   2  27   1  2.30 0.90
  111 K   -1 -6 -7  0 11 -6 -3 -6 -1 -5 -3 -5 -2 -7 -7 -3 -2 -7 -2 -5    5   0   0   5  72   0   2   0   2   0   2   1   1   0   0   2   3   0   2   1  2.82 1.01
  112 T   -3 -5 -2 -2 -4 -4 -4 -5 -4 -6 -5 -3 -5 -6 -1  4  6 -7 -5 -5    2   0   1   2   0   1   1   0   0   0   1   1   0   0   3  32  54   0   0   0  1.53 0.77
  113 E    1  0 -2  0 -5  1  2 -3 -3 -4 -5  2 -5 -5  5  0 -1 -6 -5 -3   10   4   2   4   0   6  12   1   0   1   1  15   0   0  29   8   4   0   0   2  0.68 0.41
  114 E   -1 -2 -4  2 -7  1  7 -5 -3 -7 -5 -1 -6 -7 -5 -3 -3 -7 -6 -5    5   2   1  11   0   4  67   1   1   0   1   4   0   0   0   2   1   0   0   1  1.60 0.75
  115 E   -3  5 -4  0 -7  0  6 -5 -4 -6 -6 -1 -4 -6 -4 -4 -4 -7 -5 -5    2  32   1   5   0   3  50   1   0   0   1   2   0   0   1   1   1   0   0   1  1.50 0.71
  116 L   -4 -4 -7 -6 -5 -4 -6 -6 -6  1  6 -6 -1 -4 -6 -5 -4 -4 -4 -1    1   1   0   0   0   1   0   1   0   7  81   0   1   0   0   1   1   0   0   3  1.68 0.71
  117 E    1 -3 -1  4 -6  1  5 -4 -3 -4 -5  0 -4 -6 -5 -1 -1 -6 -5 -4   13   1   2  19   0   5  44   1   0   1   1   5   0   0   0   3   3   0   0   1  0.99 0.53
  118 A    3  0 -1 -1 -4  2  3 -2 -2 -3 -1  2 -2 -4 -3 -1 -1 -5 -4 -2   27   5   2   2   0  10  21   2   1   1   6  12   1   0   0   4   2   0   0   2  0.45 0.33
  119 Q   -2  1 -4 -1 -4  0  2 -4 -2  0  2  0  6 -2 -4 -3 -2 -2 -1  0    4   8   0   4   0   4  13   1   1   4  23   6  20   1   0   1   1   1   2   6  0.45 0.32
  120 R   -4  8 -3 -5 -7 -2 -4 -6 -1 -6 -6  2 -6 -7 -5 -3 -5 -7 -5 -6    1  77   1   1   0   2   1   1   1   0   1  12   0   0   1   2   0   0   0   0  2.21 0.89
  121 E    1  1  0 -1 -5  3  4 -4 -2 -4 -4  4 -3 -5 -4 -1 -2 -5 -4 -3   12   7   3   3   0  11  29   1   0   1   2  21   0   0   0   4   2   0   0   2  0.65 0.40
  122 E    1  1 -1  1 -4  2  4 -2 -2 -2 -2  1 -2 -3 -3  0 -1 -4 -3 -2   14   8   3   6   0   9  28   2   1   3   5   9   1   1   0   5   3   0   1   2  0.35 0.27
  123 Q    4 -1 -2 -2 -1  6 -2 -3  0 -4 -2 -3  1 -3 -4 -2 -3 -5 -2 -3   34   4   2   2   1  34   1   2   2   1   4   1   3   1   0   2   1   0   2   1  0.90 0.53
  124 R   -1  2 -2 -2 -4  3  2 -3 -1  1  1  2  2 -3 -3 -1 -1 -4 -3 -1    5  13   2   1   0  13  15   2   1   7  14  11   5   0   1   2   4   0   0   4  0.27 0.23
  125 A    4  1 -2 -2 -4  0  1 -2 -3 -3 -3  3 -4 -5 -3  1 -1 -4 -3 -3   37   9   2   2   0   4   8   2   0   2   3  18   0   0   1   8   3   0   1   1  0.54 0.37
  126 M    2  3  2 -1 -4  1  2 -3  0 -3 -2  2 -1 -4 -3  0  0 -5 -4 -3   17  15   8   3   0   7  14   1   2   1   4  13   2   1   1   6   5   0   0   1  0.33 0.26
  127 G   -3  0  0 -3 -6 -1 -3  5  1 -6 -6  4 -5 -6 -4 -3 -4 -6 -5 -5    1   5   4   1   0   2   2  49   3   0   1  28   0   0   1   1   1   0   0   1  1.20 0.57
  128 I   -2  3 -2 -1 -4  3  3 -2 -2 -1  1  2 -1 -3 -2 -1 -2 -3 -3 -1    3  15   1   3   0  13  17   3   0   4  14  11   1   1   2   3   2   0   1   5  0.28 0.24
  129 A    2 -2 -1 -2 -5 -1 -3 -3 -1 -1 -4  0 -1 -2  6  0  1 -5 -3 -1   16   2   3   3   0   2   1   2   1   4   1   5   1   2  34   7   9   0   1   4  0.66 0.39
  130 P   -2 -3 -4 -4 -5 -1 -4 -3 -3 -2 -3 -3 -3  3  7 -1  1  2  2 -2    3   1   1   1   0   2   1   2   1   2   2   1   1  10  48   4   9   3   6   2  1.15 0.56
  131 H   -2  5 -2 -2 -4  0 -2  2  1  0 -2  3  2 -3 -3 -2 -2 -5 -4 -1    3  28   1   1   0   4   1  14   3   5   3  20   5   1   1   2   2   0   0   6  0.52 0.34
  132 Y   -5 -4 -6 -5 -5 -5 -4 -6  1 -5 -4 -6 -6  0 -6 -4 -6 -1 10 -4    1   1   0   1   0   0   1   1   3   0   1   0   0   3   1   1   0   0  83   1  2.91 1.08
  133 V   -3 -2  1  7 -6 -3 -2 -3 -4 -3 -4 -2 -4 -4  0  1 -2 -5 -5 -2    2   3   7  56   0   1   1   2   0   1   2   2   0   1   5  10   2   0   0   3  1.19 0.58
  134 Y   -2  5  1 -4  0 -2 -3  5 -2 -4 -5  0 -4 -3 -4 -2 -3 -1 -1 -5    2  26   8   0   2   1   1  41   1   1   1   5   0   1   1   3   1   1   2   0  0.94 0.49
  135 E   -2  5 -2 -4 -3 -1 -1 -3  5 -2 -2  3 -3 -2 -2 -1  2 -5 -2 -3    3  31   2   1   1   1   3   2  14   2   3  15   0   2   2   4  11   0   1   1  0.66 0.40
  136 Y   -4 -4 -2 -6 11 -6 -6 -4  2 -5 -5 -5 -4 -2 -6 -4 -3  5  2 -4    1   1   3   1  66   0   0   1   4   1   1   1   1   2   0   1   2   6   7   1  2.63 0.94
  137 E   -1  7 -4 -1 -4 -3 -3 -5 -2 -5  0 -1 -1 -5 -3 -2 -4 -6 -3 -5    5  65   0   3   0   0   1   1   1   1  11   2   1   0   2   3   1   0   1   1  1.51 0.69
  138 G   -1  0  4  3 -3 -1  0  1  3 -4 -3  0 -1 -2 -2  1 -1 -4 -1 -4    4   5  21  16   1   3   5  10   8   1   2   6   2   2   1   8   3   0   2   0  0.39 0.26
  139 M   -2  1 -2 -4 -4 -2 -3 -3 -1  1  5  0  1  0 -2 -3 -2 -2 -1 -1    4   7   2   1   0   1   2   2   1   5  53   5   3   3   2   2   2   0   2   3  0.59 0.33
  140 T   -2 -3 -1  2  2 -2 -2 -2 -3 -3 -2 -2  0 -2  2  4  3  0 -3 -3    3   1   2  11   4   1   2   2   1   1   3   2   3   2   9  30  21   1   1   2  0.50 0.33
  141 T    1  2 -1  1 -3  0  1 -2 -1 -2 -1  2 -2 -3  3  0 -1 -3 -2 -2   11  10   3   8   0   4  11   3   1   2   6  12   0   1  15   5   3   0   1   2  0.25 0.16
  142 D    1 -1  1  3 -4  0  4 -1 -1 -3 -3  0 -3 -3 -1  0 -1 -4 -3 -3   12   3   7  14   0   3  28   4   2   1   2   6   0   1   3   7   3   0   1   2  0.40 0.25
  143 E   -2 -2 -2  1 -4  2  6 -3 -2 -3 -1 -1 -3 -3 -2  0 -1 -2 -3 -3    3   2   2   7   0   9  46   2   1   2   8   3   1   1   2   6   3   1   1   2  0.72 0.38
  144 I    1  1 -1 -1 -2 -1 -1 -2 -1  3  0 -1  0 -2  0  0  0 -1 -2  2   10   8   2   3   1   3   3   2   1  19   8   4   1   1   4   8   4   1   1  17  0.12 0.11
  145 K    0  1 -1  1 -3  2  2 -2 -2 -2 -2  2 -2 -3  2  0  0 -1 -2 -2    8   7   3   8   0   8  15   3   1   2   4  16   1   1  10   5   5   1   1   2  0.24 0.16
  146 Q    1  2 -1  0 -2  2  1 -1  0 -2 -2  2 -1 -2  0  0 -1 -2 -2 -2   15  12   3   4   1   9  11   4   2   2   5  14   1   1   3   5   4   0   1   2  0.18 0.12
  147 A    0  1  0  0 -1  1  1 -1 -1 -1  0  1  0  1  0  0 -1 -1  0 -1    8   7   4   5   1   6  12   4   1   2  10  11   2   7   3   4   4   1   4   3  0.06 0.05
  148 Q    0  1 -1  0 -2  0  2 -1 -1  1  0  0  0 -2 -1  0  0 -1 -1  0    9   9   2   3   1   4  18   4   1   8  10   6   2   2   2   5   4   1   2   6  0.07 0.06
  149 A    2  0  0  1 -2  1  1 -1 -1 -1 -1  1 -1 -2 -1  1  0 -2 -2 -1   24   5   3   6   1   7  10   4   1   2   5   8   1   2   3   8   4   0   1   4  0.14 0.11
  150 E    1  1 -1  1 -3  1  5 -2 -1 -3 -2  1 -2 -3 -1 -1 -1 -3 -2 -2   10   6   3   6   1   7  36   3   1   2   3   8   1   1   2   4   3   0   1   2  0.46 0.23
  151 A    0  4  0 -1 -2  0  0  0  0 -2 -1  2 -1  0 -1 -1 -1 -2  0 -2    6  24   5   2   1   2   4   8   2   2   8  15   1   5   3   3   3   0   3   2  0.22 0.14
  152 R    0  2 -1 -1 -2 -1  0 -1 -1  1  2  1  1 -1  0 -1 -1 -2 -2  0    9  12   2   3   1   2   8   4   1   8  21   8   3   1   4   3   3   1   1   8  0.08 0.08
  153 A    3  0  0  1 -2  0  1 -1 -1 -2 -1  1 -1 -2  1  0 -1 -1 -2 -1   28   4   4   7   1   3   8   4   1   2   5   7   2   1   6   6   4   1   1   4  0.17 0.12
  154 K    3  1  1 -1 -2  1  0 -1 -1 -2 -2  2 -2 -2 -1  1 -1 -3 -2 -2   24   6   7   4   1   7   6   4   1   2   3  13   1   1   3  11   2   0   1   2  0.22 0.16
  155 G   -2 -3  1 -1 -3 -3 -3  6 -3 -4 -4 -1 -4 -5 -4 -1 -2 -4 -4 -4    2   1   7   3   1   1   2  65   1   1   2   3   0   1   1   4   2   0   1   1  1.26 0.51
  156 L   -1  2 -1  0 -2  0  4 -2 -1  0 -1  1 -1 -3 -1 -2  0 -4 -3  0    5  14   2   5   1   3  26   3   1   7   7   7   1   0   2   2   7   0   1   7  0.27 0.21
  157 K   -2  0 -1 -1 -5  0  0 -3 -3 -4 -4  3 -3 -5  6  0 -1 -4 -5 -3    3   6   2   4   0   4   5   1   0   1   1  17   1   0  40   7   4   0   0   2  0.93 0.47
  158 P   -1 -2 -3 -5 -1 -4 -4 -1  5 -4 -4 -4 -4  4  4 -1 -3 -1  6 -4    6   2   1   0   1   0   1   4  15   1   1   1   0  16  20   4   1   1  24   1  1.03 0.51
  159 V    2 -5 -5 -6  2 -5 -6 -6 -6  0 -3 -5 -4 -5 -6 -1  3 -6 -5  6   14   0   0   0   4   0   0   0   0   4   1   0   0   0   0   4  16   0   0  56  1.25 0.62
  160 V   -5 -7 -7 -7 -5 -7 -7 -8 -7  6  1 -7 -3 -3 -7 -6 -4  3 -1  5    0   0   0   0   0   0   0   0   0  47  12   0   0   1   0   0   0   4   2  33  1.56 0.67
  161 R   -7  9 -6 -7 -9 -5 -6 -8 -6 -6 -7 -3 -7 -6 -8 -6 -7 -8 -6 -7    0  97   0   0   0   0   0   0   0   0   0   1   0   0   0   0   0   0   0   0  3.18 1.21
  162 I   -6 -7 -7 -8 -4 -1 -7 -8 -5 -1  4 -7  3  8 -8 -7 -6 -4 -2 -3    0   0   0   0   0   3   0   0   0   4  32   0   6  52   0   0   0   0   1   1  1.76 0.74
  163 H    0  4 -1 -4 -4 -2 -3 -5  0 -5 -3  6 -2 -5 -6 -3 -5 -6 -5 -6    8  23   2   1   0   1   1   0   2   1   3  54   1   1   0   1   0   0   0   0  1.38 0.67
  164 I   -1 -5  0 -5 -2 -5 -6 -6 -6  3  0 -5  5 -3 -6 -2  1 -6 -4  5    4   0   4   0   1   0   0   0   0  15   7   0  13   1   0   3   9   0   0  41  0.89 0.48
  165 P   -3 -5 -3  0 -6 -3 -1 -4 -4 -4 -6 -3 -6 -6  8 -3 -3 -7 -6 -5    2   0   2   5   0   1   4   1   0   1   1   1   0   0  76   2   1   0   0   1  2.25 0.90
  166 E   -1  1 -1  3 -5  1  3 -3  0 -3  0  1 -3 -3  0 -1  0 -5 -3 -3    4   8   2  16   0   7  22   2   2   1  10   7   0   1   6   4   5   0   1   1  0.32 0.25
  167 G   -1 -2  2  3 -3 -1  3  3 -1 -5 -5 -1 -3 -3 -1  1  1 -4 -3 -3    3   1  10  14   0   2  19  21   2   0   0   4   0   1   3   9   7   0   1   1  0.45 0.31
  168 V   -1  1 -2 -2 -3  1  2  5 -2 -3 -3  2 -2 -4 -3 -2 -2 -5 -3 -2    4   6   1   2   0   7  12  38   1   2   3  12   1   1   1   2   2   0   1   3  0.55 0.34
  169 T   -1 -1 -1  1 -3  0  3 -4 -2  0 -3  1 -2 -4  1  0  3 -5 -3  0    4   3   2   8   0   4  20   1   1   6   1   9   1   0   6   7  20   0   0   6  0.32 0.27
  170 Y   -3 -4 -4 -4  0 -3 -4 -5 -4  4  0 -4 -1 -1 -4 -3  3 -3  1  3    1   1   0   1   2   1   1   1   0  26   9   1   1   3   1   1  22   0   4  23  0.70 0.38
  171 E    0  0 -2 -2 -2 -1  1 -2 -1  1 -2  1 -2 -3 -1  1  2 -3 -3  2    7   5   1   2   1   2  11   3   1   7   2   7   0   1   3  13  15   0   1  19  0.20 0.21
  172 W   -5 -7 -7 -8 -3 -7 -7 -7 -3  2 -1 -7 -2  7 -6 -6 -5  6  1  3    1   0   0   0   1   0   0   0   1  10   5   0   1  46   0   0   0  11   4  20  1.60 0.69
  173 D   -3  0  3  3 -4  1  2 -4  5 -4 -4  1 -3 -4 -2 -1  1 -5 -2 -2    1   4  15  16   0   6  13   0  13   1   1   8   0   1   2   3   9   0   1   3  0.54 0.36
  174 D   -8 -7 -4  9 -6 -6 -4 -7 -7 -9 -10 -7 -9 -9 -7 -6 -6 -10 -9 -9    0   0   0  99   0   0   0   0   0   0   0   0   0   0   0   0   0   0   0   0  3.34 1.25
  175 I    0 -2 -5 -5 -4 -1  0 -3 -1  2  4 -1  3 -1 -4 -3 -2 -3 -3  0    8   2   0   0   0   3   8   2   1   9  43   3   8   2   1   1   1   0   0   7  0.52 0.34
  176 V   -3 -7 -7 -8 -3 -7 -6 -7 -8  6  1 -7 -3 -5 -7 -6 -4 -4 -6  6    1   0   0   0   0   0   0   0   0  39  11   0   0   0   0   0   0   0   0  46  1.63 0.71
  177 K   -5  7 -5 -5 -5  0 -5 -6  4 -7 -2  2 -1  0 -7 -5 -5 -1  3 -6    0  55   0   0   0   4   0   0  10   0   4  10   1   4   0   0   0   1  10   0  1.52 0.72
  178 G   -5 -6 -3 -3 -8 -6 -6  8 -4 -9 -9 -3 -8 -9 -7 -5 -7 -8 -8 -8    0   0   1   2   0   0   0  94   1   0   0   2   0   0   0   0   0   0   0   0  2.65 1.03
  179 H   -2  2  0  2 -4  1  4 -4  1 -4 -4  2 -3 -5  1 -2  1 -1 -3 -3    2   9   5  13   0   4  25   1   4   1   1  15   0   0   7   2   8   1   1   1  0.50 0.35
  180 L   -4 -5 -5 -7 -5 -2 -6 -7 -7  6  0 -5  2 -3 -5 -4 -3 -7 -3  5    0   0   0   0   0   2   0   0   0  37   7   0   5   0   0   1   1   0   1  43  1.39 0.63
  181 S   -1  1 -1 -2 -2 -1  3 -3  0 -2 -4  1 -3 -5 -4  3  3 -6 -3  0    5   9   2   1   1   2  17   1   2   2   1   9   0   0   0  19  18   0   0   9  0.41 0.34
  182 F   -4 -3 -6 -7 -5 -4 -6 -7 -1  2 -2 -3 -2  7 -6 -5 -2  4  1  3    1   1   0   0   0   1   0   0   2  11   2   2   1  51   0   1   2   5   4  17  1.47 0.65
  183 E   -1 -1  3  4 -6  1  3 -2  0 -5 -4  1 -4 -5  2  0 -3 -4 -4 -5    5   4  13  25   0   7  16   2   2   0   1   7   0   0  10   6   1   0   0   0  0.59 0.37
  184 S    0 -3  5 -3 -2 -3 -2  0  2 -2 -1 -2 -1 -3 -1  2  2  2 -1 -2    9   1  30   1   1   0   2   5   5   2   6   1   1   1   3  14  12   3   2   2  0.47 0.35
  185 D    1  0  2  3 -3 -1  1  0 -1 -4 -4  2 -4 -4 -2  2 -1 -3 -4 -4   13   6   9  14   1   2  10   6   1   0   1  11   0   1   1  19   3   0   0   1  0.38 0.28
  186 T   -1 -2  0  3 -4  2  3 -2  0 -3  0 -2 -1 -4 -3  0  2 -5 -3 -1    6   2   5  15   0   9  22   2   2   0   9   1   1   0   0   5  13   0   1   4  0.35 0.28
  187 I   -4 -3 -3 -6 -5 -4 -5 -5 -4  5  4 -5  1  1 -6 -5 -2 -5 -3  2    1   1   1   0   0   0   0   1   0  31  38   0   2   6   0   0   2   0   0  13  1.00 0.47
  188 G    0  0  0  0  0  1  1  0  0  0  0  0  0  0  0  0  0  0  0  0    6   4   4   4   2   6   9   7   2   5   9   5   3   4   5   8   6   1   4   7  0.02 0.00
  189 G   -4 -4 -3  6 -5 -3  2  4 -4 -5 -5 -4 -3 -5 -2 -3 -4 -5 -5 -5    1   1   1  46   0   1  11  30   0   1   1   1   1   0   2   1   1   0   0   1  1.34 0.58
  190 D   -7 -7 -4  9 -9 -6 -3 -7 -4 -9 -9 -6 -9 -9 -7 -6 -7 -10 -7 -9    0   0   0  98   0   0   1   0   0   0   0   0   0   0   0   0   0   0   0   0  3.27 1.22
  191 F   -3 -5 -5 -6 -6  3 -5 -6 -1  0  0 -1  1  7  2 -4 -3  0 -1 -3    2   0   0   0   0  15   0   0   1   5   7   4   3  45  10   1   1   1   2   1  1.17 0.60
  192 V   -3 -7 -7 -8 -6 -7 -7 -8 -8  5 -3 -7 -3 -5 -5 -4 -5 -8 -6  7    2   0   0   0   0   0   0   0   0  33   0   0   0   0   1   2   0   0   0  61  1.93 0.82
  193 I   -5 -7 -8 -8 -5 -7 -8 -8 -8  6  5 -7  0 -4 -7 -7 -5 -7 -6  0    1   0   0   0   0   0   0   0   0  47  44   0   2   0   0   0   0   0   0   5  1.69 0.72
  194 Q    1 -2 -6 -6 -3  0 -5 -6 -5  3  4 -5  4 -1 -6 -4 -2 -3 -3  2   10   3   0   0   0   4   0   0   0  14  36   0  11   2   0   1   2   0   1  14  0.72 0.41
  195 K   -6  6 -5 -6 -9 -4 -5 -6 -6 -8 -8  7 -7 -8 -7 -6 -5 -8 -7 -8    0  42   0   0   0   0   0   1   0   0   0  57   0   0   0   0   0   0   0   0  2.30 0.97
  196 R    2 -2 -1 -2 -6 -1 -4 -2 -5 -7 -7 -3 -5 -6 -2  6  0 -7 -6 -5   15   2   2   2   0   3   1   3   0   0   0   1   0   0   2  64   5   0   0   0  1.34 0.73
  197 D   -5 -6  3  8 -8 -5 -3 -4 -6 -5 -4 -5 -8 -7 -6 -2 -3 -9 -8 -8    1   0  11  78   0   0   1   1   0   1   2   0   0   0   0   3   1   0   0   0  2.27 0.94
  198 G   -5 -3 -2 -3 -8 -3 -3  7 -5 -9 -7 -3 -6 -6 -6 -4 -6 -8 -8 -8    0   2   2   2   0   1   2  87   0   0   0   2   0   0   0   1   0   0   0   0  2.30 0.93
  199 M   -2 -2 -3 -3 -4 -2 -3 -3 -2  0 -1 -4  4  5 -5  1  2  2  3 -1    2   2   1   1   0   2   2   2   1   6   6   0  11  23   0  12  14   3   9   4  0.53 0.36
  200 P   -1 -8 -8 -7 -5 -7 -7 -8 -8 -7 -8 -7 -7 -3  9 -5 -6 -9 -8 -4    6   0   0   0   0   0   0   0   0   0   0   0   0   1  90   1   0   0   0   1  3.10 1.21
  201 T   -3 -6 -5 -6 -6 -6 -6 -5 -7 -2  1 -6 -1 -5 -5 -1  7 -7 -6  1    2   0   0   0   0   0   0   1   0   1  13   0   1   0   0   3  70   0   0   8  1.71 0.84
  202 Y   -8 -8 -8 -9 -9 -8 -8 -9 -4 -7 -6 -8 -7  2 -9 -8 -8 -4 10 -7    0   0   0   0   0   0   0   0   0   0   0   0   0   6   0   0   0   0  94   0  3.74 1.36
  203 N   -6 -6  7 -5 -8 -1 -5 -6  9 -5 -3 -6  0 -5 -6 -5 -4 -8 -4 -6    0   0  46   0   0   2   0   0  42   1   3   0   2   0   0   0   1   0   0   1  2.36 0.97
  204 F   -7 -7 -8 -8 -7 -7 -8 -7 -4 -3  4 -8  0  8 -8 -7 -6 -3  0 -4    0   0   0   0   0   0   0   0   0   0  43   0   2  51   0   0   0   0   2   0  2.02 0.83
  205 A    7 -6 -6 -7  3 -5 -6 -2 -7 -6 -6 -6 -6 -7 -6  0 -1 -8 -7 -1   78   0   0   0   6   0   0   2   0   0   0   0   0   0   0   5   3   0   0   5  1.82 0.85
  206 V   -1 -6  5 -5  4 -5 -5 -4  1 -3 -5 -5 -4 -5 -6  0 -2 -7 -6  5    6   0  29   0   7   0   0   1   3   0   0   0   0   0   0   7   2   0   0  43  1.25 0.66
  207 V    1 -7 -7 -8 -2 -7 -7 -6 -8  1 -4 -7 -1 -4 -3 -5 -2 -8 -6  7    9   0   0   0   1   0   0   0   0   5   0   0   1   1   2   0   3   0   0  78  1.89 0.83
  208 I   -3 -7 -8 -8 -1 -7 -7 -7 -8  5 -2 -7 -3 -5 -7 -5 -4 -7 -4  7    2   0   0   0   1   0   0   0   0  25   2   0   0   0   0   1   1   0   0  67  1.89 0.80
  209 D   -8 -8 -4  9 -10 -6 -4 -7 -7 -9 -10 -7 -9 -10 -7 -6 -7 -10 -9 -9    0   0   0 100   0   0   0   0   0   0   0   0   0   0   0   0   0   0   0   0  3.39 1.26
  210 D   -8 -7 -4  9 -9 -6 -3 -7 -7 -9 -10 -6 -9 -10 -7 -6 -7 -10 -9 -9    0   0   0  99   0   0   1   0   0   0   0   0   0   0   0   0   0   0   0   0  3.35 1.25
  211 H    2 -4 -2 -5 -4 -4 -3 -4  9  0 -3 -5  0 -1 -6 -3 -3  0  3 -2   17   1   1   0   0   0   1   1  49   6   3   0   2   2   0   1   1   1   8   3  1.54 0.70
  212 L    0 -3 -3  3 -3 -2  2 -4  1 -3  4 -3  0 -1 -5 -2  0 -4 -1 -3    9   1   0  15   1   1  11   1   3   0  42   1   2   3   0   2   5   0   2   0  0.55 0.39
  213 M   -5 -8 -8 -8 -6 -3 -6 -9 -8 -5 -3 -7 11 -3 -9 -6 -6 -8 -6 -5    1   0   0   0   0   1   0   0   0   0   1   0  95   1   0   0   0   0   0   0  3.96 1.43
  214 E   -1  1  1 -1 -6  2  3  3 -1 -6 -6  4 -4 -7 -5 -3 -4 -6 -6 -5    5   8   6   3   0   9  18  25   1   0   0  23   0   0   0   1   0   0   0   0  0.76 0.45
  215 I   -6 -8 -9 -9 -4 -8 -8 -9 -9  8 -4 -8 -1 -5 -8 -8 -5 -8 -7  2    0   0   0   0   0   0   0   0   0  87   0   0   1   0   0   0   0   0   0  11  2.65 1.00
  216 S   -5 -6 -1 -4 -6 -6 -6 -6 -7 -6 -7 -6 -6 -7 -6  5  7 -8 -7 -6    0   0   2   1   0   0   0   0   0   0   0   0   0   0   0  34  63   0   0   0  2.05 0.97
  217 H   -8 -5 -4 -1 -3 -3 -5 -8 11 -9 -4 -7 -5 -5 -7 -7 -4 -6 -3 -8    0   0   0   4   1   1   0   0  88   0   2   0   0   1   0   0   2   0   1   0  3.66 1.30
  218 V   -4 -8 -8 -8 -6 -7 -8 -8 -8  3 -4 -7 -3 -6 -8 -7 -4 -8 -6  8    1   0   0   0   0   0   0   0   0  12   0   0   0   0   0   0   0   0   0  87  2.44 0.97
  219 L   -4 -7 -7 -8 -3 -7 -7 -7 -7  7  2 -6  2  0 -7 -6 -3 -6 -4  1    1   0   0   0   0   0   0   0   0  60  20   0   4   4   0   0   1   0   0   8  1.61 0.68
  220 R   -7  9 -6 -7 -9 -5 -6 -8 -6 -7 -8 -3 -7 -9 -8 -7 -7 -8 -7 -8    0  99   0   0   0   0   0   0   0   0   0   0   0   0   0   0   0   0   0   0  3.33 1.25
  221 G    1 -7 -6 -6 -7 -7 -7  7 -7 -8 -8 -7 -8 -8 -7 -3 -6 -8 -8 -8   12   0   0   0   0   0   0  86   0   0   0   0   0   0   0   1   0   0   0   0  2.44 0.97
  222 D   -2 -4 -1  4 -4  0  6 -6 -3 -4 -6 -4 -6 -7 -5 -3 -4 -8 -7 -1    3   1   2  22   1   4  57   0   1   1   0   0   0   0   0   2   1   0   0   5  1.45 0.72
  223 D   -6 -6 -5  6 -9 -4  6 -4 -6 -9 -9 -5 -8 -9 -6 -5 -6 -9 -8 -8    0   0   0  47   0   0  52   1   0   0   0   0   0   0   0   0   0   0   0   0  2.25 0.97
  224 H   -8 -7 -6 -8 -9 -6 -7 -6 10 -7 -3 -7 -7 -1 -9 -7 -8 10  0 -9    0   0   0   0   0   0   0   1  54   0   3   0   0   2   0   0   0  36   3   0  3.40 1.23
  225 I   -6 -7 -8 -8 -6 -1 -7 -8 -5  5  5 -7  0 -4 -7 -6 -5 -6 -4  0    0   0   0   0   0   3   0   0   0  30  59   0   2   0   0   0   0   0   0   5  1.55 0.68
  226 S    0 -5  1 -3 -6 -5 -5 -4 -4 -1 -5 -4 -3 -7  4  5  1 -7 -4 -3    7   0   7   1   0   0   0   1   0   3   0   0   0   0  23  45   8   0   0   2  1.11 0.64
  227 N   -4 -6  7 -4 -7 -4 -5 -6 -5 -8 -8 -5 -7 -6 -7  5 -3 -9 -7 -6    1   0  55   0   0   0   0   0   0   0   0   0   0   0   0  42   1   0   0   0  2.18 0.98
  228 T    0 -6 -5 -6 -4 -6 -6 -5 -7 -4 -2 -6 -1 -4 -6 -2  8 -5 -4 -2    7   0   0   0   0   0   0   1   0   1   5   0   1   1   0   2  80   0   0   2  2.04 0.95
  229 P    0 -7 -6 -7 -4 -6 -6 -4 -3 -5 -3 -6 -7  0  8 -3 -5 -8 -5 -4    8   0   0   0   0   0   0   2   1   1   3   0   0   4  77   2   1   0   0   2  2.37 1.00
  230 K   -5  5 -3 -5 -5 -3 -4 -7 -4 -1 -2  7 -4 -5 -4 -4 -4 -7 -2 -4    0  26   1   0   0   0   0   0   0   4   4  59   0   1   1   1   1   0   1   1  1.64 0.77
  231 Q   -6 -5 -3 -6 -9  8 -4 -8  9 -7 -7 -5 -5 -5 -7 -5 -7 -7  0 -7    0   0   1   0   0  55   0   0  40   0   0   0   0   1   0   0   0   0   3   0  2.73 1.12
  232 L   -2 -5 -3 -7 -1 -2 -5 -6 -4  6  3 -3  1 -3 -6 -5 -3 -2 -4  3    4   0   2   0   1   2   0   0   0  40  25   2   3   0   0   0   1   1   0  18  1.00 0.49
  233 C    0 -3 -1 -6 -2  1 -4 -6  0  0  5 -4  3 -2 -4 -4 -4 -2 -2 -1    9   1   3   0   1   6   1   0   3   4  56   0   8   1   1   1   0   0   1   3  0.86 0.48
  234 V   -5 -7 -8 -8 -6 -7 -7 -8 -7  5  5 -7  1 -3 -7 -7 -4 -6 -5  0    0   0   0   0   0   0   0   0   0  30  59   0   3   1   0   0   1   0   0   6  1.63 0.70
  235 Y   -3 -4 -5 -7 -4 -1 -6 -6 -1 -2 -2 -7 -4  3 -8 -6 -6  0  9 -6    2   1   0   0   0   3   0   1   1   2   4   0   0  11   0   0   0   1  71   0  2.44 0.99
  236 E   -2  3  1  2 -7  4  4 -4  0 -6 -6  3 -4 -7 -5 -3 -4 -5 -5 -6    3  17   5  10   0  16  29   1   2   0   0  15   0   0   0   1   0   0   0   0  0.92 0.53
  237 A    7 -5 -5 -5 -2 -5 -5 -3 -5 -5 -5 -5  0 -2 -6 -1 -3 -4  0 -4   81   0   0   0   1   0   0   2   0   0   1   0   2   2   0   4   1   0   4   1  1.75 0.83
  238 L   -6 -7 -8 -8 -4 -7 -8 -8 -7 -2  5 -7  2  6 -8 -7 -6 -5 -3 -4    0   0   0   0   0   0   0   0   0   1  58   0   5  35   0   0   0   0   0   0  1.87 0.79
  239 G   -3 -5  0  0 -7 -3 -1  7 -4 -8 -8 -4 -7 -8 -7 -3 -6 -8 -8 -8    2   0   5   6   0   1   4  77   0   0   0   1   0   0   0   2   0   0   0   0  1.93 0.82
  240 W    0 -5 -7 -7 -3 -3 -4 -4 -2 -2 -1 -4 -3  3 -8 -5 -5 11  2 -2    9   0   0   0   0   1   2   1   1   2   6   1   1  13   0   1   1  50   7   3  2.21 0.88
  241 E   -1 -1  0  2 -6  2  4 -4 -3 -4 -6  1 -4 -6  3 -1  2 -6 -5 -4    4   2   4  12   0   7  27   1   0   1   0  10   0   0  16   4  11   0   0   1  0.66 0.43
  242 A    0  0 -5 -4 -2 -2 -2 -5 -2  1  0 -2  3 -4  5 -2 -1 -6 -4  2    9   5   0   0   1   2   3   0   1   9  10   2   7   0  31   2   3   0   0  14  0.64 0.39
  243 P   -7 -8 -7 -8 -9 -7 -7 -8 -5 -8 -8 -7 -9 -10  9 -6 -6 -10 -9 -7    0   0   0   0   0   0   0   0   0   0   0   0   0   0  98   0   0   0   0   0  3.61 1.36
  244 V    0  2 -1 -2 -4  3  2 -4  0  0 -2  2 -2 -2 -4 -2  0 -5 -2  2    7   9   2   2   0  15  15   0   2   7   4  11   0   1   0   2   6   0   1  14  0.29 0.26
  245 F   -7 -8 -8 -9 -8 -8 -8 -8 -3 -2 -3 -8  0  9 -9 -7 -5  3  6 -5    0   0   0   0   0   0   0   0   0   2   2   0   2  68   0   0   1   3  22   0  2.60 0.98
  246 G    6 -6 -6 -6  1 -5 -6  2 -6  0 -3 -5 -2 -5 -6 -3 -3 -1 -3  1   61   0   0   0   3   0   0  15   0   5   2   0   1   0   0   1   1   1   1   9  1.20 0.64
  247 H   -8 -6 -5 -7 -9 -5 -6 -8 12 -10 -9 -7 -8 -8 -8 -6 -6 -9 -4 -9    0   0   0   0   0   0   0   0  99   0   0   0   0   0   0   0   0   0   0   0  4.46 1.50
  248 M   -4 -6 -6 -7 -1 -5 -7 -7 -1  2  5 -6  3 -2 -6 -5 -2 -6 -5  2    1   0   0   0   1   0   0   0   2  11  60   0   5   1   0   0   3   0   0  14  1.24 0.58
  249 T   -3 -7 -6 -7 -8 -6 -6 -4 -7 -8 -8 -6 -8 -9  8  2 -2 -9 -8 -6    2   0   0   0   0   0   0   2   0   0   0   0   0   0  78  15   2   0   0   0  2.62 1.08
  250 L   -5 -5 -3 -6 -5 -4 -6 -7 -2  0  5 -6  6 -2 -2 -4 -2 -6 -3  0    0   1   2   0   0   1   0   0   1   4  60   0  18   1   2   1   2   0   1   5  1.30 0.62
  251 I   -5 -7 -7 -7 -5 -7 -7 -8 -7  7  3 -7  0 -3 -7 -6 -3 -7 -5  2    0   0   0   0   0   0   0   0   0  59  22   0   2   1   0   0   2   0   0  13  1.68 0.70
  252 I   -4  0 -5 -6 -2 -5 -6 -7  1 -1  6 -4  3 -1 -6 -5 -2 -4 -2  1    1   5   0   0   1   0   0   0   4   2  64   1   7   2   0   0   3   0   1   8  1.17 0.56
  253 N   -3 -2  5  1 -5 -3 -2  5 -1 -5 -5 -1 -5 -5 -4 -2 -3 -5 -5 -5    2   2  30   7   0   1   2  43   1   0   1   4   0   0   1   2   1   0   0   1  1.16 0.52
  254 S    1 -2 -2 -2 -4  0  2 -2 -2 -4 -4  1 -3 -4  5  2  0 -4 -4 -3   10   2   2   2   0   4  12   3   1   1   2   9   0   1  30  13   6   0   0   1  0.62 0.34
  255 A    1 -1  0  2 -1  0  1  0 -1 -1 -1  0  0 -1  2  0  0 -1 -1 -1   13   3   5  11   1   4   9   6   1   4   6   4   2   2  11   7   5   1   2   4  0.11 0.05
  256 T   -5  1  0  7 -6 -3 -1  1 -4 -6 -6 -1 -6 -7 -5 -3 -2 -7 -6 -6    1   7   4  64   0   1   2  12   0   0   1   4   0   0   0   1   2   0   0   0  1.61 0.70
  257 G   -4  4 -1 -4 -6 -1 -3  5  1 -6 -6  4 -4 -6 -5 -3 -4 -6 -5 -6    1  23   3   0   0   2   1  36   4   0   0  26   0   0   0   2   1   0   0   0  1.15 0.57
  258 K    0  0 -2 -4 -5  1 -1  1 -3 -5 -5  4 -4 -6 -4  3  2 -6 -5 -4    7   3   1   0   0   6   3  10   1   0   1  30   0   0   0  24  13   0   0   1  0.70 0.45
  259 K   -6  2 -5 -6 -8 -4 -4 -6 -6 -5 -3  8 -4 -8  0 -5 -6 -8 -7 -7    0  10   0   0   0   0   0   0   0   1   3  79   1   0   5   0   0   0   0   0  2.17 0.93
  260 L   -6 -7 -8 -8 -6 -7 -7 -7 -7  0  6 -6  3 -2 -7 -2 -5 -6 -5 -3    0   0   0   0   0   0   0   0   0   5  82   0   7   1   0   3   0   0   0   0  1.85 0.80
  261 S   -3 -5 -5 -6 -6 -5 -6 -3 -6 -8 -8  0 -7 -8 -5  8 -4 -8 -7 -7    1   0   0   0   0   0   0   2   0   0   0   5   0   0   0  92   0   0   0   0  2.43 1.10
  262 K   -5  0 -6 -6 -9 -4 -5 -7 -6 -8 -7  8 -4 -9 -7 -5 -6 -9 -7 -6    0   4   0   0   0   0   0   0   0   0   0  94   0   0   0   0   0   0   0   0  2.84 1.14
  263 R   -7  9 -6 -5 -9 -4 -5 -8 -5 -9 -8 -3 -7 -9 -8 -4 -7 -9 -8 -8    0  97   0   0   0   0   0   0   0   0   0   1   0   0   0   1   0   0   0   0  3.19 1.22
  264 D   -4 -3  0  3 -5  2 -1 -5  9 -6 -4  2 -3 -3 -5 -1 -2 -4 -2 -6    1   1   5  17   0   8   3   0  41   0   2  11   1   1   0   4   2   0   1   0  1.37 0.65
  265 E   -2 -3  1 -1 -7 -3 -2  7  0 -6 -6 -3 -4 -7 -2 -3 -3 -7 -5 -7    3   1   7   3   0   1   2  72   2   0   1   1   0   0   3   1   2   0   0   0  1.60 0.70
  266 S    5 -4 -2  4 -5 -3 -1 -1  0 -4 -5 -3 -5 -5  0  1 -2 -6 -5 -1   43   0   2  22   0   1   4   4   2   0   1   1   0   0   4   9   2   0   0   4  0.78 0.47
  267 V    1 -2 -3 -4 -3 -3 -3 -3 -4  0 -1  0 -2 -2 -2 -1  5 -5 -3  4   10   2   1   1   0   0   2   2   0   5   5   5   1   2   2   3  32   0   0  27  0.59 0.38
  268 L    1  0  0  1 -1  0  0  0 -1  0  0  0  0 -1  0  0  0  0 -1  0   18   4   6   7   1   3   5   6   1   5   8   4   2   3   5   8   4   1   2   5  0.04 0.03
  269 Q    0  0  0  0  0  0  0  0  0  0  0  0  0  0  1  0  0  0  0  0   10   4   4   5   2   6   5   9   2   5   7   5   2   4   6   6   6   1   3   8  0.02 0.00
  270 F   -2 -3 -1 -3 -3 -3 -2  0  1 -3 -1 -3 -2  3 -3  5  0  0  0 -2    3   1   2   1   0   1   2   7   3   1   5   1   1  11   1  48   5   1   3   2  0.66 0.36
  271 I   -3 -5 -5 -5 -2 -5 -5 -5 -5  4  1 -5 -1 -1 -5 -3 -2 -4 -2  6    2   0   0   1   1   0   0   1   0  20  13   0   1   2   1   2   2   0   1  52  1.17 0.52
  272 E    0  1  0  1 -3  1  3  0 -1 -1  0  0  1 -3 -2  1  0 -4 -3 -2    6   6   3   8   0   5  21   7   1   3  11   4   4   0   1   9   6   0   0   2  0.18 0.17
  273 Q    0 -2 -2  4 -5  2  4 -1  2 -5 -5 -2 -4 -2 -4  0 -2  3  1 -4    8   2   1  19   0  10  30   5   4   0   0   1   0   2   0   6   1   4   5   1  0.65 0.41
  274 Y   -7 -6 -7 -8 -7 -7 -7 -8 -2 -5  0 -7 -3  6 -8 -7 -7 -2  9 -6    0   0   0   0   0   0   0   0   1   0   9   0   1  27   0   0   0   0  61   0  2.55 0.99
  275 R   -2  7 -4 -4 -5  2 -1 -5 -3  0 -1  3 -1 -5 -6 -4 -5 -4 -5 -3    3  50   0   0   0   7   4   1   0   5   6  18   1   0   0   1   0   0   0   2  1.18 0.60
  276 E    0  1  0  4 -6  1  4 -4 -2 -6 -5  2 -5 -7 -5 -2 -3 -7 -5 -5    9   7   5  22   0   5  31   1   1   0   1  14   0   0   0   2   1   0   0   0  0.83 0.48
  277 L    0  2 -1  1 -3  4  2 -3 -2 -3  0  2  3 -4 -4 -1 -2 -3 -4 -3    9   9   3   8   1  17  13   1   1   1   9  14  10   0   0   3   1   0   0   1  0.41 0.32
  278 V   -5 -8 -4 -6 -8 -6 -6  8 -6 -9 -8 -7 -8 -7 -7 -5 -7 -8 -8 -7    0   0   1   0   0   0   0  97   0   0   0   0   0   0   0   0   0   0   0   0  2.83 1.07
  279 S   -7 -7 -8 -8 -4 -6 -7 -8 -3  2 -4 -7 -5  5 -8 -6 -7 -3  9 -2    0   0   0   0   0   0   0   0   0   9   1   0   0  23   0   0   0   0  62   3  2.47 0.98
  280 C   -5 -6 -7 -6 -3 -4 -4 -8 -3 -1  6 -7  0  0 -4 -4 -3 -4 -1 -1    1   0   0   0   0   1   2   0   1   3  78   0   2   4   1   1   2   0   2   3  1.51 0.69
  281 Q   -1 -3 -5 -6 -8 -5 -6 -7 -6 -8 -8 -1 -8 -9  8 -1 -5 -7 -8 -5    6   1   1   0   0   1   0   0   0   0   0   5   0   0  80   5   1   0   0   1  2.56 1.05
  282 K   -2 -3 -4  2 -8  1  7 -3 -1 -5 -5 -2 -3 -8 -3 -2 -5 -2 -6 -5    3   1   0  10   0   6  65   2   2   1   1   1   1   0   1   3   0   1   0   1  1.50 0.75
  283 P    7 -7 -6 -7 -6 -6 -6 -1 -7 -6 -7 -6 -6 -7 -4 -1 -2 -8 -7 -3   87   0   0   0   0   0   0   5   0   0   0   0   0   0   1   3   3   0   0   2  2.08 0.94
  284 C   -5 -6 -7 -8 -4 -6 -7 -6 -7  3  5 -6  6  1 -7 -6 -4 -6 -5  2    0   0   0   0   0   0   0   0   0  16  45   0  18   5   0   0   1   0   0  15  1.30 0.60
  285 S   -2  0 -1 -5  0 -5 -6 -6 -5  4  3 -4  1  2 -6 -4 -2 -5 -3  4    3   5   3   0   2   0   0   0   0  19  26   1   3   9   0   1   2   0   0  27  0.71 0.39
  286 T   -5 -6  9 -4 -9 -5 -6 -6 -4 -9 -9 -5 -8 -7 -7 -4 -4 -10 -8 -8    1   0  96   0   0   0   0   0   0   0   0   0   0   0   0   1   1   0   0   0  3.28 1.25
  287 S   -4 -7 -7 -7 -4 -6 -7 -5  0 -5 -5 -7 -1  7 -8 -5 -6  0  8 -5    2   0   0   0   0   0   0   1   2   0   0   0   2  43   0   1   0   1  47   0  2.43 0.95
  288 S   -4 -7 -7 -8 -4 -6 -7 -8 -7  3  6 -7  2 -3 -7 -5 -4 -6 -5  1    1   0   0   0   0   0   0   0   0  13  68   0   5   1   0   1   1   0   0  10  1.52 0.67
  289 S    6 -6 -6 -6  0 -5 -5 -2 -6 -2 -2 -5  0 -5 -5  1  0 -7 -5  1   63   0   0   0   2   0   0   3   0   2   4   0   2   0   0   8   5   0   0  10  1.20 0.64
  290 L   -5  3 -4 -7 -4 -2 -6 -4 -3 -2  6 -4  1  1 -7 -4 -2 -5 -4 -3    0  15   1   0   0   2   0   1   1   2  64   0   3   6   0   1   3   0   0   1  1.21 0.61
  291 L   -5 -6 -8 -8 -2 -4 -7 -6 -7  0  6 -7  3 -2 -7 -5 -5 -6 -6 -2    1   0   0   0   1   1   0   1   0   4  82   0   6   1   0   1   0   0   0   2  1.83 0.78
  292 G   -4 -8 -4 -7 -5 -7 -7  8 -7 -7 -9 -7 -6 -7 -7 -2 -6 -8 -8 -7    1   0   0   0   0   0   0  94   0   0   0   0   0   0   0   3   0   0   0   0  2.66 1.03
  293 W   -6 -9 -7 -10 -5 -8 -9 -2 -5 -7 -7 -7 -6  0 -9 -7 -8 13 -1 -8    1   0   0   0   0   0   0   4   0   0   0   0   0   3   0   0   0  87   2   0  4.54 1.51
  294 S    1 -4  4 -4 -5 -4 -4  0  3 -6 -6 -4 -5 -7 -4  5 -1 -5 -4 -5    9   1  19   0   0   0   1   7   7   0   0   0   0   0   1  50   3   0   0   0  1.18 0.65
  295 P   -2 -4 -4 -1 -6 -4 -3 -4  5 -3 -2 -3  0  1  7 -1 -3 -4  1 -4    3   0   1   4   0   1   1   2  13   2   5   1   2   6  47   4   2   0   5   1  1.23 0.60
  296 V   -1 -1 -2  2 -5 -2  0  4 -3 -4 -5  2 -3 -5  2  0 -2 -4 -5 -3    3   3   1  11   0   2   7  35   1   1   1  12   1   0  12   5   2   0   0   2  0.60 0.34
  297 G   -2 -3  1  5 -6 -3  1  3 -1 -5 -6 -2 -5 -4 -3  0  2 -6 -5 -5    3   1   5  32   0   1   9  25   1   0   0   2   0   1   1   5  14   0   0   0  0.82 0.46
  298 E   -3 -3  2  5 -5 -1  4  1  0 -6 -6  0 -5 -7 -3 -1 -1 -7 -5 -5    1   1   9  33   0   2  24  11   2   0   0   6   0   0   1   3   5   0   0   0  0.90 0.49
  299 S   -3  4 -1 -1 -5  5  2 -3 -1 -3 -4  2 -4 -6 -2 -1  1 -5 -5 -3    2  23   3   4   0  25  12   1   2   2   1  11   0   0   2   4   8   0   0   1  0.71 0.43
  300 E   -5 -4 -3  1 -8 -1  8 -7 -5 -7 -8 -3 -6 -7 -5 -4 -3 -8 -6 -7    1   1   1   7   0   2  84   0   0   0   0   1   0   0   0   1   2   0   0   0  2.30 0.99
  301 I   -4 -3 -5 -6 -3 -4 -4 -4 -4  6  1 -1 -1  2 -5 -5 -3 -5 -2  3    0   1   0   0   0   0   1   2   1  45  13   4   1   9   0   0   1   0   1  18  1.02 0.50
  302 F   -6 -4 -7 -7 -6 -4 -6 -8 -3  0  1 -5  4  8 -7 -7 -5 -3  3 -3    0   1   0   0   0   1   0   0   1   5  14   1  11  57   0   0   0   0   8   1  1.78 0.74
  303 S   -2 -4  0  0 -5 -3 -2 -2 -5 -5 -6 -2 -5 -5 -1  5  5 -7 -5 -5    2   1   3   6   0   1   2   2   0   0   0   2   0   0   4  41  34   0   0   0  1.11 0.65
  304 K   -3  3 -5 -4 -5 -3 -3 -5 -2  1  4  1  4 -1 -1 -3 -2 -1 -3  0    1  14   0   1   0   1   1   0   1   9  35   8  12   3   3   1   2   1   0   7  0.57 0.36
  305 R    0 -2  0  5 -4  1  5 -3 -2 -6 -6  1 -6 -7 -1 -1 -2 -7 -5 -5    7   2   5  26   0   6  34   2   1   0   0   7   0   0   3   5   2   0   0   0  0.88 0.50
  306 E   -4 -3 -3  2 -8  2  7 -4 -4 -8 -7 -2 -7 -8 -6 -3 -2 -8 -6 -7    2   1   1  12   0   9  69   1   0   0   0   2   0   0   0   1   2   0   0   0  1.82 0.85
  307 F   -1 -6 -7 -8 -6 -5 -7 -7 -7  1  6 -4  6  1 -7 -6 -5 -6 -4 -3    6   0   0   0   0   0   0   0   0   7  63   1  17   5   0   0   0   0   0   1  1.49 0.68
  308 I    0 -4 -6 -6 -1 -3 -1 -5 -5  6 -1 -3 -1 -4 -5 -3  0 -4 -4  4    7   1   0   0   1   1   4   1   0  48   4   1   1   0   0   2   5   0   0  23  1.08 0.53
  309 K    1  1  0  1 -6  2  4 -3 -1 -6 -6  3 -4 -6 -4  0 -2 -6 -4 -4   11   8   3   7   0   8  32   1   1   0   0  17   0   0   1   7   1   0   0   1  0.70 0.44
  310 Q    1  2  0 -1 -2  0  1 -2  1 -1  0  2 -1 -2 -3  0 -1  2 -1 -1   13  11   4   3   1   4  10   1   4   3  11  14   2   1   0   7   2   3   2   4  0.14 0.16
  311 F   -8 -9 -9 -9 -8 -9 -9 -9 -7 -4 -4 -9 -5 10 -10 -8 -8 -1 -1 -6    0   0   0   0   0   0   0   0   0   1   1   0   0  96   0   0   0   1   1   0  3.53 1.24
  312 D   -3 -1  1  6 -5 -2  0 -4 -4 -6 -7 -1 -5 -6 -5  4  1 -7 -6 -6    2   3   5  37   0   2   5   1   0   0   0   3   0   0   0  36   7   0   0   0  1.15 0.62
  313 P   -5 -5 -6 -6 -4 -6 -4 -6 -6  3  5 -6  1  1 -1 -6 -3  0 -3  1    0   0   0   0   0   0   1   0   0  17  57   0   2   6   3   0   2   1   1   7  1.11 0.54
  314 A    0 -2  0  4 -5 -1  5 -1 -1 -6 -6  2 -5 -6 -4  1 -2 -7 -5 -6    7   2   4  20   0   1  34   4   1   0   0  13   0   0   0  10   3   0   0   0  0.82 0.48
  315 R   -2  6  1  1 -7  0 -2  1  1 -7 -5  3 -5 -7 -5 -1 -3 -7 -5 -5    3  41   6   8   0   4   2  11   4   0   1  15   0   0   0   4   1   0   0   0  0.94 0.51
  316 L   -4 -7 -7 -7  1 -6 -7 -8 -7  5  2 -7  1 -1 -7 -6 -4 -7 -5  5    1   0   0   0   2   0   0   0   0  30  16   0   4   2   0   0   0   0   0  44  1.40 0.62
  317 S   -2 -3  5 -4 -6  3 -3  2  3 -5 -4 -2 -5 -6 -5  4  1 -7 -5 -3    2   1  25   0   0  11   0  14   7   1   1   2   0   0   0  27   7   0   0   2  0.83 0.52
  318 K   -2  3 -2 -4 -7 -2 -3 -4 -1 -4 -3  6 -5 -7  1  0  0 -7 -6 -4    4  13   2   1   0   1   0   1   2   1   3  53   0   0   6   7   5   0   0   1  1.11 0.60
  319 S    2 -2  1 -5 -5 -3 -4  1  1 -6 -6  0 -5 -6 -5  5  0 -7 -6 -4   17   1   6   0   0   1   0  10   3   0   0   5   0   0   0  50   5   0   0   1  0.99 0.59
  320 P    2 -4  1 -2 -6 -4 -5  4 -5 -7 -7 -4 -5 -7  6  1 -5 -7 -7 -6   14   1   7   2   0   0   0  30   0   0   0   1   0   0  33  11   0   0   0   0  1.19 0.61
  321 A    6 -6 -5 -6  0 -4 -5  0 -4 -6 -6 -5 -4 -7  1  2 -2 -7 -6 -2   64   0   0   0   2   0   0   6   0   0   0   0   0   0   8  14   2   0   0   2  1.36 0.71
  322 A   -1  2 -4 -6 -3 -1 -4 -5 -2  4 -2  0  0 -2 -6 -3 -1 -6 -3  5    5  12   0   0   0   3   0   0   1  24   1   7   2   1   0   2   3   0   1  36  0.76 0.44
  323 F   -5 -8 -8 -9 -7 -8 -8 -8 -2 -3 -1 -8 -1  9 -9 -7 -6  1  2  0    1   0   0   0   0   0   0   0   1   1   6   0   1  76   0   0   0   2   5   7  2.49 0.95
  324 D   -5 -5  4  8 -8 -3 -3 -5 -6 -8 -7 -5 -7 -7 -5 -1 -4 -9 -8 -8    1   0  15  76   0   1   1   1   0   0   0   0   0   0   1   4   1   0   0   0  2.29 0.94
  325 Q   -2  0 -2 -2 -4  0  1 -4 -1  2  1 -1  1  2  3 -2  0  0  2  0    3   5   1   1   0   4  10   1   1  13  12   2   4   8  13   1   5   1   7   7  0.21 0.19
  326 K    0 -1 -1  3 -6  2  4 -2 -2 -5 -5  3 -4 -6 -3 -1  0 -6 -5 -2    7   2   3  15   0  10  28   2   1   0   0  17   0   0   1   3   6   0   0   3  0.62 0.40
  327 K   -6  2 -6 -5 -9 -3 -5 -7 -4 -7 -5  8 -7 -9 -7 -5 -5 -8 -7 -8    0  10   0   0   0   1   0   0   0   0   1  87   0   0   0   0   0   0   0   0  2.56 1.05
  328 L   -2 -6 -6 -8 -3 -7 -8 -7 -8 -2  7 -7  1 -1 -8 -7 -4 -6 -5 -4    4   0   0   0   1   0   0   0   0   1  88   0   3   2   0   0   1   0   0   0  1.98 0.84
  329 D   -2  2  3  4 -5  0  2 -3 -1 -3  0  1 -2 -4 -3 -1 -1 -4 -1 -3    4  10  14  20   0   3  14   2   1   1  10   9   1   1   1   2   3   0   2   1  0.40 0.29
  330 W   -2 -5 -5 -4 -8 -5 -4 -6  3 -7 -7 -8 -7  1 -7 -3 -7 12  1 -7    4   1   1   2   0   0   2   0   6   0   0   0   0   5   0   3   0  72   4   0  3.50 1.25
  331 V   -5 -6 -7 -7 -4 -5 -7 -7 -6  3  4 -6  6  4 -7 -6 -4 -2  0  1    0   0   0   0   0   0   0   0   0  13  33   0  23  17   0   0   1   0   2   9  1.24 0.58
  332 N   -5 -6  9 -3 -5  0 -5 -4 -5 -9 -9 -6 -8 -9 -8 -1 -5 -9 -8 -8    1   0  88   0   0   4   0   1   0   0   0   0   0   0   0   5   0   0   0   0  2.84 1.14
  333 N    1  1  0 -4 -5  2 -2  5  2 -6 -6  0 -4 -4 -5  1 -2 -5 -5 -5   11   9   5   0   0   8   2  41   5   0   0   6   0   1   0   9   2   0   0   0  0.78 0.45
  334 Q   -3  0 -2 -3 -3  5  3 -5  5 -3 -2  1  1 -2 -5 -3 -3 -1  1  0    2   5   1   1   1  26  16   0  15   2   4   8   3   1   0   1   1   1   4   8  0.69 0.45
  335 Y   -3 -4 -5 -7 -6 -4 -5 -8  7 -5 -6 -4 -6 -1 -8 -7 -5  4  9 -6    3   1   0   0   0   1   1   0  26   1   1   1   0   2   0   0   0   6  58   0  2.55 1.02
  336 M   -5 -7 -8 -8 -5 -6 -7 -8 -6  7  4 -6  3 -1 -7 -7 -5 -6 -5  0    0   0   0   0   0   0   0   0   0  54  31   0   7   2   0   0   0   0   0   4  1.65 0.70
  337 K   -2  7 -1 -5 -7  1 -3 -4  0 -5 -4  4 -1 -6 -6 -2 -5 -7 -6 -5    3  52   3   0   0   6   1   1   2   1   1  24   2   0   0   3   0   0   0   1  1.46 0.70
  338 T    1  3  2 -2 -3  2  2 -2  1 -3 -2  2  0 -4 -4  0 -1 -5 -4 -3   13  15   8   2   0   9  12   3   3   1   4  14   3   0   0   7   3   0   0   1  0.34 0.27
  339 A    0 -1 -4 -5 -2 -2 -3 -4 -3  0  4  2  5 -2 -5 -1  0 -5 -2 -2    9   2   0   0   1   2   1   1   0   3  38  11  16   1   0   4   5   0   1   2  0.60 0.40
  340 D   -1 -4  0  3 -5 -2  1 -2 -5 -5 -5 -2 -4 -4  4  4  1 -7 -4 -4    4   1   4  19   0   1   7   2   0   0   1   2   0   1  21  29   7   0   0   1  0.78 0.49
  341 R    0 -1  0  2 -3 -1  0 -2 -3  1  1 -2 -1 -3  4 -1  0 -4 -4  0    8   3   5  12   0   2   6   2   0   7  13   2   1   1  20   4   6   0   0   8  0.27 0.21
  342 D    1 -2  0  4 -6  1  4 -1 -1 -4 -4  1 -4 -6 -2  0 -1 -6 -5 -5   10   2   4  20   0   5  32   4   1   1   2   7   0   0   2   7   3   0   0   0  0.65 0.41
  343 E    0  2 -2  3 -6  1  5 -4 -2 -3 -4  1 -5 -5 -3 -1 -1 -2 -3 -2    6  10   1  13   0   6  37   1   1   2   1   9   0   0   1   3   4   1   1   3  0.67 0.42
  344 L   -3 -3 -7 -6 -5 -5 -6 -6 -4  2  5 -3  0  3 -6 -6 -4 -3  0  0    2   2   0   0   0   0   0   1   0  11  60   2   2  10   0   0   0   0   3   6  1.13 0.54
  345 L    3 -1 -3 -4 -1 -2 -2 -3 -2  1  1 -1  0  0 -4 -1  1  0  1  2   25   3   1   0   1   1   3   1   1   7  17   4   2   3   0   2   9   2   5  14  0.23 0.22
  346 D    1  1  1  3 -4  1  4 -1 -1 -4 -4  1 -3 -4 -1  0 -1 -5 -4 -3   10   8   5  14   0   6  24   4   1   1   1   9   0   0   3   7   3   0   0   1  0.41 0.30
  347 L    0  3 -2 -2 -4  0  0 -3  1  0  3  0  1 -1 -4 -3 -2 -1  1 -2    7  20   2   2   0   4   7   1   3   6  27   5   4   2   0   1   1   1   5   2  0.32 0.26
  348 A    2 -5 -5 -5  2 -4 -4 -4 -5  2  3 -4  1  1 -5 -1 -1 -3 -3  3   18   0   0   0   5   0   0   1   0  13  28   1   2   6   0   3   3   0   1  18  0.53 0.33
  349 L    0  2 -2 -2 -2  0  0 -2 -1  1  1  2  1 -2 -2 -1 -1  0 -1  0   10  12   1   1   0   5   6   3   1   8  17  15   3   1   1   4   4   1   2   5  0.12 0.14
  350 H    0 -1 -1  1 -4 -1  2 -3 -1 -5 -5  0 -4 -4  6 -1 -1 -1 -4 -5    7   4   2   6   0   3  11   1   1   0   1   6   0   1  45   4   3   1   0   1  1.02 0.53
  351 N   -3 -1 -2 -3 -3 -1 -2 -5  2 -1 -1 -3 -1  6 -4 -3 -3  4  5 -2    3   4   2   2   1   3   3   1   5   3   7   2   1  34   1   2   2   6  18   3  0.87 0.43
  352 L   -2 -4 -4 -5 -3 -4 -5 -5 -4  2  5 -4  2  2 -4 -4 -3  4  0  0    4   1   1   1   1   1   1   1   0   9  50   1   5   9   1   1   1   5   3   7  0.83 0.41
  353 Q    0  1 -1  0 -3  2  2 -2 -1  0 -2  2 -2 -3  1  0 -1 -1 -3  0    8   7   2   4   0  12  16   3   1   5   4  13   1   1   6   6   4   1   0   6  0.19 0.16
  354 E    1  1  0  1 -4  1  3 -1 -1 -3 -2  3 -2 -3 -1  0 -1 -2 -3 -3   14   8   5   9   0   7  17   4   1   1   3  17   1   1   2   5   3   1   1   1  0.28 0.21
  355 A    3  0  0  0 -1  0  1 -1  1 -2 -1  1 -1 -2 -2  0  0 -1 -1 -1   29   6   3   5   1   4   7   3   3   2   5   9   1   2   2   7   5   1   2   3  0.18 0.16
  356 G   -1 -1  1  0 -2 -1  0  5 -1 -3 -2  0 -2 -2 -1 -1 -2  0  0 -2    4   2   6   6   1   3   6  40   2   2   4   6   1   2   3   4   2   1   3   3  0.44 0.23
  357 L   -1 -1 -2 -1 -1 -1 -2 -1 -2  2  2 -2  0  2 -1 -1 -1  2  2  1    3   3   2   3   1   2   3   4   1  11  26   3   2   7   4   3   3   3   8   7  0.16 0.12
  358 V    0 -1 -1  0 -1 -1  0 -1 -1  1  1  0  0  0  1  0  0  1 -1  1    7   3   3   6   1   3   5   3   1  11  13   6   2   3   8   5   6   2   2  11  0.04 0.04
  359 E    0 -1  1  1 -2  0  1  0 -1 -1 -1  1 -1 -1  1  0  1 -2 -1 -1    7   3   6   9   0   4  12   6   1   4   5   8   1   3   8   8   8   1   2   4  0.10 0.07
  360 A    0  0  0  1 -1  0  1  0  0 -1 -1  0 -1 -1  0  0  0 -1 -1 -1   11   4   5  10   1   4  12   6   2   5   7   6   1   3   4   8   6   1   2   3  0.06 0.05
  361 N   -1 -1  2  2 -2 -1  1  0  0 -1 -1  0 -1 -1  1  1  0 -1 -1 -1    5   3  12  14   1   2  10   5   2   3   5   5   1   2   7   9   5   1   2   4  0.13 0.10
  362 P    0 -1 -1  0 -2  0  1  0 -1  0  0  0 -1  0  3  0  0  1  0 -1    9   2   2   7   1   3   9   6   1   6  10   5   1   4  14   6   5   2   3   4  0.10 0.08
  363 A    0  0  0  1 -1  0  1  0  0 -1 -1  0 -1 -2  1  1  1 -1 -1 -1    9   5   4   7   1   3   8   6   2   4   7   5   1   1   7  13   8   1   3   4  0.07 0.06
  364 P    0  0  0  1 -2  0  1  0  0 -1 -1  0 -1 -2  3  0 -1 -3 -1 -1   10   5   4   9   1   4  12   6   2   3   6   7   2   2  13   5   3   0   2   5  0.14 0.10
  365 G    0  0  0  0 -1  0  1  0  0  0  0  0  0  0  0  0  0  0  0  0    9   4   3   7   1   2  10   7   2   4  10   7   1   5   4   6   4   2   4   8  0.02 0.01
  366 K   -1  0  1  4 -3  0  1 -1 -1 -3 -3  1 -2 -3  0  2  0 -3 -2 -3    5   5   6  22   0   4  10   4   2   2   3   8   1   1   4  14   6   0   1   2  0.30 0.20
  367 M    0  2 -1  1 -3  1  1 -2 -1 -1  0  1  0 -1  0 -1  0  0 -1 -1    7  14   2  10   0   5  10   3   2   4   9   9   2   2   5   4   4   2   2   3  0.11 0.10
  368 E    1 -2  0  3 -3  0  4 -2 -2 -3 -3  0 -4 -4 -1  0 -1 -4 -4 -2   12   2   4  17   0   3  31   3   1   1   2   5   0   1   4   5   4   0   1   3  0.50 0.30
  369 W   -2  1 -2 -2 -3  0 -2 -4  0 -1  0  1 -2  1 -4 -2 -1  7  5 -1    3   8   2   2   0   4   2   1   2   3   8   9   1   6   1   2   4  14  22   4  0.64 0.34
  370 V   -1 -3 -4 -5 -3 -3 -5 -4 -4  3  4 -2  0  2 -4 -4 -2 -1 -1  2    5   2   1   1   1   1   1   1   0  14  44   3   2   8   1   1   2   1   2  11  0.66 0.35
  371 R    0  1 -1  0 -2  0  2 -1  0 -1  1  2  0 -2 -2  0  0 -1 -1 -1    9   9   3   4   1   3  14   3   2   2  13  14   2   1   1   5   6   1   2   4  0.12 0.13
  372 Q    1  3 -1 -1 -5  2  1 -1 -1 -3 -2  4 -2 -4 -2  0 -2 -4 -4 -4   13  16   3   4   0   8   9   4   1   1   4  25   1   1   2   6   2   0   0   1  0.45 0.31
  373 L    2 -4 -6 -6 -2 -5 -5 -3 -6  4  2 -4  1 -1 -6 -3 -2 -4 -3  4   14   1   0   0   1   0   0   2   0  26  17   1   4   2   0   1   2   0   1  29  0.80 0.43
  374 V    1 -6 -6 -6  0 -5 -6 -6 -6  4  3 -5  2 -1 -5 -3 -1 -3 -3  4   13   0   0   0   2   0   0   0   0  21  25   0   4   2   0   2   3   0   1  26  0.81 0.43
  375 N    1 -1  0  2 -3 -1  2  0 -1 -3 -2  0 -3 -3  4  0 -1 -5 -4 -2   13   3   4  11   0   3  16   6   1   1   4   7   0   1  18   6   3   0   0   2  0.33 0.26
  376 M    1 -4 -4 -4 -1 -3 -2 -4 -1  1  5 -4  1 -2 -5 -2 -1  3 -3  0   13   1   0   1   1   1   2   1   1   7  49   0   3   1   0   3   4   4   1   6  0.69 0.41
  377 Y    0 -4 -3 -4  0 -2  0 -4 -3  3  2 -4  2  1 -5 -2 -2 -2  1  3    8   0   1   1   2   1   8   1   0  14  18   0   5   7   0   3   2   0   4  22  0.39 0.27
  378 A   -2  4 -5 -5 -7  5 -3 -2  0 -4 -3  5 -3 -6 -5 -3 -4 -7 -3 -3    4  21   0   0   0  26   1   3   2   1   3  32   1   0   0   2   1   0   1   2  1.12 0.63
  379 N   -3 -4 -1  3 -7 -1  5  0 -2 -5 -6 -1 -6 -6  2 -1  0 -7 -6 -4    2   1   3  17   0   3  41   7   1   1   0   3   0   0  10   5   6   0   0   2  0.91 0.54
  380 Q   -5  8  0 -4 -6 -2 -2 -3  0 -8 -7  1 -5 -8 -6 -2 -6 -8 -4 -7    1  70   5   1   0   1   3   3   2   0   0   7   0   0   0   4   0   0   1   0  1.92 0.88
  381 M    1 -5 -5 -6  2 -4 -5 -5 -5  4  3 -5  4 -1 -5 -1 -2 -6 -2  2   14   0   0   0   4   0   0   0   0  24  24   0   9   2   0   5   2   0   1  15  0.70 0.40
  382 S   -2  2  1  0 -4  0  1 -3  2 -3 -4  4 -3 -3 -3  1  1 -4 -2 -1    3  10   6   5   0   4  10   2   5   1   1  27   0   1   1   9   9   0   1   4  0.42 0.32
  383 Y   -3  2  0 -3 -3 -3 -4 -5 -1 -3  0  2 -1  1 -5 -1  5 -5  0  0    1  10   4   1   1   0   1   0   1   1  11  11   1   6   0   4  37   0   4   6  0.61 0.44
  384 T   -3 -5 -7 -7 -6 -6 -6 -4 -5  2  6 -7  0  3 -3 -6 -3 -3 -2  0    2   0   0   0   0   0   0   1   0   9  64   0   2   9   2   0   1   0   1   6  1.26 0.61
  385 K    1 -1  1  0 -3  0  0  0  0 -2 -2  1 -3 -4  0  3  1 -3 -3 -1   11   3   7   5   0   3   6   7   3   2   3  11   0   0   4  21   8   0   1   6  0.20 0.21
  386 Q   -5 -4 -3  6 -9  2  6 -5 -3 -8 -8 -4 -6 -7 -6 -4 -5 -9 -8 -8    1   1   1  43   0   7  44   1   1   0   0   1   0   0   0   1   0   0   0   0  1.88 0.89
  387 I    1 -6 -6 -6 -4 -6 -6 -5 -6  4  3 -6  2  4 -6 -4 -3 -3 -1  2   12   0   0   0   0   0   0   1   0  24  28   0   6  14   0   1   1   0   2  11  0.85 0.45
  388 V    2 -2 -2 -2 -2 -2 -1 -1 -4  0 -1  0 -2 -2  4 -1 -1  2 -1  2   18   2   1   2   1   1   4   4   0   6   5   6   1   2  20   3   4   3   2  16  0.33 0.27
  389 D    0 -2  0  3 -6  1  4 -1 -1 -4 -4  0 -5 -5  1  0  0 -5 -2 -4    7   2   5  17   0   5  31   6   1   1   1   4   0   0   7   5   5   0   1   1  0.54 0.38
  390 L    0  0  0 -2 -4  1  0 -2  1 -1  2  0  3  0 -2 -1 -2  1  1 -2    7   5   4   2   0   7   6   2   3   3  24   6   8   4   2   5   1   2   6   2  0.15 0.18
  391 S    2 -4 -2 -3  2 -3 -3 -1 -3  1  1 -3  1 -1 -4  1  1 -2 -2  1   21   0   1   2   4   1   1   6   1   9  16   0   3   2   0  12  11   1   1  11  0.27 0.24
  392 K    1  2 -1  2 -3  0  1  1 -1 -2 -2  1 -1 -1  0  1 -1 -1 -1 -2   11  11   2  12   0   2   9   9   1   2   4   9   2   3   3  11   4   1   2   2  0.15 0.15
  393 I   -3 -6 -4 -5 -3 -4 -3 -5 -2  0 -1 -3  0  7  1 -2 -4  2  5 -2    2   0   1   1   1   1   2   1   1   6   5   1   2  39   7   3   1   2  21   3  1.15 0.57
  394 F   -3 -7 -8 -7 -3 -6 -6 -8 -6  0  2 -7 -2  8 -6 -7 -6 -2  4 -2    2   0   0   0   1   0   1   0   0   4  21   0   1  55   0   0   0   0  11   2  1.80 0.78
  395 F   -4 -4 -5 -5 -2 -5 -5 -6 -5  0  1 -5 -2  8 -7 -3 -5  2  3 -1    1   1   1   1   1   0   1   0   0   5  13   1   1  56   0   2   1   3   9   3  1.61 0.71
  396 T    0  1  0  0 -3  1  2 -1  0 -1 -2  2 -2 -2 -2  1  1  2 -2  0    8   6   4   5   0   6  12   4   2   3   4  12   1   1   1   8  10   4   1   7  0.14 0.15
  397 E    0  0 -1  4 -5 -1  3 -2 -1 -3 -2  0 -3 -3  1  0 -1 -4 -3 -2    7   5   3  27   0   2  19   3   1   1   5   6   1   1   7   5   4   0   1   3  0.43 0.31
  398 A   -1 -1 -2  2 -5 -1  1 -3 -2 -2 -2 -1 -3 -3  6 -2 -1 -4 -4  0    5   3   1  10   0   3  10   2   1   3   5   4   1   1  36   3   4   0   1   6  0.69 0.43
  399 K   -1 -2  0  1 -3 -1  1 -3 -2  1  0  0 -2  1  2 -1  0 -3  0  1    6   1   4   9   0   3  12   1   1  10   7   7   1   6  12   4   5   0   3   9  0.15 0.15
  400 Y   -1 -2 -1  1 -3  0  2 -3 -1 -1 -1 -1 -2  0  1  1  0 -1  3  0    6   2   3   7   0   3  14   2   1   4   7   3   0   4   8   9   7   1  13   6  0.16 0.18
  401 L   -2 -3 -1  0 -4 -2 -1 -4 -1  1  1 -2  0  2  0 -1 -1 -1  6  0    4   1   3   6   0   1   4   1   1   8  12   2   2   7   5   5   3   1  26   6  0.41 0.29
  402 T   -1 -3  1  5 -4 -1  2 -3 -2 -2 -3 -1 -3 -3  1  1  1 -3 -2 -2    6   1   7  29   0   2  12   1   1   2   3   4   0   1   7  10   9   0   2   3  0.47 0.33
  403 D    0 -3 -1  3 -5  0  4 -3 -2 -3 -3  1 -3 -4  2  1 -2 -3 -4 -3    8   1   3  18   0   3  26   2   1   1   3   7   1   1  12   9   2   0   0   2  0.52 0.37
  404 E    1 -2 -1  2 -5  0  4 -3 -3 -2 -1  3 -2 -4 -1 -1 -3 -4 -4 -3   12   1   3  10   0   3  28   2   0   2   7  21   1   1   3   5   1   0   0   1  0.51 0.37
  405 E    3 -2 -1  1 -2 -1  1  0 -3  0  1  0 -1 -1 -2  0 -1 -2 -1 -1   29   2   2   7   1   3   9   6   0   5  13   5   1   2   1   6   3   1   2   4  0.19 0.20
  406 V    2  0 -3 -3 -2 -1 -1 -4 -4  1  2  0  0  0 -3 -2 -2  1 -2  2   17   6   1   1   1   3   4   1   0   9  22   6   2   4   1   2   2   2   1  16  0.23 0.21
  407 E    1  1 -1  0 -5  1  2 -3 -1 -3 -2  5 -2 -4 -2 -1 -2 -2 -4 -3   10   6   2   5   0   7  13   2   1   2   5  32   1   1   2   5   2   1   0   2  0.47 0.34
  408 E   -1  0 -1 -1 -4  1  0 -2 -1 -1 -1  5 -1 -1 -2 -2 -2 -1 -1 -1    5   4   3   4   0   6   5   3   1   3   6  39   2   3   2   3   3   1   2   5  0.45 0.33
  409 I   -1 -1 -2 -4 -2 -2 -3 -3  2  2  3  0  2  2 -3 -2 -2  4  0  0    6   3   2   1   1   1   2   2   6  11  28   5   5   7   1   3   2   5   2   6  0.31 0.22
  410 K   -1  0  0  0 -3  0  0 -1 -2 -1  1  2  0  0 -2  1  0  3 -2 -1    5   5   4   6   0   4   5   4   1   3  15  14   2   4   2   9   7   5   1   3  0.10 0.13
  411 K    0  0  2  0 -4  0  1  0 -1 -3 -2  4 -2 -4 -1  0  1 -1 -3 -2    8   4   8   5   0   4   8   6   1   1   4  25   1   1   2   8  10   1   1   2  0.28 0.24
  412 D    0 -3  0  3 -3  0  4 -2 -2 -4 -5  1 -3 -4  3 -1 -2 -5 -5 -5    9   1   4  17   0   3  26   4   1   1   1   7   1   1  15   5   3   0   0   1  0.61 0.41
  413 E   -1 -2  2  3 -5  1  3  1  0 -2 -3  0 -3 -4 -2  0  0 -3 -3 -2    5   2   8  15   0   7  23   9   2   2   3   4   1   1   2   6   6   0   1   4  0.33 0.27
  414 A    3 -2 -1 -3 -2 -2 -3 -1 -3  0 -1 -2 -1 -2 -1  2  2 -2 -2  1   28   1   2   1   1   1   1   4   1   6   7   2   1   1   3  13  15   0   1  10  0.35 0.29
  415 R    1  2 -1 -3 -2  1  0 -2 -1  0  0  3 -1 -2  0 -1 -1 -3 -3  0   13  12   2   1   1   5   5   3   1   5  10  21   1   1   5   4   3   0   1   6  0.21 0.20
  416 P    1  0  0  2 -4  1  2 -2 -1 -2 -1  2 -1 -4  1  0  0 -5 -3 -2   11   6   4  11   0   5  17   3   1   3   5  11   1   1   7   7   6   0   1   2  0.22 0.20
  417 A    1 -1 -1 -5 -2 -2 -4 -3  1  3  1 -4  1 -1 -2 -1 -1  0 -1  3   14   3   3   0   1   1   0   2   4  16  15   1   3   2   2   3   3   1   2  22  0.35 0.26
  418 I   -2 -6 -7 -7 -3 -7 -7 -8 -7  2  6 -5  1  1 -7 -6 -4 -5 -4  1    3   0   0   0   0   0   0   0   0  11  67   1   3   5   0   0   1   0   0   8  1.44 0.68
  419 E    0  2  0  1 -4  2  3 -2 -1 -3 -3  2 -2 -5 -2  0  0 -3 -3 -3    9   9   5   6   0   9  21   3   1   1   3  12   1   0   2   7   6   0   1   1  0.34 0.27
  420 E    2  0  0  1 -2  0  2 -1 -1 -2 -1  1 -1 -1 -3  0  0 -2 -1 -1   21   5   4   7   0   4  15   4   1   2   5   9   2   3   0   6   6   1   2   5  0.17 0.18
  421 F    2 -6 -6 -6 -1 -6 -5 -5 -5  2  3 -6  1  4 -5 -2 -1 -1  0  2   15   0   0   0   2   0   0   1   0   9  29   0   3  17   0   3   4   1   3  13  0.66 0.39
  422 K    1  2 -2 -3 -1 -1 -1 -3  0  2  2  2  0 -2 -4 -1 -1 -4  0  0   15  10   1   1   1   2   4   1   2  11  18  13   1   1   0   4   3   0   3   6  0.19 0.19
  423 K    1  0  1  2 -4  1  4 -2 -1 -3 -4  2 -4 -5 -1  0 -1 -1 -5 -3   10   4   7  13   0   5  27   3   1   2   1  10   0   0   3   6   4   1   0   1  0.44 0.34
  424 Q    1  2 -1 -1 -1  0  1 -2  0  0  1  1  0 -1 -3 -1  0 -2 -1  0   13  12   2   2   1   4  11   3   2   5  13   9   2   2   0   4   5   1   2   6  0.10 0.12
  425 L   -3 -5 -6 -7 -2 -6 -6 -7 -4  3  5 -6  1  3 -6 -6 -4 -2  0  0    2   1   0   0   1   0   0   0   1  13  58   0   3  10   0   0   1   1   3   7  1.24 0.60
  426 D    1  0  1  1 -3  1  4 -2 -3 -3 -3  1 -3 -5 -2  2 -1 -6 -3 -3   12   4   6   8   0   6  28   3   0   1   2   7   0   0   2  14   4   0   1   2  0.45 0.35
  427 K    2 -1  2  1 -4  1  1  1 -2 -4 -3  2 -3 -4 -1  1  0 -4 -4 -2   19   3   9   6   0   5   8   9   1   1   3  12   0   1   2  12   6   0   0   2  0.27 0.25
  428 L    0 -2 -4 -3  0 -1 -2 -3 -2  3  4 -2  1 -2 -4 -2 -1 -3 -2  1    8   2   1   2   2   2   3   2   1  15  35   2   3   1   0   3   4   0   1  10  0.40 0.27
  429 D   -1 -2  1  3 -5  0  4 -1 -4 -5 -4  0 -4 -5  2  1  0 -6 -5 -4    5   2   7  18   0   3  25   5   0   1   1   6   0   0  10   9   6   0   0   1  0.54 0.38
  430 N   -1 -2  1  4 -3 -1  3 -3 -2 -3 -4 -1 -3 -1  2  1  0 -4 -2 -2    6   2   7  22   1   3  17   1   1   1   2   4   1   3  11   8   5   0   1   3  0.42 0.31
  431 F   -3 -6 -4 -6 -7 -4 -3 -4 -4  0  0 -6 -2  6 -3 -4 -3 10  0 -3    2   0   1   1   0   1   2   2   0   5   8   0   1  33   2   2   2  34   3   2  1.89 0.83
  432 T   -3 -3  3  4 -3 -1  1 -2 -2 -5 -5 -1 -5 -6 -4  2  4 -3 -4 -3    2   1  12  20   1   3   9   3   1   0   1   4   0   0   1  14  26   1   1   1  0.71 0.48
  433 A    2 -1 -2 -1 -4  0  2 -2  3 -1 -2  1 -2 -3  2  0  0 -3 -3 -1   20   3   2   3   0   4  12   3   7   4   4  10   1   1  10   6   5   0   1   5  0.22 0.22
  434 K    1 -3 -2  3 -6  1  5 -2 -3 -3 -4  0 -5 -5 -1  0 -1 -7 -6 -3   12   1   2  17   0   6  37   3   1   2   1   4   0   0   3   5   4   0   0   2  0.73 0.48
  435 K    2 -1  2  1 -4  0  2  0 -1 -2 -3  0 -3 -3 -2  1  1 -5 -3 -2   16   4  11   9   0   4  12   5   2   3   1   5   0   1   2  12  10   0   1   3  0.24 0.22
  436 I   -2 -6 -5 -7 -2 -5 -6 -6 -6  5  4 -6  1  2 -7 -5 -2  3  0  1    4   0   1   0   1   0   0   1   0  32  33   0   2   8   0   1   2   3   3   8  1.02 0.51
  437 M   -3 -1  0  0 -7  1  5 -2  2 -3 -3  3 -2 -4 -5 -1 -2 -3 -2 -4    2   3   4   4   0   5  40   3   5   2   3  17   1   1   0   4   2   1   1   1  0.75 0.48
  438 G    2 -1  1  1 -3  1  2  0 -1 -2 -3  2 -4 -5 -2  1  1 -6 -5 -3   19   2   6   7   0   7  15   5   2   2   2  13   0   0   2   9   7   0   0   2  0.31 0.27
  439 A    2 -1 -2 -3  0 -1 -1 -2 -2  1  1  0  0 -1 -3  0  1  2 -1  1   20   3   2   1   2   2   5   2   1  10  13   5   2   3   1   5   8   3   1  11  0.14 0.15
  440 I   -2 -6 -6 -7 -1 -5 -6 -6 -6  4  4 -6  2  3 -7 -5 -2 -6 -2  2    3   0   0   0   1   0   0   0   0  21  40   0   5  11   0   0   3   0   1  13  1.00 0.51
  441 M   -3  5  1 -1 -6  0  0 -4  1 -3 -3  5  1 -4 -5 -2 -3 -3 -4 -3    2  31   6   3   0   3   6   1   3   2   3  28   3   1   0   3   2   0   1   2  0.84 0.50
  442 A    2  0  1  1 -4  2  3  0 -2 -3 -4  1 -4 -5 -1  1 -1 -5 -4 -4   18   4   6   8   0   9  17   8   1   1   1   9   0   0   3  10   3   0   0   1  0.35 0.29
  443 T   -1 -3 -5 -6 -1 -3 -3 -6 -3  2  3 -3  0  3 -6 -3  0  3  2  2    6   1   0   0   1   1   2   0   1  12  27   2   1  12   0   1   5   4   7  15  0.53 0.33
  444 R    4 -2 -3 -5  3  1 -4  1 -4  1  0 -1  0 -4 -3  0 -2 -4 -4  0   33   2   1   0   6   6   0   9   0  10   7   4   3   1   1   8   2   0   0   7  0.43 0.34
  445 R    0 -1  0  1 -5  1  5 -2 -3 -4 -5  4 -4 -6 -4 -1 -1 -7 -4 -4    9   2   5   8   0   4  31   3   1   1   1  24   0   0   0   5   4   0   0   1  0.73 0.48
  446 E    1  1 -1  1 -5  2  4 -2 -1 -3 -4  3 -3 -6 -4  0  0 -6 -4 -3   10   7   2   7   0   7  30   3   1   1   2  15   1   0   1   7   5   0   1   1  0.54 0.39
  447 T   -1  1  1 -3 -2  0  0 -3  3 -1  2  1  1  0 -3 -1  1 -3 -1 -2    5   6   8   1   1   4   5   1   7   2  24  10   3   4   1   5  10   0   2   1  0.22 0.22
  448 G   -3 -3  3  1 -5  0  1  6 -3 -7 -7  1 -7 -7 -5 -1 -4 -7 -7 -6    2   1  12   8   0   4   9  48   0   0   0   9   0   0   0   4   1   0   0   0  1.10 0.60
  449 I   -1 -1 -4 -4 -2 -3 -3 -5 -3  3  3 -2  1  0 -5 -4 -2  3  0  3    4   3   1   1   1   1   2   1   1  18  31   3   3   3   0   1   2   5   3  17  0.55 0.33
  450 K   -3 -1 -1 -3 -7 -2 -3  1 -1 -7 -7  7 -6 -7  0  0 -2 -7 -6 -6    2   3   2   1   0   1   1   9   2   0   0  63   0   0   4   7   3   0   0   0  1.49 0.76
  451 G    1 -1  0 -3 -4 -3 -4  3 -1 -1  0  0  2  2  2 -2  0 -3 -1 -1   11   4   6   1   0   0   0  20   1   3  11   7   5   9  10   2   5   0   2   4  0.24 0.22
  452 R   -1  2 -1 -5 -7 -3 -4  5 -4 -5 -7  4 -5 -6 -1 -1 -5 -7 -7 -4    5  12   3   0   0   1   1  40   0   1   0  28   0   0   4   4   0   0   0   1  1.11 0.61
  453 K    0 -1  1  3 -5  3  2 -3  1 -3 -3  3 -2 -3 -2 -1 -2 -4 -4 -1    7   3   6  15   0  13  13   2   4   1   3  17   1   1   2   4   2   0   0   5  0.38 0.30
  454 L   -1 -7 -6 -8 -3 -6 -7 -6 -7  3  4 -6  0  2 -7 -6 -3 -3  0  4    5   0   0   0   1   0   0   1   0  15  38   0   2   8   0   0   2   0   3  25  1.02 0.53
  455 F    1 -7 -5 -8 -5 -4 -7 -3 -6  2  2 -7  5  6 -7 -6 -4  2  3 -2   10   0   1   0   0   1   0   3   0   9  17   0  15  32   0   0   1   2   8   2  1.13 0.59
  456 M   -3 -2 -2 -6 -7  4 -4 -1  6 -4 -2  1  6 -1 -1 -3 -4  7 -3 -4    2   2   2   0   0  17   0   6  15   1   3   8  21   2   3   2   1  12   0   1  1.10 0.63
  457 P    0 -8 -5 -5 -3 -6 -6 -5 -6 -2  0 -7 -3 -4  8 -2  1 -9 -6 -2    8   0   1   0   1   0   0   1   0   3   8   0   1   1  62   3   7   0   0   3  1.75 0.89
  458 I   -2 -6 -8 -8 -2 -6 -7 -8 -7  4  5 -7  2 -1 -6 -6 -1 -7 -6  3    3   0   0   0   1   0   0   0   0  21  48   0   4   3   0   0   3   0   0  16  1.21 0.60
  459 R   -8  9 -6 -8 -10 -6 -7 -8 -7 -10 -9 -5 -8 -4 -9 -8 -8 -9 -3 -9    0  98   0   0   0   0   0   0   0   0   0   0   0   1   0   0   0   0   1   0  3.44 1.41
  460 I    1 -5 -5 -7 -1 -4 -6 -4 -2  3  2 -5  0 -1 -6 -3 -2 -3  1  5   13   0   1   0   1   1   0   1   1  15  19   1   2   3   0   2   2   0   4  34  0.74 0.43
  461 A    7 -6 -7 -7  0 -6 -7 -3 -7 -2 -2 -5 -1 -4 -5  0 -4 -6 -4 -1   75   0   0   0   2   0   0   2   0   2   4   1   1   1   0   7   1   0   1   5  1.67 0.86
  462 T   -4 -7 -8 -8 -4 -7 -8 -8 -8  3  5 -7  0 -3 -8 -6 -2 -5 -5  3    2   0   0   0   0   0   0   0   0  15  55   0   2   1   0   0   3   0   0  21  1.41 0.68
  463 T   -3 -7 -6 -7  0 -6 -6 -7 -7 -3 -4 -6 -2 -4 -7  4  7 -6 -5 -1    2   0   0   0   2   0   0   0   0   1   2   0   1   1   0  25  61   0   0   4  1.79 0.94
  464 R   -3 -5 -3 -8 -6 -6 -7  8 -6 -10 -8 -8 -9 -5 -8 -5 -8 -9 -5 -9    2   1   1   0   0   0   0  92   0   0   0   0   0   1   0   1   0   0   0   0  2.70 1.15
  465 S   -1  4 -2 -3 -2  2  0 -1 -2 -3 -1  3 -1 -4 -4  2  1 -4 -4 -1    4  20   2   0   1  10   5   4   1   1   6  17   2   0   0  15   8   0   0   4  0.43 0.34
  466 M    0  0 -2 -2 -3  0  1 -2 -1 -3  0  3  2 -3  0  0  3 -6 -4 -2    7   4   1   2   0   4  10   3   1   1   9  17   5   1   5   7  20   0   0   2  0.29 0.28
  467 V    1 -1  0 -2 -3  1  0 -3  4  0 -4  0 -1 -1 -4  1 -1 -4 -2  3   13   3   4   1   0   6   7   2  11   5   0   7   1   3   1   9   3   0   1  23  0.31 0.29
  468 G   -2 -7 -6 -7 -7 -7 -7  6 -7 -8 -9 -7 -8 -8 -6  5  1 -5 -8 -8    3   0   0   0   0   0   0  51   0   0   0   0   0   0   0  36   9   0   0   0  1.77 0.90
  469 P   -1 -7 -9 -8 -9 -6 -6 -7 -9 -3 -3 -8 -3 -4  8 -6 -4 -10 -9 -5    6   0   0   0   0   0   0   0   0   2   4   0   1   1  83   0   1   0   0   1  2.76 1.23
  470 G   -3 -6 -3  3 -6 -5  2  4 -2 -8 -8 -4 -5 -8  5  2 -4 -8 -7 -7    2   0   1  13   0   0  13  31   1   0   0   1   0   0  24  13   1   0   0   0  1.10 0.64
  471 I   -3 -7 -8 -8 -6 -7 -7 -5 -8  4  5 -7  2 -3  1 -7 -4 -7 -6  2    2   0   0   0   0   0   0   1   0  19  52   0   4   1   8   0   1   0   0  12  1.26 0.64
  472 G    1 -6 -2 -1 -4 -4 -4 -2  0 -2 -3 -2 -2  7  1 -2 -2 -1  2 -1   10   0   2   4   0   1   1   4   2   3   2   3   1  44   6   3   2   1   7   4  0.97 0.53
  473 E   -2 -3 -2  4 -6  0  6 -3  0 -2 -2  0 -3 -5 -3 -2 -2 -7 -3 -4    3   1   1  19   0   4  44   2   2   2   4   6   1   0   1   3   2   0   1   1  0.92 0.56
  474 A   -3 -6 -6 -6 -1 -4 -6 -7 -6  4  2 -6  3 -4 -6  1  3 -7 -4  3    2   0   0   0   1   1   0   0   0  23  16   0   8   0   0  12  17   0   1  19  0.84 0.50
  475 M    0 -7 -7 -8  0 -6 -7 -7 -7  4  3 -7  7  0 -6 -5 -4 -2 -4  1    9   0   0   0   2   0   0   0   0  21  29   0  25   4   0   1   1   1   0   7  1.22 0.62
  476 E    2 -2 -1  0 -2  0  4 -3  0 -3 -2 -1 -2 -1 -1  1 -1  2  1 -1   15   2   2   4   1   3  29   1   3   2   4   2   1   3   3   9   3   3   4   5  0.34 0.31
  477 L    1 -7 -6 -7 -3 -6 -5 -6 -4  5  4 -6  0 -1 -7 -5 -2 -4 -2  3   10   0   0   0   0   0   0   0   0  26  32   0   2   3   0   1   3   0   1  20  0.96 0.50
  478 M   -6 -8 -8 -8 -4 -6 -8 -9 -6  2  6 -7  1  0 -8 -7 -5 -4 -3 -2    0   0   0   0   0   0   0   0   0  12  76   0   3   4   0   0   0   0   1   3  1.84 0.83
  479 G   -5 -8 -5 -2 -9 -7 -4  8 -7 -10 -10 -6 -9 -9 -2 -4 -6 -9 -6 -9    0   0   1   2   0   0   2  89   0   0   0   0   0   0   3   1   0   0   0   0  2.57 1.10
  480 K   -3  5 -3 -5 -4  0 -3 -5 -3 -3 -4  6 -5 -6 -1 -3 -4 -2 -3 -5    2  28   1   0   0   4   1   1   1   2   2  48   0   0   3   2   1   1   1   1  1.40 0.73
  481 D   -1 -3  0  4 -8  1  6 -3 -3 -6 -7  1 -6 -8 -3 -2 -2 -8 -6 -4    5   1   4  21   0   5  43   2   1   0   0   9   0   0   2   3   3   0   0   1  1.07 0.62
  482 T   -2  4 -2 -2 -3  0  5 -5 -3 -2 -3  2 -2 -6 -5 -1  1 -3 -6 -1    3  20   2   1   1   3  33   1   1   3   2  12   1   0   0   4   9   1   0   4  0.74 0.49
  483 V    0 -6 -6 -5  5 -6 -6 -6 -7  0 -3 -6 -3 -3 -6  2  4 -7 -6  4    8   0   0   0  12   0   0   0   0   6   2   0   1   1   0  16  26   0   0  29  1.05 0.61
  484 M   -3  0 -5 -5 -1 -2 -3 -7 -3  4  5 -1  0 -2 -7 -5 -3 -6 -4  1    2   5   1   0   1   2   2   0   1  19  48   4   2   1   0   0   1   0   0  10  0.90 0.49
  485 K    2  3  0  0 -5  1  2 -2 -1 -3 -2  3 -3 -4 -4  0 -1 -5 -3 -3   16  16   5   4   0   5  13   2   2   1   3  19   0   0   0   6   4   0   1   2  0.41 0.32
  486 H   -7  9 -4 -6 -10 -5 -6 -9 -3 -8 -5 -3 -6 -6 -9 -6 -8 -9 -6 -7    0  94   1   0   0   0   0   0   1   0   1   1   0   0   0   0   0   0   0   0  3.16 1.31
  487 L   -4 -7 -8 -8 -4 -7 -8 -9 -8  5  5 -8  2 -1 -8 -7 -5 -7 -5  0    1   0   0   0   0   0   0   0   0  33  52   0   5   2   0   0   0   0   0   6  1.60 0.73
  488 D   -1  3  2  2 -5  2  3 -2 -1 -6 -5  3 -5 -7 -5 -1 -2 -7 -5 -5    5  16   9  11   0  10  19   3   1   0   1  19   0   0   0   4   2   0   0   1  0.66 0.43
  489 L    1  3  1  0 -3  2  0 -3  1 -2 -1  3 -1 -3 -4  0 -1 -3 -1 -2   12  17   7   4   1   8   6   1   4   2   6  16   1   1   0   5   4   0   2   2  0.28 0.24
  490 T    6 -6 -4 -6  0 -4 -6 -2 -4 -2 -2 -5 -2  2 -6 -1  0 -3 -2  1   60   0   1   0   2   1   0   3   0   2   4   0   1   7   0   3   5   0   2   9  1.10 0.63
  491 L   -1  0 -6 -5 -5 -3 -5 -7 -4  5  4 -2  0 -3 -6 -4 -3 -4 -5  1    5   5   0   1   0   1   1   0   0  31  42   3   2   1   0   2   1   0   0   7  0.99 0.51
  492 K    2  0  1  2 -6  1  3 -2 -2 -5 -5  3 -4 -5 -4  1 -2 -6 -5 -4   14   5   8   9   0   6  22   3   1   0   1  18   0   0   0   9   2   0   0   1  0.55 0.38
  493 Q    0  2 -1 -3 -4  1  0 -3  0 -1  0  3  1  2 -4 -1 -1  3  2 -1    7  10   3   0   0   6   5   1   2   4   9  20   3   8   0   5   3   4   7   5  0.21 0.20
  494 L   -4 -6 -8 -8 -3 -6 -7 -8 -7  4  6 -7 -1  1 -6 -7 -5 -6 -4  1    2   0   0   0   0   0   0   0   0  21  64   0   1   5   0   0   0   0   0   7  1.49 0.66
  495 S    1  2  1 -1 -5  0  2  1 -1 -5 -5  3 -4 -6 -3  2 -1 -6 -5 -4   11  11   7   3   0   4  16  10   1   0   0  16   0   0   1  16   3   0   0   0  0.44 0.31
  496 E    0  0  3  0 -5  2  3 -1 -3 -5 -5  2 -4 -5 -1  2 -1 -5 -4 -4    5   4  12   5   0  11  21   4   0   0   0  14   0   0   3  16   4   0   0   0  0.49 0.31
  497 A    3 -2 -1 -2 -3 -1 -3  1  2 -2 -3 -3 -3 -3  0  3  0 -4 -2  0   30   1   2   2   0   2   0  10   6   1   2   0   0   1   5  25   6   0   1   8  0.38 0.27
  498 G    3 -2 -1 -3 -3 -1  0  5 -1 -3 -4 -2 -3 -4 -3  1 -1 -4 -4 -3   31   1   2   0   0   1   7  42   1   2   0   1   0   0   0  11   1   0   0   0  0.71 0.28
  499 I   -1 -2 -3 -3 -2  1 -2  1 -3  2  2 -1  0  0  1 -2 -2 -3 -2  2    2   0   0   0   0  10   0  15   0  17  24   3   0   3   6   0   0   0   0  20  0.19 0.11
  500 E   -2 -1 -1  0 -5  4  6 -3 -1 -4 -4  0 -3 -4 -2 -1 -2 -4 -3 -4    0   0   0   0   0  18  82   0   0   0   0   0   0   0   0   0   0   0   0   0  1.14 0.21

                      K         Lambda
Standard Ungapped    0.1341     0.3163
Standard Gapped      0.0410     0.2670
PSI Ungapped         0.2133     0.3177
PSI Gapped           0.0653     0.2670
