
Last position-specific scoring matrix computed, weighted observed percentages rounded down, information per position, and relative weight of gapless real matches to pseudocounts
           A  R  N  D  C  Q  E  G  H  I  L  K  M  F  P  S  T  W  Y  V   A   R   N   D   C   Q   E   G   H   I   L   K   M   F   P   S   T   W   Y   V
    1 M   -1 -2 -2 -3 -2  0 -2 -3 -2  1  2 -1  6  0 -3 -2 -1 -2 -1  1    0   0   0   0   0   0   0   0   0   0   0   0 100   0   0   0   0   0   0   0  0.36 0.01
    2 S    3 -1  0 -1 -1  0 -1  0 -1 -2 -2  0 -1 -2 -1  3  1 -3 -2 -1   50   0   0   0   0   0   0   0   0   0   0   0   0   0   0  50   0   0   0   0  0.35 0.00
    3 F    2 -3 -3 -3 -2 -2 -2 -2 -2 -1  0 -2  0  6 -3 -1 -1  0  2 -1   32   0   0   0   0   0   0   0   0   0   0   0   0  68   0   0   0   0   0   0  0.41 0.01
    4 L   -1 -2 -2 -3 -2 -2 -2 -3 -1  1  3 -2  1  1 -3 -1  2  0  4  0    0   0   0   0   0   0   0   0   0   0  51   0   0   0   0   0  23   0  25   0  0.26 0.02
    5 S    1 -1  0 -1 -1 -1 -1 -1 -2  0 -1 -1 -1 -2 -1  4  1 -3 -2  1    0   0   0   0   0   0   0   0   0   0   0   0   0   0   0  75   0   0   0  25  0.29 0.03
    6 Y   -1 -2 -1 -2 -2 -2 -2 -2  0 -1 -1 -2 -1  4 -3  2 -1  1  5 -2    0   0   0   0   0   0   0   0   0   0   0   0   0  32   0  30   0   0  38   0  0.48 0.05
    7 T    0 -1  0 -1 -2  0  2  1 -1 -2 -3 -1 -2 -3 -1  3  3 -3 -2 -2    0   0   0   0   0   0  17  11   0   0   0   0   0   0   0  35  37   0   0   0  0.37 0.06
    8 P   -2 -2 -2 -2 -4  3 -1 -3 -2 -4 -3 -1 -3 -3  7 -1 -2  5 -2 -3    0   0   0   0   0  21   0   0   0   0   0   0   0   0  68   0   0  11   0   0  1.50 0.13
    9 Y    1  0 -1 -2 -2  0 -1 -2  4  0 -2  2 -1 -1 -2  1  1 -2  2  0   18   0   0   0   0   0   0   0  17   8   0  22   0   0   0   9   8   0  10   7  0.17 0.06
   10 Y    1 -2  0 -1 -3  1  3 -2 -1 -3 -3 -1 -2 -2 -2  3  1 -3  2 -2   15   0   4   0   0   5  32   0   0   0   0   0   0   0   0  27   7   0  10   0  0.41 0.17
   11 Y   -3 -3 -3 -4 -4 -3 -3 -4  3 -2 -1 -3 -2  6 -4  1 -1  4  5 -3    0   0   0   0   0   0   0   0   7   0   3   0   0  43   0  16   3   7  20   0  0.89 0.27
   12 M   -5 -5 -6 -5 -5 -4 -4 -7 -6  3  4 -5  8 -1 -5 -5 -3 -5 -4  0    0   0   0   1   0   0   1   0   0  18  36   0  36   2   0   0   1   0   0   5  1.38 0.64
   13 D   -1 -3  2  4 -6  2  5 -4 -2 -3 -4  0 -4 -6 -4 -1 -2 -6 -5 -5    5   1   8  24   0   9  36   0   1   1   2   6   0   0   0   4   2   0   0   0  0.90 0.53
   14 Q   -2  1  1  2 -6  4  4 -4 -2 -6 -4  3 -3 -6 -3 -1  0 -6 -5 -5    4   7   7  13   0  16  23   1   0   0   1  18   0   0   1   3   5   0   0   0  0.70 0.46
   15 I   -3 -6 -5 -7 -5 -6 -6 -5 -6  5  5 -5  1  0 -5 -6 -3 -6 -3  1    2   0   1   0   0   0   0   1   0  33  46   0   2   4   0   0   1   0   1   8  1.20 0.61
   16 K   -1 -1  2  3 -6  2  4 -4 -1 -3 -3  3 -3 -6 -3  0 -1 -6 -3 -4    4   3   8  16   0   9  24   1   1   2   3  17   0   0   1   7   3   0   1   1  0.55 0.41
   17 K    1  1  0  0 -5  3  3 -2 -1 -2 -3  3 -2 -4 -4  1  0 -6 -4 -3   11   6   4   5   0  12  18   2   1   2   2  20   1   1   0   9   4   0   0   1  0.42 0.35
   18 I   -1 -4 -5 -4 -2 -4 -2 -6 -3  5  4 -5  0 -1 -6 -4 -3 -6 -3  1    5   1   0   1   1   1   3   0   1  28  45   0   2   2   0   1   1   0   1   8  0.95 0.53
   19 I   -1  3 -1 -3 -3  1  1 -3 -1  1  1  3 -2 -1 -2 -2 -2 -2 -1  0    5  15   3   0   0   5  10   1   1  10  13  19   0   2   2   1   2   0   2   8  0.25 0.25
   20 D    1  0  2  2 -4  3  3 -2 -2 -3 -3  2 -4 -6 -4  0  0 -6 -5 -3   12   5  10  10   0  11  21   2   0   2   2  11   0   0   0   6   5   0   0   1  0.44 0.35
   21 N    0  1  0  2 -4  3  4 -4 -3 -4 -2  1 -3 -6 -4  0 -1 -6 -4 -2    8   7   5   9   0  13  29   1   0   1   5   9   0   0   0   7   3   0   0   3  0.52 0.40
   22 F    4 -5 -5 -6  1 -3 -4 -1 -5  1  0 -4 -1  4 -5 -2 -1  1  0  0   35   0   0   0   3   1   0   4   0   9   9   0   1  20   0   2   3   2   2   6  0.66 0.45
   23 K   -1  1 -1 -1 -2  1  2 -4  0  1  2  2  0 -2 -3 -1 -2 -3 -2 -1    5   6   2   3   1   8  14   0   2   8  25  12   2   1   1   3   2   0   1   4  0.22 0.23
   24 Q    2  1  0  1 -4  3  3 -2 -1 -2 -3  2 -3 -4 -4  1  0 -5 -4 -3   16   6   5   8   0  11  17   2   1   2   1  12   0   1   0   9   6   0   0   2  0.36 0.32
   25 T    2  0  0  2 -3  1  4 -2 -2 -4 -1  2 -2 -2 -4  0 -1 -5 -1 -3   16   5   4  10   0   5  25   2   0   1   5  11   1   2   0   7   3   0   2   1  0.36 0.32
   26 I   -2 -3 -4 -6 -5 -5 -6 -5 -5  5  4 -5  0  1 -6 -3 -3 -2 -3  1    4   2   1   0   0   0   0   1   0  37  34   1   2   6   0   2   1   0   0   8  0.99 0.54
   27 S    2  0  1  1 -3  1  2 -2 -2 -2 -3  3 -3 -4 -3  1  0 -5 -4 -3   17   3   7   7   0   6  14   3   1   2   2  16   0   1   1  12   5   0   0   2  0.32 0.29
   28 S    2  1  2  1 -4  1  1  0 -1 -3 -3  1 -3 -3 -3  2  0 -5 -4 -3   16   6   9   7   0   7  10   5   1   1   3   9   0   1   0  16   4   0   0   1  0.28 0.27
   29 V    4 -5 -3 -4  2 -4 -3 -4 -5  2  0 -3 -3 -2 -4  0  0 -6 -5  3   35   0   1   0   5   0   1   1   0  11  10   1   0   1   0   7   6   0   0  20  0.61 0.44
   30 D    0  0  1  1 -2  2  1 -2 -1 -3 -4  3 -4 -5 -1  2  1 -5 -3 -3    8   4   5   9   1   9   9   2   1   1   1  19   0   0   2  16   9   0   1   2  0.34 0.31
   31 N   -3 -3  4  5 -5 -2  0 -3 -4 -4 -5 -1 -6 -6 -5  3  3 -7 -4 -5    2   1  18  27   0   1   5   1   0   1   1   3   0   0   0  24  15   0   1   0  0.90 0.59
   32 Q    0  0 -2 -2 -2  0  1 -3 -2  1  2  0  0 -1  1  0 -1 -4 -3  0    9   5   2   2   0   3  11   1   0   8  26   4   2   2   7   7   4   0   0   6  0.17 0.20
   33 K    1 -1  1  3 -2  2  3 -2 -1 -3 -3  2 -3 -5 -2  0 -1 -6 -5 -3   12   3   5  14   1   8  22   2   1   2   3  15   0   0   2   5   3   0   0   2  0.41 0.33
   34 E    2 -3 -1  4 -6  1  5 -2 -2 -4 -5  0 -2 -6 -4  0  0 -6 -6 -4   14   1   2  20   0   5  34   3   1   1   1   5   1   0   0   7   5   0   0   1  0.74 0.51
   35 L   -1 -5 -6 -6 -5 -2 -5 -6 -4  1  6 -6 -1 -2 -7 -6 -5  1 -3  0    5   0   0   0   0   2   1   0   1   6  72   0   1   1   0   0   0   2   1   7  1.39 0.72
   36 I   -1 -2  0  2 -6  1  5 -4 -2 -1  0  1 -3 -1 -3 -2 -1 -1 -1 -2    4   2   5   9   0   5  37   0   1   4   9   7   1   3   1   2   3   1   2   2  0.50 0.39
   37 V    1  3  1  1 -5  2  3 -3 -3 -2 -2  2 -3 -3 -4  0 -1 -5 -3 -2   15  15   6   6   0   8  17   1   0   2   3  11   0   1   0   8   3   0   0   3  0.35 0.31
   38 T    0 -2 -4 -6 -3 -4 -3 -3 -5  4  3 -4 -1  1 -6 -3 -1  4 -3  3    8   3   0   0   0   0   2   2   0  21  25   0   1   7   0   2   3   5   0  21  0.61 0.39
   39 K   -5  6 -4 -2 -7  0  0 -6 -3 -6 -3  5 -2 -3 -6 -3 -5 -2 -3 -5    1  44   1   2   0   3   6   0   1   0   3  33   1   1   0   1   0   1   1   1  1.42 0.76
   40 N    0 -1  0 -2 -4 -2 -1 -3 -2  2 -1  0 -2  0 -3  0 -1 -3  4  3    6   3   6   2   0   2   3   2   1  13   5   7   0   4   1   8   4   0  15  20  0.24 0.25
   41 I   -1  2 -1 -1 -2  0  1 -3 -1  0  2  3 -1 -1 -4 -2 -1 -5 -2 -2    6  11   3   3   1   3  11   1   1   5  26  18   1   2   0   3   3   0   1   2  0.28 0.27
   42 F   -4 -6 -4 -7 -6 -5 -6  4  1 -3 -1 -5 -3  5 -7 -4 -4  3  6 -3    1   0   1   0   0   0   0  30   3   1   5   1   1  19   0   1   1   4  30   1  1.30 0.69
   43 V   -4  3 -5 -6 -5 -3 -4 -4 -3  0  4  3 -2  1 -5 -3 -2 -5 -3 -1    1  15   0   0   0   1   1   1   1   4  46  18   0   6   0   1   2   0   1   3  0.80 0.51
   44 K   -3 -1  0 -3 -7 -2 -3  5 -6 -7 -7  5 -6 -8 -6 -1 -3 -7 -7 -5    1   2   5   1   0   1   2  47   0   0   0  34   0   0   0   4   1   0   0   1  1.37 0.74
   45 K   -3  3 -2 -3 -7 -2 -4  5 -5 -5 -6  5 -6 -5 -3 -1 -5 -7 -6 -7    1  16   1   1   0   1   0  39   0   1   1  31   0   1   1   5   0   0   0   0  1.21 0.68
   46 H   -1  1  0 -1 -6  1  3 -4  1 -2 -2  5 -3 -4 -3  1 -3 -6 -3 -2    5   7   4   2   0   6  18   1   3   2   3  33   1   1   1   9   1   0   1   3  0.57 0.42
   47 V   -3 -4 -3 -4 -4 -4 -3 -2 -5  4  4 -3  0  0 -3 -3 -3 -4 -3  2    2   1   1   1   0   1   2   3   0  23  39   1   2   4   1   2   1   0   0  15  0.69 0.39
   48 T    1 -1  1 -4 -5 -1 -3  1 -5 -4 -3  1 -3 -3 -2  2  5 -6 -4 -3   12   3   8   0   0   3   1   9   0   1   2   8   0   1   2  14  33   0   0   2  0.58 0.46
   49 P    2  0  0  1 -4  2  2 -1 -2 -2  0  0 -3 -3  0  1 -1 -2 -2 -2   16   3   3   7   0   9  16   4   0   2   9   6   0   1   4  11   3   0   1   3  0.18 0.21
   50 L    0 -3 -4 -6 -2 -2 -3 -6 -5  3  4 -3  1  1 -5 -3 -3 -2 -2  1    8   1   1   0   1   2   2   0   0  19  44   1   3   5   0   2   1   0   1   7  0.73 0.44
   51 F   -2 -1 -1 -4 -4 -1 -3 -3 -4  0  3 -2  4  4 -3 -1  1 -4  0 -2    3   4   4   0   0   4   2   2   0   5  31   2  11  16   1   4   8   0   3   1  0.47 0.35
   52 Q    0  3  0  0 -6  2  0 -2  0 -4 -2  5 -5 -6 -5  0 -3 -6 -5 -5    7  17   4   5   0   8   7   3   2   1   4  34   0   0   0   8   1   0   0   0  0.68 0.47
   53 Q    0  0  1 -1 -4  3  2  2 -1 -1 -1  1 -1 -2 -4  1 -1 -2 -2 -2    7   4   6   2   0  14  14  13   1   3   5  10   1   1   0  12   3   1   1   2  0.25 0.25
   54 L   -5 -3 -4 -7 -6 -6 -7 -7 -7  4  5 -6  6  1 -7 -5 -4 -2 -5 -1    0   1   1   0   0   0   0   0   0  21  48   0  17   6   0   1   1   1   0   3  1.36 0.68
   55 R    0  3 -3 -5 -2 -3 -3  3 -4 -4 -3  5 -5 -4 -2  0 -3 -7 -6 -5    7  15   1   0   1   1   1  24   0   1   2  38   0   1   2   6   1   0   0   1  0.92 0.58
   56 E   -1 -1  3  3 -5  1  2  0 -1 -4 -3  2 -4 -4 -3  1  1 -6 -2 -4    4   3  13  15   0   6  13   6   1   1   2  14   0   1   1  12   8   0   1   0  0.41 0.33
   57 L   -2 -4 -6 -6 -3 -4 -4 -6 -4  2  5 -4  2 -1 -5 -5 -2 -3 -3  2    4   1   0   0   0   0   1   1   0  10  55   1   5   3   1   0   2   0   1  13  0.99 0.53
   58 E    1 -2  0  0 -4 -3  0 -1 -5 -5 -4 -1 -4 -6  5  3  0 -6 -6 -4   11   2   4   6   0   1   6   5   0   0   2   4   0   0  30  23   6   0   0   1  0.73 0.50
   59 E    1 -2  2  1 -4  0  1 -3 -2 -3 -3  1 -4 -2  4  1 -1 -5 -4 -3   11   2   9   9   0   5   9   1   1   1   3   9   0   2  22   9   4   0   0   1  0.44 0.32
   60 L    0  0 -1  0 -1  0  0  0  0  1  1  0  0  0  0  0  0 -1 -1  1    7   4   3   5   1   4   4   6   2  11  17   4   2   3   5   5   5   1   2   8  0.02 0.02
   61 A    0 -3 -1  3 -7  0  6 -3 -5 -5 -6 -1 -6 -5 -3  0 -4 -3 -6 -6    8   1   3  16   0   3  53   2   0   1   1   3   0   1   1   6   1   0   0   0  1.22 0.71
   62 V   -3  0 -2  2 -6  3  6 -4 -2 -1 -2  0 -3 -6 -4 -2 -2 -6 -4 -3    2   4   2  12   0  11  45   1   1   3   5   5   1   0   1   2   2   0   1   2  0.86 0.53
   63 K   -5  7 -4 -4 -8 -3 -5 -5 -6 -8 -7  6 -6 -8 -7 -6 -6 -8 -7 -5    1  52   1   1   0   0   0   1   0   0   0  42   0   0   0   0   0   0   0   1  2.18 1.03
   64 K    0  4 -3 -5 -5 -1 -3 -3 -5 -3 -5  5 -4 -7  5 -2 -4 -7 -5 -3    6  18   1   0   0   2   1   2   0   1   1  36   0   0  25   3   0   0   0   2  1.14 0.66
   65 A    2  0  0  1 -4  1  3 -3 -2 -1 -2  1 -3 -3 -4  0  0 -5 -3  0   17   6   4   7   0   5  20   1   1   4   4  10   0   1   0   5   6   0   0   7  0.27 0.26
   66 F    2 -2 -4 -5 -4 -3 -4 -4 -3  3  1 -1  1  4 -5 -3 -2 -3  2  2   15   2   1   0   0   1   1   1   1  15  14   3   3  18   0   1   2   0   6  16  0.51 0.34
   67 G   -1 -7 -5 -6 -7 -5 -6  7 -6 -6 -5 -5 -7 -5 -6 -4 -6 -7 -5 -6    5   0   0   0   0   1   0  87   0   1   2   1   0   0   0   1   0   0   1   1  2.35 1.03
   68 K    1  1 -1 -3 -5  4  0 -2 -3 -1 -2  4 -1 -6  1  0 -3 -6 -5 -4   12   7   3   1   0  21   5   2   0   3   4  25   2   0   6   7   1   0   0   1  0.57 0.44
   69 E    2  1 -2 -2 -4  1  2 -3 -2  0  2  2  0 -2 -3 -1 -1 -2 -3 -1   17   7   1   1   0   5  13   2   1   6  18  13   2   2   1   3   3   0   1   4  0.20 0.22
   70 L    3 -5 -6 -6 -3 -5 -5 -3 -6  4  3 -3  0  0 -5 -3 -3 -3 -1  2   22   0   0   0   0   0   0   2   0  24  24   1   2   4   0   2   1   0   2  15  0.73 0.45
   71 N   -4 -6  9 -5 -8 -2 -6 -3 -1 -6 -8 -3 -7 -8 -4 -2 -4 -8 -7 -8    2   0  85   0   0   2   0   2   1   1   0   1   0   0   1   3   1   0   0   0  2.74 1.24
   72 F    1  1 -1  1 -5  3  4 -3 -2 -1 -2  1 -2 -3 -4 -1  0 -6 -3 -2   11   7   2   8   0  14  26   1   1   3   3   7   1   1   0   4   5   0   1   3  0.43 0.36
   73 L    1 -5 -5 -6 -2 -4 -4 -4 -6  2  4 -4 -1  1 -6 -4 -1 -1 -1  3   14   0   0   0   1   1   1   1   0  13  38   1   1   5   0   1   4   1   2  17  0.68 0.43
   74 Q   -5  4 -4 -6 -4 -2 -2 -7 -6 -5 -6  7 -5 -8 -7 -4 -4 -8 -6 -6    1  22   1   0   0   2   2   0   0   1   1  67   0   0   0   1   1   0   0   1  2.05 1.01
   75 E    0  0  3  1 -5  3  2 -1 -3 -3 -3  2 -3 -5 -4  0  0 -6 -5 -3    9   5  13   7   0  15  14   4   0   2   3  13   0   0   0   6   7   0   0   2  0.42 0.35
   76 A    1  1  0  0 -4  1  4 -3 -1 -2 -1  2 -2  0 -4  0  0  0 -1 -2   12   6   3   4   0   6  25   1   1   2   5  12   1   3   0   5   5   2   3   2  0.31 0.29
   77 I    0 -6 -7 -7 -3 -4 -7 -5 -7  5  4 -6  2  0 -7 -4 -4 -3 -2  2    7   0   0   0   1   1   0   1   0  33  32   0   4   4   0   2   1   0   1  14  1.03 0.56
   78 Q   -1 -2  0  0 -5  3  5 -3 -2 -2 -2 -1 -3 -3 -6 -1  1 -7 -5 -3    4   2   5   5   0  11  41   2   1   2   5   3   1   1   0   4  10   0   0   2  0.76 0.54
   79 E    2  0  0  1 -5  2  3 -2 -1 -2 -3  1 -3 -2 -2  1  1 -6 -3 -3   15   5   4   7   0  10  19   2   1   2   2   9   0   2   1   9   8   0   0   2  0.33 0.31
   80 L    3  0 -2 -3 -3 -1  0 -2  0  0  1  1  0 -1 -2 -1 -2 -2 -2 -1   29   6   2   1   0   3   7   2   2   6  17   8   2   2   2   4   2   1   1   3  0.25 0.26
   81 F   -4 -6 -7 -7 -2 -6 -4 -7 -2  5  3 -5 -1  4 -5 -5 -3  0  3  0    2   0   0   0   1   0   1   0   1  27  30   1   1  18   1   1   1   1   8   6  1.01 0.55
   82 E    1 -2  2  3 -6  1  4 -2 -1 -4 -4  2 -3 -5 -2  0  0 -6 -3 -4   12   2  10  13   0   6  24   3   2   1   1  11   1   0   2   7   5   0   1   1  0.47 0.38
   83 E    2  0  1  1 -4  2  4 -4 -1 -2 -3  1 -4 -4 -5  0 -1 -6 -5 -3   17   4   7   6   0   8  28   1   1   2   3   9   0   1   0   6   4   0   0   2  0.52 0.41
   84 K    1  5 -4 -4 -2  1 -3 -5 -1 -2 -1  5 -5 -2 -5 -2 -2 -6 -3 -1   12  25   1   0   1   5   1   1   1   2   7  32   0   2   0   2   2   0   1   4  0.80 0.52
   85 N   -1  3 -1 -2 -3  2  2 -3 -3 -1  0  4 -1 -3 -4 -1  0 -6 -3 -2    4  14   3   2   1   8  13   2   0   4   9  25   1   1   0   4   5   0   1   2  0.41 0.33
   86 Q    1  0  1  0 -3  2  3 -2 -3 -3 -2  2 -2 -4 -3  1  0 -5 -3 -2   13   5   7   5   0  10  19   2   0   1   5  11   1   1   1   9   6   0   1   2  0.30 0.27
   87 Q    1  1 -1  0 -5  3  3 -3 -2  0 -3  2 -2 -2 -4  0  0 -5 -3 -2   12   8   3   4   0  11  22   2   1   5   3  11   1   2   1   7   4   0   1   3  0.35 0.30
   88 L   -2 -4 -4 -4 -5 -4 -4 -4 -1  3  5 -3  0  2 -6 -5 -3 -2 -2 -1    3   1   1   1   0   1   2   1   1  16  52   2   2   9   0   1   2   1   1   3  0.96 0.51
   89 V    1  0 -1  0 -5  1  4 -2 -2 -1 -2  3 -4 -4 -4  0  0 -5 -2 -1   10   5   3   4   0   5  24   3   1   4   5  17   0   1   1   6   6   0   1   4  0.33 0.29
   90 I    1  1 -1  0 -2  1  3 -1 -3 -1 -1  1 -2 -3 -2  2 -1 -3 -2 -2   14   8   2   4   1   7  18   5   0   4   7   7   1   1   2  13   3   0   1   2  0.21 0.22
   91 N    2  0  1  0 -2  2  2 -1 -1 -3 -2  2 -3 -4 -3  1 -1 -5 -2 -3   15   5   8   4   1   9  15   4   1   1   5  15   0   1   1  11   3   0   1   1  0.28 0.26
   92 L    2  1 -1 -1 -2  1  3 -1 -3  0  0  1 -2 -1 -3 -1 -1  0 -3 -1   18   6   2   2   1   5  18   5   0   6  11   9   1   2   1   4   3   1   0   4  0.17 0.19
   93 D    0  0  0  1 -4  1  2 -2 -1  0  0  2 -1 -2 -1  0  0 -2 -2 -1    7   6   3   9   0   7  15   2   1   5  10  13   1   2   2   7   4   1   1   3  0.16 0.16
   94 Q    0  2  0  1 -5  3  2 -2 -2 -3 -2  3 -3 -4 -3  0 -1 -2 -3 -3    8   9   3   7   0  15  12   3   1   1   4  20   1   1   1   7   3   1   1   2  0.38 0.31
   95 N    1  1  1  0 -4 -1  1 -1 -2 -1  2  1 -1 -1 -2 -1 -1  0 -1 -1   13   7   7   4   0   2   8   4   1   4  24   8   1   2   2   4   4   1   2   4  0.10 0.14
   96 Q    1  2 -1 -2 -2  2  3 -3 -2 -1 -2  2 -1 -3 -2  0 -1 -5 -2 -2   14  10   2   2   1   9  17   2   1   3   4  15   1   1   1   8   4   0   1   3  0.29 0.25
   97 K    1  1  0  0 -3  1  1 -1 -2 -1  0  2 -2 -2 -1  1  0 -4 -2 -1   14   6   5   5   0   5   7   5   0   3  10  14   1   1   3  11   5   0   1   3  0.11 0.14
   98 P   -2  0  0  2 -6 -1  5 -3 -2 -2 -3  0 -5 -4  1 -1  0 -6 -4 -3    4   6   4   9   0   3  41   3   1   3   2   6   0   1   7   5   5   0   1   2  0.68 0.44
   99 A    1  2 -1 -1 -3 -1 -1 -2 -1 -2 -2  2  0  0  0  0  0  4  0 -2   12  12   2   4   0   2   4   3   1   2   3  16   3   5   4   8   7   7   3   3  0.21 0.19
  100 Y   -3 -4 -5 -4 -3 -2 -2 -4 -1  5  2 -5  0  3 -3 -2 -2 -1  2  2    2   1   0   1   0   2   3   2   1  28  16   0   1  11   2   3   3   1   8  15  0.61 0.35
  101 D   -7 -4  0  8 -8 -6 -3 -7 -6 -4 -6 -6 -7 -8 -7 -4 -6 -8 -8 -7    0   1   4  87   0   0   2   0   0   1   1   0   0   0   0   1   0   0   0   0  2.76 1.14
  102 L   -2 -5 -4 -5 -2 -6 -4 -6 -6  4  3 -5  1 -1  0 -4 -2 -3 -3  5    3   0   1   1   1   0   1   1   0  19  22   1   3   3   6   1   2   0   1  35  0.88 0.48
  103 M   -2 -4 -3 -2 -4 -6 -3 -5 -3 -4 -6 -2 -3 -5 -3  3  7 -8 -4 -5    3   1   1   2   0   0   1   1   1   1   1   3   1   0   1  21  60   0   1   1  1.59 0.87
  104 I    0 -2 -5 -7 -6 -3 -3 -5 -3  1  5 -3  3 -2 -3 -5 -3 -2 -4  0    9   3   1   0   0   1   2   1   1   8  56   2   6   2   2   1   1   1   1   5  0.99 0.53
  105 P   -3 -3 -4 -2 -4 -4 -2 -6 -4 -5 -3 -2 -3 -3  8 -2 -2 -8 -3 -2    2   2   1   2   0   1   3   1   0   1   3   3   1   1  68   3   3   0   1   3  1.90 0.94
  106 A    1 -3 -1 -2 -3 -6 -3  6 -4 -4 -3 -2 -6 -4  0  0 -1 -3 -2  0   10   2   3   3   1   0   2  48   0   1   3   2   0   1   6   6   4   0   2   8  0.84 0.49
  107 L   -2  5 -1 -2 -3 -1 -1 -4 -2 -1 -1  2 -1 -2  2 -1  0 -6 -1  0    4  29   2   3   1   2   3   1   1   4   6  11   2   2  10   5   6   0   2   6  0.45 0.33
  108 D   -1  3  2 -1 -3  1  0 -1 -1 -4 -3  2 -3 -4  3  0 -1 -3  0 -3    6  15   8   4   0   5   6   4   2   1   3  14   0   1  14   6   4   0   3   2  0.34 0.28
  109 L   -1  1 -1 -2 -2  0 -2 -3  0  2  2 -1  0  0  2 -1  0 -1  0  1    5   8   2   2   1   3   2   2   3  11  18   4   1   4  10   4   6   1   3   9  0.12 0.12
  110 V   -1  1  0 -2 -3  1  1 -2  5 -3 -2  1 -2 -1  3  0  0  0  2 -2    5   7   4   2   1   5   8   3  14   1   5   8   1   2  15   6   5   1   6   2  0.33 0.25
  111 D   -1  1  0 -2 -1  0 -1 -2  0  1  1  0  0  0  1  0  0 -1 -1  0    5  11   6   1   1   4   4   2   2  10  14   7   2   4   8   5   5   1   2   7  0.06 0.08
  112 G   -2 -1 -1 -4 -7  0 -4  7 -3 -5 -6 -3 -6 -4 -4 -2 -4 -7 -2 -3    3   3   3   1   0   4   1  70   1   1   1   2   0   1   1   2   1   0   2   2  1.55 0.68
  113 S    0  2  0 -2 -1 -1 -2  0  5 -4 -3  2 -2 -3 -1  3  0 -6 -1 -3    8  10   4   1   1   2   1   8  16   1   2  13   1   1   3  19   5   0   2   1  0.44 0.31
  114 I   -2  2 -1 -2 -4 -1 -1 -3  0  1  3  1  1  0  0 -2 -1 -1 -1  0    3  11   2   2   0   2   4   2   2  10  28   9   3   3   4   3   4   1   2   4  0.20 0.16
  115 H   -6 -5  2 -5 -7  1 -5 -6 11 -7 -7 -5 -6 -6 -6 -2 -6 -7 -3 -7    0   0   8   0   0   5   0   0  81   0   0   0   0   0   0   4   0   0   0   0  3.16 1.03
  116 P   -4 -8 -8 -8 -8 -7 -7 -8 -8  0 -1 -3  0 -2  8 -3 -7  0 -2 -2    2   0   0   0   0   0   0   0   0   5   7   2   2   2  72   2   0   2   2   4  2.22 0.96
  117 L   -3 -3 -3 -7 -5 -6 -3 -7 -6  5  4 -6  1 -1 -7 -3 -1 -6 -1  2    2   2   2   0   0   0   2   0   0  30  38   0   2   3   0   2   4   0   2  12  0.97 0.50
  118 N   -2 -1  1 -3  0  0 -3 -2  0 -2 -2 -2  1 -2 -3  2  5  0 -1 -2    3   3   6   1   2   5   1   3   2   2   3   2   4   2   1  15  40   1   3   2  0.65 0.47
  119 L   -1  2 -2 -2 -1  4  0 -3  1  2  1  1  0 -3 -5 -2 -1 -5 -2 -1    5  11   2   1   1  22   6   1   4  11  13   6   2   1   0   3   3   0   1   5  0.32 0.29
  120 V    0 -5 -5 -6  0 -2 -2 -3 -6  3  1 -5  2  1 -6 -2  3  0 -4  4    9   0   0   0   2   2   2   2   0  15  13   0   4   5   0   2  16   2   0  27  0.57 0.38
  121 V   -2  1 -3 -3  0  1 -2 -3 -2  4  2  1  3 -1 -5 -1 -1  1 -1  0    3   7   1   1   2   6   2   1   1  23  17  10   7   2   0   3   3   2   2   5  0.31 0.25
  122 N   -2  3  3  3 -4  2  3 -4 -1 -5 -4  1 -2 -4 -5 -2 -1 -2 -1 -5    3  18  13  16   0   8  19   0   2   1   2   8   1   1   0   3   3   1   2   0  0.60 0.39
  123 Q   -2  3 -2  2 -7  1  5 -4  0 -2 -2  2 -1 -4 -5 -2 -2 -2 -4 -4    3  17   1  10   0   6  35   1   2   2   4  12   2   1   0   2   2   1   0   1  0.74 0.46
  124 I   -2 -7 -4 -7 -1 -5 -7 -8 -7  7  1 -7  3 -2 -7 -3 -3 -7 -6  3    4   0   1   0   1   0   0   0   0  55  12   0   7   2   0   2   1   0   0  15  1.43 0.63
  125 V   -1  1 -1 -2  1  0  3 -4  0  1  0  1 -2 -2 -4 -1  0 -3  1  1    4   6   3   1   3   4  22   1   2  10   8   8   1   1   0   3   6   0   6  11  0.21 0.21
  126 D   -1  1  1  5 -3  1  3 -3  0 -5 -5  1 -5 -6 -5  1 -2 -6 -2 -4    6   7   7  28   1   6  20   2   2   0   1   7   0   0   0   9   2   0   1   1  0.66 0.41
  127 F   -3 -5 -4 -7 -4 -6 -5 -6  2  6  0 -3 -2  3 -6 -3 -2 -1  4  2    3   0   1   0   0   0   0   0   6  41   6   2   0  11   0   2   3   1  12  10  0.99 0.50
  128 F   -6 -8 -8 -9 -4 -8 -8 -8 -7 -3  1 -5  2  9 -4 -8 -7  0 -1 -4    1   0   0   0   0   0   0   0   0   1  11   1   5  77   1   0   0   1   1   1  2.59 0.99
  129 K    0  1  0  0 -2  1  0  0  1  0  0  1 -1 -2 -2  0  0 -3 -1  0    7   9   4   4   1   6   7   6   4   5  10   9   1   1   1   9   7   0   2   9  0.05 0.07
  130 K   -1  3  0  1 -3  1  1  1 -1 -4 -4  2 -2 -3 -2  2 -1 -3 -2 -4    5  15   4   7   0   6  10  11   1   1   1  12   1   1   1  18   3   0   1   0  0.33 0.26
  131 F   -3 -2 -2 -5 -4 -1 -4 -6 -1  1  3 -3  8  1 -4 -4 -3 -5 -1 -3    2   3   2   1   0   3   1   0   2   6  29   2  37   6   1   1   1   0   2   1  1.17 0.57
  132 N   -3 -6  0 -2 -7 -3 -4  7 -1 -8 -6 -1 -7 -3 -3 -3 -4 -7 -3 -7    1   0   4   2   0   1   1  78   1   0   1   4   0   2   2   1   1   0   1   0  1.89 0.79
  133 F   -6 -7 -8 -6 -7 -5 -8 -8 -3 -5 -3 -8 -5  9 -8 -7 -5  1  5 -4    1   0   0   1   0   1   0   0   1   0   2   0   0  76   0   0   1   2  15   1  2.75 1.00
  134 T   -1  0 -1  2 -2  1  2 -3 -1 -2 -4  1 -3 -1 -4  3  2 -5 -3 -1    5   5   2  11   1   7  14   1   1   2   1   7   1   2   0  20  13   0   1   5  0.34 0.28
  135 I   -3 -1 -4 -3 -3 -3  1 -6  0  4 -1 -4 -1  1 -4 -3 -2 -1  0  5    2   3   1   1   1   1  11   0   3  21   5   0   1   7   1   2   2   1   3  36  0.68 0.40
  136 V    3 -2 -2 -1 -1 -1  0 -3 -1  1 -1 -2  2  1 -4 -2 -1 -1  2  3   23   2   1   4   1   2   7   1   2   9   4   1   6   5   0   2   3   1   7  20  0.27 0.24
  137 N   -3  0  0  5 -4  0  4 -4  1 -5 -3 -1 -3 -1 -3  0  0 -4  0 -3    1   4   3  28   0   4  29   1   3   0   3   3   0   3   1   6   6   0   3   2  0.68 0.41
  138 Y   -2 -4 -2 -3 -6 -3 -3  6 -3 -4 -1 -4 -3 -3 -3  1 -2 -6 -1 -2    3   0   1   1   0   1   2  62   0   1   6   1   1   1   1  10   3   0   3   2  1.15 0.55
  139 P   -4 -1  0  0 -1 -4 -3 -5 -1 -5 -6 -2 -4 -3  8  0 -3 -8 -2 -6    1   4   5   6   1   1   1   0   1   1   0   2   1   1  65   7   1   0   2   0  1.77 0.75
  140 E   -5 -3 -3  1 -7  0  6 -6  0 -2 -4 -3 -3 -3  2 -3 -4 -1  0 -4    0   1   1   7   0   3  61   0   2   3   2   1   1   1  12   1   0   1   3   1  1.30 0.65
  141 L   -2 -6 -7 -7 -2 -6 -7 -7 -7  6  1 -4 -1 -4 -6 -4 -3 -7 -5  5    2   0   0   0   1   0   0   0   0  39  11   1   1   0   0   1   1   0   0  42  1.41 0.60
  142 V   -5 -5 -3  1 -3 -1  7 -5 -5 -3 -6 -4 -5 -7 -5 -3 -2 -7 -6  2    0   0   1   6   1   2  67   1   0   2   0   0   0   0   0   1   2   0   0  17  1.55 0.72
  143 T   -2 -3  0  3 -5 -2 -2 -3 -1 -4 -1 -3 -3 -3 -1  3  5  2 -2 -4    2   1   4  16   0   1   2   1   2   1   6   1   1   1   3  18  37   3   1   0  0.70 0.45
  144 T    0 -4 -2  5 -3 -2  4 -4 -4 -3 -4 -2 -4 -1 -2 -1  1 -6 -2  0    9   0   1  33   1   1  25   1   0   1   1   1   0   3   2   3   9   0   2   8  0.70 0.42
  145 K   -2 -1 -3 -1 -6 -2  2 -4  2 -4 -3  0 -2  4 -6 -3 -2  7  5 -3    3   3   1   3   0   1  13   1   5   1   2   7   1  17   0   1   2  17  20   1  0.90 0.45
  146 H   -4 -3  2 -2 -3  1 -2 -5  5 -3 -3 -3 -1  2 -6 -4 -4  5  7 -4    1   1   9   3   1   7   3   1  16   2   2   1   1   6   0   1   1   7  39   1  1.20 0.55
  147 C   -2 -5  8 -2  3 -2 -4 -3 -4 -4 -4 -4 -2 -7 -6 -1 -3 -7 -3 -3    3   0  74   2   6   2   0   1   0   1   2   0   1   0   0   3   1   0   1   2  1.87 0.74
  148 F   -7 -7 -8 -8  1 -8 -8 -8 -6 -5 -4 -8  1  9 -8 -7 -7 -4  2 -5    0   0   0   0   3   0   0   0   0   0   0   0   3  90   0   0   0   0   4   0  2.99 0.95
  149 D   -3 -3 -1  6 -6  1  3 -2 -4 -4 -5 -2 -5 -6 -5 -1  1 -1 -3 -3    1   1   2  47   0   5  20   3   0   1   1   1   0   0   0   5  10   1   1   2  1.05 0.49
  150 D    5  1 -2  0 -2 -2 -2 -1 -2 -3 -1  0  1 -3 -4  1 -2 -5 -3 -1   48   7   1   5   1   1   1   4   1   1   7   6   3   1   0   9   1   0   1   3  0.49 0.33
  151 L   -3 -6 -7 -7  0 -6 -3 -7 -6 -1  6 -6  1  0 -7 -6 -5 -5 -5 -1    2   0   0   0   2   0   2   0   0   2  81   0   3   3   0   0   0   0   0   4  1.55 0.65
  152 N   -3 -1  8 -1  0 -1 -4 -2 -4 -6  0 -4 -5  1 -6 -4 -4 -7 -1 -6    2   4  69   3   2   2   0   2   0   0   9   0   0   5   0   0   0   0   2   0  1.65 0.72
  153 I   -2 -5 -2 -5  0 -1 -3 -6  0  5  0 -5  4  4 -6 -3  1 -4  0  1    3   0   2   0   2   3   2   0   3  32   7   0  11  17   0   2   8   0   2   6  0.71 0.44
  154 P   -1 -2 -2  0 -6 -2 -1 -2  0 -3 -3 -2 -5 -6  7 -1 -2  1 -1 -3    5   2   2   5   0   2   4   3   3   2   2   2   0   0  56   4   2   2   2   2  1.29 0.70
  155 L    0 -1 -1  1 -5  0  2 -2  0 -2 -2  2 -1 -2  3  0 -1  1 -1 -2    9   2   2   8   0   4  17   3   2   2   3  13   2   2  16   5   2   2   2   3  0.30 0.27
  156 D    0 -2  1  1  2  1  0  0  2 -3 -1  0 -2  1 -3  0  0  4  2 -3    7   0   7   7   7   7   7   7   7   0   7   7   0   7   0   7   7   7   7   0  0.16 0.18
  157 H   -3 -2  2 -3 -5 -2 -2 -4 10 -5 -5 -3 -4 -4 -4  1 -3 -5 -1 -5    0   0   9   0   0   0   0   0  76   0   0   0   0   0   0  14   0   0   0   0  1.96 0.48
  158 P   -1 -1 -3 -3 -4 -1 -1 -4 -3 -1 -2 -2 -3  1  7  0 -2 -4 -3  0    5   3   0   0   0   3   3   0   0   5   3   0   0   7  55   6   0   0   0   9  1.05 0.34
  159 G    4 -3 -2  0  2 -2  0  0 -3  0 -2 -2  1 -3 -2  1  0 -4 -3  0   46   0   0   5   5   0   5   5   0   6   0   0   5   0   0  12   5   0   0   5  0.37 0.25
  160 R    0  1 -3 -3  3  1 -2 -3 -2  1  0  0  2  1 -3 -2  0  4 -1  1    8   8   0   0   8   8   0   0   0   8   8   8   8   8   0   0   8   8   0   8  0.19 0.17
  161 S    0  1  1  1 -3  1  1  0 -1 -2  0  1  1 -2 -2  0  0 -3  1  0    7   7   7   7   0   7   7   7   0   0   7   7   7   0   0   7   7   0   7   7  0.08 0.11
  162 K    0  0  0  0 -3  0  0 -1 -2  0 -1  0  1  1  0  0  0  3  1  0    6   6   6   6   0   6   6   6   0   6   6   6   6   6   6   6   6   6   6   6  0.06 0.09
  163 T    0  0  0  0 -3  1  0 -1  2  0 -1  0  1  1 -3  0  0  3  1  0    6   6   6   6   0   6   6   6   6   6   6   6   6   6   0   6   6   6   6   6  0.07 0.11
  164 D    0  1  1  1 -3  1  1 -2  2 -2 -2 -1  1 -2  1  1  1 -2  1 -2    8   8   8   8   0   8   8   1   8   0   1   0   8   0   8   8   8   0   8   0  0.18 0.15
  165 T    1 -2  1 -2  4 -1 -2 -2 -2  1  0 -1  2 -2 -2  1  1 -3 -2  1   12   1  12   1  11   0   1   1   0  12   1   1  11   0   1  12  12   0   0  12  0.14 0.09
  166 F   -1  1 -2 -3 -2 -2 -2 -3 -2  1  1 -1  2  2 -3  0  1 -1  2  1    0  11   0   0   0   0   0   0   0  11  11   0  11  11   0  11  11   0  11  11  0.16 0.11
  167 Y   -2 -1 -4 -1 -4 -1 -4 -2  3 -1 -1 -4  1  3 -5 -2 -1  7  6 -1    3   3   0   3   0   3   0   3   6   3   3   0   3  10   0   3   3  15  32   3  0.80 0.36
  168 V    0 -3 -3 -3  3 -2  0 -3  2  1  0 -3  2  1  1 -2  0  4  2  0    8   0   0   0   8   0   8   0   8   8   8   0   8   8   8   0   8   8   8   8  0.23 0.19
  169 S    0  1  1  1 -3  1  0  0  2 -2 -1  0  1 -3  1  0  0 -3 -2  0    7   7   7   7   0   7   7   7   6   0   7   7   6   0   7   7   7   0   0   7  0.09 0.10
  170 D    0  0  0  0  2  1  0  0  2  0 -1  0 -1 -2  1  0  0 -3  1  0    6   6   6   6   6   6   6   6   6   6   6   6   0   0   6   6   6   0   6   6  0.05 0.08
  171 K    0  1  1  1 -3  1  0  0  2 -2 -1  0  1  0  1  0  0 -3 -1 -2    7   7   7   7   0   7   7   7   6   0   7   7   6   6   7   7   7   0   0   0  0.09 0.11
  172 Q   -1  0  0  0  2  0  0 -1  2  0 -1  0  2  1  0 -1  0  4  1 -1    5   5   5   5   5   5   5   5   5   5   5   5   5   5   5   5   5   5   5   5  0.09 0.08
  173 L    0 -2  0 -3  1 -1 -2  0 -3  2  2 -2  1 -1 -1 -2 -1 -3 -2  2    6   0   5   0   3   3   1   8   0  12  28   0   4   0   3   1   3   0   0  24  0.17 0.12
  174 L    0 -1 -3 -1 -2 -2 -2 -1 -3  1  4 -2  2  0  0 -2 -2 -2 -2  0    9   4   0   4   0   0   1   4   0   4  57   0   5   4   6   1   0   0   0   1  0.31 0.18
  175 R   -1  5 -2 -2 -3 -1 -1 -3  1  0  0  1  1 -3  0  0  0 -3 -2 -1    5  43   0   0   0   0   0   1   4   5  10   5   4   0   5   5   6   0   0   5  0.35 0.19
  176 T    1 -2 -2 -2  2 -2 -2  0 -3 -1  0 -2 -1 -3  3  1  3 -3 -2  0   10   0   0   1   6   0   1   6   0   1  11   1   0   0  16   7  32   0   0   6  0.34 0.18
  177 H    0 -1 -1 -2 -3  3  1 -3  8 -4 -3 -1 -2 -3 -3 -1 -2 -3  0 -3    7   0   0   0   0  14   7   1  65   0   1   1   0   0   0   1   1   0   0   1  1.10 0.27
  178 C    0 -2  1 -2  3 -1 -2  0 -2  1  0  0  2 -2 -2  1  1 -3 -2  1    9   0   9   0   9   0   0   9   0   9   9   9   9   0   0   9   9   0   0   9  0.11 0.12
  179 T    1  1 -1 -2 -2 -1  1 -2 -2 -3 -3 -1 -2 -3 -2  3  4 -3 -3 -2   10   9   0   0   0   0   9   1   0   0   1   0   0   0   0  26  41   0   0   1  0.50 0.20
  180 A    2 -2  1 -1  1 -1 -1  1  0 -1 -2 -1 -2 -3  3  1  0 -3 -2 -1   25   0   8   3   3   3   0  10   3   3   3   0   0   0  14  13   5   0   0   4  0.25 0.13
  181 G    0 -2  0 -2  0  1 -1  0  3  1  0 -2  3 -1 -3 -1  0 -3 -1  2    8   0   4   2   2   6   2   6  11  10   3   0  14   3   0   4   5   0   2  18  0.15 0.15
  182 T   -2 -2 -3 -1  2  7  1 -3 -3 -3 -3 -2 -3 -5 -4  1  1  3 -4 -3    2   0   0   3   4  51   8   2   0   2   2   0   0   0   0  10   8   4   0   2  0.99 0.51
  183 I    1 -3 -1 -4 -1 -2 -3 -2 -1  3 -1 -2  0 -1  1 -1 -1 -1 -1  3   13   1   3   0   1   2   1   3   1  24   3   1   1   2   7   4   3   1   2  26  0.30 0.23
  184 E    0  0  0  0 -3  1  0  0  2  0 -1  0  1  1  0  0  0  3  1 -2    6   6   5   6   0   5   6   6   5   6   6   6   5   5   6   6   6   5   5   0  0.08 0.12
  185 A    0  0  0 -2  2  0  0 -1  2  0 -1  0  1  1 -3  0  0  3  1  0    6   6   5   0   5   5   6   6   5   6   6   6   5   5   0   6   6   5   5   6  0.08 0.12
  186 I   -1 -1 -4 -1  1 -3 -1 -2  1  1  2 -4  7  0 -5 -4 -1 -4  1 -1    4   4   0   4   3   0   4   4   4   7  19   0  28   4   0   0   4   0   5   4  0.57 0.40
  187 A    1  1 -1 -1 -3  0  3 -2  0 -2 -2  1  0 -1 -1  0  0  3 -1 -2   11   9   2   2   0   4  20   3   2   2   3  11   2   3   3   8   6   4   2   3  0.20 0.20
  188 A    0  0  1  0  2  1  0  0  2  0  0  0  1 -2 -2  0  0 -3 -2  0    6   6   6   6   6   6   6   6   6   6   6   6   6   0   0   6   6   0   0   6  0.06 0.09
  189 M   -1  0  0  0  2  0  0 -1  2  0 -1  0  1  0 -3  0  0  3  1  0    5   5   5   5   5   5   5   5   5   5   5   5   5   5   0   5   5   5   5   5  0.06 0.10
  190 N    0  0  0  0  2  0  0 -1  1  0 -1  0  1  0  0  0  0 -2  1  0    5   5   5   5   5   5   5   5   5   5   5   5   5   5   5   5   5   0   5   5  0.03 0.05
  191 K   -1  2  1  0  0  2  0 -1  1 -2 -2  2 -3 -2  2  0  0  1 -1 -2    3  11   8   5   3  11   5   5   3   2   3  13   0   2   9   5   5   2   2   2  0.20 0.21
  192 H    0  0  0  0 -2  1  0  0  1  0 -1  0  1  0  1  0  0 -2  1  0    6   6   5   6   0   5   6   6   5   6   6   6   5   5   6   6   6   0   5   6  0.03 0.06
  193 K   -1 -1  0  0 -4  0 -1  3  0 -1 -2  1 -1 -2  4 -1 -2  1 -1 -2    5   3   4   5   0   3   4  21   2   3   3  12   2   2  19   3   2   2   2   3  0.30 0.26
  194 D   -1 -1 -1  0  1 -1 -1 -2  2 -1 -1 -3 -3  0  5  0 -1 -4  0  0    5   4   4   4   3   3   5   3   5   4   6   0   0   3  31   5   4   0   4   7  0.43 0.32
  195 I    0  0  0  0  2  0  0 -1  2  0 -1 -2  1  1 -3  0  0  3  1  0    6   6   5   6   5   5   6   6   5   6   6   0   5   5   0   6   6   5   5   6  0.07 0.12
  196 R    0  0  1  0  2  1 -1  0  2 -2 -1  0  1  1 -2  0  0 -2  1  0    6   6   6   6   6   6   0   6   6   0   6   6   6   6   0   6   6   0   6   6  0.06 0.12
  197 V    0  0  0 -2  2  1 -2  0  2  0  0  0  1  1 -3  0  0 -2  1  0    6   6   6   0   6   6   0   6   6   6   6   6   6   6   0   6   6   0   6   6  0.07 0.13
  198 I    0 -2 -2 -3  3  1 -2 -3 -2  1  1 -2  2  2 -2 -1  1 -1  2  1   10   0   0   0   9   9   1   1   0  10  10   1   9   9   0   1  10   0   9  10  0.14 0.12
  199 S    0 -2  0 -2  2 -2  0  0  2  0  0 -2  1  1  1  0  0  4  1  0    6   0   6   0   6   0   6   6   6   6   6   0   6   6   6   6   6   6   6   6  0.11 0.15
  200 F    0 -4 -3 -1  1 -1 -3 -2  0  1 -1 -3  1  0  5  0  0  2  1  0    6   0   0   3   3   3   0   3   3  10   4   0   3   4  31   6   5   3   4   6  0.47 0.34
  201 G    1 -5  1  1 -5 -4 -4  6 -5 -6 -6 -4 -6 -6 -5  0 -4 -6 -6 -6   11   0   7   8   0   0   0  66   0   0   0   0   0   0   0   8   0   0   0   0  1.42 0.55
  202 N   -3  5 -1  2 -1 -1 -2 -3  0 -3 -4  3  0 -3  0 -2 -2  0 -2 -3    2  36   2  14   1   1   2   1   2   1   2  20   2   1   5   1   2   1   1   1  0.75 0.42
  203 V    0 -3 -1 -3  6 -2 -3 -3 -3  1  0 -3  1 -2 -3 -1  1 -3 -2  3    5   0   4   0  24   0   0   0   0   4   0   0   4   0   0   4   7   0   0  48  0.38 0.09
  204 Y    0 -2 -2 -3 -2 -2 -2 -3  3 -2 -1 -2 -1  3 -3  0 -1  1  6 -2   10   0   0   0   0   0   0   0  10   0   0   0   0  15   0  10   0   0  55   0  0.58 0.07
  205 R   -2  5 -1 -2 -4  3  0 -3  4 -4 -3  1 -2 -3 -2 -1 -2 -3 -1 -3    0  67   0   0   0  17   0   0  17   0   0   0   0   0   0   0   0   0   0   0  0.70 0.07
  206 N   -1  0  0  0  2  1  0 -3  2  0 -2  0  1  1  0  0  0  4  1  0    6   6   6   6   6   6   6   0   6   6   0   6   6   6   6   6   6   6   6   6  0.13 0.18
  207 D   -1 -1  2  2 -3  2  2  1 -1 -3 -3  1 -2 -4  2  0  1 -4 -3 -3    0   0  12  12   0  12  12  12   0   0   0  12   0   0  12   0  12   0   0   0  0.35 0.10
  208 T    0 -1  0 -1 -4  2  0  0  0 -1 -2 -1  0 -1 -1  1  1  5  0  1    7   3   4   4   0  10   4   9   3   3   3   3   3   3   3   9   7   8   3  12  0.14 0.13
  209 D   -1 -1 -1  0  0 -1 -1 -2  0  1  1 -1  0  0  3  0  0 -2  0  0    5   3   3   7   2   3   4   1   2   9  17   4   3   3  13   5   7   0   2   7  0.10 0.08
  210 D    1 -1  2  1 -2  2  1  1 -1 -2 -3  1 -2 -3 -2  1  1 -3 -3  0   10   0  10  10   0  10  10  10   0   0   0  10   0   0   0  10  10   0   0  10  0.19 0.10
  211 A    4  1 -2 -2  0  0 -4 -1  0  0 -3 -1  0 -2  1  0  0  1  0 -2   35   7   2   2   2   4   0   4   2   5   2   4   2   2   6   7   6   2   3   2  0.33 0.29
  212 T   -1  0  0  0  2  0 -2 -1  2  0 -1  0  1  1  0  0  0  3  1  0    5   5   5   5   5   5   0   5   5   5   5   5   5   5   5   5   5   5   5   5  0.06 0.11
  213 H   -1  2  0 -5 -6 -4 -5 -6  9  0 -6  0 -5  1  0  0 -1 -6 -4 -6    5  10   5   0   0   0   0   0  46   5   0   5   0   6   5   7   5   0   0   0  1.46 0.64
  214 S   -1 -2  0  0  1 -1  2 -1  3 -2  0 -3  1  0 -1  1  0 -4  2 -2    3   2   3   4   4   2  16   4   9   2  11   0   3   4   2  14   5   0   8   3  0.18 0.24
  215 H    0 -1  0 -1  3 -1 -2 -2  3 -1 -2 -4  2  1  4  0  0  4  0 -1    6   3   4   3   6   3   3   3   7   4   3   0   5   5  23   6   5   5   3   4  0.39 0.31
  216 Q    0 -2  1  0  2  1  0  0  2  0  0 -2  1  1 -3  0  0 -3  1  0    6   0   6   6   6   6   6   6   6   6   6   0   6   6   0   6   6   0   6   6  0.07 0.13
  217 F   -4 -5 -5 -6 -5 -5 -5 -6  2  0  0 -5  2  7  0 -1 -4 -3  2  0    0   0   0   0   0   0   0   0   6   6   6   0   6  53   6   6   0   0   6   7  1.20 0.48
  218 M   -2 -2  1 -2 -5  0 -2 -3  8  0 -2 -2  1  1 -5 -2  0  1  2 -2    2   2   7   2   0   3   2   2  38   6   3   2   4   5   0   3   7   2   8   2  0.85 0.45
  219 Q   -2  2  2 -1 -3  2  1 -3  3 -2 -2  1  2 -2 -2 -1  1 -2  2 -2    0  11  11   0   0  11  11   0  11   0   0  11  11   0   0   0  11   0  11   0  0.27 0.15
  220 M   -1 -1  1 -3  4 -2 -3 -3  1  1  0 -3  4  0 -4  0 -1  4  2  1    4   4   9   0   9   0   0   0   4   6   7   0  15   4   0   8   4   6   9  11  0.28 0.20
  221 D   -3  2 -1  3 -5  2  5 -3 -2 -5 -4  2 -3 -5 -3 -2 -2 -5 -4 -4    0  12   0  17   0  10  47   0   0   0   0  15   0   0   0   0   0   0   0   0  0.86 0.29
  222 F    0 -4 -3 -4  1 -3 -4  5  0 -2 -2 -4  0 -1 -4 -1 -2  6 -3 -1    6   0   0   0   3   0   0  56   2   3   3   0   3   3   0   2   2  11   0   6  0.87 0.30
  223 M   -2 -2 -3 -3 -3 -2 -3 -5 -4  2  3 -3  2  3 -2 -3 -1  4 -1  2    2   2   1   1   0   1   1   0   0   8  35   1   4  12   1   2   3   5   1  18  0.49 0.26
  224 W   -1  0  0  0  2  0  0 -3  2  0 -1  0  1  1  0  0  0  3  1  0    5   5   5   5   5   5   5   0   5   5   5   5   5   5   5   5   5   5   5   5  0.08 0.12
  225 V   -1 -1 -2 -2  0 -1  0 -2 -1  2  1 -1  0 -3 -2 -1 -1 -5  0  4    5   4   2   2   2   3   6   3   1  13  11   3   2   0   2   5   3   0   3  29  0.29 0.25
  226 N    0 -1 -1  4  0  0  0  1 -1 -2 -3 -1  1  2 -2  0  0  2 -1 -2    8   3   3  25   2   4   5  10   1   2   2   3   3   8   2   6   6   3   2   3  0.27 0.25
  227 K    0  0  0  0 -2  1  0  0  2  0 -1  0 -1  0  1  0  0 -2  1  0    6   6   6   6   0   6   6   6   6   6   6   6   0   6   6   6   6   0   6   6  0.04 0.06
  228 D   -1  0  2  2  1  1  1  1  1 -3 -2  1  0 -3 -1  0 -1 -3  0 -2    5   4  10  12   3   9   7  13   5   0   3   8   3   0   3   4   4   0   3   3  0.16 0.17
  229 L    0 -2 -2 -1  1 -1 -1 -2  0  3  1 -1  1  0 -2 -1  0 -3  1  2    6   2   2   3   4   2   5   2   2  20  13   2   3   3   2   3   5   0   5  16  0.13 0.16
  230 S    0  0  1  0  2  1  0  0  2  0 -1  0  1 -3  1  0  0 -4 -2  0    6   6   6   6   6   6   6   6   6   6   6   6   6   0   6   6   6   0   0   6  0.06 0.10
  231 L    0 -3 -4 -3  0  0  2 -2 -3  0  1 -1  3  3 -1 -1 -1  1  0  0    7   0   0   0   2   3  14   3   0   6  13   3   9  16   3   5   3   2   3   8  0.23 0.25
  232 S    2  2 -1 -1  0  0  1  0  1 -2 -2  0 -1  0 -1  1  0 -4 -1 -2   17  12   2   3   2   4   9   8   4   2   2   3   2   5   3  12   5   0   2   2  0.12 0.16
  233 N   -3 -4  3  5 -6  0  1 -3  5 -2 -6 -2 -1 -5 -5 -1 -1  1  0 -3    2   0  11  38   0   3   8   2  15   2   0   2   2   0   0   3   4   2   3   2  0.91 0.54
  234 L   -3 -5 -2 -2  1 -5 -6 -3 -6 -1  6 -6  2  0 -6 -3 -2 -5 -4 -1    2   0   2   2   3   0   0   3   0   2  68   0   5   4   0   2   3   0   0   4  1.08 0.58
  235 K   -2  1 -4 -4 -1  1 -1 -5 -1  1 -1  6  2 -2 -5 -3 -2 -6 -4 -2    3   7   0   0   1   5   3   0   1   9   7  53   5   2   0   1   1   0   0   2  0.87 0.52
  236 W    1 -1  0  0 -2  0  0  3  1 -2 -2  0 -2 -1 -4 -1  0  3  1 -2   11   2   3   4   1   5   6  28   4   1   4   5   1   2   0   4   7   5   4   3  0.25 0.21
  237 F   -1 -4 -1 -2  4 -2 -3 -3  1  1  0 -4  2  0 -5  0  4 -5 -1  2    4   0   3   2   8   1   1   1   3   8   7   0   6   4   0   5  33   0   2  13  0.49 0.37
  238 V   -3 -5 -6 -6 -1 -3 -5 -4 -5  3  5 -4  3  0 -6 -3 -3 -5 -1  0    1   0   0   0   2   1   0   1   0  14  61   1   6   2   0   2   1   0   2   6  1.02 0.52
  239 T   -2  0  0  1 -4  1  3 -2  1 -1 -1  2 -2 -2 -3 -1  1 -4  0 -2    2   5   4   9   0   6  24   2   3   4   7  14   1   1   0   4  10   0   3   3  0.28 0.25
  240 K    0  0 -1  0 -2  0  3  1  1 -2 -2  0 -1 -1 -2  0  1 -3  1 -2    7   3   2   5   1   3  20  13   4   1   5   5   1   3   2   6  10   0   5   3  0.15 0.16
  241 F    0 -2 -2 -3 -2 -2 -2 -2 -2  1  1 -2  2  2 -2  0  1  5  2  1   10   0   0   0   0   0   1   1   0  10  10   1   9   9   0  10  10   9   9  10  0.20 0.12
  242 I    0 -2  0 -3  2 -2 -2  0  2  0  0  0  1  1  1  0  0  4  1  0    6   0   6   0   6   0   0   6   6   6   6   6   6   6   6   6   6   6   6   6  0.11 0.15
  243 E   -1  3  0  0  1  2  0 -1  1 -3 -1  2  0 -3 -1  0  0  2  0 -2    4  15   4   4   3  10   5   4   4   0   6  13   3   0   3   6   7   3   3   3  0.17 0.19
  244 H    1  1  1  0 -1  1  1 -1  3 -1 -2  1 -1  0 -3  1  0 -3  0 -2   11   8   6   4   2   5   9   5   9   3   3   8   2   6   0  10   4   0   3   2  0.12 0.13
  245 M   -2 -2 -5 -5 -4 -4 -2 -5 -4  1  3 -4  4  5 -5 -2 -2 -3  3  0    3   2   0   0   0   0   2   0   0   8  29   0  12  21   0   3   2   0   9   6  0.72 0.42
  246 F   -5 -2 -1 -3  0 -5 -5 -1 -4 -1  0 -5  0  8 -6 -3 -5  1  2 -1    0   2   3   2   2   0   0   5   0   3   9   0   2  56   0   2   0   2   6   3  1.29 0.61
  247 G   -1 -1 -1  0 -5 -1  1  5 -1 -3 -5  0 -4  0 -1 -1 -2 -4 -2 -2    3   3   3   4   0   3   9  49   2   1   1   5   0   5   3   4   1   0   1   4  0.66 0.39
  248 N   -1  1  1  2 -2  1  2 -1  0 -3 -3  2 -3 -2  2  0 -1 -4 -2 -2    5   8   5  13   1   6  12   4   2   1   2  14   0   2  12   6   3   0   1   2  0.27 0.21
  249 D   -1 -1  1  4 -4  0  2  0  0 -2 -3  2 -2 -3 -1 -1 -1 -1 -4 -1    4   3   6  28   0   4  11   9   2   3   3  12   1   1   2   4   2   1   0   5  0.37 0.27
  250 L    0  1 -2 -2 -1 -1 -1 -2 -1  2  1  0  0  0 -2 -1  1  1  0  2    6   8   2   1   1   2   3   2   1  15  11   5   3   4   2   3  11   2   2  17  0.13 0.14
  251 K   -2  1  2  1 -6  1  3 -3 -1 -3 -4  4 -1 -4  0 -1 -1 -6 -5 -3    3   8   8   8   0   6  22   1   2   2   1  24   2   1   5   3   3   0   0   2  0.51 0.38
  252 T   -3 -4 -4 -4 -2 -4 -4 -5 -3  4  1 -3  3  0 -3 -2  2 -1  1  3    1   1   1   1   1   1   1   1   1  25  13   2   9   3   1   3  11   1   5  21  0.58 0.38
  253 R   -6  8 -3 -6 -8  0 -3 -4 -1 -5 -5  2 -3 -7 -7 -4 -4 -1 -6 -3    0  72   1   0   0   4   2   1   2   1   1  11   1   0   0   1   1   1   0   2  2.02 0.96
  254 F   -3 -6 -6 -7 -3 -4 -6 -5 -5  0  2 -6  0  7 -7 -4 -3  6  1  0    2   0   0   0   1   1   0   1   0   4  18   0   2  46   0   1   1  12   3   7  1.43 0.68
  255 R   -4  7 -1 -4 -7  0 -3 -5 -1 -1 -3  0 -3 -4 -6 -3 -3  0 -2  1    1  62   3   1   0   3   2   1   1   4   2   4   1   1   0   2   1   1   1   9  1.43 0.75
  256 L   -1 -5 -2  1 -2 -3 -1 -4 -2 -3 -5 -4 -6 -4  7 -1 -1  2 -3 -4    5   1   2   9   1   1   4   1   1   2   1   1   0   1  57   5   3   2   1   1  1.45 0.78
  257 S    1 -2 -2  1  0 -3 -3  0  3 -4 -6 -1 -5 -3 -5  5  0 -6 -2 -2   10   2   1   7   2   1   1   8   7   1   0   4   0   1   0  45   6   0   2   3  0.72 0.53
  258 H   -5 -6 -4 -5 -7 -6 -4 -5  3 -5 -5 -4 -5  5 -7 -4 -2  1  8 -3    1   0   1   1   0   0   1   1   6   1   1   1   0  24   0   1   2   1  56   2  2.10 0.96
  259 F   -7 -7 -3 -8 -2 -8 -8 -8  1 -5 -3 -8 -5  9 -8 -3 -7 -4  2 -6    0   0   1   0   1   0   0   0   3   0   2   0   0  82   0   3   0   0   6   0  2.80 1.12
  260 P   -3 -4 -7 -7 -8 -2 -4 -3 -8 -8 -9 -4 -8 -9  9 -4 -7 -9 -9 -8    2   1   0   0   0   2   1   3   0   0   0   1   0   0  89   1   0   0   0   0  2.99 1.25
  261 F   -7 -8 -8 -8 -8 -4 -3 -8  1 -6 -4 -8 -5  9 -9 -7 -7 -4  5 -6    0   0   0   0   0   1   2   0   3   0   1   0   0  76   0   0   0   0  17   0  2.79 1.07
  262 T   -1 -6 -5 -6 -6 -6 -6 -7 -7 -5 -6 -6 -5 -7 -6 -4  7 -8 -7  3    4   0   0   0   0   0   0   0   0   0   0   0   0   0   0   0  75   0   0  21  2.14 0.97
  263 E   -3 -3 -1  0 -1 -1  7 -6  2 -2 -7 -2 -1 -7 -6  0 -2 -7 -4 -4    1   1   3   4   1   1  66   0   5   3   0   2   2   0   0   7   2   0   1   1  1.41 0.71
  264 P   -6 -7 -1 -3 -8 -3 -4 -7 -3 -5 -4 -6 -4 -9  9 -2 -6 -9 -8 -7    0   0   3   1   0   1   1   0   1   1   2   0   1   0  86   3   0   0   0   0  2.77 1.07
  265 S   -2 -1 -4 -3  0 -5 -5  3 -6 -7 -7 -5 -6 -7 -6  6 -4 -7 -6 -6    2   4   0   2   2   0   0  24   0   0   0   0   0   0   0  67   0   0   0   0  1.64 0.79
  266 F    3 -4 -4 -5  1 -4 -5 -3 -3  1  1 -4  2  4 -5 -1 -2  4 -1  2   26   0   0   0   3   0   0   1   1   8  12   0   5  17   0   4   1   5   2  14  0.52 0.33
  267 E   -2 -4 -4  0 -3  0  7 -2 -5 -7 -7 -2 -3 -7 -1 -4 -5 -7 -6 -7    3   0   0   4   1   3  77   4   0   0   0   2   1   0   4   0   0   0   0   0  1.84 0.81
  268 V   -2 -5 -5 -6 -1 -5 -5 -3 -5  3  2 -5  4  1 -2 -1 -1 -5 -2  5    2   0   0   0   1   0   0   2   0  15  14   0  11   5   2   4   2   0   1  39  0.75 0.40
  269 D   -1 -1 -3  7 -6 -2  3 -4 -2 -6 -4 -3 -2 -4 -5 -2 -3 -3  1 -4    5   4   0  55   0   1  19   0   1   0   1   0   1   1   0   3   1   0   6   1  1.26 0.58
  270 V   -1 -5 -5 -6 -2 -5 -5 -4 -5  5  0 -5  2 -1 -1 -4 -3 -5 -3  5    5   0   0   0   1   0   0   1   0  36   6   0   6   2   4   0   1   0   1  36  0.99 0.46
  271 E   -1  1 -1 -1 -2  1  0 -1 -2 -3 -1  1  0  0  1  2  0  1  1 -2    4   7   2   3   0   8   5   3   0   1   6   8   3   5   6  22   6   2   5   1  0.15 0.16
  272 C   -2  0 -4 -3  9 -4 -4 -4  0 -1 -3 -3 -2  3 -4 -3 -2  4  2 -2    2   6   1   2  44   0   1   1   3   3   2   1   1  11   1   2   2   6   8   3  1.40 0.54
  273 W    0  0 -1 -1  0  0 -1  0  1  0 -1  0 -1  1  3  0  0  0 -1  0    5   5   3   3   2   4   3   6   3   5   5   5   2   9  15   8   6   1   2   7  0.11 0.06
  274 N    0  0  0  0 -1  0  0 -1  0  1  0  0  1  2  0  0  0 -1  0  0    5   5   6   5   1   4   5   4   2   9   7   8   6  11   4   5   4   1   2   8  0.01 0.03
  275 C   -2 -2 -2 -2  9 -2 -1 -1 -2 -2 -1 -1 -2 -2 -1 -1 -1 -2 -1 -1    3   2   2   3  43   2   5   5   1   2   6   5   1   2   4   5   3   1   2   4  1.06 0.32
  276 Q   -1  0  1  1 -2  1  0  3  1 -2 -2  1 -1 -2 -1  0 -1 -2 -2 -2    4   5   5   8   1   6   7  24   4   2   4  12   1   2   3   4   3   0   1   3  0.21 0.11
  277 S    0 -1  0  0 -2 -1 -1  4  0 -2 -2  1 -2 -2 -1  1 -1 -2 -2 -2    6   3   4   6   1   2   4  35   2   2   4   8   1   1   3  10   4   0   1   3  0.36 0.16
  278 G   -1 -1  0  0 -2 -1 -1  4 -2 -2 -2  0 -1 -1  1 -1 -1 -2 -2 -2    5   4   4   4   1   3   4  39   1   2   4   5   2   3   7   4   3   0   1   3  0.40 0.17
  279 C   -1 -2 -2 -2  9 -2 -2 -1 -2 -1 -1 -2 -2 -1 -2 -1  0  0 -1 -1    4   2   2   3  40   2   3   5   1   4   5   2   1   3   2   4   6   1   2   4  0.96 0.29
  280 F   -1  4  0  0  0  0  0 -1 -1 -1 -2  1 -1 -1  1  1  0  0  1 -1    5  23   4   4   2   2   4   5   1   3   4   7   1   3   7  11   4   1   6   3  0.17 0.11
  281 L    0  0 -1 -1 -1 -1 -1 -1 -1  1  1 -1  1  0 -1  0  1 -1  0  2    5   6   3   3   1   2   3   5   2  11  11   3   3   5   2   5   9   1   2  18  0.05 0.05
  282 C   -2 -3 -2 -1  9 -2  0  0 -2 -2 -2 -1 -2 -3  0 -1 -1  0 -3 -1    3   2   2   4  40   2   6   9   1   3   4   3   1   1   5   4   4   1   1   5  0.98 0.33
  283 K    0  1 -1 -1  0  0  1  1  0 -2 -2  4 -2 -2 -2  0 -1 -2 -2 -2    7   6   2   3   2   3   7   9   3   2   3  33   1   2   2   8   4   1   1   3  0.33 0.19
  284 K   -2  0  2 -1 -4  2  0  3  3 -4 -2  1 -2 -2  0  0 -2 -4  0 -4    2   5  11   4   0  11   5  25   6   1   3  10   1   1   4   5   1   0   4   1  0.36 0.25
  285 T   -1  0  1  2 -3 -2  0  3 -3 -3 -3  0 -3 -4 -3  2  3 -3 -4 -3    4   4   5  11   1   1   5  21   0   1   2   5   0   1   1  13  20   0   0   1  0.39 0.28
  286 R   -3  1 -1  0 -4 -1  0  5 -3 -6 -6  3 -5 -6 -3 -1 -3 -3 -6 -4    1   7   3   6   0   2   5  46   1   0   0  20   0   0   1   4   1   0   0   1  0.97 0.51
  287 W   -8 -4 -9 -9 -8 -8 -5 -8 -1 -8 -4 -8 -7 -1 -9 -8 -8 13 -1 -8    0   1   0   0   0   0   1   0   1   0   2   0   0   3   0   0   0  88   1   0  4.64 1.56
  288 I   -5 -5 -7 -7 -5 -6 -4 -7 -3  5  4 -4  4 -3 -7 -5 -3 -6 -5  2    0   0   0   0   0   0   1   0   1  29  43   1   8   1   0   1   1   0   0  13  1.23 0.57
  289 E   -6 -4 -1 -4 -9 -4  8 -7 -5 -8 -8 -5 -7 -8 -3 -5 -3 -8 -7 -8    0   1   3   0   0   0  93   0   0   0   0   0   0   0   1   0   2   0   0   0  2.69 1.11
  290 I   -3 -6 -7 -7 -3 -6 -5 -7 -7  5  2 -6  3 -2 -6 -5 -3  2 -5  4    2   0   0   0   0   0   0   0   0  35  19   0   6   1   0   0   1   3   0  31  1.20 0.54
  291 M    0 -5 -4 -6  1 -5 -6  2 -6 -1  5 -6  4  0 -6 -4 -5 -3 -5 -2    7   0   1   0   3   0   0  19   0   2  51   0  10   4   0   1   0   0   0   2  0.96 0.51
  292 G   -4 -5 -2 -6 -7 -6 -3  7 -7 -8 -5 -6 -7 -8  0 -2 -3 -8 -8 -8    1   1   1   0   0   0   2  85   0   0   1   0   0   0   4   2   1   0   0   0  2.19 0.88
  293 S    4 -7 -6 -7  9 -6 -6  0 -7 -6 -5 -6 -1 -7 -6  2 -4 -7 -7 -4   35   0   0   0  41   0   0   8   0   0   0   0   2   0   0  12   0   0   0   1  1.89 0.79
  294 G   -5 -3 -6 -7 -8 -7 -7  8 -7 -9 -9 -7 -8 -9 -8 -6 -7 -8 -8 -9    0   2   0   0   0   0   0  98   0   0   0   0   0   0   0   0   0   0   0   0  2.91 1.05
  295 I   -5 -6 -7 -8 -6 -3 -2 -8 -7  2  1 -6 10 -4 -6 -5 -5 -6 -6  2    0   0   0   0   0   1   3   0   0   8  13   0  62   0   0   1   0   0   0  11  2.21 0.87
  296 L   -3 -6 -7 -7 -3 -6 -6 -6 -7  5 -1 -6  1  2 -4 -5 -1 -6 -4  6    2   0   0   0   0   0   0   0   0  27   4   0   3   7   1   0   3   0   0  51  1.32 0.58
  297 H   -5  3  1  2 -8 -1 -1 -6 10 -8 -7 -3 -6 -6 -7 -3 -4 -7 -4 -5    0  14   5  12   0   2   4   0  58   0   0   1   0   0   0   1   1   0   0   1  2.15 0.83
  298 P   -2 -1 -4 -5 -7  2 -3 -5  0 -7 -7 -3 -5 -8  8 -4 -3 -8 -3 -6    3   3   1   1   0   8   2   1   2   0   0   1   0   0  75   1   1   0   1   0  2.27 0.90
  299 K    0  0  5  0 -6  2  3 -3  0 -4 -5  1 -5 -5 -4 -2  0 -6 -4 -3    7   5  33   4   0   9  19   1   2   1   1  10   0   0   0   2   4   0   0   2  0.73 0.42
  300 V   -2 -7 -7 -8 -2 -7 -7 -8 -8  3 -2 -7 -1 -5 -7 -6 -2 -7 -6  7    3   0   0   0   1   0   0   0   0  15   2   0   1   0   0   0   2   0   0  77  1.95 0.78
  301 L   -4 -6 -7 -7 -5 -6 -6 -7 -5  0  6 -6  2  3 -6 -5 -1 -5 -2 -2    1   0   0   0   0   0   0   0   0   4  70   0   4  13   0   1   4   0   1   2  1.43 0.61
  302 E   -1  4  1 -1 -5  1  3 -3 -2 -3 -4  4 -3 -5 -4 -1 -1 -6 -4 -4    5  21   6   3   0   6  19   1   1   1   2  26   0   0   0   4   3   0   0   1  0.66 0.38
  303 A    2 -1  6 -2 -4 -1  0 -3  1 -4 -4  0  2 -3  0  0 -2 -2 -2 -4   20   3  35   1   0   2   5   1   3   1   1   6   5   1   5   6   2   1   1   1  0.63 0.39
  304 A    2 -5 -2 -5  6 -4 -5  1 -4 -1  0 -4  2 -1 -5  0 -2 -3 -3  3   20   0   2   0  17   0   0  12   0   2   8   0   5   3   0   5   2   0   0  21  0.59 0.35
  305 H   -4 -5  2  0 -7 -2 -4  7 -2 -5 -7 -1 -6 -6 -5 -3 -5 -7 -6 -6    0   0   9   4   0   2   1  75   1   1   0   4   0   0   0   1   0   0   0   0  1.79 0.72
  306 I   -2 -4 -5 -5  0 -4 -5 -5 -1  5  2 -4 -2  0 -4 -4 -3 -2  5  2    3   1   0   1   2   0   0   1   1  35  16   1   1   4   1   1   1   0  19  13  0.85 0.40
  307 D   -3 -4  1  7 -3 -3 -2 -2 -2 -5 -5 -2 -5 -5 -3 -1 -3 -5 -5 -4    2   1   7  69   1   1   2   3   1   1   1   2   0   0   1   5   1   0   0   1  1.65 0.63
  308 P   -1 -1 -2 -1 -2 -3 -2 -3 -1 -5 -5 -2 -4 -4  7  2 -1 -5 -3 -4    5   3   2   3   1   1   2   2   1   1   1   2   0   1  55  14   4   0   1   1  1.35 0.58
  309 E   -1  0  2  3 -5  1  4 -3 -1 -4 -3  2 -3 -4 -2  0 -1 -5 -4 -4    5   3   9  16   0   5  29   1   1   0   2  13   0   0   2   5   4   0   0   1  0.56 0.33
  310 K   -2  3  0 -1 -4  0  3 -2 -2  1 -3  3 -2 -4 -4 -2 -1 -5 -2  0    3  14   4   3   0   4  18   3   1  10   2  22   0   0   0   1   3   0   1   9  0.38 0.27
  311 M   -4 -3 -3 -5 -1 -3 -4 -5  0 -1 -2 -2 -1  2 -5 -3 -3  7  7  2    1   1   2   1   1   1   1   1   2   3   3   3   1   7   1   2   2  13  43  13  1.32 0.56
  312 V   -2  0  1 -4 -2  3 -3 -3 -1 -2 -4 -1 -3 -4  1  4  3 -5 -3 -1    1   6   5   0   1  14   1   1   2   3   1   2   0   1   6  31  20   0   1   4  0.60 0.41
  313 G    1 -3 -5 -6 -7 -6 -7  7 -7 -7 -8 -6 -7 -8 -7 -4 -6 -7 -7  0    9   2   0   0   0   0   0  82   0   0   0   0   0   0   0   0   0   0   0   7  2.15 0.84
  314 I   -6 -7 -8 -8  0 -7 -8 -6 -6  0  1 -8 -3  8 -7 -7 -4  8  2 -4    0   0   0   0   2   0   0   0   0   5  11   0   0  54   0   0   1  20   5   0  2.15 0.81
  315 A    7 -7 -7 -7 -1 -6 -6 -4 -7 -6 -7 -6 -3 -7 -6 -2 -5  0 -4 -4   92   0   0   0   1   0   0   1   0   0   0   0   1   0   0   3   0   1   1   1  2.26 0.95
  316 A   -4 -8 -8 -9 -4 -8 -8 -6 -6 -3  0 -8 -5  9 -9 -6 -7  7 -2 -3    2   0   0   0   0   0   0   1   0   1   7   0   0  74   0   0   0  13   0   2  2.59 0.92
  317 G   -1 -3 -3 -6 -4 -7 -7  8 -7 -9 -9 -6 -8 -8 -5 -5 -6 -8 -8 -8    4   2   1   0   0   0   0  93   0   0   0   0   0   0   0   0   0   0   0   0  2.56 0.93
  318 I   -4 -6 -6 -7  0 -5 -6 -2 -6  3  3 -6  7  3 -3 -5 -4  1 -3  0    1   0   0   0   2   0   0   4   0  15  31   0  26  12   1   0   1   2   0   6  1.04 0.49
  319 G   -3 -7 -5 -3 -7 -7 -7  7 -7 -8 -8 -6 -8 -8 -7 -1 -6 -8 -8 -5    1   0   0   2   0   0   0  91   0   0   0   0   0   0   0   5   0   0   0   1  2.47 0.91
  320 I   -3 -6 -7 -7 -5 -5 -6 -6 -6  4  4 -6 -1 -2 -1 -5 -3 -4 -4  3    1   0   0   0   0   0   0   0   0  26  42   0   1   1   4   0   1   0   0  23  1.13 0.50
  321 E   -5 -5 -3  4 -8 -3  7 -4  0 -8 -8 -4 -7 -6 -4 -1 -2 -8 -7 -7    0   0   1  24   0   0  65   1   2   0   0   0   0   0   1   4   2   0   0   0  1.83 0.79
  322 R   -7  9 -6 -7 -9 -4 -5 -8 -6 -8 -8 -2 -7 -8 -3 -6 -6 -8 -7 -8    0  98   0   0   0   0   0   0   0   0   0   0   0   0   2   0   0   0   0   0  3.15 1.12
  323 I   -4 -6 -6 -7 -4 -5 -6 -6 -6  4  5 -6  3  0 -2 -5 -1 -1 -3  1    1   0   0   0   0   0   0   0   0  20  54   0   6   3   3   0   4   1   1   6  1.07 0.48
  324 A    6 -4 -5 -6 -1 -5 -5 -4 -5  0  0 -5  0 -3 -3 -2  1 -6 -3  1   61   1   0   0   1   0   0   0   0   5   9   0   2   1   1   1   8   0   1  10  1.03 0.54
  325 M   -2 -4 -5 -8 -5 -2 -3 -7 -7 -2 -1 -6 11 -4 -5 -4 -4 -7 -6 -3    4   1   0   0   0   2   2   0   0   2   3   0  81   1   1   1   1   0   0   1  2.91 1.07
  326 L   -1 -2 -5 -5 -1 -1 -5 -4 -3  4  4 -4  3  0 -4 -3 -3 -5 -3  1    4   2   0   0   1   3   0   1   1  20  43   1   7   3   1   2   1   0   0  10  0.71 0.37
  327 K   -3  5 -3 -5 -5 -1 -3 -5 -4 -3  2  5  0 -2 -5 -3 -3 -4 -1 -2    1  26   0   0   0   2   1   0   0   1  17  38   2   2   0   2   1   0   3   2  0.92 0.48
  328 N   -5 -5 -2 -4 -3 -5 -3 -6  6 -5 -2 -2 -1  4 -7 -4 -4  1  8 -5    0   0   2   1   1   0   2   0  16   0   4   2   1  16   0   1   1   1  50   0  1.77 0.71
  329 N   -3 -1  2  1 -6  1  0  6 -2 -7 -6  0 -6 -6 -5 -2 -4 -6 -6 -6    1   3  10   9   0   7   5  54   1   0   0   6   0   0   0   2   0   0   0   0  1.12 0.52
  330 I   -3 -7 -7 -7 -4 -6 -6 -7 -7  7  1 -6  0 -3 -7 -6 -4 -6 -4  3    2   0   0   0   0   0   0   0   0  63  13   0   2   0   0   0   0   0   0  18  1.66 0.65
  331 T   -1 -2  2  4 -4 -1  0 -2 -2 -6 -5  0 -5 -6  5  1  1 -7 -6 -5    5   2  10  21   0   2   7   2   1   0   0   5   0   0  29   9   8   0   0   0  0.82 0.44
  332 D   -6 -6  0  8 -8 -5 -2 -5 -3 -3 -8 -5 -8 -8 -6 -3 -5 -2 -6 -8    0   0   4  89   0   0   1   1   1   2   0   0   0   0   0   1   0   1   0   0  2.61 0.96
  333 I   -3 -7 -7 -3 -4 -6 -7 -8 -7  7  2 -7  3 -4 -7 -6 -4 -6 -5  1    2   0   0   2   0   0   0   0   0  66  18   0   5   0   0   0   0   0   0   6  1.69 0.67
  334 R   -6  8 -4 -6 -8  0 -5 -4 -3 -8 -7 -1 -6 -8 -7 -4 -5 -8 -7 -8    0  90   1   0   0   3   0   2   0   0   0   2   0   0   0   1   0   0   0   0  2.70 0.99
  335 D   -1 -2 -2  1 -4 -1  0 -4  3 -1  4 -2  1 -1 -2 -1  0 -2  0 -1    5   1   2   8   0   3   6   0   7   3  40   3   3   1   2   5   5   1   3   3  0.31 0.25
  336 F   -4 -7 -6 -8 -4 -6 -7 -7 -5  0  4 -7  1  8 -7 -5 -5 -4 -1 -3    1   0   0   0   0   0   0   0   0   4  34   0   4  54   0   1   0   0   1   0  1.76 0.69
  337 Y   -5  0 -3 -7 -5 -4 -5 -6  2 -3 -1 -6 -1  5 -6 -4 -2  8  7 -2    0   5   1   0   0   0   1   0   4   1   7   0   1  19   0   1   2  17  37   3  1.53 0.63
  338 F   -2 -1  1  1 -4  2  4 -1 -3 -4 -4  0 -4 -4 -4  3  0 -6 -5 -3    3   2   6   7   0   9  29   4   0   1   1   4   0   0   0  28   5   0   0   1  0.64 0.40
  339 N   -1 -3  6 -1 -4 -1 -1  3 -2 -6 -5 -1 -3 -6 -1  0  0 -7 -6 -6    4   1  44   3   0   2   3  23   1   0   1   3   1   0   3   6   6   0   0   0  1.01 0.50
  340 D   -6 -4  2  8 -8 -5 -2 -5 -1 -8 -8 -2 -8 -8 -5 -3 -6 -9 -6 -7    0   1   9  82   0   0   2   0   1   0   0   2   0   0   0   2   0   0   0   0  2.36 0.88
  341 F   -2 -3 -4 -3 -4 -2 -1 -5 -4  2  4 -1  3 -1  1 -2 -2 -3 -2  2    2   0   0   1   0   2   5   0   0  13  36   4   6   1   6   2   2   0   1  16  0.47 0.29
  342 R   -3  8 -2 -2 -7 -1 -1 -1 -4 -6 -5  0 -4 -5 -3 -1 -4 -7 -5 -4    2  70   2   3   0   2   3   5   0   0   1   5   0   0   1   4   0   0   0   1  1.63 0.69
  343 F   -5 -6 -7 -8 -4 -7 -6 -8 -6 -1  0 -7 -3  8 -8 -6 -5  6  1  0    1   0   0   0   0   0   0   0   0   3   7   0   0  69   0   0   1  10   3   6  2.23 0.79
  344 I   -4 -4 -3 -7 -4 -6 -6 -7 -2  1  6 -5 -1 -3 -6 -3  0 -1 -5 -1    1   1   2   0   0   0   0   0   1   6  75   1   1   0   0   2   5   1   0   3  1.32 0.58
  345 K   -3  4  1 -1 -4  1  3 -2 -2 -5 -5  4 -4 -6 -4  2 -1 -6 -4 -5    1  23   7   2   0   5  18   3   1   0   0  22   0   0   0  13   4   0   0   0  0.69 0.39
  346 Q   -4 -2 -1 -5 -8  9 -1 -5  2 -7 -7 -2 -5 -8 -5 -3 -2 -4 -5 -7    1   1   3   0   0  81   3   0   4   0   0   1   0   0   0   1   3   0   0   0  2.34 0.93
  347 F   -7 -5 -8 -8 -7 -7 -8 -8 -6 -5 -2 -7  1  9 -8 -7 -7 -4  2 -5    0   1   0   0   0   0   0   0   0   0   3   0   3  87   0   0   0   0   6   0  2.84 0.91
  348 Y   -1  3  2 -1 -4  0 -1 -3  1 -4 -4  4 -3 -4 -3  2 -1 -5  0 -2    4  18  10   2   0   2   1   1   3   0   0  36   0   0   0  16   2   0   3   2  0.59 0.29
  349 E   -3 -2 -1  5 -5  3  5 -3 -2 -5 -5 -1 -4 -5 -3 -2 -2 -5 -4 -4    0   0   0  37   0  16  47   0   0   0   0   0   0   0   0   0   0   0   0   0  1.11 0.28

                      K         Lambda
Standard Ungapped    0.1392     0.3245
Standard Gapped      0.0410     0.2670
PSI Ungapped         0.1693     0.3176
PSI Gapped           0.0518     0.2670
