
Last position-specific scoring matrix computed, weighted observed percentages rounded down, information per position, and relative weight of gapless real matches to pseudocounts
           A  R  N  D  C  Q  E  G  H  I  L  K  M  F  P  S  T  W  Y  V   A   R   N   D   C   Q   E   G   H   I   L   K   M   F   P   S   T   W   Y   V
    1 M   -4 -5 -6 -6 -4 -4 -5 -6 -5  2  4 -5  8 -2 -5 -5 -4 -4 -4  0    0   0   0   0   0   0   0   0   0   8  44   0  44   0   0   0   0   0   0   4  1.48 0.53
    2 T    0  1  2  1 -3  1  1 -3 -2 -2 -2  2 -2 -4 -1  1  2 -4 -3 -1   10   6  13   6   0   5   9   0   0   2   2  17   0   0   2  10  16   0   0   3  0.27 0.19
    3 K   -1  0  0 -1 -4  2  1 -3 -1 -2 -3  5 -3 -5 -2  2  1 -5 -4 -3    3   2   3   3   0   9   9   1   1   2   1  42   0   0   1  15   7   0   0   1  0.61 0.35
    4 I   -3 -1 -3 -2 -4  0  1 -5 -4  4  2 -1  4 -1 -4 -2 -1 -4 -2  1    1   2   1   2   0   5  12   0   0  29  16   4  13   1   0   1   4   0   1   8  0.43 0.28
    5 D   -1 -1  2  4 -4  1  2 -3 -2  0  0  1 -2 -2 -2 -1 -1 -4 -1 -1    6   2   8  31   0   6  11   0   1   6   9   8   0   1   1   4   2   0   2   3  0.36 0.25
    6 F   -1  0 -3 -3 -4  1 -2 -5 -1  2  4  0  2  1 -3 -3 -1 -4 -1 -1    5   5   1   2   0   6   3   0   2  12  40   6   6   7   1   1   3   0   1   1  0.39 0.27
    7 E   -1 -2  0  3 -7  1  6 -5 -2 -6 -3  1 -5 -7 -3 -2 -4 -7 -4 -6    6   1   4  16   0   6  51   0   1   0   3   9   0   0   1   2   0   0   1   0  1.11 0.63
    8 N    1  1  1  0 -4  2  2 -3 -2 -1  0  3 -3 -4 -3 -1  0 -5 -3 -2   14   6   7   5   0   9  17   1   0   5  10  17   0   0   0   2   4   0   0   2  0.28 0.26
    9 I   -2 -3 -4 -4 -4 -1 -3 -5 -5  5  3 -3 -1 -2 -5 -4 -3 -3 -4  2    3   2   1   1   0   3   2   1   0  37  32   2   1   1   0   1   1   0   0  12  0.89 0.48
   10 K    0  1  1 -1 -6  2  3 -4  0 -5 -5  5 -4 -6 -3  0 -2 -6 -4 -4    7   6   5   3   0   9  21   1   2   0   1  35   0   0   1   5   2   0   0   1  0.74 0.48
   11 I    1  0 -1 -1 -3  2  3 -3 -2  0 -1  1  0 -4 -3  1  1 -2 -4 -1   14   4   3   3   0  11  20   0   1   6   7   7   2   0   0   9   8   1   0   4  0.25 0.25
   12 L    2 -3 -3 -4 -2 -4 -3 -4 -4  2  3 -3 -1  4 -5 -2 -1 -1  0  1   19   1   1   1   1   0   1   1   0  14  26   1   1  17   0   3   3   1   2   8  0.48 0.34
   13 Q   -1  2 -1 -1 -5  3  3 -3 -1  0 -1  3 -2 -2 -2 -1 -1 -1 -1 -1    4  11   2   2   0  14  17   1   1   7   8  17   1   1   1   3   2   1   2   5  0.31 0.27
   14 D    0 -1  3  4 -5  2  3 -3 -3 -4 -4  1 -3 -6 -4  1  0 -6 -5 -4    7   2  12  19   0  11  22   2   0   1   1   7   0   0   0   9   5   0   0   1  0.60 0.42
   15 K    2  1  1  0 -5  1  4 -3 -3 -4 -3  2 -3 -4 -3  0 -1 -5 -3 -3   20   6   5   5   0   6  26   1   0   1   3  13   0   1   1   6   3   0   1   1  0.46 0.37
   16 I   -1 -4 -4 -6 -2 -4 -5 -5 -6  5  4 -5 -1  1 -5 -3 -2 -5 -4  1    6   1   1   0   1   1   0   1   0  37  34   0   1   6   0   2   2   0   0   7  0.97 0.53
   17 K    2  1  1  0 -1  2  2 -2 -1 -4 -3  3 -3 -5 -3  1 -1 -6 -5 -4   19   6   5   5   1   8  14   3   1   0   2  20   0   0   0  11   3   0   0   0  0.43 0.35
   18 D    0  0  2  3 -5  1  2 -1 -1 -5 -4  1 -4 -5 -4  2 -1 -6 -5 -3    9   5   8  20   0   7  14   4   1   0   2   9   0   0   0  15   4   0   0   1  0.44 0.35
   19 I    3 -4 -5 -3  2 -4 -3 -3 -5  3  2 -3 -1 -1 -3 -1  0 -5 -4  3   27   0   0   2   3   0   1   1   0  14  19   1   1   2   1   4   5   0   0  18  0.48 0.36
   20 E    0  0  1  1 -4  2  3 -3 -1 -4 -3  2 -3 -5 -2  2  1 -5 -4 -3    6   5   8   8   0  11  17   2   1   1   2  12   1   0   1  15   8   0   0   2  0.39 0.33
   21 I    0 -2  3  3 -5 -1  0 -2 -4 -2 -3  0 -4 -3 -4  3  2 -4 -5 -3    6   2  15  16   0   3   5   2   0   2   3   6   0   1   0  24  14   0   0   1  0.50 0.40
   22 E    1  0 -1 -1 -2  0  2 -3 -2  0  2 -1 -1 -1  0  0  0 -1 -3  0   12   6   3   2   1   3  15   1   0   6  22   4   1   2   5   6   4   1   0   7  0.13 0.18
   23 K    1  1  0  1 -5  1  3 -2 -1 -3 -1  3 -3 -4 -2  0  0 -5 -3 -3   10   7   4   8   0   7  17   2   1   1   8  22   0   1   1   5   4   0   0   1  0.33 0.29
   24 N    1 -2  2  3 -5  1  4 -2 -1 -5 -4  0  0 -5 -3  1  0 -5 -3 -3   14   1   8  18   0   5  25   2   1   0   1   5   2   0   1   8   5   0   1   2  0.50 0.38
   25 V    0 -4 -5 -4 -4 -3 -3 -5 -5  2  5 -3  0 -1 -4 -3 -2 -1 -2  1    8   1   0   1   0   1   1   1   0  11  53   2   1   2   1   2   2   1   2  10  0.78 0.46
   26 Y   -1 -1 -1  1 -5  0  4 -4 -1  0  0  0 -3  2 -3 -2 -3  2  1 -2    4   2   3   8   0   4  35   1   1   7   9   5   0   8   1   3   1   3   5   2  0.45 0.35
   27 D    0  2  1  2 -5  2  3 -2 -2 -2 -3  2 -4 -2 -4  0 -1 -5 -3 -3   10  12   6  10   0   9  20   2   1   2   3  10   0   2   0   7   3   0   1   1  0.36 0.30
   28 E    0 -2 -4 -5 -2 -3 -2 -2 -3  3  3 -2 -1  1 -4 -2 -1  3 -3  2    7   3   0   0   0   1   3   4   0  18  28   2   1   5   0   3   4   3   0  17  0.41 0.30
   29 R   -5  6 -2 -2 -7  0  1 -6 -5 -6 -4  5 -3 -4 -6 -3 -4 -4 -4 -4    1  46   1   2   0   3   8   0   0   0   2  31   1   1   0   1   0   0   1   1  1.45 0.76
   30 N   -1 -2  0 -2 -4 -2 -2 -4  1  2  0  0 -2  1 -5 -1 -2 -1  5  3    6   1   6   2   0   1   3   1   3  11   7   7   0   4   0   5   2   1  20  19  0.36 0.30
   31 I   -1  1 -2 -2 -3  0  0 -3 -2  1  3  2 -1 -1 -4 -1 -1 -5 -4 -1    5   6   2   2   0   3   7   2   1   7  35  16   1   2   0   4   4   0   0   4  0.31 0.28
   32 F   -4 -4 -5 -6 -6 -5 -4  5 -2 -5 -4 -4 -3  4 -6 -3 -4  1  6 -4    1   1   0   0   0   0   1  43   1   1   2   1   1  18   0   2   1   2  24   1  1.38 0.70
   33 L   -4  4 -4 -3 -5 -3 -3 -5 -5 -1  4  4 -2 -1 -4 -3 -4 -5 -5 -2    1  23   1   1   0   1   2   1   0   3  37  23   1   3   1   2   1   0   0   2  0.85 0.52
   34 K   -3  1  2 -2 -6  1 -1 -3 -4 -6 -6  7 -5 -7 -3  0 -3 -7 -6 -5    2   5   8   2   0   5   3   2   0   0   0  61   0   0   1   7   1   0   0   1  1.38 0.73
   35 N   -2 -6 -2 -2 -5 -3 -6  7 -6 -5 -6 -2 -7 -7 -5  2 -5 -7 -7 -7    2   0   2   2   0   1   0  70   0   1   1   2   0   0   0  17   0   0   0   0  1.77 0.87
   36 Y    0  1 -3 -2 -3  1  3 -3  0  0  0  2 -1 -1  0  0 -1  0  0  0    9   7   0   1   0   5  19   1   3   6  11  12   1   3   4   5   2   1   3   8  0.16 0.19
   37 L   -5 -6 -7 -7 -5 -6 -5 -8 -7  5  5 -6  1  1 -4 -6 -3 -6 -3  3    0   0   0   0   0   0   1   0   0  26  45   0   2   5   1   0   1   0   1  17  1.23 0.62
   38 S    1 -1  2 -4 -5  0 -3 -3 -5 -4 -3  1 -3 -4 -1  2  5 -6 -4 -3   12   4  10   0   0   3   1   1   0   1   2   9   1   1   3  12  37   0   1   1  0.71 0.53
   39 P    1  0  0  1 -4  2  3 -1 -2 -3  0  0 -3 -3  0  1 -1 -5 -3 -2   14   4   4   6   0  12  18   4   0   1   9   6   0   1   5   9   4   0   1   3  0.24 0.25
   40 L    1 -3 -4 -4 -2  0 -2 -5 -2  3  4 -2  1  0 -5 -3 -3 -2 -1  1   10   2   1   1   1   5   3   0   1  16  41   2   3   4   0   1   1   0   2   7  0.55 0.37
   41 Y   -3 -1 -2 -5 -5 -1 -3 -4 -5  0  4 -1  5  4 -3 -3 -1 -4  0 -3    2   3   2   0   0   3   1   1   0   4  37   4  14  16   1   2   3   0   3   1  0.71 0.46
   42 K   -1  4 -1  0 -6  1  0 -1 -1 -6 -4  5 -5 -6 -5  0 -3 -6 -5 -6    6  21   3   4   0   5   5   4   1   0   2  39   0   0   0   8   1   0   0   0  0.90 0.56
   43 E   -1  0  1  0 -5  3  2  2 -1 -3 -2  1 -2 -1 -4  1 -1 -3 -2 -4    5   5   7   4   0  12  15  15   1   1   4  10   1   3   0  13   3   0   1   0  0.29 0.27
   44 L   -4 -3 -5 -7 -5 -6 -6 -7 -6  4  5 -6  5  1 -6 -6 -4 -6 -5  0    1   2   1   0   0   0   0   0   0  21  48   0  15   6   0   0   1   0   0   4  1.30 0.65
   45 K    0  2 -3 -4 -6 -3 -4  4 -5 -4 -4  5 -5 -5  0  0 -4 -7 -6 -5    9  10   1   1   0   1   0  26   0   1   2  36   0   0   5   8   1   0   0   1  0.90 0.58
   46 E   -1 -1  3  3 -3  1  2 -2 -3 -5 -4  2 -4 -3 -4  2  1 -6 -3 -5    5   2  13  16   1   6  13   3   0   0   1  13   0   1   1  15   8   0   1   0  0.48 0.38
   47 M   -1 -5 -4 -7 -2 -6 -5 -7 -3  2  5 -5  2  0 -6 -4 -3 -2 -2  2    6   0   1   0   1   0   0   0   1  12  53   1   4   3   0   1   2   0   1  13  1.00 0.55
   48 S    0 -3  0  1 -3 -3 -1 -4 -5 -5 -5 -3 -6 -6  6  4  1 -7 -6 -4    9   1   4   9   0   1   4   1   0   1   1   1   0   0  33  26   8   0   0   1  0.97 0.63
   49 E    1 -2  0  0 -5  0  1 -2 -1  0 -2  1 -2 -5  5  0 -2 -6 -4 -1   13   2   5   5   0   4   8   3   2   5   4  10   1   0  25   8   2   0   0   4  0.40 0.32
   50 E    0 -3 -1  3 -7  1  6 -4 -2 -5 -4 -1 -6 -6 -3 -1 -3 -7 -6 -4    8   1   3  15   0   5  52   1   1   1   2   3   0   0   1   4   1   0   0   1  1.15 0.69
   51 D   -2 -2 -1  2 -7  3  6 -3 -3 -3 -3  1 -3 -7 -5 -4 -3 -7 -5 -3    4   2   2  12   0  13  49   2   0   2   3   7   0   0   0   0   2   0   0   2  1.10 0.67
   52 K   -5  7 -6 -6 -8 -3 -4 -7 -6 -6 -6  6 -6 -8 -7 -6 -6 -8 -7 -6    1  55   0   0   0   0   1   0   0   0   1  41   0   0   0   0   0   0   0   1  2.24 1.06
   53 K    0  4 -4 -5 -5 -1 -4 -3 -5 -3 -5  5 -4 -7  5 -2 -3 -7 -6 -3    7  18   1   0   0   3   0   2   0   1   1  35   0   0  25   2   1   0   0   2  1.13 0.67
   54 E    2  0  0  1 -4  1  3 -3 -2 -1 -2  2 -3 -3 -3  0  0 -5 -3  0   17   6   4   7   0   5  21   1   1   4   4  11   0   1   0   6   5   0   1   6  0.27 0.26
   55 F    2 -2 -3 -5 -4 -3 -4 -4 -3  3  1 -1  0  4 -5 -3 -3 -2  2  2   15   2   1   0   0   1   1   1   1  15  15   4   2  17   0   1   1   0   7  15  0.50 0.34
   56 G   -1 -5 -6 -6 -7 -7 -6  7 -7 -6 -6 -5 -7 -5 -7 -4 -5 -7 -5 -5    5   1   0   0   0   0   1  88   0   0   1   1   0   1   0   1   1   0   0   1  2.41 1.09
   57 K    1  1 -1 -3 -6  4 -1 -3 -2 -2 -3  4  0 -6  1  0 -3 -6 -5 -3   12   7   3   1   0  21   3   2   1   3   3  29   2   0   6   6   1   0   0   1  0.63 0.48
   58 Q    1  1 -2 -2 -4  1  1 -2 -2  0  2  2  0 -1 -3 -1 -1 -2 -2  0   15   7   1   1   0   5  11   3   1   6  18  12   2   2   1   3   3   0   1   5  0.16 0.20
   59 L    3 -6 -6 -6 -3 -5 -6 -4 -6  4  3 -6  0  0 -6 -3 -3 -3 -1  3   23   0   0   0   0   0   0   1   0  26  24   0   2   3   0   2   1   0   2  16  0.83 0.51
   60 N   -5 -6  9 -3 -8 -2 -5 -3  0 -3 -7 -4 -7 -8 -7 -2 -4 -9 -7 -8    1   0  84   1   0   2   1   2   2   2   0   1   0   0   0   3   1   0   0   0  2.71 1.26
   61 Q    1  1 -1  1 -5  3  4 -3 -2 -1 -2  1 -2 -3 -3 -1  0 -6 -4 -2   11   6   2   7   0  14  26   1   1   3   3   9   1   1   1   5   5   0   0   3  0.44 0.37
   62 Y    1 -5 -5 -6 -2 -4 -4 -4 -6  2  4 -4 -1  1 -6 -4 -1  1 -1  2   13   0   0   0   1   1   1   1   0  13  38   1   1   5   0   1   4   2   2  16  0.69 0.44
   63 K   -5  5 -4 -6 -4 -2 -3 -6 -6 -5 -5  7 -4 -8 -6 -4 -2 -8 -5 -6    1  24   1   0   0   2   1   1   0   1   1  65   0   0   0   1   3   0   0   1  1.98 1.00
   64 E    0  0  3  1 -5  4  2 -1 -3 -3 -3  2 -3 -5 -5  0  1 -6 -3 -3    9   5  12   7   0  17  12   4   0   2   3  13   0   0   0   6   7   0   1   2  0.41 0.36
   65 M    1  1  0  0 -4  1  4 -3 -1 -2 -2  2 -2 -1 -2  0  0  0 -1 -2   11   6   4   4   0   5  25   1   1   2   5  13   1   3   2   5   5   1   2   2  0.29 0.29
   66 I    0 -6 -7 -7 -3 -4 -6 -4 -7  5  3 -5  2  1 -5 -4 -3 -3 -3  2    7   0   0   0   0   1   0   1   0  32  31   0   4   5   0   1   1   0   1  14  0.96 0.54
   67 E   -1 -2  1  0 -4  3  5 -3 -2 -2 -2 -1 -3 -3 -5 -1  1 -6 -5 -2    5   2   6   4   0  11  42   2   1   2   5   2   1   1   0   3   9   0   0   3  0.75 0.54
   68 D    2  0  0  1 -5  2  3 -2 -1 -2 -2  1 -3 -2 -3  1  1 -4 -4 -3   14   4   4   9   0   9  19   2   1   2   3   9   0   2   1  10   8   0   0   1  0.32 0.31
   69 V    3  0 -2 -3 -3 -1  0 -3 -1  1  2  1  0 -1 -4 -1 -2 -2 -2  0   29   5   2   1   0   3   5   2   2   7  19   8   2   2   0   3   2   1   1   7  0.28 0.28
   70 A   -2 -6 -7 -6 -2 -6 -4 -4 -2  4  3 -4 -1  4 -7 -5 -2  0  2  0    3   0   0   0   1   0   1   1   1  24  30   1   1  18   0   1   3   1   8   6  0.86 0.51
   71 E    1 -1  1  3 -3  2  4 -3 -1 -4 -3  2 -3 -4 -3  0 -1 -6 -3 -4   11   3   8  13   0   8  25   2   1   1   3  11   1   1   1   6   4   0   1   1  0.46 0.38
   72 K    2  0  1  1 -4  2  4 -4 -2 -2 -2  2 -4 -5 -5  0 -1 -2 -4 -3   16   5   7   6   0   8  25   1   1   2   4  11   0   0   0   6   3   1   0   1  0.44 0.37
   73 R    1  4 -2 -5 -3  0 -1 -3 -1 -1 -1  4 -2 -1 -5 -2 -1 -6 -2 -2   13  25   2   0   0   4   3   2   1   3   6  29   1   3   0   2   3   0   1   2  0.66 0.46
   74 I   -1  2 -2 -3 -3  2  1 -1 -2  0  0  4 -1 -2 -3 -1 -1 -5 -3 -2    5  13   1   1   1   8  11   4   1   7  10  25   1   1   1   4   3   0   1   2  0.34 0.30
   75 N    1  0  2  1 -3  2  3 -2 -2 -2 -2  1 -2 -4 -4  1  0 -5 -3 -2   12   4  10   6   0  10  19   2   1   2   4   9   1   0   0  10   5   0   1   3  0.31 0.29
   76 E    1  1 -1  1 -5  2  4 -3 -2 -2 -2  1 -2 -1 -4  1  0 -5 -3 -2   10   7   2   6   0  11  25   2   1   3   3   8   1   3   0  10   6   0   1   3  0.36 0.32
   77 I   -2 -4 -5 -5 -6 -4 -5 -4 -5  3  5 -4  0  2 -7 -5 -3 -1 -2  0    3   1   1   1   0   1   1   2   0  18  53   1   2   9   0   0   1   1   1   5  1.06 0.57
   78 K    1  0  0  0 -6  1  4 -2 -3 -3 -2  4 -3 -4 -4  0 -1 -6 -4 -2   10   5   4   4   0   6  23   2   1   2   3  23   1   1   0   7   4   0   1   2  0.48 0.38
   79 K    1  1  0  0 -5  2  3 -2 -3 -2 -2  2 -3 -4 -1  2 -1  0 -3 -4   14   8   4   4   0   9  18   3   0   2   4  10   1   0   3  14   3   1   1   1  0.32 0.30
   80 Q    2  0  0  0 -3  3  2  0 -1 -3 -2  3 -3 -4 -3  1 -2 -3 -1 -2   14   4   4   4   0  13  16   6   1   1   4  15   0   1   1   9   2   0   2   2  0.33 0.30
   81 K    1  1 -1  0 -5  1  4 -1 -2 -3 -2  2 -2 -3 -3 -1 -1 -3 -2 -2   13   9   2   6   0   7  24   5   1   2   4  13   1   1   1   5   4   0   1   3  0.34 0.28
   82 I    0 -1  0  0 -3  0  0 -3 -2  2  2  0  0  0 -2 -1  0  1 -1  0    6   3   4   5   0   3   7   2   1  14  21   6   2   3   2   5   6   2   1   6  0.10 0.12
   83 L    1  0  1  1 -4  2  2 -2 -1 -1 -1  1 -2 -3 -2  1  0 -4 -2 -1   12   5   7   7   0   9  12   3   1   3   8  10   1   1   2   9   5   0   1   3  0.16 0.16
   84 N    1  2  2  0 -4  1  2 -1  0 -3 -1  1 -2 -2 -2  1 -1 -2 -3 -1   12  10  10   5   0   5  13   4   2   1   6  10   1   1   1   9   3   1   1   4  0.18 0.18
   85 I    1  0 -2 -2 -2  1  1 -1 -3  1  1  1 -1 -1 -1  0  0 -4 -2  0   15   6   1   2   1   7   9   4   0  11  12   9   1   3   2   6   4   0   1   7  0.10 0.13
   86 K    1  1  0 -1 -3  1  2 -1 -1 -1  0  2 -2 -3 -1  1  0 -4 -2 -2   14   6   4   3   0   5  12   5   1   3   8  14   0   1   3   9   7   0   1   1  0.16 0.17
   87 S    0  1 -1  2 -6  0  5 -3 -2 -3 -4  1 -4 -6  0  0  0 -6 -4 -2    8   8   3  11   0   4  34   2   1   1   1   7   0   0   5   7   5   0   1   3  0.58 0.41
   88 E    0  2 -1  1 -3  0  1 -2  0 -3 -1  2 -1 -1  1  1  0  3 -2 -2    9  12   2   6   0   3   9   3   2   1   5  14   1   3   7   9   5   4   1   2  0.18 0.18
   89 Y   -3 -4 -5 -5 -3 -3 -3 -5 -2  5  1 -4 -1  3  0 -3 -3 -1  3  2    2   1   0   1   1   1   2   1   1  29  14   1   1  12   5   2   1   1  10  15  0.70 0.39
   90 D   -5 -5 -2  8 -8 -6 -3 -7 -6 -7 -6 -4 -7 -8 -7 -4 -1 -8 -7 -5    1   1   1  86   0   0   1   0   0   0   1   1   0   0   0   1   4   0   0   1  2.68 1.14
   91 I   -2 -5 -2 -5 -2 -3 -4 -6 -6  3  2 -5  1  0  1 -4 -3 -1 -3  5    2   0   3   0   1   1   1   0   0  17  20   0   3   4   7   1   2   1   1  37  0.83 0.48
   92 N   -4 -5  1 -2 -4 -4 -3 -5 -3 -5 -6 -4 -3 -6 -3  3  7 -8 -5 -5    1   1   7   3   0   1   2   1   1   0   1   1   1   0   1  22  57   0   1   0  1.58 0.88
   93 L    0 -2 -6 -7 -6 -3 -3 -5 -1  1  5 -3  2 -2 -5 -2 -2 -3 -2  1    7   2   0   0   0   2   2   1   2   8  52   2   5   1   1   3   3   0   1   7  0.84 0.49
   94 P   -3 -3 -4 -3 -4 -4 -2 -6 -4 -5 -4 -1 -3 -2  8 -2 -3 -8 -2 -3    2   2   1   1   0   1   3   1   0   1   2   4   1   2  69   3   2   0   2   2  1.98 0.98
   95 A    1 -3 -1 -1 -3 -4 -2  5 -4 -2 -3 -2 -6 -4  0  0 -2 -3 -3  0   11   2   3   4   0   1   3  45   0   3   2   3   0   1   4   6   3   0   1   8  0.74 0.45
   96 D   -1  5  0 -1 -6 -1 -1 -4 -2 -1 -2  2 -3 -2  3  0  0 -6 -1 -1    4  27   4   3   0   2   4   1   1   4   4  10   1   2  13   7   6   0   2   4  0.46 0.34
   97 Y    0  3  0 -1 -3  0  0 -1  0 -2 -2  3 -3 -3  3  0  0 -2  0 -3    7  14   5   3   0   4   7   4   2   3   4  15   0   1  14   6   5   0   4   2  0.27 0.23
   98 F   -1  1 -1 -2 -2  0 -2 -3  1  1  1 -1 -1  1  2 -1 -1 -1  0  1    5  10   2   2   1   4   2   2   4  10  15   4   1   7  10   4   4   1   3  10  0.12 0.12
   99 Q   -1  1  0 -1 -3  1  1 -2  4 -3 -2  0 -2 -1  3  0  0  1  1 -2    5   7   5   2   1   5   8   3   9   1   4   7   1   3  17   8   5   2   6   2  0.28 0.23
  100 S    0  1  0 -2 -1  0 -1 -1 -1  1  0  1  0  0  1  0  0 -1 -1  0    7   8   6   1   1   4   3   4   1  10  12   8   2   4   8   5   5   1   2   8  0.05 0.07
  101 G    0 -3 -3 -4 -7 -1 -6  7 -1 -4 -4 -4 -7 -4 -1 -2 -3 -7 -2 -4    6   1   1   1   0   3   0  71   1   1   2   1   0   1   4   3   2   0   2   1  1.58 0.71
  102 G    0  2  0 -3 -1 -1 -3  0  5 -4 -3  2 -2 -3 -3  3  0 -6 -1 -3    9  12   3   1   1   2   1   8  15   1   2  11   1   1   1  22   5   0   2   2  0.48 0.34
  103 I   -2  3 -3 -3 -4 -1 -1 -3  0  1  3  0  1  1  0 -2 -1 -1 -1  0    3  15   1   1   0   2   5   1   2   9  29   6   3   5   5   2   4   1   2   4  0.26 0.20
  104 N   -6 -5  1 -2 -7 -1 -5 -6 11 -8 -7 -5 -6 -6 -1 -2 -6 -7 -4 -7    0   0   7   2   0   2   0   0  81   0   0   0   0   0   3   3   0   0   0   0  3.15 1.07
  105 P   -4 -8 -8 -8 -8 -7 -7 -8 -1  0  0 -3 -1 -2  8 -7 -7  0 -2 -2    2   0   0   0   0   0   0   0   2   5   8   2   2   2  72   0   0   2   2   3  2.20 0.96
  106 I   -3 -3 -3 -7 -5 -6 -3 -7 -6  5  4 -6  1  0 -7 -3 -1 -6 -1  2    2   2   2   0   0   0   2   0   0  30  38   0   3   3   0   2   3   0   2  12  0.97 0.51
  107 D   -2 -1  1 -3  0  1 -3 -2  0 -2 -3 -2  1 -2 -2  2  5  1 -1 -2    3   3   7   1   2   5   2   3   3   3   3   2   4   2   2  15  35   2   2   3  0.58 0.45
  108 L   -1  2 -1 -2 -1  4  0 -3  0  2  1  1  0 -2 -5 -1  0 -5 -1 -1    4  11   2   2   1  19   6   2   2  10  12   7   2   1   0   3   5   0   2   5  0.27 0.27
  109 V   -1 -6 -2 -6  0 -2 -2 -3 -6  3  1 -6  2  1 -6 -2  3  1 -5  4    6   0   2   0   2   2   3   2   0  13  15   0   4   6   0   3  16   2   0  26  0.58 0.39
  110 K   -2  1 -2 -3  0  1 -2 -3 -1  4  1  2  3 -1 -5 -1 -1  1 -1  0    3   7   1   1   2   5   3   2   1  22  14  12   7   2   0   4   3   2   2   5  0.32 0.26
  111 N   -2  3  3  3 -4  2  3 -4 -1 -4 -3  1 -2 -3 -5 -1 -1 -2 -1 -5    4  16  13  15   0  10  19   0   1   1   2   8   1   1   0   3   3   1   2   0  0.56 0.36
  112 E   -2  3 -3  1 -6  1  5 -4  0 -2 -2  2  0 -4 -5 -2 -2 -2 -3 -3    2  16   1   8   0   7  34   1   2   2   4  12   3   1   0   3   2   1   1   1  0.68 0.41
  113 I   -2 -7 -7 -7 -1 -5 -7 -7 -7  7  1 -6  3 -1 -7 -3 -3 -6 -5  3    4   0   0   0   2   0   0   0   0  53  13   0   8   2   0   2   1   0   0  16  1.37 0.59
  114 V   -1  1  0 -2  1  0  3 -4  0  1 -1  1 -2 -2 -4 -1  0 -2  2  1    4   7   4   1   3   4  22   1   2   9   7   9   0   1   0   3   6   0   7  11  0.21 0.20
  115 K   -1  1  2  5 -5  1  3 -3  0 -5 -5  1 -4 -6 -5  0 -2 -6 -2 -5    6   8   8  31   0   6  18   2   2   0   1   7   0   0   0   7   2   0   2   0  0.69 0.39
  116 F   -1 -5 -4 -6 -4 -5 -5 -6  3  5  0 -4 -2  3 -5 -3 -2 -1  4  2    5   0   1   0   0   0   0   0   6  39   7   1   1  12   0   2   2   1  12  10  0.91 0.45
  117 F   -6 -8 -8 -5 -4 -8 -6 -8 -7 -3  1 -5  2  9 -4 -7 -7  0 -1 -4    1   0   0   1   0   0   1   0   0   1  10   1   4  78   1   0   0   1   1   1  2.51 0.92
  118 K    0  1  0  0 -2  1  0  0  1 -1  0  1 -1 -1 -2  1  0 -3 -1  0    7   9   3   5   1   6   6   7   3   3   9   9   1   2   1  10   6   0   2  10  0.05 0.07
  119 K   -1  3  0  1 -2  1  1  1 -1 -4 -4  1 -3 -2 -2  2 -1 -5 -2 -4    4  17   4   6   1   6  10  12   1   1   1  10   0   2   1  18   3   0   1   1  0.32 0.24
  120 A   -3 -2  0 -5 -4 -2 -4 -6  0  1  3 -2  8  0 -3 -2 -3 -5 -2 -2    2   2   4   1   0   2   1   0   2   6  31   2  36   4   1   3   1   0   2   1  1.07 0.52
  121 N   -4 -6 -1 -3 -6 -1 -5  7 -2 -6 -6 -1 -6 -2 -4 -4 -4 -6 -1 -7    0   0   3   1   0   3   1  77   1   1   1   4   0   2   1   1   1   0   3   0  1.80 0.71
  122 F   -7 -7 -5 -8 -7 -8 -8 -8 -3 -5 -3 -8 -5  9 -8 -7 -4  1  4 -6    0   0   1   0   0   0   0   0   1   0   2   0   0  79   0   0   1   2  14   0  2.84 0.96
  123 K    0  0  0  2 -2  2  2 -3 -2 -2 -3  1 -3 -4 -2  2  2 -5 -3 -1    6   4   3  13   1   8  15   1   1   2   1   7   0   1   2  19  13   0   0   4  0.34 0.26
  124 I   -2 -1 -4 -5 -1 -3  1 -6 -1  4  0 -2 -1  1 -4 -2 -1 -1  0  4    2   3   0   0   1   1  10   0   2  21   7   2   1   6   1   2   2   1   3  35  0.58 0.34
  125 L    2 -2 -3 -3 -1 -2  0 -3  0  1 -1 -3  3  2 -4 -2 -1 -1  2  3   23   2   1   1   1   2   6   1   2   9   4   1   8   9   0   1   3   1   6  21  0.34 0.26
  126 T   -3  0  0  5 -4  0  4 -4  0 -4 -3  0 -3  0 -4  0  1 -4  0 -3    1   4   3  28   0   3  27   1   2   0   3   4   0   4   0   5   8   0   3   1  0.62 0.36
  127 E   -2 -4 -1  0 -6 -3 -2  6 -3 -6 -4 -3 -4 -3 -4  1 -2 -6 -1 -3    3   0   3   6   0   1   3  64   0   0   1   1   0   1   1  10   2   0   3   2  1.20 0.52
  128 S   -4 -1  0  0 -1 -3 -3 -5 -1 -5 -6 -1 -4 -3  7  0 -3 -7 -1 -5    1   3   5   6   2   1   1   0   1   0   0   4   0   1  62   9   1   0   3   0  1.60 0.64
  129 E   -5 -3 -3  1 -7  0  6 -6  0 -2 -4 -3 -3 -4  3 -4 -4 -1 -1 -4    0   1   1   6   0   3  62   0   2   2   2   0   1   1  14   0   1   1   3   1  1.34 0.61
  130 V   -2 -6 -7 -7 -1 -6 -6 -7 -7  6  1 -4 -1 -4 -4 -4 -3 -6 -5  5    3   0   0   0   1   0   0   0   0  42  13   1   1   0   1   1   1   0   0  36  1.29 0.52
  131 T   -4 -4 -3  1 -3 -1  7 -5 -4 -3 -6 -3 -5 -6 -5 -3 -2 -7 -6  2    0   0   1   6   1   2  67   1   0   1   0   0   0   0   0   2   2   0   0  17  1.51 0.65
  132 S   -2 -3  0  3 -5 -2 -2 -4 -1 -4 -2 -2 -1 -4 -1  3  5  2 -2 -4    2   1   4  15   0   1   1   1   2   0   3   1   2   1   2  19  40   3   1   0  0.73 0.43
  133 V    1 -3 -1  4 -3 -1  3 -3 -3 -2 -4 -2 -4 -1 -1 -1  1 -5  0  0   10   0   2  28   1   1  24   1   0   1   1   1   0   3   3   3   8   0   4   9  0.50 0.31
  134 E   -2  0 -3 -1 -5 -2  2 -4  3 -4 -2  1 -2  4 -5 -3 -2  7  5 -3    3   4   1   3   0   1  13   1   6   0   2   9   1  16   0   1   2  17  20   1  0.84 0.39
  135 F   -3 -3  2 -2 -3  2 -2 -4  5 -3 -3 -3 -2  2 -5 -3 -3  4  7 -4    1   1  11   2   0   9   2   0  14   1   1   1   1   7   0   1   1   6  38   1  1.08 0.46
  136 N   -2 -4  8 -1  3  0 -4 -3 -3 -4 -4 -4 -2 -6 -5 -1 -2 -7 -6 -3    3   0  76   1   6   4   0   1   0   1   2   0   1   0   0   2   1   0   0   2  1.83 0.65
  137 F   -6 -7 -7 -8  0 -7 -7 -7 -5 -4 -3 -7  0  9 -8 -6 -6 -3  1 -5    0   0   0   0   2   0   0   0   0   0   0   0   2  93   0   0   0   0   3   0  2.87 0.82
  138 D   -3 -2 -1  6 -5  0  3 -2 -3 -3 -5 -2 -5 -5 -4 -1  2 -1 -2 -3    1   1   1  48   0   4  19   2   0   1   1   2   0   0   0   4  12   1   1   1  0.96 0.41
  139 S    4  0 -2  0 -2 -2 -1 -1 -2 -2  0  0  0 -2 -3  1 -1 -4 -2 -1   47   6   1   5   1   1   2   3   1   1   9   6   2   1   0   9   1   0   1   2  0.42 0.28
  140 L   -3 -5 -6 -7 -1 -5 -4 -7 -6 -1  6 -5  1 -1 -6 -5 -4 -5 -4  0    1   0   0   0   1   0   1   0   0   2  87   0   2   2   0   0   0   0   0   4  1.51 0.54
  141 N   -3 -1  7 -1 -1  0 -2 -2 -3 -5  1 -3 -4  0 -5 -3 -3 -6 -2 -5    1   3  66   2   1   5   1   2   0   0  13   0   0   4   0   0   0   0   1   0  1.36 0.54
  142 I   -2 -4 -3 -5 -1 -2 -4 -5  2  5  0 -4  3  3 -5 -3  1 -4  0  1    3   0   1   0   1   2   0   0   6  38   5   0   9  16   0   1   8   0   2   7  0.67 0.34
  143 K   -1 -3 -3  0 -6 -2  0 -3 -1 -4 -4 -3 -5 -6  8 -1 -3 -1 -3 -4    4   1   1   5   0   1   7   2   2   1   1   1   0   0  67   3   1   1   1   1  1.70 0.59
  144 K    0  0 -1  2 -4  0  2 -2 -1 -3 -2  3 -2 -3  3  0 -1 -1 -2 -2    9   3   2  11   0   4  16   1   1   1   3  20   1   1  16   5   2   1   1   2  0.36 0.21
  145 D   -1 -2  1  5  1 -1  0  0  2 -4 -3  1 -3 -1 -3 -1 -1  0  0 -4    4   0   6  46   3   1   3   7   6   0   1  10   0   3   0   2   3   2   3   0  0.55 0.23
  146 H   -3 -3 -2 -3 -5 -2 -2 -4 10 -5 -5 -3 -4 -4 -4  2 -3 -5 -1 -5    0   0   0   0   0   0   0   0  82   0   0   0   0   0   0  18   0   0   0   0  2.17 0.50
  147 P   -1 -1 -3 -3 -4 -1 -1 -4 -3  0 -2 -2 -2  1  7  0 -2 -4 -3  0    4   3   0   0   0   3   3   0   0   5   3   0   0   7  55   6   0   0   0  10  1.05 0.34
  148 A    4 -3 -2  0  2 -2  0  0 -3  0 -2 -2  1 -3 -2  1  0 -4 -3  0   47   0   0   5   5   0   5   5   0   6   0   0   5   0   0  12   5   0   0   5  0.38 0.25
  149 R   -1  5 -2 -3  1  0 -2 -4 -2 -1 -1  1  1  0 -4 -2  1  3 -2 -1    4  49   0   0   4   4   0   0   0   4   4   4   4   4   0   0   9   4   0   4  0.56 0.30
  150 S    0  0  0  4 -4  1  1 -1 -3 -4 -2  0  1 -4 -4  2  0 -5  0 -1    8   5   5  23   0   5  11   4   0   0   4   6   4   0   0  14   5   0   4   4  0.31 0.28
  151 I    0  0  0  0 -3  0  0  0 -2  0 -1  0  1  1  0  0  0  3  1  0    6   6   5   6   0   5   6   6   0   6   6   6   5   5   6   6   6   5   5   6  0.06 0.08
  152 S    0  0  0  0 -3  1  0  0  2  0 -1  0  1  1 -3  0  0  3  1  0    6   6   5   6   0   5   6   6   5   6   6   6   5   5   0   6   6   5   5   6  0.06 0.10
  153 D   -1  0  2  5 -4  1  1 -2  1 -3 -3 -1  0 -4  1  1 -1 -4 -3 -3    5   5   8  39   0   5   9   0   5   0   0   0   5   0   7  11   0   0   0   0  0.49 0.18
  154 T    1 -2  1 -2  4 -2 -2 -2 -2  1  1 -2  0 -2 -2  1  1 -3 -2  1   13   0  13   0  13   0   0   0   0  13  13   0   0   0   0  13  12   0   0  13  0.17 0.09
  155 F   -4 -5 -5 -5 -4 -4 -5 -5 -4  1  2 -5  2  6 -5 -1  0 -2  3  0    0   0   0   0   0   0   0   0   0   7  17   0   6  44   0   6   6   0   7   7  0.91 0.37
  156 Y   -2 -1 -4 -5 -4 -1 -4 -2  3 -1 -1 -4  1  3 -1 -2 -1  7  6 -1    3   3   0   0   0   3   0   3   7   3   3   0   3  11   3   3   3  16  30   3  0.80 0.34
  157 I    0 -3 -2  0  3 -2  0 -3  2  0  0 -2  2  1  1 -2  0  4  2  0    7   0   0   7   7   0   7   0   7   7   7   0   7   7   7   0   7   7   7   7  0.19 0.19
  158 D   -1  0  3  4 -4  0  1 -1  1 -4 -2  0 -3 -5  1  0  1 -5 -4 -2    6   4  13  22   0   5   8   5   4   0   4   6   0   0   7   6   7   0   0   4  0.33 0.26
  159 D   -1  0  1  2  1  0  1  1  1 -2 -2  0  0 -4  2  0 -1 -4 -1 -2    4   4   7  15   3   4  10  10   3   3   3   5   3   0  12   5   3   0   3   3  0.20 0.18
  160 K   -1  1  1  1 -1  0  1  1  1 -2 -3  1 -1 -1  2  0 -1 -4 -1 -2    5   8   7  10   2   5   9  13   3   2   2   7   2   2   9   6   4   0   3   2  0.15 0.15
  161 Q   -1  0  0  0  2  0  0 -1  2  0 -1  0  2  1  0 -1  0  4  1 -1    5   5   5   5   5   5   5   5   5   5   5   5   5   5   5   5   5   5   5   5  0.09 0.08
  162 L   -1 -3  0  0  1  0 -1 -1 -3  1  2 -2  3 -2  0 -2  0 -3 -2  2    4   0   7   7   4   4   4   4   0  10  20   0  13   0   4   0   5   0   0  14  0.15 0.14
  163 L    0 -2  1 -2 -2 -2 -2  1 -1  1  1 -2  2  2  2 -1 -1 -1  2 -1   11   0  11   0   0   0   0  11   0  11  11   0  11  11  11   0   0   0  11   0  0.16 0.11
  164 R    0  1 -2 -3  3 -1 -2 -3  2  0  0  0 -1 -1  1  0  1 -2  2  0    8   8   0   0   8   0   0   0   8   8   8   8   0   0   8   8   8   0   8   8  0.13 0.14
  165 V    1 -3 -2 -3  3 -2 -3  1 -3 -2  0 -2 -2 -3  3  1  3 -4 -3  0   13   0   0   0   6   0   0  10   0   0  10   0   0   0  16   8  28   0   0   8  0.37 0.20
  166 H   -1 -2 -1 -3 -4  2  0 -3  8 -3  0 -2  2 -3  0 -1 -2 -4 -1 -3    4   0   0   0   0  10   4   0  53   0  11   0   8   0   6   4   0   0   0   0  0.88 0.33
  167 N   -1  2  0 -3  1 -2 -3 -2 -3 -1 -2 -1  0 -4  0  0  5 -4 -3 -1    3  16   4   0   3   0   0   2   0   3   2   3   2   0   5   2  53   0   0   2  0.62 0.32
  168 T    1 -1 -1 -2 -2 -2 -1 -2 -3 -3 -3 -2 -3 -4  1  4  4 -4 -3 -2    7   3   0   0   0   0   3   0   0   0   0   0   0   0   5  48  31   0   0   0  0.66 0.29
  169 A    2 -2  1 -1  0  1 -1  0  2 -2 -1 -2 -2 -3  3  2  0 -4 -2 -1   20   0   6   1   2   6   0   6   8   2   6   0   0   0  15  20   6   0   0   2  0.27 0.16
  170 I   -1 -3 -1 -2 -1 -2 -2 -1  4  1  0 -3  4 -1 -3 -1  1 -3 -1  3    4   0   2   1   1   0   1   6  12   8   6   0  18   2   0   3   8   0   1  25  0.30 0.21
  171 T   -1 -2 -2 -1  0  7  0 -3 -2 -4 -3 -2 -3 -5 -3  0  3  2 -4 -3    4   0   0   2   2  57   3   1   0   0   1   0   0   0   0   7  17   2   0   1  1.05 0.50
  172 S    1 -3  0 -1 -1 -2 -3 -2 -1  3  0 -2  0 -2 -1  0  1 -1 -1  3   17   0   6   3   1   1   0   2   1  23   3   0   1   1   3   8   7   1   1  22  0.21 0.18
  173 K    0  0  0  0 -3  1  0  0  2  0 -1  0  1  1  0  0  0  3  1 -2    6   6   5   6   0   5   6   6   5   6   6   6   5   5   6   6   6   5   5   0  0.08 0.12
  174 A    0  0  0 -2  2  0  0 -1  2  0 -1  0  1  1 -3  0  0  3  1  0    6   6   5   0   5   5   6   6   5   6   6   6   5   5   0   6   6   5   5   6  0.08 0.12
  175 L   -1 -1 -4 -4  1 -1 -1 -2  1  1  2 -1  6  0 -4 -2 -1 -4  1 -1    4   3   0   0   3   3   3   3   3   9  20   3  25   3   0   3   3   0   4   3  0.45 0.36
  176 R    0  1  0 -1  0  1  3 -2  0 -2 -2  2 -1 -1 -2 -1  0  4  0 -2    7   9   4   2   2   5  20   2   2   3   3  14   2   2   2   5   5   6   4   2  0.25 0.24
  177 M    0  0  0  0 -2  1  0  0  2  0  0  0  1  1 -2  0  0 -2  1  0    6   6   6   6   0   6   6   6   6   6   6   6   6   6   0   6   6   0   6   6  0.04 0.07
  178 F   -1  0  0  0  2  0  0 -1  2  0 -1  0  2  1  0 -1  0  4  1 -1    5   5   5   5   5   5   5   5   5   5   5   5   5   5   5   5   5   5   5   5  0.09 0.08
  179 N    0  0  0  0  2  0  0 -1  1  0 -1  0  1  0  0  0  0 -2  1  0    5   5   5   5   5   5   5   5   5   5   5   5   5   5   5   5   5   0   5   5  0.03 0.05
  180 K    0  1  2 -1  1  2 -1  0  2 -2 -2  2  0 -1  0 -1 -1  2  0 -2    7   6   8   4   3   9   4   6   5   3   4  12   3   3   6   5   3   3   3   3  0.16 0.14
  181 E    0  0  1  0 -3  1  0  0  2 -2 -1  0  1  0  1  0  0 -2  1 -1    6   6   6   6   0   6   6   6   6   0   6   6   6   6   6   6   6   0   6   6  0.05 0.09
  182 E   -1 -1 -1  0 -4 -1  0  4  0 -2 -2  0 -1 -2  4 -2 -2  1 -1 -2    5   3   2   5   0   3   5  28   2   2   4   7   2   2  19   3   2   2   2   3  0.41 0.32
  183 E   -1 -1  0 -1  1 -1  0 -2  3 -1 -1 -1 -4 -1  5 -1 -4 -5  1 -1    4   4   4   3   4   3   6   3   7   3   8   3   0   3  31   4   0   0   4   5  0.51 0.38
  184 I   -1  0  0  0  0  0  0 -1  0  1  0 -1  1  0 -3  0  1  1  0  1    5   6   4   6   3   3   5   5   3  12   9   3   4   5   0   4  11   3   4   8  0.03 0.08
  185 K    0  0  1 -2  2  1  0  0  2 -2 -1  0  1  1 -2  0  0 -2  1  0    6   6   6   0   6   6   6   6   6   0   6   6   6   6   0   6   6   0   6   6  0.06 0.12
  186 V    0 -1 -1 -3  1 -1 -3 -2  0  2  0 -1  1  2 -3 -1 -1 -2  1  2    6   4   3   0   3   3   0   3   3  18   4   4   5  12   0   3   4   0   6  19  0.17 0.16
  187 L    0 -2 -2 -2  3  1 -2 -2 -1  1  1 -2  2  2 -2  0 -1 -1  2  1   10   0   0   0   9   9   1   1   0  10  10   1   9   9   0  10   1   0   9  10  0.13 0.11
  188 S    0 -2  0 -2  2 -2  0  0  2  0  0 -2  1  1  1  0  0  4  1  0    6   0   6   0   6   0   6   6   6   6   6   0   6   6   6   6   6   6   6   6  0.11 0.15
  189 H    0 -1 -4 -1  1 -1 -1 -2  0  1 -2 -3  1  0  5  0  0  2  0  0    6   3   0   3   3   3   3   3   3  10   3   0   3   4  29   6   5   3   4   6  0.43 0.33
  190 G    1 -5  1  1 -6 -4  0  6 -5 -7 -7 -4 -6 -7 -5  0 -4 -6 -6 -6    9   0   6   7   0   0   8  63   0   0   0   0   0   0   0   7   0   0   0   0  1.37 0.58
  191 N   -3  5 -1  2 -1 -2 -2 -4 -1 -3 -4  3  0 -3  2 -3 -2  0 -2 -4    2  34   2  13   1   2   2   1   1   1   1  18   2   1  11   2   2   1   1   1  0.79 0.45
  192 V    0 -2  0 -3  5 -2 -2 -2 -3  1  0 -2  2 -2 -3  1  1 -3 -2  3    4   0   4   0  17   0   0   0   0   4   0   0  11   0   0  16   6   0   0  36  0.27 0.10
  193 Y   -1 -3 -3 -4 -3 -2 -3 -3  2 -1  1 -3 -1  5 -3 -1 -2  0  5 -1    6   0   0   0   0   0   0   0   6   0  14   0   0  32   0   6   0   0  36   0  0.59 0.13
  194 R    1  6 -1 -2 -3  1 -1 -3  2  0 -2  1 -2 -3 -3 -1 -2 -3 -2 -2   14  64   0   0   0   7   0   0   7   9   0   0   0   0   0   0   0   0   0   0  0.59 0.15
  195 K    0  0  0 -2  2  1  0 -3  2  0 -2  0  1  1  1  0  0  4  1  0    6   6   6   0   6   6   6   0   6   6   1   6   6   6   6   6   6   6   6   6  0.12 0.17
  196 D   -1 -2  1  4  2  1  3 -1  1 -4 -4  0 -3 -4  0  0  0 -4 -3 -3    5   1   5  22   5   5  22   5   4   1   1   5   0   1   5   5   5   0   0   1  0.42 0.26
  197 D    1 -1  1  4 -4  1  1 -2  0 -2 -3 -1 -3 -2 -1  0  1  1 -1 -1   10   2   5  30   0   7   8   2   2   2   2   3   0   2   2   5   8   2   2   6  0.34 0.28
  198 D    0 -2 -1  0 -1 -1 -1 -3  1  1  0 -1  1  1  1  1  1  1  2  1    6   2   2   6   1   2   2   0   3   9  11   2   3   5   9  11   8   2   7   8  0.09 0.12
  199 D    0  1  1  1 -3  1  1  1 -1 -2 -3  1 -2 -3 -2  1  1 -3 -3  0    9   9   9   9   0   9   9   9   0   0   0   9   0   0   0   9   9   0   0   9  0.18 0.11
  200 A    3  2 -1 -1  1 -1 -3 -2  0  0 -2  0  0 -1  1  0  0  2  0 -1   24  12   3   3   3   3   0   3   3   7   3   5   3   3   6   6   6   3   3   3  0.17 0.18
  201 T   -3  4 -2 -1  0 -1 -1 -4 -1 -2 -3  1 -1 -3 -2  2  4  0 -2 -3    1  23   2   4   2   2   4   1   1   2   3   7   1   1   3  13  25   1   2   1  0.56 0.35
  202 H    0  1  2 -1 -3 -1 -1 -2  3 -3 -2  1 -2  1  2  1  1 -3 -1 -2   11  11  11   0   0   0   0   0  11   0   0  11   0  11  11  11  11   0   0   0  0.23 0.12
  203 S    0  0  0  0  2  0  0  0  2  0 -1 -1  1  0  0  0  0 -2  1  0    6   6   5   6   5   5   6   6   5   6   6   0   5   5   6   6   6   0   5   6  0.03 0.09
  204 H    0 -1  0 -1  3 -1 -1 -4  3 -1 -2 -3  1  0  4  0  0  4  0 -1    7   3   4   3   6   3   3   0   7   4   3   0   4   5  22   8   5   5   3   4  0.36 0.29
  205 Q    0 -2  1  0  2  1  0  0  2  0  0 -2  1  1 -3  0  0 -2  1  0    6   0   6   6   6   6   6   6   6   6   6   0   6   6   0   6   6   0   6   6  0.07 0.13
  206 F   -4 -5 -5 -6 -5 -5 -5 -6  3  1  0 -5  3  7 -6  0 -4 -3  2  0    0   0   0   0   0   0   0   0   6   6   7   0   6  53   0   7   0   0   6   7  1.29 0.48
  207 N    0  0  0  0 -3  1  0  0  2  0 -1 -2  1  1 -3  0  0  4  1  0    6   6   6   6   0   6   6   6   6   6   6   0   6   6   0   6   6   6   6   6  0.09 0.14
  208 Q   -4  1  0 -4 -6  7  0 -5  2 -6 -5  1  2 -5 -5  0  0 -5  1 -5    0   7   5   0   0  50   5   0   5   0   0   6   5   0   0   6   5   0   6   0  1.18 0.58
  209 I    0  0  1 -3  3 -2 -3 -3  2  0  0 -2  2  1 -3  0  0  4  2  0    7   7   7   0   7   0   0   0   7   7   7   0   7   7   0   7   7   7   7   7  0.19 0.19
  210 D   -1  3  0  3 -4  3  3 -2 -1 -3 -3  2 -2 -4 -2  0 -1 -3 -2 -3    0  20   0  20   0  20  20   0   0   0   0  20   0   0   0   0   0   0   0   0  0.47 0.05
  211 M    0 -3 -2 -3  2 -3 -3  3 -3  0  0 -3  1  1 -3 -1  0  6 -1  0    7   0   0   0   5   0   0  32   0   5   8   0   5   5   0   5   5  15   0   8  0.43 0.15
  212 V    0 -2 -2 -3  3  1 -2 -3 -2  1  0 -2  2  2 -3 -1  0  5  2  1    9   0   0   0   8   9   1   1   0   9   9   0   9   9   0   1   9   8   9   9  0.21 0.15
  213 W    0  0 -1 -1  1 -2  0 -3  1  0  0 -1  2  0 -3 -1 -1  3  3  2    6   6   3   3   4   0   7   1   3   6   7   3   6   4   0   3   3   5  11  17  0.13 0.15
  214 V   -1 -2 -2 -3  0 -1 -2 -3 -1  3  2 -2  0 -1 -2 -1 -1 -4 -1  4    5   2   2   2   2   3   3   2   1  15  17   2   2   2   2   4   3   0   2  29  0.32 0.26
  215 K    0 -1 -1  4  0  0  0  1 -1 -4 -3 -1  0  0 -2  0 -1  3 -1 -3   10   3   2  27   2   4   5  11   1   0   2   4   2   5   2   7   3   4   2   2  0.33 0.29
  216 K    0  0  0  0 -2  1  0  0  1  0 -1  0 -1  0  1  0  0 -2  1  0    6   6   6   6   0   6   6   6   6   6   6   6   0   6   6   6   6   0   6   6  0.04 0.06
  217 G    0  0  2  2  1  1  1  2  1 -2 -2  1  0 -3  0  0 -1 -4 -1 -2    5   3  10  11   3   7   7  14   4   3   3   8   3   0   4   4   3   0   3   3  0.14 0.15
  218 M    0 -2 -2 -1  1 -1 -1 -2  1  3  1 -2  1 -1 -2 -1  0 -4  0  2    6   2   2   4   4   3   4   2   4  20  11   2   3   2   2   4   6   0   3  16  0.14 0.17
  219 S    0  0  0  0  2  1  0  0  1  0 -1  0 -1  0  1  0  0 -3 -1  0    6   6   6   6   6   6   6   6   6   6   6   6   0   6   6   6   6   0   0   6  0.04 0.07
  220 L    0 -2 -3 -3  1  1  0 -1 -2  0  1 -1  3  2 -1 -1 -1 -2  0  1    7   0   0   0   3  10   5   4   0   6  16   3   9  12   4   5   3   0   3   8  0.13 0.17
  221 A    2  1 -1  0  0  0  0  1  0 -2 -2 -1 -1  0  0  1  0 -3 -1 -2   21   8   2   4   2   4   7  11   2   2   2   2   1   4   4  13   4   0   2   2  0.13 0.17
  222 N   -3 -4  3  5 -5  0  1 -2  5 -2 -5 -2 -1 -5 -4 -1 -1 -5  0 -3    2   0  12  37   0   4   7   2  15   2   1   2   2   0   0   4   3   0   3   2  0.87 0.52
  223 L    0 -2 -2 -3  3 -2 -2  1 -2  1  1 -2  2  1 -2 -1  1 -2 -1  1   11   1   0   1  10   0   1  11   0  11  11   1  10  10   1   1  11   0   0  11  0.12 0.09
  224 K    0  1 -2 -2  2  1  0 -2  2  0  0  0  1  1 -2  0  0 -2 -1  0    7   7   0   0   7   7   7   0   7   7   7   7   7   7   0   7   7   0   0   7  0.08 0.12
  225 W    0 -1  0 -1  1  0 -1  4  1 -2 -2 -1  0  0 -5  0 -1  3  2 -2    7   3   4   4   3   3   4  29   4   3   3   3   3   4   0   7   4   4   8   3  0.31 0.25
  226 L   -1 -2 -1 -2  2 -1 -2 -1  0  1  0 -2  2  0 -4 -1  4 -4  0  1    5   2   2   2   4   2   2   4   2   6   8   2   5   5   0   4  31   0   4  11  0.31 0.30
  227 T   -2 -5 -1 -6  1 -2 -5 -3 -5  3  4 -3  3  0 -5 -2 -2 -5 -1  0    4   0   3   0   3   2   0   2   0  14  47   2   6   3   0   4   2   0   2   5  0.68 0.41
  228 D   -1  1  0  1 -4  1  3 -2  0 -2 -1  2  0 -2 -3 -1  1  0  1 -2    3   6   3   9   0   7  20   2   2   3   6  14   3   1   0   4   8   1   5   2  0.24 0.23
  229 K    0 -1  0  0 -1  0  3  0  1 -2 -1  0 -1 -1 -3  0  2 -3  1 -1    8   3   3   4   1   4  19   9   4   2   6   4   1   3   0   6  13   0   5   3  0.14 0.17
  230 L    0 -2 -2 -3 -2 -2 -2 -2 -2  1  0 -2  2  2  1  0  1  4  2  1    9   0   0   0   0   0   1   1   0   9   9   0   9   9   9   9   9   8   9   9  0.20 0.13
  231 L    0 -2  0 -2  2  0  0  0  2  0  0 -2  1  1  1  0  0  4  1  0    6   0   6   0   6   6   6   6   6   6   6   0   6   6   6   6   6   6   6   6  0.10 0.15
  232 K    0  0  0  0  2  1  0  0  2  0 -2  0  1  1 -3  0  0  3  1  0    6   6   5   6   5   5   6   6   5   6   0   6   5   5   0   6   6   5   5   6  0.09 0.14
  233 Y    0  0  1  0  0  1  1 -1  3 -1 -1  1  0  0  0  1  0 -3  0 -1   10   6   7   4   2   5   9   3   8   3   6   8   2   5   4   9   4   0   3   2  0.08 0.09
  234 L   -2 -1 -5 -5  1 -4 -2 -5 -4  2  3 -4  4  4 -5 -4 -1 -3  2  0    4   3   0   0   3   0   3   0   0   9  30   0  10  19   0   0   3   0   7   6  0.66 0.39
  235 F   -3 -2 -5 -6 -5 -2 -3 -1 -4 -1  0 -2  0  8 -6 -5 -5  2  2 -2    3   2   0   0   0   2   2   6   0   3   7   2   3  57   0   1   0   2   6   2  1.41 0.62
  236 N   -1 -1  0  0 -5 -1  1  5  1 -3 -3 -1 -1 -1 -2 -2 -2 -5 -4 -2    4   4   4   5   0   3   9  47   3   2   2   4   2   3   2   3   2   0   0   3  0.64 0.38
  237 E   -1  1  0  2 -1  1  2 -2 -1 -3 -3  2 -3 -2  2  1 -1 -4 -2 -2    6   7   4  11   1   6  15   3   1   1   3  13   0   2  12   8   3   0   1   2  0.27 0.22
  238 S   -2 -1  1  5 -5  0  2  1 -1 -5 -4  2 -2 -3 -1 -1 -2 -1 -4 -4    3   3   5  31   0   4  12  12   1   0   2  13   1   1   2   5   2   1   0   0  0.55 0.36
  239 I   -1  1 -3 -3 -1 -2 -3 -3 -2  3  1 -2  1  0 -3 -2  2  1 -2  3    5   8   1   1   1   1   1   2   1  15  12   2   3   3   1   2  13   2   1  25  0.34 0.27
  240 K   -1  1  0  1 -5  2  3 -3  0 -2 -4  4 -2 -3  0 -1 -1 -5 -4 -3    4   8   5   7   0   7  23   2   2   2   1  25   1   1   4   3   3   0   0   2  0.49 0.36
  241 I    0 -1 -1 -3  1 -1 -1 -2  0  2  0 -1  3  1  0 -1  0  2  0  2    6   3   3   0   3   3   3   3   3  14   5   3   8   5   4   3   7   3   3  18  0.14 0.16
  242 R   -5  6 -1 -1 -6  0 -1 -2  1 -1 -2  2  1 -5 -5 -2 -1  3  0 -2    0  42   3   3   0   3   3   3   3   3   4  12   3   0   0   3   3   3   3   3  0.79 0.52
  243 Y   -2 -4 -4 -5  0 -1 -4 -2 -4  0  1 -1  1  6 -5 -2 -2  7  1  0    3   0   0   0   2   3   0   3   0   4  13   5   3  33   0   3   3  14   3   5  0.81 0.46
  244 R   -2  6 -1 -2 -5  1 -2 -3  2  0 -2  0 -1 -2 -4  0 -2 -5 -1  1    2  42   3   2   0   5   2   2   4   5   4   4   2   2   0   6   2   0   2  11  0.63 0.43
  245 I   -2 -3 -1  2 -1 -1  0 -3  1 -3 -4 -3 -6 -2  7 -2 -1  1 -3 -2    4   1   3  10   1   2   5   2   3   1   1   1   0   2  48   3   5   2   1   3  1.04 0.63
  246 S    1  0 -1  2  1 -2 -2  0  4 -3 -5 -1 -4 -2 -4  4  1  0 -1 -2    9   5   1  10   3   1   2   7   9   1   0   3   0   2   0  33   7   1   2   4  0.45 0.39
  247 H   -4 -6 -2 -4 -7 -5 -2 -3  3 -3 -4 -3 -5  4 -7 -2  0  2  8 -5    1   0   2   1   0   0   3   2   7   1   1   2   0  18   0   3   6   2  50   0  1.63 0.82
  248 F   -7 -7 -1 -8  0 -7 -8 -8  0 -5 -2 -7 -5  9 -8 -1 -6 -4  3 -6    0   0   3   0   2   0   0   0   3   0   4   0   0  75   0   5   0   0   8   0  2.41 0.96
  249 P    1  2 -1 -1 -3  2  1  1 -1 -3 -3  2 -2 -3  2  1 -1 -3 -3 -2   12  12   0   0   0  12  12  12   0   0   0  12   0   0  13  12   0   0   0   0  0.33 0.10
  250 F   -2 -2 -3 -3 -3  1  1 -4 -1 -1  1 -2 -1  5 -4 -2 -2  0  5 -2    0   0   0   0   0  10  13   0   0   0  13   0   0  37   0   0   0   0  27   0  0.58 0.15
  251 T    2 -2 -1 -2 -1 -1 -1 -2 -2  0  1 -1  0 -1 -2  2  2 -3 -2  1   20   0   0   0   0   0   0   0   0   0  20   0   0   0   0  20  20   0   0  20  0.16 0.04
  252 E    0  0  0  3  1  1  3 -3  1 -1 -3  2 -3 -3 -3  0  0 -4  0 -1    6   4   4  16   4   6  23   0   4   4   0  14   0   0   0   4   6   0   4   4  0.30 0.15
  253 P    0 -3 -3 -1 -4  0 -1 -4  3 -1 -1 -3  0 -1  6 -2 -3 -4 -3 -3   10   0   0   4   0   4   4   0  10   4   8   0   3   3  50   0   0   0   0   0  0.99 0.31
  254 S    1 -3 -1  2  3 -2 -2  2 -3 -4 -4 -2 -4 -4 -3  5 -1 -5 -4 -4    7   0   0  13   6   0   0  15   0   0   0   0   0   0   0  58   0   0   0   0  0.79 0.29
  255 F    2 -2 -2 -3  2 -3 -3 -2 -1  1  1 -3  1  3 -3 -1  0  3  0  1   29   1   1   0   6   0   0   2   1   6  16   0   3  14   0   2   5   4   2   7  0.24 0.15
  256 E    0 -1  1  0 -1  1  6 -2 -2 -5 -4  0 -1 -5 -3 -1 -3 -5 -4 -4   10   2   7   3   2   3  64   3   0   0   0   3   2   0   0   2   0   0   0   0  0.96 0.37
  257 V   -1 -4 -4 -4  0 -3 -4 -2 -4  3  1 -4  3  1  0 -2 -1 -3 -1  4    2   0   0   0   2   0   0   4   0  22  10   0  12   5   4   1   2   0   2  34  0.46 0.23
  258 D   -2 -3 -1  6 -2  0  3 -3 -1 -4 -4 -2  0 -3 -3 -1 -2 -2 -1 -3    3   0   0  57   1   2  19   1   1   0   1   0   2   1   0   4   1   1   3   2  0.99 0.39
  259 I    1 -4 -4 -4 -1 -4 -4 -3 -4  5  1 -4  2 -1 -4 -3 -1 -4 -1  4   13   0   0   0   1   0   0   1   0  36   6   0   6   2   0   0   1   0   1  30  0.60 0.28
  260 N   -1  1  0 -1 -2  2  1 -1 -1 -3 -1  1  1  1 -1  2  1  3  2 -2    3   7   3   3   1  10   7   3   1   0   4   7   4   6   2  17   7   4  11   1  0.16 0.14
  261 C   -2 -3 -2 -2  8 -3 -4 -2 -1 -2 -1 -3 -1  4 -3 -2 -1  3  2 -2    3   2   2   2  41   1   1   3   2   2   4   2   1  17   1   2   3   5   6   2  1.06 0.40
  262 F   -1 -1 -1  0 -2  0  0 -1  0  0 -1 -1 -1  1  4 -1  0  1 -1  0    4   3   3   5   1   4   5   4   2   5   5   4   2   8  25   4   7   2   2   7  0.27 0.12
  263 F   -1  0 -1  0 -2  0 -1 -1  0  1  0  0  0  3 -1 -1 -1  2  0  0    5   5   3   5   1   4   4   4   3  10   9   7   2  16   3   4   4   4   2   7  0.05 0.05
  264 C   -2 -2 -2 -2  9 -2 -2 -1 -3 -2 -1 -1 -2 -2  0 -1  1 -1 -3 -1    3   3   2   2  40   2   3   5   1   2   6   5   1   2   5   4  10   1   1   4  0.93 0.31
  265 D   -1  1  1  1 -2  1  1  2  2 -2 -2  1 -1 -1 -1  0 -1 -1 -1 -2    4   8   7   9   1   5   7  17   5   2   4  10   1   3   2   5   3   1   2   2  0.13 0.08
  266 S   -1 -2 -1 -1 -2 -1 -1  5  2 -3 -1 -1 -1 -2  0  0 -1 -2 -1 -2    4   2   2   3   1   3   4  40   5   2   6   3   1   2   5   6   4   0   2   3  0.43 0.19
  267 K    0  1  0  0 -1  1  0 -1 -1 -1 -2  3 -2 -2 -1  1  0 -2 -2 -1    7   7   3   5   2   5   6   4   1   3   4  25   1   2   3  13   5   0   1   3  0.20 0.12
  268 D   -1 -1  0  1 -2 -1 -1  4 -1 -2 -1 -1 -2 -2 -2  0  0  0  0 -2    3   4   4   9   1   2   5  38   1   2   6   3   1   1   2   6   5   2   3   3  0.39 0.18
  269 H    0  0  1  0 -1  0  1  1  0 -1 -1  0 -1  0  1  0  0  0  0 -1    7   4   6   5   2   3  10  13   2   4   7   5   1   4   7   6   4   1   3   5  0.05 0.02
  270 C   -2 -2 -2 -3  9 -1 -2 -1 -1  0 -1 -2 -1 -2 -1 -2 -2 -3 -2  0    3   2   3   2  42   3   4   5   2   6   7   3   2   2   3   3   2   0   1   5  1.04 0.33
  271 S   -1  3  0  0 -2  0  1 -1 -1 -2 -2  1 -2 -2  1  1  0 -2 -2 -2    5  20   4   4   1   3   9   5   1   3   4   9   1   2   7  13   6   0   1   2  0.21 0.13
  272 V    0 -1 -1 -1  0 -2 -1 -1 -1  2  1 -1  0  0 -1  0  1 -2 -1  3    5   2   2   3   1   1   3   4   1  11  12   4   2   4   3   5  10   0   2  23  0.12 0.10
  273 C   -1 -2 -2 -2  9 -2 -1  0 -1 -3 -1 -1 -2 -2 -2 -2 -1  1 -3 -2    4   2   2   3  41   2   4   9   2   2   7   3   1   2   2   3   5   2   1   2  1.03 0.36
  274 K   -1  0 -1 -1 -1  0  0  1  1 -3 -3  4 -2 -1 -2  1 -1  1 -2 -2    4   4   2   3   2   4   6  13   4   1   3  31   1   3   2   9   2   2   1   2  0.34 0.22
  275 N   -2  0  2  0 -1  2 -1  4  3 -4 -4  0 -3 -2 -1  0 -2 -4  0 -4    2   4  12   5   1  10   4  29   7   1   2   6   1   2   3   5   2   0   4   1  0.42 0.27
  276 T    0 -1  1  1 -2 -1  0  2 -2 -3 -3  0 -3 -4 -3  2  3 -3 -3 -2    5   3   6   9   1   1   7  19   1   1   2   6   0   1   1  15  18   0   0   3  0.33 0.26
  277 K   -3  1 -1  1 -4 -1 -1  5 -2 -6 -6  3 -5 -6 -3 -2 -2 -6 -5 -5    1   8   3   9   0   2   4  44   1   0   0  20   0   0   1   2   3   0   0   1  0.93 0.50
  278 W   -8 -4 -9 -9 -8 -8 -6 -8 -2 -8 -5 -8 -7 -1 -9 -6 -8 13 -1 -8    0   1   0   0   0   0   1   0   1   0   2   0   0   3   0   1   0  89   2   0  4.66 1.58
  279 I   -5 -5 -6 -7 -5 -5 -6 -7 -4  5  4 -3  4 -2 -6 -4 -3 -6 -5  2    0   1   0   0   0   0   0   0   1  27  43   2   8   1   0   1   1   0   0  15  1.16 0.53
  280 E   -6 -4 -2 -4 -8 -3  8 -7 -5 -8 -8 -4 -7 -8 -3 -3 -3 -8 -7 -7    0   1   1   0   0   0  92   0   0   0   0   0   0   0   1   1   2   0   0   0  2.61 1.09
  281 V   -4 -6 -7 -7 -5 -6 -6 -7 -7  6  2 -6  3 -2 -6 -5 -3  2 -5  4    1   0   0   0   0   0   0   0   0  40  20   0   6   1   0   0   1   3   0  27  1.30 0.58
  282 L    0 -4 -4 -6  1 -5 -6  3 -6 -1  5 -5  4  0 -6 -3 -4 -3 -4 -2    7   1   1   0   3   0   0  19   0   2  49   0  11   4   0   1   0   0   0   2  0.90 0.49
  283 G   -3 -4 -1 -6 -7 -6 -7  7 -7 -8 -8 -6 -7 -8  0 -2 -3 -7 -8 -8    1   1   2   0   0   0   0  87   0   0   0   0   0   0   4   3   2   0   0   0  2.28 0.89
  284 A    4 -6 -6 -6  9 -6 -6  0 -6 -6 -5 -6 -1 -6 -6  2 -4 -7 -6 -4   34   0   0   0  41   0   0   7   0   0   1   0   2   0   0  13   1   0   0   1  1.81 0.75
  285 G   -5 -2 -5 -6 -8 -7 -7  8 -7 -9 -9 -6 -8 -8 -7 -5 -7 -8 -8 -8    0   2   0   0   0   0   0  98   0   0   0   0   0   0   0   0   0   0   0   0  2.82 1.00
  286 L   -5 -6 -7 -7 -6 -3 -2 -8 -6  1  1 -6 10 -4 -6 -4 -5 -6 -6  1    0   0   0   0   0   1   3   0   0   7  13   0  64   0   0   1   0   0   0  11  2.19 0.85
  287 L   -4 -6 -6 -7 -3 -6 -6 -6 -6  5 -1 -6  2  2 -4 -5 -1 -6 -4  6    0   0   0   0   0   0   0   0   0  27   4   0   4   8   1   0   4   0   0  50  1.28 0.56
  288 H   -5  3  0  2 -7  0 -1 -6  9 -7 -7 -3 -6 -6 -6 -3 -4 -7 -4 -6    0  15   5  12   0   4   4   0  55   0   0   1   0   0   0   1   1   0   0   1  1.99 0.76
  289 P   -2 -1 -3 -4 -7  2 -3 -5 -1 -7 -7 -2 -5 -8  8 -4 -3 -8 -3 -7    3   3   1   1   0   8   1   1   2   0   0   2   0   0  75   1   2   0   1   0  2.23 0.85
  290 N    0  0  5  0 -5  2  3 -3  0 -4 -4  1 -4 -5 -4 -2  0 -6 -4 -2    9   5  33   3   0   8  18   1   2   1   1  10   0   0   0   2   4   0   0   3  0.68 0.40
  291 V   -1 -7 -7 -7 -2 -6 -7 -7 -7  3 -2 -6  1 -5 -7 -6 -3 -7 -5  7    4   0   0   0   1   0   0   0   0  13   2   0   3   0   0   0   1   0   0  76  1.83 0.73
  292 L   -4 -6 -7 -2 -3 -6 -6 -7 -5  0  6 -5  1  3 -7 -5 -2 -5 -2 -1    1   0   0   2   0   0   0   0   0   4  70   0   2  13   0   0   2   0   1   3  1.34 0.58
  293 K   -1  4  0 -1 -4  1  3 -3 -2 -3 -4  4 -3 -5 -4 -1 -1 -6 -3 -3    6  24   5   2   0   6  20   1   1   1   1  24   0   0   0   3   4   0   1   1  0.65 0.37
  294 N    2  0  5 -2 -4 -1  0 -2  0 -3 -3  0  2 -3  1  0 -2 -2 -2 -3   20   4  32   1   0   2   6   2   2   2   1   4   5   1   6   6   1   1   2   1  0.51 0.34
  295 A    2 -4 -2 -5  6 -4 -4  1 -4 -1  0 -4  2 -1 -4  0 -2 -2 -3  3   19   0   2   0  17   0   0  13   0   2   7   0   6   3   0   6   2   1   1  22  0.56 0.33
  296 N   -4 -4  2  0 -3 -2 -4  7 -2 -7 -6 -1 -5 -5 -6 -2 -4 -6 -5 -6    0   0   9   6   1   2   1  72   1   0   1   4   0   1   0   2   1   0   0   0  1.61 0.65
  297 V   -2 -3 -4 -2 -1 -4 -4 -4 -2  5  2 -3 -1  1 -4 -4 -3 -2  5  2    4   1   1   2   1   0   0   1   1  32  16   1   0   4   0   1   1   0  19  13  0.71 0.37
  298 K   -4 -3  1  7 -6 -3 -2 -2 -2 -5 -6 -2 -6 -6  2 -1 -2 -6 -6 -5    1   1   5  64   0   1   2   3   1   0   1   2   0   0  10   5   3   0   0   1  1.49 0.63
  299 K   -4 -2 -1  1 -2  0  2 -4 -1 -5 -6  1 -4 -4  6  1 -2 -6 -3 -5    1   2   3   7   1   3  11   1   1   1   0   7   0   1  46  10   2   0   1   0  1.11 0.52
  300 G   -2  2  1  3 -4  0  4 -2 -2 -4 -5  4 -4 -5 -1 -2 -2 -5 -5 -5    3   9   6  15   0   3  24   3   1   1   1  26   0   0   3   1   2   0   0   0  0.68 0.38
  301 L   -4 -3 -5 -5 -1 -4 -5 -5  0  0 -2 -5 -1  2 -6 -3 -2  7  7  3    0   2   0   0   1   0   0   1   2   6   2   0   1   6   0   2   2  13  42  18  1.40 0.60
  302 S   -2  1  1 -3 -3  3 -2 -3 -1 -2 -4 -1 -2 -3 -1  4  3 -4 -3 -1    1   6   5   1   0  16   1   2   2   2   1   3   1   1   3  29  22   0   0   4  0.57 0.37
  303 G    1 -2 -5 -5 -3 -5 -6  7 -6 -6 -6 -5 -6 -6 -6 -4 -5 -6 -6  0   10   2   0   0   0   0   0  78   0   0   0   0   0   0   0   1   0   0   0   6  1.89 0.73
  304 I   -5 -7 -7 -8 -1 -7 -7 -6 -6  0  1 -7 -2  8 -6 -6 -4  8  2 -4    1   0   0   0   1   0   0   0   0   6  11   0   1  52   0   0   1  20   6   0  1.99 0.75
  305 A    7 -6 -6 -6 -1 -5 -6 -3 -6 -6 -6 -5 -2 -7 -6 -1 -5  0 -3 -3   91   0   0   0   1   0   0   1   0   0   0   0   1   0   0   3   0   1   1   1  2.12 0.90
  306 F   -3 -7 -7 -8 -4 -7 -7 -5 -6 -3 -1 -7 -4  9 -8 -6 -6  7 -2 -2    2   0   0   0   0   0   0   1   0   1   5   0   0  72   0   0   0  15   0   2  2.49 0.87
  307 G   -2 -3 -3 -6 -3 -6 -6  7 -6 -8 -8 -6 -7 -7 -6 -5 -6 -7 -7 -7    4   2   1   0   1   0   0  92   0   0   0   0   0   0   0   0   0   0   0   0  2.47 0.87
  308 I   -3 -5 -6 -6  0 -5 -6 -3 -5  3  4 -5  6  3 -3 -4 -3  1 -3  0    1   0   0   0   2   0   0   3   0  14  34   0  24  12   2   1   1   2   0   6  0.94 0.45
  309 G   -4 -6 -5 -3 -7 -6 -6  7 -6 -8 -8 -6 -7 -7 -6  0 -6 -7 -7 -4    1   0   0   2   0   0   0  89   0   0   0   0   0   0   0   7   0   0   0   1  2.32 0.84
  310 I   -3 -5 -6 -6 -4 -5 -6 -6 -6  4  4 -5  0 -2  0 -5 -3 -4 -4  3    1   0   0   0   0   0   0   0   0  26  42   0   1   1   5   0   1   0   0  22  1.03 0.46
  311 D   -5 -5 -2  4 -8 -2  7 -4  0 -7 -7 -4 -6 -6 -5 -1 -2 -7 -6 -7    0   0   1  24   0   0  66   1   2   0   0   0   0   0   0   4   2   0   0   0  1.80 0.77
  312 R   -6  9 -5 -7 -9 -4 -5 -7 -5 -8 -7 -2 -6 -8 -3 -6 -6 -8 -7 -8    0  97   0   0   0   0   0   0   0   0   0   1   0   0   2   0   0   0   0   0  3.04 1.06
  313 I   -3 -5 -6 -6 -4 -5 -6 -6 -6  4  5 -5  2  0 -1 -5 -1 -1 -2  1    1   0   0   0   0   0   0   0   0  21  53   0   5   4   4   0   3   1   1   6  0.97 0.44
  314 A    6 -5 -5 -5 -1 -4 -5 -4 -5 -1  0 -4  0 -4 -2 -2  1 -6 -3  1   62   0   0   0   1   0   0   0   0   3   9   0   2   0   1   1  10   0   1   8  1.03 0.53
  315 M   -2 -4 -5 -7 -5 -1 -3 -6 -6 -2 -1 -5 11 -4 -7 -4 -4 -6 -6 -4    4   1   1   0   0   2   2   0   0   2   4   0  81   1   0   1   1   0   0   0  2.82 1.02
  316 L   -2 -3 -4 -5 -2 -2 -4 -4 -3  4  4 -3  3  0 -4 -3 -3 -5 -3  2    3   1   0   0   1   2   0   1   1  21  44   1   7   3   1   1   1   0   1  11  0.73 0.36
  317 K   -3  4 -3 -5 -5 -1 -3 -4 -4 -2  2  5 -1 -2 -5 -2 -4 -4  0 -2    1  26   0   0   0   2   0   1   0   3  18  39   1   1   0   2   0   0   3   3  0.88 0.47
  318 Y   -5 -5 -2 -4 -3 -4 -3 -6  6 -5 -2 -4 -2  4 -7 -4 -3  1  8 -5    0   0   2   1   1   0   2   0  16   0   4   1   1  16   0   1   1   1  50   0  1.77 0.70
  319 Q   -2 -2  2  1 -6  2 -1  6 -2 -7 -6  0 -5 -6 -4 -2 -4 -6 -6 -6    2   2  10   8   0   8   4  56   1   0   0   5   0   0   0   2   0   0   0   0  1.12 0.51
  320 I   -4 -6 -7 -7 -2 -6 -5 -7 -7  7  1 -6  0 -2 -6 -6 -4 -6 -4  3    1   0   0   0   1   0   1   0   0  65  12   0   2   1   0   0   0   0   0  17  1.63 0.63
  321 K   -1 -2  2  4 -4 -1  1 -2 -2 -5 -5  0 -5 -6  5  1  1 -6 -5 -5    5   2  10  21   0   2   7   2   1   0   0   5   0   0  28  11   7   0   0   0  0.76 0.41
  322 D   -5 -6  1  8 -8 -5 -2 -2 -2 -8 -8 -4 -7 -8 -6 -2 -5 -9 -6 -8    0   0   5  87   0   0   1   3   1   0   0   0   0   0   0   2   0   0   0   0  2.48 0.90
  323 I   -4 -6 -6 -3 -4 -6 -6 -7 -6  7  2 -6  3 -4 -6 -5 -4 -6 -4  1    1   0   0   2   0   0   0   0   0  65  18   0   5   0   0   0   0   0   0   7  1.57 0.61
  324 R   -6  8 -4 -6 -7  0 -4 -6 -2 -7 -6 -1 -6 -7 -6 -3 -5 -7 -6 -7    0  89   1   0   0   3   0   0   1   0   0   3   0   0   0   1   0   0   0   0  2.57 0.92
  325 R   -1 -2 -1  1 -4 -1  1 -4  2  0  3 -1  1 -1 -2 -1  0 -2  0 -1    5   1   2   7   0   3   9   0   7   3  38   2   3   1   2   4   6   1   4   3  0.26 0.23
  326 L   -4 -6 -6 -7 -3 -6 -7 -7 -4 -1  4 -7  2  7 -7 -4 -5 -4 -1 -3    1   0   0   0   0   0   0   0   0   3  35   0   4  53   0   1   0   0   1   1  1.69 0.66
  327 Y   -5 -1 -3 -7 -5 -4 -5 -6  2 -3 -1 -6 -1  5 -6 -4 -2  7  7 -1    0   3   2   0   0   0   1   0   4   1   7   0   1  20   0   1   2  16  38   4  1.49 0.61
  328 G   -2 -1  1  1 -4  2  4 -1 -3 -4 -4  0 -3 -4 -4  3  0 -6 -5 -3    2   3   7   7   0   8  30   5   0   1   1   4   0   0   0  25   4   0   0   1  0.59 0.38
  329 N   -1 -3  6 -1 -4 -1 -2  3  0 -6 -5 -1 -3 -6 -1  0  0 -6 -5 -6    4   1  44   2   0   3   2  23   2   0   1   3   1   0   3   7   4   0   0   0  1.01 0.50
  330 D   -6 -4  2  8 -8 -4 -2 -5 -1 -8 -8 -2 -7 -8 -5 -3 -4 -9 -6 -7    0   1  10  81   0   0   1   0   2   0   0   2   0   0   0   1   0   0   0   0  2.29 0.85
  331 F   -2 -3 -3 -3 -4 -1 -1 -5 -3  2  3 -1  2 -1  0 -2 -2 -3 -1  2    2   0   1   1   0   2   4   0   0  13  37   4   6   1   4   2   2   0   2  16  0.45 0.28
  332 S   -3  7 -1 -1 -7 -1 -1 -1 -3 -7 -6  0 -4 -5 -3 -1 -3 -7 -5 -4    2  68   2   3   0   2   3   6   0   0   0   5   0   0   2   5   1   0   0   1  1.53 0.65
  333 L   -5 -6 -5 -8 -4 -7 -5 -7 -6 -2  0 -6 -3  8 -8 -6 -5  6  0 -1    0   0   1   0   0   0   1   0   0   2   7   0   0  70   0   0   1  11   2   5  2.21 0.78
  334 I   -4 -5 -3 -7 -4 -5 -6 -6 -2  2  6 -5 -1 -2 -6 -3  0 -1 -5 -1    1   0   1   0   0   0   0   0   1   8  75   1   1   1   0   2   5   1   0   3  1.31 0.57
  335 E   -2  4  1 -1 -3  1  3 -2 -1 -4 -5  3 -4 -6 -4  1 -1 -6 -4 -5    1  24   6   2   0   6  18   3   1   1   0  21   0   0   0  13   3   0   0   0  0.66 0.37
  336 S   -3 -3  0 -5 -7  8 -2 -5  2 -7 -6 -1 -4 -7 -5 -1 -2 -4 -4 -7    1   0   3   0   0  79   1   0   4   0   0   3   0   0   0   4   3   0   0   0  2.19 0.89
  337 F   -6 -7 -7 -8 -7 -7 -7 -7 -5 -4 -2 -7 -1  9 -8 -6 -6 -2  3 -4    0   0   0   0   0   0   0   0   0   0   3   0   1  87   0   0   0   0   7   1  2.79 0.89
  338 K   -1  3 -2 -2 -3  3  1 -2 -2 -4 -4  4 -2 -5  2  0 -2 -5 -4 -3    3  17   0   0   0  12   8   3   0   0   1  35   0   0   9   7   1   0   0   2  0.61 0.29
  339 G    2 -2 -2 -2 -3 -2 -1  4 -2 -2 -2 -1  1 -2 -2  0 -2 -4 -3 -1   23   1   1   1   0   1   3  44   0   1   2   4   4   2   2   4   1   0   1   6  0.49 0.19
  340 E   -2 -1 -1  3 -5  1  5  0 -2 -4 -4  2 -3  0 -2 -2 -2 -4 -3 -4    0   0   0  17   0   2  53   9   0   0   0  13   0   5   1   0   0   0   0   0  0.73 0.22
  341 R   -2  5 -1 -2 -4  2  0 -3 -1 -4 -3  4 -2 -4 -2 -1 -2 -4 -2 -3    0  56   0   0   0  10   0   0   0   0   0  34   0   0   0   0   0   0   0   0  0.82 0.13

                      K         Lambda
Standard Ungapped    0.1374     0.3191
Standard Gapped      0.0410     0.2670
PSI Ungapped         0.1628     0.3172
PSI Gapped           0.0498     0.2670
