
Last position-specific scoring matrix computed, weighted observed percentages rounded down, information per position, and relative weight of gapless real matches to pseudocounts
           A  R  N  D  C  Q  E  G  H  I  L  K  M  F  P  S  T  W  Y  V   A   R   N   D   C   Q   E   G   H   I   L   K   M   F   P   S   T   W   Y   V
    1 M   -4 -4 -5 -6 -4 -3 -5 -6 -4  1  0 -4 10 -3 -5 -4 -3 -4 -4 -2    0   0   0   0   0   0   0   0   0   7   3   0  90   0   0   0   0   0   0   0  2.35 0.60
    2 R    2  0  1  1 -3  1  2 -2 -1 -3 -3  3 -3 -4 -2  1  0 -4 -3 -3   21   2   7   6   0   7  15   1   1   1   1  21   0   0   1  11   6   0   0   0  0.34 0.19
    3 Y   -1  1  4  0 -4  2  1 -2  0 -1 -3  1 -3 -1 -1  2  0 -4 -1 -2    2   6  23   3   0  10  10   1   1   4   0  11   0   3   2  15   4   0   2   2  0.30 0.19
    4 K   -2  2  0  1 -5  3  1 -1 -1 -4 -4  5 -2 -5 -2 -1 -1 -5 -2 -3    2  12   3   7   0  12  10   4   1   0   0  40   1   0   1   4   4   0   1   1  0.58 0.28
    5 F   -1  0  1  1 -4  0  4 -3  0 -1 -1  0 -2  1  0 -1 -1 -3  0 -2    3   4   6   8   0   3  32   1   2   5   7   6   0   7   4   4   2   0   3   2  0.24 0.17
    6 K    0  0  0  1 -1  1  2 -2 -2 -2 -2  4 -2 -3 -1  0 -1 -4 -3 -1    8   3   4   6   2   6  13   2   0   3   2  36   0   1   2   5   3   0   0   6  0.35 0.22
    7 T   -1 -1  0  3 -3 -1 -1 -3 -2 -1 -1  1 -1  1 -2  2  3 -3 -1 -1    2   3   4  17   0   1   2   0   0   3   5   8   1   8   1  21  20   0   2   3  0.27 0.21
    8 Q   -3  3 -2 -2 -4  2  0 -4 -2  1  1  1  5  0 -3 -2 -3 -4  1 -1    1  16   1   1   0   9   6   0   1   9  14   7  22   3   1   2   0   0   5   2  0.42 0.29
    9 E   -2 -2 -1  4 -5  2  5 -4 -2 -3 -3  2 -4 -5 -3 -1 -1 -5 -3 -5    2   1   2  24   0  11  37   0   0   1   2  11   0   0   1   4   3   0   1   0  0.81 0.41
   10 D    0  1  0  3 -5  1  2 -2 -2 -4 -4  4 -3 -5 -3 -1  0 -5 -4 -3   10   5   3  17   0   5  15   1   1   1   1  32   0   0   0   4   6   0   0   1  0.54 0.32
   11 L   -3 -5 -6 -6 -4 -5 -5 -6 -5  4  4 -5  2  2 -5 -5 -3 -4 -2  3    1   0   0   0   0   0   0   0   0  28  39   0   6   7   0   0   0   0   0  18  0.94 0.42
   12 V    0 -1 -2  0 -3 -1  1 -4 -3  2  0 -2  2 -2 -3 -1  1 -4 -1  3    6   2   1   5   0   2  12   0   0  12   5   2   6   1   0   4  11   0   2  29  0.25 0.22
   13 N    1 -1  3  3 -4 -1  2 -1 -3 -4 -4  0 -4 -5 -3  3  1 -5 -3 -4   10   2  15  15   0   2  12   3   0   1   0   6   0   0   0  27   7   0   0   0  0.49 0.31
   14 H   -3 -4 -5 -5 -2 -3 -5 -6  2  1  5 -4  1  2 -5 -4  0 -1  2  0    1   1   0   0   1   1   0   0   5   8  53   0   3   8   0   0   6   1   8   6  0.76 0.38
   15 L    3 -5 -5 -6  7 -5 -4 -4 -5 -1  3 -5  1 -2 -5 -1 -3 -5 -4 -2   27   0   0   0  26   0   0   1   0   3  33   0   3   1   0   4   1   0   0   1  1.01 0.48
   16 K   -1  2 -3 -3 -5  1  0 -5 -2 -3 -1  6 -3 -5 -4 -2 -1 -6 -3 -2    4  10   0   1   0   5   4   0   1   1   6  59   0   0   0   3   3   0   1   2  1.01 0.50
   17 S   -3  7  0 -2 -6  1  1 -4  2 -5 -5  1 -4 -6 -5 -1 -2 -6 -5 -5    2  61   4   2   0   5  10   1   5   1   0   5   0   0   0   3   2   0   0   0  1.30 0.57
   18 V   -4  7 -1 -5  2 -3 -4 -5  1 -6 -4  1 -4 -6 -6 -4 -3 -6  1 -5    0  72   3   0   5   0   0   0   3   0   1   8   0   0   0   0   2   0   4   0  1.72 0.70
   19 G   -2 -3 -1 -3 -6 -2 -5  6 -2 -5 -2 -5 -2  4 -6 -2 -5 -5 -2 -5    2   1   2   1   0   2   0  67   1   0   5   0   1  16   0   2   0   0   1   0  1.37 0.57
   20 F   -6 -7 -7 -8 -6 -7 -7 -7 -5  2 -2 -7 -2  9 -7 -6 -6 -1  1 -2    0   0   0   0   0   0   0   0   0  11   3   0   1  79   0   0   0   1   4   2  2.38 0.80
   21 V   -3 -5 -6 -6 -4 -5 -6 -6 -4  4  0 -5 -1  5 -6 -5 -4 -3  4  4    2   0   0   0   0   0   0   0   0  27   6   0   1  23   0   0   0   0  15  27  1.07 0.47
   22 F   -2 -1 -3  0 -3 -4 -4 -4 -1 -1  0 -4 -1  6 -6 -3 -2  7  4 -1    3   3   1   6   0   1   0   1   1   4   7   1   1  33   0   2   2  15  16   3  0.96 0.44
   23 A   -2 -1 -1 -5 -7  5 -3 -4 -1 -5 -4 -2 -5 -7  7 -3 -5 -7 -6 -6    3   3   3   0   0  23   1   1   1   0   1   2   0   0  60   1   0   0   0   0  1.85 0.75
   24 N    2 -4  1 -3 -2 -3 -1  1 -4 -6 -6 -4 -5 -6 -3  6  1 -6 -5 -5   16   0   6   1   1   0   4  10   0   0   0   0   0   0   1  57   6   0   0   0  1.04 0.56
   25 S    2 -5 -1 -4  0 -3 -4 -1 -4 -4 -4 -4 -4  5  0  4 -2 -4  1 -3   15   0   3   0   2   1   0   4   0   0   1   0   0  30   4  36   1   0   4   1  0.86 0.49
   26 E   -1 -2 -2  2 -6 -1  7 -1 -1 -5 -5 -1 -5 -6 -4  0 -4 -6 -4 -6    4   1   1  11   0   2  66   4   1   1   1   3   0   0   0   5   0   0   0   0  1.33 0.61
   27 I   -2 -6 -7 -7 -3 -6 -6 -7 -4  8  0 -6 -3 -4 -2 -4 -3 -6 -5  0    3   0   0   0   0   0   0   0   0  82   6   0   0   0   2   1   1   0   0   4  1.89 0.72
   28 Y   -6 -6 -6 -7 -7 -6 -6 -7  2 -6 -6 -6 -6 -2 -7 -4 -6 -2 10 -6    0   0   0   0   0   0   0   0   3   0   0   0   0   0   0   1   0   0  94   0  3.38 1.11
   29 N   -3 -2  0  0 -6 -4 -4  7 -3 -7 -7 -2 -6 -7 -6 -1 -2 -6 -6 -6    0   2   4   5   0   0   0  80   0   0   0   2   0   0   0   3   2   0   0   0  1.79 0.68
   30 G   -1 -5 -3 -5 -6 -4 -4  7 -4 -7 -6 -4 -6 -7 -2 -1 -5 -4 -5 -5    3   0   1   0   0   1   1  85   0   0   1   0   0   0   2   3   0   0   0   1  2.02 0.78
   31 L   -1 -3 -4 -5 -2 -2 -4 -5 -5  2  3 -2  0  1 -2 -2 -1 -4 -1  3    4   1   0   0   0   1   1   0   0  11  35   2   2   7   2   3   4   0   2  26  0.52 0.31
   32 A    5  0  1 -4 -4 -1 -3  1 -4 -5 -5 -1 -4 -5 -3  3  0 -6 -5 -3   47   5   6   0   0   3   1   9   0   0   0   4   0   0   1  19   5   0   0   0  0.75 0.46
   33 N   -1 -4  3 -4 -6 -5 -5  7 -5 -7 -7 -4 -6 -7 -6  0 -4 -7 -7 -7    4   1  15   0   0   0   0  72   0   0   0   1   0   0   0   7   1   0   0   0  1.76 0.71
   34 A   -1 -5 -4 -5  1 -2 -5 -5 -3 -1  2 -4 -1  6 -5  0  1 -3  0  0    5   0   0   0   3   2   0   0   1   2  23   0   1  39   0   9   9   0   1   5  0.82 0.45
   35 W   -5 -4 -4 -6 -4 -2 -5 -6 -1 -1 -3 -5 -3  3 -6 -5 -4  9  8 -2    0   1   1   0   0   2   0   0   1   4   3   0   1  12   0   0   1  25  45   2  1.98 0.75
   36 D   -4 -5 -2  8 -2 -4  0 -5 -2 -5 -6 -4 -6 -6 -5 -1  0 -7 -4 -4    1   0   1  77   1   0   4   0   1   1   0   0   0   0   0   4   7   0   1   1  1.93 0.76
   37 Y   -5 -5 -6 -6 -6 -5 -6 -6 -2 -4  0 -5 -1  4 -6 -5 -5  2  9 -3    1   0   0   0   0   0   0   0   1   1   9   1   1  16   0   0   0   3  64   1  2.11 0.80
   38 G   -2 -6 -4 -5 -6 -5 -6  7 -6 -7 -4 -5 -6 -6 -6 -4 -5 -6 -6 -6    3   0   0   0   0   0   0  92   0   0   2   0   0   0   0   0   0   0   0   0  2.34 0.84
   39 P   -4 -5 -4 -4 -6 -2 -4 -5  2 -4 -5 -5 -6 -6  8 -2 -4 -7 -5 -4    1   0   1   1   0   2   1   1   4   1   1   0   0   0  81   3   1   0   0   1  2.44 0.90
   40 L   -2 -2 -2 -5 -4 -3 -3 -5 -2  1  4 -4  2 -1  2 -2 -2 -4  2  1    2   2   3   0   0   1   1   0   1   5  48   0   6   2  10   2   1   0   7   8  0.60 0.35
   41 G   -2 -6 -4 -5 -6 -5 -6  7 -5 -6 -5 -5 -1 -6 -6 -4 -4 -6 -6 -6    2   0   0   0   0   0   0  91   0   0   2   0   2   0   0   0   1   0   0   0  2.28 0.83
   42 V    2 -3 -3 -4  5 -3 -3 -3 -2  0 -1 -1 -1 -2 -4  0  2 -4 -2  3   17   1   1   0  15   0   1   2   1   4   5   5   1   1   0   8  12   0   1  27  0.48 0.31
   43 L    3  0 -2 -2 -4  0  4 -2 -3 -1  1  0  0 -4 -2 -1 -1 -5 -4 -2   24   5   1   2   0   4  28   2   0   3  17   4   2   0   1   3   2   0   0   1  0.41 0.35
   44 L   -4 -5 -6 -6 -5 -5 -6 -6 -6  2  6 -6  4  0 -6 -5 -3 -5 -3  0    1   0   0   0   0   0   0   0   0  12  65   0   9   3   0   0   1   0   1   6  1.35 0.61
   45 K   -3  2 -2 -5 -4 -1 -2 -5 -3 -3 -2  7 -2 -4 -5 -3 -4 -6 -5 -4    1   8   1   0   0   3   2   0   1   2   4  71   1   1   0   2   1   0   0   1  1.61 0.75
   46 N   -1  4  5  0 -3  0  0 -3 -1 -3 -4  1 -3 -6 -5  0 -2 -3 -4 -4    5  25  32   4   1   4   5   1   1   2   1   8   1   0   0   6   2   0   1   1  0.81 0.47
   47 N   -4  2  8 -4 -7 -1 -2 -5 -1 -7 -7  2 -6 -7 -6 -3 -4 -7 -3 -7    1  10  66   0   0   2   3   0   1   0   0  12   0   0   0   1   1   0   1   0  1.89 0.85
   48 L   -4 -6 -6 -7 -5 -6 -6 -7 -6  6  2 -6  1  0 -6 -6 -3  1 -4  3    1   0   0   0   0   0   0   0   0  48  20   0   3   4   0   0   1   2   0  20  1.29 0.61
   49 K   -3  1 -3 -4 -5  0  3 -5 -4  2  1  4  0 -3 -4 -3 -2 -5 -3  0    1   8   1   0   0   3  21   0   0  11  14  30   3   1   0   1   2   0   1   6  0.59 0.41
   50 N    0  2  4  4 -5  2  1 -2 -1 -5 -5  1 -3 -4 -4  0 -1 -6 -2 -4    7  10  22  20   0  11   8   3   1   0   0   6   1   1   0   6   3   0   1   1  0.59 0.38
   51 L    2 -1 -1 -2 -1  0  0 -3 -1  0  2  0  0  0 -3  0  0 -1  1  0   19   2   2   1   1   4   7   0   2   6  22   5   2   5   0   6   4   1   5   5  0.14 0.17
   52 W   -7 -4 -8 -8 -7 -7 -8 -7 -7 -1 -3 -8 -2  1 -8 -7 -7 13 -2 -4    0   1   0   0   0   0   0   0   0   3   3   0   1   5   0   0   0  81   1   1  4.05 1.42
   53 W   -5  6 -4 -6 -6 -3 -4 -6 -2 -2 -3  0 -3 -2 -6 -4 -4 10 -2 -4    1  40   1   0   0   1   1   0   1   2   3   6   1   1   0   1   1  37   1   1  2.06 0.88
   54 K   -3  4  2  1 -5  2  0 -3  1 -5 -4  4 -4 -4 -4  0 -1 -2 -3 -4    2  20  10   8   0   9   6   2   3   0   1  28   0   1   0   6   3   1   1   1  0.66 0.41
   55 E    0  0 -1  0 -2 -1  1 -3  6  0 -3  0 -1  2 -4  0  0  1  3 -2    7   5   2   6   1   2   9   1  19   5   1   5   2  10   0   8   5   2   8   3  0.35 0.27
   56 F   -4 -6 -3 -6 -3 -6 -6 -6 -2 -2 -1 -6  6  8 -6 -6 -4  2  2 -2    1   0   1   0   1   0   0   0   1   2   4   0  18  57   0   0   1   3   5   3  1.87 0.79
   57 V   -3 -3 -3 -5  0 -4 -5 -3 -5  3  0 -4 -1 -2 -4 -4  1 -5 -2  6    2   1   1   1   2   0   1   2   0  17   6   1   1   2   1   1   8   0   2  52  1.02 0.49
   58 T   -2  1 -1 -1 -4  3  0 -2  2  0  1  0  1 -1 -2 -1  1  0  1 -1    3   6   3   3   0  16   5   3   6   4  13   6   3   2   2   4   8   2   5   5  0.16 0.19
   59 K   -1  2  0  0  0  1  2 -1  0 -1 -1  2  0 -1 -1  1 -1  0 -1 -2    3  10   4   3   2   5  15   5   2   4   8  12   2   3   2  11   3   2   2   2  0.11 0.16
   60 Q   -2  5  0 -1  0  0  2 -1  3 -2 -3  0  0 -2 -1 -1 -4 -5  0 -3    2  28   5   3   2   4  16   5   8   2   2   4   2   2   4   5   0   0   3   2  0.47 0.40
   61 K   -2 -1  1  3  0  1  2  0  1 -2 -2  0 -1 -1  2 -1 -1 -4 -3 -2    3   3   7  16   2   5  16   6   3   2   4   5   2   4  11   4   3   0   0   2  0.23 0.25
   62 N   -2 -2  4  5 -4 -1  0  2  0 -4 -4 -1 -3 -3 -3 -1 -2 -4  1 -4    2   1  23  31   0   1   5  17   2   1   2   3   1   1   1   2   1   0   6   1  0.68 0.32
   63 I   -1 -4  0 -4  1 -3 -4 -4 -2  3  1 -4  5  3 -4 -2 -2 -3  1  2    4   0   7   0   3   0   0   1   1  18   8   0  21  12   0   2   2   0   4  16  0.52 0.29
   64 V   -1 -2 -3 -3 -2 -2 -1 -3  1  2  2 -2  1  2 -3 -2 -1  1  2  3    4   1   0   1   1   1   5   1   3  10  19   2   3   8   0   1   2   2   9  26  0.30 0.20
   65 G   -2 -3 -2 -2 -5 -1  5  4 -3 -4 -2 -2 -2 -3 -3 -2 -3 -2 -3 -4    1   0   1   0   0   2  42  35   0   1   5   2   1   1   1   2   1   1   1   0  0.93 0.46
   66 L   -3 -4 -4 -1  1 -3 -4 -5 -4  5  3 -4  1  1 -4 -3 -3 -4 -1  3    1   0   0   4   3   1   0   1   0  32  27   0   3   5   0   1   0   0   1  19  0.65 0.30
   67 D   -3 -3 -2  6 -4 -1  4 -4 -2 -4 -5 -2 -3  0 -4 -2 -3 -3 -3 -5    1   1   1  55   0   1  24   1   1   1   1   2   1   5   0   3   1   0   1   0  1.24 0.50
   68 S    1 -3 -3 -2  6 -3 -3  2 -4 -1 -4 -3 -2 -3 -1  3  2 -4 -3 -3   14   1   0   1  17   0   0  15   0   4   1   0   1   1   2  27  14   0   1   0  0.61 0.34
   69 A    2 -3 -1 -3  0  1 -2 -2 -3 -4 -4 -2 -3 -4  4  3  2 -4 -4 -3   20   1   3   1   2   7   1   2   0   0   1   1   0   0  22  23  16   0   0   1  0.63 0.35
   70 I   -2 -3  0 -3  2 -2 -2 -4 -3  5  0 -1  1 -2 -4 -1  1 -4 -3  1    3   0   6   1   4   1   2   1   1  46   6   4   3   1   0   4   9   0   0   7  0.57 0.31
   71 I   -3 -4 -5 -5 -3 -4 -5 -5 -5  5  4 -4  1  0 -5 -4 -2 -4 -3  2    1   0   0   0   0   0   0   1   0  41  35   0   3   4   0   0   2   0   0  10  0.96 0.40
   72 L   -2 -3 -1 -4 -2 -1 -1 -1 -2 -2  1 -3  6 -3 -4  0  4 -4 -2 -2    2   0   2   0   1   2   4   4   1   1  13   1  27   1   0   5  33   0   1   1  0.74 0.42
   73 N   -3 -3  4 -3 -5 -2 -3 -4  6 -4 -3 -2 -4 -5  6  0 -1 -5 -3 -4    1   1  19   1   0   1   1   1  18   1   2   2   0   0  42   6   3   0   1   1  1.27 0.51
   74 P   -1  1 -3 -2 -2  0  3 -3  1 -3 -4  1 -3 -3  5 -1 -2 -4  0 -3    5   9   0   2   1   3  21   2   3   1   1  10   1   1  32   3   1   0   3   1  0.70 0.32
   75 L    1  1  0  0 -2  2  1 -1 -1 -1  0  2 -1 -2  1  0 -1 -3 -2 -1   11   8   3   6   1  10   8   3   1   4  10  16   1   1   7   5   3   0   1   2  0.13 0.11
   76 V   -2 -5 -3 -5 -4 -4 -5 -5 -5  2 -2 -4 -1 -4 -2 -4  1 -5 -4  6    2   0   1   0   0   0   0   1   0  11   2   0   1   0   2   1   8   0   0  69  1.27 0.50
   77 W   -5 -3 -5 -6 -5 -4 -5 -5 -2 -3  3 -1 -2  4 -5 -5 -4 10  0 -3    1   1   0   0   0   0   0   1   1   0  27   4   1  15   0   1   0  43   2   1  1.86 0.60
   78 K   -2  1 -2 -1 -4  1  4 -4 -1  0 -3  4 -2 -2 -3 -2 -1 -4 -3  0    2   7   1   2   0   5  29   1   1   5   1  30   1   2   0   1   3   0   1   8  0.57 0.32
   79 A    5 -3 -1 -3  2 -2 -2 -1  1 -3 -1 -2 -3 -4 -3  0  0 -4 -1 -1   60   0   3   0   4   1   1   3   4   0   5   1   0   0   0   5   5   0   2   3  0.73 0.35
   80 S   -1 -3  1 -3  0 -3 -3 -3 -3 -4 -5 -3 -4 -5 -3  7 -1 -5 -4 -4    2   1   5   1   2   0   1   1   0   1   1   1   0   0   1  81   2   0   0   1  1.52 0.56
   81 G   -2 -4 -3 -2 -4 -3  0  7 -4 -5 -3  0 -4 -5 -4 -2 -4 -4 -5 -5    1   1   0   2   0   0   6  75   0   1   2   7   0   0   1   2   1   0   0   1  1.45 0.46
   82 H   -4 -3 -3 -2 -5  1  0 -5 10 -5 -5 -4 -4 -4 -5 -4 -4 -5 -2 -5    1   1   0   2   0   5   5   1  80   1   1   1   0   0   1   1   1   0   0   1  2.67 0.71
   83 L   -1 -3 -3 -3 -3 -2  1 -4 -3  1  1  0  1 -1 -3 -2  0  0  1  4    4   1   0   1   0   0  10   1   0   6  17   7   3   1   1   2   5   1   7  34  0.30 0.19
   84 D    1  0 -1  4 -4  0  2  0  0  0 -3  1 -3 -4 -2  0 -1 -4 -3 -2   11   4   2  25   0   2  15   7   2   7   2  10   0   0   2   5   3   0   0   2  0.32 0.21
   85 N   -1  2  3 -1 -2  0  0  1  3 -3 -2  1 -3 -2 -3  1  0 -1  0 -2    3  12  18   2   1   2   5  10   9   0   5  10   0   2   0  11   4   1   4   2  0.25 0.19
   86 F   -5 -6 -6 -6 -5 -6 -6 -6 -5 -4  0 -6 -3  9 -6 -5 -5 -3 -1 -4    1   0   0   0   0   0   0   1   0   0   6   0   0  87   0   1   0   0   0   1  2.62 0.83
   87 S    1 -1  2  1  0 -1  0 -1  0 -1 -1  0 -1  0 -2  1  2 -3 -1  0   10   2  11   8   2   2   6   3   3   3   4   6   2   4   0   8  17   0   2   5  0.12 0.14
   88 D   -4 -3  1  7 -5 -3  1 -4 -3 -5 -5  0 -4  1 -4 -3 -3 -5 -4 -5    1   0   5  63   0   0   9   1   0   0   1   6   0   6   0   1   1   0   0   1  1.29 0.54
   89 P   -1 -1 -2 -1 -3  0  0 -3  2  1  1 -1  1  1  3 -1  0  1  1  0    3   3   0   2   0   3   5   1   7   8  13   3   3   6  18   3   7   2   6   5  0.20 0.14
   90 L    0  1 -2 -2  2  1  0 -2 -2  0  0  0  1  1 -2  0  0 -2  1  0    7   7   0   0   7   7   7   0   0   7   7   7   7   7   0   7   7   0   7   7  0.08 0.12
   91 I    0 -1 -3 -3  2 -1 -3  0 -3  2  0 -1  1 -1 -3 -1  2 -4 -3  3    8   3   0   0   6   3   0   6   0  10   6   3   3   3   0   4  12   0   0  33  0.27 0.25
   92 D   -1  0  0  3  3  1  2 -1  1 -1 -3  1  0  0 -3  0  0 -3  0 -1    3   4   3  21   6   5  13   3   3   4   1   9   3   5   0   5   5   0   3   3  0.21 0.19
   93 C    0 -1  1  1  2 -1  0  0 -2 -1  0  0  1 -2 -2  0  1 -3 -2  0    8   0   7   8   7   0   8   8   0   0   8   8   7   0   0   8   8   0   0   8  0.04 0.11
   94 K   -1  2 -1 -1 -3  0  0 -1 -1 -1  0  3  0 -3  1  0  0 -4 -3  0    3   9   2   2   0   3   5   4   1   4  10  28   2   0   7   7   6   0   0   5  0.19 0.19
   95 S   -1  0  1  2  1  1  2 -1  0 -1 -2  2  1 -2 -2  0  0 -4 -3 -1    3   2   7  14   3   6  13   3   2   3   3  16   4   1   0   8   5   0   0   5  0.17 0.16
   96 C   -1 -4  1  0  8 -3 -1 -1 -3 -1 -3 -3 -3  0 -1  0  3 -4 -3 -1    3   0   7   6  34   0   5   4   0   3   1   0   0   4   3   8  18   0   0   4  0.75 0.42
   97 K   -1  0  2 -1 -4  0  0  3  3 -4 -3  3 -3 -4 -3  0 -1 -4 -3 -3    3   4  10   3   0   2   5  23  10   0   2  25   0   0   0   7   3   0   0   2  0.41 0.29
   98 T    1  1  0 -1  2  0  1 -2  1 -2 -3  2  0 -1 -6  1  0  2  0 -1   11   9   5   4   3   4  11   3   3   3   3  11   3   3   0   9   7   3   4   4  0.17 0.16
   99 R   -1  0  0  0  2  0  0 -1  2  0 -1  0  2  1  0 -1  0  4  1 -1    5   5   5   5   5   5   5   5   5   5   5   5   5   5   5   5   5   5   5   5  0.09 0.08
  100 Y   -2 -2 -1 -1  0  0 -1 -5  2 -1 -1 -4  0  4 -5 -2 -2  6  5  0    2   2   3   4   2   4   4   0   4   3   7   0   2  20   0   3   3  11  20   6  0.68 0.40
  101 R    0  1  1  1 -2  0  1 -2 -1 -2 -1  1 -1 -2  2  1  1 -2  1 -2    9   9   9   9   0   0   9   1   0   0   9   9   0   0   9   9   9   0   9   1  0.14 0.10
  102 A    2  0 -1 -2  0  0  0 -1  0  0 -1 -1  1 -1  2  0  0 -3  0  0   26   5   2   0   2   5   5   3   2   7   4   2   5   2  10   4   5   0   5   5  0.12 0.14
  103 D   -1 -1  0  5 -4  2  2 -1 -2 -3 -1 -2 -3 -4 -3  0 -1 -4 -3 -1    4   3   3  41   0   9  11   3   0   0   8   0   0   0   0   5   4   0   0   6  0.52 0.32
  104 K    0  0  2 -1 -4  2  1  0  4 -2 -2  2 -1 -2 -3  0 -1  0 -1 -2    6   4  12   2   0   8  10   6  14   2   4  15   1   2   0   6   3   1   1   2  0.26 0.23
  105 L   -2  0 -2 -1 -3  0 -1 -3 -3  1  3 -1  2  0 -2 -2 -2 -3  1  1    2   7   2   3   0   3   5   2   0   9  34   4   4   4   2   2   2   0   6   8  0.22 0.20
  106 I   -1 -1 -2  0 -1  0 -1 -2 -3  2  2 -1  3 -1 -1 -2 -1  0 -1  1    6   2   2   6   1   4   4   2   0  17  19   5  10   1   3   2   4   1   1   9  0.16 0.16
  107 E    0  0  0  0 -3  1  0  0 -1  0 -1  0 -1  1  1  0  0  3  1  0    6   6   6   6   0   6   6   6   0   6   6   6   0   6   6   6   6   6   6   6  0.06 0.08
  108 S    0  0  0  2  1  2  2 -1  1 -1 -2  0  0 -3  0  0 -1  2  0 -1   10   4   3  11   3   9  12   5   4   3   4   4   3   0   4   6   3   3   3   4  0.12 0.15
  109 F   -1  0  0  0  2  0  0 -1  2  0 -1  0  2  1  0 -1  0  4  1 -1    5   5   5   5   5   5   5   5   5   5   5   5   5   5   5   5   5   5   5   5  0.09 0.08
  110 N   -1 -1  0  0  3 -1  0  1  2  0  0 -1  1  0 -1 -1  0 -5  0 -1    5   4   5   5   6   3   6  13   5   5  10   4   4   4   4   3   7   0   3   4  0.08 0.08
  111 K    0 -1 -1  0  0  1  2  0  1 -1 -3  3  0 -2  2 -1 -1  1 -1 -2    7   3   2   5   2   6  13   7   3   4   3  16   2   2   9   5   4   2   2   3  0.20 0.18
  112 D    0  0  0  0 -2  1  0  0  1  0  0  0  1  0  1  0  0 -3 -1  0    6   6   6   6   0   6   6   6   6   6   6   6   6   6   6   6   6   0   0   6  0.04 0.07
  113 I    0  0  0  1  1  0  0  0  0  0  0  0  0  0  0  0  0  1  0  0    7   5   4   8   3   4   6   6   3   6   9   8   3   3   3   4   4   2   3   5 -0.00 0.01
  114 H    0  0  0  0 -3  0  1  0  0  0 -1  1  0  0  0  0  0  1  0 -1    8   3   5   5   0   4  10   7   3   5   6  11   4   3   4   5   5   2   3   4  0.03 0.06
  115 I   -1  0  0  0  2  0  0 -1  2  0 -1  0  2  1  0 -1  0  4  1 -1    5   5   5   5   5   5   5   5   5   5   5   5   5   5   5   5   5   5   5   5  0.09 0.08
  116 A   -1  0  0  0  2  0  0 -1  2  0 -1  0  2  1  0 -1  0  4  1 -1    5   5   5   5   5   5   5   5   5   5   5   5   5   5   5   5   5   5   5   5  0.09 0.08
  117 E    0 -2 -1  3 -4 -1  3 -1  0 -1 -1  1  0 -1  0  0  0  0 -4 -2    7   2   2  18   0   2  18   5   2   3   6   8   3   3   6   6   5   2   0   3  0.24 0.23
  118 N    1 -2  2  2 -1 -1  1  3 -1 -1 -2  1 -1 -2 -1  0  0 -1 -4 -2   10   2  10  11   1   2   8  19   2   3   5   8   2   1   3   5   4   1   0   2  0.20 0.19
  119 S   -1 -1  0 -1  0 -1  1 -1 -1 -1  2  0  3  1 -1  0  0  3  1 -1    5   2   4   2   2   2   8   4   1   3  18   5   8   5   2   7   6   4   5   3  0.11 0.14
  120 T    0 -1  0  1  0  0  0 -1  0 -2 -2  0  0 -1  0  2  2 -4 -3 -1    7   3   5   7   2   3   5   5   3   2   4   5   3   3   5  21  14   0   0   4  0.16 0.20
  121 N    0  0  1  0  0  0  0  0  0 -1  0  0  0  0  1  0  0 -2  0 -1    8   4   6   7   3   4   5   6   3   4  10   6   4   4   8   4   6   0   3   5  0.03 0.03
  122 E    0 -1  0  2 -4  1  3 -1  1 -1 -2  1  0 -1  0  0 -1 -4  0 -1   10   3   4  10   0   5  23   4   3   3   4   7   3   3   4   5   4   0   3   3  0.20 0.22
  123 E   -1  0  0  0 -3  0  0 -1  2  0 -1  0  1  0  0  0  0  3  1  0    5   5   5   5   0   5   5   5   5   5   5   5   5   5   5   5   5   5   5   5  0.06 0.08
  124 F   -1 -1 -1  0 -1 -1  0 -4 -2  1  3 -1  4  0 -1 -1 -1 -1  0  0    5   3   3   5   1   2   6   1   1   9  28   5  10   4   3   3   3   1   3   5  0.23 0.21
  125 M    0 -1  1  2 -1  1  1  0  0 -1 -1  0  1 -2 -1  0  1  0 -2 -1    9   3   6  10   2   6   8   8   3   4   5   6   5   2   2   6   9   2   1   4  0.06 0.10
  126 K    1  0  0  1 -3  1  2 -1 -1 -2 -1  1 -1  0  0  0  0 -4 -1 -2   11   4   5   8   0   6  12   4   1   2   7  11   1   4   4   7   5   0   2   3  0.09 0.14
  127 V    0 -1 -2 -1  1  0  0 -2  1  2  1  0  0  0  0 -1  0  0  0  0    9   3   1   2   3   3   5   2   4  12  18   5   2   3   4   3   5   1   3   7  0.04 0.09
  128 L    0 -1 -1 -1  0 -1  0 -2 -3  2  1  0  1  1  0 -1 -1  2  0  1    7   3   2   2   2   2   7   2   0  18  13   5   3   5   4   5   2   3   2   9  0.08 0.12
  129 N    0  1  1  1 -3  1  1 -1  0 -1 -1  2  0 -3  0  0  0  0 -1 -1    9   7   6   9   0   5  10   3   2   4   4  14   2   0   3   4   6   1   2   5  0.09 0.14
  130 D   -1  0  0  2 -4  0  2 -1  1 -1 -2  2  0 -1 -1 -1 -1  2  0 -2    4   4   4  12   0   4  15   3   3   4   4  15   3   3   3   4   4   3   3   3  0.15 0.20
  131 H   -1  0  0  0 -3  0  0 -1  2  0 -1  0  1  0  0  0  0  3  1  0    5   5   5   5   0   5   5   5   5   5   5   5   5   5   5   5   5   5   5   5  0.06 0.08
  132 K   -2 -1  2  1  2 -1  0  1  0 -2 -3  3  1  0  0  0  0  1 -1 -2    3   3   9   7   4   3   7   9   2   2   3  15   3   5   5   7   5   2   2   4  0.16 0.15
  133 I    0 -1  0  0  1  0 -1 -1  0  3  0  0  1  0  0 -1 -1  2  0  1    7   4   4   5   3   4   3   4   3  15   7   6   4   4   5   4   3   3   3   9  0.08 0.07
  134 F   -1  0  0  0  2  0  0 -1  2  0 -1  0  2  1  0 -1  0  4  1 -1    5   5   5   5   5   5   5   5   5   5   5   5   5   5   5   5   5   5   5   5  0.09 0.08
  135 C    0 -4  0 -1  7  0 -1 -2  1  0 -1  0 -3  0  1  0 -1 -4  0  0    8   0   4   3  22   4   5   4   3   5   5   5   0   3   6   7   4   0   3   6  0.35 0.31
  136 P    0  0  0  0  2  0  0 -1  1  0 -1  0  1  0  0  0  0 -2  1  0    5   5   5   5   5   5   5   5   5   5   5   5   5   5   5   5   5   0   5   5  0.03 0.05
  137 T    0 -1  1  1  1  0  1 -1  0 -1 -2  1 -1 -1  1  1  2 -4 -1 -1    6   2   5   8   3   3   8   4   2   4   3   8   1   3   7  12  12   0   2   5  0.11 0.14
  138 C   -2 -3  0  0  8 -1 -1  0  0 -2 -2 -1 -1 -1  0 -1  1  1 -2 -3    3   2   5   5  32   3   4   8   2   2   4   4   1   3   5   4   8   2   2   2  0.80 0.49
  139 K   -1 -1  1  0  1  0  1  3 -3 -1 -2  2 -3 -4  1 -1  0  2 -4 -4    4   4   7   4   3   4   8  24   0   4   5  13   0   0   6   4   6   3   0   0  0.29 0.26
  140 Q   -1  0  0  0  2  0  0 -1  1  0 -1  0  1 -2  0  0  0  3  1 -1    5   5   5   5   5   5   5   5   5   5   5   5   5   0   5   5   5   5   5   5  0.03 0.11
  141 F    0  0  1  0  0  0  0  0  1 -1  0  0  0  0  1  0 -1 -2  0  0    6   6   9   6   3   2   6   8   4   3  11   6   2   4   6   4   3   0   3   6  0.03 0.04
  142 N    0 -1  1  1  0  0  1  0  0 -1  1  0  0  1  0  0 -1 -3  0 -1    6   3   6   9   3   5   8   6   3   3  15   5   3   6   3   6   3   0   3   3  0.03 0.07
  143 W    0 -2  0  0 -3  0  0  0 -2  0  0  0  1  1  1  0  0  3  1  0    6   0   6   6   0   6   6   6   0   6   6   6   6   6   6   6   6   6   6   6  0.07 0.11
  144 T    0 -2  0  0  2  0  0  0  1  0 -1  0  1  0  1  0  0 -2  1  0    6   0   5   6   5   5   6   6   5   6   6   6   5   5   6   6   6   0   5   6  0.04 0.08
  145 D   -1  0  2  2 -4  1  3 -1  0 -3 -2  1  0 -1  1 -1 -1 -4 -3 -1    4   4   9  12   0   5  24   4   2   0   3   7   3   2   8   3   3   0   0   5  0.28 0.25
  146 I    0 -1 -4 -4  1  0 -1 -4 -4  1 -1 -1 -3  0  5 -1  0 -4  0  2    8   4   0   0   4   4   4   0   0   8   6   4   0   4  26   4   4   0   4  15  0.43 0.32
  147 R   -1  3 -1 -1 -4  1  0  1  1 -1 -2  2  0  0 -3 -1 -1  2  0 -1    3  21   3   3   0   5   5  10   3   3   3  14   3   4   0   3   4   3   3   4  0.19 0.21
  148 H    0  1  0  0 -1  1  1  0  0 -2  0  1  0 -1  1  0 -1  0  1 -1    5   8   3   3   1   9  11   9   2   2   9  10   2   3   6   4   3   1   5   3  0.08 0.07
  149 F   -2 -3 -3 -3 -3 -1  0  0  0  0 -1 -2  0  6 -4 -2 -1  1  1 -1    3   0   0   1   0   2   7   8   3   6   4   2   2  47   1   2   5   2   3   2  0.61 0.30
  150 N   -2 -1  6  0 -4  0  1 -1  0 -3 -2 -1  0 -4 -3  1 -1 -4 -3 -2    2   2  49   3   0   4   8   5   2   0   5   3   2   0   1   8   3   0   0   2  0.68 0.34
  151 L   -1 -3 -3 -1 -3 -1  1 -1 -3  0  4 -2  2 -2  0 -2  1 -3  0  0    3   0   0   4   0   3   9   4   0   3  46   1   6   0   5   1   8   0   3   4  0.31 0.23
  152 M   -1  2 -2 -2 -2  2 -1 -2 -1  2  1  0  2 -1 -2 -1 -1 -2 -1  1    1  15   1   1   0  15   1   1   0  15  16   1  15   1   1   1   1   0   0  15  0.13 0.05
  153 F   -1 -2 -2 -3 -2 -2 -2 -3 -2  1  1 -2  1  4  3 -1  0 -1  1  1    6   1   1   1   0   0   1   1   0   5  10   1   6  25  14   1   5   0   5  14  0.22 0.10
  154 K    0  0  0  0 -3  2  1  0  1 -2 -1  2  0 -1  1  0  0 -3 -2 -1    5   4   4   4   0   9   9   7   4   0   8  16   3   3   7   8   4   0   0   3  0.12 0.12
  155 T    0 -3 -3 -3  2  0  0 -3 -3  0  0 -3  1  0 -3  0  5 -4 -3  1    7   0   0   0   4   4   6   0   0   5   6   0   4   5   0   7  38   0   0  10  0.43 0.32
  156 H   -1 -1  1 -1  1  3  0 -2  4 -2 -3 -1  3  1 -2  2 -1  2  2 -1    5   3   6   4   2  11   5   3   8   3   3   4   6   7   3  12   3   2   6   4  0.26 0.20
  157 Q    0  1 -2 -2 -2  1  0 -2  2  0  0  0  1  1 -2  0  0 -2  1  0    7   7   0   0   0   7   7   0   7   7   7   7   7   7   0   7   7   0   7   7  0.08 0.12
  158 G    0 -1  1  1  3  1  1  1 -1 -3 -3  1 -2 -3 -2  1  1  4 -2 -2    9   0   9   9   8   9   9   9   0   0   1   9   0   0   0   9   9   8   0   1  0.23 0.14
  159 V    2 -3 -3 -1  1 -4 -3 -2 -4  0 -3 -1 -1 -2  6  0 -2 -5  0  0   15   2   1   3   3   0   1   2   0   5   3   3   1   2  40   6   2   0   3   8  0.78 0.48
  160 I   -1 -2 -1  0 -1 -1  0  1 -3  0 -1  0  0 -1 -1  1  2 -3  0  2    4   2   2   5   1   2   6  11   0   6   6   5   3   2   2   9  16   0   4  16  0.10 0.16
  161 E    0 -1  0  1 -4  0  3  3  0 -4 -2  0 -3 -2 -1  0 -1 -4 -4 -2    6   4   5   8   0   3  20  25   2   0   3   5   0   2   2   7   3   0   0   3  0.34 0.28
  162 D   -1 -1  2  3 -4  1  1  0  0 -2 -1  0  0 -3 -1  1  0  2 -1 -2    3   2   8  19   0   5  10   8   2   2   6   5   3   0   3   9   5   3   2   3  0.19 0.21
  163 P   -1 -1  0  1  1  0  2  0 -1 -1 -1  0  0 -2 -1  1  0 -4 -1 -1    5   3   5  10   3   2  19   9   2   4   5   5   3   2   3  11   4   0   2   4  0.13 0.15
  164 K    0  0  1  0  2  1  0  0  2 -2 -1  0 -2 -2  1  0  0  3  1 -1    6   6   6   6   6   6   6   6   6   0   6   6   0   0   6   6   6   6   6   6  0.10 0.13
  165 N    0  1  1  1 -2  1  0  0  2  0  0  0  1 -2 -2  0  0 -3 -2  0    7   7   7   7   0   7   7   7   6   7   7   7   6   0   0   7   7   0   0   7  0.06 0.09
  166 I   -1  0  0  0  2  0  0 -3  2  0 -1  0  1  0  0  0  0  3  1  0    5   5   5   5   5   5   5   0   5   5   5   5   5   5   5   5   5   5   5   5  0.04 0.12
  167 V    2 -2 -1 -1  2 -2 -2  1  0  0 -1 -2  1  0 -2  0  0  4  0  0   25   1   3   3   5   1   1  12   3   6   4   1   6   3   1   4   5   6   3   8  0.14 0.13
  168 Y   -1 -3  0 -3 -3 -2 -3 -1  2  0 -2 -3 -2  2 -3 -2 -2  5  6  0    5   0   5   0   0   0   1   5   5   7   1   0   0   8   0   1   0   9  40   7  0.60 0.30
  169 L   -1 -2 -1 -3  2  0 -2 -1 -3  0  3 -2  2  1  0 -1 -2 -2 -2 -1    4   0   4   0   6   5   0   4   0   4  46   0   6   6   4   4   0   0   0   0  0.22 0.20
  170 R   -2  6  1 -2  0  0 -1 -3 -1 -3 -2  1 -2 -3 -1 -1 -2 -3  1 -3    1  62   9   0   3   3   1   1   0   0   3   3   0   0   3   3   1   0   6   1  0.73 0.28
  171 P    0 -3 -3 -3 -3 -2 -2  1 -3  0 -1 -2 -2 -3  7 -2 -2 -4 -3  0    6   0   0   0   0   0   1  11   0   9   7   1   0   0  57   1   1   0   0   6  1.07 0.28
  172 E   -1 -1 -1  0 -3  2  5 -2 -1 -3 -3  0 -2 -3 -1  1  0 -3 -2 -2    1   1   1   1   0   9  59   1   0   1   1   1   0   1   1  15   6   0   0   1  0.56 0.15
  173 T    0 -1  0 -1 -2  0  1 -2 -1  0 -1 -1 -1 -2 -1  2  4 -2 -2 -1    5   1   3   1   0   3  12   1   0   5   5   1   0   1   1  15  44   0   0   1  0.27 0.11
  174 A    3 -2 -2 -2  3 -1 -2 -1 -2  1  0 -1 -1 -2  1  0  0 -2 -2  0   46   1   1   1   8   1   1   1   0  12  10   1   0   1   7   4   5   0   0   1  0.21 0.09
  175 Q    1  2 -1 -1 -2  2  0  1 -1 -2 -2  1 -1 -2 -1  0  1 -2 -2 -1   13  13   1   1   0  13   1  13   0   1   1  13   0   0   1   1  13   0   0   1  0.11 0.05
  176 G    0 -4 -1  0 -4 -2 -2  5  0 -3 -3 -3 -2 -4 -1  0  1 -1 -4 -2    5   0   2   6   0   1   2  52   2   1   2   0   1   0   3   6  12   1   0   2  0.70 0.33
  177 I   -1 -4 -4 -4 -3  0 -2 -4 -1  4  0 -3  4  0 -2  0  1  2 -1  1    4   0   0   0   0   6   2   0   2  33   4   0  16   4   2   9   7   3   2   7  0.43 0.30
  178 F   -2 -5 -5 -6 -5 -5 -5 -6  2  0  0 -5  1  7 -6 -5 -4 -2  5  0    4   0   0   0   0   0   0   0   4   4   6   0   4  54   0   0   0   0  18   6  1.36 0.52
  179 V    0 -2  0 -3  1  0 -1 -1 -2  1  1 -2  1  0  0  1  2 -3  0  1    4   0   4   0   4   5   3   3   0   6  15   0   5   4   4  10  15   0   3  15  0.11 0.16
  180 N    0  1  1  1  2  1  0  0 -2 -2 -1  0  1 -3  1  0  0 -4 -3  0    7   7   7   7   7   7   7   7   0   0   7   7   7   0   7   7   7   0   0   7  0.10 0.12
  181 F    0  1 -2 -3 -3 -2 -2  0  2  0  0 -2  2  2 -3 -2  0  5  2 -1    8   8   0   0   0   0   0   8   8   8   8   0   8   8   0   0   8   8   8   0  0.14 0.17
  182 K   -1  1  1 -1 -5  0 -1 -2  0 -2 -2  4 -1 -2  4 -2 -1 -5 -1 -3    4   8   7   2   0   3   2   2   2   2   4  27   2   2  18   2   3   0   2   2  0.40 0.35
  183 N   -1  0  0  0 -3  1  0 -1  2  0 -1  0  1  1  0  0  0  4  1 -2    6   6   6   6   0   6   6   6   6   6   6   6   6   6   6   6   6   6   6   0  0.09 0.13
  184 V    0 -2  1 -2  2  1  0  0  2  0  0 -2  1  1 -2  0  0 -2  1  0    7   0   7   0   6   7   7   7   6   7   7   0   6   6   0   7   7   0   6   7  0.06 0.12
  185 Q   -1 -2 -2 -2  0  2 -2 -4  1  0  2 -1  1  3 -4 -1 -1  2  4  0    5   2   2   2   2  10   2   0   3   5  18   4   3  13   0   4   3   2  13   6  0.26 0.27
  186 R   -2  2  2  2 -1  2  2 -2  0 -2 -2  1  0 -2 -2 -1  0 -4 -1 -2    3  13  10  10   2   9  16   2   2   3   2   9   3   2   2   3   5   0   3   2  0.25 0.25
  187 S   -1 -2 -1 -1  1 -1 -2 -1  2  0 -1 -2  0  3 -2  1  2  2  2 -1    6   3   3   3   3   3   3   5   4   5   5   3   3  11   3  12  14   3   5   5  0.19 0.16
  188 M    0  0  0 -2  2  1 -2  0  2  0  0  0  1  1 -3  0  0 -2  1  0    6   6   6   0   6   6   0   6   6   6   6   6   6   6   0   6   6   0   6   6  0.05 0.11
  189 R   -2  5  2 -2 -6  1 -2  1  2 -2 -3  1  0 -5 -1 -1 -4 -5  0 -2    3  36  10   2   0   5   2  10   4   2   2   7   3   0   3   4   0   0   4   3  0.57 0.42
  190 L   -1  1  0 -1 -1  0  0  1  1 -1 -1  1  0 -1  1 -1 -1  1  0 -1    3   8   6   3   2   4   7  15   4   5   7   8   4   3   8   3   3   2   4   4  0.06 0.08
  191 H    0  1  1  1  2  1  1  0  2 -2 -3  1 -2 -3  1  0  0 -3 -2 -1    7   7   7   7   7   7   7   7   7   0   1   7   0   0   7   7   7   0   0   7  0.14 0.13
  192 L   -2  1  0 -3  1 -2 -1 -3 -2  0  2 -2  1  0  2 -1 -1  5  0  0    1   9   5   1   3   0   3   1   0   5  29   1   4   3  10   4   3   9   4   5  0.23 0.15
  193 P   -2 -3 -3 -2 -3 -2  1 -3 -3 -3 -3 -2 -3 -4  7 -2  1 -4 -3  1    1   1   1   1   0   1  11   1   0   1   1   1   0   1  57   1  11   0   0  11  1.26 0.31
  194 F    0 -2 -2 -3  3  1 -2  0 -2  1  0  0  2  1 -3 -1  0  4  2  0    8   0   0   0   7   7   0   8   0   8   8   8   7   7   0   1   8   7   7   8  0.14 0.15
  195 G    1  0 -2 -2  2 -2 -2  4 -3  0 -2  0 -2  1 -3  0  0 -3 -2  0   10   5   0   0   5   0   1  36   0   8   1   7   0   8   0   7   5   0   0   5  0.30 0.19
  196 I    0 -2 -2 -2  3 -2 -2  0 -2  1  1 -2  2  1 -2  0  1 -2 -1  1   10   0   0   0   9   0   1  10   0  10  10   1   9   9   0  10  10   0   0  10  0.11 0.09
  197 A    3 -3 -3 -3  2 -2 -2  0 -3  0 -1 -2  1  1 -3  0  0 -3  1  0   45   0   0   0   5   0   0   6   0   6   5   0   5   7   0   5   5   0   5   7  0.28 0.21
  198 Q   -1 -1  0 -2  0  6  0 -4 -2 -1 -2  1  0 -4 -1  0 -1 -4  0 -1    3   0   3   0   3  56   3   0   0   3   2   5   3   0   3   6   3   0   3   4  0.76 0.43
  199 I   -1 -3 -1  1 -3  0 -1 -4  1  5  0 -1  1  0 -4 -1 -1 -4  0  1    3   0   3  10   0   4   3   0   3  43   4   3   4   3   0   3   4   0   3   6  0.37 0.19
  200 G    1 -4 -2  3 -4 -3 -3  6 -3 -4 -4 -3 -4 -4 -3 -2 -3 -4 -4 -4   13   1   1  15   0   1   1  62   0   1   1   1   0   0   1   1   1   0   0   1  1.14 0.30
  201 K   -1  2  0 -2 -1  0 -1 -2  0 -1  0  3  2 -1 -1 -1 -1 -2  1 -1    2  14   3   1   1   2   2   2   2   1  10  27  11   2   2   3   4   0   8   3  0.19 0.12
  202 S    2 -2  0 -1  1 -1  0  1 -2 -1 -2 -1  0 -2 -2  3  0 -3 -2  1   26   1   3   1   3   1   7   8   0   1   1   1   3   1   1  29   1   0   1  12  0.25 0.15
  203 F    0 -2 -2 -3 -2 -1 -2 -1  4  1  0 -2  1  4 -3 -2 -2  2  3  0    8   0   0   1   0   3   1   4  16  12   4   1   7  25   0   1   1   3  10   3  0.24 0.10
  204 R   -1  5 -1 -2 -3  0 -1 -2 -1 -3 -2  1 -2 -3  3  1 -1 -3 -2 -2    1  52   1   1   0   1   1   1   0   1   1   1   0   1  17  17   1   0   1   1  0.60 0.16
  205 N   -1  2  2 -1 -2  2  0 -1 -1  0 -1  1 -1 -2 -1  1  0 -2 -2 -1    1  13  13   1   0  13   1   1   0  13   1  13   0   0   1  13   1   0   0   1  0.08 0.06
  206 E    0 -1  0  2 -2  0  3  2 -1 -3 -3  0 -2 -3 -1  1 -1 -2 -2 -2    1   1   1  11   0   1  36  24   0   1   1   1   0   1   1  17   1   0   1   1  0.35 0.07
  207 I   -1 -1 -2 -2 -2  0 -2 -1 -2  3  2  0  2 -1  0 -1  0 -2 -1  1    1   1   1   1   0   4   1   4   0  35  15   8  11   1   4   1   4   0   0   5  0.12 0.08
  208 T    0  0  0  0 -3  0 -1 -2 -1 -1 -3  2 -1 -2 -2  2  3 -4 -3 -1    8   5   3   5   0   3   0   0   1   4   0  17   1   1   0  24  22   0   0   5  0.28 0.20
  209 P    1 -3 -3 -3 -3  1 -2 -2 -1  0 -1 -2  1 -2  6  1  0 -4 -3  0   11   0   0   0   0   6   0   1   1   5   3   1   5   1  39  13   4   0   0   9  0.68 0.28
  210 G   -2  5  0 -2 -4  1  0  1  2 -4 -2  1 -3 -4 -3  0  0  3 -3 -4    0  38   4   0   0   5   6  11   6   0   5   8   0   0   0   5   5   5   0   0  0.51 0.30
  211 N   -1  1  3  1 -4  2  1 -1  3 -3 -2  1  0 -4  0  0 -1 -4 -2 -3    4   7  17   6   0  13  10   5  11   0   4   9   4   0   4   4   4   0   0   0  0.30 0.21
  212 F   -1 -2 -1 -3 -4 -1  0  3  0 -2 -2 -3  0  5 -4  0 -1  3  1 -2    5   2   2   0   0   2   8  23   2   2   2   0   2  28   0   7   3   5   5   2  0.40 0.29
  213 I    0  0 -2 -2 -2  1 -1  0  2  0  0  0  1  1  1  0  0 -2  1  0    7   7   0   0   0   7   0   7   6   7   7   7   6   6   7   7   7   0   6   7  0.06 0.11
  214 F    0 -2  0 -3  0 -2 -2 -3  0  1  1  0  2  4 -3  0  1 -2  1  0    7   0   4   0   2   0   2   0   2   8  13   6   7  21   0   6   9   0   4   6  0.18 0.16
  215 R   -3  6 -3  0 -5 -2  0 -4 -3 -4 -1  1 -3  0  3 -3 -3 -5 -4 -4    0  56   0   5   0   0   7   0   0   0   7   4   0   4  14   0   0   0   0   0  1.01 0.47
  216 T    0  0 -1  0  2  1 -1  0  2  0  0  0  1  0  1  0  0 -3 -1  0    6   6   0   6   6   6   0   6   6   6   6   6   6   6   6   6   6   0   0   6  0.04 0.10
  217 R   -1  3 -2 -2  1 -1  0 -3  3  0  0  0 -1  0  2 -2  0  5 -1 -1    4  19   0   0   4   0   8   0   9   6   8   4   0   5  11   0   6   9   0   4  0.24 0.17
  218 E    0  1 -1  1 -2  2  1  1 -1 -2 -1  1 -1 -2 -2  1 -1 -3 -2 -2   11  11   0  11   0  10  11  11   0   1  11  11   0   0   1  11   1   0   0   1  0.15 0.07
  219 F   -2 -2 -2 -3 -2 -2 -1 -3 -2  1  0 -2  1  3  2  0  0  5  2  1    1   0   0   0   0   0   5   1   0   9   5   1   4  21  10   7   6   9   6  13  0.28 0.15
  220 E    0  0  0  0  2  1  0  0  2  0 -1  0  1 -2  1  0  0 -3  1  0    6   6   5   6   5   5   6   6   5   6   6   6   5   0   6   6   6   0   5   6  0.04 0.08
  221 Q    0 -1 -1  1 -2  1  1 -2  2  1  0 -1  2 -2 -2  0 -1 -3 -1  1   10   0   0  10   0   9  10   1   9  10  10   1   9   0   0  10   1   0   0  10  0.10 0.10
  222 M    0 -2  1 -2  2  1 -2  0  2  0  0  0  1  1 -3  0  0  4 -1  0    7   0   7   0   6   7   0   7   6   7   7   7   6   6   0   7   7   6   0   7  0.10 0.15
  223 E    1 -1  2  2 -2  0  1 -1 -1 -1 -2  1 -1 -2 -1  1  1 -3 -2  0   12   1  12  12   0   0  12   1   0   1   1  12   0   0   1  12  12   0   0  12  0.16 0.07
  224 I    0 -2 -1  0  2  1  0  0  2  0  0  0  1  1 -2  0  0 -2  1  0    6   0   0   6   6   6   6   6   6   6   6   6   6   6   0   6   6   0   6   6  0.04 0.11
  225 E   -3 -2 -2 -2 -5  4  5 -4  3 -4 -4  2 -3  1 -3  0 -3 -4 -3 -4    1   0   0   1   0  22  37   1   8   0   1  11   0   8   0   8   1   0   0   1  0.84 0.37
  226 F   -1 -2  0 -2 -2  1  1 -3  3  0 -1  0  1  2 -2 -1 -1  2  2  1    5   1   5   1   0   8   9   1  10   5   5   5   4   9   1   5   1   4   9  17  0.14 0.11
  227 F    2  1 -3 -4 -3 -3 -3 -3 -2 -2  0 -3 -2  6 -3 -2 -3 -1  4 -2   18   9   1   1   0   0   1   1   0   1  10   1   0  42   1   1   1   0  12   1  0.75 0.28
  228 L    0  0 -2 -2  2 -2  0  0  2  0  0 -2  1  1 -3 -2  0  4  1  0    7   7   0   0   6   0   7   7   6   7   7   0   6   6   0   0   7   6   6   7  0.07 0.16
  229 K   -1  0  1  3 -4  0  0 -1  1 -1 -2  2  0 -1  0 -1  0 -4  0 -1    3   5   7  19   0   3   6   3   4   3   4  14   3   3   4   4   7   0   3   4  0.18 0.18
  230 E   -1 -2 -1  0  1  0  1 -1  0 -2 -3  0 -4 -2  6 -1 -2 -5 -4 -4    4   2   2   5   3   4   8   4   2   2   3   7   0   2  45   4   3   0   0   0  0.90 0.51
  231 E   -1 -1  1  2 -4  0  2  2  0 -2 -3  0 -1 -3 -2 -1 -1  3  1 -3    4   2   7  14   0   4  18  15   2   2   2   7   2   0   2   4   2   4   6   2  0.27 0.25
  232 I   -1 -2  0  4 -4  1  2 -3  0  1 -2  0 -1 -2 -2 -1  1 -4 -2  1    3   1   4  22   0   5  16   2   2   9   4   6   2   1   1   2   8   0   1  10  0.28 0.27
  233 A    1 -1 -1  2 -3  0  0 -1 -1  1 -2  2 -1 -1  0  0  0  4 -2 -1   15   1   3  11   0   3   7   3   1   8   4  14   2   2   4   8   4   6   1   4  0.15 0.19
  234 Y   -1  0  3  2 -2  1  2 -2  1 -3 -2  1  0 -1  0  1 -1  2 -1 -2    4   4  13  10   1   4  14   1   3   1   4  10   3   2   4  10   4   3   1   2  0.22 0.22
  235 D   -1  0  0  0  2  0  0 -1  2  0 -1  0  2  1  0 -1  0  4  1 -1    5   5   5   5   5   5   5   5   5   5   5   5   5   5   5   5   5   5   5   5  0.09 0.08
  236 V   -1  0  0  0  2  0  0 -1  2  0 -1  0  2  1  0 -1  0  4  1 -1    5   5   5   5   5   5   5   5   5   5   5   5   5   5   5   5   5   5   5   5  0.09 0.08
  237 F   -2 -1 -1 -1  1 -1 -1 -2  3  0 -1  1  1  4  0 -2 -1  5  2 -1    3   4   3   3   3   3   5   3   6   5   6   8   4  15   5   3   4   7   6   4  0.30 0.21
  238 D   -1 -1  0  2  0  1  2 -2  2 -1  0  0  0  3 -2 -2 -2  1  0 -2    5   3   5  12   2   5  11   4   5   3  10   5   3  10   2   3   3   2   3   3  0.16 0.14
  239 K    0  0  0  0 -3  1  0  0  2 -2 -1  0  1  1  0  0  0  3  1 -1    6   6   5   6   0   5   6   6   5   0   6   6   5   5   6   6   6   5   5   6  0.08 0.12
  240 Y   -1  0  0  0  2  0  0 -1  2  0 -1  0  2  1  0 -1  0  4  1 -1    5   5   5   5   5   5   5   5   5   5   5   5   5   5   5   5   5   5   5   5  0.09 0.08
  241 L    0  0  0  0  2  0  0 -1 -2  0 -1  0  1  0  0  0  0  3  1  0    5   5   5   5   5   5   5   5   0   5   5   5   5   5   5   5   5   5   5   5  0.05 0.08
  242 N    0  0  1  1 -4  1  2 -1  0  1  0  1  2 -1 -1 -1 -1 -4  0 -1    7   5   7   8   0   6  12   4   2   9   7   8   6   2   2   5   2   0   3   4  0.10 0.14
  243 Q    1  1 -1  0  0  2  2 -1  0 -2 -2  1  0  0 -1 -1 -1  3  0 -1   12   6   3   5   2   8  15   4   3   3   3   9   2   4   2   3   3   5   4   4  0.15 0.18
  244 I   -1  0  0  0  2  0  0 -1  2  0 -1  0  1  0 -3  0  0  3  1  0    5   5   5   5   5   5   5   5   5   5   5   5   5   5   0   5   5   5   5   5  0.06 0.10
  245 Q   -1 -1 -1 -2  3  1  0 -2  1  0  0  0  2  0 -2  0  0  4  3 -1    5   4   3   3   6   6   5   3   4   4   8   5   5   4   2   7   6   6   9   4  0.15 0.16
  246 N   -1  0  2  1 -4  2  1 -2  1 -2 -1  2  0 -1 -2  0 -1  2  2 -2    6   5   8   6   0  10   7   2   4   2   5  14   3   2   2   6   4   3   6   3  0.17 0.20
  247 W   -2  0  0  0 -1  0  0 -4  0 -1  0  0  1  4 -3 -3 -2  8  0 -3    3   5   5   5   1   5   5   2   2   3   8   5   4  13   2   2   3  20   3   3  0.73 0.45
  248 L   -1  0  0  0  2  0 -2 -1  2  0 -1  0  1  1  0  0  0  3  1  0    5   5   5   5   5   5   0   5   5   5   5   5   5   5   5   5   5   5   5   5  0.06 0.11
  249 V    0  0  0  0  2  0  0  0  1  0 -1  0  1  0 -2  0  0 -2  1  0    6   6   5   6   5   5   6   6   5   6   6   6   5   5   0   6   6   0   5   6  0.03 0.07
  250 T   -1  0  0  0  2  0  0 -1  2  0 -1  0  2  1  0 -1  0  4  1 -1    5   5   5   5   5   5   5   5   5   5   5   5   5   5   5   5   5   5   5   5  0.09 0.08
  251 C   -1  0  0 -1  1  0  0 -1  0  0  1  0  0  1 -1 -1  0  3  0  0    5   4   3   3   4   4   8   3   2   7  13   9   2   6   2   4   5   4   3   8  0.03 0.06
  252 C    0 -1  0 -2  1  0 -1  0  0  1  1  0  1  0 -3 -1  0  2  0  0    8   3   5   0   4   5   5   6   3  11  16   6   4   4   0   3   6   3   3   4  0.04 0.08
  253 G    0  0  1  0  2  1  0  0  2  0 -1  0 -1 -2  1  0  0 -3 -2  0    6   6   6   6   6   6   6   6   6   6   6   6   0   0   6   6   6   0   0   6  0.07 0.08
  254 L    0  0  0  0  2 -1  0  0  2  0  0 -2  1  1  1 -1  0 -2  1  0    6   6   6   6   6   0   6   6   6   6   6   0   6   6   6   0   6   0   6   6  0.04 0.11
  255 D   -1  1  2  3 -1 -1 -1 -1  1 -2 -2  2 -4 -4  3  0 -1 -5 -1 -3    5   6   9  20   2   2   2   4   4   2   4  12   0   0  15   6   3   0   2   2  0.35 0.30
  256 L    0  0 -1  0 -4  0  2 -2  0 -1 -2  2 -1 -2  4 -1 -1 -4 -1 -2    9   4   3   5   0   3  15   3   2   3   3  13   2   1  21   4   3   0   2   2  0.32 0.29
  257 N    0  0  0  0  2  0  0  0  1  0 -1  0 -1  0  1  0  0 -2  1  0    6   6   5   6   5   5   6   6   5   6   6   6   0   5   6   6   6   0   5   6  0.03 0.06
  258 N   -1  3  2 -1  0  1 -1 -2  1 -1 -1  2  0 -1 -1 -1 -1 -4  1 -2    4  18  10   3   3   5   3   3   4   3   7  14   3   3   3   4   3   0   5   3  0.20 0.21
  259 L    0 -2  1 -2  3  1 -2 -2 -2  1  0 -2  2  1  1  0  0 -2  1  0    8   0   7   0   7   7   0   1   0   8   8   0   7   7   8   8   8   0   7   8  0.10 0.13
  260 R   -2  4 -1  0 -4  0 -1 -1  2 -1 -2  2  1  0 -4 -1 -1  2  0 -1    3  29   3   4   0   3   3   4   6   3   3  14   3   3   0   4   3   3   3   4  0.36 0.27
  261 K   -2 -1 -2 -2 -4  0  0 -4  0  0  1 -1  0  5 -2 -2 -2  4  1  0    3   4   2   2   0   3   7   0   3   5  13   4   2  26   2   3   2   6   5   8  0.35 0.27
  262 H   -2  5  0 -1  0  0  0 -4  2 -1 -1  0  0  0 -4 -2 -2  1  2  0    3  30   4   3   2   4   5   0   4   4   6   5   2   3   0   3   2   2   9   8  0.37 0.29
  263 E   -2 -1  0  2 -5  1  4 -2  3 -2 -3  0 -1 -2 -1 -1  0  1  0 -1    3   3   3  10   0   6  31   2   7   2   2   4   2   2   3   4   5   2   3   5  0.39 0.31
  264 H    0 -1  1 -2 -2  1 -1 -2  2  1  0  0  2 -1 -2 -1  1 -2  2  1    9   0   9   0   0   9   1   1   9   9   9   9   9   0   0   1   9   0   9   9  0.09 0.12
  265 P   -1 -1 -1  1 -4  0  1  0  0 -1  1  1  2 -1  2  0 -1 -4 -1 -1    4   3   2  10   0   3   8   6   3   2  19   8   5   2  11   6   4   0   2   2  0.12 0.15
  266 K    0  0  0  0  2  0  0 -1  1  0 -1  0  1  0  0  0  0 -2  1  0    5   5   5   5   5   5   5   5   5   5   5   5   5   5   5   5   5   0   5   5 -0.00 0.06
  267 E    0  0  2  3 -1  0  3 -1  0 -1 -3  0 -1 -2 -3 -1  0  0 -3 -3    9   4  11  17   1   2  26   3   2   4   2   5   1   2   0   3   6   1   0   0  0.34 0.25
  268 E    0  0  1  2 -3  1  4 -1  0  0 -3  1 -2 -3 -2  0 -1 -4 -3  0    5   3   7  11   0   3  34   3   2   6   0   7   0   0   0   5   0   0   0  10  0.28 0.20
  269 L    0  1 -2 -3 -2 -1 -2  0 -2  1  2  1  2  1 -3 -1  0 -2 -1  0   10  11   0   0   0   0   0  10   0   8  25  10   7  10   0   0   6   0   0   5  0.12 0.12
  270 S    2  0 -2 -2  2  1  1  0 -2 -1 -2 -1 -2 -3  3  1  1 -4 -3 -1   23   5   0   0   5  10   8   6   0   5   0   0   0   0  18   7  10   0   0   5  0.29 0.16
  271 H    0 -3 -2 -3 -3 -2  0 -3  6  1  0 -2 -1  3  1 -2 -2 -3  0  1    9   0   0   0   0   0   5   0  32  11   6   0   0  19   7   0   0   0   0  11  0.46 0.24
  272 Y   -3 -4 -4 -5 -4 -3 -4 -5 -1 -2 -2 -4 -2  4 -4 -3  1  0  7  1    0   0   0   0   0   0   0   0   0   0   0   0   0  18   0   0  11   0  58  13  1.19 0.33
  273 S    3 -2  0 -3  1  2 -2 -2 -3  0 -3  2 -3 -4 -3  3 -1 -4 -3 -2   34   0   4   0   3   9   0   0   0   6   0  13   0   0   0  31   0   0   0   0  0.52 0.27
  274 K    0  0  0  0  2  1  0  0  2  0 -1  0  1  0 -3  0  0 -3  1  0    6   6   6   6   6   6   6   6   6   6   6   6   6   6   0   6   6   0   6   6  0.04 0.08
  275 K    1  0 -1  3  0  2  0  0  0  0 -3  0 -1 -2 -4 -1 -2  1  1 -1   12   5   2  22   2  11   4   8   2   5   2   4   2   2   0   3   2   2   6   5  0.23 0.22
  276 T    0 -2  1  1  3  1 -1  1  2 -1  0 -1 -1 -3 -2  1  1 -3 -2  0    9   0   9   9   9   9   0   9   9   0   9   0   0   0   0   9   9   0   0   9  0.14 0.13
  277 I    0 -3  0  0  2  0  0  0  2  0 -1 -2  1  1 -3  0  0  4  1  0    6   0   6   6   6   6   6   6   6   6   6   0   6   6   0   6   6   6   6   6  0.11 0.16
  278 D   -1  2  0  2 -3  0  2  1 -1 -3 -3  2 -2 -4  3  1 -1 -4 -3 -3    0  14   0  14   0   0  14  14   0   0   0  14   0   0  14  14   0   0   0   0  0.37 0.08
  279 F   -1  0  0 -3  2  0 -2 -1  2  0 -1  0  2  1  1 -2  0  4  1  0    6   6   6   0   6   6   0   6   6   6   6   6   6   6   6   0   6   6   6   6  0.11 0.17
  280 E   -2  0 -1 -1  0  1  6 -5  0 -1 -2 -1  1 -5 -4 -1 -1 -5 -1 -2    2   4   2   2   2   6  54   0   2   5   3   2   4   0   0   3   4   0   3   2  0.80 0.53
  281 Y    0 -2 -2 -3  3 -2  0  0  2  0  0  0  2  1 -3  0  0  4  2  0    7   0   0   0   7   0   7   7   7   7   7   7   7   7   0   7   7   7   7   7  0.13 0.17
  282 N   -1  0  0  0  2  0  0 -3  2  0 -1  0  1  0  0  0  0  3  1 -1    5   5   5   5   5   5   5   0   5   5   5   5   5   5   5   5   5   5   5   5  0.05 0.14
  283 F   -2 -1  0 -1  1 -1 -2 -2 -4  0  0 -1  1  4 -5  1  3  1  2 -1    3   4   4   4   3   2   3   3   0   5   8   3   3  16   0   9  16   2   8   4  0.26 0.25
  284 L   -2  0  0  0  1 -1  0 -1  0 -2 -3 -2  1  1  3  2  0  2  1 -2    4   5   4   5   3   3   7   5   3   3   3   3   3   5  15  15   6   3   4   3  0.23 0.22
  285 H   -1  0  0  0  2  0  0 -1  2  0 -1 -2  1  1  0  0  0  3  1  0    5   5   5   5   5   5   5   5   5   5   5   0   5   5   5   5   5   5   5   5  0.08 0.13
  286 G   -1 -1  0 -1 -5  0  0  5 -4  0 -4  0  1  0 -5 -1 -1 -5 -5 -1    4   4   4   4   0   4   6  42   0   6   1   5   4   4   0   4   4   0   0   4  0.57 0.37
  287 F   -1  0 -2  0  2  0  0 -1  2  0 -1  0  1  0  0  0  0  3  1  0    5   5   0   5   5   5   5   5   5   5   5   5   5   5   5   5   5   5   5   5  0.06 0.10
  288 S   -1  0  0  0 -2  0  1  0 -2  1 -1  1  0 -1  1  0  0  1 -2  1    3   3   4   3   0   4  12   6   0  13   3  14   2   3   5   9   3   2   0  10  0.06 0.10
  289 E   -2 -2 -2  2 -4 -1  5  0 -2 -3  0  1 -3 -4 -3 -2 -2 -4 -3 -3    1   1   1  10   0   0  54   9   0   1   9  10   0   0   1   1   1   0   0   1  0.76 0.30
  290 L    0  0 -2 -2  2 -1  0 -3 -2  0  0  0  2  1  1  0  0  4 -1  0    7   7   0   0   7   0   7   0   0   7   7   7   7   7   7   7   7   7   0   7  0.12 0.14
  291 Y    0 -2 -1 -2  3  0  2 -1 -1  0 -1 -1 -1 -1  0  0 -1  5  0  1   10   0   2   0   7   3  19   5   2   5   4   3   2   3   4   7   2   8   2  12  0.16 0.16
  292 G    0 -4  0 -3 -4 -3  0  6 -3 -5 -5 -3 -4 -4  0  0 -1  2  1 -4    8   0   5   0   0   0   6  57   0   0   1   0   0   0   4   5   3   3   5   1  0.91 0.41
  293 I   -1 -2  0 -2  2 -2 -2  0  1  2  1  0  2  1 -3 -1  0 -2  1  1    4   0   5   0   7   0   1   7   5  22  11   7   6   6   0   1   6   0   4   6  0.10 0.12
  294 A    3 -2  1  0 -2  1 -1  0  2 -2 -3  0 -2 -3 -2  1  1 -3 -2  0   34   0   7   5   0   6   1   5   7   0   1   7   0   0   0  11   9   0   0   6  0.26 0.20
  295 Y   -1 -2  1  2 -1 -1 -2 -3  1  0  1  0 -1  2 -1 -1 -1  1  3 -1    2   0  10  13   2   2   1   1   4   7  16   5   0  10   3   3   3   2  12   3  0.14 0.14
  296 R    0  6 -2 -3 -4  1  1 -1 -2 -4 -4  2 -3 -4 -3 -1  0 -4 -3 -4    8  49   0   0   0   5   8   5   0   0   1   9   0   0   0   4   5   0   0   1  0.75 0.37
  297 T    0  0  0  0 -2  1  0  0  2  0  0  0  1  1 -2  0  0 -2  1  0    6   6   6   6   0   6   6   6   6   6   6   6   6   6   0   6   6   0   6   6  0.04 0.07
  298 N    0  1  1  1  2  1  1  0 -1  0 -2  1 -1 -3 -2  0  0 -3 -2  0    7   7   7   7   7   7   7   7   0   7   1   7   0   0   0   7   7   0   0   7  0.06 0.10
  299 Y   -1  0  0 -3 -3 -2 -1 -1  4 -3 -3  0 -2  2 -3 -1 -2  3  5 -1    5   4   4   0   0   0   4   6  13   0   1   7   0  10   0   4   0   5  30   5  0.48 0.30
  300 D   -2 -2 -1  4 -3 -1  1 -3  2 -2 -3  1 -2  1 -2 -2 -2 -2  2  0    1   0   0  32   0   0  11   1   6   0   1  10   0   6   0   1   1   0   9  10  0.31 0.23
  301 L    0 -2  1 -2  3 -2 -2  0 -2  1  0 -2  1  1 -2  0  0 -2  1  0    8   0   7   0   7   0   0   8   0   8   8   0   7   7   0   8   8   0   7   8  0.04 0.12
  302 S    0  0  0  0  2  0  0  0  1  0 -1  0  1  0 -2  0  0 -2  1  0    6   6   5   6   5   5   6   6   5   6   6   6   5   5   0   6   6   0   5   6  0.03 0.07
  303 V    0  1  1 -2  1  3 -1 -1  0 -1 -1  1  0 -3 -3  1  0 -3 -3  0    8   7   8   0   3  15   2   4   2   4   6   8   2   0   0  13   6   0   0   7  0.13 0.18
  304 H    0 -2 -1 -2 -2  1  0  0  2  1  0 -1 -1  1 -2 -1  0 -1  2  0    9   0   0   0   0   9   9   9   9   9   9   0   0   9   0   1   9   0   9   9  0.07 0.10
  305 M    0  0  0  0 -2  1  0  0  2  0  0  0  1  1 -2  0  0 -2  1  0    6   6   6   6   0   6   6   6   6   6   6   6   6   6   0   6   6   0   6   6  0.04 0.07
  306 N   -1  1  0  0 -4  2  2 -2  1 -1 -1  3  0 -1  0 -1 -1 -4  0 -1    4   6   5   3   0   8  16   3   3   4   5  19   3   3   3   4   4   0   3   3  0.19 0.20
  307 L    2  0 -1 -2  0 -1 -1 -1  4 -2 -1  0  0  2 -3  0 -1  1  2 -1   18   4   2   2   2   2   4   4  12   2   6   6   3  11   0   5   2   2   7   3  0.20 0.22
  308 S   -1 -2 -2 -4 -1 -1 -4 -2 -1 -2 -3 -1  0 -1  0  5  1 -5 -1 -2    3   2   2   0   1   3   0   3   2   3   2   3   3   3   4  51   9   0   3   2  0.73 0.60
  309 K    0  0  0  0  2  0  0  0  1  0 -1  0 -2  0  0  0  0  3 -1  0    6   6   5   6   5   5   6   6   5   6   6   6   0   5   6   6   6   5   0   6  0.06 0.09
  310 K    0  0  0  0  1  1  1 -3  1  0 -1  2  1 -3  0  0  1 -3  0  1    6   4   4   4   3   7  10   0   3   6   3  13   5   0   3   7   8   0   3  10  0.10 0.15
  311 D    0  0  0  0  2  0  0  0 -2  0 -1  0  1 -2  0  0  0  3  1  0    6   6   5   6   5   5   6   6   0   6   6   6   5   0   6   6   6   5   5   6  0.06 0.11
  312 L    0 -2 -1  0  2  1  0  0  2  0  0  0  1  1 -2  0  0 -2  1  0    6   0   0   6   6   6   6   6   6   6   6   6   6   6   0   6   6   0   6   6  0.04 0.11
  313 T   -1  1  2  0  1  0  1 -2  1 -2 -2  1  0  1 -1  0  1 -5  1  0    5   9   9   5   3   4  10   3   3   3   4   7   3   5   3   6   7   0   5   6  0.12 0.12
  314 Y   -1  0  0  0  2  0  0 -1  2  0 -1  0  2  1  0 -1  0  4  1 -1    5   5   5   5   5   5   5   5   5   5   5   5   5   5   5   5   5   5   5   5  0.09 0.08
  315 F   -1  0  0  0  2  0  0 -1  2  0 -1  0  2  1  0 -1  0  4  1 -1    5   5   5   5   5   5   5   5   5   5   5   5   5   5   5   5   5   5   5   5  0.09 0.08
  316 D   -2  2 -1  3  1 -1  0 -2  2  0 -2  1  0 -5 -1 -1 -1  2  0  0    3  11   3  14   3   3   6   4   5   6   4   7   3   0   4   5   5   3   3   7  0.19 0.16
  317 E   -1  0  0  0  2  0  0 -1  2  0 -1  0  2  1  0 -1  0  4  1 -1    5   5   5   5   5   5   5   5   5   5   5   5   5   5   5   5   5   5   5   5  0.09 0.08
  318 E   -1 -1  0  1  1  1  3 -2  1 -1 -1  0  1  1 -1 -2 -1  2  2 -1    5   3   4   8   3   5  18   4   3   3   6   6   3   5   3   4   4   3   6   5  0.16 0.15
  319 T    0  0  0  0 -2  1  0  0  1  0 -1  0  1  0  1  0  0 -2  1  0    6   6   5   6   0   5   6   6   5   6   6   6   5   5   6   6   6   0   5   6  0.03 0.06
  320 K    0  0  0  0  2  1  0  0  2  0 -2  0  1  0  1  0  0 -3  1  0    6   6   5   6   5   5   6   6   5   6   0   6   5   5   6   6   6   0   5   6  0.05 0.10
  321 Q    0  0  0  0  2  0  0 -1  1  0 -1  0  1  0  0  0  0  3 -2  0    5   5   5   5   5   5   5   5   5   5   5   5   5   5   5   5   5   5   0   5  0.05 0.09
  322 K   -1  2  0  0 -4  1  0 -1  1  0 -1  2  0  0  0 -1 -1  3  0  0    4  10   3   4   0   6   5   4   4   5   5  17   3   3   5   4   4   4   3   6  0.12 0.16
  323 Y   -1  0  0  0  2  0  0 -1  2  0 -1  0  1  0 -3  0  0  3  1  0    5   5   5   5   5   5   5   5   5   5   5   5   5   5   0   5   5   5   5   5  0.06 0.10
  324 I    0  0  0 -2 -3  1  0 -1  2  0 -1  0  1  1  0  0  0  3  1  0    6   6   5   0   0   5   6   6   5   6   6   6   5   5   6   6   6   5   5   6  0.07 0.11
  325 P    0  1 -1  1  2  1  1  0 -2 -1 -1  1 -1 -3  1  0  0 -3 -2  0    8   8   0   8   7   7   8   8   0   0   8   8   0   0   8   8   8   0   0   8  0.11 0.10
  326 H   -1  0  0  0  2  0  0 -1  2  0 -2  0  1  0  0  0  0  3  1 -1    5   5   5   5   5   5   5   5   5   5   0   5   5   5   5   5   5   5   5   5  0.08 0.13
  327 V    0  0  0  0  2  1  0 -2 -2  0  0  0  1  1  1  0  0 -2  1  0    6   6   6   6   6   6   6   0   0   6   6   6   6   6   6   6   6   0   6   6  0.05 0.09
  328 I   -2  1 -1 -1  1  0  0 -2  1  1 -1  1  1  3 -1 -2  0  2  0  1    3   8   3   3   2   3   8   3   3   9   6   8   3  11   3   3   5   2   3   9  0.12 0.09
  329 E    0  0  0  0  2  1  0 -3 -2  0  0  0  1  1  1 -1  0 -2  1  0    6   6   6   6   6   6   6   0   0   6   6   6   6   6   6   0   6   0   6   6  0.06 0.11
  330 P    0  0  1  0  1 -1  0 -2  0  0 -1  2 -2  0  2  0  0 -3  0  0    7   4   7   4   3   0   5   0   3   8   6  16   0   5  12   5   6   0   3   6  0.11 0.14
  331 S    0  0  0  0 -2  1  0  0 -1  0  0  0  1  0  1  0  0 -2  1  0    6   6   6   6   0   6   6   6   0   6   6   6   6   6   6   6   6   0   6   6  0.03 0.06
  332 V    0  0  0 -1  0  0 -1 -1  0  0  0  0  2  1  0 -1 -1  2  1  1    7   4   5   3   3   5   4   4   3   5  11   5   6   5   6   4   3   2   4  11  0.05 0.05
  333 G    0  0  1  0 -3  1  0  0  2  0 -2  0  1  0 -2  0  0  4 -1  0    6   6   6   6   0   6   6   6   6   6   1   6   6   6   0   6   6   6   0   6  0.09 0.13
  334 V   -1  0  0  0  1  0  0 -3  0  0  0  2  0  0  0  0  0 -3  0  1    5   5   3   6   3   4   5   0   3   7  10  15   3   3   4   5   5   0   3  10  0.05 0.09
  335 E   -1  0  1  3 -4  0  2  1 -2 -1 -2  1 -3  0 -3 -1 -1  3 -3 -1    5   4   7  16   0   3  14  13   0   3   4  12   0   5   0   3   3   4   0   4  0.22 0.22
  336 R   -1  5 -3 -3 -4 -2  0 -1  1  0 -1  3 -3 -1 -4 -1 -2 -4 -3 -1    6  38   0   0   0   0   5   5   3   5   7  17   0   2   0   3   2   0   0   4  0.57 0.39
  337 L    0  0 -1 -2 -1 -1 -1  1 -1  2  1 -1  0 -1  1  0  0 -3 -2  0    5   7   2   2   1   2   3  11   2  18  12   4   2   2   7   9   4   0   0   6  0.07 0.12
  338 L   -1 -1 -1 -1 -1 -1 -2  1 -3  1  1  0  2  3 -1 -2  0 -3 -2  1    4   3   2   4   1   3   1  12   0   7  17   7   6  14   2   1   4   0   0  10  0.11 0.16
  339 Y    0  0  0 -2 -3  1  0 -1  2  0 -1  0  1  1  0  0  0  3  1  0    6   6   5   0   0   5   6   6   5   6   6   6   5   5   6   6   6   5   5   6  0.07 0.11
  340 A    2 -1  0 -1  2 -1 -1 -1  1  0 -1 -1  1  1  0  0  0 -3  0  0   23   4   4   3   4   3   4   4   3   5   4   4   3   6   4   7   7   0   3   5  0.10 0.15
  341 I   -1  0 -1 -1  0  0 -1 -2  0  1  1  0  1  2 -3 -1  0 -2  1  1    4   4   3   3   3   3   3   3   3  11  17   8   4   9   0   3   4   0   5   9  0.06 0.10
  342 L    0  0 -2 -2  2 -1  0  0 -2  0  0  0  1  1  1  0  0  4  1  0    6   6   0   0   6   0   6   6   0   6   6   6   6   6   6   6   6   6   6   6  0.08 0.13
  343 T   -1 -1  1  2  3  0  4 -2 -1 -1 -1  0 -1 -1 -1 -1 -1  1 -1 -2    4   2   7  11   6   3  27   3   1   3   5   5   2   2   2   5   3   2   2   3  0.29 0.27
  344 E   -1 -1  1  1  0  2  1 -1  4 -1 -1  0  0 -3 -1  0  0 -4  0 -1    5   3   6   9   3   9  10   3  14   5   5   3   3   0   3   8   4   0   3   3  0.18 0.19
  345 A    3 -1  0 -3  1 -2 -1 -1  2  0 -2  0 -3  1 -3  2  0 -4  0 -1   26   4   5   0   4   0   4   5   5   5   4   6   0   6   0  16   5   0   3   4  0.21 0.24
  346 T   -1 -1  0 -2 -4 -1 -2 -2  0 -1  0 -1  1  3 -1 -2 -1 -2  6 -2    4   3   5   2   0   2   3   4   2   4   8   4   4  14   4   3   4   0  29   2  0.46 0.35
  347 F   -1  1 -1  1  0  0  1 -2  2  0 -1  0 -2  1 -3  0  0  2  3  0    5   7   3   7   2   4   9   2   5   5   4   5   0   7   1   5   6   3  11   9  0.10 0.13
  348 I   -1  0 -1 -1  1  0  2 -1  0  1 -1  0  0 -1 -1  0  0 -3  1  1    3   5   3   3   4   4  15   3   3   8   5   6   3   3   3   5   7   0   5  11  0.06 0.10
  349 E    0  0  0  0 -2  1  0  0  1  0 -1  0  1  0  1  0  0 -2  1  0    6   6   5   6   0   5   6   6   5   6   6   6   5   5   6   6   6   0   5   6  0.03 0.06
  350 K   -1  0  0  2 -4  1  3 -1  0 -2 -2  2  0 -2  0 -1  0  1 -1 -2    5   5   5  10   0   4  22   4   2   2   3  12   3   2   4   4   6   2   2   3  0.21 0.22
  351 L    0  0  0  0 -2  0  0  0  1  0 -1  0  1  0  0  0  0 -2  1  0    5   5   5   5   0   5   5   5   5   5   5   5   5   5   5   5   5   0   5   5  0.00 0.06
  352 A    0  0  0  0  2  0  0 -1  1  0 -1  0  1  0  0  0  0 -2  1  0    5   5   5   5   5   5   5   5   5   5   5   5   5   5   5   5   5   0   5   5  0.03 0.05
  353 N    0  0  0  0  2  0  0 -1  1  0 -1  0  1  0  0  0  0 -2  1  0    5   5   5   5   5   5   5   5   5   5   5   5   5   5   5   5   5   0   5   5  0.03 0.05
  354 D    0  0  1  0 -3  1  0  0  2  0 -1  0  1 -2  1  0  0  3 -2  0    6   6   6   6   0   6   6   6   6   6   6   6   6   0   6   6   6   6   0   6  0.08 0.11
  355 E   -1  0  0  3  1  0  3 -1  1 -1 -2  0 -3 -3  0  0 -1 -4  0 -1    4   4   4  15   3   3  25   5   4   3   3   6   0   0   4   5   4   0   3   4  0.25 0.24
  356 D    0  0  0  2 -3  1  1  0 -2 -1 -1  1  0 -2  0  0  1  2  1 -1    5   4   4  11   0   5  11   8   0   3   4   8   3   0   4   5  11   3   6   5  0.09 0.13
  357 R    0  0  0  0  2  1  0  0 -2 -2 -1  0  1 -2  1  0  0  3  1 -1    6   6   6   6   6   6   6   6   0   0   6   6   6   0   6   6   6   6   6   6  0.09 0.13
  358 I   -1  0  1  1  1  0  1 -1  0 -1 -2  1  1 -1  0  0  1 -3  1  0    4   4   6   6   3   4  11   3   3   4   3   8   4   3   4   7  11   0   6   8  0.07 0.11
  359 L    0 -2  0 -3  3  1 -2 -3 -2  1  0 -2  2  1  1 -1  0  4  2  0    8   0   7   0   7   7   0   1   0   8   8   0   7   7   8   1   8   7   7   8  0.17 0.17
  360 M   -1 -1 -1 -1  1 -1 -1 -4  0  0  3  0  3  2 -4 -1 -1  2  0 -1    3   3   3   3   3   3   3   0   3   5  31   5   7   9   0   5   3   3   3   3  0.21 0.21
  361 N    0  1  0  1  1  1  1 -1  3 -3 -3  2  1 -4  0  1  0 -4 -3 -2    8   7   5   6   3   6  11   4   8   0   0  12   4   0   4  13   5   0   0   3  0.22 0.22
  362 L   -1 -4 -4 -4 -3 -4 -4 -1  1  1  3 -4  2  4 -4 -1 -1 -3  1  0    4   0   0   0   0   0   0   5   4   6  35   0   4  22   0   5   3   0   4   6  0.50 0.33
  363 K   -2 -1  0 -1 -5  0  0 -2  4 -1 -1  1 -1 -1  5 -1 -1 -5 -3 -3    2   2   4   3   0   4   7   3  10   4   7  10   1   2  29   5   4   0   0   2  0.52 0.35
  364 Y    0  0  0  0  2  0  0 -1  1  0 -1  0  1  0  0  0  0 -2  1  0    5   5   5   5   5   5   5   5   5   5   5   5   5   5   5   5   5   0   5   5  0.03 0.05
  365 D   -1  1  2  0  1  0  1 -2  2  0 -2  1  0  0 -1  0 -1  2  0 -1    6   9   8   6   3   3   9   4   5   5   4   9   3   3   3   7   4   3   3   4  0.10 0.10
  366 L    0 -1 -1 -2 -2  1  0  0 -2  1  0  0  2  1 -2  0  1 -2 -1  0    8   0   0   0   0   8   8   8   0   8   8   8   8   8   0   8   8   0   0   8  0.05 0.09
  367 A    3 -2  0  0  0  0  0 -1 -2 -1 -1 -2  0  0 -2  0  0 -3 -2  0   39   0   6   6   2   5   4   3   0   3   5   1   2   6   0   6   3   0   0   8  0.19 0.18
  368 P   -1 -3  0 -2 -4  0  0 -1 -3 -3 -3 -1  2 -4  6 -1  1 -4 -4 -3    4   0   6   0   0   4   5   5   0   0   1   4   6   0  50   4   9   0   0   1  1.00 0.39
  369 Y   -2 -2 -2 -2  0 -2 -2 -2  1  3 -1 -1 -1  2 -4 -1  1  0  4  1    2   2   2   2   2   1   2   4   3  18   4   4   1   8   0   6   9   1  19  11  0.29 0.24
  370 K   -2  0 -1  3 -5  2  2 -3  0 -3 -2  4 -2 -1 -1 -2 -1  1 -1 -3    1   4   2  16   0   7  12   1   2   2   3  33   1   2   3   2   3   2   2   2  0.49 0.34
  371 I    2 -4 -1 -5  5 -4 -4  0 -4  1  0 -4  0  1 -4 -2 -2 -4 -1  4   17   0   3   0  12   0   0   6   0   8   8   0   2   6   0   1   1   0   2  32  0.54 0.34
  372 A    4 -3 -1 -1  4 -2 -1  1 -2 -2 -2 -1  1 -3 -2  1  0 -4 -3 -1   36   0   3   3  10   1   3   8   1   2   3   4   5   1   1  10   5   0   1   4  0.40 0.29
  373 V   -3 -5 -5  0 -4 -5 -5 -5  1  3  0 -5  0  1 -5 -4 -1 -5 -4  6    2   0   0   6   0   0   0   0   3  14   6   0   1   6   0   0   4   0   0  56  1.02 0.50
  374 M   -2 -4 -4 -4 -1 -4 -1 -4  0  0  4 -4  1  5 -4 -1 -2 -3  1 -1    2   0   0   0   2   0   5   1   2   3  37   0   3  29   0   6   2   0   3   3  0.66 0.37
  375 P   -3 -2 -2 -4  0 -3 -1 -2 -5 -1 -3 -2 -4 -5  7 -2  0 -6 -2 -3    1   3   2   0   2   1   3   4   0   4   3   2   0   0  62   3   6   0   1   2  1.47 0.63
  376 L   -3 -5 -2 -5 -4 -3 -5 -6 -1  2  5 -4  0  0 -5 -2 -2 -1 -3 -1    1   0   2   0   0   1   0   0   1   9  70   1   1   3   0   4   3   1   0   1  1.04 0.53
  377 V   -1 -1  0 -1 -1  0 -1 -3 -3  0  1  0  3 -2 -1  2  1 -4 -2  2    3   3   4   3   1   4   4   1   0   4  11   5  11   1   2  19   9   0   1  16  0.18 0.21
  378 N    0  2  3  0 -3  0  1 -2  0 -3 -4  4 -2 -5 -2  2 -1 -5 -4 -4    7   9  16   4   0   4   8   1   2   2   1  28   1   0   2  14   2   0   0   0  0.48 0.34
  379 K   -3  2  3 -1 -5  1  1 -4 -2 -5 -5  5 -3 -6 -3  0 -1 -6 -5 -5    1  12  16   2   0   6   9   1   1   0   0  41   1   0   1   6   3   0   0   0  0.86 0.50
  380 L   -4 -3 -2 -3 -4 -2 -3 -6 -3  2  4 -1  3  3 -3 -4 -4 -4  1 -1    1   1   2   2   0   2   2   0   1  11  44   4   8  14   1   0   0   0   4   2  0.70 0.42
  381 K    0 -1  1  0 -1 -1  0 -2  1  0 -1  1  1 -2  2 -1  1 -4 -2  2    7   3   7   6   1   2   6   2   4   6   3   8   4   1  12   3   9   0   1  16  0.13 0.15
  382 E   -1 -1  0  0 -6  1  5 -2 -2 -5 -4  1 -3 -4  3  0 -2 -6 -5 -2    5   3   4   5   0   6  36   2   1   0   1   8   0   0  16   7   2   0   0   4  0.65 0.44
  383 K   -2  0 -2  0 -3 -1 -1 -3  0  3  0  3  1  1 -2 -2  0 -4 -1  1    2   3   1   5   0   2   3   2   3  22   9  22   3   7   2   1   5   0   1   7  0.23 0.24
  384 A    5 -4 -3 -3 -1 -2 -1  1 -5  0 -3 -4  0 -5 -3  1  0 -5 -5  2   49   0   1   1   1   1   4   9   0   4   2   0   2   0   1   8   4   0   0  13  0.65 0.45
  385 E   -2  3  0 -1 -5  2  1 -2  1 -3 -1  3  0 -3 -3 -1 -1  0  1 -2    3  20   4   3   0   9  11   3   3   1   5  18   2   0   1   5   4   2   5   2  0.34 0.28
  386 A    0  2  0  0 -5  1  4 -3 -1 -2 -3  3 -2 -4 -2 -1 -2 -5 -4 -2   10   9   5   5   0   6  28   1   1   3   2  18   1   0   1   4   2   0   0   3  0.46 0.35
  387 V   -2 -6 -6 -7 -2 -6 -6 -7 -6  6  3 -2 -1 -2 -6 -5 -2 -6 -5  4    2   0   0   0   1   0   0   0   0  43  23   3   1   1   0   0   3   0   0  23  1.18 0.57
  388 Y    0  0 -3 -3 -1  0 -1 -3  3 -1  0  1  0  2 -4  0 -1  0  4  0    7   5   0   1   1   3   4   1   7   3   7  11   3  10   0   9   3   1  18   6  0.27 0.24
  389 N    1  2  2  2  0  1  2 -2  1 -3 -2  1 -2 -4  0  0 -1 -2 -4 -3   10  11   9  11   2   6  15   2   3   1   5  10   1   0   5   6   2   1   0   0  0.26 0.23
  390 K    0  1  0  2 -3  1  2 -1  0 -2  0  1  0 -1 -3  0  0 -1 -1 -1   10   7   4  10   0   4  15   3   2   2   8  10   3   2   0   8   5   1   2   3  0.13 0.14
  391 I   -4 -6 -4 -8 -2 -6 -7 -8  0  0  6 -7  3  0 -7 -5 -4 -6 -5  0    1   0   1   0   1   0   0   0   3   5  72   0   7   4   0   1   1   0   0   5  1.50 0.72
  392 L   -1  3 -2 -2 -1  1  0 -3 -1  0  1  2  0 -3 -3  0  1 -2 -3  0    4  18   1   2   2   6   5   1   1   5  14  13   3   1   1   7   9   0   1   6  0.20 0.19
  393 D    1  3 -1  1 -5  1  2 -2  0 -5 -4  4 -4 -5 -4  0 -2 -6 -3 -3   10  16   2   8   0   5  15   3   2   0   2  25   0   0   0   8   2   0   1   1  0.52 0.37
  394 L    1  0  1  0 -1  0  1 -1  1 -2 -1  1  0  0  1  0 -1 -2  0 -1   11   5   8   3   1   4   9   4   4   1   7  12   3   4   7   7   3   0   3   4  0.07 0.09
  395 N   -2  1  2  2 -2 -2 -1  4  2 -4 -4  0 -3  1 -3  0 -3 -2 -1 -3    2   7   9  11   1   1   3  34   6   1   1   5   0   7   1   6   1   0   2   1  0.53 0.34
  396 I   -4 -6 -4 -6 -1 -6 -5 -3 -2  4  2 -5  0  5 -4 -4 -2  3  2  1    1   0   1   0   1   0   1   2   1  26  16   1   2  25   1   1   3   4   6   8  0.90 0.48
  397 S    0  1  2  0 -3 -2  0 -2 -1 -2 -2 -1  1 -1  2  3  1 -3 -1 -1    6   7  10   6   0   1   5   2   1   1   3   4   4   3   9  21   9   0   2   4  0.22 0.23
  398 V    1 -3 -3 -5  4 -4 -5 -5  3  2 -2 -4 -2 -1 -5  1  1 -5  1  4   11   1   1   0   9   0   0   0   6  10   2   0   1   3   0   9   8   0   4  32  0.64 0.42
  399 T   -2  1 -1  1 -3  1  1 -3 -1  1 -1  2  0  2 -3 -1  0 -4  1  1    3   7   2   7   0   7   9   1   1   8   4  14   2   9   1   3   7   0   5  11  0.16 0.18
  400 F   -5 -5 -7 -6 -3 -5 -5 -6 -1  2 -1 -6 -1  3 -7 -4 -3  3  8  3    1   1   0   1   0   1   1   0   1  10   6   0   2   9   0   2   2   4  45  16  1.46 0.72
  401 D   -7 -5 -2  8 -9 -4  2 -5 -6 -8 -7 -4 -8 -9 -7 -2 -5 -9 -8 -6    0   1   2  79   0   1  12   1   0   0   0   1   0   0   0   3   1   0   0   1  2.42 1.07
  402 N   -1 -2 -1  5 -3  0  4 -4 -2 -2 -5 -2 -4 -5  0  0  0 -7 -4 -2    5   2   2  31   1   3  28   1   1   3   1   2   0   0   4   6   6   0   1   3  0.75 0.48
  403 S    1 -1  0 -2 -5 -2 -3 -1 -5 -5 -6  1 -5 -6 -5  5  3 -7 -6 -4   10   3   4   2   0   2   1   4   0   1   0   9   0   0   0  47  16   0   0   1  0.95 0.61
  404 G    0 -4 -3 -1 -1  0 -4  6 -3 -7 -6 -5 -6 -1 -6 -1 -1 -6 -3 -3    7   1   1   3   1   4   1  65   1   0   0   0   0   3   0   4   3   0   1   2  1.36 0.68
  405 S    2 -4  2 -2 -6 -3 -5 -1 -5 -7 -7 -3 -3 -5 -4  6  1 -7 -5 -6   15   1   8   2   0   1   0   5   0   0   0   1   1   0   1  58   7   0   0   0  1.26 0.74
  406 I   -6 -7 -8 -8 -6 -7 -8 -8 -8  8 -2 -2 -4 -5 -7 -7 -6 -7 -6  0    0   0   0   0   0   0   0   0   0  88   2   3   0   0   0   0   0   0   0   5  2.58 0.96
  407 G   -5 -8 -6 -7 -8 -1 -4  8 -7 -9 -9 -7 -8 -9 -8 -6 -7 -8 -9 -9    0   0   0   0   0   3   2  96   0   0   0   0   0   0   0   0   0   0   0   0  2.82 1.08
  408 K   -4  6 -4 -6 -8 -4 -5 -6 -6 -8 -8  7 -6 -8 -7 -4 -6 -8 -7 -8    2  42   1   0   0   0   0   0   0   0   0  54   0   0   0   1   0   0   0   0  2.17 0.93
  409 R   -4  8 -4 -7 -3 -2 -2 -7 -5 -7 -3  1 -3 -8 -7 -4 -6 -8 -7 -2    2  78   0   0   1   2   2   0   0   0   3   8   1   0   0   1   0   0   0   3  2.19 0.92
  410 Y   -8 -8 -8 -9 -8 -7 -8 -9 -4 -7 -7 -8 -7 -3 -9 -7 -2 -4 10 -7    0   0   0   0   0   0   0   0   0   0   0   0   0   0   0   0   3   0  97   0  3.84 1.39
  411 R    5  5 -5 -6 -6 -3 -5 -5 -5 -5 -4 -1 -3 -4 -6  0 -4 -3  0 -3   47  34   0   0   0   1   0   0   0   0   1   3   0   1   0   6   0   0   4   2  1.29 0.68
  412 R   -4  8 -6 -7 -8 -3 -4 -7 -3 -4 -6  1 -4 -6 -7 -2 -6 -8  0 -5    1  80   0   0   0   1   1   0   1   1   0   6   0   0   0   4   0   0   3   1  2.31 0.96
  413 Q    2 -4  0 -4  2  5 -3 -3  2 -4 -3 -3  3 -2 -5  0  2 -6 -1 -2   18   0   5   0   4  31   1   1   5   1   2   0   7   1   0   6  14   0   2   2  0.74 0.50
  414 D   -4 -7 -4  9 -9 -6 -2 -5 -7 -9 -9 -6 -9 -9 -7 -6 -7 -10 -9 -9    1   0   0  97   0   0   1   1   0   0   0   0   0   0   0   0   0   0   0   0  3.13 1.16
  415 A   -1 -4 -4 -3 -8 -2  8 -5 -5 -7 -6 -2 -5 -4 -6 -4 -3 -8 -7 -5    6   0   0   0   0   1  83   1   0   0   1   2   0   1   0   1   2   0   0   1  2.14 0.95
  416 I   -1 -5 -6 -7 -3 -4 -7 -7 -7  7  2 -4 -1 -3 -5 -6 -4 -7 -5  2    5   0   0   0   1   1   0   0   0  61  15   1   1   0   0   0   0   0   0  13  1.51 0.65
  417 G   -1 -7 -5 -6 -8 -7 -7  8 -7 -9 -9 -7 -8 -8 -7 -4 -7 -8 -8 -8    4   0   0   0   0   0   0  95   0   0   0   0   0   0   0   1   0   0   0   0  2.73 1.00
  418 T   -3 -6 -5 -6  0 -6 -6 -7 -7  4 -4 -6 -3 -4 -6 -4  6 -7 -6  3    1   0   0   0   2   0   0   0   0  24   0   0   0   0   0   0  51   0   0  22  1.56 0.73
  419 I   -3 -4 -6 -7 -5 -6 -6 -6 -5 -6 -6 -1 -4 -4  8 -3 -5 -8 -2 -7    2   1   0   0   0   0   0   0   0   0   1   4   0   1  86   2   0   0   2   0  2.75 1.05
  420 Y   -4 -6 -7 -8 -5 -7 -7 -7 -3 -2  0 -4 -3  8 -8 -6 -5  4  6 -3    2   0   0   0   0   0   0   0   1   2   9   1   0  52   0   0   0   4  25   2  1.91 0.75
  421 C    3 -7 -6 -5 10 -6 -6  1 -7 -4 -3 -6 -4 -2 -6 -2 -3 -7 -3 -2   26   0   0   0  49   0   0  11   0   1   3   0   0   2   0   3   1   0   1   3  1.85 0.75
  422 I   -4 -7 -7 -7  0 -7 -7 -7 -7  7  0 -7 -2 -1 -7 -5 -4 -6 -5  5    1   0   0   0   2   0   0   0   0  54   6   0   1   2   0   1   0   0   0  34  1.64 0.65
  423 T   -4 -6 -5 -6 -2 -6 -6 -7 -7 -6 -6 -6 -6 -7 -4 -3  8 -8 -7 -2    1   0   0   0   1   0   0   0   0   0   0   0   0   0   1   1  94   0   0   3  2.67 1.06
  424 I   -4 -7 -7 -7 -2 -6 -7 -7 -7  5 -1 -6 -3  0 -7 -4 -4 -6 -1  6    0   0   0   0   1   0   0   0   0  34   5   0   0   4   0   1   0   0   2  54  1.56 0.64
  425 D   -7 -7 -4  9 -9 -5 -1 -4 -6 -8 -9 -6 -8 -9 -7 -5 -4 -9 -8 -8    0   0   0  95   0   0   3   1   0   0   0   0   0   0   0   0   1   0   0   0  2.97 1.05
  426 Y   -4 -4 -3  0 -6 -2 -3 -2  5 -5 -3 -2 -3  6 -1 -1 -4 -3  6 -3    1   1   1   6   0   1   2   4  12   0   1   2   0  35   3   6   0   0  23   1  1.12 0.52
  427 D   -3 -2 -1  5 -6  5  3 -4 -3 -5 -5  0 -5 -6 -4 -1 -1 -6 -5 -4    2   2   2  34   0  28  18   1   0   0   1   4   0   0   0   3   4   0   0   1  1.11 0.54
  428 S   -3 -4 -4 -5 -3 -4 -5 -3 -5 -5 -5 -4  1 -4 -5  4  7 -6 -3 -4    1   0   0   0   1   0   0   2   0   0   0   0   3   1   0  29  61   0   1   0  1.63 0.74
  429 F   -3 -4 -4 -4 -2 -4 -4 -3 -4  1  5 -4  1  0 -3 -4 -2 -3 -3  1    2   1   1   1   1   1   1   2   0   8  63   1   3   3   1   1   2   0   1  10  0.91 0.38
  430 G   -1  0  2  1 -2  0  3  0 -1 -2 -2  2 -2 -2 -1  0  0 -2 -2 -2    4   4  13   8   1   3  20   6   1   2   4  15   1   1   2   6   6   0   1   3  0.23 0.12
  431 D   -1 -1  0  6 -2 -1  1 -1 -1 -2 -2  0 -1 -2 -2 -1 -1 -1 -2 -2    4   2   4  43   1   3   6   4   1   2   4   5   1   2   2   5   4   1   2   3  0.56 0.19
  432 E   -1  0  3  3 -1  2  1 -1 -1 -2 -2  2 -2 -2  0 -1 -1 -2 -2 -2    5   5  13  17   1   9  11   3   1   3   3  12   1   1   5   3   3   0   1   2  0.27 0.13
  433 H   -1  0  0  1 -2  1  4 -1  0 -2 -1  1 -1 -2 -1  0  0 -2 -2 -1    4   5   3   6   1   7  29   5   2   2   5   7   1   2   3   6   7   1   1   4  0.24 0.11
  434 D   -1 -1  0  4 -1  0  0 -1 -1 -2 -2  0 -2 -2  2 -1 -1 -2 -1 -1    5   3   5  30   1   3   6   4   1   3   5   5   1   2  11   5   4   1   2   4  0.32 0.11
  435 P    0  0  3  0 -2  0  0  3  2 -2 -2 -1 -1  0 -1  0 -1 -1 -1 -2    5   4  15   5   1   4   4  22   7   2   5   3   1   4   3   7   3   1   2   3  0.19 0.08
  436 T    0 -3 -2 -3  1 -3 -4 -4 -4  0 -3 -2  0 -5 -4  2  6 -5 -4 -2    6   1   1   1   3   1   0   1   0   4   1   2   3   0   0  15  59   0   0   1  1.15 0.55
  437 F   -1 -6 -7 -7 -2 -6 -6 -7 -7  0 -3 -6 -3 -1 -6 -6 -4 -7 -3  7    5   0   0   0   1   0   0   0   0   3   1   0   0   3   0   0   0   0   1  85  1.99 0.78
  438 T   -4 -6 -5 -6 -2 -5 -6 -6 -6 -1 -6 -5 -2 -7 -6 -2  8 -7 -6 -5    0   0   0   0   1   0   0   0   0   3   0   0   1   0   0   1  93   0   0   0  2.54 1.00
  439 I   -3 -6 -7 -7 -4 -6 -6 -7 -6  5  3 -6 -1 -2 -6 -5 -4 -4 -4  4    1   0   0   0   0   0   0   0   0  35  32   0   1   1   0   0   0   0   0  30  1.27 0.53
  440 R   -6  9 -5 -7 -8 -4 -5 -7 -5 -8 -7 -3 -6 -8 -7 -3 -6 -8 -7 -8    0  98   0   0   0   0   0   0   0   0   0   0   0   0   0   2   0   0   0   0  3.07 1.07
  441 E   -5 -4  1  6 -2 -2  5 -5  2 -5 -5 -3 -4 -1 -5 -3 -4 -3  0 -6    0   0   6  39   1   1  37   0   4   0   1   0   0   3   0   1   0   0   4   0  1.29 0.59
  442 R   -3  8 -5 -6 -8 -4 -5 -7 -5 -2 -5 -2 -6 -7 -7 -4 -5 -8 -6 -6    2  93   0   0   0   0   0   0   0   3   1   0   0   0   0   1   0   0   0   0  2.70 0.97
  443 N   -6 -6  2  8 -8 -5 -2 -6 -4 -5 -7 -4 -7 -8 -5 -3 -4 -9 -8 -7    0   0   7  86   0   0   2   0   0   1   0   0   0   0   0   2   1   0   0   0  2.48 0.90
  444 T   -3 -5 -2 -1 -5 -4 -4 -4 -5 -6 -5 -3 -4 -6 -2  5  6 -7 -6 -5    0   0   1   3   0   0   0   0   0   0   0   1   0   0   2  45  46   0   0   0  1.54 0.73
  445 M   -1  0 -5 -6 -1 -1 -3 -1 -5 -3 -1  1  8 -2 -5 -3  2  4 -4 -4    4   5   0   0   2   3   2   6   0   0   4   8  44   2   0   1  15   5   0   0  1.12 0.57
  446 A    0  1  0  0 -5  2  3 -3 -2 -4 -2  4 -1 -5 -4  0  0 -5 -4 -1    7   6   3   4   0   8  22   1   1   0   3  28   1   0   0   6   4   0   0   5  0.48 0.31
  447 Q   -6 -4 -5 -4 -8  9 -1 -7 -5 -8 -7 -4 -5 -8 -6 -4 -2 -7 -6 -6    0   0   0   1   0  93   2   0   0   0   0   0   0   0   0   1   3   0   0   0  2.95 1.10
  448 K   -3 -1 -3  0 -4 -1  3 -5 -3  4 -1  0 -2 -2 -5 -3 -1 -3 -3  3    1   3   1   5   0   1  20   0   0  27   2   7   0   1   0   1   3   0   0  26  0.56 0.35
  449 R   -6  8 -5 -6 -8 -3 -5 -7  1 -4 -4 -1 -6 -7 -7 -5 -3 -7 -6 -5    0  90   0   0   0   0   0   0   3   1   2   1   0   0   0   0   2   0   0   1  2.55 0.92
  450 I   -1 -5 -5 -6 -4 -4 -6 -4 -4  4  1 -5  3 -3 -5 -5 -2 -6 -4  5    4   0   0   0   0   0   0   1   0  27  10   0   8   0   0   0   2   0   0  46  1.08 0.48
  451 K    0 -1  0  0 -5 -2  0 -2  0 -5 -4  4 -4 -5  5  1 -2 -6 -4 -5    8   2   5   6   0   1   5   2   3   0   1  24   0   0  29  12   2   0   0   0  0.73 0.39
  452 L   -2 -2 -5 -5 -2 -5 -3 -6 -5  6  1 -1  0  0 -5 -3 -2 -2 -3  3    3   3   0   0   1   0   2   0   0  49  12   4   2   3   0   2   1   1   0  18  0.91 0.42
  453 S    1 -1  2  4 -4  0  3 -2 -2 -5 -5  1 -4 -5 -3  2  0 -6 -5 -3   10   2   8  27   0   2  16   2   1   0   0   7   0   0   1  17   4   0   0   1  0.57 0.34
  454 E   -2 -1  0  4 -6  2  5 -2 -3 -5 -5  1 -3 -6 -4 -1 -2 -6 -4 -4    3   2   4  22   0   8  41   3   0   0   1   7   1   0   0   4   2   0   0   1  0.89 0.46
  455 L   -2 -5 -6 -6 -1 -5 -6 -6 -6  3  5 -5  0  0 -5 -5 -3 -5 -4  3    4   0   0   0   1   0   0   0   0  17  48   0   1   3   0   0   0   0   0  24  1.03 0.46
  456 S    1 -1 -1  0 -2 -1  0  0 -1  0 -1  1 -2 -3  3  0  0 -4 -3  1   15   3   2   5   0   1   7   6   1   5   4   9   1   0  17   5   4   0   0  13  0.20 0.16
  457 L    0  0  1  2 -3  1  2  0 -1 -3 -2  1 -2 -4  0  1 -1 -4 -3 -3    9   5   8  11   0   7  17   7   1   1   5   8   0   0   4  13   2   0   0   1  0.25 0.19
  458 Y   -1 -1 -3 -4 -2 -3 -2 -5  0  2  1 -1 -1  3 -4 -2  1  3  4  2    4   3   1   0   1   0   3   0   2  15  11   3   0  10   0   2   9   3  19  14  0.40 0.26
  459 L   -4 -6 -6 -7 -4 -5 -6 -7 -6  5  4 -6  1  0 -6 -5 -3 -5 -4  3    0   0   0   0   0   0   0   0   0  32  44   0   2   4   0   0   1   0   0  18  1.18 0.49
  460 S    0  3  1 -1 -2  1  1 -1  1 -4 -2  2 -1 -2 -3  1 -1  2 -1 -3   10  19   5   2   1   5   8   3   3   0   4  16   1   1   0  12   3   3   2   1  0.28 0.21
  461 Q   -1  2  2  3 -5  1  3 -1 -2 -5 -4  3 -3 -5 -3  0 -1 -5 -4 -4    6  10   8  15   0   7  19   4   0   0   1  19   0   0   1   6   2   0   0   0  0.50 0.29
  462 K   -4  3 -3 -4 -5  0 -1 -5 -3 -1  4  3  2 -1 -4 -4 -4 -5 -2 -2    0  14   0   0   0   3   5   0   0   3  43  23   4   2   0   0   0   0   1   1  0.67 0.38
  463 A   -1 -4 -4 -4  4 -3 -3 -4 -4  3  3 -3  1  0 -4  0  1 -4 -1  2    5   0   0   0   8   0   1   1   0  19  28   1   2   3   0   8   7   0   2  15  0.44 0.25
  464 H   -1  2  3  0 -4  1  2 -2  2 -3 -3  2 -2 -2 -2  1 -1  1  1 -3    3  11  16   5   0   5  13   3   5   1   2  12   1   1   1   9   3   2   6   1  0.27 0.19
  465 E   -2  0  0  1 -5  1  3  3  0 -4 -3  1 -2 -2 -3 -1 -2  0 -3 -4    1   3   4   8   0   6  24  28   2   1   3  11   1   2   0   3   1   1   1   0  0.46 0.25
  466 D   -2  2 -1  3 -5 -1  3  0 -1 -3 -4  2 -3 -2 -2  0 -1 -4  0 -2    2  10   2  16   0   1  27   7   1   2   1  16   0   1   1   5   4   0   4   2  0.41 0.24
  467 F   -2 -2 -4 -3 -3 -1 -2 -5 -2  3  2 -3  3  4 -4 -2 -1  4 -1  1    3   2   0   1   0   2   2   0   1  24  19   1   8  19   0   2   4   6   1   5  0.46 0.23
  468 Q   -1  0  1  0 -4  2  1 -3 -2 -4 -3  3 -3 -3 -2  1  4 -5 -3 -2    2   2   8   3   0  12   9   0   0   0   1  17   0   1   1  11  31   0   0   2  0.49 0.28
  469 K   -3 -2 -3  0 -5  0  0 -4 -5 -5 -4  0 -4 -2 -4 -2  1 11 -2 -5    2   2   1   6   0   4   7   1   0   0   1   7   0   1   1   3   9  57   0   0  2.01 0.57
  470 Q   -1  0 -1 -1 -4  3  3 -3 -2 -2  1  1 -1  1 -1 -1 -1  1 -2 -2    5   5   1   0   0  19  29   1   0   0  17   6   0   9   2   2   3   2   0   1  0.33 0.18
  471 C    1 -2 -1 -1  4 -2 -2  2 -3 -1 -2 -1 -2 -1 -2  2  2 -3 -2 -1   15   0   0   3  10   0   0  21   0   4   2   4   0   4   0  17  18   0   0   2  0.28 0.13
  472 Q    0  1  0 -1 -4  4  2 -3 -1 -3 -2  3 -2 -1 -2 -1 -2  4 -2 -3    9   4   5   0   0  27  17   0   0   0   4  24   0   3   0   0   0   7   0   0  0.46 0.16
  473 K   -2  2 -2 -2 -5  0 -1 -3 -2 -4 -4  7 -3 -5 -3 -2 -2 -5 -3 -4    0   5   0   0   0   0   0   0   0   0   0  95   0   0   0   0   0   0   0   0  1.31 0.28

                      K         Lambda
Standard Ungapped    0.1379     0.3214
Standard Gapped      0.0410     0.2670
PSI Ungapped         0.1255     0.3175
PSI Gapped           0.0384     0.2670
