
Last position-specific scoring matrix computed, weighted observed percentages rounded down, information per position, and relative weight of gapless real matches to pseudocounts
           A  R  N  D  C  Q  E  G  H  I  L  K  M  F  P  S  T  W  Y  V   A   R   N   D   C   Q   E   G   H   I   L   K   M   F   P   S   T   W   Y   V
    1 M   -6 -6 -7 -8 -6 -5 -7 -8 -7  0 -3 -6 11 -5 -8 -6 -6 -6 -6 -4    0   0   0   0   0   0   0   0   0   5   0   0  95   0   0   0   0   0   0   0  3.61 1.08
    2 K   -1  3  1 -1 -6  2  1 -4 -4 -2 -4  5 -3 -5 -3  1 -2 -6 -4 -4    4  14   6   2   0   7   8   0   0   2   2  40   1   0   1  10   2   0   0   1  0.74 0.41
    3 L   -5 -6 -6 -7 -4 -6 -7 -7 -2  5  2 -6  2  5 -6 -6 -3 -3  5  0    0   0   0   0   0   0   0   0   1  35  17   0   4  20   0   0   2   0  16   4  1.22 0.53
    4 Q   -3  3  1 -3 -4  6 -1 -5 -1 -5 -5  3 -5 -5 -3  0  1 -6 -4 -4    2  16   6   1   0  37   4   1   1   1   1  15   0   0   1   6   7   0   1   1  0.98 0.53
    5 K    3  3 -1 -4 -1 -3 -3 -3 -1 -3 -3  2 -4 -6  1  2  0 -6 -5 -3   28  15   2   0   1   0   0   1   1   1   2  15   0   0   8  17   5   0   0   1  0.56 0.38
    6 P   -2 -7 -7 -7 -6 -5 -6 -7 -7  4  1 -6 -4 -4  6 -6 -5 -7 -6  4    3   0   0   0   0   0   0   0   0  18  11   0   0   0  38   0   0   0   0  28  1.45 0.64
    7 K   -5  7 -4 -6 -8 -3 -3 -6 -4 -6 -7  5 -6 -8 -2 -4 -3 -8 -5 -7    1  60   1   0   0   0   1   0   0   0   0  31   0   0   2   1   1   0   0   0  2.01 0.83
    8 G   -5 -8 -6 -7 -8 -8 -8  8 -8 -10 -10 -7 -9 -9 -8 -6 -7 -8 -5 -9    1   0   0   0   0   0   0  99   0   0   0   0   0   0   0   0   0   0   1   0  3.02 1.10
    9 T   -4 -6 -6 -7 -2 -6 -7 -8 -7 -2 -4 -7  8  2 -7 -4  6 -7 -6  0    1   0   0   0   1   0   0   0   0   2   0   0  32   8   0   1  49   0   0   5  1.95 0.88
   10 A   -3  4  2 -3 -5  2 -1 -5  5 -4 -4  3 -4 -1 -1 -2 -3 -6  1 -3    2  26   8   1   0   8   4   0  11   1   1  18   0   3   4   3   1   0   6   2  0.69 0.41
   11 D   -7 -8 -5  9 -10 -6 -3 -7 -7 -9 -10 -7 -9 -10 -8 -4 -4 -11 -9 -6    0   0   0  96   0   0   1   0   0   0   0   0   0   0   0   1   1   0   0   1  3.21 1.20
   12 L   -4 -3 -3 -7 -3 -5 -7 -6 -4  6  3 -5  0  2 -7 -6 -4  2  2  2    1   2   2   0   1   0   0   0   0  43  22   0   1   9   0   0   1   2   6  10  1.12 0.51
   13 L   -4 -4 -4 -4 -4 -6 -6 -3 -4  0  5 -5 -1  4 -6 -4 -3 -2  2 -2    1   1   1   1   0   0   0   2   0   5  59   0   1  14   0   2   1   1   6   2  1.12 0.54
   14 P   -2 -6 -3 -2 -7 -4 -4  2 -4 -5 -5 -5 -6 -1  8 -2 -5 -5 -3 -5    3   0   1   3   0   1   1  17   0   1   1   0   0   3  62   4   1   0   1   1  1.80 0.80
   15 A   -1 -2  0  3 -3  1  4 -1 -3 -3 -3  1 -4 -5  3  0 -1 -4 -4 -2    6   2   4  14   1   4  29   4   0   2   2   7   0   0  13   6   3   0   0   2  0.49 0.33
   16 E   -2  0  0  5 -4  2  5 -4 -2 -6 -5 -1 -5 -6 -4 -2 -2 -7 -3 -5    3   5   4  26   0   7  41   1   1   0   1   4   0   0   0   3   2   0   1   1  1.07 0.56
   17 T    2 -3 -2 -3 -1  2 -2 -2 -1  1  0 -2  3 -1 -3  2  1 -2  0  0   17   1   1   0   1  11   2   2   1   9   8   1   9   3   0  16   8   1   3   7  0.24 0.24
   18 A    1  2  0 -1 -4  0  2 -1  0 -1 -1  1 -2 -1  2 -1 -1  0  0 -1   11  13   4   3   0   2  13   3   2   3   7  11   0   3   9   4   2   1   4   4  0.15 0.15
   19 K   -1  2 -2 -4 -2  0 -2 -4 -1  1  1  3 -2  0 -3 -2 -2  0  4  0    5  12   1   0   1   4   2   1   1   7  17  17   1   3   1   2   2   1  16   5  0.33 0.26
   20 W   -6  1 -8 -8 -5 -5 -7 -7  1 -3 -2 -2 -2  5 -8 -6 -6 11  3 -4    1   9   0   0   0   1   0   0   4   2   5   3   1  18   0   0   0  47   8   1  2.31 0.88
   21 Q   -2  3  2  1 -5  4  2 -4  2 -3 -2  1 -3 -4 -4  0 -1 -4 -2 -4    2  18  10   9   0  22  10   1   4   1   4   6   0   0   0   6   4   0   1   1  0.55 0.36
   22 Y    0  1 -1 -2 -3  0  0 -3  3 -2 -1  1 -1  3 -4 -2 -2  4  4 -1    9   8   3   2   1   3   5   2   8   2   5   9   2  13   0   2   2   5  15   4  0.33 0.24
   23 I   -2 -6 -6 -7 -2 -6 -6 -7 -7  5  2 -6  1  0 -6 -5 -3 -6 -5  5    2   0   0   0   1   0   0   0   0  36  18   0   3   3   0   0   1   0   0  36  1.23 0.53
   24 E   -3  1 -3 -2 -2  0  5 -5 -2  1 -1  0 -3 -1 -5 -3  0 -4 -1  0    1   9   1   1   1   3  45   0   1   8   7   4   0   2   0   1   5   0   3   8  0.67 0.42
   25 E    1  1  2  2 -3  1  2  0 -1 -4 -4  2 -3 -4 -3  1 -1 -3 -4 -4   10   8  10  13   0   6  14   5   2   1   1  13   1   0   0  12   2   0   0   0  0.36 0.25
   26 I    1  0 -2 -3  0  0 -1 -3 -2  2  0  2 -1 -3 -4 -1  2 -5 -2  2   10   5   2   0   2   4   4   1   1  14   6  16   1   1   0   3  17   0   1  15  0.25 0.22
   27 A    4 -5 -5 -5  3 -4 -5 -2 -4  2  1 -5  1  3 -5 -2 -1 -1 -2  1   32   0   0   0   6   0   0   3   0  13  14   0   3  13   0   2   3   1   0  10  0.57 0.35
   28 R   -1  5 -1 -3 -4  1  1 -4  1 -2 -2  2 -2 -1 -4 -1 -1 -2 -2 -2    5  37   2   1   0   6  10   1   4   3   3  12   1   2   0   5   4   1   1   3  0.57 0.34
   29 G    0  2  1  2 -4  2  3 -1  0 -3 -3  3 -3 -4 -4  1 -1 -5 -2 -3    6  11   7   9   0   7  17   3   2   1   1  19   0   1   0   8   4   0   2   1  0.38 0.26
   30 V   -2 -2 -3 -5 -2 -2 -2 -5 -1  3  2 -3  0 -1 -4 -3  1  4 -2  3    2   2   1   0   1   2   3   0   2  20  20   1   2   3   0   1  11   5   1  25  0.52 0.31
   31 F    4 -4 -5 -5  4 -4 -5 -3 -5 -1  1 -5  2  4 -5  0 -2 -4 -2  0   32   0   0   0   8   0   0   1   0   2  15   0   5  21   0   6   2   0   1   6  0.68 0.40
   32 N    0  2  1  1 -1  1  3 -1  1 -3 -3  1 -2 -3 -2  0 -1 -1 -1 -3    7  14   5   5   2   6  23   5   3   1   2   9   1   1   1   8   4   1   2   2  0.28 0.20
   33 D    0  2  1 -1 -2  1 -1 -1 -1 -1  1  1 -1 -1 -1  1  0 -3 -1 -1    6  15   9   2   0   5   2   3   1   3  17   8   1   3   3  12   4   0   2   2  0.12 0.14
   34 Y   -1 -4 -2 -6 -2 -4 -5 -5  2 -4 -3 -5 -3  5 -6 -2 -5  2  8 -5    7   1   2   0   1   0   0   0   5   1   2   0   0  20   0   3   0   2  53   0  1.71 0.68
   35 N   -2 -2  4 -1  0 -3 -4  6 -1 -6 -6 -4 -4 -5 -5  0 -3 -6 -5 -6    2   2  16   2   2   1   0  62   2   0   1   0   0   0   0   6   1   0   0   0  1.36 0.57
   36 F   -3 -6 -6 -7 -2 -6 -6 -6 -3 -2 -3 -6 -3  7 -7 -6 -5 -3  8 -3    2   0   0   0   1   0   0   1   0   2   1   0   0  41   0   0   1   0  48   1  2.21 0.79
   37 K   -1  3  1 -1 -3  3  2  0  0 -4 -3  2 -3 -4 -3  1 -1 -3 -3 -3    3  15   5   3   0  15  14   7   3   0   2  15   0   0   0  11   2   0   0   1  0.40 0.26
   38 E   -4  3 -2 -2 -4  1  6 -4  0 -5 -3  0 -1 -2  1 -3 -3 -2  1 -5    1  13   1   1   0   4  52   1   2   0   3   5   2   2   7   1   1   1   5   0  0.96 0.48
   39 I   -3 -5 -6 -6 -2 -5 -5 -6 -6  7  0 -5  2 -2 -5 -4 -3 -2 -3  3    2   0   0   0   1   0   0   0   0  66   6   0   4   1   0   1   1   1   0  15  1.41 0.53
   40 R   -2  5 -2  1 -3  1  2 -3 -2 -1 -2  1 -1 -3 -3  0 -1 -4 -1 -2    2  34   1   9   0   7  15   1   1   5   4   6   1   0   0   7   2   0   2   3  0.47 0.28
   41 T   -2 -4 -3 -4 -4 -3 -4 -5 -5  0  1 -4  0  0 -1 -2  6 -5 -3  0    2   0   1   0   0   1   0   0   0   5  14   0   2   4   3   2  61   0   0   5  1.06 0.52
   42 P   -3 -6 -4 -3 -6 -5 -5 -3 -6 -6 -6 -5 -6 -7  9 -4 -4 -7 -6 -6    1   0   1   1   0   0   0   2   0   0   0   0   0   0  90   1   1   0   0   0  2.85 0.90
   43 M   -2 -4 -4 -4 -3 -4 -4 -4  0  5  1 -4  3 -1 -4 -3  2 -4 -2  3    3   0   1   1   0   0   1   1   2  41  10   0   8   1   1   1  12   0   1  16  0.71 0.35
   44 F   -3 -5 -5 -6 -2 -5 -5 -6 -4  2  3 -5  1  6 -5 -5 -4 -3  0  2    1   0   0   0   1   0   0   0   0  11  31   0   3  38   0   0   0   0   2  12  1.02 0.42
   45 E   -4 -4 -4 -2 -7 -1  8 -4 -4 -6 -6 -3 -6 -6 -5 -2 -4 -6 -3 -6    0   0   0   0   0   1  92   1   0   0   0   0   0   0   0   2   0   0   1   0  2.28 0.83
   46 S   -1  0  1  2 -4  0  2 -3  4 -4 -3  1 -2  0  1  1 -1 -3  3 -3    3   5   7  11   0   4  13   0  12   0   1   8   1   4   6  10   2   0  12   1  0.33 0.22
   47 Y    2 -1 -1 -2 -2 -1 -1 -3 -2 -1  0  0 -1  0 -2  1  4 -4 -1 -1   17   4   2   1   0   1   4   1   0   3   8   5   1   4   1  12  31   0   2   3  0.29 0.24
   48 E    0 -1  0  3 -4  1  5 -1 -2 -4 -4 -1 -2 -4 -2  1 -2 -3 -4 -3    8   3   5  14   0   4  39   5   1   1   1   3   1   0   1  11   1   0   0   2  0.58 0.32
   49 L   -3 -5 -6 -6 -4 -5 -5 -6 -5  1  6 -5  0 -2 -5 -5 -2 -5 -4  3    1   0   0   0   0   0   0   0   0   5  70   0   1   1   0   0   2   0   0  19  1.22 0.50
   50 F   -5 -6 -6 -7 -6 -6 -6 -6 -4 -1 -2 -6 -3  9 -7 -6 -5  0  3 -3    0   0   0   0   0   0   0   0   0   3   3   0   0  82   0   0   0   1   8   1  2.37 0.75
   51 S    0  0  0 -1 -2  1  2 -2  1  0  0  2 -1 -2 -2  0  2 -3 -2  0    8   2   3   2   1   6  14   1   4   4   9  13   1   1   0   7  14   0   1   9  0.13 0.13
   52 R   -1  7 -2 -4 -4 -1 -2 -3  1 -4 -3  3 -3 -5 -4 -2 -1 -5 -3 -3    5  60   1   0   0   2   1   2   3   1   3  14   1   0   0   2   3   0   1   1  1.18 0.49
   53 A    1 -1 -1 -2 -2 -2 -1  3 -3 -3 -4  1 -3 -4  0  4  2 -4 -4 -3    9   2   2   1   0   1   3  23   0   1   0   8   0   0   3  33  14   0   0   1  0.52 0.31
   54 T   -1 -3 -2 -3 -1 -3 -3 -3 -4  3  2 -2  2 -2 -4  2  1 -4 -3  3    2   0   2   1   1   0   1   1   0  21  19   2   4   0   0  17   9   0   0  20  0.37 0.25
   55 G   -3 -3 -2 -4 -5 -4 -2  7 -4 -2 -5 -4 -5 -3 -4 -2 -3 -5 -5 -3    1   2   1   0   0   0   3  82   0   3   1   0   0   1   0   2   2   0   0   2  1.64 0.56
   56 E    0 -1  0  2 -5  1  5 -2 -2 -3 -3  1 -3 -5  0 -1 -2 -5 -3 -1    7   2   3  12   0   5  44   3   0   2   1   7   1   0   4   2   2   0   1   4  0.58 0.33
   57 T    0 -2  0  2 -3  0  2  1 -1 -2 -2 -1  0 -2 -3  1  3 -2 -2 -1    7   0   5  13   0   4  13  12   2   1   3   1   2   1   0  11  21   0   1   3  0.25 0.19
   58 S    0 -1  0 -1  0 -2 -1 -2 -3 -3 -2 -2 -2 -3 -2  4  5 -4 -3 -2    5   2   3   2   2   1   2   1   0   1   4   1   0   1   1  34  40   0   0   1  0.67 0.34
   59 D   -3 -3  0  7 -4 -1  1 -1 -3 -3 -4 -3 -4 -4 -2 -2 -3 -5 -4 -4    2   1   3  70   0   3   7   4   0   2   1   1   0   0   2   1   1   0   0   1  1.40 0.47
   60 I   -2 -4 -4 -4 -3 -4 -3 -4 -2  6  1 -4  0 -1 -2 -2 -2 -4 -3  3    3   1   0   1   0   0   2   1   1  51   8   1   2   1   2   3   2   0   0  22  0.80 0.33
   61 V   -1 -3 -5 -5 -1 -4 -5 -4 -5  3 -1 -4  0 -2 -4 -4 -2 -5 -3  6    5   1   0   0   1   0   0   1   0  18   3   0   1   1   0   0   1   0   0  64  1.08 0.44
   62 T   -1  0  2  1 -3  2  3  0  0 -2 -2  0 -1 -4 -3  2  1 -4 -3 -2    3   5   9   5   0  13  19   6   2   1   2   5   2   0   0  15   8   0   0   2  0.28 0.18
   63 K   -4  1 -2 -1 -6 -1 -1 -3  1 -5 -5  7 -4 -6 -4 -2 -3 -5 -4 -5    0   3   1   3   0   1   2   2   4   0   0  80   0   0   0   1   0   0   0   0  1.59 0.60
   64 E   -3 -3 -3 -2 -6  3  7 -2  0 -6 -6 -2 -5 -6 -4 -2 -2 -5 -5 -5    2   0   0   0   0  14  75   3   2   0   0   0   0   0   0   1   2   0   0   0  1.61 0.62
   65 M   -5 -5 -2 -7 -5 -5 -6 -7 -6  0  3 -3  9 -1 -6 -3 -1 -6 -5 -2    0   0   2   0   0   0   0   0   0   4  21   2  59   2   0   2   4   0   0   2  1.91 0.73
   66 Y   -5 -6 -6 -6 -6 -5 -6 -6 -3 -5 -1 -6 -4  6 -6 -5 -5  4  9 -5    0   0   0   0   0   0   0   0   0   0   5   0   0  28   0   0   0   4  58   0  2.29 0.81
   67 D   -1  0  0  0 -1  0  1 -2 -1 -1 -2 -1  0 -2 -3  1  4 -4 -1  0    4   4   4   5   1   4   8   2   2   2   2   3   3   2   0  12  33   0   2   5  0.33 0.26
   68 F   -3 -6 -6 -7  0 -6 -6 -4 -5  1  2 -6  0  7 -7 -6 -2  2  0  1    2   0   0   0   2   0   0   2   0   7  18   0   2  51   0   0   2   3   2   9  1.32 0.55
   69 E   -1  0  0 -1 -3  2  2 -2  1  0  0  2 -1 -2  0  0  1 -1 -1  0    5   3   4   2   0  10  14   1   4   5   9  14   1   1   4   5   8   1   1   9  0.12 0.14
   70 D    0  1  1  1 -3  1  0  0  2 -2 -1  0  1 -3  1  0  0 -3 -2  0    7   7   7   7   0   7   7   7   6   0   7   7   6   0   7   7   7   0   0   7  0.09 0.10
   71 K   -4  6 -2 -4 -7  0 -2 -5 -2 -6 -4  6 -3 -5 -3 -2 -4 -7 -5 -6    1  37   1   1   0   4   2   1   1   0   2  44   1   0   1   2   1   0   0   0  1.47 0.70
   72 G   -1 -3  2  0 -6 -4 -2  5 -4 -7 -6  2 -6 -3 -5  2 -3 -6 -5 -6    4   1  10   5   0   0   2  45   0   0   0  13   0   1   0  16   1   0   0   0  0.97 0.52
   73 G   -4 -3  2  2 -7 -2  1  6 -2 -7 -7  0 -5 -7 -5 -2 -4 -7 -7 -7    1   1   8  11   0   1   8  58   1   0   0   7   0   0   0   2   1   0   0   0  1.30 0.61
   74 R   -4  6  0  2 -7  0  3 -4 -1 -6 -5  1 -4 -7 -4 -2 -1 -7 -5 -5    1  44   5  11   0   3  17   1   2   0   1   7   0   0   1   3   5   0   0   0  1.07 0.55
   75 H   -2  0  1  1 -4  0  1 -3  1 -4 -2  2 -1 -3 -3  4 -1  0 -2 -3    2   5   5   7   0   4   9   1   3   1   4  13   2   1   1  35   2   1   1   2  0.45 0.36
   76 I   -5 -6 -6 -7 -4 -4 -7 -8 -6  4  5 -6  2  0 -7 -6 -4 -2  0  2    0   0   0   0   0   1   0   0   0  22  52   0   5   4   0   0   0   0   3  12  1.25 0.57
   77 A    4 -6 -5 -6  4 -5 -5 -5 -6 -3 -4 -5 -4 -6 -5  1  5 -7 -6  1   31   0   0   0   7   0   0   0   0   1   1   0   0   0   0  10  39   0   0  10  1.19 0.65
   78 L   -6 -7 -9 -9 -7 -7 -8 -9 -8 -3  7 -8  2 -4 -8 -8 -6 -7 -6 -4    0   0   0   0   0   0   0   0   0   0  94   0   5   0   0   0   0   0   0   0  2.36 0.96
   79 R   -7  9 -6 -7 -9 -4 -6 -8 -6 -7 -7  1 -7 -8 -7 -6 -6 -8 -7 -7    0  92   0   0   0   0   0   0   0   0   0   6   0   0   0   0   0   0   0   0  2.99 1.15
   80 P   -3 -8 -8 -7 -8 -7 -7 -8 -8 -8 -8 -7 -8 -9  9 -6 -5 -9 -4 -8    2   0   0   0   0   0   0   0   0   0   0   0   0   0  95   0   1   0   1   0  3.38 1.30
   81 E   -6 -6 -6  0 -9 -4  8 -8 -6 -9 -8 -5 -8 -9 -7 -6 -6 -8 -8 -8    0   0   0   5   0   0  94   0   0   0   0   0   0   0   0   0   0   0   0   0  2.86 1.18
   82 G    1 -6  0 -5 -6 -4 -5  6 -6 -3 -1 -5  2  2 -4 -3 -4 -3 -2 -5   10   0   5   0   0   0   0  56   0   1   8   0   5   8   1   2   1   0   2   1  1.14 0.58
   83 T   -3 -5 -6 -7 -7 -4 -7 -7 -7 -6 -7 -6 -6 -8 -7 -4  8 -8 -7 -6    2   1   0   0   0   1   0   0   0   0   0   0   0   0   0   0  96   0   0   0  2.92 1.23
   84 A    7 -6 -6 -7 -4 -5 -5 -5 -5 -5 -6 -6 -6 -7  1 -2 -1 -8 -7 -2   83   0   0   0   0   0   0   0   0   1   0   0   0   0   6   2   3   0   0   2  1.97 0.92
   85 S   -1 -6 -4 -6 -2 -4 -6  5 -6 -7 -7 -5 -7 -7  4  4 -5 -7 -7 -6    5   0   0   0   1   0   0  39   0   0   0   0   0   0  21  32   0   0   0   0  1.43 0.74
   86 A    0 -7 -7 -7  3 -6 -7 -7 -7  4 -1 -6  1 -2 -7 -5 -1 -7 -5  6    7   0   0   0   6   0   0   0   0  21   4   0   3   2   0   0   4   0   0  53  1.36 0.64
   87 V    2 -6 -5 -7  3 -6 -6 -6 -7  2 -1 -6  5 -4 -6 -4 -2 -7 -5  6   16   0   1   0   5   0   0   0   0  11   3   0  13   0   0   1   2   0   0  47  1.22 0.62
   88 R   -6  9 -6 -8 -9 -3 -6 -8 -6 -9 -8 -4 -7 -9 -8 -7 -7 -9 -8 -9    0  99   0   0   0   1   0   0   0   0   0   0   0   0   0   0   0   0   0   0  3.36 1.31
   89 A    6 -6 -6 -6 -2 -6 -5 -5 -2 -4 -2 -6  1 -1 -6  2 -4 -5 -4 -4   71   0   0   0   1   0   0   0   1   1   4   0   4   3   0  13   0   0   0   1  1.55 0.80
   90 Y   -2 -7 -6 -8  0 -6 -7 -4 -4  1  0 -7 -1  5 -7 -5 -6 -1  8  2    4   0   0   0   2   0   0   1   0   7   7   0   1  18   0   0   0   1  45  12  1.53 0.71
   91 I   -2 -4 -3 -6 -2 -3 -6 -6 -6  6  3 -6 -1 -3 -6 -4 -4 -6 -4  3    4   1   2   0   1   1   0   1   0  43  24   0   1   1   0   1   0   0   0  21  1.16 0.56
   92 E   -4 -4  1 -1 -7  4  6 -4 -4 -7 -6 -3 -4 -5 -5 -1 -2 -6 -5 -6    1   0   6   3   0  19  58   1   0   0   0   1   0   0   0   5   3   0   0   0  1.51 0.76
   93 N   -2 -1  6 -3 -5 -1 -2 -3  8 -7 -6 -2 -6 -6 -5 -2 -4 -7 -2 -6    3   3  40   1   0   3   3   2  36   0   1   2   0   0   0   3   0   0   1   1  1.82 0.80
   94 K   -2 -1  3 -2 -4 -1 -1  4  1 -5 -5  4 -4 -4 -4  1 -3 -5 -5 -5    2   3  15   2   0   2   3  34   3   0   1  22   0   1   0   9   1   0   0   1  0.80 0.44
   95 L   -3 -4 -5 -4 -3 -4 -4 -5 -5  0  5 -3  7 -1 -5 -4 -4  2 -3 -2    2   1   0   1   1   1   1   1   0   5  53   2  23   3   1   1   1   3   1   1  1.25 0.56
   96 Y   -1 -2 -1  0 -1  0 -2 -1  4  0  1 -1 -1  2 -2 -1 -1  0  4 -1    6   1   2   6   1   5   2   5  10   5  13   3   1   8   2   5   4   1  15   4  0.20 0.16
   97 A    1  1  2 -1 -1  1 -1  0  1 -1 -1  1 -1 -1 -1  1  0 -2  0 -1   13   9  11   3   1   8   3   6   3   3   7   7   1   2   2  10   5   0   4   4  0.09 0.09
   98 P   -1  1  2  0 -2  3  1  0  0 -2 -2  2 -2 -3  0  1  0 -2 -2 -3    5   8   9   6   1  12  11   7   2   2   3  13   0   1   5   8   6   1   1   2  0.21 0.15
   99 E    0  0  2  1 -3  2  1  1  0 -3 -2  1 -2 -3  1  1 -1 -3 -2 -2    6   5  13   6   0   8   9  11   2   1   3   7   1   1   7   9   4   0   2   3  0.19 0.13
  100 V   -1  0  0  0 -2  0  0  0 -1 -1  1  0  1 -1  2  0  0  3  0 -1    5   4   4   4   0   3   6   8   1   3  18   4   3   2  10   5   5   4   4   3  0.08 0.07
  101 V    0 -1 -1 -2 -3  0 -1 -1 -2  0  0 -1  0 -1  5  0  0 -3 -2  1    6   3   3   2   0   4   3   4   1   5  10   3   2   2  27   6   6   0   1  10  0.35 0.20
  102 K   -2  0 -1 -1 -3  5 -1 -1  1 -2  1  2 -1 -2 -1  0 -1 -1 -2 -2    3   4   3   2   1  28   3   4   3   2  13  15   1   2   3   5   3   1   1   3  0.37 0.23
  103 P   -2 -2 -2 -3 -3 -2 -1 -2 -2 -2 -2 -1 -3 -2  7 -2 -2 -3 -3 -2    3   3   2   2   1   2   4   3   1   3   4   3   1   2  59   3   3   0   1   3  1.37 0.48
  104 V   -1 -2 -2 -3  0  2 -2 -3 -1  1  2 -1  0 -1 -3 -2  0  2 -1  3    5   2   2   1   2  12   1   1   2   6  19   3   2   2   1   3   7   3   2  25  0.29 0.21
  105 K   -5  5 -4 -6 -8 -3 -3 -7 -5 -7 -5  7 -4 -7 -6 -5 -5 -5 -6 -7    0  31   0   0   0   1   1   0   0   0   1  63   0   0   0   0   0   0   0   0  2.11 0.92
  106 L   -4 -6 -7 -7 -4 -6 -7 -6 -5  0  5 -6  0  4 -7 -6 -5  4  1  2    1   0   0   0   0   0   0   0   0   3  56   0   2  14   0   0   0   5   5  12  1.22 0.59
  107 W   -2 -7 -7 -7  0 -7 -7 -8 -2 -6 -4 -7 -3  6 -8 -2 -5  8  7 -5    3   0   0   0   2   0   0   0   1   0   1   0   1  33   0   4   1  16  39   0  2.19 0.91
  108 Y   -5 -7 -7 -8 -3 -7 -7 -7 -3 -7 -6 -7 -3 -2 -8 -1  0 -2 10 -6    1   0   0   0   1   0   0   0   0   0   1   0   1   0   0   5   7   0  84   0  3.06 1.22
  109 D   -1 -4 -2 -4 -1 -2 -4 -5  0  4  2 -4  3  4 -5  0 -1  3  2  0    4   1   2   1   1   1   1   0   3  22  15   0   7  16   0   7   3   3   8   5  0.49 0.31
  110 A    0 -7 -4 -2 -4 -6 -2  7 -5 -5 -6 -6 -3 -6 -7 -1 -2 -5 -5 -6    7   0   0   2   0   0   3  76   0   1   1   0   1   0   0   4   3   0   1   1  1.81 0.80
  111 P   -3 -4  1 -4 -5 -1 -4 -6 -4 -8 -8 -5 -5 -8  8  1 -3 -9 -6 -6    3   1   7   1   0   4   1   0   1   0   0   1   0   0  69  11   1   0   0   0  2.11 0.95
  112 M   -2 -6 -2 -8  5 -4 -7 -7 -3  0 -1 -6 10  1 -8 -4 -4 -7 -4  1    3   0   2   0  10   1   0   0   1   4   5   0  58   5   0   1   1   0   1   8  2.05 0.90
  113 F   -8 -9 -9 -9 -5 -9 -9 -9 -5 -6 -5 -9 -6  9 -6 -8 -8  0  2 -5    0   0   0   0   0   0   0   0   0   0   1   0   0  90   1   0   0   1   6   1  3.31 1.22
  114 R   -7  9 -6 -7 -9 -3 -6 -8 -6 -9 -6 -4 -7 -8 -8 -7 -7 -8 -7 -8    0  97   0   0   0   1   0   0   0   0   1   0   0   0   0   0   0   0   0   0  3.28 1.27
  115 Y   -2  1 -3 -6 -4 -1 -6 -4  6 -7 -5 -5 -6 -2 -8 -4 -6 -4  9 -7    4   8   1   0   0   3   0   2  16   0   1   1   0   1   0   1   0   0  62   0  2.26 0.98
  116 E   -4 -6 -3  3 -9 -3  8 -4 -6 -9 -8 -5 -8 -9 -7 -5 -6 -9 -8 -8    1   0   1  14   0   0  81   2   0   0   0   0   0   0   0   0   0   0   0   0  2.40 1.07
  117 R   -4  8  0 -7 -9 -1 -3 -7 -4 -8 -7  1 -7 -8 -6 -5 -6 -8 -7 -8    2  80   5   0   0   2   2   0   0   0   0   7   0   0   0   1   0   0   0   0  2.43 1.03
  118 P   -5 -8 -7 -7 -8 -4 -4 -7 -6 -7 -6 -5 -3 -9  9 -4 -5 -9 -9 -4    1   0   0   0   0   1   1   0   0   0   1   1   1   0  89   2   1   0   0   2  3.04 1.26
  119 Q   -4 -5 -6 -5 -9  9 -3 -4 -3 -9 -8 -4 -7 -9 -7 -5 -7 -8 -8 -8    1   0   0   0   0  93   1   1   1   0   0   0   0   0   0   0   0   0   0   0  3.26 1.39
  120 S    3  1 -3 -4 -6 -2 -2 -3  0 -6 -4  6 -3 -6 -4  0 -2 -7 -4 -5   27   6   1   1   0   1   2   1   2   0   1  46   1   0   1   7   2   0   1   0  1.09 0.62
  121 G   -4 -6 -3 -5 -5 -6 -7  8 -8 -9 -9 -4 -4 -9 -8 -5 -6 -2 -9 -9    1   0   1   0   0   0   0  94   0   0   0   1   0   0   0   0   0   1   0   0  2.71 1.10
  122 R   -7  9 -5 -8 -9 -2 -6 -8 -5 -9 -8 -4 -7 -9 -8 -7 -5 -4 -8 -6    0  96   0   0   0   1   0   0   0   0   0   0   0   0   0   0   1   0   0   1  3.22 1.29
  123 L   -6 -3 -3 -7 -7  2 -5 -8 -2 -6  1 -3  1  4 -8 -4 -5  0  8 -6    0   1   1   0   0   9   1   0   1   0  15   2   4  13   0   2   0   1  50   0  1.71 0.81
  124 R   -7  9 -6 -8 -9 -5 -6 -8 -2 -9 -8 -3 -7 -9 -8 -6 -7 -9 -8 -8    0  97   0   0   0   0   0   0   1   0   0   1   0   0   0   1   0   0   0   0  3.32 1.32
  125 Q   -6 -5 -6 -5 -9  8  4 -6 -6 -6 -8 -5 -4 -9 -5 -6 -7 -8 -7 -7    0   0   0   0   0  69  28   0   0   1   0   0   1   0   1   0   0   0   0   0  2.57 1.19
  126 F   -6 -8 -8 -9 -8 -8 -8 -9  4 -6 -3 -7 -5  9 -5 -6 -6 -5 -3 -6    1   0   0   0   0   0   0   0   9   0   3   0   0  84   1   1   0   0   0   0  3.07 1.19
  127 H   -6 -2  1 -4 -4 -1 -4 -7  9 -5 -5 -4 -4  0 -7 -2  0  7  4 -5    0   2   7   1   0   3   1   0  42   1   1   1   0   4   0   3   7  13  13   1  1.78 0.82
  128 Q   -7 -5 -6 -7 -9  9 -4 -8 -1 -6 -8 -5 -7 -9 -6 -5 -5 -8 -8 -8    0   0   0   0   0  95   1   0   1   1   0   0   0   0   0   1   1   0   0   0  3.42 1.46
  129 F    0 -5 -7 -7 -2 -7 -7 -5 -6  4  1 -7  0  7 -7 -5 -4  0  0  1    8   0   0   0   1   0   0   1   0  21  13   0   2  40   0   0   1   1   2   8  1.23 0.59
  130 G   -5 -7  1  0 -8 -7 -6  7 -7 -9 -9 -7 -8 -9 -7 -2 -6 -8 -8 -8    0   0   6   6   0   0   0  84   0   0   0   0   0   0   0   3   0   0   0   0  2.37 1.01
  131 V    2 -6 -6 -7  4 -6 -6 -5 -6  4  0 -6 -1  2 -6 -4 -2 -2 -2  5   18   0   0   0   7   0   0   1   0  18   7   0   1   7   0   0   2   1   1  37  0.96 0.52
  132 E   -7 -6 -5 -3 -10 -3  8 -8 -6 -9 -9 -5 -8 -9 -7 -6 -7 -9 -8 -9    0   0   0   1   0   1  98   0   0   0   0   0   0   0   0   0   0   0   0   0  3.08 1.33
  133 C    2 -5 -2 -5  3 -4 -5 -4 -2  3  2 -4  0  1 -5 -1 -1  0  1  2   20   0   2   0   6   0   0   1   1  14  18   0   2   5   0   4   3   1   5  16  0.45 0.32
  134 L   -6 -7 -8 -8 -5 -7 -8 -8 -7  6  3 -7 -2  5 -7 -7 -5 -4  0  0    0   0   0   0   0   0   0   0   0  39  25   0   1  25   0   0   0   0   3   6  1.52 0.69
  135 G   -4 -8 -1 -4 -5 -8 -6  8 -5 -7 -8 -7 -7 -9 -8 -4 -6 -9 -9 -9    1   0   4   1   0   0   1  90   0   0   0   0   0   0   0   1   0   0   0   0  2.60 1.12
  136 V    1 -3 -1  1 -2 -2  1 -1 -2 -1 -3 -2 -2 -1 -1  4  0 -4  0  0   11   1   3   9   1   1  10   4   1   3   2   2   1   3   3  30   5   0   3   7  0.31 0.30
  137 K    1 -1  1  3 -4  0  1 -1 -1 -3 -3  2 -2 -4  1  2 -1 -6 -3 -3   13   3   6  17   0   4  10   4   1   1   2  11   1   1   8  13   4   0   1   1  0.32 0.27
  138 N   -1 -1  2  4 -5 -3  0  1  2 -6 -5 -2 -5 -6 -4  4  0 -7 -4 -6    4   3  11  20   0   1   7  12   5   0   1   2   0   0   1  27   5   0   0   0  0.66 0.46
  139 P    0 -7 -7 -4 -5 -5 -4 -4 -5 -1 -5 -5 -3 -2  8 -1 -4 -5  0 -1    8   0   0   1   0   0   1   1   0   4   1   1   1   2  65   5   1   0   3   5  1.82 0.91
  140 A    2 -1 -3  0 -3  0  2 -3 -1  0  1 -2  0  1 -4  0 -1  0  2 -1   17   3   1   5   0   3  14   2   2   6  16   2   2   6   0   6   2   1   9   4  0.17 0.20
  141 V    4 -3 -2 -3 -1 -2 -3 -3 -2  3  1 -3  0 -2 -4  1 -1 -4  0  2   31   1   2   1   1   2   1   2   1  14  12   1   2   1   0  10   3   0   3  12  0.40 0.32
  142 D   -6 -8 -3  8 -10 -5  1 -8 -4 -6 -9 -7 -9 -7 -8 -6 -7 -10 -4 -7    0   0   1  87   0   0   8   0   0   0   0   0   0   0   0   0   0   0   1   0  2.84 1.21
  143 V    6 -6 -7 -7 -3 -6 -6 -4 -5  0 -2 -6 -4  0 -6 -3 -3 -7 -3  3   59   0   0   0   0   0   0   1   0   6   4   0   0   4   0   1   1   0   1  21  1.35 0.74
  144 E   -6 -5 -5 -1 -10  1  8 -8 -3 -8 -5 -4 -5 -5 -7 -5 -5 -5 -6 -8    0   0   0   3   0   6  85   0   1   0   2   0   0   1   0   0   1   0   0   0  2.47 1.16
  145 I   -1 -6 -4 -7  0 -3 -6 -5 -6  4  3 -6  2 -4 -7 -3  0 -7 -5  5    4   0   1   0   2   2   0   1   0  19  22   0   5   0   0   2   5   0   0  38  0.99 0.54
  146 I   -6 -8 -9 -9 -7 -8 -9 -9 -9  8  1 -8  2 -3 -8 -8 -6 -8 -7  1    0   0   0   0   0   0   0   0   0  77  10   0   5   1   0   0   0   0   0   6  2.36 0.99
  147 A    2 -2 -1  0 -1  0  0 -2  0  0  1 -2  1  0 -4  1  0 -1 -1 -1   22   1   3   5   1   5   7   2   2   4  16   2   4   4   0  12   4   1   2   4  0.14 0.19
  148 M   -3 -6 -7 -7 -2 -4 -7 -7 -7  2  5 -7  6  0 -7 -4 -2 -5 -3  0    2   0   0   0   1   1   0   0   0  11  52   0  19   4   0   1   2   0   1   7  1.31 0.66
  149 A    5 -5 -3 -5  1 -2 -5  1 -5  0  1 -5  0 -2 -4 -1  0 -5 -3  0   41   0   1   0   3   2   0  12   0   4  16   0   2   2   0   5   6   0   1   5  0.63 0.44
  150 D    0 -1  1  0  0 -1 -2 -4  3 -1 -1  0  3 -1 -5  0 -2  5  4  0    8   3   6   6   2   3   2   0   6   3   5   5   7   2   0   7   2   8  16   7  0.34 0.28
  151 T    0  3  2  3 -4  1  2 -3  1 -4 -2  1 -2 -3 -4  0  1 -4 -3 -4    7  15   8  16   0   7  11   1   4   1   4   6   1   1   0   6   9   0   1   1  0.36 0.30
  152 L   -3 -6 -7 -7  1 -6 -7 -5 -6  4  3 -6  1  5 -6 -2 -2  1  0  0    2   0   0   0   3   0   0   1   0  25  26   0   3  25   0   3   2   2   3   5  1.00 0.52
  153 F   -4 -6 -6 -8 -1 -6 -6 -7 -5  0  5 -7  2  4 -8 -7 -5  5  3 -2    2   0   0   0   2   0   0   0   0   4  51   0   4  18   0   0   0   6   8   3  1.31 0.66
  154 R   -2  3  1  0 -2  2  2 -3 -1 -3 -4  4 -4 -5 -5  0 -1 -6 -4 -4    3  17   6   6   1   8  12   2   1   2   2  28   0   0   0   7   4   0   1   1  0.61 0.42
  155 Q    1  2  1  1 -3  0  3 -2 -2 -3 -4  2 -2 -3 -4  1  0 -3 -4 -3   14  11   6   7   1   4  20   2   1   1   2  11   1   1   0  12   5   0   0   1  0.37 0.31
  156 L   -2 -6 -7 -8 -1 -7 -7 -7 -6  2  6 -7  0  2 -7 -5 -4 -1 -4  1    4   0   0   0   1   0   0   0   0  10  63   0   2   8   0   1   1   1   0   8  1.32 0.66
  157 G   -3 -3  2 -1 -8 -2 -1  7 -3 -6 -7 -1 -5 -7 -5 -2 -5 -8 -6 -8    1   2   8   3   0   2   4  70   1   0   0   4   0   0   0   2   0   0   0   0  1.68 0.81
  158 I   -4 -6 -6 -7 -3 -7 -7 -7 -7  5  5 -6 -1  0 -6 -7 -5 -6 -5  2    1   0   0   0   1   0   0   0   0  32  47   0   1   4   0   0   0   0   0  12  1.39 0.66
  159 T   -1  1  1  1 -3  1  1 -1 -1 -5 -4  4 -3 -5  0  1  1 -5 -4 -4    5   6   8   8   0   5  10   4   2   0   1  25   0   0   5  10   9   0   0   1  0.39 0.30
  160 G   -3 -2  4  5 -5  0  1  2  1 -5 -6  0 -5 -6 -2 -1 -3 -6 -4 -5    2   2  21  29   0   4   7  15   4   0   1   6   0   0   2   4   1   0   1   1  0.79 0.45
  161 L   -1 -5 -5 -5  0 -4 -4 -5 -3  2  2 -4  0  4 -3 -3 -1  1  4  3    4   0   0   0   2   0   1   0   1  12  22   1   2  14   2   1   4   2  12  18  0.61 0.36
  162 K   -2  2 -1  0 -2  1  2 -4  0 -1 -3  2 -2 -3 -4  1  3 -4 -2  0    3  11   3   4   1   5  12   1   2   4   1  13   1   1   0   9  18   0   1   8  0.30 0.28
  163 L   -4 -7 -8 -8 -6 -7 -8 -8 -8  3  5 -7  1  1 -6 -7 -4 -7 -5  3    1   0   0   0   0   0   0   0   0  13  60   0   2   5   0   0   1   0   0  18  1.46 0.70
  164 A   -3  2  0 -2 -4  3  4 -5  5 -3 -1  2 -3 -4 -5 -2 -3 -3  0 -3    1  11   4   1   0  11  25   0  12   1   8  14   1   1   0   3   1   0   3   2  0.66 0.45
  165 L   -6 -8 -8 -8 -5 -7 -8 -8 -8  7  4 -7 -2 -4 -8 -7 -4 -4 -5  3    0   0   0   0   0   0   0   0   0  51  32   0   1   0   0   0   1   0   0  15  1.73 0.78
  166 N   -6 -7  9 -5 -9 -6 -6  1 -3 -9 -9 -6 -8 -9 -8 -2 -5 -9 -8 -9    0   0  85   0   0   0   0  10   1   0   0   0   0   0   0   2   1   0   0   0  2.92 1.25
  167 T   -4 -6  2 -2 -2 -4 -5 -6  3 -7 -7 -5 -5 -1 -6  6  3 -2  1 -7    0   0   8   2   1   1   0   0   7   0   0   0   0   2   0  59  15   1   4   0  1.48 0.85
  168 L   -6 -5 -7 -8 -6 -7 -8 -8 -8  5  5 -7  1 -3 -8 -7 -3 -7 -6  2    0   1   0   0   0   0   0   0   0  34  46   0   3   1   0   0   1   0   0  14  1.51 0.71
  169 G   -4 -6 -6 -6 -5 -8 -8  8 -8 -7 -9 -7 -8 -7 -7 -3 -6 -8 -9 -7    1   1   0   0   0   0   0  94   0   0   0   0   0   0   0   2   0   0   0   0  2.77 1.16
  170 D   -4 -5  0  4  8 -4 -3 -2 -2  0 -4 -4 -3 -7 -6  1  0 -7 -5 -2    1   1   5  25  32   1   1   3   1   5   1   1   1   0   0  12   7   0   0   3  1.26 0.65
  171 M    1  1  0 -1 -4  0  1 -2 -2 -1  0  1 -1 -1  4  0 -1 -3 -2 -2   10   7   3   3   0   4   8   3   1   4  10   9   1   3  20   8   3   0   1   2  0.25 0.21
  172 E    1  1  1  1 -4  1  4 -3 -2 -2 -4  1 -3 -5 -3 -1 -1 -6 -4 -1   11   6   6   8   0   5  33   2   1   2   1   9   1   0   1   5   4   0   0   5  0.49 0.36
  173 S   -1 -6 -2  3  9 -4  1 -3 -6 -4 -6 -4 -6 -5 -5  2  1 -6 -6 -4    4   0   2  13  38   1  10   2   0   1   0   1   0   0   0  17   8   0   0   1  1.43 0.70
  174 R   -4  8 -5 -6 -7 -1 -4 -7 -3 -3 -4  1 -1 -4 -7 -5 -6 -7 -4 -3    1  77   0   0   0   2   1   0   1   2   2   7   1   1   0   1   0   0   1   2  2.19 0.97
  175 M    1  0 -1 -1 -4  2  1 -2 -2 -2 -2  2 -1 -4  5  0 -1 -5 -4 -2   11   4   3   3   0   8  10   3   1   2   4  12   1   0  25   5   3   0   0   3  0.47 0.33
  176 A    2  2  2 -1 -3  1  1 -1 -1 -2 -2  3 -3 -4 -1 -1 -1 -5 -3 -1   19  11   9   4   0   5   8   3   1   3   4  16   0   1   3   4   3   0   0   5  0.24 0.22
  177 Y   -6 -5 -7 -7 -7 -4 -6 -7  1 -1 -4 -3 -3  3 -6 -4 -6  2  9 -3    1   1   0   0   0   1   1   0   3   4   1   2   1  12   1   1   0   2  68   2  2.42 1.03
  178 R   -2  5  0 -4 -3  0 -1 -4 -1  2  0  2  0 -4 -4 -1 -1 -6 -4  1    2  28   5   0   1   4   4   1   1  10   9  13   2   0   1   5   3   0   0   9  0.45 0.33
  179 Q    0  0  0  1 -6  2  4 -2 -3 -3 -3  3 -1 -3 -4 -1 -1 -6 -5 -3    9   4   5   9   0   9  25   3   0   2   2  19   2   1   1   4   3   0   0   2  0.49 0.37
  180 A    3  1 -2  0 -3  0  1 -3 -1  0  0  2 -1 -4 -3 -1 -1 -4 -2  0   30   7   1   4   0   3  11   2   1   5   8  12   1   0   1   4   3   0   1   7  0.28 0.28
  181 L   -5 -8 -9 -6 -7 -8 -8 -9 -5  0  7 -5 -2 -1 -8 -8 -7 -7 -5 -2    1   0   0   0   0   0   0   0   0   5  88   1   0   2   0   0   0   0   0   2  2.14 0.96
  182 I   -2  3 -3 -4 -4  1 -1 -4 -3  2  0  4 -2 -3 -5 -2  0 -6 -3  2    2  17   1   0   0   6   3   1   0  10   7  24   1   1   0   3   5   0   1  15  0.47 0.35
  183 D    1 -1  1  4 -5  0  3 -2 -3 -4 -4  2 -4 -6 -3  0  0 -6 -5 -4   13   3   7  21   0   4  22   3   0   1   1  11   0   0   1   6   5   0   0   1  0.56 0.40
  184 Y   -2 -3 -4 -7 -3 -5 -3 -6  3 -3 -4 -1 -5  6 -8 -3 -5  1  8 -5    4   2   1   0   1   0   2   0   6   2   1   5   0  27   0   2   1   2  45   1  1.76 0.83
  185 L   -3 -6 -7 -7 -3 -3 -7 -4 -6  0  5 -7 -1  5 -7 -5 -4 -2  3 -2    2   0   0   0   0   1   0   2   0   5  50   0   1  25   0   1   1   0  10   2  1.29 0.64
  186 T    0  3  0  0 -4  1  2 -2 -1 -1 -2  3 -1 -4 -4  1  0 -4 -3 -3    8  14   3   6   0   6  14   3   1   4   3  18   2   0   0  11   7   0   1   1  0.33 0.28
  187 P    0  0  1  2 -4  1  0  0 -3 -4 -4  2 -4 -6  4  1 -1 -6 -4 -4    7   5   6  10   0   7   7   8   1   1   1  14   0   0  20  10   4   0   0   1  0.45 0.33
  188 F   -4  2  2 -4 -4 -1 -2 -5  7  0 -1  2 -2  1 -6 -3 -4 -3  4 -1    0  10   9   1   0   2   2   0  22   5   6  14   1   6   0   2   1   0  13   5  0.75 0.46
  189 E   -1  2 -2 -1 -5  1  2 -4 -2  1  1  3 -1 -1 -4 -1 -2 -3 -1 -1    6  11   1   3   0   5  12   1   0  10  15  21   1   2   0   4   1   0   2   4  0.27 0.24
  190 N    0 -1  2  4 -5 -1  2  0  0 -5 -5  1 -4 -5 -1  1 -1 -4 -4 -5    9   3  11  25   0   2  13   6   2   0   1   7   0   0   3  11   4   0   0   1  0.51 0.36
  191 Q   -1  1  0  2 -3  3  3 -1  0 -3 -2  3 -2 -3 -3  0 -2 -4 -3 -2    5   6   4  13   0  12  17   4   2   2   3  15   1   1   1   8   2   0   1   2  0.34 0.27
  192 L   -5 -5 -7 -8 -4 -7 -7 -5 -7  2  6 -6  2  1 -7 -7 -4 -3 -3 -1    1   1   0   0   0   0   0   1   0   8  73   0   5   4   0   0   1   0   1   3  1.60 0.75
  193 S   -3 -6 -3  3 10 -6 -4 -4 -5 -7 -6 -4 -7 -8  0  3 -2 -8 -7 -5    2   0   1  15  48   0   1   2   0   0   1   1   0   0   4  22   2   0   0   0  2.02 0.92
  194 E    1 -2 -1  3 -6  0  4 -1 -2 -4 -3  1 -4 -4  2  0 -2 -6 -5 -3   11   2   2  14   0   3  29   4   1   1   3   8   0   1  10   7   2   0   0   2  0.52 0.39
  195 D   -3 -4  1  7 -7 -3  2 -4 -2 -1 -3 -2 -5 -4 -4 -3  0 -7 -5 -3    2   1   5  54   0   1  14   2   1   4   4   2   0   1   1   2   6   0   0   2  1.23 0.65
  196 S   -2 -7 -2  0 10 -4 -1 -3 -2 -4 -3 -3 -4 -3 -7  3 -3 -7 -3 -4    3   0   2   5  48   1   5   2   1   1   2   1   0   1   0  23   2   0   1   1  1.79 0.83
  197 R   -3  4 -1 -5 -6  5 -2 -6 -1 -2 -1  4 -3 -3 -5 -3 -3 -4 -3 -1    2  21   2   0   0  27   2   0   2   2   6  26   0   1   0   1   1   0   1   4  0.98 0.58
  198 R   -1  5  1  0 -6  0  3 -2 -2 -2 -3  2 -2 -5 -4 -1 -1 -4 -3 -2    5  30   6   6   0   3  17   2   1   2   3  12   1   0   1   4   4   0   1   3  0.57 0.38
  199 R   -5  8 -4 -4 -8 -3 -2 -7 -2 -6 -5  2 -5 -6 -7 -4 -4 -4 -4 -6    1  77   0   1   0   1   3   0   1   1   1   9   0   0   0   1   1   0   1   1  2.26 1.01
  200 L   -2 -3 -5 -6 -4 -4 -6 -6 -3  3  4 -3  3  3 -6 -4 -4 -3  3  0    4   2   0   0   0   0   0   0   1  15  43   2   6  11   0   1   1   0   8   4  0.88 0.47
  201 N   -2 -1  0  2 -5  2  5 -3  0 -2 -2  2 -2 -3 -4 -1  0 -5 -1 -2    3   2   4  10   0   7  35   2   2   2   4  10   1   1   0   5   5   0   3   3  0.54 0.38
  202 E   -2  3  0 -1 -5  0  0 -3 -1 -2 -2  4 -3 -4 -4  0  3 -6 -4 -2    2  16   3   4   0   3   7   2   1   2   4  25   1   1   0   6  20   0   0   3  0.53 0.38
  203 N   -4 -3  9 -2 -7 -5 -2 -3  0 -7 -7 -4 -7 -3 -7 -2 -4 -7 -6 -7    1   2  81   1   0   0   3   2   2   0   0   1   0   2   0   3   1   0   0   0  2.51 1.08
  204 P   -3 -6 -7 -4 -4 -5 -6 -5 -4  0 -5 -4 -5 -6  8 -4 -2 -8 -7  1    2   0   0   1   0   1   0   1   1   6   1   1   0   0  70   1   3   0   0  11  2.14 0.98
  205 L   -7 -6 -8 -7 -7 -7 -5 -9 -8  0  6 -5  3  0 -8 -7 -5 -2 -5 -4    0   0   0   0   0   0   1   0   0   4  80   1   7   4   0   0   0   1   0   0  1.92 0.88
  206 R   -6  9 -5 -6 -9 -4 -5 -7 -2 -5 -7  0 -7 -4 -6 -4 -7 -2 -7 -8    0  88   0   0   0   0   0   0   1   1   0   4   0   1   1   1   0   1   0   0  2.80 1.20
  207 V   -2 -7 -7 -7 -4 -7 -4 -8 -4  6  2 -4  0 -1 -7 -6 -3 -7 -5  4    4   0   0   0   0   0   1   0   1  42  17   1   2   3   0   0   1   0   0  27  1.28 0.62
  208 L   -5 -7 -8 -8 -6 -7 -4 -8 -7  0  6 -6 -2  3 -8 -7 -6 -4 -2 -3    1   0   0   0   0   0   1   0   0   4  78   1   1  12   0   0   0   0   1   1  1.87 0.86
  209 D   -7 -7 -2  8 -9 -6 -1 -3 -7 -6 -5 -7 -8 -9 -7 -4 -5 -10 -9 -9    0   0   1  89   0   0   3   3   0   1   1   0   0   0   0   1   0   0   0   0  2.83 1.20
  210 S   -3 -7 -6 -1 10 -5 -6 -5 -5 -3 -5 -2 -2 -7 -5  4  0 -7 -7 -3    2   0   0   4  48   0   0   1   0   2   1   2   1   0   0  31   5   0   0   2  2.10 0.94
  211 K   -6 -2 -3 -5 -8 -3 -4 -6 -5 -6 -8  8 -7 -5 -4 -6 -4 -8 -7 -8    0   1   1   1   0   1   1   1   0   1   0  90   0   1   1   0   1   0   0   0  2.64 1.16
  212 E   -2 -1  4  4 -4 -1  3 -3 -1  0 -3 -1 -4 -4 -4 -1 -2 -6 -5  2    3   3  20  19   0   2  16   2   1   5   3   4   0   0   0   5   2   0   0  13  0.52 0.37
  213 A   -1 -2 -2  2 -1  0  4 -5 -3 -2 -3  0 -4 -4  4 -1 -3 -6 -3 -4    6   2   1  12   2   4  30   1   0   2   3   6   0   1  22   5   1   0   1   1  0.72 0.47
  214 E    1  0  1  0 -3  1  2  1  1 -3 -4  2 -3 -4 -2  1  0 -5 -3 -3   11   5   7   6   1   7  11  13   3   2   1  12   1   0   1  12   6   0   1   1  0.25 0.22
  215 D   -3 -5 -3  4  9 -2 -1 -6 -1  0 -2 -2  1 -6 -6 -3  1 -4 -3 -1    2   1   1  21  38   2   4   0   2   5   3   3   4   0   0   1   8   0   1   4  1.32 0.66
  216 I   -2  3 -3 -4 -5  6 -1 -4  1  1 -2  3 -1 -4 -5 -2 -3 -5 -4 -2    4  15   1   0   0  32   3   1   3   9   4  20   1   1   0   2   1   0   0   3  0.84 0.54
  217 A    2  0  0  1 -4  1  4 -2 -1 -2 -2  2 -3 -4  1 -1 -1 -5 -3 -2   16   4   5   7   0   5  24   2   1   3   4  11   0   1   8   4   2   0   1   2  0.35 0.29
  218 I    0 -3 -4 -4 -2 -3 -4 -4 -3  5  3 -3  0  1 -5 -3 -2 -5 -1  2    9   1   1   1   1   1   1   1   1  28  25   2   2   6   0   2   2   0   2  16  0.61 0.36
  219 V    0 -2 -2 -5 -1 -4 -4 -5 -3  3  3 -1  2  0 -3 -2  0 -5 -1  2    9   2   3   0   2   0   1   0   0  19  25   5   5   4   1   3   5   0   2  14  0.41 0.28
  220 K    2  0  0  1 -4  1  3 -1 -2 -2 -2  3 -4 -5 -4  0 -2 -3 -4 -3   17   5   3   7   0   6  17   4   1   2   4  21   0   0   0   7   2   0   0   2  0.38 0.32
  221 N   -1 -1  3  4 -5  1  2  2 -1 -3 -4  1 -3 -5 -4  0 -1 -6 -5 -4    5   3  15  21   0   6  14  13   1   1   2   7   1   0   1   6   3   0   0   1  0.49 0.35
  222 A    6 -6 -6 -5 -2 -6 -3 -3 -5 -1  0 -5  0  0 -5 -1 -4 -7 -4 -1   65   0   0   1   1   0   1   2   0   4   9   0   2   4   0   4   1   0   1   5  1.23 0.71
  223 P   -6 -6 -7 -2 -9 -7 -2 -8 -6 -7 -9 -2 -8 -4  9 -4 -5 -9 -9 -7    0   0   0   2   0   0   3   0   0   0   0   3   0   1  87   1   1   0   0   0  2.96 1.31
  224 A   -1  2 -1  0 -3  2 -1 -3 -1 -1  0  3 -2 -3 -1  1  0 -5 -3 -1    5  11   2   5   0   9   3   1   2   4   8  22   1   1   3  12   6   0   1   5  0.27 0.26
  225 I   -4 -4 -5 -5 -5 -4 -4 -5 -6  6  3 -6  4  0 -2 -2 -1 -6 -2  0    1   1   0   1   0   1   1   1   0  44  25   0   8   3   2   3   4   0   2   3  1.05 0.56
  226 L    0 -1 -1 -1 -3 -1  0 -1 -1  2  2  0  0  0 -2  0  1 -2 -1  1    6   3   2   4   0   3   6   4   2  12  20   5   2   3   1   9   8   0   2   8  0.06 0.10
  227 D   -2 -5  1  7 -8  0  3 -2 -3 -6 -6 -2 -6 -7 -3 -1 -4 -8 -7 -7    3   0   7  57   0   3  16   3   1   0   1   3   0   0   1   4   1   0   0   0  1.51 0.77
  228 Y   -3 -3 -1 -4 -1 -3 -2 -5  5 -3 -2 -4 -1  5 -5  1 -3  0  6 -2    3   1   3   1   2   1   3   1  12   1   3   1   1  24   0   9   1   1  28   3  1.06 0.57
  229 L   -4 -4 -6 -6 -6 -5 -5 -7 -4  2  6 -7 -1 -2 -7 -5 -5  0  0 -1    1   1   0   1   0   1   1   0   0  10  73   0   1   1   0   1   0   1   3   3  1.52 0.74
  230 N   -2 -5  1  3  9 -5 -2  0 -5 -6 -6 -2 -6 -6 -4  3  0 -7 -4 -5    2   0   7  13  36   0   3   6   0   0   0   3   0   0   1  19   6   0   1   0  1.34 0.69
  231 E   -1 -2  0  3 -5  0  4 -2 -2 -4 -3  1 -2 -5  2  0  0 -6 -3 -3    6   1   4  18   0   4  26   4   1   1   3   8   1   0  11   7   5   0   1   2  0.50 0.37
  232 A    1 -2 -1  4 -4 -1  5 -2 -3 -3 -5  0 -5 -4 -1  0 -1 -6 -4 -4   10   2   3  19   0   2  34   4   1   2   1   5   0   1   4   7   4   0   1   1  0.66 0.45
  233 S    1 -5 -3  1  9 -4  0 -5 -6 -6 -6 -4 -3 -7 -4  4 -2 -7 -6 -5    9   0   1   8  39   1   6   1   0   0   0   1   1   0   1  29   3   0   0   0  1.62 0.80
  234 K    0  4 -1 -3 -5  1 -1 -3 -1 -2  0  4 -3 -4 -5 -1 -2 -6 -3 -3    9  25   3   1   0   6   4   2   2   3  10  25   0   1   0   5   2   0   1   1  0.58 0.40
  235 A    2  0  1  2 -4  1  3 -2 -1 -2 -3  1 -3 -5 -3  0  0 -5 -4 -2   17   5   8  11   0   6  21   2   1   2   2   9   0   0   0   7   6   0   0   2  0.36 0.30
  236 Y   -4  2  0 -2 -4 -3 -2 -5 10 -5 -5 -2 -4  0 -7 -4 -3 -4  3 -7    2  10   5   2   0   1   3   1  54   1   1   3   0   3   0   1   2   0  10   0  1.93 0.88
  237 F   -6 -7 -7 -7 -7 -5 -8 -8  0 -2  1 -5 -3  9 -8 -5 -7  3  2 -4    1   0   0   0   0   1   0   0   2   2  13   1   0  68   0   1   0   3   6   1  2.22 0.96
  238 E    0  0  1  3 -6  1  4 -2 -1 -3 -4  2 -1 -3 -5 -1 -1 -6 -2 -3    9   4   7  16   0   7  27   2   1   1   1  11   2   1   0   3   4   0   1   2  0.51 0.38
  239 E    1  1  0  0 -4  2  3  0 -1 -4 -3  3 -2 -3 -4  0  0 -4 -3 -3   10   8   5   4   0  11  18   6   1   1   2  18   1   1   0   7   6   0   1   1  0.36 0.31
  240 V   -5 -7 -8 -8 -6 -7 -7 -8 -8  3  3 -7  0  0 -7 -6 -1 -4 -4  6    0   0   0   0   0   0   0   0   0  12  29   0   2   4   0   0   4   0   0  49  1.40 0.70
  241 K   -4  2 -4 -5  5  2 -2 -6 -4 -1  3  3 -2 -2 -6 -3 -1 -6 -4 -2    1  11   1   0  11  11   2   0   0   4  30  20   1   2   0   1   4   0   0   2  0.69 0.47
  242 A    1  1  1  2 -4  1  4 -1 -1 -4 -4  2 -2 -5 -4  1 -1 -6 -3 -4   11   8   7  10   0   5  24   4   1   1   2  10   1   0   0  10   3   0   1   1  0.43 0.35
  243 L   -1 -2 -1 -4  0 -2 -3  1  2  1  2 -3  1  1 -5 -2 -2 -1  5 -2    5   2   3   0   2   2   1  12   4   9  23   1   3   5   0   3   2   1  20   2  0.40 0.31
  244 L   -5 -8 -9 -6 -3 -8 -9 -7 -9 -2  7 -7 -2 -4 -9 -8 -7 -7 -7 -2    1   0   0   1   1   0   0   1   0   2  92   0   1   1   0   0   0   0   0   2  2.28 1.03
  245 E   -2  0  1  6 -6  0  2 -3 -2 -5 -6  2 -5 -7 -5  0  1 -7 -6 -5    4   5   6  37   0   4  11   2   1   0   1  13   0   0   0   7   7   0   0   1  0.84 0.52
  246 A    2  0  0  1 -3  1  2 -2 -1 -1 -1  1 -1 -2 -4  0 -1 -3 -1 -2   21   4   3   9   1   6  16   3   1   4   6   9   1   1   0   7   4   0   2   3  0.22 0.22
  247 L    1 -2 -1 -5  0 -2 -3 -4 -1  0  4 -4  3  1 -5 -2 -2  0  1  0   11   2   4   0   2   2   2   1   1   5  39   1   8   7   0   3   2   1   5   5  0.48 0.34
  248 H   -3 -3  3  2 -4 -1  1  5  0 -8 -7  1 -6 -7 -6 -1 -5 -7 -6 -7    2   2  15  10   0   3   7  48   2   0   0   8   0   0   0   3   0   0   0   0  1.13 0.62
  249 I   -4 -5 -7 -4 -3 -5 -5 -8 -8  7  0 -7 -2 -3 -6 -7 -4 -3 -5  4    1   1   0   1   1   1   1   0   0  55   7   0   1   1   0   0   1   0   0  29  1.69 0.79
  250 E    0 -2  1  2 -6 -1  1 -3 -1 -5 -6  2 -5 -6  5  1 -2 -7 -5 -5    7   2   6  11   0   2   9   1   2   0   0  12   0   0  33  11   2   0   0   1  0.82 0.52
  251 Y   -4 -7 -8 -8 -2 -7 -8 -8  0 -2 -5 -8 -5  6 -3 -7 -5  1  9 -3    1   0   0   0   1   0   0   0   2   2   0   0   0  29   2   0   1   1  58   2  2.45 1.08
  252 T   -2  1 -1 -2 -3  1  3 -5  1  1 -3  2 -2 -4 -5  0  2 -6 -3  2    2   7   3   2   0   6  22   0   3   8   2  10   1   1   0   6  14   0   1  13  0.39 0.34
  253 I   -4 -2 -5 -4 -4 -3  0 -7  0  5  3 -3 -1 -2 -5 -5 -3  0 -2  4    0   3   0   1   0   1   8   0   2  27  23   1   1   1   1   0   1   1   2  27  0.81 0.48
  254 D   -3 -5  7  6 -4 -4 -1 -6 -4 -8 -8 -3 -6 -8 -7 -1 -3 -9 -8 -5    2   1  44  40   0   0   4   0   0   0   0   1   0   0   0   4   2   0   0   1  1.83 0.90
  255 P   -3 -2  1 -1 -7 -1 -1 -5  2 -5 -1  0 -2  0  6 -1 -1 -4 -1 -5    2   2   6   4   0   2   4   1   5   0   6   5   1   4  45   5   4   0   2   0  0.99 0.59
  256 N   -3  5  2 -3 -4  0 -3  1  3 -5 -3  2 -2  0 -5  0  0 -3  2 -5    1  30   8   1   0   3   1   9   6   0   3  12   1   4   0   8   6   0   7   0  0.58 0.42
  257 M   -7 -8 -9 -9 -7 -7 -8 -9 -8  4  6 -8  2 -3 -8 -8 -4 -7 -6 -2    0   0   0   0   0   0   0   0   0  18  74   0   4   1   0   0   1   0   0   2  1.90 0.88
  258 V    0 -8 -9 -9 -7 -8 -8 -6 -9 -1 -4 -8 -3 -4 -8 -7 -6 -5 -5  8    9   0   0   0   0   0   0   1   0   2   0   0   1   1   0   0   0   0   0  87  2.44 1.10
  259 R   -8  9 -7 -8 -10 -5 -7 -7 -7 -10 -9 -3 -8 -9 -7 -7 -8 -9 -8 -9    0  98   0   0   0   0   0   0   0   0   0   1   0   0   0   0   0   0   0   0  3.43 1.41
  260 G   -6 -8 -5 -5 -9 -8 -6  8 -8 -10 -10 -8 -9 -9 -6 -5 -6 -9 -9 -8    0   0   0   1   0   0   0  97   0   0   0   0   0   0   0   1   0   0   0   0  2.92 1.22
  261 L   -6 -6 -9 -9 -7 -8 -8 -9 -8 -1  7 -6 -2  1 -9 -7 -7 -7 -6 -4    0   0   0   0   0   0   0   0   0   2  90   0   0   5   0   0   0   0   0   1  2.24 0.99
  262 D   -5 -8 -3  9 -10 -6  0 -5 -7 -9 -10 -7 -9 -10 -8 -6 -7 -11 -9 -9    1   0   1  93   0   0   4   1   0   0   0   0   0   0   0   0   0   0   0   0  3.07 1.25
  263 Y   -9 -9 -9 -10 -4 -8 -9 -10 -5 -8 -8 -9 -8 -3 -10 -9 -8 -4 10 -8    0   0   0   0   1   0   0   0   0   0   0   0   0   0   0   0   0   0  99   0  4.14 1.57
  264 Y   -9 -9 -9 -10 -9 -8 -9 -10 -2 -8 -8 -9 -8 -4 -10 -9 -8 -4 10 -8    0   0   0   0   0   0   0   0   1   0   0   0   0   0   0   0   0   0  99   0  4.15 1.58
  265 N   -4 -2  4 -2  1 -3 -3 -5 -3 -4 -7 -4 -4 -7 -6  1  7 -8 -7 -2    0   2  17   3   3   1   1   1   1   1   0   1   0   0   0  10  56   0   0   3  1.46 0.79
  266 D   -5  5  0  1 -7 -1 -2  3  5 -7 -5  2 -4 -7 -6 -2 -5 -7 -4 -7    0  31   4   9   0   2   3  21  13   0   1  13   0   0   0   2   0   0   1   0  1.05 0.58
  267 T   -5 -7 -5 -7 -3 -6 -7 -7 -7  1 -1 -6  2 -1 -4 -3  7 -8 -7 -1    1   0   0   0   1   0   0   0   0   6   6   0   5   3   1   2  71   0   0   5  1.83 0.92
  268 I    2 -7 -7 -8 -2 -7 -7 -6 -8  1 -4 -7 -4 -6 -7 -5  1 -8 -4  7   15   0   0   0   1   0   0   0   0   7   1   0   0   0   0   0   9   0   0  66  1.68 0.81
  269 F   -8 -9 -9 -10 -9 -9 -10 -9 -7 -4 -5 -9 -6 10 -10 -9 -8  3  0 -6    0   0   0   0   0   0   0   0   0   1   0   0   0  93   0   0   0   4   2   0  3.53 1.30
  270 E   -7 -5 -6 -3 -10 -3  8 -8 -6 -9 -7 -5 -8 -9 -7 -6 -7 -9 -8 -8    0   0   0   1   0   0  97   0   0   0   0   0   0   0   0   0   0   0   0   0  3.02 1.28
  271 F   -3 -7 -7 -8 -2 -7 -7 -7 -6  5 -1 -7 -2  6 -7 -6 -5  6  1  3    2   0   0   0   1   0   0   0   0  30   5   0   1  29   0   0   0   9   3  19  1.43 0.65
  272 I   -2  0 -3 -2 -3  0 -1 -5  0  2 -1  1  0  0 -5 -2  2  2  2  3    2   4   1   2   0   4   4   0   2  11   5  10   2   4   0   2  16   2   8  22  0.33 0.28
  273 V    1 -4 -2 -1  0 -3 -3 -2  3 -1 -3 -3 -4 -3  1  4  2 -3  1  0   13   0   2   3   2   1   1   2   7   4   2   1   0   1   6  30  15   0   4   7  0.45 0.37
  274 D   -1 -1  1  3 -4  1  3  0 -3 -4 -5  1 -4 -5  3  1  0 -6 -3 -4    4   3   6  17   0   5  18   8   0   1   1   9   0   0  13   9   5   0   1   0  0.45 0.32
  275 F    1  0  1  2 -3  0  1  2  0 -2 -2  1 -2 -3 -2  1 -1 -4 -2 -2   10   4   6  14   1   3  11  16   2   2   5   8   1   1   1  10   2   0   1   2  0.21 0.18
  276 D   -3 -4 -1  1 -4 -2  0 -2 -3  1  5 -2 -1 -2 -4 -2 -2 -5 -4 -2    2   1   3   8   0   2   6   3   1   6  57   2   1   1   1   3   2   0   0   2  0.78 0.45
  277 G   -1 -4  0 -4 -6 -4 -2  7 -4 -7 -5 -2 -6 -5 -3 -1 -3 -6 -5 -6    4   1   4   1   0   1   3  73   1   0   1   3   0   0   1   4   1   0   0   0  1.68 0.73
  278 K    5 -2 -3 -4 -4  0  0 -2 -2 -3 -5 -1 -5 -5 -3  3  0 -5 -5 -3   50   2   1   1   0   3   5   3   1   1   1   3   0   0   1  21   4   0   0   1  0.90 0.54
  279 D   -4 -2 -3 -2 -7  8  1 -4 -3 -4 -4  0 -4 -7 -3 -3 -4 -5 -6 -5    1   2   1   2   0  68   8   2   0   1   2   5   0   0   2   2   1   0   0   1  1.89 0.90
  280 L   -1 -3  4  3 -4 -2 -3  1 -3 -2 -1  1 -2 -3 -4  3 -1 -6 -3 -3    5   1  23  14   0   1   0   9   0   2   6   9   1   1   0  22   3   0   1   2  0.53 0.39
  281 T    5 -5 -4 -5 -5  2 -4 -4 -6 -4 -6 -4 -5 -7 -4  1  5 -7 -6 -2   42   0   1   0   0   9   1   1   0   1   0   0   0   0   1  10  31   0   0   3  1.18 0.69
  282 V   -5 -7 -7 -8 -4 -7 -7 -7 -7  5  4 -7 -3 -1 -7 -6 -5 -5 -4  5    0   0   0   0   0   0   0   0   0  33  31   0   0   2   0   0   0   0   0  32  1.44 0.65
  283 C    2 -6 -5 -6  8 -6 -6  4 -6  1  2 -6 -2 -3 -6 -3 -4 -5 -6 -2   16   0   0   0  26   0   0  25   0   7  17   0   1   1   0   2   1   0   0   3  1.11 0.56
  284 G    4 -7 -6 -6 -3 -4 -7  7 -7 -8 -8 -5 -7 -3 -7 -3 -5 -7 -7 -5   27   0   0   0   1   1   0  67   0   0   0   1   0   1   0   2   0   0   0   1  1.92 0.85
  285 G   -5 -8 -6 -7 -8 -7 -8  8 -8 -9 -9 -7 -8 -9 -8 -6 -7 -8 -8 -9    0   0   0   0   0   0   0  99   0   0   0   0   0   0   0   0   0   0   0   0  3.02 1.17
  286 G   -5 -8 -6 -7 -8 -7 -8  8 -8 -9 -9 -7 -8 -9 -8 -6 -7 -8 -8 -9    0   0   0   0   0   0   0  99   0   0   0   0   0   0   0   0   0   0   0   0  3.02 1.16
  287 R   -4  9 -4 -5 -1 -4 -4 -8 -2 -8 -8 -3 -7 -7 -7 -2 -4 -8 -7 -5    2  87   1   0   2   0   1   0   1   0   0   1   0   0   0   3   1   0   0   1  2.66 1.09
  288 Y   -8 -8 -8 -9 -9 -8 -8 -9 -1 -8 -7 -8 -7 -1 -9 -8 -8 -4 10 -8    0   0   0   0   0   0   0   0   1   0   0   0   0   2   0   0   0   0  96   0  3.92 1.44
  289 D   -5 -4  2  8 -6 -4 -3 -4 -3 -6 -7 -5 -6 -6 -5 -1 -4 -7 -5 -6    1   1   9  78   0   1   1   1   1   0   1   1   0   0   0   4   1   0   0   0  2.26 0.89
  290 G   -3  0  4  0 -5  0 -1  4  0 -5 -3  0 -2 -5 -4  0 -2 -6  1 -5    1   5  21   4   0   3   4  35   2   1   3   5   1   0   1   6   3   0   5   0  0.68 0.41
  291 L   -7 -7 -8 -8 -6 -7 -8 -8 -8 -3  7 -7  0 -4 -8 -7 -6 -7 -6 -4    0   0   0   0   0   0   0   0   0   0  96   0   2   0   0   0   0   0   0   0  2.42 0.98
  292 V    1 -6 -6 -6 -2 -5 -6 -4 -5  4 -1 -5  2  0 -5 -1 -1 -6 -2  5   10   0   0   0   1   0   0   2   0  24   3   0   5   3   0   5   3   0   1  40  0.93 0.49
  293 E   -1 -1 -1 -1 -6  2  6 -2  1 -7 -6  3 -6 -6 -4  1 -3 -7 -4 -5    6   2   3   3   0   7  47   3   3   0   0  14   0   0   1   9   1   0   0   0  0.99 0.56
  294 Y   -1 -1 -1  1 -4  3  3 -4 -2 -1  1  0  1 -3 -4  0  0 -5 -1 -2    5   2   2   7   0  16  23   1   1   4  13   5   3   1   0   7   6   0   2   3  0.34 0.29
  295 F   -5 -7 -7 -8  0 -6 -6 -8 -7  2  5 -7  4  4 -7 -6 -5 -4 -1 -2    0   0   0   0   2   0   0   0   0  10  57   0  10  16   0   0   0   0   2   2  1.42 0.65
  296 D   -4 -6 -2 -2 -5 -5 -4  7 -4 -7 -7 -4 -7 -6 -7 -2 -5 -5 -7 -6    1   0   2   3   0   0   1  86   0   0   0   1   0   0   0   3   1   0   0   0  2.25 0.92
  297 G   -3 -5 -2 -3 -5 -5 -5  7 -6 -8 -7 -4 -6 -5 -5 -2 -5 -4 -4 -6    2   0   2   2   0   0   1  85   0   0   0   1   0   1   1   3   1   0   1   1  2.20 0.92
  298 P   -2  2 -1 -3 -4  1  0 -3 -2 -3 -5  3 -5 -6  6 -1 -2 -7 -3 -3    2   9   3   2   0   5   7   2   1   2   0  20   0   0  38   4   2   0   1   2  0.96 0.53
  299 A    0 -1  0  4 -6  0  1 -4 -1 -6 -6  1 -5 -5  5  1 -3 -7 -3 -5    9   4   5  21   0   3  10   1   1   0   0   7   0   0  25  11   1   0   1   1  0.74 0.45
  300 T   -2 -4 -3 -6 -2 -3 -4 -6 -4  2  0 -4  1 -2 -6 -3  6 -3 -2  3    4   1   1   0   1   1   1   0   0  10  10   1   4   2   0   1  46   0   1  17  0.97 0.56
  301 P   -2 -6 -3 -4 -3 -4 -2 -2 -4 -7 -7 -2 -7 -5  8  0 -3 -9 -5 -5    4   0   1   1   1   1   2   4   1   0   0   3   0   1  70   8   1   0   0   1  2.02 0.92
  302 A    5 -6 -5 -6  2 -4 -6  4 -7 -7 -7 -6 -6 -7 -6  1 -2 -7 -7 -5   52   0   0   0   4   0   0  32   0   0   0   0   0   0   0  10   2   0   0   0  1.49 0.75
  303 F    0 -5 -7 -7  4 -6 -6 -7 -7  5 -1 -5 -1  0 -6 -3  1 -6 -5  5    6   1   0   0   7   0   0   0   0  27   5   0   1   4   0   2   7   0   0  39  1.10 0.54
  304 G   -6 -8 -6 -7 -9 -8 -8  8 -8 -10 -10 -7 -9 -9 -8 -6 -5 -9 -9 -9    0   0   0   0   0   0   0  99   0   0   0   0   0   0   0   0   1   0   0   0  3.06 1.17
  305 F   -4 -8 -8 -9  1 -8 -9 -5 -7 -4 -2 -8  0  9 -9 -7 -6  6  0 -2    2   0   0   0   3   0   0   1   0   1   4   0   3  70   0   0   0  11   2   3  2.47 0.97
  306 G    6 -7 -6 -7 -6 -6 -6  3 -7 -7 -7 -6 -6 -8 -6  0 -3 -8 -7 -5   71   0   0   0   0   0   0  20   0   0   0   0   0   0   0   7   1   0   0   0  1.81 0.85
  307 L    2 -6 -5 -6  1 -5 -6 -2 -5  4  2 -5  4  3 -4 -2 -3 -5 -2  0   15   0   0   0   3   0   0   4   0  26  19   0  11  12   1   3   1   0   1   5  0.69 0.40
  308 G   -5 -8 -3 -4 -6 -7 -6  8 -8 -9 -9 -7 -8 -9 -8 -4 -7 -8 -9 -9    0   0   1   1   0   0   0  95   0   0   0   0   0   0   0   1   0   0   0   0  2.80 1.08
  309 I   -4 -6 -7 -7 -4 -5 -3 -7 -6  5  2 -6  5  2 -6 -5 -3 -4 -4  3    1   0   0   0   0   0   2   0   0  30  21   0  12   9   0   0   1   0   0  21  1.07 0.51
  310 E   -7 -6 -4  5 -9 -4  7 -7 -6 -9 -8 -5 -8 -9 -7 -5 -5 -9 -8 -8    0   0   0  28   0   0  70   0   0   0   0   0   0   0   0   0   0   0   0   0  2.36 1.02
  311 R   -4  9 -6 -7 -9 -3 -4 -8 -6 -9 -8 -2 -7 -9 -7 -7 -6 -9 -8 -7    2  95   0   0   0   1   1   0   0   0   0   1   0   0   0   0   0   0   0   0  3.09 1.20
  312 L   -3 -6 -7 -7 -2 -6 -7 -6 -7  4  5 -6  1 -2 -7 -5  0 -5 -4  3    2   0   0   0   1   0   0   0   0  22  46   0   3   2   0   0   6   0   0  16  1.11 0.53
  313 L    0 -5 -5 -6 -2 -4 -4 -5 -4  4  3 -4  4 -2 -6 -2 -3 -4 -2  3    9   0   0   0   1   0   1   0   0  23  26   1  12   1   0   3   1   0   1  21  0.80 0.42
  314 M   -1 -4 -1  0 -5 -1  2 -5 -3  1  4 -4  4 -3 -4 -1 -1 -4 -3 -2    5   0   4   5   0   3  13   1   1   6  40   0  10   0   1   6   4   0   1   2  0.54 0.37
  315 I    3 -3 -2 -4 -1 -2 -2 -4 -2  2  3 -2  0 -2 -5 -2 -1 -5 -2  1   29   1   2   0   1   1   3   1   1  11  27   3   2   1   0   2   4   0   2  10  0.43 0.31
  316 A   -1 -2 -5 -6  2 -3 -6 -5 -4  2  5 -4  5 -2 -5 -3 -2 -3 -2  1    4   2   0   0   3   1   0   1   0  11  47   1  15   1   0   2   2   0   2   7  0.92 0.46
  317 Q   -2  1  0  2 -5  2  4 -1 -2 -3 -3  3 -2 -4  1 -1 -2 -5 -3 -3    3   7   4  10   0   7  25   4   1   1   3  19   1   1   6   4   2   0   1   1  0.47 0.31
  318 K    1  0  1  2 -3  1  3 -1 -1 -3 -2  2 -1 -3 -2 -1 -1 -2 -3 -2   14   4   5  10   1   7  22   4   1   1   5  11   2   1   2   4   3   0   1   2  0.28 0.21
  319 Q    0  1  1  1 -2  3  2 -2  0 -2 -1  1 -2 -3 -2  0 -1 -4 -2 -1    6   6   6   7   1  16  15   2   2   3   8  10   1   1   1   6   3   0   1   4  0.23 0.19
  320 E   -1 -1  3  1 -4  1  2  3 -1 -3 -3  2 -3 -3 -1  0 -2 -4 -3 -3    4   3  15   6   0   5  11  23   1   2   3  12   0   1   3   6   2   0   1   1  0.37 0.24
  321 I    0 -1 -1 -1 -2  0 -1 -1 -1  2  1  0  0  0  0  0  0  0  0  1    8   3   3   3   1   3   4   3   1  18  12   8   1   4   4   5   4   1   3  12  0.06 0.07
  322 N    0  0  1  1 -2  0  1 -1 -1 -1 -1  1 -1  0  0  1  0 -3 -1 -1    9   4   9   9   1   4  11   3   1   4   6  10   1   4   5  11   4   0   1   3  0.10 0.09
  323 F    0 -2 -1 -1 -2 -1 -1 -2 -1  1  1  0  0  2  2 -1 -1  0  0  1    7   2   2   3   0   2   5   2   1   9  15   5   2   9  12   5   3   1   3  11  0.11 0.09
  324 I    0 -1 -1 -1 -2  0  1 -1 -1  0 -1  0 -1 -1  4  0  0 -1 -1 -1    9   3   2   3   1   3   9   4   1   6   7   7   1   3  21   7   4   1   2   5  0.22 0.16
  325 P    0  0  0  0 -3  0  1 -1 -1 -1 -2  1 -2 -2  4  0  0 -3 -2 -1    8   4   4   6   0   3  11   4   1   5   3   9   1   1  21   7   5   0   2   5  0.26 0.18
  326 E    0  0  0  1 -3  1  3 -1 -1 -2 -2  2 -2 -3  2  0  0 -4 -3 -2    8   4   4   7   0   5  19   5   1   3   3  13   1   1  10   6   4   0   1   3  0.23 0.19
  327 E    0  1  2  1 -4  1  1 -2 -1 -2 -3  2 -2 -2  3  0 -1 -2 -2 -2    6   8   8   8   0   6  11   3   1   2   3  11   1   2  14   7   4   1   1   2  0.25 0.19
  328 T    0  2  1 -1 -3  1  0  0  0 -2 -2  2 -2 -2  2  1  0 -3 -2 -1    8  10   6   2   0   7   5   8   2   3   3  16   1   1   8   9   6   0   1   3  0.18 0.16
  329 L   -1 -1 -2 -3  0 -2 -2 -4 -2  2  1  0 -1 -2  5 -2  0 -5 -2  1    4   4   2   1   2   1   2   1   1  11  13   5   1   2  29   3   5   0   1  11  0.49 0.30
  330 D   -1  0 -1  6 -2  0  0 -1 -1 -3 -2  1 -4 -2  0  0 -2 -6 -4 -3    4   5   3  39   1   5   6   4   1   2   5   9   0   2   4   5   3   0   0   2  0.59 0.35
  331 V    0 -6 -6 -7  1 -6 -6 -6 -6  4  1 -6 -2  1 -6 -5 -3 -6  1  5    8   0   0   0   3   0   0   0   0  24  10   0   0   5   0   0   1   0   4  43  1.11 0.54
  332 Y   -2 -4 -6 -7 -1 -5 -6 -5 -2 -1 -1 -6 -1  7 -6 -4 -5  0  7 -1    4   1   0   0   1   0   0   1   1   3   7   0   2  37   0   2   1   1  33   5  1.52 0.68
  333 I   -4 -7 -7 -7 -3 -7 -7 -6 -7  5  3 -7  0  2 -5 -6 -4 -3 -4  5    1   0   0   0   1   0   0   1   0  31  22   0   1   8   1   0   1   0   0  33  1.24 0.57
  334 A    4 -5 -5 -5  1 -6 -5 -3 -6  4  0 -6  0 -2 -5 -3 -2 -6 -5  4   29   0   0   0   3   0   0   2   0  25   7   0   2   2   0   1   2   0   0  27  0.92 0.50
  335 V    1 -3 -1 -4  1  2 -3 -1  1 -1 -3 -3 -3 -1  4  1  1  0  2  0   14   1   2   1   3  11   0   5   4   3   2   1   0   3  20   9   8   1   6   8  0.37 0.30
  336 M    0 -3 -4 -3 -4 -1 -2 -5 -2  3  4 -3  3  0 -3 -2  0 -5 -3  1    8   1   1   1   0   3   3   1   1  15  36   1   6   4   1   3   6   0   0   9  0.48 0.30
  337 G   -3 -5  0  3 -3 -2  0  5 -3 -6 -6 -2 -4 -6 -3  1 -1 -7 -5 -5    1   0   5  15   1   2   6  47   1   0   0   2   0   0   2  12   4   0   0   1  0.98 0.53
  338 E   -1 -2 -1  4 -5  0  5 -2 -3 -4 -5  1 -4 -4  2 -1 -2 -5 -5 -4    6   2   3  21   0   4  33   4   1   1   1   9   0   1   8   4   2   0   0   1  0.71 0.44
  339 K    1 -1  1  1 -3  1  3  0 -2 -3 -2  1 -1 -4 -1  0  0 -4 -3 -3   14   3   6   7   0   7  24   6   1   2   3   8   1   0   3   7   5   0   1   2  0.29 0.25
  340 A    4 -4 -1 -2 -1 -1 -1 -1 -2 -1  0 -3  1 -1 -3  0  0 -3 -1  0   39   0   2   2   1   3   4   5   1   3  10   1   3   3   1   7   6   0   2   6  0.38 0.31
  341 N   -1  3  0 -1 -2  1  1 -3  0  0  0  3 -1  0 -3 -1 -1 -2  0 -1    6  17   4   3   1   5   8   2   2   5   8  19   2   3   0   3   4   1   3   4  0.21 0.19
  342 L    0  1  0  1 -2  0  1 -1 -1 -1 -1  2 -1 -2  1  0 -1 -3 -2 -1    8   9   3   7   1   4  11   4   1   4   7  16   1   2   7   7   4   0   1   4  0.12 0.12
  343 E    0  1 -1  0 -4  0  2 -3  1 -1 -2  3 -1  0 -2 -2 -1  0  2 -1   10   6   3   4   0   4  16   1   4   4   4  18   2   4   2   2   4   1   9   4  0.23 0.21
  344 A    5 -4 -2 -5  2 -5 -5  1 -5 -1 -1 -5 -1 -2 -5  1 -1 -7 -5  0   51   1   2   0   4   0   0   9   0   3   5   0   1   2   0  10   3   0   0   6  0.87 0.52
  345 T   -2 -2 -4 -5 -2 -3 -4 -6 -2  2  4 -5  3  5 -5 -3 -3 -1  0  0    4   2   1   0   1   1   1   0   1  11  35   0   8  21   0   2   1   1   3   6  0.81 0.43
  346 K    0  2  0 -1 -4  2  1 -1 -2  0 -1  3 -2 -2  0  0 -1 -5 -2 -1    7  12   4   3   0   8  10   4   1   5   6  20   1   1   5   6   3   0   1   3  0.23 0.20
  347 L   -3 -5 -7 -7 -4 -5 -6 -8 -6  4  5 -4  0 -1 -7 -6 -2  2 -3  2    3   1   0   0   0   0   0   0   0  24  49   1   2   2   0   0   3   3   1  11  1.15 0.56
  348 A    4 -3 -4 -5  0 -3 -5 -3 -4  0  2 -3  1  1 -5  0  0 -4 -2  1   35   1   1   0   2   1   0   2   0   6  16   1   4   6   0   8   6   0   1  10  0.50 0.36
  349 E    0  1  2  1 -3  2  3 -2  2 -4 -3  0 -1 -2 -4  1  0 -3 -1 -3    7   8  11   7   1  10  19   2   5   0   2   6   2   2   0   9   6   0   2   2  0.32 0.26
  350 S    0  1  1  1 -5  2  3 -2 -1 -2 -1  2  0 -2 -4  0  0 -3 -2 -2    7   8   6   7   0   8  18   2   2   3   5  13   3   2   0   6   6   0   1   2  0.24 0.22
  351 L   -4 -6 -8 -9 -5 -6 -8 -8 -8  2  6 -7  0  1 -8 -7 -6 -1 -6 -2    1   0   0   0   0   0   0   0   0  10  78   0   2   5   0   0   0   1   0   2  1.84 0.81
  352 R   -5  8 -5 -6 -9 -2 -4 -8 -1 -3 -4 -2 -6 -7 -8 -4 -5 -4 -5 -5    1  84   0   0   0   2   1   0   1   2   2   1   0   0   0   2   1   0   0   1  2.57 1.09
  353 E    0  3  2  2 -3  2  2 -2  0 -4 -3  3 -2 -5 -4  0 -1 -6 -4 -4    9  13  11   9   0   7  12   3   2   1   3  17   1   0   0   7   3   0   0   0  0.41 0.30
  354 Q    3  1  2 -1 -1  1  2 -2  1 -3 -2  2 -2 -4 -3  0 -2 -4  0 -3   24   8   9   2   1   6  12   2   3   1   5  11   1   1   1   6   2   0   3   1  0.30 0.26
  355 A   -3 -4  3 -1 -2 -2 -3  6 -1 -6 -6 -1 -6 -4 -4 -2 -3 -4 -4 -6    2   1  12   4   1   2   2  62   2   0   1   4   0   1   1   3   1   0   1   0  1.39 0.66
  356 F   -4 -4 -5 -7 -3 -5 -5 -6 -1  5  3 -2  0  3 -6 -5 -5 -1  1  2    1   1   1   0   1   0   1   0   2  36  23   3   1  12   0   0   0   1   5  13  0.99 0.49
  357 K    0  3  0 -3 -1  0 -2 -3  0  0 -3  2 -3 -3  2  3  0 -1 -1 -1    7  15   4   1   1   3   2   2   2   6   1  13   0   1   9  20   5   1   2   4  0.30 0.27
  358 V    3 -6 -6 -7  4 -6 -6 -4 -7  2 -2 -6 -2 -2 -6 -1  2 -5 -5  5   22   0   0   0   7   0   0   1   0   9   3   0   1   1   0   5  10   0   0  39  0.99 0.55
  359 E   -2 -1 -2  4 -4  0  4 -2  0  0 -1 -1  0 -2 -5 -1 -2 -3 -1  1    4   3   1  19   0   3  28   2   2   6   5   4   2   2   0   3   3   0   3   9  0.43 0.32
  360 R   -2 -2 -2 -4  0 -1 -1 -2 -1  3  1 -3  4  2 -4 -1  1 -3  0  1    3   2   1   0   2   2   5   4   1  15  15   1  13   8   0   5   7   0   3  11  0.27 0.22
  361 D    0 -3  3  6 -2 -3  1 -1  0 -2 -4 -4 -4 -3 -2  1 -3 -5 -2 -3    9   1  12  39   1   1   8   4   3   2   2   0   0   1   2  10   1   0   1   1  0.77 0.46
  362 F   -4 -5 -3 -4  0 -4 -5 -4  2  0  3 -4  0  4  0 -2 -2  0  6  0    1   0   1   1   2   0   0   1   5   4  23   1   2  17   5   3   2   1  23   6  0.76 0.43
  363 S    0  0  0  1 -2  0  2  2 -2 -3 -1  0  2 -2 -2  2  0 -5 -2 -2    6   5   4   6   1   4  13  14   1   1   6   6   7   1   2  15   4   0   1   2  0.18 0.19
  364 N   -1  1  2  1 -3  0  0  3 -1 -2 -3  2 -3 -2 -1  0 -1 -5 -3 -2    5   8   8   8   1   5   7  24   2   3   2  11   0   2   3   5   3   0   0   3  0.28 0.22
  365 R   -2  5 -1  1 -4 -1 -2  1 -2 -3 -4  3 -3 -3 -4  0 -1 -5 -5 -4    4  33   3   7   0   3   3  11   1   2   2  18   1   1   1   7   4   0   0   1  0.67 0.41
  366 K   -2  0  3 -4 -6 -3 -5  0 -5 -7 -7  3 -6 -7 -3  6 -2 -8 -7 -7    2   4  12   1   0   1   0   7   0   0   0  15   0   0   2  54   2   0   0   0  1.28 0.73
  367 L   -3 -5 -6 -8 -6 -5 -7 -7 -7  3  5 -6  4  3 -2 -5 -4 -3 -4  1    2   1   0   0   0   0   0   0   0  13  52   0   9  10   3   1   1   0   0   7  1.16 0.57
  368 G   -3  1 -1 -2 -8 -2 -4  0 -3 -6 -7  7 -7 -8 -4  1 -3 -8 -7 -7    2   7   2   2   0   2   0   7   0   1   0  63   0   0   1  10   2   0   0   0  1.56 0.79
  369 A    3 -1  0 -2 -6 -1 -3 -1 -3 -6 -5  4 -5 -5 -4  3 -2 -5 -5 -4   25   3   4   2   0   3   1   5   1   0   1  28   0   0   1  24   3   0   0   1  0.81 0.52
  370 Q    1 -1 -2 -6 -4  8 -4 -2  1 -2 -3  0  0 -7 -7 -3 -5 -7 -4 -5   10   2   2   0   1  62   0   3   3   3   3   5   2   0   0   2   0   0   1   1  1.66 0.87
  371 F   -5 -7 -7 -8 -6 -6 -6 -8 -6  1  5 -6  7  4 -6 -6 -5 -4 -3 -2    1   0   0   0   0   0   0   0   0   7  46   0  26  16   0   0   0   0   1   2  1.62 0.74
  372 K   -3  4 -2 -3 -7 -1  2 -3 -3 -5 -6  6 -6 -7 -5  0 -3 -7 -5 -6    2  23   2   1   0   2  11   2   1   1   1  47   0   0   0   6   1   0   0   0  1.28 0.66
  373 T    0  3 -1 -2 -4  2  0 -4  1 -1  0  2  0 -1 -4  0 -1 -1  3 -3    7  14   3   2   0   8   7   1   4   5   8  15   3   2   0   6   3   1  12   1  0.28 0.25
  374 A    7 -7 -7 -7 -4 -7 -7 -4 -7 -3 -5 -5 -5 -5 -6 -2 -5 -8 -5 -3   89   0   0   0   0   0   0   1   0   2   1   0   0   1   0   2   0   0   0   2  2.27 1.04
  375 E   -1 -5  5  5 -7 -1  0 -1  0 -4 -3 -3 -5 -6 -6  0 -3 -7 -4 -2    6   0  26  35   0   2   6   5   2   1   3   1   0   0   0   8   1   0   1   3  0.99 0.55
  376 K   -2  5  0 -4 -7  0 -2 -4 -3 -6 -5  6 -4 -7 -6  0 -2 -7 -3 -5    3  28   4   1   0   3   2   1   0   0   1  45   0   0   0   6   2   0   1   1  1.31 0.68
  377 L    0  0 -1 -3 -2  0 -1 -3  0  1  2  0  2  0 -4  1 -1 -2  1  0    6   6   3   1   1   4   4   1   2   9  24   6   5   4   0  14   2   1   4   5  0.17 0.18
  378 G   -3 -1  4 -1 -5  1 -1  5 -2 -7 -5  2 -4 -5 -5 -2 -4 -7 -6 -7    1   4  21   4   0   5   4  43   1   0   1  10   1   0   0   3   0   0   0   0  1.05 0.57
  379 A    6 -5 -6 -7  2 -5 -6 -4 -5 -1 -5 -5 -3  0 -1  1 -2 -7 -1  2   56   1   0   0   4   0   0   1   0   4   1   0   1   5   3   9   2   0   2  11  1.11 0.64
  380 E   -2  5  0  0 -5  0  0 -4  0 -4 -4  4 -4 -6  0  0 -1 -5 -5 -4    3  29   4   6   0   4   5   1   2   1   2  25   0   0   4   8   3   0   0   1  0.72 0.45
  381 L   -2 -4 -1 -7 -2 -5 -5 -6  2  1  0 -2 -1  5 -7 -4 -4  5  6  0    3   1   3   0   1   0   0   0   5   7   8   3   1  25   0   1   1   6  30   5  1.16 0.58
  382 I    4 -6 -6 -7  2 -5 -6 -4 -5  1 -1 -6 -2 -2 -5 -1  2 -7 -5  4   35   0   0   0   4   0   0   1   0   7   6   0   1   1   0   4  10   0   0  29  0.91 0.54
  383 I   -1 -7 -8 -8 -2 -7 -7 -5 -7  5  4 -7  0 -1 -7 -6 -5 -5 -6  4    6   0   0   0   1   0   0   1   0  28  32   0   2   2   0   0   0   0   0  28  1.23 0.59
  384 T   -6 -7 -8 -8 -4 -8 -8 -8 -8  7  1 -6  0  2 -8 -7 -3 -5 -4  2    0   0   0   0   0   0   0   0   0  65  10   0   2   7   0   0   2   0   0  12  1.87 0.80
  385 L   -4 -5 -7 -7 -2 -6 -7 -7 -7  5  4 -6  1  1 -7 -5 -4 -6 -1  3    1   1   0   0   1   0   0   0   0  35  34   0   2   5   0   0   0   0   2  18  1.24 0.57
  386 G   -3 -6 -3 -3 -7 -6 -5  8 -7 -8 -7 -5 -7 -5 -7 -5 -4 -7 -8 -7    2   0   2   2   0   0   1  89   0   0   0   1   0   1   0   0   2   0   0   0  2.46 1.01
  387 E   -2 -3 -3  4 -7  3  5 -2 -3 -6 -6  0 -5 -6  0 -1 -2 -7 -5 -6    3   1   1  18   0  13  42   3   1   0   1   4   0   0   5   5   2   0   0   0  1.04 0.59
  388 D   -3  1  3  5 -6  1  3 -4 -3 -5 -6  3 -3 -7 -4 -1 -2 -7 -4 -5    2   7  11  29   0   5  18   1   0   1   1  17   1   0   0   5   2   0   1   1  0.84 0.48
  389 E   -7 -6 -2 -1 -9 -4  8 -7 -5 -7 -6 -4 -5 -7 -6 -5 -6 -8 -5 -7    0   0   2   3   0   0  90   0   0   0   1   1   0   0   0   1   0   0   0   0  2.65 1.16
  390 I    1 -1 -5 -5 -2 -2 -4 -5 -3  3  3 -3  2  0 -5 -3 -3  2 -2  3   10   3   0   1   1   2   1   0   1  17  32   1   5   3   0   1   0   3   2  16  0.60 0.35
  391 R    2  1  1  0 -4  1  2 -3 -3 -1 -1  3 -1 -2 -4  0 -1 -5 -2 -2   18   6   5   4   0   7  15   1   0   3   6  19   1   2   0   6   2   0   2   2  0.30 0.26
  392 T    0  2  3  2 -4  1  2 -2 -2 -5 -5  3 -3 -6 -3  1  0 -6 -4 -5    8  12  15  12   0   5  12   2   1   0   1  15   0   0   1  11   5   0   0   0  0.52 0.36
  393 G   -3 -1  4  0 -5  1  0  5 -2 -7 -7  2 -5 -7 -6 -2 -5 -7 -5 -7    1   4  19   6   0   5   5  43   1   0   0  11   0   0   0   3   0   0   0   0  1.07 0.58
  394 Q   -1  0 -1 -3  0  2  1 -4 -1 -1 -2  2  1 -3 -4  1  3 -5 -2  1    4   5   2   0   2   8   8   1   1   4   4  13   3   1   0  10  21   0   2  12  0.32 0.29
  395 I    2 -7 -6 -7  0 -6 -7 -4 -6  4  0 -6 -1  2 -6 -5 -4 -1  2  5   14   0   0   0   2   0   0   1   0  19   8   0   1   7   0   0   0   1   6  40  1.02 0.54
  396 K   -1 -2 -2 -4 -3  1 -2 -4 -4  3  0  0  1 -3 -4  1  4 -4 -4  1    5   2   1   0   0   6   2   1   0  18   9   7   3   1   0  10  26   0   0   9  0.44 0.34
  397 V   -4 -7 -8 -8 -3 -6 -8 -8 -8  5  4 -7  0 -1 -7 -7 -5  1 -3  4    1   0   0   0   1   0   0   0   0  26  37   0   2   2   0   0   0   2   1  29  1.35 0.63
  398 K   -6  6 -6 -5 -6 -4 -4 -7 -6 -9 -8  7 -7 -9 -7 -6 -7 -5 -5 -7    0  32   0   1   0   0   1   0   0   0   0  65   0   0   0   0   0   0   0   0  2.37 1.05
  399 H   -5 -2  6  6 -4 -4 -1 -6  1 -6 -7 -3 -4 -5 -2 -3 -3 -1 -3 -7    1   2  31  47   0   1   4   0   3   0   0   1   1   0   2   2   1   1   1   0  1.62 0.78
  400 N   -5 -5 -4 -7 -5 -2 -7 -8 -5 -2  4 -6  9  0 -8 -5 -3 -5 -6 -4    1   0   1   0   0   2   0   0   0   2  39   0  47   4   0   1   2   0   0   1  2.02 0.90
  401 Q    0  1  0  2 -3  1  3 -2 -2 -1 -2  2 -3 -3 -4  0  0 -5 -3 -1   10   7   4  10   0   7  17   3   1   5   3  15   0   1   0   7   6   0   1   4  0.26 0.23
  402 T   -1 -2  1  1 -5 -2 -1 -2 -3 -6 -4  0 -5 -4 -5  4  5 -7 -5 -5    5   2   7   8   0   2   4   2   0   0   1   6   0   1   0  25  34   0   0   0  0.82 0.54
  403 R   -3  2 -1 -4 -7  0 -2  6  1 -8 -7  2 -7 -6 -6  1 -4 -7 -5 -7    1   9   3   1   0   4   2  54   3   0   0  12   0   0   0   9   1   0   0   0  1.22 0.63
  404 K   -1 -1  0  0 -6  0  5 -4 -3 -1 -3  2 -2 -5 -4  1  1 -5 -4 -1    4   2   4   5   0   3  36   1   1   4   2  10   1   0   0  11  10   0   1   4  0.57 0.41
  405 Q   -6 -4 -3 -3 -9  9  2 -6 -6 -7 -8 -2 -5 -8 -7 -3 -4 -8 -5 -7    0   0   1   1   0  78  12   1   0   0   0   2   0   0   0   2   1   0   0   0  2.56 1.18
  406 V   -3  1 -2 -2 -4  2  4 -5  0  0 -3  3 -2 -1 -5 -1  1  0 -1  0    2   7   2   1   0   8  28   0   2   6   2  15   1   3   0   3   8   1   2   8  0.46 0.36
  407 E   -1  0 -2  0 -4  0  4 -4 -2  0 -1  1  0 -4 -3  0  3 -6 -3 -1    4   5   2   4   0   4  24   1   1   6   6   9   2   1   1   7  20   0   1   4  0.36 0.31
  408 T   -3 -6 -4 -6  1 -6 -6 -6 -5  5  2 -6  0  0 -7 -5 -2 -4 -3  5    2   0   1   0   2   0   0   1   0  28  16   0   2   3   0   1   2   0   1  40  1.17 0.57
  409 T    1 -2  0  2 -5 -2  0 -3 -3 -4 -3  1 -4 -5  5  2  1 -5 -4 -5   10   2   5  10   0   2   6   2   1   1   3  10   0   0  26  14   8   0   0   0  0.57 0.40
  410 L   -2  1 -4 -4 -3  1 -1 -6 -2  3  3 -1  1  3 -2 -3 -2  1  0  0    3   7   1   1   0   7   4   0   1  16  28   3   3  11   2   1   1   2   3   7  0.39 0.28
  411 K    0 -2  2  4 -6  0  3 -1 -2 -5 -5  2 -4 -6 -3  0  0 -7 -6 -5    8   1   9  26   0   4  19   5   1   1   1  10   0   0   1   8   5   0   0   1  0.65 0.42
  412 A   -1  1  2  3 -6  1  4 -2 -3 -5 -5  2 -4 -6 -4 -1 -1 -4 -3 -4    5   6  10  18   0   7  26   3   0   1   1  13   0   0   1   4   3   0   1   1  0.62 0.40
  413 V   -1 -6 -6 -6 -5 -4 -5 -7 -6  4  5 -6  2  0 -4 -5 -3 -1 -4  2    6   0   0   0   0   1   1   0   0  23  45   0   4   4   1   0   1   1   0  14  1.03 0.51
  414 H    1 -2 -1 -3 -1 -2  0 -2 -2  3  0  0  0 -1 -1 -1 -1 -3 -2  3   11   2   3   1   1   1   7   2   1  20   9   5   2   2   3   3   4   0   1  21  0.22 0.19
  415 E   -1 -1  2  3 -5  1  4 -2  0 -5 -4  1 -4 -4 -1  1 -1 -6 -4 -3    6   3  10  15   0   6  26   3   2   0   2   9   0   1   4   8   3   0   1   2  0.48 0.34
  416 S   -1  1 -2 -1 -3 -1  2 -3  2 -1 -1  1 -1  2 -4 -1  0  1  3 -1    6   9   1   3   0   2  16   1   5   5   5   8   1   8   0   3   7   2  12   4  0.23 0.21
  417 F   -5 -7 -6 -8 -5 -5 -7 -7 -7  4  5 -6  1  2 -6 -6 -4 -6 -2  1    1   0   0   0   0   0   0   0   0  24  52   0   2   8   0   0   0   0   1   9  1.30 0.61
  418 A    0  1 -1 -1 -5  2  0 -2 -1  0 -1  4 -2 -4 -4  1  0 -5 -3 -1    7   8   2   3   0   9   5   2   1   5   8  29   0   0   0  10   6   0   1   4  0.35 0.29
  419 P    0  1  2  1 -5  0  3 -2 -3 -5 -4  4 -4 -4 -2  1 -1 -4 -4 -4    7   7  11   7   0   4  17   2   0   0   2  25   0   1   2  12   3   0   0   0  0.52 0.36
  420 I   -1  3 -3 -4 -1 -2 -3 -5 -2  3  2  0  1  1 -5 -3 -2 -4  0  1    4  18   1   1   1   1   1   0   1  20  24   5   4   5   0   1   1   0   3   8  0.43 0.28
  421 F   -4 -4 -2 -6 -2 -3 -5 -4 -4  2  5 -1  1  3 -5 -4 -3 -1 -1  1    0   1   2   0   1   1   0   1   0  13  49   5   2  12   0   1   1   1   2   8  0.78 0.40
  422 E   -1  2  2  0 -3  2  3 -2 -2 -5 -4  4 -3 -6 -3 -1 -2 -6 -4 -5    4  12  11   4   1   8  19   3   0   0   1  30   0   0   1   5   2   0   0   0  0.65 0.37
  423 E   -2  1 -1  1 -1  1  4 -3 -3 -5 -4  5 -4 -2 -4 -1 -3 -5 -1 -4    2   6   2   7   2   6  29   2   0   0   1  35   0   2   0   4   0   0   2   1  0.75 0.40
  424 I   -1 -1 -3 -4 -3 -3 -1 -2 -2  4  2 -2  1 -1 -4 -2 -1  0  1  2    4   3   1   0   0   0   6   3   1  34  19   3   2   1   0   2   4   1   6  10  0.32 0.20
  425 Y    0  0  0 -2 -3  1 -1 -3  3  0  1  3  2 -1 -3 -1 -1 -3  2 -1    6   2   5   0   0   7   3   0   8   5  14  23   7   1   0   3   3   0   8   4  0.19 0.16
  426 A    2  0  2 -1 -1 -1  2  0 -2 -2 -1  1  0 -1 -1  0 -1 -4 -3 -2   23   3  11   2   2   0  21   7   0   1   5  11   3   4   2   3   3   0   0   0  0.20 0.15
  427 D   -2 -1  3  4 -1  0  4  0  0 -5 -5 -2 -4 -5 -2  0 -2 -5 -2 -4    2   2  13  28   2   3  30   8   2   0   0   0   0   0   2   8   0   0   1   0  0.64 0.25
  428 E   -2 -1  4  2 -4  2  3 -1  0 -3 -3  2 -3 -4 -3  1 -2  1 -3 -4    0   0  27   9   0   8  23   2   2   2   2  13   0   0   0  11   0   2   0   0  0.50 0.21
  429 E   -2  1 -1  1 -5  2  6 -3 -2 -5 -4  3 -3 -5 -3 -2 -2 -4 -3 -4    0   8   0   5   0   8  61   0   0   0   0  19   0   0   0   0   0   0   0   0  0.93 0.24
  430 L   -2 -3 -4 -4 -2 -3 -3 -4 -3  2  3 -3  1  4 -3 -3 -1 -1  1  2    0   0   0   0   0   0   0   0   0  14  43   0   0  28   0   0   0   0   0  14  0.38 0.04

                      K         Lambda
Standard Ungapped    0.1369     0.3184
Standard Gapped      0.0410     0.2670
PSI Ungapped         0.2142     0.3175
PSI Gapped           0.0656     0.2670
