
Last position-specific scoring matrix computed, weighted observed percentages rounded down, information per position, and relative weight of gapless real matches to pseudocounts
           A  R  N  D  C  Q  E  G  H  I  L  K  M  F  P  S  T  W  Y  V   A   R   N   D   C   Q   E   G   H   I   L   K   M   F   P   S   T   W   Y   V
    1 M   -2 -3 -4 -5 -3 -2 -4 -4 -3  1  1 -3  9 -1 -4 -3 -2 -3 -2  1    0   0   0   0   0   0   0   0   0   7   0   0  88   0   0   0   0   0   0   5  1.28 0.25
    2 L    0 -1 -3 -4 -2 -2 -3 -3 -3  2  2 -2  5  0 -1  0  0 -3 -2  2    5   3   0   0   0   0   0   0   0  16  20   0  25   3   2   7   5   0   0  14  0.32 0.13
    3 K   -3  2  1 -1 -5  0  0 -3 -2 -5 -4  6 -3 -5 -3 -1  0 -5 -4 -4    0  11   6   2   0   2   4   0   0   0   0  69   0   0   0   2   5   0   0   0  1.02 0.31
    4 L   -2 -1  2 -2 -4 -1 -1  0 -1  0  0  2  7 -3  0 -2 -1 -4 -3 -2    1   1  13   1   0   2   4   7   2   3   7  15  35   0   4   1   3   0   0   0  0.47 0.27
    5 M   -3 -5 -5 -3 -5 -4 -2 -3 -5 -1 -1 -1 10 -4 -2 -2  0 -5 -5 -1    2   0   0   2   0   0   3   3   0   3   2   3  70   0   2   3   5   0   0   3  1.88 0.71
    6 S    1  0 -1 -3 -4 -1 -1 -1 -3 -2 -3  3 -1 -5 -1  4  1 -5 -4 -2   11   4   2   0   0   2   2   3   0   2   1  21   1   0   3  36   8   0   0   3  0.49 0.32
    7 N   -1  0  4  0 -4 -1  1 -2 -2 -4 -4  3 -2 -2 -2  3 -1 -5 -4 -3    4   4  24   5   0   2   8   1   0   1   1  20   1   2   2  20   3   0   0   2  0.51 0.29
    8 K   -2  0 -2 -2 -4  1  2 -3 -2 -2 -2  4  6 -3  1 -2 -2 -4 -2 -2    3   3   2   1   0   5  11   1   1   2   3  29  24   1   7   2   2   0   1   2  0.67 0.36
    9 Q   -2  2  1 -2 -4  1  1 -3 -1 -1 -2  4 -1 -4  1  0  0 -5 -3 -3    3   9   7   1   0   7   8   1   1   4   3  33   2   1   8   6   7   0   1   1  0.44 0.28
   10 I   -5 -6 -5 -7 -4 -6 -6 -7 -3  5  2 -6  2  5 -3 -5 -4 -1  4  0    0   0   0   0   0   0   0   0   0  34  16   0   4  20   2   0   0   1  15   6  1.14 0.52
   11 T   -3  3  1 -3 -4  6  0 -5 -2 -5 -5  3 -4 -5 -3  0  1 -6 -3 -4    2  16   6   1   0  35   4   0   1   0   1  15   0   1   1   7   7   0   1   1  0.92 0.53
   12 A    3  3 -2 -4 -1 -3 -3 -3 -1 -3 -3  2 -4 -6  2  2  0 -6 -5 -3   26  16   2   0   1   0   0   1   1   2   2  15   0   0   9  16   6   0   0   1  0.56 0.39
   13 V   -2 -7 -7 -7 -4 -3 -6 -7 -5  4  1 -6 -4 -5  6 -6 -5 -7 -6  4    3   0   0   0   0   1   0   0   0  19  11   0   0   0  37   0   0   0   0  28  1.38 0.64
   14 R   -5  7 -4 -6 -8 -3 -3 -6 -4 -6 -5  5 -6 -8 -3 -3 -3 -8 -5 -6    0  59   1   0   0   0   1   0   0   0   1  30   0   0   1   2   2   0   0   0  1.94 0.83
   15 G   -4 -8 -6 -7 -9 -8 -8  8 -8 -10 -10 -7 -9 -9 -8 -6 -8 -9 -9 -9    1   0   0   0   0   0   0  99   0   0   0   0   0   0   0   0   0   0   0   0  3.05 1.12
   16 T   -4 -6 -6 -7 -2 -6 -7 -7 -7 -2 -4 -6  8  2 -7 -4  6 -7 -6  0    1   0   0   0   1   0   0   0   0   2   0   0  32   8   0   0  49   0   0   5  1.92 0.88
   17 T   -3  5  2 -3 -5  2 -1 -5  4 -4 -4  3 -4 -1 -1 -2 -3 -5  1 -3    2  27   8   1   0   8   4   0  11   1   1  18   0   3   3   3   1   0   5   2  0.70 0.42
   18 D   -7 -8 -5  9 -9 -6 -3 -7 -7 -9 -9 -7 -9 -9 -7 -4 -4 -10 -9 -7    0   0   0  96   0   0   1   0   0   0   0   0   0   0   0   1   1   0   0   1  3.18 1.20
   19 W   -4 -3 -3 -7 -3 -5 -7 -6 -4  6  3 -5  0  3 -7 -6 -4  1  2  2    1   2   1   0   1   0   0   0   0  42  22   0   1  10   0   0   0   2   6  10  1.10 0.51
   20 F   -4 -5 -2 -4 -4 -5 -6 -3 -4  0  5 -5 -1  3 -5 -4 -3 -2  2 -2    1   1   2   1   0   0   0   2   0   5  58   1   1  13   1   2   1   0   7   2  1.06 0.53
   21 D   -3 -6 -3 -2 -7 -4 -4  2 -4 -4 -5 -4 -6 -1  8 -2 -5 -4 -3 -6    2   0   1   3   0   1   1  17   0   1   1   1   0   3  61   3   1   0   1   0  1.76 0.80
   22 Q   -1 -2  0  3 -3  0  4 -1 -3 -3 -3  1 -4 -5  3  0 -2 -3 -4 -3    5   2   4  14   1   4  29   4   0   2   3   7   0   0  13   6   2   0   0   2  0.50 0.34
   23 A   -2  0  0  5 -5  2  5 -5 -2 -6 -5 -1 -5 -6 -5 -2 -2 -7 -3 -5    3   4   4  27   0   7  41   1   1   0   1   4   0   0   0   3   2   0   1   1  1.10 0.58
   24 M    2 -3 -2 -4 -2  2 -2 -2  0  1  0 -2  4 -1 -3  2  1 -2  0  0   16   1   1   0   1  10   2   2   2   9   7   2  10   2   1  16   7   1   4   7  0.24 0.24
   25 I    1  2 -1  0 -4  0  2 -2  0 -2 -1  2 -2 -1  2 -1 -2  1  0 -1   11  13   3   4   0   2  13   3   2   3   7  12   0   3   9   4   2   2   4   4  0.16 0.16
   26 L   -1  2 -2 -4 -2  0 -2 -4 -1  1  1  3 -2  0 -4 -2 -2  0  4 -1    5  13   1   0   1   4   2   1   1   8  17  18   1   4   0   2   2   1  15   4  0.36 0.27
   27 F   -6  2 -7 -7 -5 -4 -7 -7  1 -2 -1 -2 -2  4 -8 -6 -6 11  3 -4    0  11   0   0   0   1   0   0   4   2   5   3   1  17   0   0   0  46   8   1  2.24 0.87
   28 N   -2  3  2  1 -5  4  2 -4  1 -4 -2  0 -3 -4 -4  0 -1 -4 -2 -4    3  19  10   9   0  21  11   1   4   1   4   5   0   0   0   5   4   0   1   1  0.54 0.36
   29 A    0  1 -1 -2 -3 -1  0 -3  3 -2 -1  1  0  3 -4 -1 -2  4  4 -1    9   7   3   2   0   2   6   2   8   2   5   8   2  13   0   4   2   5  15   4  0.32 0.24
   30 I   -2 -6 -6 -7 -2 -6 -6 -7 -7  5  2 -6  1  0 -6 -5 -3 -6 -5  5    3   0   0   0   1   0   0   0   0  34  19   0   2   3   0   0   1   0   0  36  1.18 0.53
   31 S   -4  1 -2 -2 -3  0  5 -5 -2  1 -1  0 -3 -1 -5 -3  0 -4 -1  1    1   8   1   1   1   3  44   0   1   9   6   5   0   3   0   1   5   0   2   8  0.66 0.42
   32 H    1  1  2  2 -3  1  2  0  0 -4 -4  2 -3 -4 -3  1 -1 -3 -4 -4   10   7  12  13   1   6  13   6   2   1   1  14   1   0   0  11   2   0   0   0  0.36 0.26
   33 K    1  0 -2 -3  0  0 -1 -3 -2  2 -1  3 -1 -3 -4 -1  2 -5 -2  2   10   6   1   0   2   3   3   1   1  14   6  18   1   1   0   3  16   0   1  14  0.27 0.24
   34 I    3 -5 -5 -5  3 -4 -5 -2 -4  2  1 -5  2  3 -5 -2 -1 -1 -2  2   30   0   0   0   6   0   0   2   0  14  14   0   4  13   0   2   3   1   0  11  0.55 0.34
   35 I   -1  5 -2 -3 -4  1  1 -4  1 -2 -2  2 -2 -2 -5  0 -1 -2 -2 -2    5  38   2   1   0   6  10   1   3   3   3  13   1   2   0   5   4   0   1   2  0.61 0.37
   36 A    0  2  1  2 -4  1  3 -1  1 -3 -4  3 -3 -3 -4  1 -1 -5 -1 -3    6  11   6  10   0   7  18   3   3   1   1  19   0   1   0   8   4   0   2   1  0.38 0.26
   37 L   -1 -2 -3 -5 -2 -2 -2 -5 -1  3  2 -3  0  0 -4 -3  1  3 -2  3    4   2   1   0   1   1   3   0   2  21  18   2   2   3   0   1  10   5   1  25  0.46 0.29
   38 S    4 -4 -5 -5  4 -4 -5 -3 -5 -2  1 -5  2  4 -5 -1 -2 -4 -1  0   33   0   0   0   8   0   0   1   0   1  15   0   5  20   0   5   2   0   1   6  0.69 0.41
   39 D    0  2  1  0 -1  1  3 -1  1 -3 -3  1 -2 -3 -2  0 -1 -1 -1 -2    8  14   6   5   1   5  22   4   3   1   2   9   1   1   1   8   3   1   2   2  0.27 0.20
   40 L    0  3  1 -1 -2  1 -1 -1 -1 -1  1  1 -1 -1 -1  1  0 -3 -1 -1    5  16   8   2   0   6   2   3   1   3  19   7   1   3   2  13   4   0   2   3  0.13 0.15
   41 Y    0 -4 -2 -6 -2 -4 -5 -5  2 -4 -3 -5 -3  5 -6 -2 -5  3  8 -5    8   1   2   0   1   0   0   0   4   1   2   0   0  20   0   3   0   3  52   0  1.67 0.68
   42 T   -2 -2  3 -2 -1 -3 -4  6  0 -6 -6 -4 -4 -5 -5  0 -3 -6 -5 -6    2   2  15   2   2   1   0  64   2   0   1   0   0   0   0   6   1   0   0   0  1.41 0.59
   43 F   -3 -6 -6 -7 -2 -6 -6 -6 -4 -2 -3 -6 -3  7 -7 -6 -5 -3  8 -3    2   0   0   0   1   0   0   1   0   2   1   0   0  43   0   0   1   0  47   1  2.22 0.81
   44 Q   -1  3  1  0 -3  3  2  0  0 -4 -3  2 -3 -4 -3  1 -1 -3 -3 -3    3  17   6   4   1  14  16   6   2   0   2  14   0   0   0  10   2   0   0   1  0.41 0.26
   45 R   -4  3 -2 -2 -5  1  6 -4  0 -5 -3  0 -2 -1  1 -3 -3 -2  1 -5    0  14   1   1   0   5  50   1   2   1   2   5   1   2   8   0   1   0   5   0  0.92 0.49
   46 I   -1 -5 -6 -6 -2 -5 -6 -6 -6  7  0 -5  1 -2 -5 -4 -3 -2 -3  3    6   0   0   0   1   0   0   0   0  63   5   0   3   1   0   1   1   1   0  18  1.32 0.54
   47 K   -2  5 -1  1 -2  1  2 -3 -2 -1 -2  0 -1 -3 -3  0 -1 -4 -1 -2    2  31   2   9   1   7  16   1   1   5   4   4   1   1   0   8   3   0   2   3  0.41 0.27
   48 T   -2 -4 -3 -5 -4 -3 -4 -5 -5  0  1 -4 -1  0 -1 -2  7 -5 -3  0    1   0   0   0   0   1   0   0   0   5  13   0   1   4   3   2  64   0   0   5  1.16 0.57
   49 P   -3 -6 -3 -3 -6 -5 -5 -3 -6 -6 -6 -5 -6 -7  9 -4 -4 -7 -6 -6    1   0   1   1   0   0   0   2   0   0   0   0   0   0  91   1   1   0   0   0  2.87 0.93
   50 V   -1 -4 -4 -3 -3 -3 -4 -4 -1  5  1 -4  2 -2 -4 -3  2 -4 -2  2    5   0   1   1   0   1   1   1   2  41  10   0   6   1   1   1  14   0   1  15  0.67 0.35
   51 F   -3 -5 -6 -6 -2 -5 -5 -6 -5  2  3 -5  1  6 -5 -5 -4 -3  0  2    1   0   0   0   1   0   0   0   0  11  30   0   3  37   0   0   0   0   1  13  1.05 0.44
   52 E   -5 -4 -4 -2 -7 -1  8 -4 -4 -7 -6 -3 -6 -7 -5 -2 -5 -6 -6 -6    0   0   0   0   0   1  93   1   0   0   0   0   0   0   0   2   0   0   0   0  2.34 0.86
   53 H   -2  0  2  2 -4  0  1 -3  4 -4 -3  1 -2  0  0  1 -1 -3  3 -3    3   5   8  11   0   4  10   0  14   0   2   7   1   4   5   9   2   0  14   1  0.35 0.24
   54 A    1 -1 -2 -2 -2 -1 -1 -3 -2 -1  0  0 -1  1 -2  1  4 -4 -1 -1   15   4   1   1   0   1   3   1   0   3   9   6   1   6   2  10  31   0   2   3  0.29 0.24
   55 E    0 -1  0  3 -5  1  5 -1 -2 -4 -4 -1 -3 -4 -2  1 -2 -3 -4 -3    7   2   4  15   0   4  40   5   1   1   1   2   1   0   1  12   1   0   0   1  0.63 0.35
   56 L   -3 -5 -5 -6 -4 -5 -5 -6 -5  1  5 -5  0 -2 -5 -4 -2 -4 -4  3    1   0   0   0   0   0   0   0   0   5  70   0   1   1   0   0   2   0   0  18  1.15 0.49
   57 F   -6 -6 -6 -7 -6 -6 -6 -6 -5 -1 -2 -6 -3  9 -7 -6 -5  0  2 -3    0   0   0   0   0   0   0   0   0   4   2   0   0  85   0   0   0   1   6   2  2.45 0.80
   58 S    0  0  0  0 -2  1  1 -2  1  0  0  2 -1 -2 -2  0  1 -3 -2  0   10   3   4   3   1   5  12   1   4   4  11  15   1   1   0   7   9   0   1   8  0.10 0.11
   59 R   -2  6 -2 -3 -3 -1 -1 -2  1 -4 -4  3 -3 -4 -4 -2 -1 -4 -2 -4    2  55   1   0   1   2   4   4   3   1   1  19   1   0   0   3   3   0   1   1  1.07 0.46
   60 N    0 -3 -1 -2 -2 -2 -2  3 -3 -3 -4  0 -3 -4 -1  4  2 -4 -4 -2    7   0   2   1   1   1   2  23   0   1   1   4   0   0   3  36  16   0   0   2  0.58 0.36
   61 L   -1 -3 -1 -3 -3 -3 -2  0 -3  3  2 -2  2 -1 -1 -1  0 -4 -3  2    3   0   3   0   0   0   2   9   0  22  21   3   5   1   3   5   4   0   0  19  0.26 0.20
   62 E   -2  0 -2  2 -5 -1  5  3 -3 -4 -5  2 -4 -5 -2 -2 -2 -5 -2 -5    2   5   1   9   0   1  38  26   0   1   0  11   0   0   1   1   2   0   2   0  0.74 0.39
   63 H    1 -3  1  2 -3  0  0  1 -1 -2 -2 -2  0 -3 -2  2  3 -4 -3 -1   11   0   5  11   0   4   4  13   2   1   3   1   2   1   1  19  19   0   0   3  0.26 0.22
   64 S   -1 -2 -1 -1 -3 -3 -1  1 -3 -4 -3 -1 -3 -2 -2  4  5 -4 -4 -3    2   1   2   3   0   0   2  12   0   0   2   3   0   2   1  32  36   0   0   0  0.65 0.39
   65 D   -3 -4  0  7 -6 -1  3 -2 -4 -6 -4 -3 -5 -6 -2 -2 -4 -6 -6 -6    1   0   3  68   0   2  16   3   0   0   2   0   0   0   2   2   0   0   0   0  1.59 0.60
   66 I   -2 -4 -2 -1 -3 -4 -1 -3 -3  6  1 -4  0 -2 -3 -2 -2 -5 -3  3    2   0   2   3   0   0   6   2   1  47   9   0   1   1   1   2   2   0   0  20  0.70 0.35
   67 V   -1 -3 -5 -5 -1 -4 -3 -4 -5  4 -1 -4  0 -2 -4 -2 -2 -5 -3  6    5   1   0   0   1   0   2   1   0  19   4   0   1   1   0   2   2   0   0  59  0.98 0.42
   68 K   -1  1  2  0 -3  2  3  0  0 -1 -2  0  0 -4 -3  1  1 -4 -3 -1    2   6   9   4   0  11  20   6   2   5   2   5   2   0   0  14   7   0   0   4  0.24 0.18
   69 K   -4  0 -1 -1 -5 -1  0 -3  1 -5 -5  7 -4 -5 -4 -2 -4 -5 -4 -5    0   3   2   3   0   1   5   2   3   0   1  76   0   0   0   1   0   0   0   0  1.54 0.60
   70 E   -3 -3 -3 -2 -6  3  7 -3  0 -5 -4 -2 -4 -6 -4 -2 -2 -5 -5 -5    2   0   0   0   0  12  73   2   2   0   2   0   0   0   0   2   2   0   0   0  1.57 0.63
   71 L   -5 -5 -2 -6 -5 -5 -6 -6 -5  0  2 -3  9 -1 -6 -3 -1 -5 -5 -2    0   0   2   0   0   0   0   0   0   5  19   2  58   2   0   2   4   0   0   3  1.88 0.70
   72 Y   -6 -6 -6 -7 -6 -6 -6 -7 -4 -5 -2 -6 -5  6 -7 -6 -6  4  9 -5    0   0   0   0   0   0   0   0   0   0   5   0   0  27   0   0   0   4  60   0  2.42 0.86
   73 Q   -1  0  0  0 -1  0  1 -2  0 -2 -2 -1  0 -2 -4  2  4 -4  1 -1    4   4   3   4   1   5   7   2   2   2   2   3   3   2   0  14  31   0   4   5  0.34 0.27
   74 L   -3 -7 -7 -7  0 -7 -7 -4 -6  1  2 -7  0  7 -7 -6 -3  2  1  1    2   0   0   0   2   0   0   2   0   7  17   0   2  51   0   0   2   3   4   8  1.39 0.58
   75 I   -1  0  0 -1 -4  2  2 -3 -1  0  0  2 -1 -2  0  0  0 -1 -2  0    4   3   4   2   0  12  15   1   1   5   8  16   1   1   3   5   7   1   1   9  0.18 0.18
   76 D    0  0  0  0 -2  1  0  0  1  0  0  0  1  0  1  0  0 -3 -1  0    6   6   6   6   0   6   6   6   6   6   6   6   6   6   6   6   6   0   0   6  0.04 0.07
   77 R   -4  6 -2 -4 -7  0 -3 -4 -2 -6 -4  6 -3 -7 -2 -2 -4 -7 -5 -6    1  37   1   1   0   4   1   1   1   0   2  44   1   0   2   2   1   0   0   0  1.48 0.72
   78 S   -1 -3  2  0 -6 -4 -2  5 -4 -7 -6  2 -6 -5 -5  2 -3 -7 -5 -6    4   1  10   5   0   0   2  46   0   0   0  13   0   1   0  15   1   0   0   0  1.02 0.55
   79 E   -4 -3  2  2 -7 -2  1  6 -3 -8 -7  0 -7 -7 -5 -2 -4 -7 -7 -7    0   1   8  11   0   2   9  58   1   0   0   7   0   0   0   2   1   0   0   0  1.33 0.65
   80 R   -4  6  0  2 -7 -1  3 -4 -1 -6 -6  0 -4 -7 -4 -2 -1 -7 -5 -6    1  46   5  11   0   3  17   1   1   0   0   5   0   0   1   3   4   0   0   0  1.12 0.59
   81 K   -2  0  1  1 -4  0  1 -3  0 -4 -2  2 -1 -3 -3  4 -1  1 -2 -3    2   5   6   8   0   4  10   1   3   1   5  12   1   1   1  34   3   2   1   2  0.44 0.36
   82 L   -5 -7 -7 -8 -4 -5 -7 -8 -7  4  5 -7  3  0 -7 -6 -4 -3  0  2    0   0   0   0   0   1   0   0   0  22  51   0   5   4   0   0   0   0   3  12  1.28 0.60
   83 A    4 -6 -5 -6  4 -5 -5 -5 -6 -3 -4 -5 -4 -6 -6  1  5 -7 -6  1   31   0   0   0   7   0   0   0   0   1   1   0   0   0   0  11  38   0   0  10  1.19 0.67
   84 L   -6 -8 -9 -9 -7 -7 -8 -9 -8 -3  7 -8  2 -4 -8 -8 -7 -7 -6 -3    0   0   0   0   0   0   0   0   0   0  93   0   5   0   0   0   0   0   0   1  2.37 0.99
   85 R   -7  9 -6 -4 -9 -5 -6 -8 -6 -8 -7  0 -7 -9 -8 -7 -6 -9 -8 -7    0  93   0   1   0   0   0   0   0   0   0   6   0   0   0   0   0   0   0   0  3.05 1.22
   86 P   -4 -8 -8 -7 -9 -7 -7 -8 -8 -9 -9 -7 -8 -9  9 -6 -5 -9 -3 -8    1   0   0   0   0   0   0   0   0   0   0   0   0   0  96   0   1   0   1   0  3.46 1.37
   87 E   -7 -6 -6  0 -9 -4  8 -8 -6 -9 -9 -5 -8 -9 -7 -5 -7 -9 -8 -8    0   0   0   5   0   0  94   0   0   0   0   0   0   0   0   1   0   0   0   0  2.86 1.22
   88 G    1 -6  0 -5 -6 -4 -5  6 -6 -3  0 -5  2  2 -5 -3 -4 -2 -2 -4    9   0   5   0   0   1   0  55   0   2   9   0   5   8   0   1   1   0   2   1  1.09 0.57
   89 T   -3 -5 -6 -7 -7 -4 -7 -7 -8 -7 -7 -7 -7 -8 -7 -4  8 -8 -8 -6    2   1   0   0   0   1   0   0   0   0   0   0   0   0   0   0  96   0   0   0  2.98 1.29
   90 A    7 -7 -7 -7 -4 -5 -5 -5 -3 -4 -7 -6 -6 -7  1 -2 -2 -8 -7 -2   82   0   0   0   0   0   0   0   1   1   0   0   0   0   6   2   3   0   0   3  1.94 0.94
   91 S   -1 -6 -5 -6 -2 -4 -6  5 -6 -8 -8 -6 -7 -8  4  4 -5 -8 -7 -6    6   0   0   0   1   0   0  38   0   0   0   0   0   0  21  33   0   0   0   0  1.44 0.76
   92 I    0 -7 -7 -7  4 -6 -7 -7 -7  4 -1 -7  1 -2 -7 -5  0 -7 -6  6    6   0   0   0   7   0   0   0   0  21   4   0   3   2   0   0   5   0   0  52  1.35 0.66
   93 I    2 -6 -5 -7  3 -6 -6 -6 -7  2 -1 -6  5 -4 -6 -4 -2 -7 -6  6   18   0   0   0   5   0   0   0   0  11   4   0  13   0   0   1   2   0   0  45  1.20 0.63
   94 R   -8  9 -7 -8 -10 -3 -6 -8 -6 -9 -8 -4 -7 -9 -8 -7 -7 -9 -8 -9    0  99   0   0   0   1   0   0   0   0   0   0   0   0   0   0   0   0   0   0  3.40 1.36
   95 A    6 -6 -6 -6 -2 -5 -5 -5 -2 -5 -2 -6  2  0 -6  2 -4 -5 -4 -3   68   0   0   0   1   0   0   0   1   0   5   0   5   4   0  13   0   0   1   1  1.46 0.79
   96 V   -1 -7 -6 -8  0 -7 -7 -4 -4  1  0 -7 -1  4 -7 -5 -6 -1  8  2    5   0   0   0   2   0   0   1   0   7   7   0   1  17   0   0   0   1  45  13  1.53 0.74
   97 N   -2 -5 -2 -6  0 -4 -6 -6 -7  6  3 -6 -1 -2 -6 -4 -4 -6 -4  3    4   0   2   0   2   1   0   1   0  42  24   0   1   1   0   1   0   0   0  21  1.16 0.57
   98 E   -3 -4  0  0 -6  4  7 -4 -3 -6 -6 -3 -4 -5 -5  0 -2 -6 -5 -6    2   1   4   4   0  17  58   1   0   0   1   1   0   1   0   6   2   0   0   1  1.44 0.74
   99 H   -2 -2  6 -3 -4 -1 -2 -3  8 -6 -6 -1 -6 -6 -5 -1 -4 -6 -2 -6    3   2  39   1   0   3   3   2  34   0   1   3   0   0   0   4   1   0   1   1  1.70 0.77
  100 K   -2  0  4 -2 -5 -1 -2  4  1 -6 -5  3 -4 -5 -5  1 -4 -5 -5 -5    2   4  20   2   0   2   2  33   3   0   1  20   0   0   0   9   1   0   0   0  0.85 0.47
  101 L   -3 -3 -5 -4 -3 -3 -2 -5 -5  0  5 -3  6  0 -4 -4 -3  2 -2 -2    2   1   0   1   1   1   4   1   0   4  51   2  21   3   1   2   1   2   1   1  1.07 0.53
  102 L   -1 -2 -2 -1 -1 -1 -2 -1  3  0  2 -2  1  2 -2 -1  0  0  4 -1    6   2   2   4   1   2   2   5   7   5  20   2   4   9   2   3   5   1  15   4  0.21 0.15
  103 D    1  1  3  0 -4  3 -1  0  3 -3 -3  1 -3 -2 -2  0 -1 -3  0 -3   11   8  14   6   0  13   2   6   7   2   2   9   0   2   2   6   3   0   4   2  0.26 0.22
  104 Q   -1  1  2 -1 -3  2  1 -2  1 -2 -1  2 -1 -3 -1  2  1 -3 -2 -2    4   8  10   2   0  12   9   3   3   2   6  11   1   0   2  15   7   0   1   3  0.21 0.20
  105 N    0  1  1  0 -3  1  1  1 -1 -2  0  0  0 -1  0  0 -1  3  0 -2    7   6   8   5   0   5  10  12   1   1  10   6   2   3   4   7   3   4   3   1  0.09 0.09
  106 P   -1 -1  0  0 -4  0 -1  0 -3 -2 -3 -1 -3 -3  6  0  0 -4 -3 -3    6   3   5   5   0   4   4   8   0   3   2   4   1   1  40   7   5   0   1   2  0.74 0.38
  107 W   -2  0 -3 -2 -4  5 -2 -2 -1  0  2  2  1 -1 -3 -2 -2 -1  0  0    2   3   1   2   0  24   1   4   2   4  20  15   3   2   1   3   3   1   3   8  0.39 0.31
  108 P   -2 -2 -1 -3 -4 -3 -1 -3 -3 -2 -2 -2 -4 -2  7 -1 -2 -4 -3 -1    3   2   3   1   0   1   4   2   1   3   5   2   0   2  58   4   2   0   1   4  1.38 0.56
  109 L   -1 -2 -2 -4 -1  3 -3 -4  0  1  2 -1  0 -1 -3 -2  0  1 -1  3    5   2   2   0   2  14   1   1   3   7  19   4   2   2   1   1   6   2   2  24  0.33 0.26
  110 K   -6  5 -5 -5 -8 -3 -3 -7 -6 -8 -5  7 -4 -7 -6 -4 -6 -5 -6 -7    0  31   0   0   0   1   1   0   0   0   1  63   0   0   0   1   0   0   0   0  2.12 0.96
  111 L   -4 -5 -7 -8 -4 -6 -7 -6 -5  0  5 -7  0  4 -7 -6 -5  4  1  2    2   1   0   0   0   0   0   0   0   3  55   0   2  14   0   0   0   5   5  11  1.22 0.61
  112 Y   -3 -7 -8 -7  1 -7 -8 -7 -2 -6 -5 -7 -3  6 -8 -3 -6  7  8 -6    3   0   0   0   2   0   0   0   1   0   1   0   1  32   0   3   0  15  40   0  2.25 0.95
  113 Y   -4 -7 -7 -8 -4 -7 -7 -7 -4 -7 -6 -7 -4 -3 -8 -1  0 -3 10 -6    2   0   0   0   1   0   0   0   0   0   1   0   1   0   0   5   6   0  84   0  3.08 1.26
  114 L   -2 -4 -2 -5 -1 -2 -4 -5  0  4  1 -4  3  4 -6  0 -1  3  2  0    4   1   2   0   1   1   1   0   3  23  14   0   7  17   0   7   3   3   8   5  0.54 0.34
  115 E    0 -7 -4 -2 -3 -6 -2  7 -5 -5 -6 -6 -3 -7 -7 -1 -2 -5 -6 -6    6   0   0   2   1   0   4  76   0   1   1   0   1   0   0   4   3   0   0   0  1.84 0.84
  116 P   -3 -4  2 -3 -6  0 -4 -6 -4 -8 -8 -4 -5 -9  8  1 -2 -9 -6 -7    3   1   8   1   0   4   1   0   0   0   0   1   0   0  67  10   2   0   0   0  2.03 0.96
  117 M   -2 -6 -2 -8  5 -3 -7 -7 -3  0 -1 -6 10  1 -8 -4 -4 -7 -4  1    3   0   2   0  11   1   0   0   1   4   4   0  57   5   0   1   1   0   1   9  2.06 0.93
  118 F   -6 -9 -9 -9 -5 -9 -9 -9 -6 -6 -5 -9 -6 10 -9 -8 -8  1  3 -6    1   0   0   0   0   0   0   0   0   0   1   0   0  89   0   0   0   2   7   0  3.31 1.26
  119 R   -8  9 -7 -8 -10 -3 -6 -9 -6 -9 -7 -4 -8 -9 -8 -7 -7 -9 -8 -9    0  98   0   0   0   1   0   0   0   0   1   0   0   0   0   0   0   0   0   0  3.38 1.35
  120 Y   -2  1 -3 -7 -4 -1 -7 -5  6 -7 -6 -5 -7 -2 -8 -4 -6 -4  9 -7    4   8   1   0   0   3   0   1  15   0   0   1   0   1   0   1   0   0  64   0  2.35 1.04
  121 E   -5 -6 -4  3 -10 -4  8 -4 -6 -9 -9 -5 -8 -9 -7 -5 -7 -9 -8 -9    1   0   1  15   0   0  82   1   0   0   0   0   0   0   0   0   0   0   0   0  2.51 1.15
  122 R   -4  8  0 -7 -9 -1 -2 -8 -5 -9 -7  1 -7 -8 -6 -5 -7 -8 -7 -8    2  78   5   0   0   3   3   0   0   0   0   7   0   0   0   1   0   0   0   0  2.39 1.05
  123 P   -6 -8 -7 -7 -9 -4 -5 -7 -6 -7 -6 -5 -3 -9  9 -4 -5 -9 -9 -4    1   0   0   0   0   1   1   0   0   0   1   1   1   0  90   1   1   0   0   2  3.11 1.32
  124 Q   -5 -5 -6 -6 -9  9 -3 -5 -6 -9 -8 -4 -7 -9 -7 -6 -7 -8 -8 -8    1   0   0   0   0  94   1   1   0   0   0   0   0   0   0   0   0   0   0   0  3.33 1.45
  125 K    3  1 -3 -4 -6 -2 -2 -4  0 -6 -4  6 -3 -4 -4  0 -2 -7 -5 -5   26   8   1   1   0   1   2   1   2   0   1  45   1   1   1   7   2   0   0   0  1.07 0.63
  126 G   -4 -6 -4 -5 -5 -6 -7  8 -8 -10 -9 -5 -9 -9 -8 -6 -7 -3 -7 -9    1   0   1   1   0   0   0  94   0   0   0   1   0   0   0   0   0   0   0   0  2.77 1.16
  127 R   -8  9 -6 -8 -5 -5 -6 -8 -5 -9 -8 -4 -7 -9 -8 -7 -6 -5 -5 -6    0  97   0   0   0   0   0   0   0   0   0   0   0   0   0   0   0   0   0   1  3.27 1.34
  128 M   -6 -3 -3 -7 -7  2 -5 -8 -4 -6  1 -3  0  4 -8 -4 -5  1  8 -6    0   1   1   0   0   9   1   0   0   0  14   2   3  13   0   1   0   2  52   0  1.76 0.84
  129 R   -8  9 -7 -8 -9 -5 -6 -8 -2 -9 -8 -3 -8 -9 -8 -6 -7 -9 -8 -9    0  97   0   0   0   0   0   0   1   0   0   0   0   0   0   0   0   0   0   0  3.35 1.36
  130 E   -6 -5 -6 -5 -9  8  5 -6 -6 -6 -8 -5 -4 -6 -7 -5 -7 -8 -7 -7    0   0   0   0   0  67  29   0   0   1   0   0   0   0   0   1   0   0   0   0  2.53 1.19
  131 F   -5 -8 -8 -9 -8 -8 -8 -9  4 -6 -3 -6 -5  9 -6 -6 -6 -5 -3 -6    1   0   0   0   0   0   0   0   9   0   2   0   0  85   1   0   0   0   0   0  3.11 1.22
  132 Y   -6 -2  1 -4 -5 -1 -4 -6  9 -5 -6 -5 -4  0 -7 -2  0  7  4 -5    0   3   7   1   0   2   1   0  40   1   1   0   1   3   0   3   7  14  15   1  1.79 0.83
  133 Q   -7 -6 -7 -7 -10  9 -4 -9  1 -6 -9 -5 -7 -10 -8 -5 -5 -9 -8 -9    0   0   0   0   0  95   0   0   3   0   0   0   0   0   0   1   1   0   0   0  3.44 1.50
  134 Y    0 -7 -7 -7 -1 -7 -7 -5 -6  4  1 -7  0  7 -7 -5 -4  0  0  1    8   0   0   0   1   0   0   1   0  21  14   0   2  40   0   0   1   1   2   8  1.25 0.61
  135 G   -5 -7  1  0 -8 -7 -6  7 -7 -9 -9 -7 -8 -8 -7 -2 -6 -8 -8 -7    0   0   6   6   0   0   0  84   0   0   0   0   0   0   0   3   0   0   0   0  2.35 1.02
  136 I    2 -6 -6 -7  3 -6 -6 -5 -6  4  0 -6 -1  2 -6 -4 -2 -3 -2  5   18   0   0   0   7   0   0   1   0  18   7   0   1   7   0   0   3   0   1  36  0.94 0.52
  137 E   -7 -6 -5 -3 -10 -3  8 -8 -6 -9 -9 -5 -8 -9 -7 -6 -7 -9 -5 -8    0   0   0   1   0   1  97   0   0   0   0   0   0   0   0   0   0   0   0   0  3.04 1.33
  138 L    2 -5 -3 -6  3 -4 -5 -5 -2  3  2 -5  1  1 -5 -1 -1 -1  1  2   19   0   2   0   5   0   0   0   1  15  20   0   3   5   0   4   3   1   5  16  0.48 0.33
  139 V   -6 -7 -8 -8 -5 -7 -8 -8 -7  6  3 -7 -1  6 -7 -7 -5 -4  0  0    0   0   0   0   0   0   0   0   0  38  25   0   1  26   0   0   0   0   3   6  1.50 0.69
  140 G   -4 -8 -1 -3 -5 -7 -6  8 -5 -8 -8 -7 -7 -9 -8 -4 -6 -8 -9 -9    1   0   4   1   0   0   1  90   0   0   0   0   0   0   0   1   0   0   0   0  2.58 1.09
  141 E    1 -3  0  1 -2 -2  2 -1 -1 -1 -2 -2 -2  0 -1  4  0 -4 -1  0   11   1   3   8   1   1  12   4   1   3   3   1   1   4   3  29   5   0   3   7  0.28 0.29
  142 L    1 -1  1  3 -4  0  1 -1 -1 -3 -3  2 -1 -4  1  2 -1 -6 -3 -4   13   3   6  17   0   4  10   4   1   1   2  11   2   1   8  14   4   0   1   1  0.32 0.27
  143 D   -1 -1  2  4 -3 -2  0  1  2 -6 -5 -1 -5 -5 -3  4  0 -7 -3 -6    3   3  10  21   1   1   6  12   6   0   1   3   0   0   1  27   5   0   1   0  0.63 0.44
  144 Q    0 -7 -7 -4 -3 -5 -3 -4 -5  0 -4 -5 -2 -2  8 -1 -4 -6  0 -1    9   0   0   1   1   0   2   1   0   5   1   1   1   2  63   4   1   0   3   4  1.73 0.87
  145 L    1 -1 -2  0 -3 -1  2 -2 -1  0  1 -2  1  1 -4  0 -2  0  3  0   16   3   1   6   0   3  14   2   2   6  15   2   3   6   0   7   2   1  10   5  0.16 0.19
  146 D    4 -3 -2 -3 -1 -2 -3 -2 -2  3  1 -3  0 -2 -4  1 -1 -4  0  2   31   1   2   1   1   2   1   2   1  14  11   1   2   1   0  11   3   0   3  11  0.39 0.33
  147 Y   -7 -8 -4  8 -10 -5  1 -8 -4 -6 -8 -7 -9 -7 -8 -6 -7 -10 -5 -7    0   0   1  87   0   0   9   0   0   1   0   0   0   0   0   0   0   0   1   0  2.84 1.25
  148 L    6 -6 -7 -7 -3 -6 -6 -4 -5  1 -1 -6 -4  0 -6 -3 -3 -7 -3  3   58   0   0   0   0   0   0   1   0   6   5   0   0   4   0   1   1   0   1  22  1.30 0.74
  149 Q   -6 -5 -5 -1 -10  1  8 -8 -3 -8 -4 -4 -6 -7 -7 -5 -5 -5 -6 -8    0   0   0   3   0   6  85   0   1   0   2   0   0   0   0   0   1   0   0   0  2.47 1.20
  150 T   -2 -6 -4 -7  0 -3 -6 -5 -6  4  2 -6  2 -4 -7 -3  0 -7 -5  5    4   0   1   0   2   1   0   1   0  20  21   0   4   0   0   2   5   0   0  38  1.01 0.55
  151 I   -6 -8 -9 -9 -7 -8 -9 -9 -9  8  1 -8  2 -4 -8 -8 -5 -8 -7  1    0   0   0   0   0   0   0   0   0  76  11   0   5   0   0   0   0   0   0   7  2.33 1.00
  152 L    2 -2 -1  0 -1  0  0 -2 -1  0  1 -2  1  0 -4  1  0 -1  0 -1   21   1   3   5   1   5   7   2   2   4  16   2   4   3   0  12   4   1   3   4  0.15 0.19
  153 F   -3 -7 -7 -6  0 -5 -7 -7 -7  2  5 -7  6  0 -7 -4 -3 -5 -3  0    2   0   0   0   2   1   0   0   0  11  51   0  19   4   0   1   2   0   1   6  1.30 0.67
  154 A    5 -5 -3 -5  1 -2 -5  1 -5  0  1 -5  0 -2 -4 -1  0 -5 -4  0   42   0   1   0   2   2   0  12   0   4  16   0   2   2   0   4   5   0   0   5  0.66 0.47
  155 K    0 -1  1  0  1 -1 -2 -4  3 -1 -1  0  2  0 -5  0 -1  5  4  0    7   3   7   6   3   3   2   0   7   3   5   5   6   3   0   6   3   8  16   6  0.35 0.29
  156 K   -1  3  1  3 -2  2  2 -3  1 -4 -2  1 -2 -3 -4  0  1 -4 -3 -4    6  16   8  15   1   7  13   1   3   1   4   7   1   1   0   7   8   0   1   1  0.36 0.30
  157 I   -3 -7 -7 -7  1 -6 -7 -4 -6  4  3 -7  1  5 -6 -3 -2  1  0  0    2   0   0   0   3   0   0   1   0  26  25   0   3  24   0   3   3   2   3   6  0.99 0.53
  158 L   -4 -6 -6 -8 -2 -6 -8 -7 -5  0  5 -7  1  4 -8 -7 -5  5  3 -1    2   0   0   0   1   0   0   0   0   4  53   0   3  18   0   0   0   7   8   3  1.35 0.69
  159 D   -2  3  1  1 -3  2  2 -3 -1 -3 -4  4 -4 -6 -5  0 -1 -7 -4 -4    3  16   6   6   1   8  13   2   1   1   1  29   0   0   0   7   4   0   0   1  0.64 0.44
  160 T    1  2  1  1 -2  0  3 -2 -2 -3 -3  2 -2 -3 -4  2  0 -3 -3 -3   13  10   6   7   1   4  20   2   1   1   2  12   1   1   0  13   5   0   1   1  0.35 0.31
  161 F   -2 -6 -7 -8 -1 -7 -7 -6 -6  2  6 -6  0  2 -7 -4 -3 -1 -4  1    4   0   0   0   1   0   0   0   0   9  65   0   2   7   0   1   1   1   0   8  1.32 0.68
  162 N   -4 -3  2 -1 -8 -2 -1  7 -3 -9 -7 -1 -6 -7 -5 -3 -5 -8 -6 -8    1   1  10   3   0   2   4  69   1   0   1   5   0   0   0   2   0   0   0   0  1.66 0.83
  163 F   -5 -6 -6 -6 -3 -6 -7 -7 -5  5  5 -6 -1  1 -6 -6 -4 -6 -5  2    1   0   0   0   0   0   0   0   0  32  45   0   1   5   0   0   1   0   0  12  1.33 0.66
  164 D   -4 -1  4  5 -7  0  2 -2  0 -6 -7  3 -6 -7 -2 -1 -1 -7 -4 -6    1   3  18  30   0   4  10   3   2   0   0  17   0   0   2   5   4   0   0   0  0.88 0.54
  165 C   -1 -4 -1 -5  0 -4 -4 -1 -2  2  2 -4 -1  3 -1 -2 -1  1  3  2    4   0   3   0   2   0   1   4   1  10  20   1   1  13   3   3   4   2  12  16  0.40 0.29
  166 V   -2  2 -1  0 -4  1  2 -4 -1  0 -2  2 -2 -3 -4  1  3 -5 -1  1    2   9   2   4   0   5  13   0   2   5   3  12   1   1   0   9  18   0   2  12  0.29 0.28
  167 L   -5 -7 -5 -8 -6 -7 -7 -8 -7  3  5 -7  0  1 -6 -7 -4 -6 -5  3    1   0   1   0   0   0   0   0   0  14  58   0   2   4   0   0   1   0   0  18  1.41 0.70
  168 N   -3  2  0 -2 -4  3  4 -5  5 -3 -1  3 -3 -4 -5 -2 -3 -3 -1 -3    1  12   5   2   0  11  24   0  11   1   7  16   1   1   0   3   1   0   2   2  0.65 0.45
  169 I   -6 -7 -8 -8 -6 -7 -8 -8 -8  7  3 -7 -2 -4 -7 -7 -5 -4 -5  2    0   0   0   0   0   0   0   0   0  54  29   0   1   0   0   0   0   0   0  14  1.75 0.80
  170 N   -6 -5  9 -5 -8 -6 -6  1 -3 -8 -8 -6 -7 -8 -7 -3 -5 -8 -7 -6    1   1  83   0   0   0   0  11   1   0   0   0   0   0   0   2   1   0   0   1  2.74 1.21
  171 W   -4 -6  2 -3 -2 -5 -5 -6  3 -7 -7 -4 -5 -1 -6  6  3 -2  1 -6    0   0   9   2   1   0   0   0   7   0   0   1   0   3   0  58  14   1   4   0  1.43 0.84
  172 L   -6 -4 -7 -8 -6 -7 -7 -8 -7  5  5 -7  1 -3 -7 -7 -4 -7 -6  2    0   1   0   0   0   0   0   0   0  33  47   0   3   1   0   0   1   0   0  13  1.49 0.72
  173 G   -4 -6 -4 -5 -5 -7 -8  8 -8 -6 -7 -7 -4 -7 -7 -3 -6 -8 -8 -6    1   0   1   1   0   0   0  92   0   1   1   0   1   0   0   2   0   0   0   0  2.62 1.14
  174 N   -4 -5  1  5  8 -4 -2 -2 -3 -3 -5 -3 -4 -7 -6  2  0 -7 -6 -3    1   1   7  27  30   1   2   3   1   2   1   1   0   0   0  13   7   0   0   2  1.28 0.68
  175 F    1  1 -1 -1 -4  0  0 -2 -2  0  0  1 -1 -1  4  1 -1 -3 -1 -2   11   7   3   3   0   4   7   3   1   6   8   9   1   2  19   9   3   0   2   3  0.21 0.20
  176 A    1  0  1  1 -4  1  4 -2 -2 -1 -3  1 -3 -5 -3 -1 -1 -2 -4 -1   11   4   6   8   0   5  32   3   1   4   3   8   0   0   1   4   4   1   0   5  0.44 0.34
  177 S   -1 -6 -1  2  9 -3  1 -4 -6 -3 -4 -3 -1 -5 -5  3  1 -6 -6 -3    4   0   2  13  36   1   8   1   0   2   1   1   2   0   0  18   8   0   0   2  1.24 0.65
  178 R   -4  8 -5 -6 -7  0 -3 -7 -3 -2 -3  1 -1 -7 -7 -4 -6 -7 -4 -6    1  74   0   0   0   3   2   0   1   3   3   7   1   0   0   1   0   0   1   0  2.10 0.97
  179 K    1  0  0 -1 -4  1  1 -2 -2 -2 -3  2 -2 -5  4  0 -1 -6 -5 -2   11   6   4   3   0   6  10   3   1   3   3  14   1   0  24   5   3   0   0   2  0.44 0.33
  180 C    2  2  2 -1 -3  0  1 -1 -1 -1 -2  3 -2 -3 -1 -1 -1 -5 -3 -1   18  12   9   3   0   4   9   5   1   4   4  16   0   1   2   4   3   0   0   4  0.23 0.22
  181 W   -6 -7 -7 -4 -7 -7 -7 -6  1  0 -3 -7 -3  4 -4 -6 -7  2  9 -3    0   0   0   1   0   0   0   1   3   6   3   0   1  12   1   1   0   2  66   2  2.38 1.05
  182 V   -2  4  0 -4 -3  0 -1 -3 -2  1  0  2  1 -4 -4  0 -1 -5 -3  0    3  26   5   0   1   4   3   1   1   9  10  14   4   0   1   7   3   0   1   6  0.39 0.31
  183 E    1  0  1  1 -6  2  4 -3 -3 -3 -3  3 -3 -6 -4 -1 -1 -6 -5 -3   10   4   5   8   0  10  27   2   1   2   3  20   0   0   1   4   3   0   0   1  0.58 0.42
  184 Q    3  0 -1 -1 -3  0  2 -2 -1  0 -1  2 -1 -4 -4 -1 -1 -4 -2  0   29   5   2   3   0   3  12   2   2   6   5  14   1   0   0   4   3   0   2   6  0.29 0.29
  185 L   -6 -5 -8 -5 -7 -4 -5 -9 -6  0  7 -7 -2 -1 -5 -7 -6 -7 -5 -2    0   1   0   1   0   1   1   0   0   5  86   0   0   2   1   0   0   0   0   2  1.99 0.93
  186 N   -2  3 -2 -3 -4  2 -1 -3 -3  1  0  4 -2 -3 -5 -2  0 -5 -2  2    2  17   1   1   0   7   3   2   0   7   9  24   1   1   0   3   6   0   1  14  0.43 0.34
  187 Q    1 -1  2  3 -5  0  3 -2 -1 -4 -4  2 -4 -5 -4  0 -1 -6 -5 -3   14   3   8  17   0   4  21   3   1   1   2  12   0   0   0   8   4   0   0   1  0.49 0.37
  188 Y   -2 -4 -4 -4 -3 -4 -1 -7  3 -3 -4 -4 -3  6 -7 -4 -5  1  8 -5    4   1   1   1   1   1   4   0   5   2   2   1   1  26   0   1   1   2  46   1  1.73 0.83
  189 F   -4 -7 -7 -5 -3 -5 -7 -6 -6  1  5 -7 -1  6 -7 -6 -5 -2  4 -2    2   0   0   1   1   1   0   1   0   6  47   0   1  27   0   0   0   0  11   3  1.35 0.67
  190 K    0  3  0  0 -5  1  2 -2 -2 -3 -2  3  0 -4 -4  1  0 -4 -2 -4    8  13   4   5   0   7  14   3   1   1   4  20   2   0   0  11   6   0   1   1  0.37 0.31
  191 Q    0  0  0  2 -5  1  1  1 -2 -4 -4  3 -4 -6  4  0 -1 -6 -4 -4    7   4   5  10   0   7   9   9   1   1   1  15   0   0  18   8   4   0   0   0  0.44 0.34
  192 Y   -3  1  2 -3 -4 -1 -2 -5  7  0 -1  2 -3  1 -6 -3 -3 -3  4 -1    2   9   8   1   0   2   2   0  22   5   6  14   1   6   0   2   1   0  12   5  0.69 0.44
  193 Q   -1  2 -2 -2 -4  0  1 -4 -2  1  1  3  0 -1 -3  0 -2 -3 -1 -1    5  11   2   2   0   4  10   1   0  10  15  21   2   2   0   6   2   0   2   4  0.24 0.23
  194 D    1 -1  2  4 -5 -1  2  0  0 -4 -5  0 -4 -6 -1  2 -1 -4 -4 -5   10   4  10  26   0   2  11   6   2   1   1   6   0   0   3  13   3   0   0   0  0.51 0.37
  195 Q   -1  0  0  2 -2  2  3 -1  0 -3 -2  3 -2 -3 -3  0 -2 -3 -3 -2    5   5   4  11   1  10  17   4   2   2   4  17   1   1   1   8   2   0   1   2  0.31 0.26
  196 L   -5 -6 -6 -8 -5 -7 -4 -4 -7  1  6 -4  2  0 -8 -7 -4 -4 -4 -1    1   0   0   0   0   0   1   1   0   6  75   1   5   4   0   0   1   0   1   3  1.59 0.78
  197 S   -3 -4 -3  3 10 -4 -2 -4 -4 -5 -6 -4 -3 -6  0  3 -2 -8 -7 -6    2   1   1  13  46   1   2   1   0   1   0   1   1   0   5  21   2   0   0   0  1.80 0.87
  198 E    0 -2 -1  3 -6  0  4 -2 -2 -5 -4  1 -4 -4  2  0 -2 -6 -5 -2    9   1   3  14   0   4  31   3   1   1   1  10   0   1  11   6   2   0   0   3  0.59 0.43
  199 L   -3 -4  1  7 -7 -3  2 -4 -1  0 -2 -3 -5 -3 -5 -3  0 -8 -5 -3    2   1   5  53   0   1  14   1   1   6   4   2   0   1   1   2   5   0   0   2  1.20 0.66
  200 S   -2 -6 -3  0 10 -5 -1 -2 -3 -2 -3 -4 -4 -4 -5  3 -3 -7 -2 -4    3   0   1   5  45   0   4   4   1   3   2   1   0   1   1  24   1   0   1   1  1.67 0.81
  201 V   -3  4 -2 -5 -5  5 -1 -6 -1 -1  0  4 -2 -4 -6 -3 -3 -4 -2 -1    2  18   2   0   0  27   3   0   1   3   8  24   1   1   0   1   1   0   2   4  0.86 0.56
  202 S   -1  5  0  0 -6  0  3 -3  0 -1 -3  2 -2 -3 -3 -1 -1 -4 -2 -2    4  29   5   5   0   3  17   2   2   4   2  12   1   1   1   5   4   0   1   2  0.51 0.37
  203 R   -5  8 -3 -3 -9 -3 -2 -6 -4 -6 -7  1 -3 -6 -8 -5 -3 -8 -4 -7    1  78   1   2   0   1   3   1   0   0   0   8   1   0   0   1   1   0   1   0  2.31 1.07
  204 L   -3 -3 -5 -6 -4 -3 -2 -7 -4  2  4 -3  3  3 -6 -5 -3 -2  3 -1    3   2   1   0   0   1   3   0   0  12  45   2   6  11   0   1   2   0   8   3  0.84 0.48
  205 D   -1 -1  0  2 -2  1  5 -2  1 -1 -1  0 -2 -3 -3 -2 -3 -4  0 -2    5   2   5  13   1   5  35   3   3   4   6   6   1   1   1   2   1   0   3   4  0.49 0.31
  206 S   -2  3  0 -2 -5  0 -1 -3 -4 -3 -4  4 -3 -3 -4  1  4 -5 -4 -3    3  17   4   2   0   4   3   2   0   1   1  26   0   1   1  10  22   0   0   2  0.66 0.43
  207 Y    0  0  0  0 -1  0  1  0  0  0  0  1  0 -1 -1  0  0 -1 -1  0    7   5   5   4   1   4  10   8   3   5   9  11   2   2   3   7   7   1   2   7  0.03 0.02
  208 G   -4 -2  9 -2 -7 -4 -3 -2 -4 -5 -4 -3 -6 -4 -5 -3 -5 -7 -6 -7    2   2  80   2   0   1   2   3   0   1   2   2   0   1   1   2   0   0   0   0  2.42 1.07
  209 V   -4 -7 -7 -4 -4 -6 -4 -7 -7  1 -4 -4 -5 -4  8 -3 -1 -8 -5  1    2   0   0   1   0   0   1   0   0   8   2   1   0   1  67   2   3   0   1  10  2.00 0.97
  210 L   -6 -4 -8 -5 -6 -7 -4 -6 -7  0  6 -4  3  1 -6 -6 -6 -1 -5 -3    0   1   0   1   0   0   1   1   0   5  76   1   7   5   0   1   0   1   0   1  1.71 0.83
  211 R   -4  8 -4 -5 -9 -4 -2 -5 -3 -6 -5  0 -7 -6 -5 -4 -7 -5 -6 -8    1  84   1   1   0   0   2   1   1   1   1   4   0   0   1   1   0   0   0   0  2.57 1.16
  212 I   -2 -7 -7 -5 -4 -6 -4 -3 -7  6  2 -7  0 -2 -7 -4 -3 -7 -4  4    3   0   0   1   0   0   1   2   0  43  17   0   2   2   0   1   1   0   0  27  1.26 0.63
  213 L   -6 -5 -8 -8 -6 -7 -8 -8 -7  0  6 -6 -1  3 -8 -7 -5 -4 -3 -3    1   1   0   0   0   0   0   0   0   4  78   1   1  12   0   0   0   0   1   1  1.87 0.87
  214 D   -6 -5 -3  8 -9 -5 -1 -7 -7 -4 -6 -5 -8 -9 -7 -3 -4 -9 -8 -8    0   1   1  88   0   0   3   0   0   1   1   1   0   0   0   2   1   0   0   0  2.76 1.20
  215 D   -3 -5 -3  1 10 -5 -6 -5 -5 -4 -4 -4 -3 -5 -5  4 -1 -7 -7 -4    1   1   1   7  46   0   0   1   0   1   2   1   1   1   1  31   4   0   0   1  1.96 0.91
  216 K   -6 -2 -4 -4 -8 -4 -2 -6 -5 -4 -4  8 -6 -8 -6 -5 -4 -8 -3 -5    0   2   1   1   0   0   2   1   0   1   2  86   0   0   0   1   1   0   1   1  2.40 1.10
  217 N   -2 -1  4  3 -4 -1  2 -2 -1  0 -2 -1 -3 -4 -4  0 -2 -6 -5  2    3   4  22  16   0   2  13   3   1   5   3   4   0   0   0   6   2   0   0  14  0.46 0.35
  218 E   -1 -2 -3  2 -1  0  4 -3 -3 -1 -3  1 -5 -5  4 -1 -2 -6 -5 -4    5   2   1  13   2   3  30   2   0   3   2   7   0   1  21   4   2   0   0   1  0.70 0.48
  219 S    1  0  1  1 -3  1  1  2  1 -2 -4  2 -3 -4 -2  1  0 -5 -2 -2   10   5   6   7   0   6  10  13   3   2   1  12   0   0   1  12   7   0   1   2  0.24 0.22
  220 K   -3 -3 -2  4  9 -2 -1 -6 -2  0 -1 -1  1 -4 -4 -4  0 -4 -3 -1    2   2   2  20  35   2   3   0   1   5   5   4   3   1   1   1   6   0   1   5  1.15 0.61
  221 K   -2  3 -4 -4 -5  6 -1 -5  0  0 -1  4 -2 -3 -4 -2 -3 -5 -4 -2    3  14   1   1   0  32   4   1   2   6   5  22   1   1   0   2   1   0   0   3  0.86 0.56
  222 D    2 -1  0  1 -4  1  4 -2 -2 -2 -3  2 -3 -4  1  0 -1 -5 -4 -2   15   3   4   7   0   5  25   3   1   3   2  11   0   1   7   6   3   0   0   3  0.36 0.30
  223 F    0 -4 -4 -5 -2 -4 -4 -5 -3  5  3 -4  0  1 -5 -3 -2 -5 -1  3    8   1   1   1   1   1   1   1   1  28  27   1   1   7   0   2   1   0   2  17  0.71 0.40
  224 V    0 -2 -2 -3  0 -4 -4 -4 -3  3  2  0  2  0 -4 -2  0 -4 -1  2    8   2   2   2   2   0   1   1   0  20  23   5   5   3   1   3   5   0   2  14  0.35 0.26
  225 R    2  0  0  1 -4  1  3 -1 -2 -3 -3  3 -4 -5 -4  0 -2 -3 -3 -2   15   5   3   8   0   6  18   4   1   2   3  21   0   0   0   7   2   0   1   2  0.39 0.32
  226 S   -1 -1  3  3 -4  1  2  1 -1 -3 -4  1 -2 -5 -3  0 -1 -6 -5 -3    5   2  16  18   0   6  13  13   1   2   2   8   1   0   1   8   3   0   0   1  0.43 0.32
  227 A    6 -4 -6 -6 -1 -5 -5 -3 -5  0  0 -2  0  0 -5 -1 -3 -7 -2 -1   64   1   0   0   1   0   0   2   0   5   8   2   2   3   0   4   1   0   2   4  1.18 0.69
  228 P   -5 -7 -6 -3 -9 -7 -1 -6 -6 -9 -9 -2 -8 -8  9 -5 -5 -9 -7 -7    1   0   0   2   0   0   4   1   0   0   0   3   0   0  86   1   1   0   0   0  2.93 1.31
  229 T   -1  2 -1  0 -4  2  0 -4 -1 -1 -1  3 -2 -3 -1  1  0 -4 -3  0    4  11   2   5   0   9   5   1   1   4   7  23   1   1   3  12   6   0   0   6  0.28 0.26
  230 I   -3 -6 -5 -6 -5 -4 -4 -5 -6  6  3 -6  3  0 -2 -2 -1 -6 -1  0    2   0   0   0   0   1   1   1   0  41  26   0   8   3   3   3   4   0   2   4  1.01 0.54
  231 D   -1 -1 -1  0 -3  0  0 -2 -1  2  2  0  0  0 -2  0  1 -3 -1  1    5   3   2   5   0   3   7   3   2  12  20   5   2   3   2  10   8   0   2   8  0.07 0.11
  232 Q   -2 -5  1  7 -7  0  3 -3 -3 -6 -5 -1 -6 -7 -4 -2 -4 -8 -7 -6    3   0   7  55   0   3  18   2   1   0   1   3   0   0   1   3   1   0   0   0  1.46 0.75
  233 F   -2 -3  0 -5 -1 -4 -2 -5  5 -2 -2 -4 -2  5 -5  0 -3  0  6 -2    3   1   4   1   2   1   3   1  11   2   4   1   1  25   0   9   1   1  27   3  1.04 0.57
  234 I   -4 -4 -6 -3 -6 -5 -5 -6 -2  2  6 -6  0 -2 -4 -5 -5  1  0 -1    1   1   0   2   0   1   1   1   1   9  71   0   1   1   1   1   0   2   3   4  1.40 0.70
  235 S   -2 -6  1  2  9 -5 -1  0 -5 -4 -6 -3 -6 -4 -4  3  0 -7 -6 -5    2   0   7  11  34   0   4   6   0   1   0   1   0   1   1  23   6   0   0   0  1.30 0.69
  236 L    0 -3  0  3 -4  0  4 -1 -2 -2 -2  1 -3 -4  2  0 -1 -5 -3 -2    7   1   4  18   0   4  23   4   1   2   4   9   1   1   9   6   4   0   1   2  0.41 0.32
  237 E    0 -2 -1  4 -4  0  5 -1 -3 -4 -5  0 -5 -4 -1  0 -1 -6 -4 -4    9   2   2  18   0   3  37   4   0   1   1   6   0   1   4   7   3   0   0   1  0.72 0.48
  238 E    0 -4 -3  1  9 -3  1 -3 -6 -6 -6 -6 -6 -7 -4  4 -2 -7 -7 -5    9   1   1   7  37   1   8   2   0   0   0   0   0   0   1  29   3   0   0   0  1.54 0.78
  239 Q    0  4 -1 -3 -5  1 -1 -3 -1 -1  0  4 -3 -3 -5 -1 -2 -5 -2 -2    9  23   3   1   0   7   4   2   2   4   9  24   0   1   0   5   2   0   1   2  0.49 0.36
  240 T    2  0  2  2 -4  1  3 -2 -1 -3 -3  2 -3 -5 -4  0  0 -5 -4 -2   17   4   8  11   0   6  20   3   1   2   3  11   0   0   0   6   6   0   0   2  0.35 0.30
  241 Q   -5  2  0 -2 -5 -3  0 -5  9 -5 -6 -2 -5 -1 -7 -4 -4 -4  4 -7    1  11   5   3   0   1   6   1  51   1   1   3   0   3   0   1   1   0  11   0  1.87 0.87
  242 F   -6 -7 -7 -7 -8 -5 -8 -9  0 -1  1 -6 -3  9 -9 -6 -5  3  2 -4    1   0   0   0   0   1   0   0   2   3  14   1   0  66   0   0   1   3   6   1  2.17 0.96
  243 K    0  0  1  3 -6  1  4 -2 -2 -4 -3  2  0 -4 -5 -1 -1 -6 -3 -3    8   5   7  16   0   6  27   2   1   1   2  12   2   1   0   4   4   0   1   2  0.50 0.38
  244 Q    1  2  1  0 -4  2  3 -1 -1 -3 -3  3 -2 -3 -4  0  0 -4 -3 -3   10   9   5   4   0  10  18   5   1   1   2  17   1   1   0   7   6   0   1   1  0.35 0.30
  245 L   -5 -7 -8 -8 -6 -7 -7 -8 -8  3  3 -7  0  0 -7 -6  0 -4 -4  6    0   0   0   0   0   0   0   0   0  14  28   0   1   4   0   0   5   0   0  47  1.37 0.70
  246 L   -4  2 -4 -5  5  2 -2 -6 -4 -1  3  3 -2 -1 -6 -3 -1 -6 -4 -2    1  10   1   0  11  10   2   0   0   4  29  19   1   2   0   2   5   0   0   2  0.66 0.46
  247 E    1  1  2  2 -5  1  4 -1 -1 -4 -4  2 -2 -5 -5  1 -1 -6 -3 -4   10   7   8  11   0   6  24   4   1   1   1  10   1   0   0  10   3   0   1   1  0.47 0.36
  248 Q   -1 -2 -1 -4  0 -2 -3  1  1  2  2 -3  1  1 -5 -2 -1 -2  5 -2    6   2   3   0   2   2   1  11   4  10  21   1   3   5   0   3   3   0  19   2  0.38 0.30
  249 L   -6 -8 -9 -9 -4 -8 -9 -9 -9 -1  7 -8 -2 -3 -9 -8 -7 -7 -7 -3    1   0   0   0   0   0   0   0   0   2  94   0   1   1   0   0   0   0   0   1  2.40 1.07
  250 D   -2  0  1  6 -6  0  2 -3 -1 -6 -6  2 -5 -6 -5  0  0 -7 -5 -4    4   4   6  39   0   4  12   2   1   0   0  12   0   0   0   7   7   0   0   1  0.86 0.53
  251 Q    2  0  0  1 -3  1  2 -2 -1 -1 -1  1 -1 -2 -4  1 -1 -3 -1 -2   21   4   4   8   0   5  16   3   1   3   6   8   2   2   0   8   3   0   2   3  0.20 0.22
  252 L    1 -2 -1 -5  0 -2 -3 -5 -1  0  4 -4  3  2 -5 -2 -2  0  2  0   10   2   3   0   2   2   2   1   1   5  36   1   7   9   0   3   2   1   6   5  0.47 0.34
  253 G   -3 -3  4  2 -4 -1  0  6 -1 -8 -7  1 -6 -7 -6 -2 -5 -7 -6 -7    2   1  16   9   0   3   7  48   1   0   0   8   0   0   0   3   0   0   0   0  1.15 0.64
  254 I   -5 -5 -5 -4 -3 -5 -6 -8 -8  7  0 -7 -2 -1 -7 -7 -4 -2 -5  5    0   1   1   1   1   1   0   0   0  54   7   0   1   2   0   0   1   1   0  30  1.69 0.79
  255 K    0 -2  1  2 -6 -1  1 -4 -2 -6 -6  2 -4 -6  5  1 -1 -7 -6 -5    7   2   7  12   0   2   8   1   1   0   0  13   0   0  32  10   3   0   0   1  0.82 0.53
  256 Y   -5 -7 -7 -8 -1 -7 -8 -8  0 -3 -5 -8 -6  6 -4 -6 -5  1  9 -3    1   0   0   0   1   0   0   0   2   1   1   0   0  28   1   1   1   1  58   2  2.47 1.10
  257 K   -2  1 -1 -2 -3  1  3 -5  1  1 -3  2 -3 -3 -5  0  2 -6 -2  2    2   7   3   2   0   6  22   0   3   8   1  11   0   1   0   6  13   0   1  13  0.39 0.34
  258 Y   -4 -2 -6 -4 -4 -3  0 -7  0  5  2 -4 -1 -2 -4 -5 -3  0 -2  4    0   3   0   1   0   1   8   0   2  27  21   1   1   2   1   0   1   1   2  28  0.81 0.48
  259 N   -3 -5  7  6 -4 -4 -1 -6 -4 -8 -8 -3 -6 -8 -7 -1 -3 -9 -8 -5    2   0  43  42   0   0   3   0   0   0   0   2   0   0   0   4   2   0   0   1  1.89 0.93
  260 S   -3 -2  1 -1 -7 -2 -1 -5  2 -4 -1  0 -2  0  6 -1 -1 -4 -1 -5    2   2   6   4   0   2   4   1   5   1   7   5   1   5  43   5   4   0   3   1  0.92 0.57
  261 S   -3  5  2 -3 -4  0 -3  1  2 -5 -3  2 -2  0 -5  1  0 -3  2 -5    1  28   9   1   0   3   1  10   5   0   3  12   1   4   0   9   5   0   7   0  0.56 0.41
  262 L   -7 -8 -9 -9 -7 -7 -8 -9 -8  3  6 -8  2 -2 -8 -8 -4 -7 -6 -1    0   0   0   0   0   0   0   0   0  17  74   0   4   2   0   0   1   0   0   3  1.87 0.87
  263 V    0 -8 -9 -9 -7 -8 -8 -6 -9 -1 -5 -8 -3 -4 -8 -5 -5 -5 -5  8    9   0   0   0   0   0   0   1   0   2   0   0   1   1   0   1   0   0   0  86  2.36 1.08
  264 R   -8  9 -7 -8 -10 -5 -7 -7 -7 -10 -9 -3 -8 -10 -7 -6 -8 -9 -8 -9    0  98   0   0   0   0   0   0   0   0   0   1   0   0   0   0   0   0   0   0  3.44 1.44
  265 G   -6 -9 -5 -6 -9 -8 -7  8 -8 -10 -10 -6 -9 -9 -6 -5 -6 -9 -9 -8    0   0   0   0   0   0   0  97   0   0   0   0   0   0   0   1   0   0   0   0  2.95 1.24
  266 L   -6 -7 -9 -9 -7 -5 -9 -9 -8 -1  7 -7 -2  1 -9 -7 -7 -7 -6 -4    0   0   0   0   0   0   0   0   0   2  90   0   0   5   0   0   0   0   0   0  2.27 1.02
  267 D   -5 -8 -2  9 -10 -6 -1 -6 -7 -10 -10 -7 -9 -10 -8 -5 -7 -11 -9 -9    1   0   2  92   0   0   4   1   0   0   0   0   0   0   0   1   0   0   0   0  3.07 1.27
  268 Y   -9 -9 -9 -10 -4 -8 -9 -10 -5 -8 -8 -9 -3 -3 -10 -9 -9 -4 10 -8    0   0   0   0   0   0   0   0   0   0   0   0   1   0   0   0   0   0  99   0  4.12 1.59
  269 Y   -9 -9 -9 -10 -9 -8 -9 -10 -1 -8 -8 -9 -8 -4 -10 -9 -9 -5 10 -8    0   0   0   0   0   0   0   0   1   0   0   0   0   0   0   0   0   0  99   0  4.15 1.60
  270 S   -3 -3  4 -2  1 -3 -3 -5 -3 -4 -7 -4 -4 -7 -6  1  7 -8 -7 -2    1   2  16   3   3   1   1   1   1   1   0   1   0   0   0  10  57   0   0   2  1.45 0.80
  271 E   -5  5  0  1 -7 -2 -1  3  5 -7 -6  2 -5 -7 -6 -2 -5 -7 -4 -7    0  29   4   9   0   2   3  24  12   0   1  13   0   0   0   2   0   0   1   0  1.04 0.58
  272 L   -5 -7 -4 -7 -3 -6 -7 -7 -7  1  0 -6  2 -1 -3 -3  7 -8 -7  0    1   0   1   0   1   0   0   0   0   7   7   0   5   2   1   2  67   0   0   6  1.70 0.88
  273 V    2 -7 -7 -8 -2 -7 -7 -7 -8  2 -4 -7 -5 -6 -7 -5  1 -8 -5  7   14   0   0   0   1   0   0   0   0   8   1   0   0   0   0   0   9   0   0  66  1.70 0.82
  274 F   -8 -9 -9 -10 -9 -9 -10 -9 -7 -5 -6 -9 -6 10 -10 -9 -8  3  0 -7    0   0   0   0   0   0   0   0   0   1   0   0   0  93   0   0   0   4   2   0  3.55 1.32
  275 E   -7 -6 -6 -3 -10 -4  8 -8 -6 -9 -7 -5 -8 -9 -7 -6 -7 -9 -8 -9    0   0   0   1   0   0  98   0   0   0   1   0   0   0   0   0   0   0   0   0  3.09 1.32
  276 F   -1 -3 -4 -4 -2 -3 -3 -3 -3  3  0 -3 -1  6 -3 -3 -3  6  1  1    4   1   1   1   1   1   1   2   1  18   7   1   1  30   1   2   2  10   4  11  0.80 0.33
  277 I   -3 -3 -4 -4 -2 -2 -2 -4 -1  4 -1  0  0  1 -4 -3  0  2  1  4    2   2   1   1   1   2   2   1   1  26   3   6   3   5   1   2   5   3   5  31  0.62 0.33
  278 L    0  0 -1  0  0  0  0 -2  1 -1 -1  0 -1 -2  0  1  2 -1  2 -1    7   4   2   5   2   3   6   2   3   3   6   6   1   1   5  12  16   1   9   5  0.12 0.13
  279 A    1 -2  0  0 -1  0  0 -1  2 -2 -4  0 -3 -4  0  3  2 -3 -2 -1   14   1   3   5   1   3   5   3   5   2   1   5   0   0   5  24  15   0   1   5  0.31 0.27
  280 N   -1 -1  2  3 -4  0  2  1 -2 -4 -5  0 -4 -4  2  1 -1 -6 -3 -4    4   2  10  19   0   3  15   9   1   1   1   6   0   1  11  12   3   0   1   1  0.46 0.32
  281 N    0  0  1  2 -3  1  1  2  0 -2 -1  1 -2 -3 -2  1 -1 -4 -2 -1    8   5   5  13   0   5  10  15   2   2   9   8   1   1   2   9   2   0   1   4  0.16 0.15
  282 D   -2 -4 -1  0 -4 -2  0 -1 -3  0  5 -2 -1 -2 -2 -2 -2 -5 -4 -2    2   1   3   6   0   2   7   6   1   6  53   2   1   1   2   3   2   0   0   1  0.64 0.40
  283 Q   -2 -3 -1 -4 -6 -2 -1  7 -4 -6 -5 -1 -6 -5 -5 -2 -3 -6 -6 -4    3   2   3   1   0   2   5  70   0   0   1   5   0   1   0   3   2   0   0   2  1.54 0.69
  284 A    5 -1 -3 -4 -3 -1 -2 -2 -3 -4 -3 -1 -4 -4 -3  3 -1 -4 -4 -3   51   3   1   1   0   3   2   3   1   1   2   3   0   1   1  21   4   0   0   1  0.92 0.53
  285 Q   -4 -2 -3 -3 -6  8  1 -3 -2 -4 -4  0 -3 -5 -4 -2 -4 -4 -5 -4    1   2   1   1   0  66   9   2   1   1   2   5   1   1   1   3   1   0   0   1  1.82 0.84
  286 S   -1 -3  5  3 -4 -3 -3  1 -3 -3 -2  1 -1 -3 -4  3 -2 -6 -3 -3    5   0  24  14   0   1   1   8   0   2   5  10   2   1   1  21   2   0   1   1  0.57 0.39
  287 T    5 -5 -5 -5 -5  2 -3 -4 -6 -4 -5 -4 -5 -6 -3  1  5 -7 -6 -2   40   0   0   0   0  10   1   1   0   1   0   1   0   0   1  11  31   0   0   2  1.14 0.67
  288 L   -5 -7 -7 -8 -5 -7 -7 -4 -7  6  3 -7 -3 -1 -7 -6 -5 -5 -4  5    0   0   0   0   0   0   0   2   0  35  28   0   0   2   0   0   0   0   0  31  1.42 0.65
  289 I    2 -6 -6 -6  8 -6 -6  4 -6  1  2 -6 -2 -3 -6 -3 -4 -5 -6 -2   17   0   0   0  26   0   0  25   0   7  17   0   1   1   0   2   1   0   0   3  1.12 0.57
  290 G    4 -6 -6 -7 -7 -5 -7  7 -7 -8 -8 -6 -7 -5 -7 -3 -6 -8 -8 -5   26   0   0   0   0   1   0  69   0   0   0   0   0   1   0   2   0   0   0   1  2.03 0.90
  291 G   -5 -8 -6 -7 -8 -7 -7  8 -7 -9 -9 -7 -8 -8 -7 -6 -7 -8 -8 -8    0   0   0   0   0   0   0  98   0   0   0   0   0   0   0   0   0   0   0   0  2.97 1.16
  292 G   -6 -6 -6 -7 -8 -8 -8  8 -8 -9 -9 -7 -8 -9 -8 -6 -7 -8 -9 -9    0   0   0   0   0   0   0  98   0   0   0   0   0   0   0   0   0   0   0   0  3.03 1.19
  293 C   -4  9 -4 -5 -1 -4 -4 -8 -2 -8 -8 -3 -7 -7 -8 -2 -3 -8 -7 -5    2  87   1   1   1   0   1   0   1   0   0   1   0   0   0   3   2   0   0   1  2.65 1.11
  294 Y   -8 -8 -9 -10 -9 -8 -9 -10 -1 -8 -8 -8 -8 -1 -10 -8 -8 -4 10 -8    0   0   0   0   0   0   0   0   1   0   0   0   0   2   0   0   0   0  97   0  3.99 1.49
  295 Q   -5 -5  2  8 -7 -4 -3 -5 -3 -6 -7 -4 -6 -7 -6 -1 -5 -7 -5 -6    1   1  10  77   0   1   1   1   1   0   1   1   0   0   0   4   1   0   0   0  2.26 0.91
  296 N   -3  0  4 -1 -5 -1 -1  4  0 -5 -3  0 -3 -5 -4  0 -1 -5  1 -5    1   5  20   4   0   3   5  33   2   1   3   6   1   0   1   7   3   0   5   0  0.64 0.39
  297 L   -7 -7 -8 -8 -7 -7 -8 -8 -8 -3  7 -7  0 -3 -8 -7 -6 -7 -6 -4    0   0   0   0   0   0   0   0   0   0  95   0   2   1   0   0   0   0   0   0  2.41 0.99
  298 I    1 -6 -6 -6 -2 -6 -6 -4 -6  4 -1 -5  2  0 -5 -1 -1 -6 -2  5   11   0   0   0   1   0   0   1   0  25   4   0   5   4   0   6   4   0   1  39  0.94 0.50
  299 A   -1 -1 -1 -1 -6  1  6 -1  1 -7 -6  3 -6 -6 -3  0 -3 -7 -4 -5    6   2   3   3   0   6  47   4   3   0   0  14   0   0   1   8   1   0   1   0  0.98 0.57
  300 E   -1 -1 -2  1 -4  3  3 -4 -2 -1  1  0  1 -3 -4  0  0 -5 -1 -2    5   2   2   7   0  16  22   0   1   4  14   6   3   1   0   6   6   0   2   3  0.34 0.29
  301 L   -5 -7 -8 -8  0 -7 -6 -8 -7  2  5 -7  4  4 -7 -6 -5 -4 -1 -2    0   0   0   0   2   0   0   0   0  11  56   0  10  17   0   0   0   0   2   1  1.44 0.66
  302 T   -4 -6 -3 -2 -5 -6 -4  7 -6 -7 -8 -5 -4 -4 -7 -2 -4 -5 -7 -7    1   0   1   2   0   0   1  85   0   0   0   1   1   1   0   4   1   0   0   0  2.24 0.94
  303 N   -3 -5 -2 -3 -5 -5 -5  7 -5 -8 -8 -3 -6 -5 -5 -3 -6 -5 -4 -7    2   1   2   2   0   0   1  85   0   0   0   1   0   1   1   2   0   0   1   0  2.20 0.93
  304 K   -3  1 -1 -2 -6  1  1 -3 -2 -3 -6  3 -5 -6  6 -1 -2 -7 -2 -3    2   8   3   2   0   5   8   2   1   1   0  20   0   0  37   4   2   0   1   2  0.95 0.54
  305 P    0 -1  0  4 -6 -1  1 -5 -1 -6 -5  1 -5 -5  5  1 -3 -7 -3 -5    8   4   4  22   0   3   9   0   1   0   1   7   0   1  26  11   1   0   1   1  0.76 0.47
  306 L   -2 -4 -4 -6 -2 -3 -4 -6 -4  2  0 -4  1 -2 -6 -3  6 -4 -2  3    4   1   1   0   1   1   1   0   0  11  10   1   4   1   0   1  44   0   1  18  0.97 0.57
  307 K   -1 -6 -3 -4 -3 -4 -2 -2 -4 -7 -7 -2 -8 -3  8  1 -4 -9 -5 -5    5   0   1   1   1   1   3   4   1   0   0   3   0   1  68   9   1   0   0   1  1.97 0.92
  308 A    5 -7 -5 -6  1 -5 -6  4 -7 -7 -5 -6 -6 -7 -6  1 -3 -8 -7 -6   51   0   0   0   3   0   0  31   0   0   1   0   0   0   0  11   1   0   0   0  1.46 0.75
  309 I   -1 -5 -7 -7  4 -6 -7 -7 -7  5 -1 -5 -1  0 -6 -3  1 -7 -5  5    6   0   0   0   7   0   0   0   0  26   4   1   1   4   0   2   8   0   0  39  1.10 0.55
  310 G   -6 -8 -4 -7 -9 -8 -8  8 -8 -10 -10 -8 -9 -9 -8 -6 -6 -9 -9 -9    0   0   1   0   0   0   0  99   0   0   0   0   0   0   0   0   1   0   0   0  3.06 1.19
  311 F   -4 -8 -9 -9  0 -8 -9 -5 -7 -4 -2 -9  0  9 -9 -7 -6  6  0 -2    2   0   0   0   2   0   0   1   0   1   4   0   2  71   0   0   0  11   2   3  2.51 0.99
  312 A    6 -7 -6 -7 -6 -6 -6  3 -7 -5 -7 -6 -6 -8 -6  0 -3 -8 -7 -5   71   0   0   0   0   0   0  19   0   1   0   0   0   0   0   7   2   0   0   0  1.79 0.86
  313 L    2 -6 -6 -6  1 -5 -6 -1 -5  4  2 -5  4  3 -5 -2 -3 -5 -2  0   15   0   0   0   3   0   0   5   0  27  19   0  11  12   0   3   1   0   1   4  0.71 0.41
  314 S   -5 -8 -4 -4 -6 -7 -6  8 -8 -9 -9 -7 -3 -9 -8 -5 -7 -8 -9 -9    1   0   1   1   0   0   0  96   0   0   0   0   1   0   0   1   0   0   0   0  2.84 1.11
  315 I   -4 -6 -7 -7 -4 -5 -3 -7 -6  5  2 -6  5  3 -6 -5 -3 -3 -4  3    1   0   0   0   0   0   2   0   0  30  20   0  13  10   0   0   1   0   0  21  1.08 0.52
  316 E   -7 -6 -4  5 -9 -4  7 -6 -6 -9 -8 -5 -8 -9 -7 -5 -5 -9 -8 -8    0   0   0  28   0   0  69   0   0   0   0   0   0   0   0   0   0   0   0   0  2.34 1.03
  317 R   -5  9 -6 -7 -9 -3 -5 -7 -6 -9 -7 -3 -7 -9 -7 -5 -7 -8 -8 -8    1  94   0   0   0   1   1   0   0   0   0   1   0   0   0   1   0   0   0   0  3.10 1.21
  318 F   -3 -6 -6 -7 -2 -6 -5 -7 -6  4  4 -6  1 -2 -6 -4  0 -4 -4  3    2   0   0   0   1   0   1   0   0  23  44   0   3   2   0   1   7   0   0  16  1.04 0.51
  319 I    0 -4 -6 -6 -2 -4 -3 -5 -4  4  3 -4  4 -3 -6 -2 -3 -5 -3  3    9   1   0   0   1   1   2   1   0  24  25   1  11   1   0   3   1   0   1  19  0.76 0.41
  320 S   -1 -3  0 -1 -5 -1  2 -4 -3  1  4 -3  4 -3 -3 -1 -1 -3 -3 -2    6   1   4   4   0   3  13   1   0   6  39   1  10   0   1   5   3   0   0   2  0.48 0.34
  321 Y    3 -2 -2 -4 -2 -1 -2 -4 -2  2  3 -2  0 -2 -4 -2 -1 -5 -1  1   28   2   2   0   1   2   3   1   1  10  27   3   2   1   0   3   3   0   2  10  0.39 0.29
  322 L   -2 -4 -6 -6  1 -4 -5 -5 -4  3  5 -5  5 -2 -5 -4 -2 -3 -1  1    3   1   0   0   3   1   1   1   0  14  46   1  16   1   0   1   2   0   2   8  0.99 0.47
  323 D   -1  1  0  2 -4  1  3 -1 -2 -2 -2  2 -2 -4  0 -1 -2 -4 -3 -3    5   6   4  11   0   7  24   6   0   2   3  15   1   1   5   5   2   0   1   2  0.35 0.22
  324 D    1 -1  0  2 -2  2  3 -2 -1 -2 -1  1 -1 -3 -1 -1 -1 -2 -2 -2   13   3   5  11   1   7  24   3   1   2   7   7   1   1   3   4   3   0   1   2  0.26 0.19
  325 K    0  1  1  0 -2  3  2 -2  0 -2  0  3 -2 -3 -2  0 -1 -3 -2 -2    6   8   6   5   1  13  13   3   2   2   9  16   1   1   2   6   4   0   2   2  0.23 0.18
  326 T    0  0  2  0 -3  0  1  2  0 -1 -2  1 -2 -2  0  0  0 -1 -2 -1    7   4  12   4   0   3   8  18   2   3   4  12   1   1   3   6   4   1   1   4  0.15 0.11
  327 K    0  0  0 -1 -2  1  0 -1  0  1  0  2 -1 -1  0  0  0 -1  0  0    7   5   4   3   1   9   7   4   2  10   8  13   1   2   4   7   4   1   3   7  0.05 0.06
  328 D    0 -1  2  2 -1  1  2  0 -1 -2 -2  1 -2 -1 -1  0 -1 -3 -2 -1    8   3  12  11   1   5  15   9   1   2   4   9   1   3   2   6   3   0   1   4  0.17 0.12
  329 S    1 -1  0 -1 -1  0  0  0 -1  1  0  0  0 -1  1  0  0 -1 -1  1   10   2   5   4   1   3   5   6   1  10   8   5   2   3   8   9   4   1   1  10  0.04 0.04
  330 L    0  0  0 -1 -1  0  0 -1 -1  1  1  0  0  0  1  0  0  1  0  0    8   4   4   3   1   4   5   4   1   9  14   6   2   5   8   6   4   2   3   8  0.03 0.02
  331 I    0 -2 -2 -1 -2 -2 -1 -2 -2  2  1 -1  0  1  3 -1 -1 -2  0  1    6   2   2   4   1   2   4   2   1  13  14   4   2   6  15   5   2   1   3  12  0.17 0.12
  332 N    0  0  0  0 -2  0  1 -1  0 -1 -1  0 -2  1  4  0  0 -2 -1 -2    8   4   5   6   1   3   8   5   2   3   5   7   1   6  20   7   5   0   2   3  0.21 0.14
  333 Q    0  0  0  0 -3  1  2 -1 -1 -1 -1  1 -1 -2  3  0  0 -2 -1 -1    9   4   4   4   0   5  14   5   1   4   5  11   1   2  13   8   5   0   2   4  0.16 0.13
  334 D    0  0  0  1 -3  0  2  0 -1 -2 -2  2 -2 -2  2  0 -1 -3 -2 -2    7   4   5   8   0   4  17   6   2   2   5  14   1   2  10   7   4   0   1   3  0.19 0.15
  335 Q    0  1  1  1 -3  1  1 -1 -1 -1 -2  1 -2 -2  2  0  0 -4 -2 -1    6   6   7   7   0   7  11   3   1   4   4  10   1   2  12   8   5   0   1   3  0.17 0.14
  336 K    0  2  1 -1 -3  1  0  0  0 -2 -2  3 -2 -2  1  0  0 -3 -2 -1    8  13   6   3   0   6   5   8   2   3   4  17   0   2   7   7   4   0   1   4  0.17 0.14
  337 P   -1 -2  0 -1  0 -3 -2 -3 -3  2  0  0 -1 -3  5 -2  0 -5 -3  1    5   2   5   3   2   1   2   2   1  10  10   6   2   1  29   3   5   0   1  10  0.47 0.29
  338 R   -1  0 -1  5 -2  0  0 -1  0 -1 -1  2 -3 -1 -2 -1 -1 -5 -3 -1    4   5   2  36   1   4   5   4   2   3   7  11   0   3   2   4   3   0   1   4  0.47 0.30
  339 Y    0 -5 -6 -4  1 -6 -6 -6 -6  4  0 -6 -2  1 -5 -5 -3 -6  2  5    8   0   0   1   3   0   0   1   0  24   9   0   0   6   0   0   1   0   6  41  1.02 0.51
  340 L   -2 -5 -5 -7 -1 -5 -6 -4 -2  0  0 -7  0  7 -6 -4 -5  0  7  0    4   1   0   0   1   0   0   2   1   5   9   0   2  36   0   1   1   1  30   6  1.38 0.64
  341 L   -3 -7 -7 -6 -3 -6 -6 -5 -7  5  2 -7 -1  2 -5 -6 -4 -4 -4  5    2   0   0   0   1   0   0   1   0  30  21   0   1   8   1   0   1   0   0  33  1.18 0.56
  342 I    3 -5 -5 -6  1 -6 -6 -3 -6  4  0 -6  0 -1 -5 -3 -2 -6 -4  4   28   1   0   0   3   0   0   2   0  25   6   0   2   3   0   2   2   0   0  26  0.89 0.49
  343 N    1 -3 -1 -3  1  3 -3 -1  1 -2 -3 -3 -3 -1  4  0  1  0  2  0   13   1   2   1   3  12   1   5   4   2   2   1   0   2  20   8   7   1   6   7  0.38 0.32
  344 L    0 -3 -3 -2 -3 -1 -3 -4 -3  3  4 -3  3  0 -3 -2  0 -4 -3  1    7   1   1   2   0   3   2   1   1  15  36   1   7   4   1   3   5   0   0  11  0.49 0.31
  345 V   -2 -5  0  2 -3 -2  0  5 -3 -5 -5 -2 -3 -5 -4  2  0 -7 -5 -3    2   0   5  13   1   2   5  45   1   1   1   2   1   0   1  14   5   0   0   2  0.89 0.50
  346 P   -1 -2 -1  4 -6  0  5 -2 -2 -4 -5  1 -4 -4  2 -1 -3 -5 -5 -3    6   2   3  22   0   3  32   4   1   1   1   8   0   1   9   4   2   0   0   2  0.73 0.46
  347 N    1  0  1  1 -3  1  3  0 -2 -3 -2  1 -1 -4 -1  0  0 -4 -3 -2   13   4   7   7   0   6  24   6   1   2   3   8   2   0   2   7   4   0   1   3  0.29 0.24
  348 K    4 -3 -1 -2 -1  0 -1 -1 -3 -1  0 -2  0 -1 -3  0  0 -4 -1  0   40   1   2   3   1   4   4   5   1   3   8   2   2   3   1   6   6   0   2   5  0.37 0.31
  349 E   -1  3 -1 -1 -2  1  1 -3  0  0 -1  3 -1 -1 -3 -1 -1 -1  0 -1    6  17   3   3   1   4  10   1   2   6   7  20   1   3   0   3   3   1   3   4  0.25 0.21
  350 L    0  1  0  1 -2  0  1 -1 -1  0  0  2 -1 -2  1  0  0 -3 -2 -1    8   7   4   6   1   4  10   4   2   5   8  17   1   2   6   6   4   0   1   4  0.11 0.11
  351 A    1  1 -1 -1 -2  0  2 -3  1 -1 -2  3 -1  0 -2 -1 -1  0  3 -2   11   8   2   4   1   4  15   1   3   3   4  19   1   4   2   2   3   1   9   3  0.25 0.23
  352 T    5 -5 -2 -6  3 -4 -5  1 -5 -1 -1 -5 -2 -2 -6  1 -1 -7 -5  0   52   1   2   0   6   0   0   9   0   3   5   0   1   2   0  10   3   0   0   6  0.93 0.55
  353 L   -2 -2 -4 -6 -3 -3 -5 -7 -2  2  4 -4  3  5 -5 -4 -3 -1  0  0    3   2   1   0   0   1   1   0   1  12  36   1   8  22   0   1   1   1   3   5  0.85 0.45
  354 N    0  2  0 -1 -4  2  1 -1 -1  0 -1  3 -2 -3  0  0 -1 -5 -2 -2    7  12   4   3   0   8  10   4   1   5   6  19   1   1   4   6   3   0   1   3  0.21 0.20
  355 L   -3 -5 -6 -7 -4 -5 -6 -8 -6  4  5 -4  0 -1 -7 -6 -2  2 -3  2    2   1   0   0   0   0   0   0   0  25  49   1   2   2   0   0   2   3   1  11  1.18 0.57
  356 S    4 -3 -4 -5  0 -3 -5 -3 -4  1  1 -3  1  1 -5  0  1 -4 -2  1   33   1   1   0   2   1   0   2   0   6  16   1   4   6   0   8   7   0   1  10  0.48 0.35
  357 Q    0  1  2  1 -3  2  3 -2  1 -4 -3  0 -1 -2 -4  1  0 -3 -1 -3    6   7  10   7   1  10  20   3   4   1   2   6   2   2   0   9   5   0   2   2  0.31 0.26
  358 E    0  1  1  1 -5  2  3 -2 -1 -2 -2  2  0 -2 -4  0  0 -3 -2 -2    8   7   6   7   0   8  19   2   1   3   5  15   3   2   0   6   5   0   1   2  0.27 0.24
  359 L   -4 -8 -9 -9 -5 -7 -8 -8 -8  2  6 -7  0  1 -8 -7 -5 -1 -6 -2    2   0   0   0   0   0   0   0   0  10  77   0   2   5   0   0   0   1   0   2  1.83 0.82
  360 I   -5  8 -5 -6 -5 -2 -4 -7  0 -2 -4 -2 -6 -7 -8 -4 -5 -5 -4 -5    1  83   0   0   0   1   1   0   2   2   2   2   0   0   0   1   1   0   1   1  2.51 1.09
  361 N    0  2  2  2 -3  1  2 -2  0 -5 -3  3 -3 -5 -4  0 -1 -6 -5 -5    9  13  11  10   1   7  13   4   2   0   3  17   1   0   0   7   3   0   0   0  0.43 0.32
  362 H    3  1  2 -1 -1  1  2 -2  1 -3 -1  2 -2 -4 -3  0 -2 -4 -1 -3   22   8   9   3   1   7  12   2   3   1   6  11   1   1   1   6   2   0   3   1  0.27 0.25
  363 N   -4 -3  3 -1 -4 -2 -3  6 -1 -6 -6 -1 -6 -5 -4 -2 -3 -3 -5 -7    1   1  13   4   0   2   2  62   2   1   1   4   0   1   1   3   1   0   0   0  1.40 0.67
  364 Y   -4 -4 -5 -7 -2 -5 -5 -5 -1  5  2 -3 -1  3 -5 -5 -4 -1  2  2    1   1   1   0   1   0   1   1   2  36  21   2   1  13   0   0   0   1   6  12  0.96 0.49
  365 Q    0  3  0 -3 -1  0 -2 -3  0  0 -3  2 -3 -3  1  3  0 -2 -1 -1    8  14   4   1   2   3   2   2   2   6   1  14   0   1   8  20   6   1   2   4  0.29 0.27
  366 V    3 -6 -6 -7  4 -6 -6 -5 -7  2 -2 -6 -3 -2 -6 -1  2 -5 -5  5   22   0   0   0   7   0   0   1   0  10   4   0   1   2   0   4  11   0   0  39  1.00 0.56
  367 Y   -2 -1 -2  3 -3  0  4 -2  0  0 -2 -1  0 -2 -5 -1 -1 -3  0  0    4   4   1  18   1   3  28   2   2   6   5   4   2   2   0   4   3   0   3   8  0.41 0.32
  368 Y   -1 -2 -3 -4  0 -1 -1 -2 -1  3  1 -3  4  2 -4 -1  1 -3  0  2    3   2   1   0   2   2   5   4   1  15  15   1  12   8   0   5   7   0   3  12  0.27 0.22
  369 Q    0 -3  3  6 -2 -3  1 -1  1 -3 -4 -4 -4 -3 -2  1 -3 -7 -3 -4    9   1  13  39   1   1   7   4   3   2   2   0   0   1   2  10   1   0   1   1  0.81 0.48
  370 H   -3 -5 -4 -4  0 -4 -5 -4  2  0  3 -5  0  4  0 -2 -2  0  5  0    1   0   1   1   2   1   0   1   4   5  24   1   2  17   5   3   3   1  22   6  0.73 0.42
  371 K    0  0  0  1 -2  0  2  2 -2 -3 -1  1  3 -2 -2  2  0 -5 -2 -2    6   4   4   7   1   4  12  14   1   1   6   8   8   1   1  15   4   0   1   2  0.19 0.20
  372 L   -1  1  1  1 -3  0  0  3 -1 -2 -3  2 -3 -2 -1  0 -1 -5 -3 -2    5   7   7   7   1   5   6  24   1   3   3  12   0   2   3   6   3   0   1   3  0.25 0.20
  373 N   -2  5  0  1 -4 -1 -2  1 -3 -3 -4  3 -3 -3 -3  0 -1 -5 -6 -4    3  33   4   8   0   3   3  10   1   2   1  16   1   1   1   7   4   0   0   1  0.66 0.42
  374 K   -3 -1  3 -3 -6 -3 -5  0 -5 -6 -7  3 -6 -7 -3  6 -2 -7 -7 -7    2   3  12   1   0   1   0   7   0   0   0  15   0   0   1  54   2   0   0   0  1.28 0.73
  375 V   -3 -5 -7 -8 -6 -5 -7 -6 -7  3  5 -6  4  3 -2 -5 -4 -3 -4  1    2   0   0   0   0   0   0   1   0  13  52   0   9   9   3   1   1   0   0   8  1.14 0.58
  376 D   -3  1 -1 -2 -8 -2 -4  0 -4 -5 -7  7 -7 -8 -5  1 -3 -8 -7 -7    2   7   3   2   0   2   0   8   0   1   0  63   0   0   0  10   2   0   0   0  1.56 0.80
  377 K    3 -1  0 -3 -6 -1 -3 -1 -3 -6 -6  5 -6 -6 -4  3 -2 -5 -4 -4   25   4   4   1   0   2   1   5   1   0   1  29   0   0   1  23   2   0   0   1  0.82 0.54
  378 A    1 -1 -2 -6 -3  8 -4 -3  1 -2 -3  0 -1 -7 -7 -3 -5 -8 -5 -6   11   3   2   0   1  61   0   3   3   2   4   5   2   0   0   2   0   0   0   0  1.66 0.89
  379 I   -5 -7 -8 -8 -7 -7 -7 -8 -6  1  5 -6  7  4 -7 -6 -5 -5 -3 -2    1   0   0   0   0   0   0   0   0   8  46   0  25  16   0   0   0   0   1   2  1.63 0.76
  380 K   -3  4 -2 -3 -8 -1  2 -3 -3 -5 -6  6 -6 -8 -5  0 -3 -8 -6 -7    2  22   2   1   0   2  11   2   1   1   0  47   0   0   1   7   1   0   0   0  1.28 0.69
  381 Y    0  2 -1 -2 -4  1  1 -4  2 -1  0  2  1 -1 -5  0 -2  0  3 -3    7  13   3   2   0   7   7   1   4   4   8  15   3   2   0   6   2   1  12   1  0.29 0.25
  382 A    7 -5 -7 -8 -4 -7 -7 -3 -7 -3 -6 -5 -5 -6 -6 -2 -5 -8 -3 -3   88   1   0   0   0   0   0   1   0   2   1   1   0   0   0   2   0   0   1   2  2.24 1.05
  383 L   -1 -5  5  5 -7 -1  0 -1  0 -3 -4 -3 -5 -6 -6  0 -2 -8 -4 -2    6   0  25  34   0   2   6   5   2   1   2   2   0   0   0   8   2   0   0   3  0.93 0.54
  384 R   -2  5  0 -4 -8 -1 -2 -5 -3 -6 -5  6 -4 -8 -6  0 -2 -8 -4 -5    3  29   4   1   0   3   3   1   0   0   1  44   0   0   0   6   2   0   1   1  1.32 0.69
  385 A    0  0 -1 -3 -2  0 -1 -3  0  1  2  0  2  0 -4  1 -1 -2  0  0    6   5   3   1   1   4   4   2   2   9  24   6   5   4   0  14   2   0   4   5  0.16 0.18
  386 K   -3 -1  4 -1 -5  1 -1  5 -2 -7 -5  2 -4 -5 -6 -2 -5 -7 -6 -7    1   3  22   4   0   5   4  43   1   0   1  11   1   0   0   3   0   0   0   0  1.08 0.59
  387 F    6 -6 -6 -7  2 -5 -6 -4 -5  0 -5 -5 -3  1 -1  1 -2 -2  0  2   55   0   0   0   4   0   0   1   0   5   1   0   0   5   3   9   2   1   3  11  1.07 0.63
  388 T   -2  5  0  1 -5  0  0 -4  0 -4 -4  4 -4 -6  0  1 -1 -6 -5 -5    4  28   4   6   0   4   4   1   2   1   2  25   0   0   5   9   4   0   0   1  0.71 0.45
  389 H   -3 -4 -1 -7 -2 -5 -5 -6  2  1  0 -2 -1  6 -7 -4 -4  4  7 -1    3   1   3   0   1   0   1   0   4   7   7   3   1  26   0   1   1   6  30   5  1.18 0.59
  390 L    4 -6 -6 -7  2 -5 -6 -4 -5  1 -1 -6 -1 -2 -5 -1  1 -7 -5  4   35   0   0   0   4   0   0   1   0   8   6   0   2   1   0   4  10   0   0  29  0.90 0.54
  391 I   -1 -7 -8 -8 -2 -7 -7 -5 -8  5  4 -7  0 -1 -7 -6 -5 -5 -6  4    5   0   0   0   1   0   0   1   0  29  32   0   2   2   0   0   0   0   0  27  1.23 0.60
  392 I   -6 -7 -8 -9 -4 -8 -8 -8 -8  7  1 -8  0  2 -8 -7 -3 -5 -5  2    0   0   0   0   0   0   0   0   0  65  11   0   2   7   0   0   2   0   0  12  1.90 0.82
  393 M   -4 -5 -7 -8 -2 -7 -7 -8 -7  5  4 -6  1  1 -7 -6 -5 -6 -1  3    1   1   0   0   1   0   0   0   0  35  33   0   3   5   0   0   0   0   2  18  1.25 0.59
  394 G   -4 -6 -3 -3 -5 -7 -6  8 -7 -8 -7 -5 -7 -5 -7 -5 -5 -7 -5 -7    2   0   1   2   0   0   1  89   0   0   0   1   0   1   0   0   1   0   0   0  2.51 1.04
  395 N   -2 -3 -2  3 -7  3  5 -2 -3 -6 -5  0 -5 -6  0 -1 -3 -7 -5 -6    3   1   1  17   0  12  42   3   1   0   1   6   0   0   5   4   2   0   0   0  1.00 0.58
  396 D   -3  1  2  5 -7  1  3 -5 -4 -5 -6  3 -3 -7 -4 -1 -2 -7 -5 -5    2   7  10  29   0   5  17   1   0   1   0  19   1   0   0   5   3   0   0   1  0.86 0.50
  397 E   -7 -6 -3 -1 -9 -4  8 -7 -5 -7 -7 -5 -4 -7 -6 -5 -6 -8 -5 -7    0   0   1   3   0   0  90   0   0   0   0   0   0   0   0   1   0   0   1   0  2.69 1.19
  398 W    0 -1 -5 -5 -2 -2 -3 -5 -3  3  4 -3  2  0 -5 -3 -3  1 -1  3   10   3   0   0   1   2   1   0   1  18  33   1   4   3   0   1   0   2   2  16  0.59 0.35
  399 S    2  1  1 -1 -4  1  2 -3 -3 -2 -1  3 -1 -2 -4  0 -1 -5 -2 -2   18   6   5   3   0   7  15   2   0   2   6  19   1   2   0   7   3   0   1   2  0.31 0.27
  400 K    0  2  3  2 -4  1  2 -3 -2 -5 -5  3 -3 -6 -3  1  0 -6 -4 -5    8  10  15  12   0   5  13   2   1   0   1  15   0   0   1  11   5   0   0   0  0.51 0.36
  401 Q   -3 -1  4  0 -4  1  0  5 -2 -7 -7  2 -4 -7 -6 -2 -5 -7 -5 -7    1   4  20   5   0   5   6  42   1   0   0  10   0   0   0   3   0   0   0   0  1.06 0.58
  402 T   -1  0 -2 -3  0  1  1 -4 -3 -1 -2  2  1 -3 -5  1  4 -5 -2  1    3   5   2   0   2   8   8   1   0   4   4  14   3   1   0   9  23   0   2  11  0.36 0.32
  403 M    1 -7 -7 -7  0 -6 -7 -4 -6  4  0 -6 -1  2 -6 -5 -4 -1  2  5   14   0   0   0   2   0   0   1   0  21   8   0   1   7   0   0   0   1   6  39  1.03 0.54
  404 T   -1 -2 -3 -5 -3  1 -3 -4 -4  3  0  0  0 -3 -4  1  4 -4 -4  1    5   2   1   0   1   6   1   1   0  18   9   6   2   1   0  10  27   0   0   8  0.48 0.37
  405 I   -4 -7 -8 -8 -3 -6 -8 -8 -8  5  4 -7  0 -1 -7 -7 -5  0 -2  4    1   0   0   0   1   0   0   0   0  26  37   0   1   2   0   0   0   2   1  29  1.34 0.64
  406 K   -7  6 -6 -6 -6 -4 -5 -8 -7 -9 -8  7 -7 -9 -7 -6 -7 -5 -5 -8    0  33   0   0   0   0   0   0   0   0   0  65   0   0   0   0   0   0   1   0  2.45 1.08
  407 D   -5 -2  6  6 -4 -3  0 -6  0 -6 -7 -3 -4 -5 -2 -3 -3 -2 -4 -7    1   2  31  48   0   1   5   0   3   0   0   1   1   1   2   2   1   1   1   0  1.61 0.79
  408 L   -5 -7 -4 -9 -4 -2 -8 -8 -7 -2  4 -7  9  0 -8 -7 -3 -5 -6 -3    1   0   1   0   0   2   0   0   0   2  39   0  48   4   0   0   2   0   0   1  2.14 0.95
  409 S    0  1  0  2 -4  1  3 -2 -1 -1 -2  2 -3 -3 -4  1  0 -5 -3 -1    9   7   5   9   0   6  18   2   1   4   3  15   0   1   0   8   6   0   1   4  0.27 0.24
  410 S   -1 -2  2  1 -5 -2 -1 -2 -4 -6 -4  1 -5 -5 -5  4  5 -7 -5 -5    5   2   8   7   0   1   4   3   0   0   2   7   0   0   0  26  33   0   0   0  0.81 0.54
  411 Q   -3  1  0 -3 -7  0 -2  6  1 -8 -7  2 -7 -5 -6  1 -5 -7 -5 -7    1   8   3   1   0   4   2  54   3   0   0  12   0   1   0   9   0   0   0   0  1.22 0.64
  412 T   -1 -2  0  0 -6  0  5 -3 -3 -1 -4  1 -2 -4 -4  1  2 -5 -3 -1    4   2   3   6   0   3  36   1   1   4   2   9   1   1   0  10  11   0   1   5  0.57 0.42
  413 Q   -6 -4 -4 -3 -9  9  2 -8 -6 -8 -8 -1 -7 -9 -6 -4 -4 -8 -5 -8    0   1   1   1   0  80  10   0   0   0   0   3   0   0   0   1   1   0   0   0  2.71 1.24
  414 Q   -3  1 -2 -2 -4  2  4 -5  0  0 -4  3 -2 -1 -5 -1  0 -1 -1  0    2   7   2   1   0   8  30   0   2   6   1  17   1   3   0   3   7   1   2   8  0.53 0.39
  415 T   -1 -1 -2 -1 -3  0  3 -4 -2  0 -1  1 -1 -3 -3  0  3 -6 -2  0    4   4   2   3   0   4  22   1   1   7   6   9   2   1   1   7  20   0   1   5  0.35 0.31
  416 I   -3 -7 -7 -6  1 -7 -7 -7 -4  5  2 -6  0  0 -7 -5 -3 -2 -3  5    2   0   0   0   3   0   0   0   0  30  15   0   2   3   0   0   1   1   1  41  1.29 0.62
  417 K    1 -1  1  2 -5 -2  1 -3 -3 -5 -3  2 -4 -6  5  2  0 -7 -5 -5    9   2   5  10   0   1   8   1   1   0   2  11   0   0  24  16   7   0   0   0  0.60 0.42
  418 Y   -2  1 -4 -4 -4  1 -1 -5 -2  3  3 -1  0  3 -2 -4 -3  1  0  0    2   7   0   1   0   8   4   0   1  17  27   3   2  12   2   1   1   2   3   7  0.43 0.30
  419 K    0 -2  2  5 -5  0  3 -1 -2 -5 -6  1 -4 -7 -3  0 -1 -7 -6 -5    8   1  10  27   0   3  21   5   1   0   0  10   0   0   1   8   4   0   0   1  0.69 0.44
  420 E   -2  0  2  4 -7  2  5 -2 -3 -6 -7  3 -5 -7 -5 -2 -2 -7 -6 -6    3   4  11  19   0   7  32   3   0   0   0  14   0   0   0   2   2   0   0   0  0.89 0.53
  421 F   -1 -7 -7 -7 -5 -6 -7 -7 -7  4  5 -7  2  1 -7 -6 -4 -2 -4  2    5   0   0   0   0   0   0   0   0  21  49   0   4   6   0   0   0   1   0  13  1.19 0.58
  422 I   -2 -6 -7 -7 -5 -6 -4 -7 -7  5  3 -4  1 -3 -6 -4 -2 -6 -3  4    3   0   0   0   0   0   1   0   0  34  22   1   3   1   0   1   2   0   1  31  1.12 0.52
  423 K   -5  2 -4 -3 -7  3  6 -6 -4 -7 -6  5 -5 -7 -5 -4 -5 -7 -6 -6    0   8   0   0   0  10  45   0   0   0   0  38   0   0   0   0   0   0   0   0  1.53 0.66

                      K         Lambda
Standard Ungapped    0.1365     0.3206
Standard Gapped      0.0410     0.2670
PSI Ungapped         0.2132     0.3176
PSI Gapped           0.0653     0.2670
