
Last position-specific scoring matrix computed, weighted observed percentages rounded down, information per position, and relative weight of gapless real matches to pseudocounts
           A  R  N  D  C  Q  E  G  H  I  L  K  M  F  P  S  T  W  Y  V   A   R   N   D   C   Q   E   G   H   I   L   K   M   F   P   S   T   W   Y   V
    1 M   -6 -6 -7 -8 -6 -5 -7 -8 -7 -3 -3 -6 11 -5 -7 -6 -5 -6 -6  0    0   0   0   0   0   0   0   0   0   0   0   0  95   0   0   0   0   0   0   5  3.58 1.10
    2 S   -1  2  2 -1 -5  1  1 -4 -3 -2 -4  4 -3 -2 -3  2  0 -5 -4 -3    6   9  10   2   0   6   7   0   0   3   1  32   0   2   1  14   6   0   0   1  0.51 0.33
    3 M   -4 -6 -6 -7 -4 -6 -7 -7 -3  5  2 -6  2  5 -6 -5 -1 -4  4  0    1   0   0   0   0   0   0   0   0  34  15   0   5  20   0   0   4   0  16   4  1.17 0.53
    4 K   -3  3  1 -3 -4  6  0 -5 -1 -5 -5  3 -5 -5 -4 -1  1 -6 -4 -3    2  15   6   1   0  36   5   0   1   0   1  17   0   0   1   5   8   0   0   2  0.96 0.53
    5 A    3  3 -1 -4 -1 -3 -3 -2 -3 -2 -3  2 -4 -4  1  2  0 -6 -5 -3   27  14   2   0   1   0   0   3   0   2   3  15   0   1   7  16   6   0   0   1  0.50 0.36
    6 P   -2 -6 -7 -6 -6 -5 -6 -7 -7  4  0 -6 -4 -4  6 -5 -4 -7 -6  4    3   0   0   0   0   0   0   0   0  19  10   0   0   0  40   0   0   0   0  26  1.44 0.64
    7 R   -3  7 -4 -6 -8 -3 -3 -6 -2 -6 -7  5 -6 -8 -2 -4 -3 -8 -5 -6    2  58   0   0   0   0   1   0   1   0   0  30   0   0   2   1   1   0   0   0  1.91 0.81
    8 G   -5 -8 -6 -7 -8 -8 -8  8 -1 -10 -10 -7 -9 -9 -8 -6 -7 -8 -5 -9    0   0   0   0   0   0   0  98   1   0   0   0   0   0   0   0   0   0   0   0  2.96 1.10
    9 T   -4 -6 -6 -7 -2 -6 -7 -5 -7 -2 -4 -7  8  2 -7 -4  6 -7 -6  0    1   0   0   0   1   0   0   1   0   2   0   0  33   8   0   0  47   0   0   6  1.91 0.88
   10 V   -3  4  2 -3 -5  2 -1 -5  5 -4 -4  3 -4 -1  0 -1 -3 -6  1 -3    2  24   8   1   0   8   4   0  11   1   1  19   0   3   4   4   1   0   5   2  0.67 0.41
   11 D   -7 -8 -5  9 -10 -7 -3 -8 -7 -9 -10 -7 -9 -10 -8 -4 -5 -11 -9 -7    0   0   0  96   0   0   1   0   0   0   0   0   0   0   0   1   1   0   0   1  3.26 1.23
   12 L   -4 -3 -2 -7 -3 -5 -7 -6 -4  6  3 -5  0  2 -7 -6 -4  1  1  2    1   2   2   0   1   0   0   0   0  43  23   0   2   8   0   0   0   2   5  11  1.12 0.52
   13 L   -4 -4 -3 -4 -4 -6 -6 -3 -2  1  5 -5 -1  4 -6 -4 -3 -2  2 -2    1   1   2   1   0   0   0   2   1   6  59   1   1  13   0   2   1   0   5   2  1.09 0.54
   14 P   -2 -6 -4 -1 -8 -4 -4  2 -4 -5 -5 -5 -6 -1  8 -2 -5 -5 -3 -7    3   0   1   4   0   1   1  16   0   1   1   0   0   3  62   3   1   0   1   0  1.81 0.82
   15 E   -1 -2  0  3 -3  0  4 -1 -3 -3 -3  1 -4 -5  3  0 -2 -3 -4 -2    5   2   4  14   1   4  28   5   0   2   2   8   0   0  13   6   3   0   0   3  0.48 0.33
   16 Q   -3  0  0  5 -4  2  5 -5 -2 -6 -5 -1 -5 -6 -5 -2 -2 -7 -3 -5    2   4   4  29   0   7  39   1   1   0   1   4   0   0   0   3   2   0   1   1  1.11 0.58
   17 S    2 -3 -2 -3 -2  2 -2 -2  0  1  0 -2  3 -1 -4  2  1  1  1  0   16   1   1   0   1  11   2   3   2   8   8   1   9   2   0  16   7   2   4   6  0.23 0.24
   18 I    1  2 -1  0 -4 -1  2 -1  0 -1 -1  2 -2 -1  2 -1 -1  0  0 -1   11  13   3   4   0   2  12   3   2   3   7  13   0   3  10   4   2   1   3   5  0.15 0.15
   19 K   -1  2 -2 -4 -2  0 -2 -4 -1  1  2  3 -2  0 -4 -2 -2  2  4 -1    5  12   1   0   1   4   2   1   1   7  18  17   1   3   1   2   2   3  16   4  0.36 0.27
   20 W   -6  1 -8 -8 -5 -5 -7 -7  1 -3 -1 -2 -2  5 -8 -6 -6 11  3 -5    1   9   0   0   0   1   0   0   3   2   5   3   1  18   0   0   0  46   8   1  2.31 0.90
   21 Q   -2  3  2  2 -5  4  1 -4  2 -3 -2  1 -3 -4 -4  0 -1 -4 -2 -3    3  18  10  10   0  21   8   1   4   1   4   6   1   0   0   6   4   0   1   1  0.53 0.35
   22 F    0  1  0 -2 -3 -1  0 -2  3 -2 -1  1  0  3 -4 -1 -2  3  4 -2    9   9   4   2   0   3   5   2   8   2   5   8   2  13   0   5   2   5  14   2  0.30 0.23
   23 A   -2 -6 -5 -6 -2 -6 -6 -7 -6  5  2 -6  1  0 -6 -5 -3 -6 -4  5    2   0   0   0   1   0   0   0   0  35  19   0   3   3   0   0   1   0   0  35  1.19 0.52
   24 E   -3  1 -2 -2 -2  0  5 -5 -2  1  0  0 -3  0 -5 -3  0 -3 -1  0    1   7   1   1   1   3  44   0   1   8   8   4   0   4   0   1   5   0   2   8  0.63 0.40
   25 S    0  1  2  2 -3  1  3 -1 -1 -4 -4  2 -3 -5 -4  1 -1 -3 -4 -4    7   7  10  13   0   6  19   5   1   1   1  12   1   0   0  11   4   0   0   0  0.40 0.28
   26 K    0  0 -2 -4  0  0 -1 -3 -2  2 -1  3 -1 -3 -4 -1  2 -5 -3  2    8   5   2   0   2   3   3   1   1  13   6  19   1   1   0   3  16   0   1  18  0.30 0.25
   27 I    3 -5 -5 -5  1 -5 -5 -1 -4  2  1 -5  1  3 -5 -2 -1 -1 -3  2   31   0   0   0   3   0   0   4   0  14  13   0   4  12   0   2   4   1   0  13  0.54 0.34
   28 K   -1  5 -2 -3 -4  0  2 -4  1 -2 -3  2 -2 -2 -5  0 -1 -2 -2 -2    5  38   2   1   0   3  12   1   4   3   2  11   1   2   0   6   4   0   1   3  0.65 0.38
   29 E    0  2  1  2 -4  1  3 -2  1 -3 -4  3 -3 -4 -4  1 -1 -5 -2 -3    7  11   6  10   0   6  19   3   3   1   1  16   0   1   0  10   3   0   1   1  0.38 0.27
   30 I   -1 -2 -3 -5 -2 -2 -2 -5 -1  4  2 -3  0  0 -4 -3  1  1 -2  4    5   3   1   0   1   1   2   0   2  21  19   1   2   3   0   1   9   2   1  26  0.49 0.30
   31 C    4 -4 -5 -6  5 -5 -5 -4 -5 -2  1 -5  2  4 -5  0 -2 -5 -2  0   33   0   0   0  12   0   0   1   0   2  15   0   5  18   0   6   2   0   1   5  0.76 0.43
   32 H    0  3  1  1 -1  2  3 -1  1 -3 -3  1 -2 -4 -3  0 -1 -2 -2 -3    7  14   7   6   1   8  22   4   3   1   2   9   0   0   1   8   3   1   1   1  0.32 0.23
   33 N    0  2  1 -1 -2  1 -1 -2 -1 -1  1  1 -1  0  0  1  0 -3  0 -1    6  13   9   2   0   6   2   3   1   3  18   9   1   4   4  12   4   0   3   2  0.11 0.15
   34 Y    0 -5 -3 -7 -3 -5 -6 -6  2 -4 -3 -5 -3  5 -7 -3 -6  4  8 -5    8   1   2   0   1   0   0   0   4   0   2   0   0  20   0   2   0   6  53   0  1.86 0.76
   35 H   -1 -2  3 -1  0 -4 -5  6 -1 -7 -6 -5 -5 -5 -6  0 -3 -7 -5 -7    4   2  14   3   2   0   0  65   2   0   0   0   0   0   0   6   1   0   0   0  1.45 0.63
   36 Y   -4 -7 -7 -8 -2 -7 -7 -6 -4 -2 -4 -7 -5  7 -8 -7 -5 -3  8 -4    2   0   0   0   1   0   0   0   0   2   1   0   0  44   0   0   0   0  49   1  2.45 0.90
   37 Q   -1  3  1 -1 -3  3  2  0  0 -5 -3  3 -3 -4 -3  1 -1 -3 -1 -4    4  18   6   3   0  13  14   6   2   0   2  15   0   0   0  10   2   0   3   1  0.43 0.29
   38 E   -4  3 -3 -2 -5  1  6 -4 -1 -5 -3  0 -1 -2  1 -3 -3 -2  1 -3    0  14   1   1   0   6  48   1   1   0   2   5   1   2   8   0   1   0   5   2  0.91 0.49
   39 I   -1 -6 -6 -6 -2 -5 -6 -6 -6  7  0 -5  1 -2 -6 -4 -3 -2 -4  3    6   0   0   0   1   0   0   0   0  64   6   0   3   1   0   1   1   1   0  16  1.41 0.57
   40 R   -1  5 -2  1 -3  2  2 -3 -2 -1 -2  1 -1 -4 -3  0 -1 -4 -1 -2    4  31   1   9   0   8  15   1   1   4   3   7   1   0   0   6   4   0   2   3  0.45 0.28
   41 T   -3 -4 -3 -4 -4 -3 -4 -5 -5  0  1 -4 -2  0 -1 -2  7 -5 -3  0    1   0   1   0   0   1   0   0   0   5  13   0   1   4   3   2  63   0   1   5  1.15 0.56
   42 P   -4 -6 -4 -3 -3 -5 -5 -4 -6 -6 -6 -5 -6 -7  9 -4 -4 -7 -6 -6    1   0   1   2   1   0   0   2   0   0   0   0   0   0  89   1   1   0   0   0  2.81 0.93
   43 L   -2 -5 -4 -4 -4 -4 -4 -5  1  5  1 -4  3 -2 -4 -3  2 -5 -2  3    3   0   0   0   0   0   1   0   3  38  12   0   7   1   1   1  12   0   1  19  0.74 0.38
   44 F   -2 -5 -6 -6 -2 -5 -5 -6 -5  2  3 -5  1  6 -5 -5 -4 -3 -1  2    3   0   0   0   1   0   0   0   0  11  30   0   3  36   0   0   0   0   1  13  1.02 0.44
   45 E   -5 -4 -4 -3 -7 -1  8 -4 -4 -7 -7 -3 -6 -7 -5 -2 -5 -7 -6 -6    0   0   0   0   0   1  93   1   0   0   0   0   0   0   0   2   0   0   0   0  2.44 0.93
   46 H   -1  1  2  2 -4  0  2 -3  4 -4 -3  1 -2  0  0  1 -2 -3  3 -3    3   9   9  11   0   4  12   0  10   0   2   8   1   3   5  11   1   0  11   1  0.32 0.23
   47 T    2  0 -2 -3 -2 -1 -1 -3 -2 -1  0  0 -1  0 -2  1  4 -4 -1 -1   17   4   1   1   0   1   4   1   0   2  11   7   1   4   2   9  29   0   2   3  0.29 0.25
   48 E    0  0  0  3 -5  0  5 -1 -2 -4 -4 -1 -2 -5 -2  1 -2 -3 -4 -3    9   4   3  16   0   4  39   4   1   1   1   2   1   0   1  11   1   0   0   1  0.64 0.37
   49 V   -3 -5 -6 -6 -1 -5 -6 -6 -6  1  5 -5  2  0 -6 -5 -1 -5 -4  3    1   0   0   0   1   0   0   0   0   4  66   0   3   3   0   0   4   0   0  17  1.17 0.52
   50 F   -6 -7 -7 -2 -6 -7 -7 -7 -5 -1 -2 -7 -4  9 -7 -6 -6 -1  3 -2    0   0   0   3   0   0   0   0   0   3   3   0   0  80   0   0   0   1   7   3  2.40 0.83
   51 Q    0 -1  0  0 -2  1  2 -3  1 -1  0  2 -1 -3 -3  1  1 -4 -2  0    6   2   3   5   1   5  15   0   3   4  10  13   1   0   0  12  11   0   1   8  0.16 0.17
   52 R   -3  7 -3 -5 -4 -1 -3 -2  1 -3 -2  3 -2 -6 -5 -2 -1 -6 -3 -4    2  54   1   0   0   1   1   4   3   1   5  19   1   0   0   2   4   0   1   1  1.16 0.56
   53 G    0 -1 -1 -3 -3 -2 -1  3 -4 -4 -5  1 -4 -5  0  4  2 -5 -5 -2    7   2   1   1   0   1   4  23   0   1   0   9   0   0   4  31  11   0   0   3  0.55 0.37
   54 V   -1 -3 -3 -3 -2 -2 -2 -3 -3  3  2 -1  1 -2 -1  2  1 -4 -1  2    2   1   1   0   1   1   1   1   0  19  17   5   4   1   2  17   8   0   2  18  0.28 0.23
   55 G   -3 -3  0  0 -5 -4 -1  7 -5 -3 -6 -4 -5 -4 -2 -2 -3 -5 -6 -6    0   1   4   5   0   0   5  75   0   2   0   0   0   1   2   2   1   0   0   0  1.53 0.61
   56 D    0 -1 -1  2 -5  2  5 -3 -2 -3 -2  1 -3 -5 -2 -1 -2 -5 -3 -2    7   2   3  12   0   7  45   2   0   1   4   8   0   0   1   2   2   0   1   4  0.64 0.38
   57 T    0 -1  0  2 -3  0  2  1 -1 -1 -2 -1 -1 -2 -3  1  2 -2 -2 -1    9   2   4  11   0   3  15  12   1   4   3   1   2   2   0  10  17   0   1   3  0.20 0.17
   58 T    0 -3 -1 -1  0 -2 -2 -3 -3 -1 -2 -1 -3 -4  0  4  4 -4 -3 -2    4   1   2   3   2   0   2   1   0   4   3   3   0   0   4  34  35   0   0   1  0.60 0.35
   59 D   -3 -1  0  7 -4 -1  2 -1 -1 -1 -4 -2 -4 -4 -2 -1 -3 -5 -4 -4    2   3   3  59   0   2  11   4   2   5   1   1   0   0   2   3   1   0   0   1  1.03 0.42
   60 I   -1 -1 -3 -3 -3 -1 -1 -4 -3  5  1 -3  0  0 -2 -1 -1 -3 -2  3    4   4   1   1   0   3   5   1   0  41   9   1   2   3   2   5   2   0   0  19  0.44 0.25
   61 V    0  0 -4 -4 -2 -3 -1 -5 -4  3 -1 -3  0  0 -4 -2 -1 -4 -3  5    6   5   0   0   1   0   4   0   0  15   3   0   1   3   0   2   4   0   0  54  0.70 0.38
   62 Q   -1  0  1  0 -3  2  3 -1  0  0 -1  0 -1 -3 -3  1  0 -4 -3 -1    2   4   7   3   0  13  24   5   2   7   5   4   2   0   0  12   7   0   0   2  0.25 0.20
   63 K   -3  1 -2 -1 -5  0 -1 -1  0 -5 -5  7 -4 -5 -4 -3 -3 -5  0 -5    0   4   1   2   0   3   2   4   2   0   0  73   0   0   0   0   0   0   4   0  1.32 0.56
   64 E   -2 -2  0  0 -5  3  6 -2  0 -5 -5 -1 -4 -5 -3 -2 -3 -5 -4 -5    2   0   3   4   0  14  66   2   2   0   1   3   0   0   0   2   0   0   0   0  1.28 0.54
   65 M   -5 -5 -2 -6 -5 -5 -6 -6 -6  1  2 -3  9  0 -6 -2 -1 -5 -5 -2    0   0   2   0   0   0   0   0   0   7  17   2  56   3   0   4   4   0   0   2  1.84 0.70
   66 Y   -6 -6 -6 -6 -6 -6 -6 -6 -4 -5 -1 -6 -5  6 -6 -6 -6  4  9 -5    1   0   0   0   0   0   0   1   0   0   5   0   0  27   0   0   0   4  57   0  2.35 0.84
   67 T   -1  0  0  0 -1  0  1 -3 -1 -2 -2 -1  0 -1 -4  2  4 -4  0  0    4   6   3   4   1   4   8   2   2   2   3   4   2   2   0  13  31   0   4   6  0.34 0.27
   68 F   -3 -6 -6 -7  0 -6 -6 -4 -5  1  2 -6  0  7 -6 -5 -2  2  1  1    2   0   0   0   2   0   0   2   0   6  16   0   2  50   0   0   2   2   4  10  1.34 0.56
   69 E   -1  0  0 -1 -4  2  2 -3  1 -1 -1  3 -1 -2 -1 -1  1  0 -1  0    4   3   4   3   0  11  14   2   4   4   5  19   1   1   3   4   8   1   1   8  0.20 0.18
   70 D    0  0  0  0 -2  1  0  0  1  0 -1  0  1  0  1  0  0 -2  1  0    6   6   5   6   0   5   6   6   5   6   6   6   5   5   6   6   6   0   5   6  0.03 0.06
   71 R   -4  6 -3 -4 -7  0 -2 -4 -1 -6 -4  6 -3 -7 -2 -2 -4 -7 -5 -6    1  36   1   1   0   4   2   1   1   0   2  44   1   0   2   2   0   0   0   0  1.44 0.70
   72 G   -1 -2  2  0 -6 -4 -2  5 -4 -7 -7  2 -6 -3 -4  2 -4 -6 -6 -6    4   1  11   5   0   0   2  46   0   0   0  14   0   1   1  14   0   0   0   0  1.01 0.54
   73 G   -4 -3  2  2 -7 -2  1  6 -3 -7 -7  0 -7 -7 -5 -1 -3 -7 -7 -7    1   1   8  11   0   1   8  58   1   0   0   5   0   0   0   4   1   0   0   0  1.31 0.63
   74 R   -4  6  0  2 -7 -1  3 -4  0 -6 -6  1 -4 -7 -5 -2  0 -7 -5 -5    1  44   5  12   0   3  16   2   2   0   1   6   0   0   0   3   5   0   0   0  1.09 0.57
   75 S   -2  0  1  1 -4  0  1 -3  1 -4 -2  2 -1 -3 -3  4 -1 -1 -2 -3    2   5   6   8   0   4  10   1   3   1   4  11   2   1   1  35   2   1   2   2  0.45 0.36
   76 L   -5 -7 -7 -8 -4 -5 -7 -8 -7  4  5 -7  2  0 -7 -6 -5 -2  0  2    0   0   0   0   0   0   0   0   0  23  53   0   5   3   0   0   0   1   3  12  1.31 0.60
   77 T    4 -6 -5 -6  4 -5 -5 -5 -6 -2 -5 -5 -4 -6 -6  1  5 -7 -6  1   31   0   0   0   7   0   0   0   0   2   0   0   0   0   0  10  39   0   0  11  1.23 0.68
   78 L   -6 -8 -9 -9 -7 -7 -8 -9 -8 -3  7 -8  2 -4 -8 -8 -6 -7 -6 -3    0   0   0   0   0   0   0   0   0   0  93   0   5   0   0   0   0   0   0   1  2.36 0.98
   79 R   -7  9 -6 -8 -9 -5 -6 -8 -6 -8 -7  0 -7 -9 -8 -7 -6 -9 -8 -7    0  94   0   0   0   0   0   0   0   0   0   5   0   0   0   0   0   0   0   0  3.11 1.22
   80 P   -3 -8 -8 -8 -9 -7 -7 -8 -8 -9 -9 -7 -4 -10  9 -5 -4 -10 -4 -8    2   0   0   0   0   0   0   0   0   0   0   0   1   0  95   1   1   0   1   0  3.42 1.35
   81 E   -7 -6 -6  1 -10 -4  8 -8 -6 -9 -9 -5 -8 -9 -7 -5 -7 -9 -8 -8    0   0   0   6   0   0  94   0   0   0   0   0   0   0   0   1   0   0   0   0  2.88 1.22
   82 G    1 -6  0 -5 -6 -5 -5  6 -6 -3  0 -5  2  2 -5 -3 -4 -3 -2 -4    9   0   5   0   0   0   0  57   0   1   9   0   5   8   0   1   1   0   2   1  1.15 0.60
   83 T   -4 -5 -6 -7 -7 -4 -7 -8 -8 -7 -7 -7 -4 -8 -7 -4  8 -9 -8 -6    1   1   0   0   0   1   0   0   0   0   0   0   0   0   0   1  96   0   0   0  2.97 1.28
   84 A    7 -7 -7 -7 -4 -5 -5 -5 -3 -3 -7 -6 -6 -7  1 -2 -1 -8 -7 -2   83   0   0   0   0   0   0   0   1   2   0   0   0   0   6   2   3   0   0   3  1.95 0.94
   85 S    0 -6 -5 -6 -2 -4 -6  5 -6 -8 -8 -6 -7 -8  4  4 -5 -8 -7 -6    6   0   0   0   1   0   0  40   0   0   0   0   0   0  22  32   0   0   0   0  1.46 0.77
   86 V   -1 -7 -7 -7  4 -7 -7 -7 -7  4 -1 -7  1 -2 -7 -5  0 -7 -6  6    6   0   0   0   7   0   0   0   0  21   4   0   3   2   0   0   5   0   0  53  1.39 0.66
   87 A    2 -6 -5 -7  3 -6 -6 -6 -7  2 -1 -6  5 -4 -6 -4 -2 -7 -6  6   16   0   0   0   5   0   0   0   0  11   4   0  14   0   0   1   2   0   0  46  1.23 0.63
   88 R   -8  9 -7 -8 -10 -3 -6 -8 -6 -9 -8 -4 -7 -9 -8 -7 -7 -9 -8 -9    0  99   0   0   0   1   0   0   0   0   0   0   0   0   0   0   0   0   0   0  3.41 1.35
   89 A    6 -6 -6 -7 -2 -6 -5 -5 -3 -5 -2 -6  1  0 -6  2 -5 -5 -4 -4   70   0   0   0   1   0   0   0   1   0   4   0   4   5   0  13   0   0   1   1  1.55 0.82
   90 Y   -2 -7 -6 -8  0 -7 -7 -4 -4  1  0 -7 -1  4 -8 -6 -6 -1  8  2    4   0   0   0   2   0   0   1   0   7   7   0   1  17   0   0   0   1  46  13  1.58 0.75
   91 V   -2 -5 -3 -6  0 -4 -6 -6 -6  6  3 -6 -1 -2 -6 -4 -4 -6 -4  3    4   0   2   0   2   1   0   1   0  42  23   0   1   2   0   1   0   0   0  20  1.14 0.55
   92 E   -3 -4  0 -1 -6  4  7 -4 -4 -6 -6 -3 -4 -5 -5  0 -2 -6 -5 -6    1   1   4   3   0  18  59   1   0   0   1   1   0   1   0   6   3   0   0   1  1.49 0.75
   93 N   -2 -2  6 -2 -5 -1 -2 -3  8 -7 -6 -2 -6 -6 -6 -2 -4 -7 -2 -7    3   2  40   1   0   3   2   2  36   0   1   2   0   0   0   3   1   0   1   0  1.82 0.82
   94 K   -2 -1  4 -1 -4 -2 -1  4  1 -6 -5  4 -5 -6 -5  1 -4 -6 -5 -6    2   3  18   3   0   1   4  32   3   0   1  23   0   0   0   8   0   0   0   0  0.87 0.49
   95 L   -3 -3 -4 -4 -4 -4 -3 -5 -4  0  5 -4  7 -1 -5 -5 -4  2 -4 -2    2   1   1   1   0   1   2   1   0   4  54   1  22   2   1   1   1   3   0   2  1.24 0.59
   96 F   -1 -2 -1 -1 -1  1 -2 -1  3  0  1 -1  0  2 -2 -1 -1  0  4 -1    5   2   2   4   1   7   2   4   9   5  16   3   2   9   2   4   3   1  16   4  0.24 0.18
   97 G    1  1  3  0 -3  1  0  0  0 -2 -2  1 -2 -2 -2  1  0 -3  0 -2   13   7  15   6   0   7   4   8   3   2   3   8   1   1   1  10   5   0   4   3  0.18 0.16
   98 S   -1  2  1  0 -3  2  0 -1  0 -2  0  1  0 -2 -2  1  0  3 -1 -2    5  10   7   4   0  12   6   3   2   2   9  11   2   1   2  10   7   4   2   2  0.15 0.16
   99 P   -1 -1  0 -2 -4  1  2  0 -1 -3 -1  0  0 -3  5 -1 -2 -2 -1 -3    6   4   5   2   0   7  11   9   2   1   5   5   2   1  30   4   2   1   2   1  0.49 0.30
  100 N    0  0  2  1 -2  0  0  1  0 -1 -2  0 -1 -2  2  1  0 -2 -1 -2    6   5  11   7   1   4   4  13   2   3   4   6   1   2   9  10   7   1   2   3  0.13 0.09
  101 Q   -2 -1 -2 -2 -4  5 -1 -2 -2 -3  2  2  0 -3  1 -1 -1 -2  0 -2    3   3   1   2   0  26   4   3   1   1  20  13   3   1   7   4   3   1   3   2  0.41 0.31
  102 P   -3 -4 -3 -3 -4 -4 -2 -4 -3  0 -2 -3 -3 -1  7 -3 -2 -5 -4  1    2   1   1   1   0   1   2   2   1   5   4   2   1   3  59   2   3   0   1  10  1.47 0.62
  103 T   -1 -2 -1 -4 -1  3 -3 -4  0  1  2 -1 -1 -1 -4 -2  0  2 -2  3    5   2   3   1   2  15   1   1   3   7  19   3   1   2   0   3   6   2   1  24  0.34 0.27
  104 K   -6  5 -5 -5 -8 -3 -3 -7 -6 -8 -5  7 -3 -7 -7 -4 -6 -5 -6 -7    0  30   0   0   0   1   1   0   0   0   1  64   1   0   0   1   0   0   0   0  2.14 0.96
  105 L   -4 -6 -7 -8 -4 -6 -7 -6 -5  0  5 -7  0  4 -7 -5 -5  3  1  2    2   0   0   0   0   0   0   0   0   3  56   0   2  15   0   1   0   4   5  11  1.24 0.61
  106 F   -3 -7 -8 -7 -1 -7 -8 -8 -2 -6 -4 -8 -3  6 -8 -3 -6  7  7 -6    3   0   0   0   1   0   0   0   1   0   1   0   1  34   0   3   0  16  39   0  2.28 0.96
  107 Y   -5 -8 -7 -8 -4 -7 -7 -8 -1 -7 -6 -8 -3 -3 -9 -1  0 -1 10 -7    1   0   0   0   1   0   0   0   1   0   1   0   1   0   0   5   6   1  84   0  3.10 1.27
  108 F   -2 -4 -2 -4 -1 -2 -3 -5  1  4  1 -4  3  4 -5  0 -1  3  2  0    4   1   2   1   1   1   1   0   3  22  15   1   6  16   0   7   3   3   8   5  0.49 0.32
  109 G    0 -7 -4 -3 -4 -6 -2  7 -5 -5 -6 -6 -3 -7 -7 -1 -2 -5 -5 -6    7   0   0   2   0   0   4  77   0   1   1   0   1   0   0   4   3   0   0   0  1.87 0.85
  110 S   -3 -4  2 -4 -6  0 -3 -6 -4 -8 -8 -5 -5 -9  8  1 -3 -9 -6 -7    3   1   8   1   0   4   1   0   0   0   0   0   0   0  68  10   2   0   0   0  2.10 0.98
  111 M   -2 -6 -2 -8  5 -3 -7 -7 -3  0 -1 -6 10  1 -8 -4 -4 -7 -4  1    3   0   2   0  10   1   0   0   1   4   4   0  58   6   0   1   1   0   1   8  2.07 0.93
  112 F   -6 -9 -9 -10 -5 -9 -9 -9 -6 -6 -5 -9 -6 10 -10 -8 -8  0  2 -6    1   0   0   0   0   0   0   0   0   0   0   0   0  91   0   0   0   1   6   0  3.38 1.27
  113 R   -8  9 -7 -8 -10 -3 -6 -9 -6 -9 -6 -3 -7 -9 -8 -7 -7 -9 -8 -9    0  98   0   0   0   1   0   0   0   0   1   1   0   0   0   0   0   0   0   0  3.33 1.34
  114 Y   -2  1 -3 -7 -4 -1 -7 -4  6 -7 -5 -4 -7 -2 -8 -4 -6 -4  9 -7    4   8   1   0   0   3   0   1  15   0   1   1   0   1   0   1   0   0  61   0  2.24 1.01
  115 E   -4 -6 -4  3 -9 -3  8 -3 -6 -9 -9 -5 -8 -9 -7 -5 -6 -9 -8 -8    1   0   1  14   0   0  81   2   0   0   0   0   0   0   0   1   0   0   0   0  2.40 1.10
  116 R   -4  8  0 -7 -9 -1 -3 -6 -4 -8 -7  1 -7 -8 -6 -5 -6 -8 -7 -8    1  80   4   0   0   2   2   0   0   0   0   8   0   0   0   1   0   0   0   0  2.44 1.06
  117 P   -6 -8 -7 -6 -9 -4 -5 -7 -6 -6 -5 -6 -3 -9  9 -4 -5 -9 -9 -4    1   0   0   0   0   1   1   0   0   1   1   0   1   0  89   1   1   0   0   2  3.04 1.29
  118 Q   -4 -5 -6 -6 -9  9 -3 -5 -3 -7 -7 -4 -7 -9 -8 -5 -7 -8 -8 -8    2   0   0   0   0  93   1   1   0   0   0   1   0   0   0   1   0   0   0   0  3.22 1.41
  119 K    3  1 -3 -4 -6 -2 -2 -4  0 -6 -5  6 -4 -4 -4  0 -2 -7 -5 -5   26   6   1   1   0   2   3   1   2   0   1  47   0   1   1   7   2   0   0   0  1.10 0.64
  120 G   -4 -6 -4 -5 -5 -6 -6  8 -8 -10 -9 -5 -9 -9 -8 -5 -7 -3 -9 -9    1   0   1   0   0   0   0  95   0   0   0   1   0   0   0   0   0   0   0   0  2.78 1.15
  121 R   -8  9 -6 -8 -3 -3 -6 -7 -5 -9 -8 -3 -8 -9 -8 -7 -6 -5 -5 -6    0  95   0   0   1   1   0   0   0   0   0   1   0   0   0   0   0   0   0   1  3.19 1.32
  122 M   -6 -3 -3 -7 -7  2 -4 -8 -3 -6  1 -3  1  4 -8 -4 -5  0  8 -6    0   1   1   0   0   9   1   0   0   0  14   2   4  13   0   2   0   1  50   0  1.71 0.83
  123 R   -7  9 -7 -8 -9 -5 -6 -8 -2 -9 -8 -3 -7 -9 -8 -6 -7 -9 -8 -9    0  97   0   0   0   0   0   0   1   0   0   1   0   0   0   0   0   0   0   0  3.34 1.35
  124 Q   -6 -5 -6 -5 -9  8  4 -6 -6 -6 -8 -5 -3 -6 -5 -5 -7 -8 -7 -7    0   0   0   0   0  68  28   0   0   1   0   0   1   0   0   1   0   0   0   0  2.52 1.20
  125 L   -5 -8 -8 -9 -8 -8 -8 -9  4 -6 -3 -7 -5  9 -5 -6 -6 -5 -3 -6    1   0   0   0   0   0   0   0   9   0   3   0   0  84   1   1   0   0   0   0  3.04 1.20
  126 N   -6 -2  2 -4 -5 -1 -3 -7  9 -6 -6 -4 -4  0 -7 -2  0  7  4 -5    0   2   8   1   0   2   1   0  41   0   1   1   1   3   0   3   7  13  14   1  1.81 0.84
  127 Q   -7 -5 -6 -7 -9  9 -4 -8  0 -6 -8 -5 -7 -9 -6 -5 -5 -8 -8 -8    0   0   0   0   0  95   1   0   2   0   0   0   0   0   0   1   1   0   0   0  3.42 1.49
  128 F    0 -5 -7 -7 -2 -7 -7 -5 -6  4  1 -7  0  7 -7 -5 -4  1  0  1    7   0   0   0   1   0   0   1   0  21  14   0   2  40   0   0   1   2   2   8  1.26 0.61
  129 G   -5 -8  1  0 -8 -7 -6  7 -7 -9 -9 -7 -8 -9 -7 -2 -6 -8 -8 -7    0   0   6   5   0   0   0  85   0   0   0   0   0   0   0   3   0   0   0   0  2.37 1.03
  130 T    2 -6 -6 -7  4 -6 -6 -5 -6  3  0 -6 -1  2 -6 -4 -2 -3 -2  5   18   0   0   0   8   0   0   1   0  18   7   0   1   7   0   0   3   0   1  35  0.93 0.52
  131 E   -7 -6 -5 -3 -10 -3  8 -8 -6 -9 -9 -5 -8 -9 -7 -6 -7 -9 -5 -9    0   0   0   1   0   0  97   0   0   0   0   0   0   0   0   0   0   0   0   0  3.06 1.34
  132 V    2 -5 -3 -5  3 -4 -5 -4 -2  3  2 -4  0  1 -5 -1 -1 -1  1  3   19   0   2   0   6   0   0   1   1  15  18   0   2   5   0   4   3   1   5  17  0.46 0.32
  133 I   -6 -7 -8 -8 -5 -7 -8 -8 -7  6  3 -7 -2  6 -7 -7 -5 -4  0  1    0   0   0   0   0   0   0   0   0  39  24   0   1  26   0   0   0   0   3   7  1.52 0.70
  134 G   -4 -8 -1 -3 -5 -7 -6  8 -5 -7 -8 -7 -7 -9 -8 -4 -6 -8 -9 -9    1   0   4   1   0   0   1  90   0   0   0   0   0   0   0   1   0   0   0   0  2.58 1.12
  135 S    1 -3  0  1 -1 -2  1 -1 -2 -1 -2 -2 -1 -1 -1  3  0 -4  0  0   11   1   3   8   1   1  11   5   1   4   3   1   1   3   3  28   5   0   3   7  0.25 0.27
  136 E    1 -1  1  3 -4  0  1 -1 -1 -3 -3  2 -2 -4  1  2 -1 -6 -3 -4   13   3   6  18   0   4  10   3   1   1   2  11   1   1   7  13   4   0   1   1  0.34 0.29
  137 D   -1 -1  2  4 -5 -2  0  1  2 -6 -5 -2 -5 -6 -4  4  0 -7 -4 -6    4   3  10  21   0   1   7  12   5   0   1   2   0   0   1  27   6   0   0   0  0.65 0.46
  138 P    0 -7 -7 -4 -5 -5 -4 -4 -5 -1 -5 -5 -4 -2  8 -1 -4 -5  0 -1    8   0   0   1   0   0   1   1   0   4   1   1   1   2  65   4   1   0   4   4  1.84 0.93
  139 A    2 -1 -3  0 -3 -1  2 -3 -1  0  1 -2  0  1 -4  0 -1 -1  2  0   16   3   1   5   0   3  13   2   2   6  16   2   2   6   0   6   3   1   9   5  0.16 0.19
  140 V    4 -3 -2 -3 -1 -1 -3 -3 -2  3  1 -3  0 -2 -4  1 -1 -4  0  2   31   1   2   1   1   2   1   2   1  14  13   1   2   1   0   9   3   0   3  12  0.41 0.33
  141 D   -5 -7 -3  8 -9 -5  1 -7 -4 -6 -7 -7 -9 -7 -7 -6 -6 -10 -4 -7    1   0   1  86   0   0   9   0   1   1   0   0   0   0   0   0   0   0   1   0  2.76 1.21
  142 A    6 -6 -7 -7 -3 -6 -6 -4 -5  0 -2 -6 -4  0 -6 -3 -3 -7 -3  3   60   0   0   0   0   0   0   1   0   6   4   0   0   4   0   1   1   0   1  21  1.35 0.75
  143 E   -7 -5 -5 -1 -10  2  8 -8 -3 -7 -4 -4 -6 -5 -7 -5 -5 -5 -6 -8    0   0   0   3   0   7  85   0   0   0   2   0   0   1   0   0   0   0   0   0  2.44 1.17
  144 V   -1 -6 -4 -7  0 -3 -6 -5 -6  4  3 -6  2 -4 -6 -3  0 -6 -5  5    4   0   1   0   2   2   0   1   0  19  22   0   4   0   0   2   6   0   0  37  0.96 0.53
  145 M   -6 -8 -9 -9 -7 -8 -9 -9 -9  8  1 -8  3 -3 -8 -8 -5 -8 -7  1    0   0   0   0   0   0   0   0   0  76  10   0   6   1   0   0   0   0   0   7  2.31 0.99
  146 D    2 -2 -1  0 -1  0  0 -2  0  0  1 -2  1  0 -4  1  0 -1 -1 -1   21   1   3   5   1   5   7   2   2   4  17   2   4   3   0  11   5   1   2   4  0.14 0.18
  147 F   -3 -6 -7 -7 -2 -5 -7 -7 -7  2  5 -7  6  0 -7 -4 -3 -5 -3  1    2   0   0   0   1   0   0   0   0  11  51   0  19   4   0   1   2   0   1   7  1.30 0.67
  148 A    5 -5 -3 -5  1 -2 -5  2 -5  0  1 -5  0 -2 -4 -1  0 -4 -4  0   41   0   1   0   2   2   0  12   0   4  16   0   2   2   0   4   6   0   1   5  0.63 0.45
  149 M    0 -1  1  0  0 -1 -2 -4  3 -1 -1  0  3 -1 -5  0 -1  5  4  0    8   3   6   6   2   3   2   0   6   3   6   5   7   2   0   7   3   8  16   8  0.34 0.29
  150 N    0  3  2  3 -3  1  2 -3  1 -3 -2  1 -2 -3 -4  0  1 -4 -3 -4    6  16   8  15   0   7  11   2   4   1   4   7   1   1   0   7   9   0   1   1  0.35 0.29
  151 I   -3 -6 -7 -7  1 -6 -7 -5 -6  5  3 -6  1  5 -6 -2 -2  1  0  0    2   0   0   0   3   0   0   1   0  27  25   0   3  25   0   3   2   2   3   5  1.01 0.54
  152 Y   -4 -6 -6 -8 -1 -6 -6 -6 -5  0  5 -7  1  4 -8 -6 -5  5  3 -1    1   0   0   0   1   0   0   0   0   5  52   0   3  18   0   0   0   7   8   3  1.28 0.66
  153 K   -2  3  1  1 -2  2  2 -3 -1 -3 -4  4 -4 -5 -5  0 -1 -6 -4 -4    3  18   6   7   1   8  12   2   1   2   1  28   0   0   0   7   4   0   1   1  0.63 0.43
  154 S    1  2  1  1 -3  0  3 -2 -2 -3 -4  2 -2 -3 -4  2  0 -4 -4 -3   13  10   6   8   0   4  20   2   1   1   1  11   1   1   0  14   5   0   0   1  0.37 0.32
  155 L   -1 -6 -7 -8 -1 -7 -7 -7 -6  2  6 -7  0  2 -6 -5 -2 -1 -4  1    5   0   0   0   1   0   0   0   0  10  63   0   1   8   0   1   2   1   0   8  1.28 0.66
  156 G   -3 -3  1 -2 -8 -2 -1  7 -3 -6 -7  0 -6 -5 -5 -3 -5 -8 -6 -8    1   2   7   2   0   2   4  71   1   1   0   5   0   1   1   2   0   0   0   0  1.67 0.83
  157 L   -4 -6 -6 -6 -4 -6 -7 -7 -4  5  5 -6 -1  0 -6 -6 -5 -6 -5  2    1   0   0   0   0   0   0   0   0  33  47   0   1   4   0   0   0   0   0  11  1.39 0.68
  158 K   -1  1  1  1 -3  1  2 -1 -1 -4 -4  4 -3 -5  0  1  1 -5 -4 -4    5   6   7   9   0   4  11   4   1   0   1  26   1   0   5   9   8   0   0   1  0.41 0.31
  159 S   -3 -1  4  5 -5  0  1  2  1 -5 -6  0 -5 -5 -2  0 -3 -6 -3 -5    1   3  21  28   0   4   7  15   4   0   1   5   0   0   2   5   1   0   1   1  0.75 0.45
  160 V   -1 -5 -6 -5  1 -5 -5 -5 -3  3  3 -4  0  3 -3 -3 -1  1  3  3    5   0   0   0   2   0   1   0   0  13  23   1   2  13   2   1   4   2  11  19  0.61 0.37
  161 K   -1  2 -1  0 -3  1  2 -4  0 -1 -3  2 -2 -3 -4  1  3 -4 -2  0    3  11   3   5   0   5  13   0   2   4   2  13   1   1   0  10  18   0   1   9  0.30 0.29
  162 L   -5 -7 -8 -8 -6 -7 -7 -8 -7  3  5 -7  0  1 -6 -7 -4 -6 -5  3    1   0   0   0   0   0   0   0   0  14  59   0   2   5   0   0   1   0   0  19  1.45 0.71
  163 V   -3  2  0 -2 -4  3  4 -5  5 -3 -1  3 -3 -4 -5 -2 -3 -3  0 -3    1  12   4   1   0  11  25   0  12   1   8  14   1   1   0   3   1   0   3   2  0.64 0.45
  164 I   -6 -8 -8 -8 -4 -8 -8 -9 -8  7  4 -8 -2 -4 -8 -7 -4 -4 -5  2    0   0   0   0   0   0   0   0   0  54  31   0   1   0   0   0   1   0   0  13  1.79 0.82
  165 N   -6 -7  9 -5 -9 -6 -7  1 -3 -10 -10 -6 -8 -9 -8 -2 -5 -10 -8 -9    0   0  85   0   0   0   0  10   1   0   0   0   0   0   0   3   1   0   0   0  2.91 1.29
  166 S   -4 -6  2 -4 -3 -4 -5 -6  4 -7 -7 -6 -4 -1 -6  6  3 -2  1 -7    0   0   8   1   1   1   0   0   9   0   0   0   1   3   0  59  14   1   4   0  1.51 0.88
  167 L   -6 -5 -7 -8 -6 -7 -8 -8 -8  5  5 -7  2 -3 -8 -7 -3 -7 -6  2    0   1   0   0   0   0   0   0   0  33  46   0   4   1   0   0   1   0   0  14  1.49 0.72
  168 G   -4 -8 -6 -5 -5 -4 -8  8 -8 -7 -9 -7 -8 -4 -7 -4 -6 -8 -9 -7    1   0   0   1   0   1   0  93   0   0   0   0   0   1   0   1   0   0   0   0  2.71 1.17
  169 D   -4 -5  0  4  8 -3 -2 -3 -2 -1 -5 -5 -4 -7 -6  2  0 -7 -5 -2    1   0   5  26  31   1   2   2   1   5   1   0   0   0   0  14   7   0   0   4  1.23 0.66
  170 Q    0  1 -1 -1 -4  0  1 -2 -2 -1  0  1 -1 -1  4  1 -1 -3 -2 -2   10   7   3   3   0   4   8   3   1   4  10   9   1   2  20   9   3   0   1   2  0.24 0.22
  171 E    1  1  1  1 -4  1  5 -3 -2 -2 -4  1 -3 -6 -3 -1 -1 -6 -5 -1   10   6   6   8   0   4  33   2   1   2   1  10   1   0   1   4   4   0   0   5  0.52 0.39
  172 S   -1 -5 -2  3  9 -3  1 -2 -6 -4 -6 -5 -6 -5 -5  3  1 -7 -6 -3    4   1   2  14  37   1   9   3   0   1   0   0   0   0   0  18   8   0   0   2  1.36 0.70
  173 R   -5  8 -6 -6 -8 -1 -3 -7 -3 -3 -3  1 -1 -7 -7 -5 -6 -7 -4 -4    1  76   0   0   0   3   1   0   1   2   3   8   2   0   0   1   0   0   1   2  2.19 1.01
  174 E    1  0  0 -1 -4  2  2 -2 -2 -2 -2  2 -2 -5  4 -1 -1 -6 -4 -2   12   4   4   3   0   8  11   3   1   2   4  12   1   0  24   5   3   0   0   2  0.44 0.34
  175 S    2  2  2 -1 -4  1  1 -1 -1 -1 -2  2 -3 -3 -1 -1 -1 -5 -3 -1   19  12  10   3   0   5   9   3   1   3   4  15   0   1   2   3   3   0   0   5  0.24 0.23
  176 H   -6 -5 -7 -8 -8 -5 -7 -8  2 -1 -3 -6 -1  4 -4 -5 -7  2  9 -4    0   1   0   0   0   1   0   0   4   4   2   0   1  12   1   1   0   3  68   1  2.49 1.10
  177 R   -2  5  0 -3 -3  1 -1 -4 -1  1  0  3 -1 -4 -4 -1 -1 -5 -3  0    3  28   5   1   0   5   3   1   1  10  10  15   2   0   1   5   3   0   1   6  0.44 0.34
  178 N    0  0  1  2 -3  2  4 -2 -3 -3 -3  3 -2 -6 -4 -1 -1 -6 -5 -3    9   4   6  10   1   9  25   3   0   2   3  19   1   0   0   4   3   0   0   1  0.51 0.38
  179 A    3  1 -2  0 -3  0  2 -2  0  0 -1  2 -2 -4 -3 -1 -1 -4 -2  0   30   6   1   4   0   3  12   2   2   6   6  13   1   0   1   3   3   0   1   6  0.30 0.29
  180 L   -6 -7 -8 -4 -6 -7 -4 -9 -5  1  7 -7 -2 -1 -8 -6 -6 -7 -5 -2    0   0   0   1   0   0   2   0   0   7  84   0   0   2   0   1   0   0   0   2  1.93 0.91
  181 I   -2  3 -3 -4 -4  1 -2 -3 -3  1  0  4 -1 -3 -5 -2  0 -6 -1  2    2  17   1   0   0   7   2   2   0   9   8  24   2   1   0   3   5   0   2  14  0.45 0.36
  182 Q    2 -1  1  3 -5  0  3 -1 -3 -4 -4  2 -4 -6 -4  0 -1 -2 -5 -4   15   3   7  18   0   4  22   4   0   1   1  11   0   0   0   7   4   1   0   1  0.51 0.39
  183 H   -2 -3 -3 -4 -3 -4 -3 -7  3 -3 -3 -4 -3  6 -8 -4 -4  1  8 -5    4   1   2   1   1   1   2   0   6   1   2   1   1  29   0   1   1   2  44   1  1.73 0.83
  184 F   -3 -6 -7 -7 -3 -4 -7 -6 -6  1  5 -6 -1  5 -7 -5 -4 -2  3 -2    2   0   0   0   1   1   0   1   0   7  47   0   1  25   0   1   1   0  10   3  1.28 0.65
  185 E    0  3  0  1 -4  1  2 -2 -2 -4 -2  3 -1 -4 -4  1  0 -4 -3 -4    8  13   4   8   0   7  13   3   1   1   4  19   2   0   0  10   6   0   1   1  0.37 0.30
  186 P    0  0  1  1 -4  1  1  0 -3 -4 -4  3 -4 -6  4  1 -1 -6 -4 -4    6   4   5   9   0   7   7   8   0   1   1  18   0   0  19   9   4   0   0   1  0.45 0.34
  187 H   -3  2  2 -3 -4 -1 -1 -4  6 -1 -2  2 -2  1 -5 -2 -3 -1  4 -1    1  10   8   1   0   3   3   1  22   4   4  13   1   6   0   2   1   1  13   5  0.66 0.42
  188 R    0  2 -2 -1 -4  0  1 -3 -2  1  1  3 -1 -1 -4 -1 -2 -3 -1 -1    6  12   1   3   0   4  11   1   1   8  15  22   2   2   0   5   1   0   2   4  0.27 0.25
  189 E    1 -1  2  4 -5  0  2  0  0 -4 -5  0 -4 -4 -1  1 -1 -6 -4 -4   10   3  10  23   0   3  13   6   2   1   1   6   0   1   3  13   3   0   0   1  0.44 0.33
  190 E   -1  0  0  2 -3  3  3 -1  0 -3 -2  2 -2 -2 -3  0 -1 -4 -2 -3    5   5   5  12   0  11  18   5   2   2   4  15   1   2   1   7   3   0   1   2  0.32 0.27
  191 L   -4 -6 -8 -6 -5 -7 -7 -5 -7  1  6 -6  2  1 -8 -7 -4 -3 -3 -2    2   0   0   1   0   0   0   1   0   7  75   0   5   5   0   0   1   0   1   3  1.63 0.79
  192 C   -2 -6 -3  3 10 -6 -3 -5 -5 -4 -6 -3 -6 -7  0  3 -2 -7 -4 -5    3   0   1  13  47   0   2   1   0   1   1   2   0   0   5  20   2   0   1   1  1.85 0.88
  193 H    1 -2 -1  3 -6  0  4 -2 -1 -3 -4  1 -4 -4  2  0 -2 -6 -5 -2   10   2   2  15   0   4  28   4   1   1   1   9   0   1  10   6   2   0   0   3  0.52 0.40
  194 D   -3 -4  1  7 -7 -3  3 -5 -2 -1 -3 -2 -2 -4 -5 -3  0 -7 -5 -3    2   1   5  53   0   1  16   1   1   4   4   2   1   1   1   1   6   0   0   2  1.25 0.68
  195 C   -2 -7 -3 -1 10 -3 -2 -2 -2 -3 -3 -5 -3 -3 -7  3 -3 -7 -2 -2    2   0   1   4  48   1   3   3   1   2   2   1   1   1   0  23   2   0   2   3  1.73 0.83
  196 Q   -3  4 -1 -3 -5  5 -1 -6 -1 -2  0  4 -3 -3 -5 -2 -3 -4 -3 -2    2  18   2   1   0  26   3   0   1   2   8  26   0   1   0   2   1   0   1   4  0.85 0.55
  197 N   -1  5  1  0 -6  0  3 -3 -1 -2 -3  2 -2 -5 -4 -1 -1 -4 -3 -2    5  29   6   5   0   3  17   2   1   3   2  12   1   0   0   5   4   0   1   3  0.55 0.39
  198 R   -4  8 -4 -3 -9 -2 -1 -6 -4 -6 -5  1 -5 -6 -7 -4 -4 -5 -4 -6    2  76   1   2   0   1   4   1   0   0   1   7   0   0   0   1   1   0   1   0  2.17 1.02
  199 L   -2 -3 -5 -5 -4 -5 -4 -7 -2  3  4 -3  3  3 -6 -4 -4 -3  3  0    4   2   0   1   0   0   1   0   1  14  43   2   6  11   0   1   1   0   8   5  0.85 0.48
  200 D   -1 -1  0  2 -5  2  5 -2  0 -2 -3  1 -3 -4 -4 -1  0 -6 -1 -3    5   2   4  11   0   7  35   3   2   3   3   9   1   1   0   5   5   0   2   2  0.54 0.40
  201 K   -2  3  0 -1 -5  0  0 -3 -1 -2 -2  4 -3 -4 -5  0  3 -6 -4 -2    2  17   4   3   0   3   5   2   1   2   4  26   0   1   0   8  20   0   0   3  0.55 0.41
  202 N   -4 -4  9 -1 -7 -5 -2 -5 -1 -7 -7 -2 -7 -3 -7 -2 -4 -8 -7 -5    2   1  81   3   0   0   2   1   1   0   0   2   0   1   0   3   1   0   0   1  2.49 1.10
  203 P   -3 -7 -7 -7 -5 -6 -6 -3 -7  1 -4 -4 -5 -6  8 -5 -2 -8 -4  1    3   0   0   0   0   0   0   2   0   6   2   1   0   0  70   1   2   0   1  11  2.11 1.00
  204 L   -6 -5 -8 -5 -6 -7 -4 -8 -7  1  6 -7  3  0 -7 -7 -5 -2 -5 -3    0   1   0   1   0   0   1   0   0   6  78   0   7   3   0   0   0   1   0   1  1.80 0.85
  205 R   -4  8 -4 -3 -9 -3 -5 -6 -3 -7 -6 -1 -7 -8 -5 -3 -7 -1 -6 -8    1  85   1   2   0   1   1   0   1   0   1   3   0   0   1   2   0   1   0   0  2.62 1.17
  206 V   -2 -7 -5 -7 -3 -6 -4 -7 -7  6  2 -4  0 -1 -7 -6 -3 -7 -5  4    3   0   1   0   1   0   1   0   0  43  17   1   2   3   0   0   1   0   0  26  1.28 0.63
  207 L   -5 -7 -6 -8 -6 -7 -5 -8 -7 -1  6 -6 -2  4 -8 -7 -5 -3 -3 -2    1   0   0   0   0   0   1   0   0   2  77   1   1  13   0   0   1   0   1   2  1.83 0.87
  208 D   -6 -7 -3  8 -9 -6 -1 -4 -7 -4 -6 -5 -8 -9 -7 -2 -6 -9 -9 -8    1   0   1  87   0   0   3   1   0   1   1   1   0   0   0   3   0   0   0   0  2.71 1.19
  209 C   -3 -7 -4 -1 10 -6 -6 -7 -5 -3 -2 -5 -3 -7 -5  4 -1 -8 -7 -3    2   0   1   4  48   0   0   0   0   1   5   1   1   0   1  30   5   0   0   2  2.04 0.95
  210 K   -6  0 -3 -4 -8 -3 -2 -7 -5 -4 -7  8 -4 -8 -7 -4 -4 -8 -7 -8    0   4   2   1   0   1   2   0   0   1   0  86   1   0   0   1   1   0   0   0  2.48 1.14
  211 K   -2 -1  4  4 -4 -1  2 -2 -1  0 -3  0 -4 -5 -5 -1 -2 -6 -4  2    3   4  20  19   0   2  16   3   1   5   2   6   0   0   0   5   2   0   0  13  0.51 0.38
  212 D   -1 -2 -2  3  0  0  4 -5 -3 -1 -3  0 -5 -3  4 -1 -3 -6 -4 -4    5   2   1  16   2   3  28   1   0   3   3   6   0   1  21   4   1   0   0   1  0.70 0.48
  213 R    1  0  1  0 -3  1  1  1  1 -2 -2  2 -2 -3 -2  1  0 -5 -2 -3   11   5   6   5   0   7  10  12   3   3   4  12   0   1   1  13   6   0   1   1  0.18 0.18
  214 D   -2 -5 -2  4  9 -2 -1 -6 -2 -1 -2 -1  1 -6 -6 -3  0 -4 -5 -2    3   0   2  21  37   2   5   0   1   4   4   4   3   0   0   2   7   0   0   3  1.28 0.65
  215 H   -2  3 -3 -3 -5  6 -1 -4  1  1 -2  4 -2 -4 -5 -2 -3 -5 -5 -2    3  15   1   1   0  32   4   1   3   8   5  22   1   1   0   2   1   0   0   3  0.88 0.56
  216 P    1 -1  0  1 -4  1  3 -1 -1 -1 -2  2 -3 -4  2  0 -1 -5 -3 -2   14   3   3   7   0   5  23   3   1   3   3  11   0   1  10   5   4   0   1   3  0.31 0.27
  217 A    0 -3 -4 -4 -2 -2 -3 -4 -3  5  3 -3  0  1 -5 -4 -3 -5 -1  2    8   1   1   1   1   2   1   2   1  29  25   2   2   6   0   1   1   0   2  15  0.62 0.37
  218 M    0 -2 -1 -4  0 -3 -2 -5 -3  3  2  0  2  0 -4 -2  0 -4 -1  2    8   2   3   0   2   0   2   0   0  19  24   6   5   4   1   3   5   0   2  14  0.36 0.26
  219 G    2  0  0  0 -4  1  3 -1 -2 -3 -2  3 -4 -4 -3  1 -1 -3 -3 -3   16   5   4   6   0   6  17   4   1   1   4  20   0   0   1   9   2   0   1   2  0.36 0.31
  220 T   -1 -1  3  4 -4  1  2  2 -1 -4 -4  1 -2 -5 -3  0 -1 -6 -5 -3    5   2  14  20   0   6  12  14   1   1   2   8   1   0   1   7   3   0   0   1  0.46 0.34
  221 A    6 -6 -6 -7 -2 -6 -4 -3 -3  0  0 -5  0  0 -4 -1 -4 -7 -2 -1   65   0   0   0   1   0   1   2   1   4   8   0   2   4   1   4   1   0   1   4  1.24 0.72
  222 P   -6 -4 -8 -3 -9 -5 -3 -6 -6 -6 -7 -1 -4 -5  9 -5 -5 -9 -8 -7    0   1   0   2   0   0   2   1   0   0   1   4   1   1  85   1   1   0   0   0  2.82 1.27
  223 K   -1  2 -1  0 -3  2  0 -3 -1 -1 -1  3 -2 -3 -1  1  1 -5 -3 -1    4   9   2   6   0  10   4   1   2   4   7  22   1   1   3  12   7   0   0   5  0.25 0.25
  224 I   -3 -5 -5 -7 -5 -4 -3 -5 -5  6  3 -5  3  0 -2 -2 -1 -6 -2  0    2   1   0   0   0   1   2   1   0  42  24   1   8   4   2   3   3   0   2   5  0.98 0.54
  225 T    0 -1 -1 -1 -3  0  0 -2 -1  1  2  0  0 -1 -1  0  1 -2 -1  1    6   2   2   3   0   3   8   3   2  11  20   5   2   3   2  10   8   0   2   8  0.07 0.11
  226 D   -3 -5  2  7 -7  0  3 -4 -3 -6 -6 -2 -6 -6 -4 -2 -4 -8 -7 -6    2   0   8  58   0   3  17   2   1   0   1   2   0   0   1   3   1   0   0   0  1.57 0.79
  227 F   -2 -3 -1 -4 -1 -4 -3 -5  5 -3 -2 -4 -2  5 -6  1 -3  1  6 -2    3   1   3   1   2   1   1   1  12   1   4   1   1  25   0   9   1   1  28   3  1.08 0.58
  228 L   -3 -4 -6 -7 -6 -4 -6 -7 -4  2  6 -6  0 -2 -7 -5 -4  1 -1 -2    2   1   0   0   0   1   0   0   0   9  73   0   2   2   0   1   1   2   3   3  1.50 0.73
  229 N   -4 -6  2  2  9 -5 -1  0 -4 -6 -6 -3 -6 -6 -4  3  0 -7 -6 -5    1   0   8  13  36   0   4   6   0   0   0   2   0   0   1  21   7   0   0   0  1.37 0.71
  230 E    0 -3  0  3 -5  0  4 -1 -2 -2 -3  1 -2 -5  2  0 -1 -6 -3 -3    6   1   4  18   0   4  26   4   1   2   2   8   1   0   9   6   5   0   1   2  0.48 0.36
  231 Y    1 -2 -1  4 -4 -1  5 -1 -3 -4 -5  0 -5 -4  0  0 -1 -6 -4 -4   10   2   3  19   0   2  37   4   0   1   1   5   0   1   4   6   4   0   1   1  0.71 0.48
  232 S    1 -5 -3  1  9 -4  0 -5 -6 -6 -6 -4 -4 -7 -4  4 -2 -7 -6 -5   11   0   1   7  38   1   7   1   0   0   0   1   0   0   1  29   2   0   0   0  1.59 0.80
  233 K    0  4 -1 -3 -5  1 -1 -3 -1 -1  0  4 -3 -4 -5  0 -2 -5 -3 -2    9  24   3   1   0   6   3   2   2   4   9  25   0   1   0   6   2   0   1   2  0.53 0.38
  234 T    2  0  1  2 -4  1  3 -2 -1 -3 -3  1 -3 -5 -3  0  0 -5 -4 -2   17   4   8  12   0   6  19   2   1   2   2  10   0   0   1   6   7   0   0   2  0.35 0.30
  235 Y   -5  2  0 -2 -4 -2 -1 -6  9 -5 -5 -2 -4 -1 -7 -4 -4 -4  4 -7    1  10   5   3   0   2   4   0  53   1   1   3   0   3   0   1   1   0  11   0  1.94 0.89
  236 F   -6 -7 -8 -7 -8 -5 -8 -8  0 -2  1 -5 -2  9 -9 -6 -7  3  2 -3    1   0   0   0   0   1   0   0   2   2  14   1   1  67   0   1   0   3   6   1  2.23 0.98
  237 A    0  0  1  3 -6  1  4 -2 -2 -3 -3  2 -1 -3 -4 -1 -1 -6 -2 -3    9   5   7  16   0   5  26   2   1   1   2  11   2   1   0   3   4   0   1   2  0.45 0.35
  238 D    1  1  0  0 -4  2  3 -1 -1 -4 -3  3 -2 -3 -4  0  0 -5 -3 -3   10   8   5   5   0  10  16   6   1   1   2  17   1   1   0   8   6   0   1   1  0.34 0.29
  239 V   -5 -7 -8 -8 -6 -7 -7 -8 -7  3  3 -7  0  0 -7 -6 -1 -4 -4  6    0   0   0   0   0   0   0   0   0  13  27   0   2   4   0   0   3   0   0  50  1.41 0.71
  240 M   -3  2 -3 -5  5  2 -2 -5 -4 -1  3  3 -1 -2 -6 -3  0 -6 -4 -1    2  10   1   0  10  11   2   0   0   4  29  19   1   2   0   2   5   0   0   3  0.61 0.44
  241 T    1  1  1  2 -4  1  4 -1 -1 -4 -4  2 -2 -5 -4  1 -1 -6 -3 -4   10   8   7  11   0   5  24   4   1   1   2  10   1   0   0  10   3   0   1   1  0.44 0.35
  242 Y   -1 -3 -1 -4  0 -2 -3  1  2  2  2 -3  0  1 -5 -2 -2 -1  5 -2    6   1   3   0   2   2   1  11   4  11  21   2   3   5   0   3   3   1  19   1  0.38 0.31
  243 L   -5 -8 -9 -9 -3 -8 -8 -9 -8 -2  7 -8 -1 -3 -8 -8 -7 -7 -7 -4    1   0   0   0   1   0   0   0   0   2  94   0   1   1   0   0   0   0   0   1  2.38 1.07
  244 D   -1  0  1  6 -6  0  2 -3 -1 -6 -6  2 -5 -7 -5  0  0 -7 -4 -5    4   4   6  37   0   4  12   2   1   0   0  13   0   0   0   7   7   0   1   0  0.82 0.52
  245 A    2  0 -1  1 -3  1  2 -2 -1 -1 -1  1 -1 -2 -4  1 -1 -3 -1 -1   21   4   3   8   0   5  16   3   1   3   6   8   1   2   0   8   4   0   2   3  0.20 0.22
  246 L    1 -2 -1 -5  0 -2 -3 -5 -1  0  4 -3  3  2 -5 -2 -2  1  2  0   11   2   4   0   2   1   2   1   1   5  36   1   7   9   0   3   2   2   6   5  0.46 0.33
  247 D   -3 -3  4  2 -4 -1  0  5 -1 -8 -7  1 -6 -7 -6 -2 -5 -7 -6 -6    2   1  17  10   0   3   7  47   2   0   0   8   0   0   0   3   0   0   0   0  1.13 0.63
  248 I   -5 -5 -7 -5 -3 -5 -6 -8 -8  7 -1 -7 -2 -1 -7 -7 -4 -7 -5  4    1   1   0   1   0   1   0   0   0  56   6   0   1   2   0   0   1   0   0  30  1.75 0.81
  249 E    0 -2  1  2 -6 -1  1 -4 -1 -5 -6  2 -4 -6  6  1 -2 -7 -6 -5    7   2   7  12   0   2   8   1   1   0   0  11   0   0  34  11   2   0   0   1  0.85 0.54
  250 Y   -4 -7 -7 -8 -1 -7 -8 -8  0 -3 -6 -8 -6  6 -3 -7 -6  1  9 -2    1   0   0   0   1   0   0   0   2   1   0   0   0  28   2   0   0   1  59   3  2.50 1.10
  251 V   -2  1 -1 -2 -4  1  3 -5  1  1 -3  2 -3 -3 -5  0  2 -6 -2  2    2   7   2   2   0   6  22   0   3   8   1  11   0   1   0   5  14   0   1  13  0.41 0.36
  252 V   -4 -2 -5 -4 -4 -3  0 -6  0  5  2 -3 -1 -2 -5 -5 -4  0 -1  4    0   3   0   1   0   1   8   0   2  28  22   1   1   1   1   0   1   1   2  27  0.83 0.49
  253 D   -3 -5  7  6 -4 -4 -1 -6 -4 -8 -8 -3 -5 -8 -7 -1 -3 -9 -7 -5    2   1  44  40   0   0   4   0   0   0   0   2   0   0   0   4   2   0   0   1  1.84 0.91
  254 P   -3 -2  0 -1 -7 -2 -1 -5  2 -5 -1  0 -3  0  6 -1 -1 -4 -1 -5    2   2   5   4   0   2   4   1   5   0   7   5   1   4  45   5   4   0   3   0  0.99 0.60
  255 N   -3  5  2 -3 -4  0 -3  0  2 -5 -3  2 -1  0 -5  1  0 -3  2 -5    1  29   8   1   0   3   1   9   5   0   3  12   1   3   0   9   6   0   7   0  0.56 0.41
  256 L   -7 -7 -9 -9 -6 -7 -8 -9 -8  4  6 -8  2 -2 -8 -8 -4 -7 -6 -1    0   0   0   0   0   0   0   0   0  17  73   0   4   1   0   0   1   0   0   3  1.84 0.86
  257 V    0 -8 -9 -9 -7 -8 -8 -6 -9 -1 -4 -8 -3 -4 -8 -7 -4 -5 -5  8    9   0   0   0   0   0   0   1   0   2   0   0   1   1   0   0   1   0   0  86  2.37 1.08
  258 R   -8  9 -5 -8 -10 -5 -6 -7 -7 -10 -9 -3 -8 -9 -7 -6 -8 -9 -8 -9    0  98   0   0   0   0   0   0   0   0   0   1   0   0   0   0   0   0   0   0  3.37 1.41
  259 G   -5 -8 -5 -5 -9 -8 -6  8 -8 -10 -10 -5 -9 -9 -6 -5 -6 -9 -9 -8    0   0   1   1   0   0   1  96   0   0   0   1   0   0   0   1   0   0   0   0  2.86 1.21
  260 L   -6 -6 -9 -9 -7 -5 -8 -9 -8 -1  7 -6 -2  1 -8 -7 -7 -2 -6 -4    0   0   0   0   0   0   0   0   0   2  89   1   0   5   0   0   0   1   0   0  2.19 0.99
  261 D   -5 -8 -3  9 -10 -6 -1 -6 -7 -9 -10 -7 -9 -10 -8 -5 -7 -10 -9 -9    1   0   1  93   0   0   4   1   0   0   0   0   0   0   0   1   0   0   0   0  3.08 1.27
  262 Y   -9 -8 -9 -10 -3 -8 -9 -10 -5 -8 -8 -9 -3 -2 -10 -8 -8 -4 10 -8    0   0   0   0   1   0   0   0   0   0   0   0   1   1   0   0   0   0  98   0  4.04 1.56
  263 Y   -9 -8 -9 -10 -9 -8 -9 -10 -1 -8 -8 -9 -8 -4 -10 -8 -8 -4 10 -8    0   0   0   0   0   0   0   0   1   0   0   0   0   0   0   0   0   0  99   0  4.12 1.58
  264 N   -3 -3  4 -2  1 -3 -3 -5 -3 -3 -6 -4 -4 -7 -6  1  6 -8 -7 -2    1   2  18   2   3   1   1   1   1   1   0   1   0   0   0  11  55   0   0   2  1.39 0.77
  265 H   -5  5  0  1 -7 -1 -1  3  5 -7 -5  2 -4 -7 -6 -2 -5 -7 -3 -7    0  30   4   8   0   2   3  22  13   0   1  13   0   0   0   2   0   0   1   0  1.03 0.58
  266 T   -5 -7 -5 -7 -3 -6 -7 -7 -7  1 -1 -6  2 -2 -4 -3  7 -8 -7  0    0   0   0   0   1   0   0   0   0   8   6   0   4   2   1   2  70   0   0   6  1.79 0.91
  267 A    2 -7 -7 -8 -2 -7 -7 -6 -8  1 -3 -7 -4 -6 -7 -5  1 -8 -5  7   15   0   0   0   1   0   0   0   0   8   1   0   0   0   0   0   9   0   0  66  1.66 0.81
  268 F   -8 -9 -9 -10 -9 -9 -9 -9 -7 -5 -6 -9 -6 10 -10 -9 -8  3  0 -6    0   0   0   0   0   0   0   0   0   0   0   0   0  93   0   0   0   3   3   0  3.55 1.32
  269 E   -6 -5 -6 -3 -10 -3  8 -8 -6 -9 -7 -5 -8 -9 -7 -6 -7 -9 -8 -9    0   0   0   1   0   0  97   0   0   0   0   0   0   0   0   0   0   0   0   0  3.03 1.30
  270 I   -4 -7 -7 -7 -4 -7 -7 -6 -6  5 -1 -7 -1  6 -7 -6 -5  6  1  3    2   0   0   0   0   0   0   1   0  31   5   0   1  29   0   0   0   9   3  18  1.41 0.64
  271 M   -2 -1 -3 -3 -2  0 -2 -4  0  2 -1  1  0  0 -4 -1  2  2  2  3    2   3   1   1   1   3   2   1   2  12   5   9   2   3   1   3  15   3   8  23  0.32 0.24
  272 S    0 -3 -1 -1  1 -2 -1 -2  3 -1 -2 -2 -2 -2  1  4  2 -2  1 -1    6   1   2   3   3   1   4   3   7   3   4   2   1   1   6  29  14   1   4   4  0.33 0.25
  273 E   -1  0  1  3 -2  0  2 -1  0 -2 -3  1 -2 -2  0  0  1 -3 -1 -2    3   4   7  17   1   4  12   5   2   3   2  11   1   1   5   8   8   0   2   2  0.22 0.16
  274 A    2  0  1  1 -1 -1  0  0  0 -1 -1  0 -1 -2 -1  1  0 -2 -1 -1   21   4   6   8   2   2   6   6   3   3   6   7   1   1   2  13   3   0   2   5  0.11 0.11
  275 E    0 -1  0  1 -2  1  2  0 -1 -2 -1  0 -2 -2  3  0 -1 -2 -2 -2    6   3   4   9   1   5  18   8   1   2   6   6   1   2  13   8   3   0   1   3  0.20 0.13
  276 G   -1 -1  1  2 -2  1  2  3 -1 -2 -2  0 -2 -2 -1  0 -1 -3 -2 -2    5   4   8  13   1   5  12  21   1   2   5   6   1   1   3   6   3   0   1   3  0.22 0.14
  277 F   -2 -3 -2 -2 -4 -2 -1 -2 -3  1  5 -3 -1 -1 -4 -2 -2 -3 -3 -1    3   2   2   3   0   1   5   4   1   7  58   2   1   2   1   4   2   0   1   3  0.73 0.37
  278 G   -2 -3  0 -3 -5 -2 -3  7 -5 -4 -4 -1 -5 -5 -4 -2 -3 -5 -5 -5    3   2   4   1   0   2   2  72   0   1   2   4   0   0   1   3   1   0   0   1  1.55 0.66
  279 A    5 -1 -3 -3 -3 -1 -2 -1 -3 -5 -4 -1 -4 -3 -3  3 -1 -5 -5 -4   51   3   1   1   0   3   2   3   1   1   1   3   0   1   1  22   4   0   0   1  0.94 0.54
  280 I   -3 -2 -4 -4 -6  8  1 -4 -3 -4 -5  0 -2 -6 -1 -3 -4 -4 -4 -4    2   2   1   1   0  67   8   1   1   1   1   6   1   0   4   2   1   0   1   1  1.82 0.86
  281 T   -1 -3  4  3 -4 -2 -2  0 -2 -2 -1  1 -2 -4 -3  3 -1 -5 -4 -2    5   1  23  13   0   1   1   8   1   3   5   9   1   1   1  22   2   0   1   3  0.50 0.35
  282 T    5 -5 -5 -5 -5  2 -3 -2 -5 -5 -5 -4 -5 -6 -4  1  5 -6 -6 -1   40   0   0   0   0  10   1   2   0   0   1   1   0   0   0   9  30   0   0   4  1.09 0.65
  283 L   -5 -7 -7 -8 -4 -7 -7 -3 -7  5  3 -7 -3 -1 -7 -6 -5 -5 -4  4    0   0   0   0   0   0   0   2   0  34  30   0   0   2   0   0   0   0   0  30  1.37 0.64
  284 A    2 -6 -5 -6  8 -6 -6  3 -6  1  2 -6 -2 -3 -6 -3 -4 -5 -6 -2   16   0   0   0  26   0   0  25   0   7  18   0   1   1   0   2   1   0   0   3  1.10 0.56
  285 G    4 -4 -6 -6 -7 -4 -7  7 -7 -8 -8 -6 -7 -5 -7 -3 -6 -7 -7 -5   26   1   0   0   0   1   0  68   0   0   0   0   0   1   0   2   0   0   0   1  1.96 0.87
  286 G   -5 -7 -6 -6 -7 -7 -7  8 -7 -8 -8 -7 -8 -8 -7 -6 -7 -7 -8 -8    0   0   0   0   0   0   0  97   0   0   0   0   0   0   0   0   0   0   0   0  2.92 1.13
  287 G   -4 -7 -6 -7 -7 -7 -7  8 -7 -8 -8 -7 -8 -8 -7 -6 -7 -7 -8 -8    1   0   0   0   0   0   0  97   0   0   0   0   0   0   0   0   0   0   0   0  2.91 1.12
  288 R   -4  8 -4 -5 -1 -4 -4 -8 -2 -8 -8 -3 -7 -7 -8 -2 -3 -8 -7 -5    2  87   1   1   2   0   1   0   1   0   0   1   0   0   0   3   1   0   0   1  2.63 1.09
  289 Y   -8 -8 -8 -9 -9 -8 -8 -9 -1 -8 -7 -8 -7 -1 -9 -8 -8 -4 10 -8    0   0   0   0   0   0   0   0   1   0   0   0   0   2   0   0   0   0  97   0  3.94 1.46
  290 N   -5 -4  2  8 -7 -4 -3 -5 -3 -6 -7 -4 -6 -7 -5 -2 -4 -7 -5 -6    1   1   9  78   0   1   1   1   1   0   1   1   0   0   0   4   1   0   0   0  2.26 0.90
  291 G   -2  0  4 -1 -5 -1 -1  4  0 -5 -3  0 -2 -3 -4  0 -1 -5  1 -5    2   5  20   3   0   3   5  34   2   1   2   5   1   1   1   6   3   0   5   0  0.63 0.39
  292 L   -7 -7 -8 -9 -7 -7 -8 -9 -8 -3  7 -7  0 -3 -8 -7 -6 -7 -6 -4    0   0   0   0   0   0   0   0   0   0  96   0   1   1   0   0   0   0   0   0  2.44 1.00
  293 V    1 -6 -6 -6 -2 -5 -6 -4 -5  4 -1 -5  2  0 -5  0 -1 -6 -2  5   11   0   0   0   1   0   0   1   0  23   3   0   5   4   0   7   3   0   1  39  0.91 0.49
  294 E   -1 -1 -1 -1 -6  1  6 -2  1 -7 -6  3 -6 -6 -3  0 -3 -7 -4 -5    5   3   3   3   0   6  46   3   3   0   0  15   0   0   1   8   1   0   1   0  0.96 0.56
  295 E   -1 -1 -1  1 -4  3  3 -4 -2  0  1  0  1 -3 -4  0  0 -5 -2 -2    5   2   2   6   0  16  23   1   1   5  12   6   3   1   0   7   5   0   2   3  0.34 0.29
  296 F   -5 -7 -7 -8  0 -6 -6 -8 -7  2  5 -7  4  4 -7 -5 -5 -4 -1 -2    0   0   0   0   2   0   0   0   0  11  56   0  10  16   0   0   0   0   2   2  1.42 0.65
  297 G   -4 -6 -3 -2 -5 -6 -4  7 -6 -7 -8 -5 -4 -5 -6 -2 -4 -6 -7 -6    1   0   1   2   0   0   1  86   0   0   0   1   1   1   0   3   1   0   0   0  2.28 0.95
  298 G   -3 -5 -2 -3 -4 -5 -5  7 -4 -7 -7 -3 -6 -5 -5 -2 -5 -3 -3 -7    2   1   2   2   0   0   1  84   0   0   0   2   0   1   1   3   0   0   1   0  2.14 0.90
  299 P   -3  2 -1 -3 -6  1  1 -4 -2 -3 -5  4 -5 -6  6 -1 -2 -7 -3 -3    2   9   2   1   0   5   8   1   1   1   0  21   0   0  37   4   2   0   1   2  0.96 0.54
  300 S    0 -1  0  4 -6 -1  1 -4 -1 -6 -6  1 -5 -5  5  1 -3 -7 -3 -4    8   3   5  21   0   3  10   0   1   0   0   7   0   1  26  11   1   0   1   1  0.75 0.46
  301 S   -2 -4 -3 -6 -2 -3 -4 -6 -4  2  0 -4  1 -2 -6 -2  6 -4 -2  3    3   1   1   0   1   1   1   0   0  11  10   1   3   2   0   1  45   0   1  17  0.94 0.55
  302 P   -1 -6 -3 -5 -2 -4 -3 -2 -3 -7 -7 -2 -7 -3  8  1 -4 -9 -5 -5    5   0   1   1   1   1   2   4   1   0   0   3   0   1  68   9   1   0   0   1  1.96 0.91
  303 G    5 -6 -5 -6  1 -4 -6  4 -6 -7 -5 -6 -6 -7 -6  1 -2 -7 -7 -5   51   0   0   0   3   0   0  31   0   0   1   0   0   0   0  11   2   0   0   0  1.42 0.73
  304 I   -1 -5 -6 -7  3 -6 -6 -7 -7  5 -1 -5 -1  0 -6 -2  1 -6 -5  5    6   0   0   0   7   0   0   0   0  27   5   1   1   4   0   3   7   0   0  39  1.07 0.54
  305 G   -6 -8 -4 -7 -9 -8 -8  8 -8 -10 -10 -7 -9 -9 -8 -6 -6 -9 -9 -9    0   0   1   0   0   0   0  99   0   0   0   0   0   0   0   0   1   0   0   0  3.04 1.18
  306 F   -4 -8 -8 -9  0 -8 -9 -3 -7 -4 -2 -8 -1  9 -9 -7 -6  6  0 -2    2   0   0   0   2   0   0   2   0   1   4   0   2  71   0   0   0  11   2   3  2.49 0.98
  307 G    6 -5 -6 -7 -6 -6 -6  3 -7 -5 -7 -6 -6 -7 -6  0 -3 -8 -7 -5   70   1   0   0   0   0   0  19   0   1   0   0   0   0   0   7   2   0   0   0  1.75 0.84
  308 M    2 -6 -5 -6  1 -5 -6 -1 -5  4  2 -5  4  3 -5 -2 -3 -5 -2  0   15   0   0   0   3   0   0   5   0  26  20   0  11  11   0   3   1   0   1   4  0.70 0.40
  309 G   -5 -8 -3 -4 -6 -7 -6  8 -8 -9 -9 -7 -3 -5 -8 -4 -7 -8 -9 -9    0   0   1   1   0   0   0  94   0   0   0   0   1   1   0   1   0   0   0   0  2.73 1.08
  310 L   -3 -6 -7 -7 -4 -5 -3 -7 -6  5  2 -6  5  3 -6 -5 -3 -4 -4  3    2   0   0   0   0   0   2   0   0  30  20   0  13  10   0   0   1   0   0  20  1.04 0.51
  311 E   -7 -6 -4  5 -9 -4  7 -7 -4 -9 -8 -5 -8 -9 -7 -5 -5 -9 -8 -8    0   0   0  28   0   0  70   0   0   0   0   0   0   0   0   0   0   0   0   0  2.35 1.03
  312 R   -3  9 -6 -7 -9 -3 -4 -8 -6 -9 -8 -3 -7 -9 -6 -5 -6 -9 -8 -7    3  94   0   0   0   1   1   0   0   0   0   1   0   0   0   1   0   0   0   0  3.03 1.20
  313 L   -3 -5 -7 -7 -2 -6 -6 -6 -7  4  4 -6  1 -2 -6 -4  1 -4 -4  3    2   0   0   0   1   0   0   0   0  22  44   0   3   2   0   1   8   0   0  16  1.04 0.51
  314 I    0 -5 -5 -6 -2 -4 -4 -5 -4  4  3 -4  4 -2 -6 -3 -3 -4 -2  3    8   0   0   0   1   0   1   0   0  25  26   1  11   1   0   2   1   0   1  20  0.82 0.43
  315 M   -1 -4 -1  0 -5 -1  2 -5 -3  1  4 -3  4 -3 -4 -1 -1 -4 -3 -1    6   0   4   4   0   3  12   1   0   6  40   1  10   0   1   5   3   0   1   2  0.52 0.36
  316 A    3 -2 -2 -4 -1 -2 -1 -4 -2  2  3 -2  0 -2 -4 -2 -1 -5 -2  1   30   2   2   0   1   2   3   1   1   9  26   3   2   1   0   2   3   0   1   9  0.42 0.31
  317 L   -2 -2 -6 -6  1 -4 -6 -5 -4  2  5 -4  6 -3 -5 -4 -3 -4 -2  1    3   2   0   0   3   1   0   1   0  12  47   1  17   1   0   1   2   0   1   7  1.01 0.50
  318 E   -2  1  0  2 -5  1  4 -1 -2 -3 -3  3 -3 -5  0 -1 -3 -5 -3 -4    3   7   4  11   0   7  26   4   1   1   3  21   1   0   5   4   1   0   1   1  0.53 0.34
  319 A    2  0  1  1 -3  1  3 -1 -1 -2 -2  1 -2 -3 -2  0 -1 -2 -3 -2   16   4   5   9   0   7  21   3   1   2   4  10   1   1   2   6   4   1   1   2  0.26 0.21
  320 E    0  0  1  1 -3  3  3 -2  0 -2  0  2 -1 -3 -3  0 -1 -4 -2 -1    6   5   5   6   1  16  17   2   2   2   9  11   1   1   1   7   3   0   1   4  0.26 0.21
  321 N   -1 -1  4  1 -4  1  1  3  0 -3 -3  2 -4 -3 -1  0 -2 -4 -3 -4    4   2  19   7   0   5   9  23   2   1   2  12   0   1   3   5   2   0   1   1  0.43 0.27
  322 I    0 -1 -1 -2 -2  0 -1 -2 -2  3  1  0  0  0 -1 -1 -1  0  0  2    8   3   3   2   1   3   4   3   1  19  12   7   1   4   3   5   3   1   3  13  0.09 0.09
  323 T    0  0  1  1 -2  0  1 -1 -1 -1 -1  1 -1  0  1  1  0 -2 -1 -1    8   4   6   8   1   5  11   3   1   5   6  10   1   4   6  11   5   1   1   5  0.08 0.08
  324 L    0 -2 -2 -1 -3 -1  0 -2 -2  1  1 -1  0  2  3 -1 -1  0  0  1    7   2   2   3   0   2   6   2   1   9  16   5   1   8  13   3   4   1   3  13  0.15 0.13
  325 P    0 -1 -1 -1 -2  0  1 -2 -1 -1 -2  1 -3 -2  5  0 -1 -3 -1 -3    9   3   3   4   1   3  11   3   1   3   5   8   1   2  30   6   4   0   2   2  0.46 0.28
  326 I    1  0  0  0 -3  0  1 -1  0  0 -1  1 -1 -1  2  0  0 -2 -1  0   10   3   4   5   0   4  12   3   2   7   5   9   1   2  10   8   5   0   2   6  0.09 0.09
  327 D    0  0  0  1 -3  0  2  0 -1 -2 -2  2 -1 -2  2  0  0 -4 -3 -2    8   4   4   7   0   4  16   6   1   2   5  14   1   2  10   8   5   0   1   3  0.18 0.16
  328 Q   -1  1  2  1 -4  1  1 -1 -1 -2 -2  2 -2 -2  3  0 -1 -2 -2 -3    5   8   9   8   0   6  10   4   1   2   3  12   1   2  15   6   4   1   1   2  0.26 0.20
  329 Q    0  2  1 -1 -3  1  0  0  0 -2 -3  3 -2 -3  1  0  0 -3 -2 -1    7  10   6   3   0   8   6   8   2   2   2  17   1   1   8   8   6   0   2   4  0.19 0.17
  330 L   -1 -1 -2 -3  0 -2 -3 -4 -3  2  1  0 -1 -2  5 -2  0 -5 -3  1    4   3   2   1   2   1   1   1   0  12  13   6   1   2  29   3   6   0   1  11  0.53 0.33
  331 D   -1  0 -1  6 -3  1  0 -1  0 -3 -2  1 -4 -2 -1 -1 -2 -6 -4 -3    4   5   3  39   1   5   5   5   2   1   4  10   0   2   3   5   3   0   0   2  0.60 0.37
  332 C    0 -6 -6 -7  1 -6 -7 -6 -7  4  1 -6 -2  1 -6 -5 -3 -6  0  5    9   0   0   0   3   0   0   0   0  25   9   0   0   5   0   0   1   0   3  43  1.15 0.56
  333 F   -2 -5 -6 -7 -1 -6 -7 -5 -2 -2  0 -7  0  7 -7 -4 -5  0  7 -1    4   1   0   0   1   0   0   1   1   3   7   0   2  39   0   1   0   1  33   5  1.63 0.73
  334 V   -3 -7 -7 -8 -3 -7 -7 -6 -7  5  3 -7 -1  2 -6 -6 -4 -4 -4  5    2   0   0   0   1   0   0   1   0  31  22   0   1   8   0   0   1   0   0  34  1.26 0.59
  335 A    4 -5 -5 -5  1 -6 -6 -3 -6  4 -1 -6  0 -2 -5 -3 -2 -6 -5  4   30   0   0   0   3   0   0   2   0  25   6   0   2   2   0   1   2   0   0  27  0.94 0.51
  336 N    1 -3 -1 -3  1  3 -3 -1  2 -2 -3 -3 -3 -1  4  1  1  0  2  0   13   1   3   1   3  12   0   5   5   3   2   0   0   2  21   9   7   1   6   6  0.40 0.33
  337 M    0 -4 -3 -3 -4 -1 -2 -5 -3  3  4 -4  2  0 -4 -2  0 -5 -3  1    8   1   1   2   0   3   3   1   1  15  38   1   6   4   1   2   6   0   0  10  0.52 0.33
  338 G   -3 -5  0  3 -3 -2 -1  5 -4 -6 -6 -2 -3 -7 -3  2 -1 -6 -5 -4    1   0   5  14   1   2   5  48   0   0   0   2   1   0   2  13   4   0   0   1  1.00 0.53
  339 D   -1 -2 -1  4 -5  0  5 -2 -2 -4 -5  1 -4 -5  1 -1 -2 -5 -5 -3    5   2   3  22   0   3  34   3   1   1   1   8   0   1   8   4   2   0   0   2  0.75 0.46
  340 E    1 -1  1  1 -3  1  3  0 -2 -3 -2  1 -1 -4 -1  0  0 -4 -3 -2   13   3   6   7   0   6  24   6   1   2   4   8   1   0   3   7   5   0   1   3  0.28 0.24
  341 S    4 -4 -1 -2 -1  0 -1 -1 -3 -1  0 -3  0 -1 -3  0  0 -3 -2  0   41   1   2   2   1   3   4   5   1   3   9   1   2   3   1   7   6   0   2   5  0.41 0.33
  342 K   -1  3 -1 -1 -2  0  1 -3  0  0 -1  3 -1  0 -4 -1 -1 -2  0 -1    6  18   3   3   1   4   8   1   2   5   7  22   2   4   0   3   3   1   3   4  0.28 0.23
  343 L    0  1  0  1 -2  1  1 -1 -1 -1 -1  2 -1 -2  1  0 -1 -3 -2 -1    8   8   3   7   1   5  11   4   1   4   8  17   1   2   6   6   4   0   1   3  0.13 0.13
  344 E    0  1 -1  0 -4  0  2 -3  1 -1 -2  3 -1  0 -2 -2 -1  0  2 -1    9   7   2   4   0   4  16   1   3   3   4  19   2   4   2   2   3   1   8   4  0.24 0.22
  345 A    5 -4 -2 -5  3 -5 -5  1 -5 -1 -1 -5 -1 -3 -5  1 -1 -7 -5  0   51   1   2   0   5   0   0   9   0   3   5   0   1   1   0  11   3   0   0   6  0.87 0.53
  346 T   -2 -3 -4 -5 -3 -3 -5 -6 -2  2  4 -5  4  5 -5 -3 -3 -1  0  0    4   2   1   0   1   1   1   0   1  11  35   0   8  21   0   2   1   1   3   6  0.82 0.43
  347 K    0  2  0 -1 -4  2  1 -1 -2  0 -1  3 -2 -3  0  0 -1 -5 -3 -2    8  13   4   3   0   8  10   4   1   5   6  19   1   1   4   6   3   0   1   3  0.22 0.20
  348 V   -3 -5 -7 -7 -4 -5 -6 -8 -6  4  5 -4  0 -1 -7 -6 -2  2 -3  2    2   1   0   0   0   0   0   0   0  24  50   1   2   2   0   0   2   3   1  12  1.18 0.57
  349 V    4 -3 -4 -5  0 -3 -5 -3 -4  1  2 -3  1  1 -5  0  0 -3 -2  1   33   1   0   0   2   1   0   2   0   7  17   1   4   6   0   7   7   0   1  11  0.47 0.35
  350 K    0  1  2  1 -3  2  3 -2  2 -4 -3  0 -1 -2 -4  0  0 -3 -1 -3    7   7  11   7   1  10  20   3   4   0   3   6   2   1   0   8   6   0   2   2  0.32 0.27
  351 R    0  1  1  1 -5  2  3 -2 -1 -2 -1  2  0 -2 -4  0  0 -3 -2 -2    6   8   6   6   0   9  18   3   1   3   5  14   3   2   0   6   6   0   1   2  0.25 0.22
  352 L   -4 -7 -8 -9 -5 -6 -8 -8 -8  2  6 -7  0  1 -8 -7 -5 -1 -6 -2    1   0   0   0   0   0   0   0   0  10  78   0   2   5   0   0   0   1   0   2  1.84 0.83
  353 R   -5  8 -5 -6 -9 -2 -4 -8  0 -3 -4 -2 -6 -7 -8 -4 -5 -5 -4 -5    1  84   0   0   0   2   1   0   2   2   2   1   0   0   0   2   1   0   1   1  2.53 1.09
  354 D    0  3  2  2 -3  2  2 -2  0 -5 -3  3 -3 -5 -4  0 -1 -6 -4 -4    9  14  10  10   0   8  12   3   2   0   3  17   1   0   0   7   3   0   0   0  0.43 0.32
  355 N    3  1  2 -1 -1  1  2 -2  1 -3 -2  1 -2 -4 -3  0 -2 -4 -1 -3   23   7   9   3   1   7  12   3   3   1   5  10   1   1   1   6   2   0   2   1  0.27 0.25
  356 G   -3 -4  3  0 -3 -2 -3  6 -1 -7 -7 -1 -6 -4 -4 -2 -3 -5 -4 -6    1   1  13   4   1   2   2  63   2   0   1   4   0   1   1   3   1   0   1   0  1.44 0.68
  357 I   -4 -4 -5 -7 -2 -5 -5 -6 -1  6  3 -2  0  3 -6 -5 -4 -1  1  2    1   1   0   0   1   0   1   0   2  37  23   2   1  12   0   0   0   1   4  12  1.00 0.50
  358 Q    0  3 -1 -3 -1  0 -2 -3  0  0 -3  2 -3 -3  2  3  0 -2 -1 -1    8  15   3   1   1   3   2   2   2   6   1  13   0   1   9  20   5   1   2   4  0.30 0.28
  359 A    3 -6 -6 -7  4 -6 -6 -4 -6  2 -2 -6 -2 -2 -6 -1  1 -5 -5  5   22   0   0   0   7   0   0   1   0  10   3   0   1   1   0   5  10   0   0  39  0.99 0.55
  360 D   -1 -1 -2  3 -4  0  4 -2  0  0 -1 -1  0 -2 -5 -1 -1 -3 -1  0    4   3   1  19   0   3  28   2   2   6   5   4   2   2   0   5   3   0   3   9  0.40 0.31
  361 M   -2 -2 -3 -4  0 -1  0 -2 -1  3  1 -2  4  2 -4 -1  0 -2  0  1    3   2   1   0   2   3   6   4   1  15  14   1  12   7   1   5   7   0   3  11  0.25 0.21
  362 D    1 -3  3  6 -2 -3  1 -1  0 -3 -4 -4 -4 -3 -2  1 -3 -7 -2 -4   10   1  12  39   1   1   7   4   3   2   2   0   0   1   2  11   1   0   2   1  0.78 0.47
  363 Y   -4 -5 -3 -4  0 -4 -5 -4  2  0  3 -4  0  4  0 -3 -2  0  5  0    1   0   1   1   2   0   0   1   4   5  24   1   2  17   5   3   2   1  22   5  0.75 0.43
  364 Q    0  0  0  1 -2  0  2  2 -2 -3 -1  0  2 -2 -2  2  0 -5 -2 -2    6   5   5   6   1   4  12  15   1   1   6   7   7   1   1  14   4   0   1   2  0.18 0.19
  365 K   -1  1  2  1 -3  0  0  3 -1 -2 -3  2 -3 -2 -1  0 -1 -5 -3 -2    5   8   8   8   0   5   6  24   2   3   2  12   0   2   3   5   3   0   0   3  0.28 0.22
  366 R   -2  5 -1  1 -4 -1 -1  1 -2 -3 -4  3 -3 -3 -4  0 -1 -5 -5 -4    3  32   3   8   0   2   3  10   1   2   2  18   1   1   1   7   4   0   0   1  0.63 0.40
  367 K   -2 -1  3 -4 -6 -4 -5  0 -5 -7 -7  2 -6 -7 -3  6 -2 -8 -7 -7    2   4  14   1   0   1   0   7   0   0   0  14   0   0   1  54   2   0   0   0  1.28 0.73
  368 M   -3 -5 -7 -7 -6 -5 -7 -7 -7  3  5 -6  4  3 -1 -5 -4 -3 -4  1    2   0   0   0   0   0   0   0   0  14  52   0   9  10   3   1   1   0   0   7  1.16 0.58
  369 K   -3  1 -1 -2 -8 -2 -4  0 -4 -5 -7  7 -7 -6 -4  1 -3 -8 -7 -7    2   7   3   2   0   2   0   8   0   1   0  63   0   0   1  10   2   0   0   0  1.55 0.79
  370 G    3 -1  0 -2 -6 -1 -3 -1 -2 -6 -5  4 -5 -5 -3  3 -1 -5 -4 -4   25   3   4   2   0   2   1   5   1   0   1  27   0   0   1  24   3   0   0   1  0.76 0.51
  371 Q    1 -2 -2 -6 -4  8 -4 -2  1 -2 -3  0  0 -7 -7 -3 -6 -7 -5 -6    9   2   2   0   1  63   0   3   3   3   3   5   2   0   0   2   0   0   0   0  1.70 0.89
  372 L   -5 -7 -8 -8 -6 -6 -7 -8 -6  1  5 -7  7  4 -6 -6 -5 -4 -3 -3    1   0   0   0   0   0   0   0   0   7  47   0  25  16   0   0   0   0   1   1  1.64 0.75
  373 K   -3  4 -2 -3 -7 -1  2 -3 -3 -5 -6  6 -6 -7 -5  0 -3 -7 -5 -6    2  22   2   2   0   2  10   2   1   1   1  48   0   0   0   6   1   0   0   0  1.29 0.67
  374 A    0  2 -1 -2 -4  2  0 -4  1  0  0  2  1 -1 -4  0 -1 -1  3 -2    8  13   3   2   0   8   7   1   4   5   9  15   4   2   0   6   2   1  11   1  0.25 0.23
  375 A    7 -7 -7 -7 -4 -7 -7 -4 -7 -3 -5 -5 -5 -5 -6 -2 -5 -8 -5 -3   89   0   0   0   0   0   0   1   0   2   1   1   0   1   0   2   0   0   0   2  2.27 1.06
  376 D   -1 -4  5  5 -7 -1  0 -1  0 -4 -3 -3 -5 -6 -6  0 -2 -7 -4 -3    6   0  25  35   0   2   6   5   2   1   3   1   0   0   0   8   2   0   0   2  0.95 0.54
  377 R   -2  5  0 -4 -7  0 -2 -4 -3 -5 -5  6 -4 -7 -6 -1 -2 -7 -3 -5    3  30   4   1   0   3   2   1   1   1   1  44   0   0   0   5   2   0   1   1  1.31 0.68
  378 Y    0  0 -1 -3 -2  0 -1 -3  0  1  2  0  2  0 -4  1 -1 -2  1  0    6   5   3   1   1   4   4   1   2   8  25   5   5   4   0  14   2   1   4   5  0.18 0.19
  379 Q   -3 -1  4 -1 -5  1 -1  5 -2 -7 -5  2 -3 -5 -5 -1 -4 -7 -6 -6    1   4  21   4   0   5   4  43   1   0   1  11   1   0   0   3   0   0   0   0  1.04 0.57
  380 S    6 -5 -6 -7  2 -5 -6 -4 -5 -1 -5 -5 -3  0 -1  1 -1 -7 -1  2   55   1   0   0   4   0   0   1   0   4   1   0   0   5   3   9   3   0   2  12  1.08 0.64
  381 K   -2  5  0  0 -5  0 -1 -3  0 -4 -4  4 -4 -6  1  0 -1 -5 -5 -4    4  28   4   5   0   4   4   1   2   1   2  25   0   0   6   8   3   0   0   1  0.70 0.45
  382 F   -3 -4 -1 -7 -2 -5 -5 -6  2  1  0 -2 -1  5 -7 -4 -4  4  6  0    3   1   3   0   1   0   0   0   5   8   7   3   1  25   0   1   1   6  30   5  1.16 0.58
  383 V    4 -6 -6 -6  2 -5 -6 -4 -5  1 -1 -6 -1 -3 -5 -1  1 -7 -5  4   35   0   0   0   4   0   0   1   0   7   6   0   1   1   0   4  10   0   0  30  0.90 0.54
  384 I   -1 -7 -8 -8 -2 -7 -7 -5 -7  5  4 -7  0 -1 -7 -6 -5 -5 -6  4    6   0   0   0   1   0   0   1   0  29  33   0   2   2   0   0   0   0   0  26  1.21 0.59
  385 F   -6 -7 -8 -8 -4 -8 -8 -8 -8  7  1 -6  0  2 -8 -7 -3 -5 -4  2    0   0   0   0   0   0   0   0   0  64  12   0   2   7   0   0   2   0   0  11  1.84 0.80
  386 L   -4 -5 -7 -7 -2 -7 -7 -8 -7  5  4 -6  1  1 -7 -6 -4 -6 -1  3    1   1   0   0   1   0   0   0   0  34  34   0   3   5   0   0   0   0   2  18  1.24 0.59
  387 G   -3 -6 -3 -3 -6 -6 -5  7 -7 -8 -8 -5 -7 -5 -6 -5 -3 -7 -8 -7    2   0   2   2   0   0   1  88   0   0   0   1   0   1   0   1   2   0   0   0  2.44 1.02
  388 D   -2 -2 -2  4 -7  3  5 -2 -3 -6 -5  0 -5 -6  0 -1 -3 -7 -5 -6    3   2   1  18   0  14  40   3   1   0   1   5   0   0   5   4   2   0   0   0  0.99 0.58
  389 D   -3  1  2  5 -7  1  3 -4 -3 -5 -6  3 -3 -7 -4 -1 -2 -7 -4 -5    2   7  11  29   0   5  18   1   0   1   0  18   1   0   0   4   2   0   1   1  0.85 0.50
  390 E   -7 -6 -2 -1 -9 -4  8 -7 -5 -7 -7 -4 -5 -7 -6 -5 -6 -8 -5 -6    0   0   2   3   0   0  90   0   0   0   0   1   0   0   0   1   0   0   0   1  2.68 1.18
  391 I    1 -1 -5 -5 -2 -2 -4 -5 -3  3  3 -3  2 -1 -5 -3 -3  2 -2  3   10   3   0   1   1   2   1   0   1  18  32   1   4   3   0   2   0   3   2  17  0.59 0.35
  392 E    2  1  0 -1 -4  1  2 -3 -3 -2 -1  3 -1 -2 -4  0 -2 -5 -1 -2   18   6   5   3   0   6  15   1   0   3   6  19   1   2   0   6   2   0   2   2  0.29 0.26
  393 K    0  2  3  2 -4  1  2 -2 -2 -5 -5  3 -3 -6 -4  1  0 -6 -4 -5    7  11  14  12   0   6  14   2   1   0   1  15   0   0   1  11   5   0   0   0  0.52 0.36
  394 Q   -3 -1  4  0 -4  1  0  5 -2 -7 -7  2 -5 -7 -6 -2 -5 -7 -5 -7    1   3  19   6   0   6   6  43   1   0   0  10   0   0   0   3   0   0   0   0  1.07 0.59
  395 E   -1  0 -1 -3  0  2  1 -4 -1 -1 -2  2  1 -3 -4  1  3 -5 -2  1    3   5   2   0   2   8   8   1   1   3   4  13   3   1   0  10  21   0   2  12  0.32 0.30
  396 V    1 -7 -7 -7  0 -6 -7 -4 -6  4  0 -6 -1  2 -6 -5 -4 -1  2  5   14   0   0   0   2   0   0   1   0  20   7   0   1   7   0   0   0   1   6  40  1.03 0.55
  397 T   -1 -2 -2 -4 -3  1 -3 -3 -4  3  0  0  1 -3 -4  1  4 -4 -4  1    5   2   1   0   0   6   2   1   0  19   9   6   3   1   0   9  25   0   0   9  0.44 0.34
  398 L   -4 -7 -8 -8 -3 -7 -8 -8 -8  5  4 -7  0 -1 -7 -7 -5  0 -2  4    1   0   0   0   1   0   0   0   0  27  37   0   1   2   0   0   0   1   1  28  1.36 0.64
  399 K   -6  6 -6 -5 -5 -4 -4 -8 -6 -9 -8  7 -7 -9 -7 -6 -7 -5 -5 -8    0  33   0   1   0   0   1   0   0   0   0  64   0   0   0   0   0   0   0   0  2.39 1.06
  400 E   -5 -2  6  7 -4 -3  0 -6  0 -6 -6 -3 -4 -5 -2 -3 -3 -1 -4 -7    1   2  30  48   0   1   5   0   3   0   1   1   1   1   2   2   2   1   1   0  1.61 0.79
  401 M   -5 -6 -5 -8 -3 -2 -7 -8 -5 -2  4 -6  9  0 -8 -6 -3 -3 -6 -3    1   0   1   0   1   2   0   0   0   2  38   0  48   3   0   0   2   0   0   1  2.08 0.93
  402 S    1  1  0  2 -4  1  3 -2 -2 -1 -2  2 -3 -3 -4  1  0 -5 -2 -2   11   7   4   9   0   6  17   2   1   4   3  14   0   1   0   8   6   0   1   3  0.26 0.24
  403 T   -1 -2  1  1 -5 -2  0 -2 -3 -6 -4  1 -5 -4 -5  3  5 -7 -6 -5    5   2   7   8   0   2   5   3   0   0   1   7   0   1   0  24  34   0   0   0  0.79 0.53
  404 G   -3  2  0 -4 -7  0 -3  6  1 -8 -7  2 -7 -6 -6  1 -4 -7 -5 -7    1   9   4   1   0   4   2  54   3   0   0  12   0   0   0   9   1   0   0   0  1.21 0.64
  405 D   -1 -2 -1  1 -6  0  5 -3 -3 -1 -3  1 -2 -4 -4  1  1 -5 -4 -1    4   2   3   7   0   3  35   1   1   4   2   9   1   1   0  11  10   0   0   5  0.54 0.40
  406 Q   -6 -4 -4 -2 -9  9  2 -6 -6 -8 -7 -2 -7 -9 -6 -3 -4 -8 -5 -8    0   1   1   2   0  78  11   0   0   0   0   2   0   0   0   2   1   0   0   0  2.58 1.20
  407 S   -3  1 -2 -2 -4  2  4 -5  0  0 -3  3 -2 -1 -5 -1  1  0 -1  0    2   7   2   1   0   8  30   0   2   6   2  16   1   3   0   3   7   1   2   7  0.51 0.38
  408 E   -1  0 -2  0 -3  0  3 -4 -2  0 -1  1 -1 -3 -3  1  3 -5 -2  0    4   4   2   4   0   4  21   1   1   7   6   9   2   1   1   8  20   0   1   5  0.32 0.29
  409 V   -3 -7 -7 -6  1 -6 -6 -5 -4  5  2 -6 -1  0 -7 -5 -3 -3 -3  5    1   0   0   0   3   0   0   1   0  28  15   0   1   3   0   0   1   0   1  42  1.25 0.60
  410 S    1 -2  1  2 -5 -2  0 -3 -3 -4 -3  2 -4 -6  5  2  1 -5 -5 -5   10   2   5   9   0   2   7   2   1   1   3  11   0   0  25  15   7   0   0   0  0.57 0.40
  411 M   -1  1 -4 -4 -4  1 -1 -5 -3  3  3 -1  0  3 -2 -3 -3  1  0  0    4   7   0   0   0   8   4   0   1  17  26   4   2  11   2   1   1   2   2   6  0.38 0.28
  412 S    0 -3  2  4 -4  0  3 -1 -2 -6 -5  1 -4 -6 -3  1  0 -7 -6 -5    8   1  10  26   0   4  20   4   1   0   1   9   0   0   1   9   5   0   0   1  0.66 0.43
  413 Q   -1  1  2  3 -7  1  4 -2 -3 -5 -6  3 -5 -6 -4 -1 -2 -3 -4 -5    5   6  10  18   0   7  28   3   0   1   0  15   0   0   0   3   2   0   0   0  0.73 0.46
  414 L    0 -6 -6 -7 -4 -6 -6 -6 -7  4  5 -6  1  0 -5 -5 -4 -2 -5  2    7   0   0   0   0   0   0   0   0  21  48   0   3   4   0   0   1   1   0  14  1.12 0.56
  415 V    1 -2 -2 -3 -2 -3  0 -3 -4  3  1 -1  0 -1 -1 -2 -1 -2 -2  3   12   2   2   1   1   1   6   2   0  21  12   4   2   2   4   3   4   1   1  20  0.29 0.23
  416 E    0 -1  2  3 -5  1  4 -1  0 -5 -4  2 -4 -5 -1  1 -1 -6 -4 -4    7   3  10  14   0   6  23   4   2   0   1  11   0   0   3  10   3   0   0   1  0.47 0.34
  417 V   -1  1 -2 -2 -3 -1  2 -4  2  0 -1  1  0  2 -5 -2  0  3  3 -1    5   9   1   1   1   2  17   0   5   5   6   7   2   9   0   2   6   4  12   5  0.30 0.25
  418 L   -5 -7 -8 -8 -4 -7 -7 -8 -7  5  5 -7  1  1 -7 -6 -4 -2 -4  2    0   0   0   0   0   0   0   0   0  26  51   0   3   6   0   0   1   1   0  11  1.39 0.64
  419 Q   -2  3 -1 -2 -4  3  0 -4 -1 -2 -1  5 -3 -4 -4  0 -1 -6 -3 -2    2  14   3   2   0  11   6   1   1   3   7  35   0   0   0   7   4   0   1   3  0.60 0.40
  420 E   -1  2  2  1 -6  1  4 -3 -2 -6 -5  4 -4 -5 -5  0 -2 -5 -5 -6    5  11  10   6   0   6  22   2   1   0   1  28   0   0   0   5   2   0   0   0  0.74 0.45
  421 K   -2  4 -1 -3 -2  0  0 -4 -2  2  0  2  0 -3 -5 -2 -2  1  0 -1    3  27   2   1   1   4   6   0   0  13  11  15   2   1   0   2   1   2   4   4  0.41 0.30
  422 L   -4 -3 -3 -5 -5 -4 -3 -7 -6  3  5 -2  1  2 -6 -4 -3 -3 -3  0    1   1   1   0   0   0   2   0   0  16  57   3   2   7   0   1   1   0   1   6  0.99 0.48
  423 N   -1  2  3  0 -5  1  1  1  1 -5 -5  3 -2 -5 -4  0 -1 -5 -4 -3    4   9  15   5   0   7   9  12   3   0   0  22   1   0   0   7   3   0   0   2  0.45 0.29
  424 G    2 -2  0 -3 -4  1  1  4 -2 -4 -4  1 -3 -3  0  1 -1 -5 -4 -3   22   1   3   0   0   6   8  32   1   1   1  11   0   1   3   9   2   0   0   2  0.46 0.26
  425 G    0 -1  2  0 -4  2  2  4 -2 -4 -4  1 -2 -5 -3  0 -1 -5 -4 -4    5   2  11   3   0   9  15  32   0   1   1  11   1   0   0   7   3   0   0   0  0.49 0.25
  426 K   -3  1  0 -2 -5  2  2 -3  1 -5 -4  5 -3 -5  2 -1 -1 -5 -1 -4    0   5   5   0   0   9  14   1   3   0   0  42   0   0  11   3   4   0   2   0  0.65 0.29
  427 I    1 -2 -1 -2 -2 -2  1 -3 -3  1  1 -1  1 -2  1 -1  1 -3 -2  2   19   0   2   0   0   0  10   0   0   8  17   3   4   0   7   0   8   0   0  21  0.18 0.11
  428 Y    2  1 -2 -2 -3  0  0 -2  4 -1 -2  0 -2  2 -2  0 -1 -1  4 -2   26   9   0   0   0   4   5   0  15   4   0   4   0  10   0   4   0   0  18   0  0.27 0.10
  429 E   -2 -1 -1  4 -5  1  6 -3 -1 -4 -4  0 -3 -4 -2 -1 -2 -4 -3 -4    0   0   0  27   0   0  73   0   0   0   0   0   0   0   0   0   0   0   0   0  1.04 0.17

                      K         Lambda
Standard Ungapped    0.1356     0.3173
Standard Gapped      0.0410     0.2670
PSI Ungapped         0.2137     0.3177
PSI Gapped           0.0654     0.2670
