
Last position-specific scoring matrix computed, weighted observed percentages rounded down, information per position, and relative weight of gapless real matches to pseudocounts
           A  R  N  D  C  Q  E  G  H  I  L  K  M  F  P  S  T  W  Y  V   A   R   N   D   C   Q   E   G   H   I   L   K   M   F   P   S   T   W   Y   V
    1 M   -6 -6 -7 -8 -6 -5 -7 -8 -7 -4 -3 -6 11 -5 -8 -6 -6 -6 -6 -4    0   0   0   0   0   0   0   0   0   0   0   0 100   0   0   0   0   0   0   0  3.86 1.12
    2 L   -1 -1 -1 -2 -5  1 -1 -5 -4  2 -1  5  6 -4 -3 -2 -2 -6 -4 -3    4   3   3   2   0   6   4   0   0  10   4  32  24   0   1   3   2   0   0   1  0.80 0.46
    3 T   -4 -5 -5 -7 -4 -5 -7 -7 -4  5  2 -6  2  5 -5 -5 -2 -4  4  0    1   0   0   0   0   0   0   0   0  33  16   0   4  21   0   0   3   0  16   5  1.13 0.51
    4 K   -4  3  1 -3 -7  6  0 -5 -1 -6 -6  3 -5 -6 -4  0  1 -7 -4 -5    0  17   6   1   0  39   4   0   1   0   0  16   0   0   1   6   8   0   1   0  1.11 0.59
    5 A    3  3 -1 -4 -1 -3 -3 -2 -3 -2 -3  2 -4 -6  1  2  0 -6 -5 -3   28  15   2   0   1   0   0   3   0   2   2  14   0   0   6  18   6   0   0   1  0.54 0.38
    6 P   -3 -7 -7 -7 -4 -5 -6 -7 -7  4  0 -6 -4 -5  6 -6 -5 -7 -6  4    2   0   0   0   0   0   0   0   0  19  10   0   0   0  40   0   0   0   0  27  1.50 0.67
    7 R   -3  7 -4 -6 -8 -3 -3 -6 -4 -6 -8  5 -7 -8 -3 -4 -4 -8 -4 -8    2  60   0   0   0   0   1   0   0   0   0  31   0   0   2   1   1   0   1   0  2.02 0.85
    8 G   -5 -8 -6 -7 -8 -8 -8  8 -2 -10 -9 -7 -8 -9 -8 -6 -7 -8 -5 -9    0   0   0   0   0   0   0  98   1   0   0   0   0   0   0   0   0   0   0   0  2.96 1.10
    9 T   -4 -6 -6 -7 -2 -6 -7 -8 -7 -1 -4 -7  8  2 -7 -4  6 -7 -6  0    1   0   0   0   1   0   0   0   0   3   1   0  33   8   0   1  47   0   0   7  1.92 0.88
   10 K   -3  4  2 -3 -5  2 -1 -5  5 -4 -4  3 -4 -1 -1 -1 -4 -6  1 -3    2  25   8   1   0   8   4   0  12   1   1  19   0   3   3   4   0   0   5   2  0.71 0.42
   11 D   -7 -8 -5  9 -10 -7 -3 -8 -7 -9 -10 -7 -9 -10 -8 -5 -4 -11 -10 -7    0   0   0  97   0   0   1   0   0   0   0   0   0   0   0   1   1   0   0   0  3.29 1.24
   12 V   -4 -3 -3 -7 -2 -5 -7 -7 -4  6  3 -5  0  2 -7 -6 -4  2  1  2    1   2   2   0   1   0   0   0   0  44  22   0   1   8   0   0   0   2   5  11  1.15 0.53
   13 L   -4 -5 -3 -4 -4 -6 -6 -3 -3  1  5 -5 -1  3 -6 -4 -3 -2  1 -2    1   0   1   1   0   0   0   2   1   6  61   1   1  13   0   2   1   0   5   2  1.15 0.56
   14 P   -3 -6 -3 -2 -8 -4 -4  2 -4 -5 -5 -4 -6 -1  8 -2 -5 -5 -3 -7    2   0   1   3   0   1   1  16   0   1   1   1   0   3  64   3   1   0   1   0  1.88 0.84
   15 S   -1 -2  0  2 -3  0  4 -1 -3 -2 -3  1 -4 -5  3  0 -2 -3 -4 -2    5   1   4  13   1   4  28   4   0   2   2   8   0   0  12   7   3   0   0   3  0.47 0.33
   16 E   -3  0  0  5 -4  1  5 -5 -2 -6 -5 -1 -5 -6 -5 -2 -2 -7 -3 -5    2   4   4  30   0   7  39   1   1   0   1   3   0   0   0   3   2   0   1   1  1.14 0.60
   17 S    2 -3 -2 -3 -2  2 -1 -2  0  1  0 -2  3 -1 -4  2  1  1  0  0   16   1   1   0   1  11   2   3   3   8   7   2   9   2   0  16   7   2   3   6  0.22 0.23
   18 Y    1  2 -1  0 -4  0  2 -1  0 -1 -1  2 -2 -1  2 -1 -1  0  0 -1   11  13   3   4   0   3  13   3   2   3   7  12   0   3   9   4   2   2   4   4  0.16 0.15
   19 K   -1  2 -2 -4 -2  0 -2 -4 -1  0  1  3 -2  0 -3 -3 -2  3  4 -1    5  12   1   1   1   4   2   1   1   6  16  18   1   3   1   2   2   3  17   4  0.39 0.29
   20 W   -6  1 -8 -8 -5 -5 -7 -7  1 -3 -1 -2 -2  5 -9 -7 -6 11  3 -5    1   8   0   0   0   1   0   0   3   2   6   3   1  19   0   0   0  48   8   1  2.38 0.92
   21 Q   -2  3  2  2 -5  4  1 -4  2 -3 -2  0 -3 -4 -4  0 -1 -4 -2 -4    3  18  10  10   0  20  10   1   4   1   3   5   1   0   0   6   4   0   1   1  0.54 0.36
   22 Y    0  1 -1 -2 -3 -1 -1 -3  3 -2 -1  1  0  3 -4 -1 -2  4  4 -1    8   8   3   2   0   3   5   2   8   2   5   8   3  13   0   3   2   5  15   4  0.33 0.24
   23 V   -2 -6 -6 -7 -3 -6 -7 -7 -7  5  2 -6  1  0 -6 -5 -3 -6 -5  5    2   0   0   0   1   0   0   0   0  35  19   0   3   3   0   0   1   0   0  36  1.26 0.55
   24 E   -3  2 -2 -2 -3  0  5 -5 -2  1 -1  0 -3 -1 -5 -3  0 -4 -1  0    1  10   1   1   1   3  44   0   1   8   7   5   0   3   0   1   5   0   2   8  0.67 0.43
   25 N    1  1  2  2 -3  1  2  0 -1 -4 -4  2 -3 -5 -4  1 -1 -3 -4 -4   10   8  11  14   0   6  14   6   1   1   1  13   1   0   0  10   4   0   0   0  0.37 0.26
   26 L    1  0 -2 -3  0  0 -1 -3 -2  2 -1  2 -1 -3 -4 -1  2 -5 -2  2   10   5   2   1   2   3   3   1   1  13   5  16   1   1   0   3  17   0   1  17  0.28 0.24
   27 M    3 -5 -5 -5  3 -5 -5 -1 -4  2  1 -5  1  3 -5 -2 -1 -1 -3  1   31   0   0   0   6   0   0   4   0  13  13   0   4  12   0   2   4   1   0  10  0.54 0.34
   28 R   -1  5 -1 -3 -4  1  2 -4  1 -2 -3  2 -2 -2 -5  0 -1 -3 -2 -2    5  37   2   1   0   6  11   1   4   3   2  11   1   2   0   6   4   0   2   2  0.61 0.37
   29 E   -1  2  1  2 -4  1  3 -2  1 -3 -4  3 -3 -4 -4  1 -1 -5 -2 -4    5  11   6  10   0   6  18   3   4   1   1  19   0   1   0   9   3   0   2   1  0.40 0.28
   30 I   -1 -1 -3 -5 -2 -2 -3 -5 -1  3  2 -3  0  0 -4 -3  1  3 -2  3    3   3   1   0   1   1   2   0   2  19  20   1   2   3   0   1  10   4   1  26  0.50 0.31
   31 C    4 -4 -5 -6  4 -5 -5 -3 -5 -2  1 -5  2  4 -5  0 -2 -4 -2  0   34   0   0   0   9   0   0   1   0   2  14   0   5  19   0   8   2   0   1   5  0.73 0.43
   32 E    0  3  1  1 -1  1  3 -1  1 -3 -3  1 -2 -3 -2  0  0 -1 -1 -3    7  15   7   6   1   6  20   5   3   1   3   8   1   1   1   7   4   1   2   1  0.27 0.20
   33 F    0  2  1 -1 -2  1 -1 -2 -1 -1  1  1 -1  0 -1  1  0 -3 -1 -1    5  15   7   2   0   7   2   3   1   3  19   7   1   4   3  12   4   0   2   2  0.11 0.14
   34 Y    0 -4 -3 -6 -2 -4 -5 -4  2 -4 -3 -5 -3  5 -6 -2 -5  2  8 -5    7   1   1   0   1   1   0   1   5   1   2   0   0  20   0   3   0   3  53   0  1.73 0.70
   35 G   -2 -2  3 -1  0 -4 -4  6 -1 -6 -6 -4 -4 -5 -5  0 -3 -6 -5 -6    2   3  15   3   2   1   0  63   2   0   1   0   0   0   0   6   1   0   0   0  1.38 0.59
   36 Y   -4 -6 -6 -7 -2 -6 -6 -6 -4 -2 -3 -6 -5  7 -7 -6 -6 -3  8 -3    2   0   0   0   1   0   0   1   0   2   1   0   0  43   0   0   0   0  46   1  2.28 0.83
   37 K   -1  3  1 -1 -3  3  2  0  1 -4 -3  2 -3 -4 -3  1 -1 -3 -3 -3    4  19   6   3   0  14  13   6   3   0   2  14   0   0   0  10   2   0   0   1  0.43 0.28
   38 E   -4  3 -3 -2 -4  0  6 -4 -1 -5 -3  0 -1 -1  1 -3 -3 -1  1 -3    1  15   1   1   0   4  49   1   1   0   2   5   1   3   7   1   1   1   5   2  0.89 0.47
   39 I   -2 -5 -6 -6 -2 -5 -6 -6 -6  7  0 -5  1 -2 -5 -4 -3 -2 -3  3    3   0   0   0   1   0   0   0   0  64   6   0   3   1   0   1   1   1   0  18  1.42 0.55
   40 R   -1  5 -2  1 -3  1  2 -3 -2 -1 -2  1 -1 -4 -4  0 -1 -4 -1 -2    3  32   1   9   0   7  15   1   1   4   3   6   1   0   0   7   3   0   2   3  0.46 0.29
   41 T   -3 -4 -3 -4 -4 -3 -4 -5 -5  0  1 -4 -2  0 -1 -2  7 -5 -3  0    1   0   1   0   0   1   0   0   0   5  13   0   1   4   3   2  63   0   1   5  1.18 0.57
   42 P   -4 -6 -4 -2 -3 -5 -5 -4 -6 -6 -6 -5 -6 -7  9 -4 -4 -7 -6 -6    1   0   1   2   1   0   0   2   0   0   0   0   0   0  89   1   1   0   0   0  2.85 0.94
   43 G   -2 -4 -4 -4 -4 -4 -4 -5 -1  5  1 -4  3 -2 -4 -3  1 -4 -2  3    3   0   1   1   0   0   1   1   2  40  10   0   8   1   1   1  11   0   1  18  0.76 0.37
   44 F   -3 -5 -5 -6 -2 -5 -5 -6 -5  2  3 -5  2  6 -5 -5 -4 -3  0  2    1   0   0   0   1   0   0   0   0  10  29   0   4  35   0   0   0   0   1  15  1.02 0.43
   45 E   -5 -4 -4 -3 -7 -1  8 -5 -4 -7 -6 -3 -6 -6 -5 -3 -5 -6 -2 -6    0   0   0   0   0   1  92   1   0   0   0   0   0   0   0   2   0   0   2   0  2.34 0.88
   46 H   -1  1  2  2 -4  1  2 -3  4 -4 -3  1 -2  0  0  1 -1 -3  3 -3    3   8   8  10   0   5  11   0  10   0   1   9   1   4   5  10   2   0  10   1  0.31 0.21
   47 T    2  0 -2 -2 -2 -1  0 -3 -2 -1  0  0 -1  0 -1  1  4 -4 -1 -1   18   4   1   1   0   1   5   1   0   3   9   4   1   4   2  10  29   0   2   3  0.29 0.24
   48 E    0 -1  0  3 -5  0  5 -1 -2 -4 -4 -1 -2 -4 -2  1 -2 -3 -4 -3    8   2   4  17   0   4  39   5   1   1   1   3   1   0   1  11   1   0   0   1  0.64 0.36
   49 L   -3 -5 -6 -6 -4 -5 -4 -6 -5  1  5 -5  0  0 -5 -5 -2 -5 -4  3    1   0   0   0   0   0   1   0   0   4  68   0   1   4   0   0   3   0   0  18  1.17 0.51
   50 F   -6 -6 -6 -7 -1 -6 -7 -7 -5  0 -2 -6 -4  9 -7 -6 -6 -1  3 -3    0   0   0   0   1   0   0   0   0   5   2   0   0  81   0   0   0   1   8   1  2.43 0.81
   51 L    0 -1  0  0 -2  1  2 -3  1  0  0  2 -1 -3 -3  1  2 -4 -2  0    6   2   3   3   1   5  14   1   3   4   9  14   1   1   0  11  14   0   1   8  0.16 0.17
   52 R    0  7 -3 -4 -4 -1 -2 -5  1 -3 -3  3 -2 -5 -5 -2 -1 -6 -3 -4    7  55   1   0   0   1   1   0   3   1   3  18   1   0   0   2   4   0   1   1  1.21 0.55
   53 G    0 -1 -1 -3 -3 -2 -1  3 -4 -3 -4  1 -4 -5  0  4  2 -5 -4 -2    8   3   2   1   0   1   2  24   0   2   0   8   0   0   4  30  13   0   0   3  0.51 0.34
   54 V   -1 -3 -3 -3 -2 -2 -3 -3 -1  3  2 -2  1  0 -3  1  1 -3  0  2    3   1   1   1   1   1   1   1   1  21  16   2   4   3   0  15   8   0   2  18  0.28 0.21
   55 G   -3 -3 -1  0 -5 -4 -3  7 -5 -3 -6 -4 -5 -3 -3 -2 -3 -5 -5 -5    0   1   2   4   0   0   1  80   0   2   1   0   0   1   1   2   2   0   0   0  1.67 0.62
   56 E    0 -1 -1  2 -4  1  5 -2 -2 -3 -3  2 -3 -4 -2 -1 -2 -4 -3 -2    8   3   3  12   0   6  40   2   0   1   2  11   1   0   2   3   2   0   1   3  0.56 0.32
   57 S    0 -1  1  2 -3  0  1  2 -1 -2 -2 -1 -1 -2 -2  1  2 -2 -2 -1    8   2   5  12   0   3  10  15   1   1   3   2   2   1   0  10  18   1   1   3  0.21 0.16
   58 T    0 -2  0  0  0 -2 -2 -2 -3 -3 -2 -1 -3 -3  0  4  5 -4 -3 -2    5   1   3   4   2   1   1   1   0   1   3   3   0   1   4  32  38   0   0   1  0.64 0.34
   59 D   -3 -3  0  7 -4 -1  2 -1  0 -3 -4 -2 -4 -1 -2 -1 -3 -4 -4 -4    2   1   2  63   0   3  10   4   2   1   1   1   0   3   2   3   1   0   0   1  1.16 0.43
   60 I    0 -3 -3 -4 -3 -1 -3 -4 -4  5  1 -3  0  0 -1 -2 -1 -3 -2  3    7   1   1   1   0   2   2   1   0  42  10   1   2   4   3   3   2   0   0  19  0.52 0.26
   61 V    0 -2 -4 -5 -1 -4 -4 -4 -5  3 -1 -4  0  0 -4 -2 -2 -4 -3  6    9   3   0   0   1   0   0   0   0  17   2   0   1   3   0   2   1   0   0  58  0.86 0.40
   62 R   -1  0  1  0 -3  2  3 -1  0 -1 -1  0 -1 -3 -3  1  1 -4 -3 -1    2   5   8   3   0  11  24   5   2   4   6   5   2   0   0  13   7   0   0   3  0.24 0.18
   63 K   -3  1  0 -1 -5  0  0 -3  0 -5 -5  7 -4 -5 -4 -3 -3 -5 -4 -5    0   4   5   2   0   3   3   2   3   0   0  75   0   0   0   0   0   0   0   0  1.41 0.57
   64 E   -3 -3 -2  1 -6  3  7 -2  0 -6 -5 -1 -4 -6 -4 -2 -4 -5 -5 -5    1   0   1   6   0  14  68   2   2   0   0   3   0   0   0   1   0   0   0   0  1.40 0.59
   65 M   -6 -6 -3 -7 -6 -5 -6 -7 -6  1  3 -3  9 -1 -7 -2 -1 -6 -5 -2    0   0   2   0   0   0   0   0   0   6  23   2  56   2   0   3   3   0   0   2  1.96 0.77
   66 Y   -6 -6 -7 -7  2 -6 -7 -7 -4 -5 -2 -6 -5  6 -7 -6 -6  3  9 -5    0   0   0   0   4   0   0   0   0   0   5   0   0  27   0   0   0   4  58   0  2.40 0.90
   67 T   -1  0  0 -1 -1  0  0 -3 -1 -2 -2 -1  0 -2 -4  2  5 -5  0  0    4   6   3   4   1   3   6   2   1   2   2   3   2   2   0  12  36   0   3   6  0.44 0.32
   68 F   -3 -2 -7 -8  0 -7 -7 -4 -6  1  2 -7  0  7 -7 -6 -3  2  0  1    2   2   0   0   2   0   0   2   0   6  15   0   2  51   0   0   2   2   3  11  1.39 0.60
   69 N   -1 -1  0 -1 -4  2  2 -1  1 -1 -2  3 -1 -2 -1  0  1 -1 -1  0    4   3   3   2   0  12  15   4   4   3   4  17   1   1   2   6  11   1   2   6  0.21 0.20
   70 D    0  0  0  0 -2  1  0  0  1  0 -1  0  1  0  1  0  0 -2  1  0    6   6   5   6   0   5   6   6   5   6   6   6   5   5   6   6   6   0   5   6  0.03 0.06
   71 R   -4  6 -3 -4 -7  0 -3 -3 -1 -6 -4  6 -3 -7 -1 -2 -4 -7 -5 -6    1  36   1   1   0   3   1   2   1   0   2  44   1   0   3   3   1   0   0   0  1.43 0.70
   72 S   -2 -2  2  0 -6 -3 -1  5 -4 -7 -7  2 -6 -4 -5  2 -4 -6 -6 -6    3   2  11   5   0   0   3  45   0   0   0  14   0   1   0  14   1   0   0   0  1.00 0.54
   73 G   -4 -3  2  2 -7 -2  1  6 -3 -7 -7  0 -7 -7 -5 -2 -3 -7 -7 -7    1   1   8  11   0   1   8  59   1   0   0   6   0   0   0   3   1   0   0   0  1.33 0.64
   74 R   -4  6  1  2 -7  0  3 -4  0 -6 -6  1 -4 -7 -5 -2 -1 -7 -5 -5    1  44   5  12   0   3  16   1   2   0   1   6   0   0   0   3   4   0   0   0  1.08 0.57
   75 S   -2  1  1  1 -4  0  1 -3  1 -4 -2  2 -1 -4 -3  4 -1 -1 -2 -3    2   6   6   9   0   4   9   1   3   1   4  12   2   1   1  35   2   1   1   2  0.46 0.37
   76 I   -5 -6 -7 -8 -4 -4 -7 -8 -7  4  5 -7  3 -1 -7 -6 -5 -2  0  2    0   0   0   0   0   1   0   0   0  22  53   0   6   3   0   0   0   1   3  11  1.31 0.61
   77 T    4 -6 -5 -6  3 -5 -5 -5 -6 -3 -5 -5 -4 -6 -6  1  5 -7 -6  2   31   0   0   0   6   0   0   0   0   1   0   0   0   0   0  10  39   0   0  11  1.25 0.69
   78 L   -6 -8 -9 -9 -7 -7 -8 -9 -8 -3  7 -8  2 -4 -8 -8 -6 -7 -6 -3    0   0   0   0   0   0   0   0   0   1  93   0   5   0   0   0   0   0   0   1  2.37 0.99
   79 K   -7  9 -6 -8 -9 -5 -6 -8 -6 -8 -7  0 -7 -9 -8 -7 -6 -9 -8 -7    0  94   0   0   0   0   0   0   0   0   0   5   0   0   0   0   0   0   0   0  3.12 1.23
   80 A   -3 -8 -8 -8 -9 -7 -7 -8 -8 -9 -9 -7 -4 -10  9 -5 -5 -10 -4 -8    3   0   0   0   0   0   0   0   0   0   0   0   0   0  95   1   1   0   1   0  3.43 1.37
   81 E   -7 -6 -6  1 -10 -4  8 -8 -6 -9 -9 -5 -8 -9 -7 -5 -7 -9 -8 -8    0   0   0   6   0   0  93   0   0   0   0   0   0   0   0   1   0   0   0   0  2.86 1.23
   82 G    0 -6  0 -5 -6 -5 -5  6 -6 -3  0 -5  2  1 -5 -3 -4 -3 -2 -5    9   0   5   0   0   0   0  56   0   1  10   0   6   7   0   1   1   0   2   0  1.16 0.60
   83 T   -3 -5 -6 -7 -7 -4 -7 -8 -8 -7 -7 -7 -4 -8 -7 -4  8 -8 -4 -6    2   1   0   0   0   1   0   0   0   0   0   0   0   0   0   1  95   0   1   0  2.92 1.27
   84 S    7 -7 -7 -7 -4 -5 -5 -5 -3 -3 -7 -6 -6 -8  1 -1 -2 -8 -7 -2   82   0   0   0   0   0   0   0   1   1   0   0   0   0   6   3   3   0   0   3  1.95 0.94
   85 P   -1 -6 -5 -6 -2 -4 -6  5 -6 -8 -8 -6 -7 -8  5  4 -5 -8 -7 -6    6   0   0   0   1   0   0  39   0   0   0   0   0   0  24  30   0   0   0   0  1.48 0.78
   86 A   -1 -7 -7 -8  3 -7 -7 -7 -7  4 -1 -7  1 -2 -7 -5 -1 -7 -6  6    6   0   0   0   7   0   0   0   0  21   4   0   3   2   0   0   4   0   0  54  1.42 0.68
   87 V    2 -7 -5 -7  3 -6 -7 -6 -7  2 -1 -6  5 -4 -7 -5 -2 -7 -6  6   16   0   0   0   5   0   0   0   0  11   4   0  14   0   0   0   2   0   0  47  1.26 0.65
   88 R   -6  9 -7 -8 -10 -4 -6 -9 -6 -9 -8 -4 -8 -9 -8 -7 -7 -9 -8 -9    0  99   0   0   0   1   0   0   0   0   0   0   0   0   0   0   0   0   0   0  3.42 1.37
   89 A    6 -6 -6 -7 -2 -6 -5 -5 -3 -5 -2 -6  2  0 -6  2 -5 -5 -4 -4   69   0   0   0   1   0   0   0   1   0   5   0   4   5   0  14   0   0   0   0  1.54 0.82
   90 F   -2 -7 -6 -8  0 -7 -7 -5 -4  1 -1 -7 -1  4 -8 -6 -6 -1  8  2    4   0   0   0   2   0   0   1   0   6   7   0   1  17   0   0   0   1  47  12  1.63 0.77
   91 I   -2 -5 -2 -6  0 -4 -6 -6 -7  6  3 -6 -1 -2 -6 -4 -4 -6 -3  3    3   0   2   0   2   1   0   0   0  42  24   0   1   2   0   1   0   0   1  21  1.16 0.57
   92 E   -3 -4  0 -1 -5  4  7 -4 -4 -6 -6 -3 -4 -5 -5  0 -2 -6 -5 -6    2   0   4   3   0  17  59   2   0   0   0   1   0   1   0   6   2   0   0   0  1.48 0.76
   93 H   -2 -2  7 -3 -5 -1 -2 -3  8 -7 -7 -2 -6 -6 -6 -2 -5 -7 -2 -7    3   2  42   1   0   3   3   2  37   0   1   2   0   0   0   3   0   0   1   0  1.93 0.86
   94 G   -2  0  3 -2 -6 -1  0  4  1 -6 -5  3 -5 -5 -4  1 -3 -6 -5 -6    2   4  15   2   0   2   6  32   4   0   1  21   0   0   0   9   1   0   0   0  0.79 0.47
   95 L   -4 -5 -6 -5 -2 -4 -5 -5 -5  0  5 -5  7  0 -6 -5 -5  2 -2 -2    1   1   0   1   1   1   1   1   0   4  57   1  23   3   0   1   0   2   1   1  1.44 0.69
   96 Y   -1 -1 -1  0 -2  2 -1  0  3 -1  0  0 -1  2 -2 -1 -1 -1  4 -1    6   3   2   5   1   9   2   6   9   4  11   6   1   8   1   5   4   1  14   3  0.17 0.17
   97 A    1  2  3  0 -4  2 -1 -1  0 -2 -3  1 -1 -3 -2  1  0 -3  1 -2   11  10  15   4   0   9   3   4   2   2   2   9   1   1   1  11   6   0   5   3  0.22 0.21
   98 E   -1  1  1  0 -3  2  2 -1  1 -2  0  1  0 -1 -1  0 -1  3 -1 -2    4   7   6   4   0  11  12   5   3   1  12   9   2   3   3   6   4   5   2   1  0.13 0.15
   99 T   -1 -1  2  0 -5  0 -1  1 -3 -4 -3 -1 -2 -5  5  1  0 -6 -3 -4    6   3  10   4   0   4   4  12   0   1   2   3   1   0  32  10   5   0   1   1  0.62 0.39
  100 Q   -2  0 -2 -1 -5  4 -1  0 -1 -3  1  2  0 -4  2  0 -1 -2 -1 -3    2   4   1   2   0  22   3   7   1   1  15  15   2   0  10   5   4   1   2   2  0.36 0.31
  101 P   -3 -4 -3 -5 -5 -3 -2 -5 -2  0 -1 -4 -3 -2  7 -3 -2 -6 -3  1    2   1   1   0   0   1   3   1   1   5   7   1   1   2  59   2   2   0   1  10  1.52 0.73
  102 T   -1 -2 -1 -4 -1  3 -3 -4  0  1  2 -1  0 -1 -4 -2  0  1 -2  3    5   2   3   0   2  17   1   0   3   7  20   3   1   2   0   3   6   2   1  23  0.38 0.31
  103 K   -6  5 -5 -5 -8 -3 -3 -7 -6 -8 -5  7 -4 -7 -7 -4 -6 -5 -6 -8    0  30   0   0   0   1   2   0   0   0   1  64   0   0   0   1   0   0   0   0  2.17 0.98
  104 L   -4 -6 -7 -8 -4 -6 -7 -6 -5 -1  5 -6  0  4 -7 -5 -5  3  1  2    1   0   0   0   0   0   0   0   0   3  56   0   2  15   0   1   0   4   5  12  1.25 0.62
  105 Y   -2 -7 -8 -7 -1 -7 -8 -6 -2 -6 -4 -8 -3  6 -8 -3 -6  7  7 -6    3   0   0   0   2   0   0   0   1   0   1   0   1  34   0   3   0  15  40   0  2.25 0.96
  106 Y   -5 -8 -7 -8 -4 -7 -7 -7 -3 -7 -6 -8 -4 -2 -9 -1  0 -1 10 -7    1   0   0   0   1   0   0   0   0   0   1   0   1   1   0   5   6   0  84   0  3.12 1.28
  107 I   -2 -4 -2 -4 -1 -2 -3 -5  1  4  1 -4  3  4 -5  0 -1  3  2  0    4   1   2   1   1   1   1   0   4  23  14   0   7  16   0   7   3   3   8   5  0.52 0.33
  108 T    0 -7 -4 -3 -4 -6 -1  7 -5 -5 -6 -6 -3 -7 -7 -1 -2 -5 -5 -5    7   0   0   1   0   0   4  76   0   1   1   0   1   0   0   4   3   0   0   1  1.84 0.85
  109 P   -3 -5  2 -4 -6  0 -4 -6 -4 -8 -8 -4 -5 -9  8  1 -3 -9 -6 -7    2   1   9   1   0   4   1   0   0   0   0   1   0   0  68  10   2   0   0   0  2.09 0.99
  110 V   -2 -6 -2 -8  5 -3 -7 -7 -3  0 -1 -6 10  1 -8 -4 -4 -7 -2  1    3   0   2   0  12   1   0   0   1   4   5   0  57   5   0   1   1   0   1   7  2.04 0.93
  111 Y   -7 -9 -9 -10 -5 -9 -9 -9 -6 -6 -5 -9 -6  9 -6 -8 -8  0  2 -6    0   0   0   0   0   0   0   0   0   0   0   0   0  90   1   0   0   1   6   0  3.35 1.28
  112 R   -8  9 -7 -8 -10 -4 -4 -9 -6 -9 -6 -4 -7 -9 -8 -6 -7 -9 -8 -9    0  97   0   0   0   1   1   0   0   0   1   0   0   0   0   0   0   0   0   0  3.29 1.33
  113 Y   -2  2 -3 -7 -4  0 -7 -4  6 -7 -5 -5 -7 -2 -8 -4 -6 -4  9 -7    4   9   1   0   0   4   0   1  15   0   1   1   0   1   0   1   0   0  61   0  2.24 1.01
  114 E   -4 -6 -3  3 -9 -3  8 -3 -6 -8 -8 -5 -7 -8 -6 -5 -6 -8 -7 -8    1   0   1  14   0   0  80   2   0   0   0   0   0   0   0   1   0   0   0   0  2.34 1.08
  115 K   -4  8  0 -7 -8 -1 -3 -7 -4 -8 -7  1 -7 -8 -6 -5 -6 -8 -7 -6    2  78   5   0   0   2   1   0   0   0   0   9   0   0   0   1   0   0   0   1  2.37 1.04
  116 P   -5 -8 -6 -6 -8 -4 -5 -7 -6 -7 -5 -5 -3 -9  9 -4 -5 -9 -8 -4    1   0   0   0   0   1   1   0   0   0   1   1   1   0  89   1   1   0   0   2  3.03 1.29
  117 Q   -4 -5 -5 -5 -8  9 -3 -4 -3 -8 -8 -4 -6 -9 -7 -5 -7 -8 -7 -8    1   0   0   0   0  93   1   2   1   0   0   1   0   0   0   1   0   0   0   0  3.22 1.40
  118 A    3  1 -3 -4 -6 -2 -2 -4  0 -6 -4  6 -3 -6 -4  0 -2 -7 -5 -5   26   7   1   1   0   1   2   1   2   0   1  45   1   0   1   8   2   0   0   0  1.09 0.64
  119 G   -4 -7 -3 -5 -5 -6 -6  8 -8 -10 -9 -4 -8 -9 -8 -5 -7 -3 -9 -9    1   0   1   1   0   0   0  94   0   0   0   1   0   0   0   0   0   0   0   0  2.75 1.15
  120 R   -7  9 -5 -7 -3 -5 -6 -7 -5 -9 -8 -2 -7 -9 -8 -7 -6 -5 -5 -6    0  95   0   0   1   0   0   0   0   0   0   2   0   0   0   0   0   0   0   1  3.16 1.30
  121 L   -6 -3 -3 -7 -7  2 -4 -8 -3 -4  1 -3  0  4 -7 -4 -5  1  8 -6    0   1   1   0   0   9   1   0   0   1  14   2   3  14   0   2   0   2  50   0  1.68 0.82
  122 R   -8  9 -7 -8 -9 -4 -6 -8 -3 -9 -8 -3 -8 -9 -8 -6 -7 -9 -8 -9    0  97   0   0   0   1   0   0   1   0   0   0   0   0   0   0   0   0   0   0  3.33 1.37
  123 E   -6 -5 -6 -5 -9  8  4 -6 -6 -6 -8 -5 -3 -7 -5 -4 -7 -8 -7 -7    0   0   0   0   0  68  28   0   0   1   0   0   1   0   0   1   0   0   0   0  2.52 1.21
  124 H   -5 -8 -8 -9 -8 -8 -9 -9  4 -6 -3 -7 -5  9 -5 -5 -7 -5 -2 -6    1   0   0   0   0   0   0   0   9   0   3   0   0  84   1   1   0   0   1   0  3.04 1.22
  125 H   -6 -2  1 -4 -5 -1 -3 -7  9 -5 -6 -4 -2  0 -7 -2  0  7  4 -5    0   2   8   1   0   3   1   0  41   1   1   1   1   4   0   3   6  14  14   1  1.77 0.84
  126 Q   -7 -6 -7 -7 -10  9 -3 -9 -1 -7 -9 -5 -7 -10 -6 -5 -5 -9 -8 -9    0   0   0   0   0  96   1   0   2   0   0   0   0   0   0   1   0   0   0   0  3.47 1.53
  127 F    0 -6 -7 -8 -3 -7 -7 -5 -6  4  1 -7  1  7 -7 -5 -4  1  0  1    8   0   0   0   1   0   0   1   0  21  14   0   3  40   0   0   1   2   2   8  1.26 0.62
  128 G   -5 -8  1  0 -8 -7 -6  7 -7 -9 -9 -7 -8 -9 -8 -2 -6 -8 -9 -7    0   0   5   5   0   0   0  85   0   0   0   0   0   0   0   3   0   0   0   0  2.40 1.05
  129 V    2 -6 -7 -7  4 -6 -6 -5 -6  3  0 -6 -1  2 -6 -4 -2 -3 -2  5   19   0   0   0   7   0   0   1   0  18   6   0   1   8   0   0   2   0   1  35  0.96 0.54
  130 E   -7 -6 -5 -3 -10 -3  8 -8 -6 -7 -9 -5 -8 -9 -7 -6 -7 -9 -6 -6    0   0   0   1   0   0  97   0   0   0   0   0   0   0   0   0   0   0   0   0  3.03 1.35
  131 I    2 -5 -3 -6  3 -4 -5 -4 -2  3  2 -5  0  1 -5 -1 -1  0  1  3   19   0   2   0   5   0   0   1   1  15  19   0   2   5   0   5   3   1   5  17  0.47 0.33
  132 F   -6 -7 -8 -8 -5 -7 -8 -8 -7  6  3 -7 -2  6 -7 -7 -5 -4  0  0    0   0   0   0   0   0   0   0   0  39  24   0   1  27   0   0   0   0   3   6  1.54 0.72
  133 G   -4 -8 -1 -4 -5 -7 -6  8 -5 -7 -8 -7 -7 -9 -8 -4 -6 -8 -9 -9    1   0   4   1   0   0   1  91   0   0   0   0   0   0   0   1   0   0   0   0  2.61 1.14
  134 A    1 -3  0  1 -1 -2  1 -1 -2 -1 -2 -2 -1 -1 -1  4  0 -4 -1  0   11   1   3   8   1   1  10   4   1   3   3   1   1   3   3  30   5   0   3   7  0.29 0.30
  135 K    1 -1  1  3 -4  0  1 -1 -1 -3 -3  1 -2 -4  2  2 -1 -6 -3 -4   13   3   6  18   0   4   9   5   1   1   2  10   1   1   9  13   4   0   1   1  0.33 0.29
  136 S   -1 -1  2  4 -5 -2  0  2  2 -6 -5 -2 -5 -5 -3  4  0 -7 -3 -6    4   3  10  20   0   1   7  13   5   0   1   2   0   0   1  27   5   0   1   0  0.63 0.46
  137 A    0 -7 -7 -4 -6 -5 -4 -4 -4 -1 -4 -5 -4 -2  8 -1 -4 -5  0 -2    9   0   0   1   0   0   1   1   0   4   2   1   1   2  65   5   1   0   4   4  1.82 0.93
  138 S    2 -1 -3  0 -3 -1  2 -2 -1  0  1 -2  0  1 -4  0 -1 -1  2  0   16   3   1   6   0   3  14   2   2   6  15   2   2   6   0   6   2   1   9   5  0.16 0.20
  139 A    4 -3 -2 -4 -1 -2 -3 -2 -2  2  1 -3  0 -2 -4  1 -1 -4  0  2   31   1   2   1   1   2   1   2   1  14  12   1   2   1   0  10   3   0   4  12  0.41 0.34
  140 D   -6 -8 -4  8 -10 -5  1 -7 -4 -6 -8 -7 -9 -8 -8 -6 -6 -10 -4 -7    1   0   1  87   0   0   8   0   0   1   0   0   0   0   0   0   0   0   1   0  2.83 1.24
  141 A    6 -6 -7 -7 -3 -6 -6 -4 -5  0 -2 -6 -4  0 -6 -3 -3 -7 -3  3   59   0   0   0   0   0   0   1   0   6   4   0   0   4   0   1   1   0   1  22  1.37 0.77
  142 E   -7 -5 -5 -1 -10  2  8 -8 -3 -8 -4 -4 -6 -7 -7 -5 -5 -5 -6 -8    0   0   0   3   0   7  85   0   0   0   2   0   0   0   0   1   1   0   0   0  2.48 1.20
  143 V   -2 -6 -4 -7  0 -3 -6 -5 -6  4  3 -6  2 -4 -7 -3  0 -7 -5  5    3   0   1   0   2   2   0   1   0  19  21   0   5   0   0   2   5   0   0  38  1.00 0.55
  144 I   -6 -8 -9 -9 -7 -8 -9 -9 -9  8  1 -8  2 -4 -8 -8 -6 -8 -7  1    0   0   0   0   0   0   0   0   0  77  10   0   5   0   0   0   0   0   0   7  2.35 1.01
  145 S    2 -2 -1  0 -1  0  0 -2  0  0  1 -2  1  0 -4  1  0 -1  0 -1   22   1   3   5   1   4   7   2   2   4  16   2   4   3   0  11   4   1   3   4  0.14 0.19
  146 I   -3 -6 -7 -7 -2 -5 -7 -7 -7  2  5 -7  6  0 -7 -4 -2 -5 -3  0    2   0   0   0   1   1   0   0   0  10  52   0  19   4   0   1   2   0   1   6  1.33 0.68
  147 A    5 -5 -3 -5  1 -2 -5  1 -5  0  1 -5  0 -2 -4 -1  0 -5 -4  0   43   0   1   0   2   2   0  12   0   4  15   0   2   2   0   4   6   0   1   5  0.65 0.47
  148 M    0 -1  1  0  0 -1 -2 -4  3 -1 -1  0  3 -1 -5  0 -1  5  4  0    7   3   6   6   2   3   3   0   6   3   6   5   7   2   0   7   3   8  17   7  0.34 0.29
  149 T    0  3  1  3 -3  2  2 -3  1 -4 -2  1 -2 -3 -4  0  1 -4 -3 -4    7  16   7  15   0   7  11   1   4   1   3   7   1   1   0   7   9   0   1   1  0.36 0.30
  150 L   -3 -7 -7 -7  1 -6 -7 -5 -6  5  3 -7  1  5 -6 -3 -2  1  0  0    2   0   0   0   3   0   0   1   0  27  26   0   3  24   0   3   2   2   3   5  1.01 0.54
  151 L   -4 -6 -6 -8 -1 -6 -7 -7 -5  0  5 -7  1  5 -8 -7 -5  5  2 -1    2   0   0   0   1   0   0   0   0   4  53   0   3  18   0   0   0   6   8   3  1.35 0.69
  152 K   -2  3  1  1 -2  2  2 -3 -1 -3 -4  4 -4 -5 -5  0 -1 -6 -4 -4    3  17   6   6   1   8  12   2   1   2   2  27   0   0   0   7   4   0   1   1  0.62 0.44
  153 K    1  2  1  1 -3  0  3 -2 -2 -3 -4  2 -2 -3 -4  1  0 -4 -3 -3   13  11   6   8   0   4  18   2   1   1   1  12   1   1   0  13   6   0   0   1  0.36 0.31
  154 L   -1 -6 -7 -8 -1 -7 -7 -7 -6  2  6 -6  0  2 -7 -5 -3 -1 -4  1    5   0   0   0   1   0   0   0   0   9  62   0   2   8   0   1   2   1   0   9  1.27 0.66
  155 G   -4 -3  2 -2 -8 -2 -1  7 -3 -7 -7 -1 -6 -7 -5 -3 -5 -8 -6 -8    1   2   8   2   0   2   4  71   1   0   0   4   0   0   0   2   0   0   0   0  1.71 0.85
  156 L   -4 -6 -6 -7 -4 -7 -7 -7 -7  5  5 -6 -1  1 -6 -7 -5 -6 -5  2    1   0   0   0   0   0   0   0   0  33  46   0   1   5   0   0   0   0   0  12  1.41 0.69
  157 N   -1  0  1  1 -3  1  2 -1 -1 -5 -4  4 -3 -5  0  1  1 -5 -4 -4    5   5   7   8   0   5  11   5   1   0   1  25   1   0   5   9   8   0   0   1  0.40 0.32
  158 N   -3 -2  4  5 -5  0  1  2  1 -5 -6  0 -5 -6 -2 -1 -3 -6 -4 -5    2   2  20  30   0   4   7  14   4   0   1   6   0   0   2   5   1   0   1   1  0.80 0.47
  159 L   -1 -5 -6 -6  0 -5 -5 -6 -3  2  2 -4  0  4 -2 -3 -1  1  4  3    5   0   0   0   2   0   1   0   0  12  22   0   2  15   2   1   4   2  12  18  0.63 0.38
  160 E   -1  2 -1  0 -2  1  2 -4  0 -1 -3  2 -2 -3 -4  1  3 -4 -2  1    3   9   3   4   1   6  13   1   2   4   2  14   1   1   0  10  18   0   1   9  0.31 0.29
  161 L   -5 -7 -8 -8 -6 -7 -8 -8 -8  3  5 -7  0  0 -6 -7 -4 -7 -5  3    1   0   0   0   0   0   0   0   0  14  59   0   2   4   0   0   1   0   0  19  1.47 0.73
  162 R   -3  3  0 -2 -4  3  4 -5  5 -3 -1  2 -3 -4 -5 -2 -3 -3  0 -2    1  13   4   1   0  12  24   0  12   1   7  13   1   1   0   3   1   0   3   3  0.64 0.46
  163 I   -6 -8 -8 -8 -4 -8 -8 -9 -8  7  3 -8 -2 -4 -8 -7 -4 -4 -5  3    0   0   0   0   0   0   0   0   0  54  29   0   1   0   0   0   1   0   0  15  1.79 0.83
  164 N   -6 -4  9 -5 -9 -6 -7  2 -3 -10 -10 -6 -8 -9 -8 -2 -5 -10 -8 -9    0   1  82   0   0   0   0  13   1   0   0   0   0   0   0   2   1   0   0   0  2.81 1.27
  165 S   -4 -6  2 -3 -3 -3 -5 -6  4 -7 -7 -6 -5 -2 -6  6  3 -2  0 -7    1   0   8   2   1   1   0   0   9   0   0   0   0   2   0  58  15   1   4   0  1.49 0.88
  166 V   -5 -5 -7 -8 -6 -7 -8 -8 -8  5  5 -7  1 -3 -8 -7 -3 -7 -6  2    0   1   0   0   0   0   0   0   0  34  46   0   3   1   0   0   1   0   0  13  1.51 0.74
  167 G   -4 -8 -6 -6 -5 -5 -8  8 -8 -7 -7 -7 -8 -5 -7 -3 -6 -8 -9 -7    1   0   0   0   0   1   0  93   0   0   1   0   0   1   0   2   0   0   0   0  2.72 1.19
  168 C   -4 -5  1  4  8 -4 -3 -3 -3  0 -4 -3 -3 -6 -6  2  0 -7 -5 -3    1   1   5  25  31   1   2   2   1   5   2   1   1   0   0  13   7   0   0   2  1.22 0.65
  169 P    1  1 -1  0 -4  0  1 -1 -2 -1  0  1 -2 -1  4  0 -1 -3 -2 -2   10   7   3   4   0   4   8   5   1   4   9  10   1   2  19   8   3   0   1   2  0.22 0.20
  170 V    1  0  1  1 -4  1  4 -3 -2 -1 -3  1 -2 -5 -3  0 -1 -5 -4  0   11   4   6   8   0   4  32   2   1   4   2   8   1   0   1   5   4   0   0   8  0.44 0.35
  171 C   -1 -6 -3  3  9 -4  1 -3 -6 -4 -5 -5 -6 -5 -4  3  1 -6 -6 -4    5   0   1  14  37   1   8   2   0   1   1   0   0   0   1  18   8   0   0   1  1.39 0.71
  172 R   -4  8 -5 -6 -7 -1 -2 -6 -3 -4 -4  1 -1 -7 -4 -4 -6 -7 -4 -5    2  76   0   0   0   3   2   0   1   1   2   7   1   0   1   1   0   0   1   1  2.13 0.98
  173 K    1  0  0 -1 -4  2  2 -2 -2 -2 -3  2 -3 -4  4  0 -1 -5 -4 -2   12   4   4   4   0   8  12   3   1   2   2  12   0   1  24   6   3   0   0   2  0.47 0.35
  174 N    2  2  1  0 -3  1  1 -1 -1 -1 -1  3 -2 -3 -1 -1 -1 -5 -3 -1   18  10   8   4   0   5   9   4   1   3   5  16   0   1   2   3   3   0   0   4  0.22 0.21
  175 Y   -6 -5 -7 -7 -7 -2 -7 -7  0 -1 -3 -5 -2  4 -7 -5 -6  3  9 -2    1   1   0   0   0   3   0   0   2   3   3   1   1  12   0   1   0   3  66   3  2.36 1.04
  176 N   -2  4  0 -3 -3  0 -1 -4 -1  1  0  2  1 -4 -3  0 -1 -5 -4  0    2  27   5   1   1   4   3   1   1  10   9  14   3   0   1   7   3   0   0   7  0.40 0.31
  177 K    0  0  0  1 -6  2  4 -3 -3 -3 -3  4 -1 -6 -2 -1 -1 -6 -5 -3    9   4   5   8   0   9  25   2   0   1   3  21   2   0   1   5   3   0   0   1  0.52 0.39
  178 V    3  1 -2  0 -3  0  1 -3 -1  1 -1  2 -2 -4 -4 -1 -1 -4 -2  0   29   6   2   5   0   3  11   1   1   8   6  13   1   0   0   3   3   0   1   7  0.30 0.30
  179 L   -6 -7 -9 -6 -7 -5 -8 -9 -5  1  7 -8 -1 -1 -6 -8 -6 -7 -5 -2    0   0   0   0   0   1   0   0   0   6  86   0   1   3   1   0   0   0   0   2  2.07 0.96
  180 K   -2  4 -3 -4 -4  1 -2 -3 -2  1 -1  4 -2 -3 -5 -1  0 -6 -3  2    3  20   1   1   0   6   2   2   1   7   7  25   1   1   0   3   6   0   1  14  0.50 0.38
  181 E    2 -1  2  3 -3  0  3 -1 -3 -4 -3  2 -4 -5 -4  0 -1 -6 -5 -4   15   3   8  17   1   4  20   5   0   1   2  11   0   0   0   8   4   0   0   1  0.47 0.36
  182 F   -2 -4 -6 -6 -3 -5 -3 -6  2  0 -3 -3 -5  6 -8 -4 -5  2  8 -3    3   1   0   0   1   1   2   0   5   5   2   2   0  28   0   1   0   2  43   2  1.72 0.83
  183 L   -3 -7 -7 -1 -3 -6 -7 -6 -6  0  5 -7 -1  5 -7 -4 -5 -2  3 -2    2   0   0   5   1   0   0   1   0   5  48   0   1  24   0   1   0   0  10   2  1.22 0.65
  184 K    0  3 -1  0 -5  2  2 -2 -2 -4 -3  3 -2 -5 -3  1  0 -5 -3 -3    7  13   3   5   0   7  15   3   1   1   3  21   1   0   1  11   7   0   0   1  0.41 0.34
  185 E    0  0  1  1 -6  1  1  0 -3 -4 -4  3 -4 -6  4  1 -1 -6 -3 -4    6   3   6   9   0   6   8   9   0   1   1  19   0   0  17  11   3   0   1   0  0.47 0.36
  186 H   -4  2  2 -2 -4 -1 -1 -5  6 -1 -2  2 -2  1 -5 -2 -3 -5  4 -2    1  10  10   2   0   2   4   0  22   3   4  14   1   6   0   2   1   0  13   4  0.71 0.45
  187 L   -1  2 -2 -2 -3  0  1 -3 -1  0  1  3 -1  0 -4 -1 -1 -3 -1 -1    6  12   2   2   0   4  11   1   1   7  16  20   1   4   0   4   2   0   2   5  0.22 0.22
  188 D    0 -1  2  4 -5 -1  2  0  0 -3 -5  0 -4 -5 -1  1 -1 -6 -4 -3    9   3  10  24   0   3  14   7   2   1   1   6   0   0   3  12   3   0   0   2  0.45 0.34
  189 E   -1  1  0  2 -4  2  3 -1  0 -3 -3  2 -2 -3 -2  0 -1 -4 -3 -3    5   6   4  11   0  11  21   5   2   1   3  15   1   1   1   8   3   0   1   2  0.36 0.30
  190 L   -5 -6 -8 -8 -5 -7 -4 -9 -8  2  6 -6  2  0 -8 -7 -5 -3 -4 -1    1   0   0   0   0   0   2   0   0   8  75   0   5   4   0   0   1   0   1   3  1.69 0.82
  191 C   -2 -4 -3  2 10 -4 -1 -3 -5 -4 -5 -4 -3 -7 -1  3 -2 -8 -4 -6    3   1   1  11  47   1   4   2   0   1   1   1   1   0   4  20   2   0   1   0  1.75 0.86
  192 D    1 -2 -1  3 -6  0  4 -2 -1 -4 -4  1 -4 -3  2  0 -2 -6 -5 -3   11   2   2  15   0   3  30   3   1   1   1   8   0   1  10   6   2   0   0   2  0.56 0.42
  193 D   -3 -4  1  7 -7 -2  2 -5 -2 -1 -2 -2 -3 -5 -4 -3  0 -7 -5 -3    3   1   5  51   0   1  15   0   1   4   4   3   1   1   1   2   6   0   0   2  1.14 0.64
  194 C   -2 -7 -4  0 10 -4 -1 -3 -2 -3 -2 -6 -3 -3 -7  3 -3 -7 -2 -2    3   0   1   5  47   1   4   2   1   2   4   0   1   2   0  22   2   0   2   2  1.71 0.83
  195 K   -3  4 -1 -2 -5  5 -1 -5 -1 -2 -1  4 -3 -4 -6 -3 -3 -4 -4 -1    2  19   2   3   0  27   2   1   1   2   6  26   0   1   0   1   1   0   0   4  0.91 0.58
  196 V   -1  5  1  0 -6  0  2 -3 -1 -1 -2  2 -2 -3 -4 -1 -1 -2 -2 -2    5  28   5   5   0   3  16   2   1   4   4  12   1   1   0   4   3   1   1   3  0.46 0.35
  197 R   -5  8 -3 -2 -9 -2 -2 -8 -3 -6 -5  2 -5 -5 -7 -4 -4 -5 -2 -5    1  75   1   2   0   1   3   0   0   0   1   9   0   1   0   1   1   0   1   1  2.11 1.01
  198 Y   -2 -2 -5 -4 -4 -4 -3 -3 -3  2  4 -3  3  3 -6 -3 -4 -3  3  0    4   3   0   1   0   0   2   2   1  12  40   1   6  10   0   2   1   0   9   5  0.68 0.42
  199 E   -2 -2  0  2 -5  1  5 -2  0 -2 -3  1 -3 -4 -4 -1  0 -6 -1 -2    3   2   4  11   0   6  36   4   2   2   3   9   1   1   0   5   5   0   2   3  0.55 0.41
  200 V   -2  3  0 -2 -5  0  0 -3 -1 -1 -1  4 -3 -4 -5  0  3 -6 -4 -2    2  17   4   2   0   3   5   2   1   4   6  25   0   1   0   6  19   0   0   2  0.53 0.40
  201 N   -3 -2  9  0 -8 -5 -3 -3 -2 -8 -6 -3 -7 -3 -7 -2 -4 -8 -7 -8    2   2  80   4   0   0   2   2   1   0   1   1   0   2   0   3   1   0   0   0  2.43 1.11
  202 P   -2 -7 -7 -5 -6 -4 -3 -7 -3 -1 -4 -3 -5 -6  8 -3 -2 -8 -4  1    3   0   0   1   0   1   2   0   1   4   2   2   0   0  69   2   2   0   1  10  2.04 1.00
  203 L   -5 -5 -8 -5 -6 -5 -4 -6 -5  0  6 -7  3  0 -7 -5 -4 -2 -5 -3    1   1   0   1   0   1   1   1   0   5  76   0   6   3   0   1   1   1   0   1  1.67 0.82
  204 R   -5  8 -5 -2 -9 -3 -5 -6 -3 -2 -6 -1 -7 -8 -5 -4 -7 -3 -5 -8    1  85   0   2   0   1   0   1   1   2   1   2   0   0   1   1   0   1   0   0  2.59 1.17
  205 V   -3 -7 -7 -4 -3 -6 -4 -6 -3  6  2 -3  1 -1 -7 -5 -3 -6 -4  4    2   0   0   1   1   0   1   1   1  42  17   2   3   2   0   1   2   0   1  25  1.17 0.60
  206 L   -5 -7 -5 -5 -3 -7 -8 -8 -7 -1  6 -8 -2  4 -8 -7 -5 -4 -3 -4    1   0   1   1   1   0   0   0   0   2  78   0   1  14   0   0   0   0   1   1  1.88 0.90
  207 D   -4 -6 -2  8 -9 -5 -1 -5 -7 -8 -5 -5 -8 -5 -7 -4 -6 -9 -8 -7    1   0   2  87   0   0   4   1   0   0   1   1   0   1   0   1   0   0   0   0  2.68 1.18
  208 C   -3 -7 -3 -1 10 -6 -6 -4 -5 -2 -3 -4 -4 -5 -3  4 -1 -7 -7 -5    2   0   1   4  47   0   0   2   0   3   3   1   1   1   1  29   4   0   0   0  1.94 0.92
  209 K   -4 -2 -3 -4 -8 -3 -2 -6 -4 -3 -6  8 -7 -8 -5 -4 -4 -8 -7 -8    1   1   1   1   0   0   2   1   0   2   1  86   0   0   1   1   1   0   0   0  2.44 1.14
  210 V   -2 -1  4  3 -4 -1  2 -3 -2  1 -2  0 -3 -4 -4 -1 -2 -6 -4  1    2   4  20  17   0   2  15   1   1   8   4   5   0   0   0   5   2   0   0  12  0.47 0.36
  211 E   -1 -2 -3  3 -2  0  4 -5 -2 -2 -3  0 -4 -4  4 -1 -3 -6 -3 -3    5   2   1  14   1   3  29   1   1   3   3   7   0   1  22   4   1   0   1   1  0.73 0.49
  212 S    1  0  1  1 -3  1  1  2  0 -3 -3  2 -3 -3 -2  1  0 -5 -2 -3   11   5   6   6   1   7  10  13   3   2   2  12   0   1   1  12   5   0   1   2  0.21 0.20
  213 C   -2 -6 -3  4  9 -2 -2 -5 -3  0 -1 -1  1 -6 -5 -3  1 -4 -5 -1    3   0   1  20  38   2   3   1   1   6   6   3   4   0   0   2   7   0   0   4  1.30 0.67
  214 R   -2  3 -3 -4 -5  6  0 -4  0  0 -3  4 -3 -5 -4 -2 -3 -5 -5 -2    4  15   1   0   0  32   4   1   3   6   3  22   1   0   1   2   1   0   0   3  0.92 0.59
  215 R    1  0  0  1 -4  1  4 -1 -2 -2 -3  2 -3 -4  1  0 -1 -5 -3 -2   14   4   4   7   0   5  24   4   1   3   3  11   0   1   8   6   3   0   1   2  0.33 0.29
  216 V    0 -4 -3 -4 -2 -4 -4 -5 -3  5  3 -3  0  1 -5 -4 -2 -5 -1  3    8   1   2   1   1   1   1   1   1  28  26   2   2   7   0   1   2   0   2  16  0.66 0.39
  217 T    0 -2 -2 -5 -1 -4 -3 -4 -3  3  3 -1  2  0 -4 -2  0 -4  0  2    8   2   2   0   1   0   1   1   0  19  25   5   4   4   1   3   5   0   3  14  0.37 0.27
  218 G    2  0  0  1 -4  1  3 -1 -2 -3 -2  3 -4 -5 -3  0 -2 -3 -4 -3   17   5   3   7   0   6  19   4   1   1   4  19   0   0   1   8   2   0   0   2  0.39 0.33
  219 E   -1 -1  3  4 -5  1  2  2 -1 -5 -4  1 -2 -5 -3  0 -1 -6 -5 -3    4   2  15  20   0   5  15  13   1   1   2   8   1   0   1   6   3   0   0   2  0.49 0.36
  220 A    6 -6 -6 -7 -2 -6 -5 -3 -5  0  0 -4  0  0 -4 -1 -3 -7 -3 -1   65   0   0   0   1   0   1   2   0   5   8   1   2   4   1   5   1   0   1   4  1.24 0.72
  221 P   -6 -3 -8 -3 -9 -5 -2 -6 -6 -7 -9 -1 -8 -5  9 -6 -5 -9 -9 -5    0   2   0   1   0   1   3   1   0   0   0   4   0   1  85   0   1   0   0   1  2.81 1.29
  222 L    0  2 -1  0 -3  2  1 -4 -1 -1 -1  3 -2 -3 -1  1  0 -3 -3 -1    6   9   2   5   0   9   7   1   2   4   7  21   1   1   3  12   6   0   0   5  0.24 0.24
  223 I   -3 -4 -5 -7 -5 -4 -4 -5 -5  6  3 -5  3  0 -2 -2 -1 -6 -2  0    2   1   0   0   0   0   1   1   0  43  24   0   8   3   2   3   3   0   2   5  1.00 0.55
  224 T   -1 -1 -1 -1 -3 -1  0 -2 -1  2  2  0  0  0 -2  0  1 -3  0  1    5   2   2   3   0   3   7   2   1  12  21   5   2   3   2   9   8   0   2   9  0.08 0.12
  225 D   -3 -4  2  7 -7 -1  3 -2 -3 -6 -6 -2 -6 -7 -4 -2 -4 -8 -7 -6    2   1   7  56   0   3  17   4   1   0   1   2   0   0   1   3   1   0   0   0  1.50 0.77
  226 Y   -1 -2 -1 -4 -1 -4 -2 -5  5 -3 -3 -4 -2  5 -6  0 -3  0  6 -2    5   2   3   1   2   1   3   1  12   1   2   1   1  24   0   9   1   1  28   3  1.06 0.58
  227 L   -4 -4 -6 -4 -6 -5 -5 -6 -4  2  6 -6  0 -2 -7 -4 -4  1  0 -1    1   1   0   1   0   1   1   1   0   9  71   0   2   1   0   1   1   2   3   3  1.43 0.71
  228 C   -2 -6  1  2  9 -5 -2 -1 -4 -4 -5 -4 -6 -2 -3  3  0 -6 -5 -5    2   0   7  12  36   0   3   6   0   1   1   1   0   2   1  20   6   0   0   1  1.30 0.68
  229 D   -1 -3  0  3 -5  1  4 -1 -2 -4 -3  1 -3 -5  2  0 -1 -5 -3 -3    6   1   4  18   0   5  24   5   1   1   3   9   0   0   9   6   4   0   1   2  0.47 0.36
  230 D    1 -2 -1  4 -4 -1  5 -1 -3 -4 -5  0 -5 -4  0  0 -1 -6 -4 -4   10   2   3  20   0   2  34   5   0   1   1   5   0   1   4   6   3   0   1   1  0.66 0.45
  231 C    1 -5 -3  0  9 -4  0 -5 -6 -6 -5 -5 -6 -6 -5  4 -2 -7 -6 -5   10   0   1   6  38   1   7   1   0   0   1   0   0   0   0  30   3   0   0   0  1.61 0.80
  232 R    0  4  0 -3 -5  1 -1 -3  0 -2  0  4 -3 -3 -4  0 -2 -5 -3 -2    9  25   3   1   0   6   4   2   2   3  10  24   0   1   0   6   2   0   1   2  0.52 0.37
  233 N    2  0  1  2 -4  1  3 -2 -1 -2 -3  1 -3 -5 -3  0  0 -4 -3 -2   16   4   7  12   0   6  21   3   1   2   2   9   0   0   1   6   6   0   1   2  0.35 0.29
  234 H   -4  2  0 -2 -4 -3 -2 -5 10 -5 -6 -2 -4  0 -7 -4 -3 -4  4 -5    1  10   5   3   0   1   3   1  53   1   1   3   0   3   0   1   2   0  11   1  1.91 0.88
  235 F   -6 -7 -8 -7 -7 -5 -8 -8 -1 -2  1 -5 -3  9 -9 -6 -7  3  2 -4    1   0   0   0   0   1   0   0   2   2  14   1   1  67   0   1   0   3   6   1  2.24 0.98
  236 E    0  0  1  3 -6  1  4 -2 -2 -3 -3  2  0 -3 -4 -1  0 -6 -2 -3    8   5   7  16   0   5  25   2   1   1   2  11   2   1   0   4   5   0   1   2  0.46 0.36
  237 E    1  1  0  0 -4  2  3 -1 -1 -3 -3  3 -2 -3 -4  0  0 -5 -3 -3   10   8   5   5   0  10  17   5   1   1   2  17   1   1   0   8   6   0   1   1  0.34 0.30
  238 L   -5 -7 -7 -8 -6 -7 -7 -8 -7  2  3 -7  0  0 -7 -6  0 -4 -4  6    0   0   0   0   0   0   0   0   0  11  29   0   1   4   0   0   5   0   0  48  1.37 0.70
  239 K   -4  2 -4 -5  5  2 -2 -6 -4 -1  3  3 -1 -1 -6 -3 -1 -6 -4 -2    1  10   1   0  10  11   2   0   0   4  30  19   1   2   0   2   5   0   0   3  0.63 0.45
  240 K    1  1  1  2 -4  1  4 -1 -1 -4 -4  2 -2 -5 -4  1 -1 -6 -3 -4   10   8   7  10   0   5  25   4   1   1   1  10   1   0   0  10   3   0   1   1  0.45 0.36
  241 Y   -1 -2 -1 -4  0 -2 -3  1  2  2  2 -3  1  1 -5 -2 -2 -1  5 -2    6   2   3   0   2   1   1  11   4  11  22   1   3   5   0   3   3   1  19   1  0.38 0.31
  242 L   -5 -8 -9 -9 -3 -8 -9 -9 -9 -1  7 -8 -2 -3 -9 -8 -7 -7 -7 -4    1   0   0   0   1   0   0   0   0   3  94   0   1   1   0   0   0   0   0   1  2.40 1.09
  243 D   -1  0  1  6 -6  0  2 -3 -1 -6 -6  2 -5 -7 -5  0  0 -7 -6 -4    4   5   5  37   0   4  13   2   1   0   0  13   0   0   0   7   7   0   0   1  0.84 0.53
  244 A    2 -1  0  1 -3  1  2 -2 -1 -1 -1  1 -1 -2 -4  0 -1 -3 -1 -2   22   3   3   9   0   6  16   3   1   3   6   8   1   2   0   7   3   0   2   2  0.23 0.24
  245 M    1 -2 -1 -5  0 -2 -3 -5 -1  0  4 -3  3  2 -5 -2 -2  0  2  0   10   2   4   0   2   1   2   1   2   4  37   1   8   8   0   3   2   1   7   5  0.48 0.35
  246 G   -3 -3  4  2 -4 -1  1  6 -2 -8 -7  1 -6 -7 -6 -2 -5 -7 -6 -7    2   1  16   9   0   3   8  49   1   0   0   8   0   0   0   3   0   0   0   0  1.16 0.65
  247 Y   -5 -5 -7 -8 -3 -5 -6 -8 -8  7 -1 -7 -2 -1 -7 -7 -4 -3 -5  5    0   1   0   0   0   1   1   0   0  55   6   0   1   2   0   0   1   1   0  31  1.76 0.82
  248 D    0 -2  1  2 -6 -1  1 -4 -2 -5 -6  2 -5 -6  5  1 -2 -7 -6 -5    7   2   7  13   0   2   8   1   1   0   0  12   0   0  32  11   2   0   0   1  0.83 0.54
  249 Y   -4 -7 -7 -8 -1 -7 -8 -8  0 -2 -5 -8 -6  6 -4 -7 -5  1  9 -2    1   0   0   0   1   0   0   0   2   2   1   0   0  27   1   0   1   1  57   3  2.39 1.07
  250 I   -2  1 -1 -2 -4  1  3 -5  1  1 -4  2 -3 -4 -5  0  2 -6 -3  2    2   7   3   2   0   6  23   0   3   7   1  10   0   1   0   6  14   0   1  14  0.42 0.36
  251 V   -4 -2 -5 -4 -4 -3  0 -6  0  5  3 -3 -1 -2 -4 -5 -4  0 -1  4    0   3   0   1   0   1   8   0   2  27  22   1   1   1   1   0   1   1   2  27  0.80 0.48
  252 D   -3 -4  7  6 -4 -4 -1 -6 -4 -8 -8 -3 -6 -8 -7 -2 -3 -9 -8 -5    2   1  43  41   0   1   4   0   0   0   0   2   0   0   0   3   2   0   0   1  1.85 0.92
  253 P   -3 -2  0 -1 -7 -2 -1 -5  2 -5 -1  0 -1  0  6 -1 -1 -4 -1 -4    2   2   5   4   0   2   4   1   5   0   7   5   1   5  44   6   4   0   2   1  0.96 0.59
  254 R   -3  5  1 -3 -4  0 -3  1  2 -5 -3  2 -1 -1 -5  1  0 -3  2 -5    1  29   8   1   0   3   1  10   5   0   3  12   1   3   0   9   6   0   7   0  0.57 0.42
  255 I   -7 -8 -9 -9 -6 -7 -8 -9 -8  4  6 -8  2 -3 -8 -8 -4 -7 -6  0    0   0   0   0   0   0   0   0   0  18  72   0   4   1   0   0   1   0   0   4  1.83 0.86
  256 V    1 -8 -9 -9 -7 -8 -8 -6 -9 -1 -4 -8 -3 -4 -8 -7 -6 -5 -5  8   10   0   0   0   0   0   0   1   0   2   0   0   1   1   0   0   0   0   0  85  2.37 1.09
  257 R   -8  9 -5 -8 -10 -5 -6 -6 -7 -10 -9 -3 -8 -9 -7 -6 -8 -9 -8 -9    0  97   0   0   0   0   0   1   0   0   0   1   0   0   0   1   0   0   0   0  3.34 1.41
  258 G   -5 -8 -5 -4 -9 -8 -6  8 -8 -10 -10 -5 -9 -9 -7 -5 -6 -9 -9 -8    0   0   0   1   0   0   1  95   0   0   0   1   0   0   0   1   0   0   0   0  2.85 1.21
  259 L   -6 -6 -9 -9 -7 -6 -8 -9 -8 -1  7 -6 -2  1 -8 -7 -7 -3 -4 -3    0   0   0   0   0   0   0   0   0   2  88   0   0   6   0   0   0   0   0   1  2.17 0.98
  260 D   -6 -8 -2  9 -10 -6 -1 -5 -7 -9 -10 -7 -9 -10 -8 -5 -7 -10 -9 -9    0   0   1  93   0   0   4   1   0   0   0   0   0   0   0   1   0   0   0   0  3.08 1.28
  261 Y   -9 -8 -9 -10 -4 -8 -9 -10 -5 -8 -8 -9 -3 -1 -10 -8 -8 -4 10 -8    0   0   0   0   0   0   0   0   0   0   0   0   1   1   0   0   0   0  98   0  4.04 1.57
  262 Y   -9 -8 -9 -10 -9 -8 -9 -10 -1 -8 -8 -9 -8 -4 -10 -8 -8 -4 10 -8    0   0   0   0   0   0   0   0   1   0   0   0   0   0   0   0   0   0  99   0  4.13 1.60
  263 T   -3 -3  4 -2  1 -3 -3 -5 -3 -4 -7 -4 -4 -7 -6  1  7 -8 -7 -2    1   2  18   2   3   1   1   1   1   1   0   1   0   0   0  10  56   0   0   2  1.45 0.80
  264 K   -5  5  0  1 -7 -1 -1  3  5 -7 -5  2 -4 -7 -6 -2 -5 -7 -4 -7    0  30   4   8   0   2   3  23  12   0   1  14   0   0   0   2   0   0   1   0  1.02 0.58
  265 T   -5 -7 -5 -7 -3 -6 -7 -7 -7  1 -1 -6  3 -1 -4 -3  7 -8 -7  0    0   0   0   0   1   0   0   0   0   7   6   0   6   2   1   2  68   0   0   6  1.77 0.91
  266 A    2 -7 -7 -8 -2 -7 -7 -6 -8  2 -3 -7 -4 -6 -7 -5  1 -8 -5  7   14   0   0   0   1   0   0   0   0   8   1   0   0   0   0   0   8   0   0  66  1.68 0.81
  267 F   -8 -9 -9 -10 -9 -9 -9 -9 -7 -5 -6 -9 -6 10 -10 -9 -8  3  0 -6    0   0   0   0   0   0   0   0   0   1   0   0   0  93   0   0   0   4   2   0  3.53 1.32
  268 E   -6 -5 -6 -3 -10 -3  8 -8 -6 -9 -8 -5 -8 -9 -7 -5 -7 -9 -8 -8    0   0   0   1   0   0  97   0   0   0   0   0   0   0   0   1   0   0   0   0  3.01 1.30
  269 I   -4 -7 -7 -8 -2 -7 -7 -7 -6  5 -1 -7 -1  6 -7 -6 -5  6  1  3    2   0   0   0   1   0   0   0   0  31   4   0   1  28   0   0   0   9   4  19  1.43 0.66
  270 I   -2 -1 -3 -1 -3  0 -1 -5  0  2 -1  1 -1  0 -5 -2  2  3  2  3    1   4   1   3   0   3   4   0   3  11   4  10   2   3   0   2  15   3   8  22  0.33 0.28
  271 S    2 -4 -2 -1  0 -2 -1 -2  3 -2 -3 -3 -4 -4  1  4  2 -3  0  0   15   0   1   3   2   1   3   2   6   3   2   1   0   1   6  30  14   0   4   6  0.45 0.37
  272 K   -2 -1  1  3 -4  1  3  0 -1 -4 -5  1 -4 -5  3  1  0 -6 -3 -4    3   2   7  14   0   5  17   8   1   1   1   9   0   0  14   9   6   0   1   1  0.44 0.32
  273 D    0  0  1  3 -3 -1  2  2  0 -3 -2  1 -3 -4 -2  1 -2 -4 -2 -2    9   4   6  16   0   2  12  16   2   1   4   8   1   1   1  11   2   0   1   2  0.27 0.22
  274 I   -3 -3 -2  0 -4 -1 -1 -3 -3  1  5 -2 -1 -2 -3 -3 -3 -5 -4 -1    2   1   2   6   0   3   4   3   1   7  59   2   1   1   1   2   1   0   0   3  0.80 0.47
  275 G   -2 -4  0 -3 -6 -3 -2  7 -4 -7 -4 -2 -6 -6 -3 -2 -3 -6 -5 -6    3   1   5   1   0   1   3  73   0   0   2   3   0   0   2   3   1   0   0   0  1.65 0.74
  276 A    5 -2 -2 -3 -4 -2 -1 -1 -3 -5 -5  0 -5 -4 -3  3 -1 -4 -5 -3   51   2   2   1   0   2   4   4   1   0   1   5   0   1   1  21   4   0   0   1  0.93 0.54
  277 Q   -4 -1 -2 -3 -7  8  2 -4 -3 -4 -4  0 -4 -7 -3 -3 -4 -4 -5 -5    1   2   2   1   0  66  11   1   1   1   2   6   0   0   1   2   1   0   0   1  1.85 0.90
  278 G   -1 -3  4  3 -4 -2 -3  1 -3 -3 -2  2 -2 -4 -4  3 -1 -6 -4 -4    5   0  22  14   0   1   1   9   1   2   5  11   1   1   1  23   2   0   1   1  0.58 0.41
  279 T    5 -5 -5 -5 -5  3 -3 -4 -6 -4 -6 -4 -5 -6 -3  1  5 -7 -6 -1   40   0   0   0   0  11   1   1   0   1   0   0   0   0   1   9  31   0   0   4  1.14 0.68
  280 V   -5 -7 -7 -7 -3 -7 -7 -7 -7  5  3 -7 -3 -1 -7 -6 -5 -5 -4  5    0   0   0   0   1   0   0   0   0  33  30   0   0   3   0   0   0   0   0  32  1.42 0.65
  281 C    2 -6 -5 -6  8 -6 -6  3 -6  1  2 -6 -2 -3 -6 -3 -4 -5 -6 -2   17   0   0   0  26   0   0  24   0   7  17   0   1   1   0   2   1   0   0   3  1.09 0.56
  282 G    3 -4 -6 -6 -7 -4 -5  7 -4 -8 -8 -6 -7 -4 -7 -3 -6 -7 -7 -6   26   1   0   0   0   1   1  67   1   0   0   0   0   1   0   1   0   0   0   0  1.90 0.86
  283 G   -6 -8 -6 -7 -8 -7 -8  8 -8 -9 -9 -7 -8 -9 -8 -6 -7 -8 -8 -9    0   0   0   0   0   0   0  99   0   0   0   0   0   0   0   0   0   0   0   0  3.02 1.19
  284 G   -5 -8 -6 -7 -8 -7 -8  8 -8 -9 -9 -7 -8 -8 -8 -6 -7 -8 -8 -8    0   0   0   0   0   0   0  98   0   0   0   0   0   0   0   0   0   0   0   0  3.01 1.17
  285 R   -3  8 -4 -5 -1 -4 -4 -8 -2 -8 -8 -3 -7 -7 -8 -1 -4 -8 -7 -5    2  86   1   1   1   0   1   0   1   0   0   0   0   0   0   4   1   0   0   1  2.60 1.09
  286 Y   -8 -8 -8 -9 -9 -8 -8 -9 -1 -8 -7 -8 -3  0 -9 -8 -8 -4 10 -7    0   0   0   0   0   0   0   0   1   0   0   0   1   2   0   0   0   0  95   0  3.87 1.44
  287 D   -5 -4  2  8 -6 -4 -3 -4 -3 -6 -6 -4 -6 -6 -5 -2 -4 -7 -5 -6    1   1  10  77   0   1   1   1   1   0   1   1   0   0   0   4   1   0   0   1  2.24 0.89
  288 G   -2  0  4  0 -5  0 -1  4  0 -5 -3  0 -2 -3 -4  0 -2 -5  2 -5    2   5  19   4   0   4   5  33   2   1   2   5   1   1   1   6   3   0   7   0  0.59 0.38
  289 L   -7 -7 -8 -9 -6 -7 -8 -9 -8 -3  7 -7  0 -4 -8 -6 -6 -7 -6 -3    0   0   0   0   0   0   0   0   0   0  95   0   1   1   0   0   0   0   0   1  2.40 0.99
  290 I    1 -6 -6 -6 -1 -5 -6 -4 -5  4 -1 -5  2  0 -5  0 -1 -6 -2  5   11   0   0   0   1   0   0   1   0  23   4   0   5   3   0   6   4   0   1  40  0.91 0.49
  291 E   -1 -2 -1 -1 -6  1  6 -2  1 -7 -6  3 -6 -6 -4  0 -3 -7 -4 -5    5   2   3   2   0   7  48   4   3   0   0  14   0   0   1   8   1   0   1   0  1.02 0.58
  292 E   -1 -1 -1  1 -4  3  3 -4 -2 -1  1  0  1 -2 -4  0  0 -5 -2 -1    5   2   2   7   0  16  22   0   1   4  13   6   4   1   0   7   6   0   2   3  0.33 0.29
  293 C   -5 -7 -8 -8  0 -6 -6 -8 -7  2  5 -7  4  4 -7 -6 -5 -5 -2 -2    0   0   0   0   2   0   0   0   0  11  57   0  10  16   0   0   0   0   1   2  1.45 0.67
  294 G   -4 -6 -3 -2 -5 -6 -5  7 -6 -7 -8 -5 -4 -4 -7 -1 -5 -5 -7 -7    1   0   1   2   0   0   1  85   0   0   0   1   1   1   0   4   1   0   0   0  2.24 0.94
  295 G   -3 -6 -2 -3 -5 -5 -5  7 -5 -8 -8 -5 -6 -5 -5 -2 -6 -4 -4 -7    2   0   2   2   0   0   1  86   0   0   0   1   0   1   1   3   0   0   1   0  2.26 0.95
  296 P   -3  2 -1 -2 -6  1  1 -3 -2 -3 -5  3 -5 -6  6 -1 -2 -7 -2 -3    2   9   2   2   0   5   9   2   1   1   1  20   0   0  36   4   2   0   1   2  0.94 0.54
  297 S    0 -1  0  4 -6 -1  1 -4 -1 -6 -6  1 -5 -5  5  1 -3 -7 -3 -4    8   3   4  21   0   3  10   0   1   0   0   8   0   1  26  10   1   0   1   1  0.74 0.46
  298 M   -2 -4 -4 -6 -2 -3 -4 -6 -4  2  0 -4  1 -2 -6 -3  6 -4 -2  3    3   1   1   0   1   1   1   0   0  11  10   1   3   1   0   1  45   0   1  18  0.97 0.57
  299 P   -1 -6 -3 -3 -3 -3 -3 -2 -3 -7 -7 -2 -7 -3  8  0 -4 -9 -5 -5    5   0   1   1   1   1   2   4   1   0   0   3   0   1  69   8   1   0   0   1  1.96 0.92
  300 G    5 -6 -5 -6  1 -4 -6  4 -6 -7 -5 -6 -6 -7 -6  1 -2 -7 -7 -4   51   0   0   0   3   0   0  30   0   0   1   0   0   0   0  11   2   0   0   1  1.39 0.72
  301 V    0 -5 -7 -7  4 -6 -6 -7 -7  5 -1 -5 -1  0 -6 -3  1 -6 -5  5    6   0   0   0   7   0   0   0   0  26   5   1   1   4   0   2   8   0   0  39  1.09 0.55
  302 G   -6 -8 -4 -7 -9 -8 -8  8 -8 -10 -10 -7 -9 -9 -8 -6 -6 -9 -9 -9    0   0   1   0   0   0   0  99   0   0   0   0   0   0   0   0   0   0   0   0  3.05 1.18
  303 F   -4 -8 -8 -9  0 -8 -9 -4 -7 -3 -2 -8  0  9 -9 -7 -6  6  0 -2    2   0   0   0   2   0   0   2   0   1   3   0   2  71   0   0   0  10   2   3  2.45 0.97
  304 G    6 -7 -4 -7 -6 -6 -6  3 -7 -5 -7 -4 -6 -7 -6  0 -3 -8 -7 -4   70   0   1   0   0   0   0  19   0   1   0   1   0   0   0   7   1   0   0   1  1.71 0.83
  305 M    1 -6 -5 -6  1 -5 -6 -1 -5  4  2 -5  4  3 -5 -2 -3 -5 -2  0   14   0   0   0   3   0   0   5   0  26  20   0  12  11   0   3   1   0   1   4  0.71 0.41
  306 G   -5 -5 -4 -4 -6 -7 -6  8 -8 -9 -9 -7 -4 -3 -8 -4 -7 -8 -5 -9    0   1   1   1   0   0   0  93   0   0   0   0   1   1   0   1   0   0   0   0  2.67 1.06
  307 I   -4 -6 -7 -7 -4 -5 -3 -7 -6  5  2 -6  5  3 -6 -5 -3 -4 -4  3    1   0   0   0   0   0   2   0   0  30  21   0  12  10   0   0   1   0   0  21  1.07 0.52
  308 E   -7 -6 -4  5 -9 -4  7 -7 -4 -9 -9 -5 -8 -9 -7 -5 -5 -9 -8 -8    0   0   0  28   0   0  70   0   0   0   0   0   0   0   0   0   0   0   0   0  2.36 1.04
  309 R   -3  9 -6 -7 -9 -3 -5 -8 -6 -9 -8 -1 -7 -9 -7 -5 -6 -9 -8 -7    2  93   0   0   0   1   0   0   0   0   0   2   0   0   0   1   0   0   0   0  3.01 1.19
  310 L   -2 -6 -7 -7 -2 -6 -6 -6 -7  4  5 -6  1 -2 -6 -4  0 -4 -4  3    3   0   0   0   1   0   0   0   0  22  46   0   3   2   0   1   7   0   0  15  1.06 0.52
  311 L    0 -5 -6 -6 -2 -4 -4 -6 -4  4  3 -4  4 -2 -6 -3 -3 -4 -2  3    8   0   0   0   1   0   1   0   0  26  26   1  11   1   0   2   1   0   1  20  0.84 0.44
  312 L   -1 -4 -1  0 -5 -1  2 -4 -3  1  4 -3  4 -3 -4 -1 -1 -4 -3 -2    6   0   4   5   0   2  12   1   0   7  40   2   9   0   1   6   3   0   1   2  0.50 0.35
  313 T    3 -2 -2 -4 -1 -2 -1 -4 -2  2  3 -2  0 -3 -4 -2 -1 -5 -2  1   30   2   2   0   1   2   4   1   1  10  25   2   2   1   0   3   4   0   1   9  0.41 0.31
  314 L   -2 -3 -6 -6  1 -3 -5 -6 -4  3  5 -4  6 -2 -5 -4 -3 -4 -2  1    4   1   0   0   3   1   0   1   0  13  46   1  16   1   1   1   2   0   2   7  1.00 0.49
  315 E   -2  1  0  2 -5  1  4 -1 -2 -4 -3  3 -3 -5  0 -1 -3 -4 -3 -4    3   7   4  10   0   6  25   5   1   1   2  20   1   0   6   4   1   0   1   1  0.51 0.33
  316 Q    1  0  1  2 -3  2  3 -2 -1 -2 -2  2 -2 -3 -2 -1 -1 -2 -3 -2   15   5   6   9   0   8  21   3   1   2   4  11   1   1   2   4   3   1   1   2  0.28 0.22
  317 N    0  1  1  1 -2  3  2 -2  0 -2  0  2 -2 -3 -3  0 -1 -4 -2 -1    7   7   6   6   1  15  15   2   2   2   8  11   1   1   1   7   3   0   2   4  0.22 0.19
  318 G   -1 -1  3  1 -4  0  1  3 -1 -3 -3  2 -3 -3 -1  0 -2 -2 -3 -3    4   2  15   7   0   5   9  25   2   1   3  12   0   1   3   6   2   1   1   1  0.38 0.24
  319 I    0 -1 -1 -2 -2 -1 -1 -2 -2  3  1  0  0  0 -1 -1 -1  0  0  2    7   4   2   2   1   3   4   2   1  18  13   7   2   4   3   5   4   1   3  14  0.09 0.09
  320 E    0  0  1  1 -2  1  2 -2 -1 -1 -1  2 -1  0  1  1 -1 -2 -2 -1    7   3   6   9   1   5  15   2   1   4   5  13   1   4   6   9   4   1   1   4  0.14 0.13
  321 I    0 -2 -1 -2 -2 -2 -1 -3 -2  2  1 -1 -1  2  2 -1 -1 -1  0  2    9   2   3   2   0   2   5   2   1  11  15   3   1   9  11   3   4   1   2  14  0.15 0.13
  322 P    1 -1  0 -1 -3  0  1 -2 -2 -1 -1  1 -2 -2  5  0 -1 -4 -1 -2   10   2   4   4   1   4  10   4   1   4   6   7   1   2  29   7   3   0   2   2  0.42 0.27
  323 K    0  0  0  0 -4  1  2 -1  0 -1 -2  2 -1 -2  2  1  0 -4 -2 -1    9   4   4   6   0   5  14   3   2   5   3  12   1   2  10   9   5   0   1   4  0.16 0.15
  324 P    0 -1  0  1 -3  0  2 -1 -2 -2 -1  2 -1 -2  3  0 -1 -4 -3 -1    8   3   4   7   0   3  13   5   1   3   6  13   1   2  15   7   4   0   1   4  0.21 0.17
  325 E    0  1  2  1 -4  1  2 -1  0 -2 -2  1 -2 -2  2  0  0 -2 -2 -2    6   8   9   8   0   6  13   4   2   3   4  11   1   2  10   6   4   1   1   2  0.19 0.15
  326 G    0  2  1  0 -3  1  0  0  0 -2 -2  2 -2 -2  1  0  0 -3 -2 -1    8  11   7   4   1   7   5   8   2   2   2  17   1   2   6   8   5   0   1   4  0.17 0.15
  327 P   -2 -1 -2 -3  0 -3 -3 -4 -2  2  1  0 -1 -2  5 -2  0 -5 -3  1    4   3   2   1   2   1   2   1   1  11  13   6   1   1  31   3   5   0   1  11  0.57 0.34
  328 D   -1  1  0  5 -2  1  0 -1  0 -3 -2  1 -4 -2 -2 -1 -1 -3 -4 -2    4   6   3  37   1   5   5   5   2   1   5   9   0   2   2   5   3   0   0   3  0.54 0.34
  329 L    1 -6 -7 -7  1 -6 -7 -7 -7  4  1 -6 -3  1 -6 -5 -3 -6  0  5   10   0   0   0   3   0   0   0   0  24  10   0   0   5   0   0   1   0   4  43  1.15 0.56
  330 F   -2 -5 -6 -7 -1 -6 -7 -5 -1 -2  0 -6  0  7 -7 -4 -5  0  7 -1    4   1   0   0   1   0   0   1   1   2   7   0   2  39   0   1   0   1  33   5  1.62 0.72
  331 I   -4 -7 -7 -7 -3 -7 -7 -6 -5  5  3 -7 -1  2 -6 -6 -4 -4 -5  5    1   0   0   0   1   0   0   1   0  31  22   0   1   8   0   0   1   0   0  33  1.25 0.58
  332 A    4 -5 -5 -6  1 -6 -6 -3 -6  4  0 -6 -1 -2 -6 -3 -2 -6 -5  4   30   0   0   0   3   0   0   2   0  25   6   0   1   2   0   1   2   0   0  27  0.98 0.53
  333 Y    1 -3 -1 -3  1  3 -3 -1  1 -2 -3 -4 -3 -1  4  1  1  0  2  0   13   1   2   1   3  13   1   4   4   3   2   0   0   3  22   9   8   1   6   6  0.44 0.35
  334 I    0 -4 -4 -4 -4 -1 -2 -5 -3  3  4 -4  3  0 -3 -2  0 -5 -3  1    7   1   1   1   0   3   2   1   1  16  36   1   6   4   1   2   6   0   0  11  0.54 0.33
  335 G   -3 -5  0  3 -3 -2 -1  5 -3 -5 -6 -2 -4 -7 -3  2 -1 -6 -5 -4    1   0   5  14   1   2   5  48   1   1   1   2   0   0   1  14   4   0   0   1  0.98 0.53
  336 D   -1 -1  0  4 -6  0  5 -2 -3 -4 -5  1 -4 -4  1 -1 -2 -5 -5 -3    6   3   3  22   0   3  33   3   1   1   1   8   0   1   8   3   2   0   0   2  0.73 0.46
  337 E    1 -1  1  1 -3  1  4  0 -2 -3 -2  1 -1 -4 -1  0  0 -4 -3 -2   13   3   6   7   0   7  25   6   1   2   4   8   1   0   3   7   4   0   1   3  0.29 0.25
  338 A    4 -4 -2 -2 -1 -1 -1 -1 -3 -1  0 -3  0 -1 -3  0  1 -3 -2  0   41   0   2   2   1   3   4   5   1   3   9   1   2   3   1   7   7   0   2   6  0.42 0.33
  339 K   -1  3 -1 -1 -2  0  1 -3  0  0 -1  3 -1 -1 -4 -1 -1 -2  0 -1    5  17   3   3   1   4   7   1   2   6   8  23   1   3   0   3   3   1   3   4  0.27 0.22
  340 L    0  1  0  1 -2  0  1 -1 -1 -1 -1  2 -1 -2  1  0 -1 -3 -2 -1    8   8   3   7   1   4  10   4   1   5   7  17   1   2   6   6   4   0   1   3  0.13 0.13
  341 F    0  1 -1 -1 -2  0  2 -3  1 -1 -2  3 -1  0 -2 -2 -1  0  2 -1   10   7   2   4   1   4  16   1   3   3   4  18   2   4   2   2   3   1   9   3  0.23 0.21
  342 T    5 -4 -2 -5  3 -5 -5  1 -5 -1 -2 -5 -1 -3 -5  1 -1 -7 -5  0   51   1   2   0   6   0   0   9   0   3   5   0   1   1   0  11   3   0   0   6  0.89 0.54
  343 F   -2 -3 -4 -5 -4 -3 -5 -7 -2  2  4 -5  4  5 -5 -4 -2 -1  0  0    3   2   1   0   0   1   1   0   1  10  36   1   9  21   0   1   2   1   3   7  0.83 0.44
  344 T    0  2  0 -1 -4  2  1 -1 -2 -1 -1  3 -2 -3  0  0 -1 -5 -2 -2    7  12   3   3   0   9  10   4   1   5   6  19   1   1   4   8   3   0   1   3  0.21 0.20
  345 L   -3 -5 -7 -7 -4 -5 -6 -8 -6  4  5 -4  0  0 -7 -6 -2  2 -3  2    2   1   0   0   0   0   0   0   0  24  50   1   2   3   0   0   2   3   1  11  1.18 0.57
  346 A    4 -3 -4 -5  0 -3 -5 -3 -4  0  2 -3  2  1 -5  0  0 -4 -2  1   34   2   0   0   2   1   0   2   0   6  17   1   5   6   0   7   6   0   1  10  0.49 0.36
  347 N    0  1  2  1 -3  2  3 -2  2 -3 -3  0 -1 -3 -4  1  0 -3 -1 -3    8   7  11   7   1   9  19   3   4   1   2   6   2   1   0   8   6   0   2   2  0.31 0.26
  348 K    0  1  0  1 -5  2  3 -2 -1 -2 -2  2  0 -2 -4  0  0 -3 -2 -3    6   8   5   7   0   9  20   3   1   3   5  14   3   2   0   7   5   0   1   2  0.28 0.24
  349 L   -4 -8 -9 -9 -5 -6 -8 -8 -8  2  6 -7  0  0 -8 -7 -5 -1 -6 -2    1   0   0   0   0   0   0   0   0  10  78   0   2   4   0   0   0   1   0   2  1.86 0.83
  350 R   -5  8 -5 -6 -7 -2 -4 -8 -1 -3 -4 -2 -5 -7 -8 -4 -5 -4 -4 -5    1  84   0   0   0   2   1   0   2   2   2   1   0   0   0   2   1   0   1   1  2.56 1.10
  351 F    0  3  2  2 -3  2  2 -2  0 -4 -3  3 -2 -5 -4  0 -1 -6 -4 -4    9  14   9   9   0   8  13   3   2   1   3  16   1   0   0   7   3   0   0   0  0.40 0.30
  352 N    3  1  2 -1 -1  1  2 -2  1 -3 -2  2 -2 -4 -2  0 -2 -4 -1 -3   24   7  10   3   2   7  12   3   3   1   5  10   1   1   2   6   2   0   2   1  0.28 0.26
  353 G   -4 -4  3  0 -3 -3 -3  6 -1 -7 -7 -1 -7 -5 -4 -2 -3 -3 -3 -6    1   1  12   5   1   1   2  63   2   0   0   4   0   1   1   2   1   0   1   0  1.45 0.69
  354 L   -4 -4 -5 -6 -2 -5 -5 -6 -1  5  3 -2  0  3 -6 -5 -5 -1  1  2    1   1   0   0   1   0   0   0   2  36  22   2   1  12   0   0   0   1   5  12  0.98 0.49
  355 K    0  3 -1 -3 -1 -1 -2 -3  0  0 -3  2 -3 -3  2  3  0 -2 -1 -1    8  15   3   1   1   3   1   2   2   6   1  13   0   1   9  20   5   1   2   5  0.30 0.27
  356 V    3 -7 -6 -7  4 -6 -6 -4 -7  2 -2 -6 -3 -2 -6 -1  2 -5 -6  5   22   0   0   0   7   0   0   1   0   9   3   0   0   2   0   5  11   0   0  40  1.01 0.57
  357 E   -2 -1 -2  3 -4  0  4 -2  0  0 -1 -1  0 -2 -5 -1 -1 -3 -1  1    4   4   1  19   0   3  27   2   2   6   5   4   2   2   0   4   3   0   3   9  0.40 0.31
  358 I   -1 -2 -3 -4 -1 -1  0 -1 -1  3  1 -3  4  2 -4 -1  0 -3  0  2    4   2   1   0   1   2   6   4   1  15  15   1  13   7   1   4   7   0   3  12  0.27 0.22
  359 D    1 -3  3  6 -2 -3  1 -1  0 -3 -4 -4 -4 -3 -2  1 -3 -5 -2 -3   10   1  12  39   1   1   8   4   3   2   2   0   0   1   2  10   1   0   2   2  0.78 0.47
  360 H   -4 -5 -4 -4  0 -4 -5 -4  2  0  3 -4  0  4  0 -2 -2  0  5  0    1   0   1   1   2   0   0   1   4   5  25   1   2  17   5   3   2   1  21   6  0.76 0.43
  361 M    0  0  0  0 -2  0  2  2 -2 -3 -1  0  3 -2 -2  2  0 -5 -2 -2    6   4   4   6   1   4  12  16   1   1   7   6   8   2   2  16   4   0   1   2  0.19 0.20
  362 E   -1  1  2  1 -3  0  0  3  0 -2 -3  2 -3 -2 -1  0 -1 -5 -4 -2    5   9   8   8   0   5   6  23   2   3   2  13   0   2   3   5   3   0   0   3  0.30 0.23
  363 R   -2  5 -1  1 -4 -1 -1  1 -2 -3 -4  3 -3 -3 -4  0 -1 -5 -5 -4    3  33   3   8   0   2   3  11   1   1   2  18   1   1   1   7   4   0   0   1  0.69 0.43
  364 S   -2 -1  3 -4 -6 -4 -5  0 -4 -6 -7  2 -6 -7 -3  6 -2 -8 -7 -7    2   3  14   1   0   0   0   7   0   0   0  13   0   0   1  55   2   0   0   0  1.33 0.75
  365 L   -3 -5 -7 -8 -6 -5 -7 -7 -7  3  5 -6  4  3 -2 -5 -4 -3 -4  1    2   0   0   0   0   0   0   0   0  14  52   0   9  10   3   1   1   0   0   7  1.17 0.58
  366 K   -4  1 -2 -2 -8 -1 -4  0 -5 -6 -7  7 -7 -6 -4  1 -3 -8 -7 -7    1   8   2   2   0   2   0   7   0   1   0  63   0   0   1  10   2   0   0   0  1.55 0.79
  367 A    3 -1  0 -3 -6 -1 -2 -1 -3 -6 -5  4 -5 -5 -4  3 -1 -5 -4 -4   25   3   4   1   0   2   2   5   1   0   1  28   0   0   1  23   3   0   0   1  0.78 0.52
  368 Q    1 -2 -1 -6 -4  8 -4 -2  1 -2 -3  0 -1 -7 -7 -3 -6 -7 -4 -6   11   2   2   0   1  62   0   3   3   3   3   6   2   0   0   2   0   0   0   0  1.68 0.89
  369 M   -5 -7 -8 -8 -6 -7 -7 -8 -6  1  5 -7  7  4 -6 -6 -5 -5 -3 -3    1   0   0   0   0   0   0   0   0   8  47   0  25  16   0   0   0   0   1   1  1.64 0.76
  370 K   -3  4 -2 -2 -7 -1  1 -4 -3 -5 -6  6 -6 -7 -6  0 -3 -7 -6 -6    2  22   2   2   0   2  10   2   1   1   1  48   0   0   0   7   2   0   0   0  1.29 0.68
  371 Y    0  2 -1 -2 -4  1  0 -4  1  0  0  2  1 -1 -4  0 -1 -1  3 -2    8  13   3   2   0   8   7   1   4   5   9  14   3   2   0   6   3   1  11   1  0.26 0.24
  372 A    7 -7 -7 -7 -4 -7 -7 -4 -7 -3 -5 -5 -5 -5 -6 -2 -5 -8 -6 -3   89   0   0   0   0   0   0   1   0   2   1   1   0   1   0   2   0   0   0   2  2.29 1.06
  373 N   -1 -4  5  5 -7 -1  1 -1 -1 -4 -4 -3 -5 -6 -6  0 -2 -7 -4 -3    6   0  25  35   0   2   7   5   2   1   2   2   0   0   0   8   2   0   1   3  0.97 0.55
  374 K   -2  5  0 -4 -7  0 -2 -4 -3 -5 -5  6 -4 -7 -6  0 -2 -7 -3 -5    3  29   4   1   0   3   2   1   0   0   1  44   0   0   0   6   3   0   1   1  1.29 0.68
  375 L    0  0 -1 -3 -2  0 -1 -3  0  1  2  0  2  0 -4  1 -2 -2  1  0    6   5   3   1   1   4   4   1   2   9  25   6   5   4   0  14   2   1   4   5  0.18 0.19
  376 N   -3 -1  4 -1 -5  1 -1  5 -2 -7 -5  2 -4 -5 -6 -2 -5 -7 -6 -7    1   4  21   4   0   5   4  43   1   0   1  11   1   0   0   3   0   0   0   0  1.05 0.57
  377 A    6 -5 -6 -7  2 -5 -6 -4 -5 -1 -5 -5 -3  0 -1  1 -2 -7 -1  2   56   1   0   0   4   0   0   1   0   4   1   0   0   4   3   9   2   0   2  13  1.12 0.65
  378 K   -2  5  0  0 -5  0  0 -3  0 -4 -4  4 -4 -6  0  1 -1 -5 -5 -4    3  28   4   6   0   4   4   1   2   1   2  25   0   0   6   9   3   0   0   1  0.70 0.45
  379 F   -3 -4 -1 -7 -2 -5 -5 -6  2  1  0 -2 -1  5 -7 -4 -4  4  7  0    3   1   3   0   1   0   0   0   4   8   7   3   1  24   0   1   1   6  30   6  1.16 0.59
  380 A    4 -6 -6 -6  2 -5 -6 -4 -5  1 -1 -6  0 -3 -5 -1  1 -7 -5  4   35   0   0   0   4   0   0   1   0   8   6   0   2   1   0   4  10   0   0  29  0.90 0.54
  381 V   -1 -7 -8 -8 -2 -7 -7 -5 -7  5  4 -7  0 -2 -7 -6 -5 -5 -6  4    6   0   0   0   1   0   0   1   0  29  33   0   2   2   0   0   0   0   0  27  1.23 0.60
  382 V   -6 -7 -8 -8 -4 -8 -8 -8 -8  7  1 -6  0  2 -8 -7 -3 -5 -4  2    0   0   0   0   0   0   0   0   0  65  11   0   2   7   0   0   2   0   0  11  1.88 0.81
  383 I   -4 -5 -7 -8 -2 -7 -7 -8 -7  5  4 -6  1  1 -7 -6 -5 -6 -1  3    1   1   0   0   1   0   0   0   0  34  34   0   3   5   0   0   0   0   2  18  1.25 0.59
  384 G   -3 -6 -3 -3 -6 -6 -6  8 -7 -8 -8 -5 -8 -5 -7 -5 -3 -8 -8 -7    2   0   2   2   0   0   1  89   0   0   0   1   0   1   0   1   2   0   0   0  2.49 1.03
  385 E   -2 -3 -3  3 -7  3  5 -2 -3 -6 -4  0 -5 -6  0 -1 -3 -7 -5 -6    3   1   1  18   0  14  41   3   1   0   2   4   0   0   5   4   2   0   0   0  1.01 0.59
  386 E   -3  1  2  5 -7  1  3 -4 -3 -5 -6  3 -3 -7 -4 -1 -2 -7 -5 -5    2   7  11  28   0   5  17   1   0   1   0  18   1   0   0   4   3   0   0   1  0.85 0.50
  387 E   -7 -6 -2 -1 -9 -4  8 -7 -6 -7 -7 -4 -5 -7 -6 -5 -6 -8 -5 -6    0   0   2   3   0   0  90   0   0   0   0   1   0   0   0   1   0   0   0   1  2.69 1.19
  388 L    1 -2 -5 -5 -2 -2 -4 -5 -3  3  3 -3  2 -1 -5 -3 -3  2 -2  3   10   3   0   0   1   2   1   0   1  17  32   1   4   3   0   1   1   2   2  17  0.61 0.36
  389 E    2  1  0 -1 -4  1  2 -3 -2 -2 -1  3 -1 -1 -4  0 -2 -5 -1 -2   17   7   5   3   0   6  15   1   0   2   6  19   1   2   0   6   2   0   2   3  0.29 0.26
  390 S    0  2  3  2 -4  1  2 -3 -2 -5 -5  2 -3 -6 -4  1  0 -6 -4 -5    8  11  14  12   0   6  14   2   1   0   1  14   1   0   1  11   5   0   0   0  0.53 0.37
  391 K   -3 -1  4  0 -5  1  0  5 -2 -7 -7  2 -4 -7 -6 -2 -5 -7 -5 -7    1   3  19   5   0   5   6  44   1   0   0  10   0   0   0   3   0   0   0   0  1.07 0.58
  392 K   -1  0 -1 -3  0  2  1 -4 -1 -1 -2  2  0 -3 -4  1  3 -5 -1  1    4   4   2   0   2   8   8   1   1   4   3  13   3   1   0  10  22   0   2  12  0.32 0.29
  393 V    2 -7 -7 -7  0 -6 -7 -4 -6  4  0 -6 -1  2 -6 -5 -4 -1  2  5   14   0   0   0   2   0   0   1   0  20   7   0   1   7   0   0   0   1   6  40  1.05 0.55
  394 K   -1 -2 -3 -4 -3  1 -3 -3 -4  3  0  0  1 -3 -4  1  4 -4 -4  1    5   2   1   0   0   6   1   1   0  18  10   6   3   1   0  10  26   0   0   8  0.45 0.35
  395 L   -4 -7 -8 -8 -3 -7 -8 -8 -8  5  4 -7  0 -1 -7 -7 -5  0 -2  4    1   0   0   0   1   0   0   0   0  26  37   0   2   2   0   0   0   2   1  28  1.36 0.64
  396 K   -7  6 -6 -5 -6 -4 -4 -8 -6 -9 -8  7 -7 -9 -7 -6 -7 -5 -5 -7    0  34   0   0   0   0   1   0   0   0   0  64   0   0   0   0   0   0   0   0  2.41 1.07
  397 N   -5 -2  6  6 -4 -3  0 -6  0 -6 -7 -3 -4 -5 -2 -3 -3 -1 -4 -7    1   2  31  48   0   1   5   0   2   0   0   1   1   0   2   2   2   1   1   0  1.63 0.80
  398 M   -5 -6 -5 -9 -4 -3 -8 -8 -4 -2  4 -6  9  0 -8 -6 -3 -3 -6 -3    1   0   1   0   0   1   0   0   1   2  38   0  48   4   0   0   2   0   0   2  2.11 0.94
  399 A    1  1  0  2 -4  1  3 -2 -2 -1 -2  3 -3 -3 -4  0  0 -5 -3 -1   10   7   4  10   0   6  17   3   1   4   3  16   0   1   0   8   6   0   1   4  0.27 0.24
  400 T   -1 -2  1  1 -5 -2 -1 -2 -3 -6 -4  1 -5 -4 -5  3  5 -7 -6 -4    5   2   7   8   0   1   4   3   0   0   2   7   0   1   0  25  34   0   0   1  0.80 0.54
  401 G   -3  1 -1 -3 -7  0 -3  6  1 -8 -7  2 -7 -6 -6  1 -4 -7 -5 -7    1   8   3   1   0   4   1  55   3   0   0  12   0   0   0   9   1   0   0   0  1.24 0.64
  402 E   -1 -2  0  1 -6  0  5 -4 -3 -1 -3  1 -2 -4 -4  1  1 -5 -4 -1    4   2   4   6   0   4  35   1   1   4   2   9   1   1   0  10  10   0   0   5  0.55 0.41
  403 E   -6 -4 -4 -3 -9  9  2 -8 -6 -7 -8 -2 -5 -9 -7 -3 -4 -8 -6 -7    0   1   1   2   0  79  11   0   0   0   0   2   0   0   0   2   1   0   0   0  2.66 1.22
  404 T   -3  1 -2 -2 -4  2  4 -5  0  0 -4  3 -2 -1 -5 -1  1 -1 -1  0    2   7   2   1   0   8  30   0   2   6   1  16   1   3   0   3   8   1   2   7  0.52 0.39
  405 E   -1  0 -2 -1 -3  0  3 -4 -2  0 -1  1 -1 -3 -2  0  3 -6 -3  0    4   4   2   3   0   4  23   1   1   7   6   8   2   1   1   7  20   0   1   6  0.33 0.30
  406 I   -4 -7 -6 -6  1 -6 -6 -5 -5  5  2 -6  0 -1 -7 -5 -3 -3 -3  5    1   0   0   0   3   0   0   1   0  29  15   0   2   3   0   1   1   0   1  42  1.25 0.60
  407 L    1 -2  1  1 -5 -2  0 -3 -3 -3 -3  2 -4 -5  5  2  1 -5 -5 -5   10   2   6   9   0   2   6   1   0   1   3  11   0   0  25  15   7   0   0   0  0.56 0.40
  408 I   -2  1 -4 -4 -4  1 -1 -5 -3  3  3 -1  0  3 -2 -4 -2  1  0  0    4   7   0   0   0   8   4   0   1  17  27   4   2  11   2   1   1   2   3   6  0.40 0.29
  409 D    0 -3  2  5 -5  0  3 -1 -2 -6 -5  1 -4 -7 -3  1 -1 -7 -6 -5    8   1  10  28   0   3  20   5   1   0   1   9   0   0   1   8   4   0   0   1  0.70 0.45
  410 E   -2  0  2  4 -7  2  4 -2 -3 -5 -6  3 -3 -6 -4 -1 -2 -4 -5 -6    4   5   9  19   0   7  29   3   0   1   0  15   1   0   0   3   3   0   0   0  0.79 0.49
  411 I   -1 -7 -7 -8 -5 -6 -7 -7 -7  4  5 -6  2  0 -6 -6 -4 -3 -5  2    6   0   0   0   0   0   0   0   0  22  47   0   4   4   0   0   1   0   0  14  1.17 0.58
  412 E    1 -2 -2 -3 -2 -3  0 -3 -4  3  1  0  0 -1  0 -2 -1 -3 -3  3   11   2   2   1   1   0   6   1   0  21  12   6   2   2   4   3   3   0   1  20  0.29 0.24
  413 K    0  0  2  3 -5  1  3 -1  0 -5 -4  2 -5 -5 -1  1 -1 -6 -4 -4    6   4  10  13   0   6  22   4   2   0   2  13   0   0   2  10   4   0   0   1  0.46 0.34
  414 A    0  2 -2 -3 -3 -1  2 -4  2  0 -1  1 -1  2 -5 -2  0  3  3 -1    7  11   1   1   0   1  16   1   5   6   5   7   2   9   0   2   6   4  12   5  0.30 0.26
  415 I   -5 -7 -8 -8 -5 -7 -7 -8 -7  5  5 -7  0  1 -7 -6 -5 -5 -4  2    1   0   0   0   0   0   0   0   0  27  52   0   1   6   0   0   0   0   0  12  1.44 0.66
  416 K   -5  4 -4 -3 -7  4  1 -6 -2 -5 -4  6 -5 -6 -6 -1 -4 -7 -6 -5    0  18   0   1   0  15   7   0   1   0   2  51   0   0   0   4   1   0   0   1  1.38 0.68
  417 N   -4 -4  6  3 -5  2 -3 -4  1 -6 -6 -3 -5 -6 -5  3  1 -7 -5 -5    0   0  44  14   0   9   0   0   3   0   0   0   0   0   0  24   8   0   0   0  1.20 0.53

                      K         Lambda
Standard Ungapped    0.1390     0.3191
Standard Gapped      0.0410     0.2670
PSI Ungapped         0.2172     0.3177
PSI Gapped           0.0665     0.2670
