
Last position-specific scoring matrix computed, weighted observed percentages rounded down, information per position, and relative weight of gapless real matches to pseudocounts
           A  R  N  D  C  Q  E  G  H  I  L  K  M  F  P  S  T  W  Y  V   A   R   N   D   C   Q   E   G   H   I   L   K   M   F   P   S   T   W   Y   V
    1 M   -5 -5 -6 -7 -5 -4 -6 -7 -6 -1  0 -5 11 -4 -7 -5 -5 -5 -5 -2    0   0   0   0   0   0   0   0   0   2   5   0  93   0   0   0   0   0   0   1  3.03 0.88
    2 N   -1 -3  4  4 -4  2  0 -2 -3 -5 -4 -1 -4 -2 -3  3  2 -5 -4 -4    3   0  24  20   0   8   4   1   0   0   1   3   0   2   1  20  12   0   0   0  0.64 0.36
    3 D   -3 -2 -1  5 -7  1  6 -4 -1 -7 -5 -2 -6 -7 -2 -1 -1 -7 -6 -6    2   1   2  31   0   5  45   1   1   0   1   2   0   0   2   3   3   0   0   0  1.21 0.63
    4 N   -3 -1  3  2 -6  3  5 -4 -1 -5 -5 -1 -4 -5 -2  0 -1 -6 -5 -3    1   2  15  12   0  11  38   0   1   0   1   3   0   0   2   7   3   0   0   1  0.83 0.51
    5 I   -1 -1  0 -2 -4  0  1 -3 -2  1  2 -2  3 -2  2 -1  0 -4 -3  1    5   4   5   1   0   5  10   1   1  10  19   2   9   1  10   4   4   0   0   9  0.20 0.20
    6 K   -1  2  2  4 -5  1  2 -3 -1 -2 -5  2 -3 -4 -2  0 -1 -5 -3 -4    4  12   9  24   0   5  13   2   1   3   1  11   0   1   2   7   4   0   1   1  0.49 0.34
    7 L   -2 -1 -5 -4 -5 -2 -2 -4 -5  1  4 -2  4 -1  4 -3 -1 -5 -1 -1    2   4   0   1   0   1   2   1   0   9  35   2   9   2  19   2   4   0   2   3  0.62 0.40
    8 T   -1 -2  5 -1 -4 -1 -1 -2 -2  0 -4 -2 -4 -5  2  3  2 -6 -4 -4    4   2  24   2   0   2   4   2   1   5   2   2   0   0   9  26  14   0   1   0  0.62 0.45
    9 E   -2 -1  0  4 -7  3  6 -3 -5 -6 -7 -1 -6 -6 -4 -1 -4 -7 -4 -6    3   3   4  18   0  14  47   2   0   0   0   3   0   0   1   4   1   0   1   0  1.23 0.69
   10 Q   -3 -2 -2 -2 -6  6  3 -6  0  0  1 -3 -4 -2 -3 -3 -4 -3  5 -2    2   2   2   2   0  31  16   0   2   6  11   1   0   1   1   2   1   0  17   3  0.80 0.53
   11 E   -3  4 -3 -1 -4  2  3 -4 -1 -1 -1 -1  1  2 -4 -2 -1 -4  2 -1    2  20   1   3   0   7  22   1   1   3   6   3   4   9   0   2   4   0   6   5  0.43 0.34
   12 I    1  3 -1 -1 -4  2  3 -4 -2  0 -1  2 -2 -3 -4 -2 -2 -5 -2 -2   12  15   3   3   0  11  21   1   1   6   6  13   1   1   1   2   2   0   1   2  0.41 0.32
   13 I    0 -3  1 -1 -4  1 -1 -4  1  4  0 -3 -1 -1 -4 -1 -1 -5 -3  3    8   1   7   3   0   8   4   1   3  25   7   1   1   3   0   4   4   0   1  20  0.39 0.29
   14 R   -8  9 -6 -7 -10 -4 -5 -9 -1 -9 -8 -1 -8 -9 -8 -6 -7 -9 -8 -6    0  92   0   0   0   0   1   0   2   0   0   3   0   0   0   1   0   0   0   1  3.09 1.34
   15 R   -3  4 -4 -4 -2  0 -1 -5 -2  2  2  1  0 -3 -6  0 -2 -3 -4 -1    2  26   0   1   1   4   3   0   1  13  23   8   3   1   0   9   2   0   0   4  0.53 0.39
   16 E    2  2  0  1 -6  3  4 -2  0 -4 -5  2 -4 -5 -5 -1 -3 -6 -4 -4   17  10   4   8   0  11  22   4   2   1   1  13   0   0   0   4   1   0   0   1  0.58 0.43
   17 K    0  3 -1 -5 -5  0 -2 -7  2 -5 -7  7 -2 -5 -5 -3 -3 -5 -3 -5    7  13   3   0   0   3   2   0   4   1   0  58   1   0   0   1   2   0   1   1  1.43 0.78
   18 L   -1  1 -7 -6 -5 -5 -7 -7 -4  3  5 -3  1 -2 -6 -5 -4 -4 -3  2    6   7   0   0   0   0   0   0   0  15  51   1   3   1   0   1   1   0   1  11  1.03 0.57
   19 K    1  0  2  2 -6  3  4 -3  0 -6 -3  2 -3 -7 -4 -2 -2 -7 -6 -4   13   5  10  11   0  10  23   1   3   0   3  13   1   0   0   2   3   0   0   1  0.59 0.43
   20 K    2  2  0 -1 -4  2  3 -3  0 -3 -3  3 -3 -6 -5 -1 -1 -3 -3 -4   19  10   4   3   0  10  19   2   2   1   3  16   0   0   0   4   4   0   1   1  0.47 0.38
   21 Y   -5 -6 -8 -9 -7 -3 -5 -9 -8  3  6 -7  3  0 -8 -6 -5  2 -1 -2    1   0   0   0   0   2   1   0   0  13  64   0   7   4   0   0   0   3   2   3  1.52 0.76
   22 E   -1  5 -2 -3 -4  2  2 -6 -4 -1 -2  4 -3 -6 -5 -3 -4 -7 -5 -3    5  34   2   1   0   8  10   0   0   4   4  25   1   0   0   1   1   0   0   2  0.97 0.59
   23 S    3 -1  0  2 -3  1  4 -2 -5 -5 -5  2 -5 -6 -5  1 -1 -7 -6 -3   21   4   4   9   1   6  27   3   0   0   1  10   0   0   0   9   4   0   0   2  0.62 0.46
   24 L    2  0  0 -2 -4  1  1 -3 -1 -2  2  1  2 -3 -3  0 -1 -5 -3 -2   19   6   4   2   0   7   9   1   1   2  18   9   6   1   1   8   4   0   1   1  0.23 0.24
   25 G   -3 -1  2 -3 -4 -4 -5  7 -4 -7 -8 -1 -7 -5 -5 -2 -4 -7 -4 -6    2   3   8   2   1   1   1  72   1   0   0   4   0   1   1   3   1   0   1   1  1.77 0.86
   26 I   -1 -1 -4 -4 -4 -2  0 -1 -1  5  0 -1  1  0 -1 -3 -1 -2 -1  3    4   4   1   1   0   2   6   5   1  31   7   5   3   4   4   1   3   0   2  17  0.43 0.30
   27 K   -2 -4  5  5 -2 -2  3 -5 -2 -4 -5 -2 -7 -7 -1 -1 -3 -8 -4 -4    4   1  29  30   1   2  16   0   1   1   1   3   0   0   3   5   1   0   1   1  1.11 0.64
   28 T    0 -6 -5 -7 -3 -7 -6 -2 -3 -4 -2 -5 -2 -3  8 -3 -3 -5 -3 -2    9   0   1   0   1   0   0   4   1   1   5   1   1   2  66   2   2   0   1   4  1.88 0.97
   29 F   -8 -6 -6 -8 -9 -8 -6 -9 -1 -8 -5 -9 -6  5 -3 -7 -7  2 10 -7    0   0   0   0   0   0   1   0   1   0   1   0   0  17   2   0   0   2  73   0  3.05 1.32
   30 K   -2 -4 -1 -4 -7 -1 -2  0 -5 -6 -6 -3 -6 -7  8 -5 -5 -7 -5 -6    4   1   3   1   0   3   3   8   0   1   1   2   0   0  70   1   1   0   1   1  2.08 1.01
   31 K    2  1  1 -2 -3  0 -2 -3  6 -2 -3  0 -3 -3  1  0 -2 -3  2  0   15   8   6   2   0   4   2   2  18   2   3   5   1   1   6   8   2   0   6   8  0.38 0.27
   32 F    0  1 -1 -1 -3 -1  0  0 -1 -1 -1  2 -2  2 -2  0  0 -1  3 -1    8   7   3   3   0   2   5   7   1   4   4  15   1   8   2   6   5   1  12   4  0.16 0.13
   33 D   -1  0  0  1 -2 -1  0 -1 -2 -2 -2  0 -2  4  0  0  0 -2  0  0    4   5   5   7   1   2   6   6   1   2   3   5   1  22   5   8   6   1   3   7  0.21 0.17
   34 H   -2  3 -1 -1 -6 -1  1 -1  5 -3 -3  3 -4  0  2 -1 -2 -2  2 -3    4  14   3   4   0   2   8   4  15   1   2  15   0   4   9   4   2   1   7   2  0.45 0.33
   35 E   -2  3 -1  1 -2 -1  0 -2  0 -2 -3  2 -3  3  2 -1  0  1  2 -3    3  16   3   7   1   2   6   3   2   3   2  10   0  15   9   4   5   2   6   2  0.29 0.22
   36 K    0  1  0  1 -2  1  1 -1  1 -1 -2  1 -2 -1  0  1  1  0 -2 -1    6   9   5  10   1   6   9   4   3   3   4   8   1   3   5   9   8   1   1   4  0.11 0.09
   37 I   -1  1  0 -1  0  0 -1 -2  2  1 -1  0 -1 -2  0 -1  1 -2 -2  3    5   9   4   4   2   4   3   3   5   6   5   5   1   1   5   3  10   0   1  22  0.14 0.14
   38 N   -1  0  2  2 -2 -3 -2 -4 -1 -4 -3 -2 -3 -5 -2  2  5 -4 -4 -4    5   5  11  10   1   1   2   1   2   1   2   3   1   0   2  15  36   0   1   1  0.71 0.49
   39 I   -1 -3 -1 -2 -1 -2 -3 -4  6  3  1 -2  2 -2 -3 -1  1 -5  0  0    6   1   2   2   1   2   2   1  20  15  12   2   5   1   1   5   9   0   3   7  0.47 0.31
   40 Y    0  0 -1  0 -2  0 -1 -3  3 -2 -1 -1 -1 -1  0  3  3 -2  0 -2    6   4   3   5   1   4   4   1   6   2   5   4   2   2   4  24  17   0   4   3  0.28 0.26
   41 S    2 -3 -1 -3  1 -2 -3 -3 -3  3  2 -3 -2 -1 -1  1  0  0 -4  1   19   1   3   1   3   1   2   1   1  18  18   1   0   2   3  11   5   1   0   7  0.32 0.24
   42 N    2  1 -1 -1 -2  1  1  0 -2 -3 -3  2 -2 -3  1  1  1 -4 -2 -2   20   8   3   3   1   6   8   7   1   1   3  11   1   1   7   9   8   0   1   3  0.22 0.20
   43 E   -1 -1 -1  4 -4  2  5 -2 -2 -4 -3  0 -4 -4 -3 -1 -1 -5 -3 -4    5   3   2  24   0   9  31   3   1   1   3   5   0   1   1   5   3   0   1   2  0.74 0.44
   44 I   -1 -3 -3 -5 -3 -4 -4 -5 -3  4  2 -4 -1  5 -4 -4 -3 -4  1  2    7   1   2   0   1   1   1   1   1  23  18   1   1  21   1   1   1   0   5  15  0.75 0.39
   45 V   -1  3 -3 -4 -3  1 -2 -4  2  4  1  1 -1 -1 -4 -3 -2 -5 -2  1    6  14   1   1   1   7   2   1   6  21  13  10   1   2   0   1   2   0   1  10  0.38 0.27
   46 E    2  0  0  2 -4  2  4 -4 -2 -3 -4  2 -4 -5 -4  0 -1 -3 -3 -4   17   4   4  11   0   7  26   1   1   1   2  10   0   0   1   7   4   0   1   1  0.52 0.37
   47 K    0  2  2  1 -3  1  2 -2  0 -2 -2  4 -2 -4 -3 -1  0 -5 -3 -3    7  10   8   8   1   7  14   2   2   2   4  23   1   1   1   3   5   0   1   2  0.39 0.28
   48 Y   -2 -2 -4 -4 -2 -3 -4 -4  2 -3 -2 -4 -3  6 -5 -4 -3  2  7 -3    4   3   1   1   1   1   1   1   5   1   4   1   1  27   1   2   2   3  38   2  1.43 0.64
   49 N    1 -1  1  2 -4  0  2  1 -1 -3 -4  1 -4 -3 -1  2 -1 -3 -3 -3   13   4   5  12   0   4  13  12   1   1   1   8   0   1   3  15   3   0   1   2  0.29 0.23
   50 H    0 -1  1  2 -3  0  1  0  4 -2 -3  1 -3 -3 -1  1 -1 -3 -1 -2    8   3   6  13   1   3  11   8  11   2   2   9   0   1   3  11   4   0   2   3  0.25 0.20
   51 F   -2 -3 -3 -3  0 -2 -3 -3 -2  1  5 -1  0  1 -2 -3 -1  0  0 -1    4   2   1   2   2   2   2   2   1   7  48   5   2   5   2   2   4   1   3   4  0.56 0.32
   52 S    1 -2  0  0 -3  2  3 -1 -2 -3 -3  2 -2 -3  0  1  0 -4 -3 -3   10   2   4   5   1   9  22   5   1   1   3  12   1   1   5  10   5   0   1   2  0.32 0.25
   53 K    1 -1  2  1 -3  0  1 -1 -1 -2 -3  2 -3 -3  3 -1 -1 -3 -3 -2   13   3  11   6   0   3   8   4   1   2   3  14   1   1  17   4   4   0   1   3  0.32 0.23
   54 D   -1 -2  0  3 -3 -1  2  4 -2 -3 -3  0 -4 -4 -3  0 -2 -4 -4 -3    5   1   5  14   1   3  14  34   1   2   3   5   0   1   1   6   2   0   0   2  0.55 0.32
   55 E    1 -2 -1  2 -3  3  5 -2 -2 -3 -3 -1 -3 -3 -2 -1  0 -3 -3 -3   10   1   2   9   0  11  37   4   1   1   2   4   1   1   2   3   6   0   1   2  0.60 0.36
   56 L    0  0  0 -1 -2  0  0 -1  3  0  1  1  0 -1 -1 -1  0  0 -1  0    6   6   3   2   1   3   7   4  10   5  18   9   2   2   2   5   5   1   2   7  0.07 0.08
   57 L    0  0 -1 -1 -1  0  1 -1  0 -1  1  0  0 -1  0  0  1 -1 -1  0    7   4   3   3   2   3  11   4   2   3  19   5   1   3   5   6   9   1   1   8  0.05 0.07
   58 E    0  0  1  2 -4  0  4 -1  0 -3 -2  1 -2 -3  0 -1 -1 -4 -3 -3    9   6   5  10   0   2  27   5   2   2   4  10   1   1   4   4   3   0   1   2  0.32 0.22
   59 K    0 -2  0  3 -4  0  2 -2 -2 -2 -2  2 -1 -3  0  0  2 -4 -3 -2    7   2   4  14   0   4  13   3   1   3   5  11   2   1   6   7  15   0   1   3  0.24 0.20
   60 Q   -1 -1  1  3 -4  1  2  2 -1 -3 -4  1 -2 -4  0  1 -1 -2 -4 -2    4   2   6  17   0   5  14  18   1   2   1   8   1   1   4   9   4   1   0   3  0.34 0.24
   61 I    0 -1 -1 -1 -2  0  1 -1  0  2 -1  1 -1 -2  1 -1  0 -3 -1  2    6   3   2   4   1   4   8   5   2  16   5  10   1   2   6   3   7   0   2  17  0.12 0.12
   62 K   -1  1  0 -1 -2  1  2 -2  1 -2 -3  2 -2 -2  1  1  3 -4 -1  0    3   7   4   3   1   5  15   2   3   2   2  11   1   2   6   9  17   0   2   6  0.22 0.20
   63 L   -1 -5 -5 -6 -1 -4 -4 -6 -2  2  1 -5 -2  1 -5 -4 -3 -2  0  6    5   1   0   0   1   1   2   1   1  12  10   1   1   5   1   1   1   1   3  53  1.07 0.53
   64 I    1  3 -2 -4  0 -1 -3 -3 -2 -2 -4  1 -3 -3 -4  4  2  0 -4 -1    9  17   2   1   2   2   1   1   1   3   1   8   1   1   0  30  14   1   1   5  0.56 0.41
   65 I   -3 -6 -7 -7 -1 -5 -6 -6 -7  4  3 -6 -1 -2 -6 -4  0 -6 -4  5    2   0   0   0   1   1   0   1   0  23  22   0   1   1   0   1   6   0   0  39  1.12 0.55
   66 A    6 -3 -4 -6  1 -3 -4 -1 -3 -3 -5 -4 -2 -4 -4 -1  0 -3 -4  0   65   2   1   0   3   1   1   5   1   1   1   1   1   1   1   5   5   1   1   5  1.23 0.66
   67 G   -4 -8 -6 -7 -3 -7 -8  8 -8 -9 -7 -7 -8 -8 -8 -5 -7 -8 -8 -6    1   0   0   0   1   0   0  95   0   0   1   0   0   0   0   1   0   0   0   1  2.82 1.13
   68 R   -7  9 -6 -7 -9 -5 -6 -8 -6 -5 -8 -3 -3 -8 -8 -7 -7 -8 -7 -8    0  96   0   0   0   0   0   0   0   1   0   1   1   0   0   0   0   0   0   0  3.25 1.30
   69 I   -4 -7 -7 -6 -6 -7 -7 -8 -7  6  1 -7  2 -4 -7 -6 -4 -7 -6  5    1   0   0   0   0   0   0   0   0  44  13   0   5   0   0   0   1   0   0  33  1.58 0.71
   70 L   -3  1 -4 -5 -4 -3 -4 -5  4  1  1 -2  7 -2 -6 -2  0 -2 -1  2    2   7   0   1   0   1   1   1  10   9  10   3  29   2   0   3   7   1   2  12  0.84 0.50
   71 T    3  0  1 -4 -5 -2 -3  0 -1 -3  1 -2 -3  0 -5  3  2 -6 -4 -2   22   5   7   0   0   2   1   7   1   1  12   1   0   4   0  23  11   0   0   2  0.41 0.36
   72 Q   -3  2 -4 -5 -3 -2 -4 -4 -2  4  1  4  2 -1 -4 -3 -3  0 -2  1    1  12   1   0   1   2   1   1   1  20  12  30   4   3   0   1   1   1   1   8  0.65 0.43
   73 R   -5  9 -4 -8 -9 -5 -6 -6 -6 -9 -8 -2 -7 -9 -8 -5 -7 -8 -8 -8    1  94   1   0   0   0   0   1   0   0   0   2   0   0   0   1   0   0   0   0  3.14 1.31
   74 G    3  0  0  2 -2 -1  1  1 -2 -3 -2  0 -3 -5 -3  1  0 -4 -5 -1   24   5   4  14   1   2   9  10   1   1   3   5   0   0   1  11   4   0   0   4  0.30 0.27
   75 P    2 -4 -3 -5  2 -1 -5 -3  6 -1 -4 -2  3 -5 -3  4 -1 -7 -3 -2   17   0   1   0   4   3   0   2  17   4   1   2   6   0   1  32   4   0   1   3  0.80 0.54
   76 F   -8 -8 -8 -9 -8 -8 -8 -8 -7 -6 -5 -3 -6 10 -9 -8 -8  0 -2 -7    0   0   0   0   0   0   0   0   0   0   1   2   0  93   0   0   0   1   1   0  3.49 1.33
   77 I    3 -5 -5 -4  1 -5 -5 -2 -4  2  2 -5  2  2 -5 -2 -3 -1  5  1   22   0   0   1   3   0   0   4   0  10  16   0   5   9   0   2   1   1  17   8  0.61 0.39
   78 V   -5 -1  1  6 -6 -1 -1 -5  4 -2 -5 -1 -3 -3 -5 -3  2 -7 -5  0    0   3   6  42   0   3   4   1  10   2   1   3   1   1   1   2  14   0   0   8  1.00 0.57
   79 I   -4 -7 -7 -7 -3 -7 -7 -7 -7  5  5 -7  0 -1 -7 -6 -4 -6 -5  2    1   0   0   0   1   0   0   0   0  28  52   0   2   2   0   0   1   0   0  11  1.47 0.69
   80 Q   -1  3 -2 -2 -3  4  1 -4  3 -3 -2  1 -1 -2 -5 -2 -1 -2  1  0    4  18   2   2   1  20  10   1   8   2   5   7   2   1   0   3   3   1   5   6  0.47 0.36
   81 D   -2 -3 -2  7 -7  1  0  1 -2 -6 -8 -4 -7 -8 -6 -1 -4 -8 -5 -5    4   1   2  62   0   5   4  10   1   1   0   1   0   0   0   6   1   0   1   1  1.60 0.82
   82 T    0  0  0  3 -3  1  3  2  0 -3 -2 -2 -1  0 -3 -1 -3  2 -3 -2    7   6   5  14   0   5  18  16   2   1   4   2   2   4   1   5   1   3   1   2  0.28 0.25
   83 N   -3 -2 -1  0 -6 -3 -1  4  0 -5 -5 -1 -4 -2 -4  4  3 -1 -1 -5    1   3   3   5   0   1   4  27   2   1   1   3   0   2   0  27  16   1   2   0  0.66 0.48
   84 G    1 -3 -2  0 -3 -1  0  5  1 -4 -5 -3 -5 -3 -6 -1 -1 -6 -2  0   10   2   2   5   1   3   6  48   3   1   1   1   0   1   0   4   4   0   1   7  0.80 0.49
   85 K   -3  4 -1  0 -3  2  0 -4 -2 -2 -5  5 -2 -4 -4 -1  1 -6 -4 -2    1  19   3   5   1   8   6   1   1   2   1  31   1   1   1   5   9   0   1   3  0.68 0.45
   86 I   -4 -5 -7 -7 -2 -5 -7 -6 -4  6  3 -6  1  1 -7 -6 -3 -6 -4  3    1   1   0   0   1   1   0   1   1  43  26   0   3   5   0   0   1   0   1  16  1.29 0.62
   87 Q   -7 -6 -6 -7 -8  9 -5 -8 -6 -3 -8 -5 -7 -8 -3 -6 -7 -8 -7 -8    0   0   0   0   0  94   0   0   0   2   0   0   0   0   1   0   0   0   0   0  3.40 1.53
   88 L   -1 -7 -7 -7 -1 -6 -7 -4 -7  5  3 -7 -1 -2 -7 -3 -4 -2 -5  4    6   0   0   0   1   0   0   2   0  25  30   0   1   2   0   2   1   1   0  29  1.09 0.60
   89 Y   -3 -6 -7 -7  0 -2 -5 -5 -1  0  1 -2  6  3 -7 -3 -4 -1  6  2    3   0   0   0   2   2   0   1   1   4  12   2  17  11   0   2   1   1  26  15  1.06 0.62
   90 V    2 -5 -4 -6  4 -6 -6 -5 -6  2  2 -6 -1  3 -6 -1 -3 -1 -3  3   17   1   1   0   9   0   0   1   0  12  21   0   1  13   0   5   1   1   1  17  0.69 0.44
   91 D   -2  3  3  2 -6  2  1 -4  0 -6 -5  2 -2 -5 -4  2  0 -2 -4 -4    2  13  13  12   0   9   9   1   2   0   1  14   1   1   1  14   5   1   1   1  0.56 0.44
   92 K    2  3 -1 -2 -2  1  0 -3 -2 -2 -1  4 -1 -2 -2  0 -2 -6 -2 -1   15  17   3   2   1   5   6   1   1   2   6  23   2   1   2   6   2   0   1   4  0.38 0.33
   93 K   -1  1  2  5 -7  1  0 -1 -3 -5 -5  2 -3 -7 -3  0 -2 -7 -4 -4    5   7  11  32   0   7   6   5   0   1   1  12   1   0   1   8   2   0   1   1  0.69 0.49
   94 E    0  1  1  2 -4  1  2 -2  0 -1 -2  1 -1 -1 -2  0  0 -4 -1  1    6   6   8  12   0   5  14   3   3   3   4   8   1   2   2   6   5   0   2   9  0.14 0.16
   95 L   -2 -2 -4 -4 -1 -3 -4 -3 -1  2  3 -4  1  0 -3 -1  1 -1  2  2    3   2   1   1   1   1   1   2   2   9  32   1   3   4   2   5   8   1   7  14  0.42 0.31
   96 E   -1 -3 -2  2 -2  0  2  4 -1 -6 -5  0 -5 -6  1  0 -1 -6 -3 -3    5   1   2   9   1   4  15  34   1   0   1   5   0   0   8   6   4   0   1   2  0.61 0.44
   97 E   -1 -3  0  4 -7 -1  5 -2 -3 -4 -5  0 -3 -4  0  0 -2 -7 -6 -5    5   1   5  24   0   3  34   4   1   1   1   5   1   1   5   8   2   0   0   1  0.86 0.58
   98 Q   -1 -2 -1  1 -5  0  3  0 -2 -3 -2  0 -1  4  0 -2 -2  0  2 -3    6   2   3   9   0   4  17   8   1   2   4   5   1  20   4   3   3   1   5   2  0.33 0.29
   99 K    1 -1 -1  0 -5  0  1 -3  0 -2 -2  2 -1  3 -1 -1 -1  3  4 -2   11   3   3   5   0   4  10   2   2   2   4  12   1  11   3   5   4   3  13   2  0.27 0.25
  100 E    1  1 -1  1 -5  1  3 -3 -1 -3 -2  1 -2  2 -3 -1 -1  0  1 -3   11   6   3   9   0   6  20   2   1   1   4   9   1   8   1   4   3   1   5   2  0.27 0.25
  101 T    0 -1 -2  0 -1  1 -1 -4  0  1  2 -1  0  4 -2 -2 -2  3 -1 -1    8   3   2   6   2   6   5   2   2   8  17   4   2  16   2   3   3   4   2   5  0.27 0.17
  102 L   -1 -1 -1 -3  0 -2 -3 -4  3  0  2  0  1  4 -3 -2 -1  1  1  0    5   3   3   1   2   2   2   1   8   5  20   7   3  17   1   2   3   2   3   7  0.32 0.24
  103 A    0  1  0  2 -5  0  1 -1  2 -5 -2  4 -1 -2 -2  0 -2 -5 -2 -2    6   8   5   9   0   4   8   4   4   0   4  27   1   2   2   8   3   0   1   3  0.37 0.30
  104 L   -1  0  1  1 -1  0 -1 -2  1 -1  2  1  0  0 -2  0  0  1  1 -2    5   4   7   9   2   3   4   3   3   3  21   9   3   3   2   5   6   2   4   2  0.08 0.11
  105 L   -1 -1 -1 -5  2 -4 -4 -2 -4  3  3 -4  1  1 -1 -1 -1  2  0  1    4   4   3   0   4   0   0   4   0  19  25   0   4   5   4   4   4   3   3  10  0.33 0.25
  106 D    0  0  0  0  2  0  0 -1  2  0 -1  0 -2  0  0  0  0  3  1 -1    5   5   5   5   5   5   5   5   5   5   5   5   0   5   5   5   5   5   5   5  0.06 0.08
  107 I   -2  4 -4 -2 -3 -3 -3 -4 -3  3  2 -1  0 -2 -3 -2  0 -5 -2  1    4  28   0   2   0   1   1   1   0  18  22   2   1   1   1   3   5   0   1   8  0.53 0.33
  108 G   -3 -7 -4 -4 -4 -6 -6  7 -6 -4 -5 -6 -7 -4 -7 -3 -6 -2 -7 -7    2   0   1   1   0   0   0  90   0   1   1   0   0   1   0   1   0   1   0   0  2.39 0.87
  109 D   -5 -7 -4  9 -8 -5 -4 -4 -6 -8 -8 -6 -8 -8 -6 -5 -4 -9 -8 -8    1   0   0  95   0   0   0   1   0   0   0   0   0   0   0   0   1   0   0   0  2.97 1.07
  110 I   -5 -4 -6 -5 -4 -4 -7 -7  1  6  1 -6  0  5 -7 -5 -4  2  1  0    0   1   0   1   0   1   0   0   3  46   9   0   2  25   0   0   0   2   4   5  1.28 0.56
  111 I   -2 -7 -7 -7 -3 -7 -7 -7 -7  6  1 -7 -1 -1 -7 -4 -5 -7 -3  5    3   0   0   0   1   0   0   0   0  38  11   0   1   3   0   1   0   0   1  43  1.43 0.62
  112 Y   -1 -3 -3 -4 -2 -1  2  6 -2 -4 -4 -4 -6 -3 -6  0 -3  2 -2 -4    5   1   1   0   1   3  12  57   1   1   1   0   0   1   0   7   1   2   2   1  1.08 0.55
  113 V    2 -6 -7 -7  1 -6 -6 -5 -7  3 -2 -6 -1  1 -5 -3 -3 -6 -5  6   17   0   0   0   3   0   0   1   0  14   3   0   1   5   1   1   1   0   0  54  1.21 0.59
  114 K   -2  1 -1 -1 -3  1  3 -3  1 -2 -4  2 -3 -4 -4  1  4 -5 -1 -2    2   8   3   2   1   5  16   1   4   2   1  13   0   0   0  11  26   0   2   3  0.46 0.35
  115 G   -3 -8 -2 -7 -8 -7 -8  8 -7 -9 -9 -7 -8 -9 -8 -6 -7 -8 -9 -9    2   0   2   0   0   0   0  96   0   0   0   0   0   0   0   0   0   0   0   0  2.83 1.07
  116 T   -2  0  0 -2 -2 -1  1 -3  2  0 -2  0 -2  3  0  0  2 -2  2  0    1   6   3   2   1   2   9   1   4   4   1   6   1  15   5   6  14   0   8   9  0.22 0.22
  117 L   -2 -3 -6 -5 -2 -4 -5 -6 -6  2  2 -4  2 -3  5 -4 -2 -3 -3  3    3   1   0   0   1   0   0   0   0  11  20   1   4   1  31   1   2   0   1  22  0.91 0.50
  118 M   -2 -2 -5 -2  0 -4 -4  3 -1 -1 -3 -2  1  6 -6 -2 -1 -1  1  1    3   3   0   3   2   0   1  25   1   4   2   2   4  32   0   2   4   1   3   9  0.69 0.40
  119 K   -2  6 -3 -3 -4 -2 -2 -5 -2 -2 -1  4 -1 -2 -4 -2  1 -6 -1 -1    2  37   0   1   0   1   1   0   1   2   5  28   1   2   0   2   8   0   2   4  0.86 0.49
  120 T   -3 -5 -1 -5 -5 -4 -2 -5 -5 -5 -5 -4 -5 -6 -2  3  7 -6 -5 -3    1   0   2   0   0   0   3   0   0   0   1   0   0   0   2  20  67   0   0   1  1.69 0.78
  121 M   -3  4  2 -1 -5  2 -1 -1  0 -4 -4  5 -2 -5 -3 -2 -2 -5 -4 -4    2  21   8   4   0   9   2   6   2   1   2  35   1   0   1   2   2   0   0   1  0.77 0.44
  122 K    0  3 -1 -3 -3 -1 -3 -3 -1 -3 -4  3  1 -4 -3  0  5 -5 -4 -3    7  18   3   1   1   2   1   2   1   1   1  17   3   1   1   6  33   0   0   2  0.68 0.43
  123 G   -2 -5 -1 -2 -2 -3 -3  7 -3 -6 -5 -3 -3 -6 -5 -4 -5 -6 -6 -6    2   0   3   2   1   1   2  80   1   0   1   2   1   0   0   0   0   0   0   0  1.90 0.76
  124 E   -3 -4 -4 -1 -6  1  7 -4  0 -6 -6 -2 -2 -6 -5 -4 -1 -6 -5 -3    2   0   0   3   0   6  75   2   2   0   1   2   1   0   0   0   3   0   0   2  1.80 0.80
  125 L   -2 -1 -3 -4 -2 -2 -2 -5 -1  2  4  0 -1 -1  1 -4 -2 -2 -2  1    2   4   1   1   1   2   2   0   2  11  47   6   1   2   6   1   2   1   1   7  0.56 0.35
  126 T   -2 -5 -4 -4  1 -4 -4 -3 -5 -3 -4 -4 -5 -5 -5  6  5 -6 -2 -3    2   0   0   0   3   0   0   2   0   1   2   0   0   0   0  52  31   0   2   2  1.36 0.70
  127 I   -3 -5 -5 -6  0 -3 -5 -6 -5  5  3 -5  0 -2 -5 -5 -4 -5 -4  4    2   0   0   0   2   1   0   1   0  32  24   0   2   2   0   1   0   0   0  32  1.08 0.49
  128 K   -1  1  0  0  0  0  0 -3  2  0  1  1  1  3 -3 -1 -2  3  0 -1    5  10   5   5   2   3   6   1   6   5  14   8   3  15   0   3   1   4   3   3  0.15 0.15
  129 V    4 -5 -5 -5  1 -4 -4 -3 -5  0 -2 -4  0 -4  3 -1  0 -5 -4  4   33   0   0   0   3   0   0   2   0   4   3   0   2   0  12   3   4   0   0  31  0.76 0.49
  130 N   -1  1  0  1 -2  1  1 -2  1 -1 -2  2 -1 -2 -3  1  2 -1 -2 -2    4   8   4   8   1   4  10   2   3   3   3  17   1   1   0  10  14   1   1   3  0.21 0.21
  131 F   -1  1  1  2 -1  1  2 -1  1 -2 -3  1 -3 -1 -3  2  0 -4 -2 -2    5   6   5  11   1   4  17   4   3   2   2  10   0   3   0  16   6   0   1   3  0.23 0.22
  132 F   -1 -4 -2 -5  0 -2 -4 -3  0  2  1 -4  1  3 -2 -2 -2  7  2  2    5   0   2   0   2   2   0   2   2  10  14   0   3  13   2   3   2  13   6  16  0.54 0.33
  133 D   -1  2 -1  0  1  2  1 -2  0 -1 -2  1 -1 -2 -2  0  2  0 -1  1    4  11   3   5   3  10   9   2   3   4   3   7   2   2   2   4  15   1   2  10  0.14 0.17
  134 L   -1 -1 -1 -4  1 -1 -3 -4  1  2  2 -1  4  1  0 -1 -1  2  0  0    3   3   3   0   3   3   0   0   3  12  25   3  13   5   4   3   3   3   3   6  0.23 0.20
  135 L    0 -1  1 -1 -2  1  0  0  2  0  0 -1  2 -2 -2  0  1 -3 -2  0    8   0   8   0   0   8   8   8   8   8   8   0   8   0   0   8   8   0   0   8  0.08 0.11
  136 T    4 -5 -3 -5  0 -3 -4 -2 -2 -5 -5 -4 -5 -6 -5  5  3 -6 -5 -2   33   0   1   0   2   0   0   3   1   0   0   0   0   0   0  40  18   0   0   2  1.09 0.65
  137 K   -3 -2 -5 -5 -5 -4 -4 -6  2 -4 -7  7 -4 -7  5 -4 -3 -7 -3 -5    1   1   0   0   0   0   0   0   4   1   0  60   0   0  28   1   2   0   1   1  1.75 0.84
  138 G    3 -6 -3 -3  9 -5 -5 -3 -4 -4 -6 -5 -3 -7 -3  4  0 -7 -6 -4   22   0   1   2  39   0   0   1   0   1   0   0   1   0   1  26   5   0   0   0  1.59 0.76
  139 L   -5 -3 -5 -7 -4 -5 -7 -8 -4  2  6 -5  1 -1 -7 -5 -2 -2 -2  0    0   1   0   0   0   0   0   0   0  11  73   0   2   2   0   0   2   1   1   4  1.41 0.67
  140 T   -2  5 -2 -4 -1  1 -2 -5  7 -3  0  0 -3 -5 -5 -3 -3 -3 -2 -2    3  35   1   1   1   5   2   0  30   1   8   4   0   0   0   2   1   0   1   3  1.15 0.61
  141 P   -2 -4 -1 -1 -6 -1 -3 -5  0 -3 -3 -4  5 -5  7 -1 -2 -7 -6 -3    3   1   4   4   0   3   2   1   2   1   2   1  14   0  56   4   2   0   0   2  1.52 0.74
  142 L   -4 -3 -4 -4 -5 -5 -6 -4 -4  2  5 -5  4  0  1 -5 -3 -1 -1  0    0   1   1   1   0   0   0   2   0   9  54   0  11   4   8   0   1   1   2   4  0.91 0.51
  143 A   -4 -7 -7 -4 -8 -3 -6 -4 -7 -8 -5 -6 -7 -9  9 -3 -3 -9 -8 -7    1   0   0   1   0   2   0   2   0   0   1   0   0   0  90   2   2   0   0   0  2.95 1.18
  144 E   -1  2  1  4 -3  0  3 -2  2 -4 -4  0 -3 -2  0  0 -1 -5 -3 -2    3  10   6  22   0   2  19   2   6   0   1   6   0   1   5   7   4   0   1   3  0.41 0.29
  145 K    0  1 -2 -2 -3  2  0 -2 -1 -3 -1  5 -1 -4  0  0 -1 -5 -4 -2    7   6   1   2   0   9   6   3   1   1   5  40   1   1   4   7   3   0   0   3  0.49 0.34
  146 Y   -2  0 -2 -3 -4  0 -2 -2  5 -2 -3  1 -2  3 -3 -2 -1  8  4 -2    4   5   1   1   0   3   2   3  14   3   2   9   1  10   1   2   4  19  12   3  0.71 0.36
  147 H    1 -2 -1 -1 -4  0 -2  0  7 -3 -3 -1 -2  1 -2  0 -2  0  3 -3   13   1   3   3   0   3   2   8  30   1   2   4   1   6   2   6   2   1  11   2  0.62 0.36
  148 G    0 -1 -1 -2 -4 -2 -1  6 -1 -3 -4 -1 -3 -4 -1 -1 -3 -2 -4 -3    8   4   3   2   0   1   3  59   2   1   2   3   1   0   3   3   1   0   0   2  0.93 0.44
  149 L   -3 -3 -4 -5 -4 -4 -4 -3 -4  2  4 -3  1  1  0 -4 -3 -4 -2  2    1   2   1   0   0   0   1   3   0  12  51   1   2   5   6   1   1   0   1  11  0.67 0.38
  150 V    0  1 -1 -1 -2  1  0  0 -2 -2 -2  3 -2 -3 -2  1  2 -4 -3 -1    5   6   1   2   0   7   7   7   1   2   3  21   1   1   1  12  17   0   0   5  0.24 0.23
  151 D   -2 -3  3  7 -6 -3  0 -4 -2 -2 -6 -4 -5 -6 -2 -1 -4 -6 -5 -4    4   1  12  66   0   1   5   1   1   2   0   0   0   0   2   3   0   0   0   1  1.48 0.66
  152 V   -1  0 -2  0 -3  1  1 -3  0  0 -2  2 -1 -3  4  0  0 -4 -2  1    4   3   1   4   0   8  10   0   2   6   1  12   1   0  20   6   5   0   1  14  0.30 0.23
  153 E   -2 -1  0  2 -5 -1  6 -2  0 -5 -5 -2 -4 -5 -4 -1 -2 -5 -4 -2    3   3   5  10   0   1  62   3   2   0   1   1   0   0   0   4   2   0   0   3  1.13 0.57
  154 E    1 -1  0 -2 -3  2  0 -3 -1  1  1  0  0 -1 -2  0  3 -2 -2  0   10   2   4   1   0   9   7   1   1   9  12   7   2   2   1   3  23   0   1   4  0.16 0.19
  155 R   -2  7  0 -4  0  0 -2 -4 -2 -2 -1  1 -1 -5 -3 -1 -3 -5 -4 -3    3  60   4   0   2   3   2   0   1   3   7   6   1   0   1   5   1   0   0   1  1.05 0.52
  156 Y    0 -2 -3 -4 -1 -1 -3 -3  0 -1  0 -2  1  2 -2 -1 -1  0  6  1    9   2   1   0   1   3   1   1   2   2  10   2   3   9   2   4   3   1  33  12  0.47 0.32
  157 R   -3  7  0 -4 -6 -1 -2 -4 -1 -5 -4  1 -2 -5 -3 -2 -4 -5 -1 -5    2  73   4   0   0   1   2   1   1   0   1   7   1   0   1   2   0   0   2   0  1.59 0.68
  158 K   -2  2  2 -1 -4  4  1 -3  2 -3 -3  3  0 -2 -1 -1 -1 -4 -1 -3    2   9  10   2   0  23   7   1   5   1   2  23   3   1   2   2   2   0   2   0  0.47 0.31
  159 R   -4  7  0 -4 -5 -2 -3 -2 -3 -1 -4  0 -4 -5  0 -3 -3 -5 -4 -4    1  77   3   0   0   0   1   2   0   4   1   2   0   0   5   1   0   0   0   1  1.54 0.61
  160 Y   -2 -3 -2 -3 -1 -3  1 -4  4 -3 -3 -3 -3  0 -2 -1 -1  3  7 -1    4   0   1   0   1   0   8   1  12   0   1   0   0   2   2   5   4   3  49   5  1.00 0.50
  161 L   -1 -2 -4 -4 -3 -2 -3 -2 -4  1  4 -2  2 -1 -4 -1 -1 -3 -1  3    4   2   0   0   0   1   0   2   0   5  45   2   4   1   0   4   4   0   1  21  0.44 0.29
  162 D   -1 -2  0  7 -5  0  0 -3  2 -5 -3 -1 -4 -4 -3 -1 -2  1 -1 -4    4   2   2  61   0   4   4   0   6   0   2   4   0   0   0   3   2   2   2   0  1.07 0.51
  163 L   -2 -4 -4 -5  0 -2 -4 -5 -4  1  4 -4  3  1 -4 -2  0  1  0  0    2   0   0   0   2   2   0   0   0   4  54   0   9   5   0   3   6   2   2   4  0.64 0.38
  164 I    1 -2 -1 -4 -3 -1 -3 -4 -3  4  1 -2  3  0 -4 -2 -1  4  0  1   11   3   3   0   0   2   0   0   0  33  12   3   9   3   0   3   3   7   2   5  0.40 0.30
  165 S    0 -3 -1 -1  1  0 -1 -1  1  0  0 -2  2  2 -3  0  1  2  0  2    7   0   3   3   3   5   3   4   4   5   6   0   7   8   0   5   8   4   3  21  0.12 0.16
  166 N   -1  1  1  1  3  1  1  0  2 -3 -3 -1 -2 -2  1  0  0 -2  1 -2    1   8   7   8   7   7   8   8   7   0   1   0   0   0   8   8   8   0   7   0  0.14 0.16
  167 P   -1  0 -1  2 -5  0  2 -3 -2 -5 -2  0 -3 -5  6 -1 -2 -6 -4 -3    4   6   2  12   0   4  14   2   1   0   4   6   1   0  37   5   1   0   0   1  0.81 0.39
  168 N   -2 -1 -1  4 -6  1  5 -2  0 -6 -6  0 -4 -4 -3  0 -2 -6 -4 -5    3   4   2  20   0   5  44   3   2   0   0   6   0   1   1   7   1   0   0   1  0.87 0.43
  169 I    2 -3 -2 -4 -4 -3 -3 -4 -5  0 -1 -3 -3 -4 -3  2  2 -6 -4  5   15   1   1   0   0   1   1   0   0   3   4   1   0   0   1  18  12   0   0  41  0.65 0.39
  170 K   -1  6 -4 -5 -5 -1 -3 -4  1 -3 -2  3  1 -1 -4 -2 -3 -4  0 -2    6  50   0   0   0   1   0   1   3   2   4  17   4   2   1   2   1   0   3   2  1.01 0.48
  171 E   -1  2  1  3 -6  3  4 -3  1 -5 -5  2 -3 -5 -3 -2 -2 -3 -3 -5    5  11   8  17   0  14  25   1   4   0   0  10   0   0   1   2   2   0   0   0  0.64 0.35
  172 I   -1  3 -2 -3 -3 -1 -3 -4 -2  3  0  0  1 -3 -4 -3  2 -4 -3  3    4  17   2   1   0   2   0   0   1  20   8   5   3   1   0   0  16   0   0  19  0.41 0.27
  173 F   -2 -6 -7 -7 -6 -5 -7 -7 -5  0  2 -6  0  8 -7 -6 -5 -3  0 -2    4   0   0   0   0   1   0   0   0   6  16   0   2  67   0   0   0   0   1   2  1.89 0.67
  174 W   -1  3 -2 -2 -3  0  0 -4 -2  3  0  2 -1 -2 -4 -2 -2 -2 -1  2    5  19   1   1   0   4   8   0   1  19   8  14   1   1   0   1   2   0   2  13  0.32 0.23
  175 T    1  1 -2 -2 -4  1 -2 -3 -3  1  1  3  0 -2 -4 -2  3 -4 -3  0   11   6   1   1   0   6   0   1   0   8  12  21   3   2   0   1  22   0   0   5  0.32 0.26
  176 R   -5  8 -5 -6 -8 -3 -5 -6 -3 -5 -6  1 -6 -7 -7 -5 -6 -7 -6 -6    1  89   0   0   0   0   0   0   0   1   0   7   0   0   0   0   0   0   0   0  2.61 0.91
  177 T    3 -4 -1 -3 -4 -2 -3 -2  0 -3 -5 -4 -4 -1 -4  6  1 -2 -3 -4   21   0   2   1   0   1   0   2   2   1   0   0   0   2   0  56   8   1   1   0  1.02 0.54
  178 K    0  4 -1 -2 -4  1  1 -3  0 -2 -2  5 -2 -3 -4 -2 -2 -5 -4 -3    9  20   2   1   0   6   9   1   2   2   4  38   1   1   0   1   2   0   0   2  0.67 0.36
  179 V   -1 -6 -6 -6 -2 -5 -6 -4 -6  6  0 -5  2  2 -5 -4 -2 -5 -3  3    6   0   0   0   1   0   0   1   0  47   8   0   4   9   0   0   2   0   0  20  1.02 0.44
  180 I   -3 -5 -3 -6 -2 -5 -4 -6 -6  6  1 -5  1 -2 -6 -5 -1  4 -1  4    1   0   1   0   1   0   1   0   0  44  12   0   3   1   0   0   3   6   2  26  1.06 0.45
  181 S    1  3  1 -1 -3  3  0 -1  0 -4 -4  2 -3 -3 -4  3  0 -3 -3 -4   10  16   5   3   0  13   3   3   2   0   1  13   0   1   0  22   6   0   0   0  0.42 0.28
  182 K    3 -2 -1 -3 -1 -2  1 -1  0 -2 -1 -1 -2  2 -4  1  0 -1  4 -1   24   1   2   0   1   1  10   5   2   1   4   2   1   7   0  11   7   0  17   3  0.31 0.24
  183 I   -3 -5 -5 -6 -3 -5 -6 -4 -3  6  2 -5  4 -1 -6 -4  0 -4 -4  2    1   0   0   0   0   0   0   1   1  48  18   0  11   2   0   0   5   0   0  13  1.08 0.45
  184 R   -4  9 -5 -6 -8 -3 -4 -6 -3 -7 -7 -2 -4 -7 -7 -5 -5 -7 -6 -7    1  96   0   0   0   1   0   0   0   0   0   1   0   0   0   0   0   0   0   0  2.83 0.94
  185 K   -1  4  2  2 -4  1  2 -2  0 -5 -4  2 -3 -5 -3  1 -1 -5 -4 -4    5  23  11  11   0   6  15   2   2   0   0  12   0   0   0   9   3   0   0   0  0.52 0.29
  186 F   -2 -5 -5 -6 -5 -4 -4 -5 -1 -2 -2 -5 -3  7 -6 -2  0  1  5 -1    4   0   0   0   0   1   1   1   1   2   2   0   0  54   0   4   6   2  20   3  1.47 0.57
  187 F   -5 -6 -6 -7 -4 -5 -6 -7 -5 -2  5 -6  4  5 -6 -6 -5 -2  0 -3    0   0   0   0   0   0   0   0   0   0  65   0   9  20   0   0   0   0   3   0  1.46 0.57
  188 D   -2 -3  2  5 -5 -1  2 -2  3 -1 -2 -1 -3 -4 -4 -1 -1  2 -3 -2    2   0   9  40   0   1  14   2   6   4   5   3   0   0   0   3   4   3   1   3  0.68 0.35
  189 E    0 -1  2  3 -4  1  3  0 -2 -5 -5  2 -3 -5 -3  1 -1 -5 -4 -4    8   2  11  18   0   6  21   7   0   0   0  11   1   0   0  12   2   0   0   0  0.49 0.28
  190 Q   -2  5  1 -1 -4  1  1 -3  3 -4  0  2  0 -4 -4 -2 -3 -2 -3 -4    2  35   7   2   0   5   8   2   7   0  12  12   3   0   0   1   1   1   0   0  0.59 0.32
  191 N   -3 -2  2  3 -4 -3 -2  6 -2 -7 -7 -3 -5 -6 -5 -2 -4 -6 -5 -6    1   2   9  16   0   1   3  64   1   0   0   1   0   0   0   2   0   0   0   0  1.41 0.54
  192 F   -5 -7 -7 -7 -4 -6 -7 -6 -3 -4 -3 -7 -4  9 -8 -5 -6 -1  4 -5    0   0   0   0   0   0   0   0   0   0   1   0   0  82   0   1   0   1  14   0  2.68 0.84
  193 M   -3 -4 -5 -5 -3 -4 -4 -5 -4  3  4 -4  4 -1 -5 -4  0 -1 -1  2    1   1   0   0   0   1   1   0   0  17  47   0  10   1   0   1   5   1   2  11  0.81 0.37
  194 E   -5 -4 -5 -2 -8 -2  8 -6 -4 -8 -7 -3 -4 -8 -5 -4 -5 -7 -6 -7    0   0   0   1   0   0  97   0   0   0   0   0   0   0   0   0   0   0   0   0  2.64 0.92
  195 V   -3 -6 -7 -7 -3 -5 -6 -7 -7  2 -2 -6 -1 -2 -6 -5 -3 -6 -5  7    1   0   0   0   1   0   0   0   0   9   1   0   1   2   0   0   1   0   0  84  1.91 0.69
  196 E   -4 -4 -1  0 -7  0  7 -4 -1 -7 -7 -2 -6 -5 -5 -3 -3 -7 -5 -5    0   0   2   5   0   4  82   1   1   0   0   1   0   0   0   1   1   0   0   0  1.91 0.73
  197 T   -4 -5 -4 -5 -4 -5 -5 -5 -6 -3 -5 -5 -4 -6 -5 -2  8 -7 -6 -3    0   0   0   0   0   0   0   1   0   2   0   0   0   0   0   2  93   0   0   1  2.38 0.87
  198 P   -5 -5 -4 -6 -7 -6 -6 -6 -7 -7 -7 -5 -7 -8  9 -3 -5 -8 -7 -7    1   1   1   0   0   0   0   0   0   0   0   0   0   0  95   2   0   0   0   0  3.21 0.99
  199 M   -3 -4 -5 -6 -3 -5 -5 -6 -5  5 -1 -4  7 -3 -6 -4  0 -5  0  4    2   1   0   0   0   0   0   0   0  33   1   0  26   1   0   1   6   0   3  25  1.18 0.50
  200 L   -5 -6 -7 -7 -4 -5 -6 -7 -6  0  6 -6  6 -1 -6 -6 -4 -5 -5 -2    0   0   0   0   0   0   0   0   0   3  74   0  18   2   0   0   0   0   0   1  1.69 0.63
  201 H   -2 -3  3 -2 -4  6  1 -2  5 -5 -3 -3 -4 -4 -4  0 -1 -2 -4 -3    2   0  14   1   0  44   7   4  13   0   2   0   0   1   0   5   3   0   0   2  1.05 0.51
  202 S    0 -1  0 -2 -4  0 -2 -2  1 -2 -3 -2  3 -4  5  1  2 -4 -3 -2    9   3   5   2   0   3   2   2   3   2   2   1  10   0  30  11  12   0   1   2  0.56 0.32
  203 I   -2 -3 -1 -4 -3  0 -2 -3 -2  4  1 -1  0 -2 -4  0  1 -4 -2  2    3   1   3   0   0   5   2   2   1  33  14   3   1   0   0   6   8   0   1  17  0.40 0.25
  204 L    4 -3 -3 -5 -4 -2 -3 -4  3 -4 -3 -3 -3 -3  4 -1 -1 -4  5 -2   36   1   1   0   0   2   1   0   6   1   1   1   0   0  20   4   3   0  21   2  0.88 0.45
  205 G   -2 -5 -2 -5 -4 -5 -6  7 -6 -5 -7 -5 -6 -7 -6  0 -2 -6 -7 -7    2   0   1   0   0   0   0  85   0   1   0   0   0   0   0   8   2   0   0   0  2.07 0.71
  206 G   -3 -6 -1 -5 -7 -6 -6  8 -6 -8 -8 -6 -7 -7 -6 -4 -3 -7 -7 -7    1   0   2   0   0   0   0  95   0   0   0   0   0   0   0   0   1   0   0   0  2.52 0.81
  207 A    7 -5 -3 -4 -4 -5 -5 -1 -6 -5 -6 -5 -5 -6 -5 -2 -1 -7 -6 -4   89   0   1   1   0   0   0   4   0   0   0   0   0   0   0   1   3   0   0   0  1.92 0.75
  208 N    3 -2  3  0 -1 -2  0 -2 -2 -1 -1 -2  0 -2 -3  1  2 -4 -3 -1   28   1  15   5   1   0   6   1   0   4   7   1   2   2   0  10  13   0   1   3  0.30 0.24
  209 A    7 -6 -3 -6 -5 -5 -5 -3 -6 -6 -6 -5 -5 -6 -5 -2 -4 -7 -6 -4   95   0   1   0   0   0   0   1   0   0   0   0   0   0   0   2   0   0   0   0  2.18 0.82
  210 R   -4  7 -1 -4 -7 -1 -1 -6 -1 -6 -5  4 -5 -6 -5 -3  0 -6 -5 -4    0  56   3   1   0   2   4   0   1   0   0  25   0   0   0   1   6   0   0   1  1.47 0.59
  211 P   -5 -6 -7 -6 -8 -6 -6 -7 -7 -7 -4 -6 -7 -8  9 -3 -4 -9 -8 -6    0   0   0   0   0   0   0   0   0   0   2   0   0   0  94   2   1   0   0   0  3.15 1.00
  212 F   -7 -8 -8 -8 -7 -8 -8 -8 -6 -5 -4 -8 -1 10 -9 -7 -7 -4 -1 -6    0   0   0   0   0   0   0   0   0   0   0   0   1  98   0   0   0   0   1   0  3.34 1.00
  213 K   -2  0 -3 -3 -4 -1  0 -4 -2  3 -1  2  0 -2 -4 -1  2 -3 -2  3    2   4   0   0   0   1   6   0   1  19   3  15   2   1   0   3  14   0   1  27  0.40 0.28
  214 T   -4 -6 -5 -6 -3 -5 -5 -6 -6 -5 -6 -5 -5 -7 -6 -1  8 -7 -6 -5    1   0   0   0   0   0   0   0   0   0   0   0   0   0   0   3  96   0   0   0  2.60 0.96
  215 Y   -3  0 -3 -4 -6 -2 -2 -6 10 -6 -6 -1 -5  0 -6 -3 -3 -2  4 -4    2   4   0   0   0   2   3   0  63   0   0   3   0   4   0   2   1   0  12   1  2.10 0.72
  216 H   -1 -4 -3 -5 -3 -3 -4 -4 10  1 -2 -5  1 -2 -6  0 -5 -3  2 -2    5   0   1   0   0   0   0   1  61   7   5   0   3   1   0   6   0   0   5   3  1.80 0.66
  217 N   -3 -2  8  0 -6 -1 -1 -3  2 -6 -7 -2 -5 -5 -5 -3 -2 -3 -5 -5    1   2  75   4   0   3   3   1   4   0   0   2   0   1   0   1   2   1   0   1  1.91 0.71
  218 S    5 -3 -3  2 -3 -2  1 -3 -2 -4 -4 -2 -4 -4 -4  0  0 -5 -3 -2   56   0   0  12   0   1  10   1   1   1   0   2   0   1   0   7   6   0   1   2  0.83 0.44
  219 L   -4 -5 -5 -4 -4 -4 -5 -6 -2 -1  6 -5  1  1 -5 -5 -4  0  2 -2    1   0   0   1   0   1   0   0   1   2  75   0   2   4   1   0   1   1   8   1  1.30 0.53
  220 S   -4 -3  4  6 -6 -2 -1  2  0 -6 -6  0 -6 -6 -4 -2 -4 -6 -5 -6    1   1  18  51   0   1   3  14   2   0   0   6   0   0   1   2   0   0   0   0  1.25 0.51
  221 S   -2  2 -3 -2  0  2 -1 -5  0  2  1 -2  6 -3 -4 -1  1 -4 -3 -1    2  10   0   2   2  11   4   0   2  13  12   2  26   0   0   3   8   0   0   3  0.49 0.31
  222 S   -3  0  2  6 -6  0  2 -4 -1 -5 -5  1 -3 -6  1 -3 -2 -6 -5 -5    1   6   9  49   0   3  11   1   1   0   0   7   1   0   8   1   3   0   0   0  1.03 0.45
  223 F   -3 -4 -5 -6 -2 -4 -5 -5 -4 -1  5 -5  5  3 -5 -5 -4  0  0  1    1   1   0   0   1   0   0   0   0   1  53   0  15  12   0   0   0   1   3   9  1.04 0.45
  224 N   -3 -4 -1 -5 -2 -3 -4 -6  1 -4 -4 -3 -3  6 -6 -2 -2 -2  8 -2    3   1   3   0   1   1   1   0   2   0   1   1   0  27   0   3   3   0  50   2  1.60 0.60
  225 L   -4 -4 -6 -7 -5 -5 -6 -7 -6 -2  6 -6  6 -2 -6 -6 -5 -5 -5 -3    0   1   0   0   0   0   0   0   0   0  79   0  17   1   0   0   0   0   0   0  1.78 0.66
  226 R   -4  9 -3 -6 -7 -3 -4 -6 -4 -7 -6 -2 -5 -7 -6 -3 -4 -7 -6 -6    2  93   1   0   0   0   0   0   0   0   0   1   0   0   0   2   1   0   0   0  2.62 0.88
  227 I   -5 -6 -7 -7 -3 -6 -7 -7 -7  8 -2 -6  0 -4 -6 -6 -3 -6 -5  2    0   0   0   0   0   0   0   0   0  84   1   0   1   0   0   0   1   0   0  10  2.14 0.72
  228 A    6 -5 -4 -5 -2 -4 -4 -2 -5 -5 -5 -4 -5 -6 -4  3 -2 -6 -5 -4   72   0   0   0   1   0   0   2   0   0   0   0   0   0   0  22   1   0   0   0  1.53 0.65
  229 T   -4 -5 -1  0 -4 -2 -4 -5  0 -3 -1 -4  0 -3  7 -2  1 -6 -4 -3    0   0   3   5   0   2   0   0   3   1   7   0   2   1  62   2  10   0   0   1  1.55 0.59
  230 E   -5 -4 -4 -1 -7 -2  8 -4 -4 -7 -7 -3 -6 -7 -5 -4 -5 -7 -6 -6    0   0   0   2   0   0  95   2   0   0   0   0   0   0   0   0   0   0   0   0  2.49 0.89
  231 L   -5 -4 -6 -7 -3 -5 -6 -7 -6  0  6 -6 -1 -3 -4 -4 -1 -5 -5 -3    0   1   0   0   0   0   0   0   0   4  87   0   1   0   1   1   4   0   0   0  1.67 0.63
  232 P   -3 -5 -3 -3 -6 -4 -5 -6  4 -5 -5 -4 -5  3  0 -3 -5  5  9 -5    2   0   2   1   0   0   0   0   7   0   0   1   0   9   6   2   0   7  61   0  1.92 0.69
  233 L   -5 -5 -6 -7 -5  0 -6 -7  1 -2  6 -6 -2 -3 -6 -6 -5 -5 -4 -3    0   0   0   0   0   4   0   0   4   1  89   0   0   0   0   0   0   0   0   0  1.79 0.68
  234 K   -5 -2 -4 -5 -7 -3 -3 -6 -5 -7 -6  8 -5 -7 -5 -4 -5 -7 -6 -6    0   0   1   0   0   0   0   0   0   0   0  97   0   0   0   0   0   0   0   0  2.61 0.90
  235 K   -5  7 -4 -4 -6  3  1 -6 -3 -5 -5  2  2 -6 -5 -4 -4 -6 -5 -5    0  63   0   0   0  10   7   0   0   1   0  10   6   0   0   0   1   0   0   0  1.61 0.63
  236 L   -3 -6 -7 -7  1 -6 -7 -7 -6 -1  6 -6  1 -3 -7 -5 -3 -5 -3 -2    2   0   0   0   3   0   0   0   0   1  87   0   3   0   0   0   1   0   1   1  1.71 0.65
  237 L   -3 -6 -6 -6  1 -5 -6 -6 -6  5  3 -5  2 -3 -6 -5 -2 -5 -4  5    1   0   0   0   3   0   0   0   0  33  22   0   4   0   0   0   2   0   0  35  1.11 0.46
  238 V   -1 -6 -7 -7 -1 -6 -6 -3 -7  3 -3 -6 -2 -4 -6 -5 -3 -7 -5  7    4   0   0   0   1   0   0   2   0  17   0   0   0   0   0   0   1   0   0  73  1.64 0.64
  239 G    1 -6 -5 -5 -1 -5 -6  7 -6 -8 -7 -5 -7 -7 -6 -3 -5 -7 -7 -7   11   0   0   0   1   0   0  86   0   0   0   0   0   0   0   2   0   0   0   0  2.19 0.75
  240 G   -4 -3 -3 -3 -7 -5 -4  8 -6 -8 -8 -6 -4 -7 -6 -3 -6 -7 -7 -7    0   1   1   1   0   0   1  94   0   0   0   0   0   0   0   1   0   0   0   0  2.44 0.81
  241 I   -4 -5 -5 -7 -4 -5 -6 -5 -3  1  3 -6  4  7 -5 -5 -4 -2  3 -1    1   0   0   0   0   0   0   1   0   6  24   0  11  41   0   0   0   0  10   4  1.19 0.48
  242 D   -4 -3  1  5 -7 -2  6 -2  0 -7 -7 -3 -6 -7 -1 -3 -2 -7 -6 -6    0   0   7  31   0   1  50   3   2   0   0   0   0   0   3   1   2   0   0   0  1.39 0.59
  243 R   -3  7 -3 -4 -5 -2 -4 -2 -4 -7 -6  5 -5 -7 -3 -4 -5 -7 -6 -6    2  54   1   0   0   0   0   3   0   0   0  38   0   0   1   0   0   0   0   0  1.75 0.68
  244 V   -4 -6 -6 -7 -5 -6 -6 -7 -7  3 -2 -6  1 -5 -6 -5 -1 -7 -5  7    0   0   0   0   0   0   0   0   0  13   1   0   3   0   0   0   4   0   0  79  1.86 0.70
  245 Y   -6 -4 -7 -8 -7 -6 -7 -7 -3 -5 -4 -7 -5  7 -8 -6 -6  0  8 -2    0   1   0   0   0   0   0   0   0   0   0   0   0  43   0   0   0   1  52   3  2.49 0.83
  246 E   -5 -4 -3 -1 -4 -2  8 -6 -4 -7 -7 -1 -6 -6 -5 -4 -2 -7 -6 -7    0   0   1   3   0   0  89   0   0   0   0   3   0   0   0   0   3   0   0   0  2.27 0.84
  247 I   -4 -5 -6 -6 -4 -5 -6 -6 -6  7  2 -5  2  1 -5 -5 -4 -5 -3  0    0   0   0   0   0   0   0   0   0  64  19   0   5   5   0   0   0   0   0   4  1.44 0.53
  248 G    0 -5  3 -3  1 -4 -5  6 -4 -6 -6 -4 -5 -6 -5 -1 -2 -5 -5 -5    8   0  12   1   3   0   0  66   0   0   0   0   0   0   0   4   2   0   0   1  1.43 0.54
  249 R   -4  7 -4 -4 -3 -1 -3 -4 -2 -5 -5  5 -4 -6  0 -2 -3 -6 -5 -5    0  51   0   0   1   2   0   1   1   1   0  33   0   0   5   2   1   0   0   1  1.44 0.57
  250 I   -2 -2  4  1  3  3 -2 -4 -3  0 -3 -2 -2 -2 -4  0 -2 -5 -2  2    3   2  24   9   7  16   0   0   0   6   2   1   1   2   0   8   1   0   1  18  0.46 0.31
  251 F   -6 -6 -7 -7 -6 -7 -7 -7 -5 -4 -4 -7 -4  9 -7 -6 -6 -2  0 -5    0   0   0   0   0   0   0   0   0   0   1   0   0  94   0   1   0   0   2   0  3.04 0.91
  252 R   -5  9 -5 -6 -4 -2 -4 -6 -4 -7 -6 -1 -5 -7 -6 -4 -5 -6 -6 -6    0  93   0   0   1   1   0   0   0   0   0   2   0   0   0   1   0   0   0   0  2.68 0.88
  253 N   -6 -5  9 -3 -7 -4 -5 -5 -4 -7 -7 -4 -6 -7 -6 -4 -4 -7 -6 -7    0   0  97   0   0   0   0   0   0   0   0   0   0   0   0   0   0   0   0   0  3.02 0.97
  254 E   -4 -4 -4 -3 -7 -2  8 -4 -4 -7 -7 -2 -6 -7 -5 -4 -5 -7 -6 -6    1   0   0   0   0   0  95   1   0   0   0   1   0   0   0   0   0   0   0   0  2.47 0.88
  255 G   -2 -4 -3 -1 -4 -4 -5  7 -4 -6 -6 -5 -6 -6 -4 -2 -5 -6 -6 -6    2   1   1   4   0   1   0  85   0   0   0   0   0   0   1   3   0   0   0   0  1.98 0.67
  256 I   -1 -5 -4 -5 -4 -4 -5 -5 -3  6  1 -4  5 -2 -5 -2 -2 -5 -3  3    6   0   1   0   0   0   0   0   1  42  11   0  14   1   0   3   2   0   1  17  0.89 0.39
  257 D   -4 -5 -2  7 -3 -4 -2 -3 -4 -6 -6 -4 -6 -6 -5  4 -3 -6 -3 -6    0   0   1  65   1   0   0   1   0   0   0   0   0   0   0  27   1   0   1   0  1.75 0.67
  258 T    2  3 -1 -1 -3  1 -2 -3  0 -2  0  0  0 -2  2  0  2 -2 -1 -1   18  17   2   3   0   5   0   1   2   1   9   6   2   1   9   6  13   0   2   3  0.20 0.17
  259 T   -2  3 -1  0 -3  0  1 -4 -2 -3 -3  2 -1 -2 -4  1  5 -3 -3 -3    2  14   2   5   0   3   7   0   0   1   2  11   2   1   0   9  38   0   1   0  0.58 0.34
  260 H   -6 -3 -4 -5 -7 -4 -4 -6 11 -7 -4 -4 -6 -5 -6 -3 -6 -4 -2 -7    0   1   0   0   0   0   0   0  90   0   2   1   0   0   0   1   0   0   0   0  3.47 1.02
  261 N   -4 -4  8 -1 -3 -2 -4 -4 -1 -5  1 -4 -3 -5 -5  0 -4 -4 -2 -5    1   0  70   2   0   1   0   0   1   0  13   0   1   0   0   7   0   0   1   0  1.67 0.65
  262 P   -4 -5 -5 -5 -3  2 -5 -6 -5 -6 -6 -5 -6 -3  8 -3 -5 -7 -6 -5    1   0   0   0   1  10   0   0   0   0   0   0   0   2  82   1   0   0   0   1  2.60 0.85
  263 E   -4 -4 -4  0 -8 -2  8 -6 -3 -7 -7 -4 -2 -7 -5 -4 -5 -7 -6 -7    1   0   0   5   0   0  92   0   0   0   0   0   1   0   0   0   0   0   0   0  2.42 0.88
  264 F   -6 -7 -7 -4 -7 -7 -7 -7 -1 -5 -4 -7 -4  9 -8 -7 -6 -3  2 -5    0   0   0   1   0   0   0   0   2   0   0   0   0  91   0   0   0   0   4   0  2.95 0.91
  265 T   -3 -5 -4 -4 -5 -3 -5 -6 -4 -3 -3 -5 -2 -5 -5  0  8 -3 -4 -3    1   0   0   1   0   1   0   0   0   2   2   0   1   0   0   4  86   0   0   1  2.07 0.81
  266 S    0 -4 -3 -5 -3  2 -3 -2 -2 -1  0 -4  8 -4 -5  1  3 -5 -4 -2    6   0   1   0   1   8   1   4   1   3   6   0  39   0   0  12  18   0   0   2  0.95 0.50
  267 I   -3 -5 -6 -6  6 -5 -6 -2 -5  2  4 -5  5 -2 -5 -5 -4 -5 -4  1    1   0   0   0  20   0   0   3   0  13  36   0  17   1   0   0   0   0   0   7  1.07 0.45
  268 E   -5 -4 -5 -3 -8 -2  8 -6 -4 -7 -7 -2 -6 -7 -5 -4 -5 -7  0 -7    0   0   0   0   0   0  93   0   0   0   0   1   0   0   0   1   0   0   3   0  2.45 0.89
  269 F    2 -4 -5 -5  2 -4 -4 -4 -1  0  1 -2  0  6 -5 -1 -1  4  1 -1   16   0   0   0   5   0   0   1   1   4  12   3   2  37   0   4   3   5   3   4  0.69 0.34
  270 Y   -6 -6 -4 -7 -7 -4 -6 -7 -3 -1 -5 -6  0 -2 -7 -6 -6 -2 10 -5    0   0   1   0   0   1   0   0   0   4   0   0   2   0   0   0   0   0  90   0  3.07 0.98
  271 Q    1 -2 -4 -3  0  5  2 -4 -2 -2 -3  0  4 -4 -4 -2 -2  7 -2 -1   10   2   0   0   2  28  14   1   1   2   1   5  11   0   0   2   2  14   1   4  0.77 0.42
  272 A    7 -5 -4 -5 -3 -3 -4 -3 -5 -4 -5 -4 -4 -5 -1 -1 -2 -6  0 -2   82   0   1   0   0   1   0   1   0   1   0   0   0   0   3   4   2   0   3   2  1.55 0.65
  273 Y   -6 -5 -4 -5 -2 -5 -6 -3  3 -5 -3 -6 -5  3 -5 -5 -5  2  9 -5    0   0   1   1   1   0   0   2   7   0   2   0   0   9   1   0   0   2  73   0  2.38 0.80
  274 S    4 -2 -3 -3 -3 -1 -1  1 -1 -3 -3  0 -2 -4 -4  1  0  5 -3 -1   44   1   1   1   0   2   4   8   2   1   2   5   1   0   0  12   5   7   0   3  0.56 0.34
  275 N   -4 -4  4  7 -7 -4 -2 -3 -3 -6 -7 -4 -6 -7 -5 -2 -1 -7 -6 -6    1   0  17  70   0   0   0   1   0   0   0   0   0   0   0   3   4   0   0   0  1.87 0.69
  276 L   -3 -4 -5 -6 -2 -4 -4 -5  1 -3  0 -5  0  2 -5 -4 -5  1  9 -1    2   1   0   0   1   1   1   1   2   1  10   0   2   8   0   1   0   2  63   4  1.74 0.63
  277 E   -2  1  4  1 -4  1  3 -3  2 -3 -3  0 -2 -2 -2 -1  0 -4  0 -3    2   8  21   8   0   4  25   1   6   1   2   5   1   1   1   2   5   0   3   1  0.46 0.27
  278 I   -3 -2 -1  6 -5 -1  0  0 -1 -4 -5  0 -1 -2 -4 -1  0  3  0 -3    2   2   1  50   0   2   5   7   1   0   0   5   2   2   0   4   6   4   4   2  0.85 0.39
  279 M   -3 -4  0 -5 -3 -1 -4 -1 -4  1  3 -4  7 -2 -5 -3 -2 -1 -2  0    1   0   6   0   0   3   0   6   0   5  30   0  34   1   0   2   2   1   1   7  0.86 0.41
  280 M   -2  1 -5 -6 -3 -4 -4 -5 -5  2  0 -2 10 -3 -5 -5 -3 -5 -4 -2    3   6   0   0   1   0   1   1   0  12   4   2  65   1   0   0   1   0   0   1  1.93 0.70
  281 E    0  0  0  4 -1  1  2 -2 -1 -3 -2  2 -2 -3 -2  0  0 -2 -2 -2    8   4   5  22   1   4  17   3   1   1   3  12   1   1   1   4   6   0   1   3  0.29 0.19
  282 Q   -3 -1 -4 -4 -3 -2 -4 -4 -2  2  4 -4  4  4 -5 -4 -2  0 -1 -1    1   4   0   1   0   2   1   1   1   9  47   0  10  16   0   0   2   1   1   2  0.74 0.34
  283 T    0 -4 -3 -3  2 -3 -4 -4 -4  1 -2 -4  0 -1 -4 -1  6 -5 -2  2    8   0   1   1   4   1   0   1   0   6   3   0   2   3   0   3  52   0   1  14  0.87 0.44
  284 E   -4  0 -4 -2 -6  2  7 -4 -4 -5 -5 -1 -4 -6 -4 -3 -3 -6 -5 -4    1   5   0   0   0   9  76   1   0   0   1   3   0   0   0   1   1   0   0   1  1.76 0.68
  285 N    0  0  2  2 -4  1  4 -1 -1 -3 -3  2 -3 -4 -3  0  0 -3 -3 -3    8   5   9  10   0   7  28   5   1   1   1  11   0   0   0   5   7   0   0   1  0.41 0.24
  286 L   -4 -5 -5 -6 -2 -4 -5 -6 -4  2  5 -5  7  0 -5 -4 -3 -3 -3 -1    1   0   0   0   1   0   0   0   0   8  56   0  25   2   0   1   1   0   1   3  1.27 0.50
  287 I   -3 -4 -5 -5 -2 -4 -5 -5 -4  4  3 -4  1  3 -5 -4 -3 -1  2  3    1   0   0   0   1   1   0   0   0  22  24   0   3  15   0   0   1   1   8  21  0.70 0.32
  288 K    0  2 -1 -1  0  2  1 -2  0 -2 -2  2 -2 -3 -2  2  0 -3 -2 -1    7  14   2   2   2  10   9   2   2   2   3  15   1   1   1  20   4   0   1   4  0.28 0.20
  289 F    0  0  0  0 -2  1  2  1  3 -3 -3  0 -2  0 -3  0  0 -2  2 -2    8   5   4   5   1   5  17  12   9   0   2   6   1   3   0   5   5   0   9   1  0.21 0.16
  290 I    1 -3 -4 -5  1 -3 -4 -4 -4  3  2 -4  4 -2 -4 -2 -1 -4 -3  3   15   1   0   0   3   1   0   1   0  19  23   0  10   1   0   2   3   0   0  21  0.53 0.28
  291 A    4 -4 -3 -4  2 -3 -3 -2 -3  0 -1 -3 -2  0 -3 -1 -1 -4 -3  3   41   0   1   1   5   1   2   2   0   4   5   1   1   3   0   4   3   0   1  27  0.58 0.33
  292 K    0  2 -1  0 -4  2  1 -2 -1 -2 -1  4  0 -1 -3 -1  0 -3 -2 -2    6  10   2   4   0   9   8   2   1   2   7  30   3   3   0   3   4   0   1   3  0.31 0.21
  293 E    2 -1  0  1 -2  0  3 -3  1 -3 -3  1 -2 -3 -3  0  0 -4 -2  0   22   2   4   8   0   2  21   1   4   1   1  11   0   1   0   7   6   0   1   8  0.28 0.21
  294 L    0 -4 -3 -4  0 -4 -4 -3 -2  3  3 -4  0  2 -4 -3 -1 -3 -2  3    6   0   1   1   2   0   0   1   1  18  29   0   1   7   0   1   4   0   1  26  0.53 0.27
  295 G   -2 -4  2 -3 -2 -2 -3  6  0 -5 -5 -2 -4 -2 -5 -3 -2 -4 -1 -5    1   1   8   1   1   1   1  69   3   1   1   3   0   2   0   1   3   0   3   1  1.35 0.53
  296 L   -1 -1  0 -1 -3 -1 -1  2 -2 -3 -1  1 -3 -3 -2  3  3 -3 -4 -3    3   3   3   4   0   3   2  15   1   1   6  11   0   1   2  24  20   0   0   1  0.32 0.25
  297 S   -1 -1 -1  1 -2 -1  0 -1  0 -2  0 -1 -1 -1  0  1  3 -3  3 -2    3   3   2   7   1   1   6   4   1   0  12   2   1   2   4  10  24   0  14   1  0.23 0.21
  298 K   -1  1  0 -1 -4  2  2 -3 -1 -1 -3  4 -1 -4  0 -1  1 -5 -3  0    3   8   3   2   0   8  11   1   1   4   1  32   2   0   4   4   9   0   0   7  0.36 0.25
  299 I   -2 -4 -4 -4 -3 -3 -4 -5 -2  5  1 -4  0  3 -2 -3 -1 -4 -1  4    2   1   0   1   0   1   1   1   1  32  13   1   1  14   2   1   4   0   1  26  0.67 0.31
  300 K   -1  0  0 -1 -4  1  2 -3 -2 -1 -2  3 -1 -4  2  0  2 -5 -3  0    4   3   4   3   0   5  16   1   0   3   2  20   2   0   9   5  15   0   0   6  0.31 0.24
  301 N   -3 -1 -1 -4 -2 -3 -3 -1  1  0 -1 -3  0  4 -4 -2 -2  3  7  0    1   3   3   1   1   1   2   5   3   6   4   1   2  14   1   3   2   3  39   6  0.85 0.41
  302 H   -1  2  1  0 -3  3  2  2  4 -4 -3  1 -2 -3 -2 -2 -3 -3 -2 -4    5  10   6   5   0  16  13  17  11   0   2   7   1   1   1   1   1   0   1   1  0.41 0.27
  303 D   -3 -3  0  3 -6 -2  2  5 -3 -5 -4 -2 -5 -5  3 -2 -1 -6 -5 -5    1   1   4  15   0   1  16  38   0   1   1   2   0   0  13   2   4   0   0   0  0.80 0.42
  304 V   -2  1  0 -2 -3  1  0 -2  4  1 -2  1  0  0 -2 -1  0 -3  2  1    2   7   5   2   0   7   7   2  11   9   2  12   2   3   1   2   7   0   8   9  0.17 0.17
  305 E   -1 -2 -1  1 -5  0  5 -4 -3 -3 -3  1 -2 -4 -1 -1  2 -3 -5  0    5   1   3   6   0   3  41   0   0   1   2   8   1   0   3   3  14   0   0   7  0.62 0.39
  306 I   -4 -6 -6 -6 -4 -6 -6 -6 -4  7  2 -6 -1 -1 -6 -5 -3 -4 -1  3    1   0   0   0   0   0   0   0   1  55  17   0   1   2   0   0   1   0   2  18  1.35 0.55
  307 D   -4 -4  2  7 -3 -3  0 -4 -3 -5 -7 -3 -5 -7 -5  1 -4 -7 -5 -6    1   1  10  69   1   1   4   1   1   1   0   1   0   0   0   9   0   0   0   0  1.79 0.72
  308 L   -5 -6 -7 -7 -2 -6 -7 -6 -5  1  4 -6  0  7 -6 -6 -5  2 -1 -1    0   0   0   0   1   0   0   0   0   7  32   0   1  50   0   0   0   2   1   3  1.56 0.62
  309 L    1 -1 -1 -1 -3 -1  1  0 -2 -4 -4  2 -2 -3 -3  3  4 -4 -4 -3   13   2   2   3   0   2   7   7   1   0   0  13   1   1   1  21  24   0   0   1  0.44 0.32
  310 A    1  2 -2 -3 -4  0 -1  2 -2 -3 -4  2 -4 -5  5 -2 -1 -5 -5 -4   10  10   1   1   0   3   3  15   1   1   2  16   0   0  29   2   4   0   0   1  0.64 0.36
  311 D   -3 -4 -1  0 -7 -3  1 -5 -3 -6 -7  0 -5 -7  8 -3 -3 -7 -6 -5    2   1   3   4   0   1   9   1   1   0   0   6   0   0  68   2   1   0   0   0  1.94 0.76
  312 F   -7 -7 -8 -8 -7 -7 -8 -8 -6 -3 -5 -8 -4  7 -8 -7 -7 11  2 -5    0   0   0   0   0   0   0   0   0   1   0   0   0  43   0   0   0  48   5   1  3.15 1.03
  313 K    0  5 -1 -2 -6  0  1 -4 -2 -5 -5  4 -5 -6  3 -2 -2 -6 -5 -4    7  30   2   2   0   4  10   1   1   0   1  22   0   0  16   1   2   0   0   1  0.82 0.44
  314 K   -4  8 -4 -6 -5 -1 -2 -6 -4 -2 -5  1 -3 -6 -6 -3 -3 -5 -6  1    1  70   0   0   0   2   2   0   0   2   0   8   0   0   0   1   1   0   0   9  1.72 0.72
  315 I   -1 -1 -5 -5 -3 -4 -3 -5 -3  5  2 -1  2 -1 -5 -4 -3 -1  1  3    4   3   0   0   0   0   2   0   0  35  16   4   5   2   0   1   1   1   4  20  0.68 0.35
  316 N   -1  0  0  3 -5 -2  0 -3 -1 -5 -5  0 -3 -5  2  3  4 -6 -4 -4    3   5   3  18   0   1   7   1   2   0   0   6   0   0   9  20  26   0   0   0  0.59 0.38
  317 M   -4 -6 -6 -7 -5 -5 -6 -7 -5  1  1 -6  8  4 -5 -6 -5 -1  4  1    0   0   0   0   0   0   0   0   0   8  11   0  37  18   0   0   0   1  13  10  1.43 0.61
  318 V    0  1 -1 -2  0 -1 -1 -3  2  2  0  0  0  0 -1 -1  0  0  1  1    7  11   2   2   2   2   4   1   5  16   8   4   2   4   2   3   5   2   5  13  0.09 0.11
  319 D   -3 -3 -1  5 -6  1  5 -2 -3 -6 -6 -1 -5 -6  2 -1 -2 -7 -5 -5    2   0   2  32   0   6  35   4   0   0   0   3   0   0   9   3   2   0   0   0  1.03 0.51
  320 A    4 -3 -4 -3 -3 -3  1 -1 -3 -1  2 -2 -1 -1 -4  1  1 -5 -2 -1   35   0   0   1   0   0  11   4   0   3  20   1   1   2   0   8   8   0   1   3  0.39 0.31
  321 V   -4 -6 -6 -7 -4 -6 -6 -6 -6  5  4 -6  1  1 -6 -5 -4 -3 -4  3    1   0   0   0   0   0   0   0   0  30  38   0   2   4   0   0   0   0   0  22  1.15 0.50
  322 S   -1  1 -1 -2 -2  1  4 -3 -1 -2 -1  4 -3 -3 -4  1 -2 -1 -3 -3    6   5   3   0   1   6  26   1   1   2   7  23   0   1   0  12   1   1   0   1  0.46 0.32
  323 E   -1  0 -1  1 -5  2  5 -4 -2 -5 -5  4 -5 -6 -4 -1 -2 -6 -5 -5    4   5   3   7   0   7  39   1   1   1   0  25   0   0   0   4   3   0   0   0  0.90 0.47
  324 A    3  0 -2 -2 -2 -1  0 -3  3 -1 -2  2  1  0 -4 -2 -2 -2  4 -1   23   5   2   2   1   2   6   1   8   4   2  12   4   4   0   2   1   0  16   4  0.33 0.27
  325 T    2 -4 -2 -4  2 -3 -3 -1 -4  0  2 -3  0 -1 -3  0  4 -4 -2  0   19   0   1   0   4   0   1   5   0   4  20   0   2   2   1   6  26   0   1   7  0.39 0.29
  326 K   -3 -3  2  0 -6 -2 -1  6 -4 -6 -6  0 -6 -6 -2 -2 -4 -6 -6 -6    1   1  11   5   0   1   5  64   0   0   1   6   0   0   2   2   0   0   0   0  1.34 0.57
  327 V   -2 -1 -3 -3  0 -1  1 -5 -3  4  2 -2  1  0 -3 -3  0 -4 -2  3    3   3   1   1   2   2   9   0   0  30  15   2   3   3   1   1   5   0   1  18  0.44 0.27
  328 D   -2 -1  1  6 -4 -1  1 -3 -3 -6 -6  2 -6 -7  0  0 -2 -7 -6 -5    2   3   6  49   0   2   9   1   0   0   0  12   0   0   5   7   2   0   0   0  1.05 0.50
  329 F   -2 -4 -3 -3 -3 -5 -4 -5 -4  4  2 -4  0  4  0 -4 -4  2  0  3    3   1   1   2   0   0   1   1   0  23  20   1   1  19   4   0   0   3   2  17  0.69 0.36
  330 R   -1 -1  1  2 -4 -2  1 -2 -1 -3  0 -2  0  0  5  1  0 -1  0 -3    4   3   6  12   0   1   8   2   1   1   8   2   2   4  26   9   5   1   3   1  0.40 0.27
  331 N    0 -1  1  4 -3  1  2 -1 -1 -3 -3  1 -3 -4  1  1  0 -3 -4 -3    6   2   6  22   1   5  13   5   1   1   2   9   1   0   6  12   4   0   0   2  0.35 0.25
  332 I    1 -2 -2 -1 -2 -2 -1 -3 -1  1  2 -2  2  1 -2 -1  1  0  1  0   13   2   1   4   1   1   3   1   2   9  23   2   6   6   2   4  11   1   4   5  0.15 0.15
  333 D   -2 -3  1  5 -4 -3  1 -1 -2 -5 -4 -1 -4 -4  1  3  2 -4 -4 -5    3   1   7  31   0   1   8   4   1   0   1   3   0   1   8  19  14   0   0   0  0.68 0.42
  334 L    0  0  0  1 -2 -1  1 -2 -2  0  1  0 -1 -1 -1  0  1 -2 -1  0    8   4   4  10   0   2   9   1   1   4  17   5   1   3   3   7   9   0   1   9  0.06 0.10
  335 D    1 -3  0  4 -6 -1  4 -2 -4 -5 -4  1 -4 -4  0 -1 -1 -6 -5 -4   11   1   3  22   0   2  32   3   0   0   1  10   0   1   5   4   3   0   0   1  0.68 0.42
  336 K    0  0 -2  2 -4  2  5 -2 -2 -4 -3  2 -3  0 -4  0 -1 -2 -3 -3    9   4   1  10   0   8  34   2   1   0   2  11   0   4   0   5   4   0   1   2  0.53 0.35
  337 A    3 -4 -5 -5 -2 -4 -3 -4 -5  1  4 -4  2 -2 -5 -3 -2 -3 -3  1   24   1   0   1   1   0   1   1   0   7  46   1   4   1   0   2   2   0   1   7  0.74 0.42
  338 I   -1  4 -2 -2 -2  0 -1 -4  0  1  1  2  1 -1 -3 -1 -1 -3 -2  0    5  23   1   2   1   4   4   0   2   8  15  14   3   2   1   4   3   0   1   7  0.27 0.22
  339 E    2  0  0  3 -5  1  3 -2 -2 -4 -4  3 -4 -5 -3  0 -1 -6 -4 -3   19   5   4  17   0   5  16   2   0   1   2  19   0   0   1   5   2   0   0   2  0.48 0.32
  340 V    2 -2 -4 -3 -2 -2  0 -4 -1  2  3  1  0  0 -4 -3 -1 -2 -1  1   17   2   0   1   1   1   6   0   2  13  26  10   1   4   0   0   2   1   2   9  0.26 0.23
  341 A    4 -5 -5 -5  7 -5 -5 -4 -6  0  2 -4  0  0 -3 -2 -3 -4 -3 -1   36   0   0   0  25   0   0   1   0   5  17   1   2   4   1   2   1   0   1   4  1.01 0.50
  342 G    0  2  0  1 -4  1  2 -1 -1 -2 -2  4 -2 -5 -3 -1  0 -5 -4 -1    9   9   3   7   0   5  13   4   2   3   3  26   0   0   0   3   5   0   0   5  0.32 0.25
  343 R    1  2 -1  0 -6  1  3 -3 -2 -4 -4  5 -4 -5 -4 -1 -3 -6 -5 -4   12  12   2   6   0   5  19   2   1   1   1  32   0   0   0   5   1   0   0   1  0.68 0.40
  344 Y   -1  1  1 -3 -2 -1 -2 -4  5 -1  2  1  0  1 -5 -2 -2 -2  2 -2    6   8   6   1   1   2   2   1  17   4  22  11   2   6   0   2   1   0   8   2  0.39 0.28
  345 K   -2 -2  3  2 -6 -2  0  5  2 -6 -5  1 -4 -6 -4 -1 -4 -6 -5 -5    2   2  13  11   0   2   7  42   5   0   1  10   0   0   1   3   0   0   0   0  0.87 0.45
  346 V   -2 -5 -5 -4 -3 -4 -5 -4 -3  6  2 -4  0 -2 -4 -5 -3 -2 -4  4    4   0   0   1   0   0   1   2   1  38  16   1   1   1   1   1   1   0   0  31  1.02 0.48
  347 K   -1 -1  0  3 -5  0  4 -3  0 -4 -4  2 -3 -4  2 -1 -1 -6 -3 -3    5   3   3  14   0   2  29   2   3   1   2  14   0   1  10   5   4   0   1   1  0.52 0.34
  348 V   -1 -3 -3 -2  6 -3 -3 -4 -2  2  1 -3 -1  0  0 -2 -1  1  1  3    4   1   1   2  16   1   2   1   1  13  14   1   1   4   6   2   4   2   6  19  0.44 0.26
  349 E    0 -1 -1  3 -5  1  3 -1 -1 -4 -4  0 -4 -4  4  0 -1 -5 -4 -3    7   3   2  15   0   6  19   5   1   1   2   6   0   0  20   7   4   0   0   1  0.49 0.32
  350 K    1 -1 -1  1 -5 -1  2  0  1 -4 -4  2 -3 -5  4  0 -1 -6 -4 -4   11   2   2   9   0   2  14   7   3   1   1  15   0   0  22   6   3   0   0   1  0.50 0.32
  351 Y    0 -1  1  1  2 -1  0  0  1 -3 -3  1 -2 -2  4  0  0 -4 -1 -2    8   3   6   7   4   2   7   9   3   1   1   8   1   1  22   6   6   0   2   3  0.31 0.21
  352 F    0  1 -2 -1 -2  1  0 -3  2 -1  0 -1  2  0  1 -1 -2  6  0 -1    9   8   1   3   1   6   5   1   5   4  10   3   7   4   7   4   1  10   3   4  0.21 0.18
  353 K   -3 -4  1  0 -5 -3 -1  2 -3 -5 -5 -1 -5 -6 -1  3  5 -6 -5 -4    1   1   7   6   0   1   4  17   1   0   1   3   0   0   3  19  36   0   0   1  0.81 0.50
  354 V    0  2 -1 -2 -3 -2 -2 -4  1  0  0  1 -2 -1  0 -1  1  5  1  0    8  14   3   2   0   1   2   0   4   7  10   9   1   1   5   5   9   9   5   6  0.22 0.19
  355 G    2 -4 -2 -3 -4 -3 -2  6 -3 -5 -6 -3 -4 -3  1  0 -1  2 -4 -5   18   1   2   1   0   1   2  51   0   1   0   1   0   1   7   7   3   2   1   1  1.01 0.51
  356 H   -1  5  0 -1 -6  1  2 -3  3 -5 -2  3 -2 -5 -3 -2 -2 -3 -3 -4    6  29   3   4   0   5  11   2   7   0   5  20   1   0   1   2   2   0   1   1  0.63 0.38
  357 I   -1 -4 -6 -6  0 -4 -6 -4 -5  3  5 -3  3 -2 -6 -5 -3 -4 -4  2    6   1   0   0   2   1   0   2   0  18  47   1   7   2   0   0   1   0   0  11  0.91 0.45
  358 I   -2 -6 -6 -6 -3  0 -3 -7 -5  4  4 -5  1  0 -6 -5 -2 -2 -3  3    3   0   0   0   0   4   2   0   0  25  38   0   3   3   0   0   2   1   1  18  0.91 0.46
  359 N   -1 -4  2  6 -2 -2  1 -2 -2 -4 -1 -4 -1 -1 -5 -3 -3 -5 -2 -2    6   0  10  50   1   2   7   3   1   1   6   0   2   3   0   2   2   0   2   3  0.97 0.52
  360 E    1 -1  0  0 -4  0  4 -3  0 -3 -1  4 -2 -2 -4 -2 -1 -1 -2 -3   13   3   4   5   0   3  26   1   2   1   6  23   1   1   0   2   4   1   1   1  0.47 0.34
  361 L   -2 -6 -7 -8 -1 -6 -7 -8 -7  4  5 -7  1  1 -7 -6 -5 -6 -4  1    4   0   0   0   1   0   0   0   0  18  61   0   3   4   0   0   0   0   0   8  1.35 0.61
  362 F   -3 -6 -7 -8 -2 -7 -7 -7 -3  0 -2 -7 -2  7 -8 -4 -5  5  5  2    3   0   0   0   1   0   0   0   0   5   2   0   1  46   0   1   0   6  19  15  1.64 0.70
  363 E   -3 -4 -3  2 -7 -2  5  3 -5 -7 -7  3 -6 -7 -5  1 -4 -7 -6 -5    2   0   0  11   0   1  40  18   0   0   0  19   0   0   0   9   0   0   0   1  1.09 0.60
  364 L    0  1 -2 -1 -4  0  4 -4  6 -2 -2  3 -3 -5 -4 -2 -1 -5 -2 -3    8   6   1   3   0   4  25   0  17   2   3  18   0   0   0   3   4   0   1   2  0.64 0.40
  365 L   -2 -2 -4 -5 -3 -3 -3 -5  1 -1  2  0 -1  5 -5 -3  1 -3  4  1    2   2   1   0   1   1   2   0   3   2  22   7   1  23   0   1   8   0  13   9  0.59 0.36
  366 I    0 -6 -7 -7  5 -6 -6 -5 -5  4  1 -6 -2 -4 -6 -3 -3 -4 -5  5    8   0   0   0  10   0   0   1   0  19  13   0   0   1   0   2   1   0   0  44  1.15 0.55
  367 E   -3  3 -5 -4 -8  0  7 -6 -5 -6 -5 -2 -6 -8 -5 -4 -3 -5 -6 -5    2  17   0   0   0   3  71   0   0   0   1   2   0   0   0   1   2   0   0   1  1.89 0.88
  368 K   -2 -3 -2  1 -5 -2  2 -3  2 -5 -6  2 -4 -7  6  0 -3 -7 -5 -2    4   1   2   8   0   1  16   2   4   0   0  12   0   0  38   6   1   0   0   3  0.97 0.54
  369 T   -2  1  2  0 -4  2  0 -3  3 -4 -2  4 -3 -3 -4  0  3 -5 -2 -4    2   6   9   4   0   8   6   2   7   0   5  23   1   1   0   8  17   0   2   0  0.46 0.34
  370 L   -5 -7 -6 -7  7 -6 -7 -7 -5  3  5 -7 -1 -3 -7 -5  1 -5 -2 -2    1   0   0   0  19   0   0   0   0  13  53   0   1   1   0   0   8   0   1   2  1.40 0.64
  371 I   -2 -3 -4 -3 -4 -1 -2 -4 -3  6 -2 -2  0 -2 -3 -2  0  3 -4  3    3   1   1   1   0   2   3   1   1  43   2   3   2   1   1   3   6   4   0  21  0.79 0.44
  372 Q   -2 -1  4  0 -7  6  2  1 -1 -7 -5 -2 -4 -5 -5 -1 -3 -7 -4 -6    3   3  19   5   0  40  10   9   1   0   1   2   0   1   0   4   1   0   0   0  1.07 0.60
  373 P   -6 -8 -8 -8 -9 -7 -7 -8 -8 -9 -9 -6 -9 -7  9 -6 -7 -10 -9 -8    0   0   0   0   0   0   0   0   0   0   0   0   0   0  98   0   0   0   0   0  3.60 1.35
  374 T   -1 -6 -5 -6  0 -5 -6 -3 -2 -1 -4 -5 -3 -5 -6 -2  7 -7 -6  1    5   0   0   0   2   0   0   2   1   3   2   0   1   1   0   1  73   0   0   8  1.76 0.85
  375 F   -7 -8 -8 -9 -8 -8 -8 -8  1  0 -3 -8 -4  9 -9 -8 -7  2  1 -4    0   0   0   0   0   0   0   0   3   5   1   0   0  84   0   0   0   2   3   1  2.90 1.06
  376 V   -5 -7 -7 -7 -5 -6 -7 -8 -7  6  2 -7 -1 -3 -7 -6 -5 -4  1  5    0   0   0   0   0   0   0   0   0  37  18   0   1   1   0   0   0   0   6  37  1.43 0.63
  377 T   -4 -3 -5 -6  3 -5 -5 -6 -2  4  0 -3  4 -1 -6 -4  4 -3  3  1    0   1   0   0   6   0   0   0   1  25   7   2   9   2   0   0  27   0   9  10  0.86 0.49
  378 G   -4 -3  4  7 -7 -3  0  2  3 -8 -6 -4 -4 -7 -6 -4 -5 -8 -2 -7    1   2  15  52   0   1   6  13   6   0   1   1   1   0   0   0   0   0   1   0  1.44 0.68
  379 H   -6 -5 -6 -7 -5 -1 -4 -8  8 -4 -3 -6 -5  4 -4 -6 -5 -1  7 -5    0   0   0   0   0   3   1   0  37   1   2   0   0  16   1   0   1   1  36   0  2.23 0.91
  380 P   -7 -8 -8 -7 -9 -7 -7 -8 -6 -8 -9 -7 -9 -6  9 -6 -6 -4 -9 -8    0   0   0   0   0   0   0   0   0   0   0   0   0   0  98   0   0   0   0   0  3.58 1.35
  381 I    1  0 -3 -4 -4  1  1 -3 -4  2  0  1 -1 -2 -4 -1  1 -4 -3  3   10   4   0   0   0   7  10   1   0  11   8   9   1   1   0   4   8   0   0  24  0.29 0.26
  382 E    0 -4 -4  1  1 -2  5 -5 -4  2 -3 -3 -1 -2 -5  0 -3 -5 -2 -1    7   0   0   9   3   1  45   1   0  13   2   1   2   2   0   6   1   0   1   5  0.78 0.49
  383 I   -4 -6 -3 -6 -3 -5 -6 -7 -6  4  2 -5  7 -2 -5 -3  2 -4 -4  3    0   0   1   0   0   0   0   0   0  21  17   0  25   2   0   2  11   0   0  19  1.04 0.53
  384 S   -2 -5 -3 -5  1 -3 -4 -5 -3 -4 -6 -2 -3 -5 -6  7  0 -8 -5 -3    2   0   1   0   3   1   1   0   1   1   1   2   1   1   0  79   5   0   0   2  1.80 0.89
  385 P   -5 -8 -8 -7 -6 -7 -7 -8 -8 -7 -6 -7 -8 -9  9 -6 -6 -10 -9 -7    1   0   0   0   0   0   0   0   0   0   1   0   0   0  97   0   0   0   0   0  3.50 1.32
  386 L   -7 -7 -8 -9 -6 -5 -8 -9 -8 -3  7 -8 -1  0 -8 -8 -6 -7 -6 -4    0   0   0   0   0   0   0   0   0   0  95   0   1   3   0   0   0   0   0   0  2.33 0.94
  387 A    6 -6 -6 -6  2 -5 -5 -5 -6 -6 -6 -5 -6 -7 -4  2  2 -7 -6 -4   70   0   0   0   4   0   0   0   0   0   0   0   0   0   1  12  12   0   0   1  1.65 0.80
  388 A   -4  5 -5 -6 -8 -3 -4 -5 -6 -8 -7  7 -4 -8 -5 -5 -6 -8 -5 -7    1  23   0   0   0   0   0   1   0   0   0  72   0   0   0   0   0   0   0   0  2.24 0.95
  389 T   -1  4 -1 -2 -1  1 -1 -3 -1 -3 -3  2 -3 -4  2  1 -1  4  0 -2    6  25   3   2   1   7   3   2   1   1   2  11   0   0  11   9   3   7   3   3  0.45 0.32
  390 S   -3 -1  2  1  0 -2 -3 -4  8 -4 -5  3 -3 -4  1  1 -3 -7 -3 -5    2   4   8   7   2   1   1   1  37   1   1  15   1   1   6  11   1   0   0   1  1.12 0.57
  391 E   -3  6 -2  4 -4 -2  2 -2 -3 -5 -6 -1 -6 -7  2 -2 -2 -7 -6 -5    2  40   2  19   0   1  14   3   0   0   0   3   0   0  10   2   2   0   0   1  1.03 0.55
  392 D   -4 -2  4  6 -7 -2 -1 -2 -1 -7 -7 -1 -6 -6 -5  3 -2 -8 -6 -6    1   2  20  44   0   1   3   3   1   0   0   3   0   0   0  19   2   0   0   0  1.27 0.63
  393 E   -3 -2  1 -1 -4 -1  0 -4 -3 -6 -6  1 -6 -6  7 -2 -2 -7 -6 -5    3   2   6   4   0   3   6   1   1   0   0   8   0   0  58   3   2   0   0   1  1.53 0.71
  394 R   -1  4  1  0 -5  0  1  3 -1 -5 -4  0 -4 -4  0  0 -1 -5 -4 -5    4  21   6   6   0   3   9  26   2   0   2   4   0   0   4   6   4   0   0   0  0.47 0.32
  395 F   -4 -2 -6 -6 -2 -4 -4 -6 -4  2  4 -1  0  3 -6 -5 -1  1  1  1    0   3   0   0   1   0   1   0   0  11  46   5   2  11   0   0   3   2   4  11  0.77 0.41
  396 T    2 -6 -4 -6  1 -5 -5 -4 -6  0 -4 -5 -4 -5 -5  0  5 -6 -5  4   19   0   1   0   3   0   0   1   0   5   1   0   0   0   0   7  33   0   0  29  1.01 0.57
  397 E   -1 -2 -4  3 -6  0  7 -5 -2 -7 -5 -3 -4 -6 -6 -4 -5 -7 -3 -7    6   2   0  15   0   4  67   1   1   0   1   1   0   0   0   1   0   0   1   0  1.68 0.79
  398 R   -5  8 -4 -7 -4 -1 -5 -8 -3 -8 -6 -2 -4 -7 -6 -2 -5 -8 -4 -3    1  85   0   0   0   3   0   0   1   0   1   2   1   0   0   3   0   0   1   2  2.50 1.02
  399 A   -3 -8 -7 -8 -6 -8 -9 -6 -7 -5 -4 -8 -2  9 -9 -7 -7  6  0 -3    2   0   0   0   0   0   0   1   0   0   1   0   1  82   0   0   0   8   2   2  2.87 1.06
  400 E   -6 -5 -4  2 -9  4  7 -7 -2 -8 -7 -3 -7 -8 -6 -5 -6 -8 -7 -8    0   0   0   9   0  18  71   0   1   0   0   1   0   0   0   0   0   0   0   0  2.13 0.95
  401 L   -1 -6 -7 -7 -3 -6 -6 -3 -5  0  6 -6 -1  0  1 -3 -4 -6 -3  1    5   0   0   0   0   0   0   2   0   3  66   0   1   3   7   2   1   0   1   8  1.15 0.57
  402 F   -6 -6 -7 -8 -2 -7 -7 -8 -3  2 -1 -7 -1  8 -8 -7 -6 -4  5  2    0   0   0   0   1   0   0   0   0  12   4   0   1  52   0   0   0   0  15  15  1.78 0.73
  403 I    1 -7 -7 -7  1 -6 -7 -6 -7  6 -1 -6  1 -4 -6 -5 -4 -2 -4  4   12   0   0   0   3   0   0   0   0  45   5   0   3   0   0   0   0   1   0  29  1.33 0.60
  404 N    3 -2  4 -2  3 -2 -3  3 -2 -3 -3 -2  1  0 -5 -2 -2  1  0 -2   25   1  21   2   6   1   1  19   1   1   3   2   4   5   0   1   1   2   3   2  0.53 0.36
  405 T   -3 -2 -4 -5  0 -4 -5  7 -4 -8 -7  1 -5 -5 -7 -3 -1 -7 -5 -7    1   3   1   0   2   0   1  77   0   0   0   9   0   0   0   1   4   0   0   0  1.87 0.79
  406 K   -1  3 -1 -4 -3  0 -2 -5  2  0 -2  2  6 -1 -5  0  0  4 -1 -1    4  16   2   0   0   3   1   0   5   4   3  14  20   3   0   7   5   5   2   5  0.48 0.35
  407 E   -6 -6 -6 -4 -9 -3  8 -8 -6 -9 -8 -2 -7 -9 -7 -6 -6 -8 -8 -5    0   0   0   0   0   0  96   0   0   0   0   2   0   0   0   0   0   0   0   1  2.86 1.18
  408 Y   -4 -6 -5 -6 -3 -3 -6 -7 -3  5  4 -6  3  0 -6 -6 -4 -5  1  2    1   0   0   0   0   1   0   0   1  35  35   0   6   4   0   0   1   0   4  12  1.09 0.51
  409 A    4 -6 -5 -5  6 -5 -6  3 -6 -1 -4 -5 -2 -5 -5 -2 -3 -6 -5  2   38   0   0   0  16   0   0  24   0   4   1   0   1   0   0   2   1   0   0  12  1.10 0.56
  410 N   -6 -5  9 -1 -6 -5 -5 -6 -5 -8 -8  0 -7 -8 -2 -4  1 -9 -7 -8    0   0  80   3   0   0   0   0   0   0   0   5   0   0   3   1   8   0   0   0  2.45 1.00
  411 M    6 -6 -2 -6 -2 -5 -6  4 -4 -4 -6 -5 -1 -5 -6 -1 -4 -7 -6 -5   63   0   2   0   1   0   0  26   0   1   0   0   1   0   0   3   0   0   0   0  1.52 0.73
  412 F   -6 -4 -7 -6 -2 -7 -7 -8 -3 -6 -6 -7 -6  6 -8 -7 -7  3  9 -6    0   1   0   0   1   0   0   0   0   0   0   0   0  34   0   0   0   3  60   0  2.73 1.02
  413 T   -2 -5 -1 -4 -4 -4  0 -4 -6 -6 -7 -5 -5 -7 -6  6  4 -7 -6 -5    2   0   2   1   0   0   5   1   0   0   0   0   0   0   0  61  27   0   0   0  1.61 0.81
  414 E   -4 -5 -6 -4 -9 -3  8 -7 -6 -8 -8 -5 -7 -8 -6 -5 -4 -8 -7 -8    1   0   0   0   0   0  97   0   0   0   0   0   0   0   0   0   1   0   0   0  2.89 1.15
  415 L   -5 -7 -8 -8 -6 -1 -1 -8 -7 -1  7 -7 -1 -4 -8 -6 -6 -7 -6 -3    1   0   0   0   0   3   4   0   0   2  88   0   1   0   0   0   0   0   0   0  1.96 0.83
  416 N   -4 -5  9 -4 -5 -5 -6 -5 -4 -2 -8 -5 -7 -8 -7 -3  1 -9 -7 -1    1   0  80   0   0   0   0   0   0   3   0   0   0   0   0   1   9   0   0   5  2.43 1.00
  417 D   -6 -6  2  8 -9 -5 -3 -7 -5 -7 -9 -6 -7 -9 -7 -2 -6 -10 -8 -8    0   0   7  88   0   0   0   0   0   0   0   0   0   0   0   3   0   0   0   0  2.75 1.05
  418 P   -2 -8 -8 -7 -8 -7 -6 -7 -8 -8 -8 -7 -8 -9  9 -3 -7 -9 -7 -7    4   0   0   0   0   0   0   0   0   0   0   0   0   0  93   2   0   0   0   0  3.25 1.21
  419 L   -1 -2 -2  1 -4 -1  1 -5 -4  4  1 -2  1  2 -5 -3 -2 -3 -3  3    4   2   1   8   0   3  10   0   0  23  11   2   3   8   0   0   1   0   0  23  0.42 0.29
  420 D   -1 -1 -2  4 -4  0  3 -3  0 -1 -1  1  0 -1 -3 -1 -1 -4 -1 -1    3   3   0  28   0   4  22   0   3   4   5   9   2   2   0   3   3   0   2   5  0.40 0.24
  421 Q   -3 -3 -3 -3 -5  8 -2 -4 -3  1  0 -2 -3 -4 -4 -3 -3 -4 -4  0    1   1   0   1   0  67   1   1   0   7  10   1   0   0   1   1   1   0   0   8  1.49 0.60
  422 R   -1  4 -1 -1 -3  0  0 -2  0 -2 -1  2  0 -1 -3  1 -1  1  0 -3    4  31   3   3   0   3   6   3   2   3   6  13   2   3   1  10   3   2   3   1  0.32 0.20
  423 R    0  1  0  0 -1  2  4 -2  0 -2 -2  1 -1 -2 -3  0 -1 -4 -1 -2    8   8   3   4   1  11  28   2   2   2   4  10   2   1   0   7   3   0   2   3  0.32 0.24
  424 R   -1  6  1 -4  0  0 -2 -3 -1 -2 -1  1  0 -2 -4 -2 -2 -4 -2 -2    4  48   7   0   2   4   2   2   2   2   8   5   2   2   0   2   2   0   2   2  0.75 0.42
  425 F   -5 -2 -5 -6 -5 -5 -5 -5 -4 -3  1 -5  2  8 -5 -5 -5  3  1 -4    1   3   0   0   0   0   1   1   0   0  14   1   5  65   0   1   1   4   2   1  1.79 0.66
  426 E    0  0 -1 -1 -3  2  4 -2  0 -1  0  1  0 -2 -3 -1  0 -3 -1 -1    7   4   3   2   0   9  28   2   2   3  11   9   3   1   0   3   5   0   2   5  0.25 0.20
  427 A    1  0  1  2 -4  2  4 -2 -1 -2 -2  0 -1 -2 -3  0 -1 -4  0 -1   11   3   5  10   0   7  30   3   1   2   4   4   2   1   0   4   2   0   3   4  0.32 0.23
  428 Q   -4  0 -2 -2 -6  8  2 -4 -3 -3 -4 -3  0 -6 -5 -2 -4 -5 -5 -5    1   4   2   2   0  68  13   2   0   1   2   0   2   0   0   2   0   0   0   0  1.77 0.76
  429 L    2  0 -2 -1 -2  2  1 -2 -1 -1  1 -1  1 -1 -2  0 -1 -4 -2  1   21   6   1   3   1  10   8   2   1   3  15   3   4   2   1   7   2   0   1  10  0.14 0.17
  430 E    1  2 -1 -1 -2  1  2 -2  2 -3 -2  4  0 -3 -3  0 -1 -2 -2 -2   12   9   2   3   1   4  15   2   4   1   4  27   2   1   0   5   3   1   1   2  0.35 0.26
  431 E    1  0 -1  2 -3  1  1 -1 -1 -2  1  1  2 -2 -3 -1 -2 -1 -2 -2   14   5   3  14   0   8   8   3   1   1  17  10   7   1   0   2   1   1   1   1  0.18 0.19
  432 K    1  5 -2 -2 -3  0  0 -1  0 -2 -2  4 -2 -1 -3 -1 -3 -5 -3 -3   11  30   1   2   1   3   6   4   2   2   4  23   1   3   1   3   1   0   1   1  0.58 0.38
  433 E    2  1  1  2 -4  2  2 -1 -1 -2 -3  1 -1 -3 -2 -1 -1 -4 -3 -3   20   8   6  12   0   8  16   3   1   2   2  10   1   1   1   3   3   0   1   2  0.31 0.25
  434 S    2  1 -1 -2 -2  1  1  0  0 -1 -1  2  0 -2 -2  1 -1 -4 -2 -2   23   7   2   2   1   5   8   8   2   4   6  11   2   1   1  10   3   0   1   2  0.17 0.18
  435 G   -3 -3 -2 -1 -5 -3 -1  7 -2 -4 -5 -2 -5 -4 -4 -3 -4 -5 -5 -4    1   1   2   4   0   1   5  72   1   1   1   2   0   1   1   2   1   0   0   2  1.55 0.68
  436 N   -3 -3  1  7 -6 -3  0 -1 -2 -4 -4 -3 -4 -2 -5 -3 -3 -3 -4 -4    2   1   7  65   0   1   5   4   1   1   3   2   1   2   0   2   1   0   1   1  1.51 0.71
  437 E   -1 -3 -1  4 -5 -1  5 -2 -2 -4 -2  0 -2 -4  1 -1 -2 -5 -4 -2    5   1   2  23   0   2  35   2   1   1   4   4   1   1   7   5   2   0   1   3  0.67 0.44
  438 E   -3 -3 -2  1 -6 -2  7 -5 -2 -5 -6 -1 -2 -3 -5 -3 -2 -6 -5 -4    2   1   1   6   0   1  73   1   1   1   1   4   1   1   0   2   3   0   0   1  1.72 0.86
  439 A    6 -3 -2 -3 -1 -3 -2 -3  0  0 -3 -2 -4 -2 -2  0  0 -5 -3 -1   57   2   2   2   1   1   2   2   2   5   2   3   0   2   1   5   5   0   1   5  0.81 0.51
  440 S   -1 -2 -1 -2 -2  4 -1 -3  6 -2 -2 -2  6 -2  0  0 -1 -5 -1 -3    4   2   3   2   1  19   3   1  18   2   2   2  20   1   5   6   4   0   2   2  0.75 0.49
  441 E    0  0 -2  0 -3  1  2 -2 -1 -2 -1 -1  2  0  4  0 -1 -1 -1 -1    7   6   1   5   0   6  13   3   1   2   5   3   5   4  19   5   4   1   2   5  0.23 0.21
  442 I   -3 -4 -3 -5 -2 -4 -3 -4  0  3  2 -3  4  0  0 -2 -1 -3  2  2    2   1   1   0   1   0   1   1   2  17  21   2  12   4   5   3   3   0   8  16  0.49 0.34
  443 D   -7 -7 -2  9 -9 -3 -3 -7 -7 -9 -9 -6 -8 -9 -7 -6 -7 -9 -8 -9    0   0   1  95   0   1   1   0   0   0   0   0   0   0   0   0   0   0   0   0  3.16 1.31
  444 E    0 -3 -2  1 -7  0  6 -5  0 -3 -3  0 -1 -2 -4 -2 -2  0  0 -4    7   1   1   7   0   3  54   1   2   1   3   5   1   2   1   2   2   1   3   1  0.98 0.62
  445 S   -1 -5  0  7 -7 -4  2 -2 -3 -6 -6 -4 -4 -8 -5  0 -1 -8 -4 -5    5   0   4  60   0   0  13   3   1   0   1   0   0   0   0   6   4   0   1   1  1.52 0.78
  446 F   -7 -7 -8 -8 -7 -8 -8 -8 -5 -6 -4 -8 -6  8 -8 -7 -7 -4  7 -6    0   0   0   0   0   0   0   0   0   0   1   0   0  64   0   0   0   0  33   0  2.88 1.14
  447 L   -4 -6 -7 -7  6 -6 -7 -7 -7  5  4 -6 -1 -4 -6 -6 -4 -2 -5  4    1   0   0   0  13   0   0   0   0  26  33   0   1   0   0   0   1   1   0  24  1.28 0.60
  448 S   -2  3  1  0 -1  1  4 -4  0 -3 -2  0 -2 -4 -4 -2  3 -4 -3 -2    3  14   6   5   2   5  26   1   2   2   4   6   1   0   0   2  18   0   1   3  0.49 0.36
  449 A    7 -6 -5 -5  0 -6 -4 -5 -6 -6 -6 -6 -1 -7 -6  0 -3 -7 -7 -4   84   0   0   1   2   0   1   0   0   0   0   0   2   0   0   7   1   0   0   1  2.01 0.94
  450 L   -6 -6 -7 -8 -6 -4 -7 -8 -7  1  6 -7  5 -4 -7 -7 -6 -6 -6 -2    0   0   0   0   0   1   0   0   0   5  77   0  14   0   0   0   0   0   0   1  1.90 0.81
  451 E   -4 -2 -4 -1 -1  0  7 -4 -5 -7 -7  0 -3 -5 -6 -2 -5 -7 -4 -7    1   2   0   3   1   3  77   1   0   0   0   4   1   0   0   4   1   0   1   0  1.91 0.88
  452 Y   -4 -4 -4 -6 -2  0 -6 -7  6 -3 -3 -6 -3  1 -7 -4 -3  3  8 -2    2   1   1   0   1   4   0   0  16   2   3   0   1   5   0   1   2   3  56   3  1.91 0.78
  453 G   -1 -4 -5 -6 -7 -6 -6  8 -6 -7 -7 -6 -7 -7 -6 -5 -6 -7 -7 -7    5   1   0   0   0   0   0  90   0   0   0   0   0   0   0   0   0   0   0   0  2.49 0.93
  454 L   -5 -6 -7 -8 -3 -6 -7 -8 -7 -4  4 -7 10 -2 -7 -7 -6 -6 -3 -4    1   0   0   0   1   0   0   0   0   0  34   0  60   1   0   0   0   0   1   1  2.50 0.97
  455 P   -4 -6 -8 -7 -8 -7 -7 -6 -8 -8 -8 -5 -4 -9  9 -4 -6 -9 -9 -5    1   0   0   0   0   0   0   0   0   0   0   1   0   0  94   1   0   0   0   1  3.31 1.24
  456 P   -5 -7 -5 -7 -3 -4 -6 -7 -7 -5 -8 -6 -7 -8  9 -5 -6 -8 -5 -5    1   0   1   0   1   1   0   0   0   1   0   0   0   0  93   1   0   0   0   1  3.20 1.17
  457 A    3 -5 -2 -5  1 -2 -5 -5 -6 -2 -3 -5  1 -5 -5 -1  7 -6 -6 -3   20   0   2   0   3   1   0   0   0   2   2   0   4   0   0   3  61   0   0   1  1.46 0.71
  458 G    3 -6 -5 -5  1 -5 -6  6 -3 -5 -6 -5 -4 -3 -6  1 -1 -6 -5 -4   23   0   0   0   3   0   0  56   0   1   0   0   0   1   0   9   4   0   0   1  1.33 0.61
  459 G   -5 -7 -5 -6 -7 -7 -7  8 -7 -8 -8 -6 -7 -8 -7 -4 -6 -7 -8 -3    0   0   0   0   0   0   0  95   0   0   0   0   0   0   0   1   0   0   0   3  2.69 0.97
  460 C   -3 -5 -5 -6  0 -3 -2 -3 -5  2  3 -5  2  2 -6 -5 -4  8 -2  1    1   0   0   0   2   1   4   2   0  10  31   0   5   9   0   0   1  21   1   9  1.03 0.46
  461 G   -3 -1 -5 -6 -4 -6 -4  8 -7 -8 -8 -6 -7 -8 -7 -3 -6 -7 -7 -7    1   4   0   0   0   0   1  91   0   0   0   0   0   0   0   1   0   0   0   0  2.47 0.89
  462 I   -5 -6 -5 -6  1 -4 -6 -7 -2  5  3 -6  6  0 -2 -5 -3 -5 -2  1    0   0   0   0   3   0   0   0   1  37  24   0  19   3   2   0   1   0   1   7  1.15 0.51
  463 G   -3 -6 -5 -6 -7 -6 -6  8 -6 -8 -8 -6 -7 -7 -6  0 -6 -7 -7 -7    1   0   0   0   0   0   0  91   0   0   0   0   0   0   0   6   0   0   0   0  2.47 0.86
  464 I   -4 -5 -6 -6 -4 -5 -5 -6 -6  7 -1 -5  0 -3 -5 -5 -4 -5 -4  3    1   0   0   0   0   0   1   1   0  64   4   0   2   1   0   1   0   0   0  21  1.63 0.59
  465 D   -7 -7 -4  8 -9 -4  2 -5 -6 -8 -9 -6 -8 -9 -7 -5 -6 -9 -5 -8    0   0   0  87   0   1  11   1   0   0   0   0   0   0   0   0   0   0   1   0  2.71 0.96
  466 R   -7  9 -4 -7 -9 -4 -5 -8 -5 -8 -7 -2 -7 -8 -7 -6 -6 -8 -2 -6    0  96   1   0   0   0   0   0   0   0   0   1   0   0   0   0   0   0   2   1  3.04 1.04
  467 L   -5 -6 -6 -7 -4 -6 -7 -7 -7  1  6 -6  3  2 -6 -6 -3  0 -4  0    0   0   0   0   0   0   0   0   0   5  71   0   7   7   0   0   2   1   0   6  1.44 0.58
  468 V    1 -5 -5 -6  2 -4 -5 -6 -6  2 -1 -5  0  2 -5 -3  2 -5 -4  5   11   0   0   0   4   1   0   0   0  12   5   0   2   9   0   1  11   0   0  45  0.86 0.42
  469 M    0 -6 -5 -7 -3 -1 -6 -5 -6 -2 -2 -5 10 -5 -6 -1 -3  1 -5 -4    8   0   0   0   1   3   0   1   0   1   1   0  76   0   0   4   1   2   0   1  2.57 0.92
  470 L   -3 -5 -5 -6 -4 -5 -6 -6 -5  3  5 -5  3  3 -6 -4 -3 -3 -1  1    2   0   0   0   0   0   0   0   0  16  52   0   6  13   0   1   1   0   2   6  1.03 0.43
  471 L   -3 -6 -6 -7 -5 -5 -6 -6 -6  1  6 -6  2  3 -6 -6 -5 -5 -3 -1    2   0   0   0   0   0   0   1   0   5  72   0   5  10   0   0   0   0   1   3  1.41 0.56
  472 T    0 -5 -2 -5  1 -4 -3 -4 -5 -3 -2 -4  0 -4 -5  0  7 -6 -4 -2    7   0   1   0   2   0   1   1   0   1   4   0   3   1   0   6  70   0   0   3  1.47 0.64
  473 E   -4 -4  5  5 -6 -2  0  4 -3 -6 -6 -2 -6 -6 -5 -3 -4 -6 -6 -6    1   1  28  30   0   2   5  29   0   0   0   2   0   0   0   1   0   0   0   0  1.21 0.52
  474 K    1  1  0 -3  0  3 -1 -2 -2 -3 -3  1 -2 -5 -4  3  1 -5 -3 -1   13   8   4   0   2  16   2   2   0   1   2   9   1   0   0  28   8   0   0   5  0.43 0.31
  475 E    0  0  1  1 -3  1  1 -2  2 -2 -2  0 -2 -3  4  1  0  1 -1 -2    7   4   6   6   0   8   8   1   7   2   3   6   0   1  18  10   6   2   2   2  0.29 0.18
  476 S   -1  0  4 -2 -4 -2 -3 -3  2 -4 -5 -3 -4 -5 -4  5  2 -5 -3 -4    4   6  19   2   0   1   0   1   5   1   1   1   0   0   0  46  11   0   1   1  0.91 0.48
  477 I   -4 -7 -7 -7 -6 -7 -7 -5 -7  8  1 -7 -1 -4 -7 -7 -5 -7 -6 -1    1   0   0   0   0   0   0   1   0  85   9   0   1   0   0   0   0   0   0   2  2.26 0.79
  478 R   -4  7 -3 -3 -8  0 -3 -5 -5 -7 -7  4 -6 -7 -6 -3 -5 -7 -6 -7    1  67   1   1   0   3   0   1   0   0   0  24   0   0   0   1   0   0   0   0  1.96 0.75
  479 E   -4 -4 -3  6 -8 -1  6 -5 -5 -8 -8 -4 -7 -8 -5 -4 -5 -8 -7 -7    1   0   0  48   0   2  46   1   0   0   0   0   0   0   0   0   0   0   0   0  1.93 0.75
  480 V   -3 -6 -6 -6  2 -6 -5 -3 -7  1 -3 -6 -2 -5 -6 -3  2 -7 -5  7    1   0   0   0   4   0   0   2   0   6   1   0   0   0   0   1  13   0   0  70  1.50 0.63
  481 I   -4 -6 -7 -7 -5 -1 -6 -7 -6  6  3 -6 -1 -4 -6 -5 -3 -6 -5  3    0   0   0   0   0   3   0   0   0  52  26   0   1   0   0   0   1   0   0  17  1.37 0.54
  482 L    1 -5 -5 -6 -4 -5 -5 -5 -5  0  5 -5  0  2  2 -2  0  0 -1 -2   12   0   0   0   0   0   0   0   0   3  50   0   2   9  11   3   5   1   2   1  0.73 0.39
  483 F   -7 -8 -6 -9 -7 -8 -8 -8 -6 -5 -4 -8 -5 10 -9 -7 -7 -1  0 -6    0   0   0   0   0   0   0   0   0   0   0   0   0  97   0   0   0   0   2   0  3.37 1.02
  484 P   -5 -7 -7 -6 -8 -6 -6 -2 -7 -8 -8 -6 -7 -9  9 -5 -5 -9 -8 -6    0   0   0   0   0   0   0   4   0   0   0   0   0   0  95   0   0   0   0   0  3.23 1.03
  485 T    1 -3 -2 -4 -4  1 -3 -3  1  0  2 -3  2  2 -2 -1  3 -4 -2 -1   12   0   1   0   0   8   0   2   3   5  24   0   4   9   1   2  23   0   1   2  0.35 0.28
  486 L   -4 -5 -6 -7 -4 -3 -5 -7 -4 -1  4 -5  8 -3 -6 -5 -3 -6 -5  2    1   0   0   0   0   1   0   0   0   1  37   0  43   0   0   0   1   0   0  13  1.59 0.63
  487 K   -5  7 -4 -5 -8 -3 -4 -6 -5 -7 -7  6 -6 -7 -4 -4 -5 -7 -6 -6    0  55   0   0   0   0   0   0   0   0   0  43   0   0   1   1   0   0   0   0  2.05 0.75
  488 K   -4  1 -3 -2 -7 -2 -2 -5 -2 -4 -6 -2 -6 -7  8 -2 -3 -8 -7 -5    0   7   1   2   0   2   2   1   1   1   0   2   0   0  76   3   1   0   0   0  2.18 0.74
  489 K   -3  2 -3 -1 -6  3  5 -5 -4 -2 -5  4 -4 -6 -4 -3 -3 -6 -5 -5    2  11   1   3   0  13  39   0   0   3   1  26   0   0   0   1   1   0   0   0  1.04 0.50
  490 Q   -3  3 -1 -1 -6  4  4 -4  0 -6 -5  4 -4 -6 -2 -2 -3 -5 -4 -5    0  14   2   2   0  20  28   0   2   0   0  28   0   0   2   2   0   0   0   0  0.93 0.39
  491 V    3 -3 -3 -3 -2 -3 -3 -3 -3  1  1 -3  0 -2 -3 -1  2 -4 -3  3   34   0   0   0   0   0   0   0   0   6  13   0   2   0   0   0  18   0   0  28  0.40 0.17

                      K         Lambda
Standard Ungapped    0.1379     0.3182
Standard Gapped      0.0410     0.2670
PSI Ungapped         0.2080     0.3177
PSI Gapped           0.0637     0.2670
