
Last position-specific scoring matrix computed, weighted observed percentages rounded down, information per position, and relative weight of gapless real matches to pseudocounts
           A  R  N  D  C  Q  E  G  H  I  L  K  M  F  P  S  T  W  Y  V   A   R   N   D   C   Q   E   G   H   I   L   K   M   F   P   S   T   W   Y   V
    1 M   -3 -3 -4 -5 -3 -2 -4 -5 -4  1  3 -3  8 -1 -4 -3 -2 -3 -2  0    0   0   0   0   0   0   0   0   0   7  35   0  59   0   0   0   0   0   0   0  1.07 0.26
    2 S    2 -2  1 -1  3  0 -1  0  0 -3 -3  0 -2 -4 -2  3  1 -4 -3 -2   24   0   9   2   7   4   2   7   2   0   0   5   0   0   0  32   6   0   0   0  0.34 0.15
    3 N    1  1  3  3 -4  0  0  1  3 -4 -4  0 -3 -4 -1 -1 -1 -4 -3 -3   16   9  21  23   0   2   3  10   9   0   0   3   0   0   2   0   3   0   0   0  0.41 0.17
    4 D    0  0  0  3 -4  2  2 -2  0 -4 -4  1 -3 -2  2  2  0 -4 -3 -3    5   3   2  19   0  14  14   0   3   0   0   8   0   2  10  17   3   0   0   1  0.39 0.16
    5 E    0 -2 -2  1 -4  3  5 -2 -2 -4 -3  0 -1 -5  2  0  1 -4 -4 -3    6   0   0   6   0  13  45   3   0   0   1   2   1   0   9   4   9   0   0   1  0.62 0.25
    6 K   -1  2  1 -1 -4  2  1 -2  1 -3 -2  3 -2 -4  0  0  1 -4 -1 -1    2  13   6   1   0   9   8   1   4   0   4  22   0   0   5   7  11   0   2   4  0.29 0.21
    7 Q    0  2  0 -1 -5  5  3 -3 -2 -4 -3  1 -3 -5 -2  0 -1 -5 -4 -2   10  12   3   2   0  35  18   1   0   0   1   8   0   0   1   4   3   0   0   2  0.66 0.37
    8 L    1  1 -1 -3 -3  0 -1 -2 -3  0  0  0  3 -2  2  0  1  0 -1  0   16   8   2   0   0   4   4   3   0   4  10   3  11   1  12   5   8   2   2   5  0.15 0.16
    9 T    2 -2  0  0 -3  0 -1 -2 -2  0 -2 -1  0 -2  3  1  2 -4 -3  0   21   1   4   5   0   4   3   2   1   5   3   2   2   2  13   8  18   0   0   5  0.24 0.20
   10 K    1  1  1  1 -4  1  1 -2 -2 -3 -2  3 -1 -4  1  1 -1 -4 -2 -1   11   7   5   8   0   4   8   1   0   0   3  23   1   0   7  12   3   0   1   4  0.28 0.21
   11 E    1  0  0  1 -4  0  4 -2 -1 -2 -3 -1 -3 -3  1  1 -1 -5 -4 -2   15   5   5   6   0   3  35   2   1   2   3   2   0   1   5  10   3   0   0   2  0.43 0.30
   12 E    1 -1  1  1 -5  3  4 -2 -3 -4 -3  2 -3 -2  1  0 -2  0 -2 -2   11   1   6   5   0  16  26   2   0   0   2  10   0   1   6   6   1   1   1   3  0.42 0.30
   13 M    0 -1 -1 -1 -1  1  1 -2  0 -1  1  1  2 -3 -1  1  1 -4 -1  0    9   3   2   3   1   9   7   1   3   3  12   8   8   0   3  11   9   0   1   5  0.10 0.13
   14 K    1  2 -1  0 -3  2  2 -2 -3 -4 -4  2 -3 -3  1  1  1 -4 -2 -3   14   9   2   4   0  11  12   2   0   0   1  16   0   1   5  12   9   0   1   1  0.33 0.26
   15 A    2 -1  1  0 -4  2  1 -2  0 -2 -3  2 -3 -3  2  1  0 -5 -3 -2   20   2   7   6   0  10   9   1   2   2   1  13   0   1  10  10   5   0   0   2  0.28 0.23
   16 I    0 -1  1  0 -2  1  1 -1  0 -1  0  0  0 -3  2  0  0 -4 -2  0   10   3   6   4   0   9  11   4   3   3  13   7   2   0   9   4   4   0   1   6  0.10 0.11
   17 K    0  1  1  0 -3  1  1 -1  0 -2 -1  1 -2 -2 -1  1  0 -4 -1 -1    8   8   9   5   0   7  11   3   2   2   5  12   0   2   3  13   4   0   2   5  0.14 0.13
   18 L    1 -2  0  0 -3  1  0 -2 -1  1  0  0  2 -2  0 -1  1 -4 -2  1   14   1   6   5   0   7   6   1   2   7   6   6   7   1   5   3  11   0   0  14  0.11 0.15
   19 Q    2 -1  0  1 -4  1  2 -2 -2 -1 -3 -1 -3 -4  3  1  1 -5 -4 -1   18   3   5   8   0   8  14   2   0   4   2   3   0   0  13   8   8   0   0   3  0.29 0.24
   20 A    3 -2  0  2 -4  1  3 -2 -1 -3 -3 -1 -2 -5  2  1  1 -5 -4 -3   23   1   3  10   0   6  18   2   1   1   3   3   1   0  11   8  10   0   0   1  0.38 0.30
   21 K    1 -1  1  2 -5  2  4 -1 -2 -2 -3  0 -2 -5  1  0 -2 -5 -3 -2   10   2   6  10   0   8  29   3   1   3   2   5   1   0   6   8   2   0   1   3  0.39 0.30
   22 E    0 -2  0  2 -5  2  4 -3 -3 -3 -2 -1 -3 -5  2  1 -1 -6 -4 -1    9   1   5  11   0   8  31   1   0   1   4   4   0   0   9   9   2   0   0   4  0.49 0.36
   23 E    0 -2  1  2 -5  2  4 -2  2 -3 -4 -1 -2 -3 -1  1 -1 -5 -3 -3    7   2   5  12   0  10  33   2   4   2   1   3   1   1   3   9   3   0   1   2  0.53 0.37
   24 A    0  0 -2 -2 -4  1  1 -2 -1  0  1 -1  2 -3  2  1  0 -4 -2  0   10   6   1   1   0   8  12   3   1   5  13   3   7   1  10  10   5   0   1   5  0.16 0.19
   25 K   -2  2  1  4 -4  0  2 -2  0 -6 -5  1 -5 -6 -2  2  1 -6 -5 -5    3  13   6  25   0   4  11   2   2   0   1   8   0   0   2  15   7   0   0   0  0.58 0.39
   26 M   -2 -1 -3 -2 -5 -2  1 -4 -1  0  3 -3  2 -1  4 -2 -1 -2 -1  0    3   4   1   2   0   2  11   1   1   6  28   1   5   3  20   3   3   1   2   5  0.42 0.32
   27 N   -2 -2  5  2 -5 -1  2 -3 -1 -4 -5 -2 -5 -7  0  2  1 -7 -6 -5    3   2  28  12   0   3  14   2   2   1   1   2   0   0   5  16  10   0   0   0  0.73 0.48
   28 D   -2  0  0  3 -7  4  5 -3 -1 -7 -6  1 -5 -6 -2 -1 -4 -7 -4 -5    3   4   4  18   0  19  34   2   1   0   1   7   0   0   2   4   1   0   0   1  0.96 0.58
   29 L   -3 -5 -5 -5 -6  4  0 -7 -2  3  2 -3 -1  0 -4 -5 -4 -3  6 -1    1   0   0   0   0  21   6   0   1  15  20   1   1   3   1   1   1   0  23   4  0.89 0.55
   30 L   -4  4 -4 -4 -4  0  1 -5 -1  2 -1 -1  1  3 -4 -4 -1 -4  3  0    1  21   0   1   0   3  10   0   1  14   6   3   3  13   1   1   4   0  12   7  0.50 0.36
   31 K    2  2 -1 -1 -4  3  4 -3 -2 -2 -3  3 -2 -5 -4 -2 -3 -6 -4 -3   15  11   3   3   0  12  24   1   1   2   3  15   1   0   0   3   1   0   0   2  0.55 0.40
   32 E    0 -2  2  0 -5  2  2 -4  0  3 -1 -2 -1 -2 -4 -1 -1 -5 -2  2    8   1   9   6   0  10  15   1   3  16   4   1   1   1   0   3   4   0   1  15  0.31 0.28
   33 R   -8  9 -4 -8 -9 -2 -6 -8  0 -9 -8  0 -4 -9 -8 -6 -7 -3 -4 -7    0  89   1   0   0   1   0   0   2   0   0   4   0   0   0   0   0   1   1   0  2.95 1.26
   34 R   -3  4 -4 -5 -1 -1 -2 -6 -2  2  3  1  1 -3 -6  0 -2 -3 -3 -1    1  26   0   0   1   2   3   0   1  13  26   7   3   1   0   8   2   0   1   4  0.59 0.40
   35 Q    2  2  0  1 -6  2  3 -2  0 -5 -4  3 -5 -6 -5 -1 -3 -7 -6 -4   17  10   5   9   0  10  19   4   2   1   1  17   0   0   0   4   1   0   0   1  0.58 0.42
   36 K    0  1 -1 -4 -6  0 -2 -7  2 -4 -5  7 -2 -4 -6 -3 -3 -5 -1 -4    8   8   2   1   0   4   2   0   4   1   1  61   1   1   0   1   2   0   2   1  1.42 0.75
   37 L    0  1 -7 -8 -5 -5 -6 -7 -4  3  5 -4  1 -2 -6 -5 -5 -4 -5  2    7   6   0   0   0   0   0   0   0  16  51   1   3   2   0   0   0   0   0  11  1.08 0.57
   38 S    1  0  2  2 -6  3  4 -4  1 -5 -3  2 -3 -5 -4 -2 -1 -4 -6 -3   13   4  11  10   0  11  25   1   3   0   3  10   1   0   0   2   3   0   0   1  0.58 0.42
   39 D    2  2 -1 -1 -4  2  3 -3  0 -3 -3  2 -3 -5 -4 -1  0 -3 -4 -4   19  12   3   4   0   8  19   2   2   2   3  14   1   0   0   5   5   0   0   1  0.43 0.35
   40 A   -5 -5 -8 -8 -6 -2 -4 -8 -7  3  6 -6  3  0 -8 -6 -6  3 -1 -2    1   1   0   0   0   2   1   0   0  12  65   0   7   3   0   0   0   3   2   2  1.48 0.72
   41 Q   -1  6 -2 -4 -4  1  1 -6 -5 -1 -2  5 -1 -7 -5 -3 -4 -7 -5 -3    5  36   2   1   0   7   7   0   0   4   4  28   1   0   0   2   1   0   0   2  1.05 0.59
   42 E    3 -1  0  1 -3  1  4 -2 -4 -6 -5  2 -3 -6 -4  1 -2 -6 -6 -3   20   3   4   8   1   5  28   3   0   0   1  11   0   0   0  10   2   0   0   2  0.61 0.43
   43 R    2  1  0 -1 -4  1  1 -3 -1 -2  1  2  2 -3 -4  1 -1 -5 -3 -2   18   6   4   3   0   6   9   1   1   2  17  12   6   1   0   9   3   0   1   1  0.24 0.24
   44 G   -4 -4  1 -2 -5 -3 -6  7 -3 -6 -8 -2 -5 -5 -5 -2 -4 -7 -2 -5    1   1   6   2   0   1   1  76   1   0   0   2   0   1   1   3   1   0   1   1  1.90 0.86
   45 K   -2 -1 -3 -4 -4 -1  0 -2 -1  5  0 -1  2  0 -1 -4 -2 -2 -1  3    2   4   1   1   0   2   6   4   1  31   7   5   4   5   3   1   2   0   3  17  0.46 0.30
   46 D   -3 -3  6  5 -4 -2  3 -5 -1 -5 -5 -3 -5 -6 -1 -1 -3 -7 -3 -4    2   1  31  30   1   1  16   0   1   1   1   1   0   0   3   5   2   0   1   1  1.15 0.62
   47 P    1 -6 -7 -7 -4 -7 -7 -4 -8 -4 -2 -5 -2 -6  8 -3 -5 -5 -8 -2   12   0   0   0   0   0   0   1   0   1   4   1   1   0  71   2   1   0   0   4  2.22 1.04
   48 F   -6 -7 -7 -9 -6 -8 -8 -9 -2 -6 -5 -8 -7  5 -8 -7 -8  2 10 -6    1   0   0   0   0   0   0   0   1   0   1   0   0  18   0   0   0   3  73   1  3.07 1.26
   49 D   -3 -4 -4 -3 -6 -1 -3  0 -5 -5 -5 -4 -6 -5  8 -3 -4 -4 -3 -5    3   1   1   2   0   3   2   8   0   1   2   1   0   1  70   2   1   0   1   1  2.04 0.90
   50 V    2  0 -1 -1 -2 -1 -1  0  0  0 -1 -1 -1 -2  1  1  0 -1 -1  1   22   5   3   3   1   3   3   6   2   5   5   4   1   2   8  10   4   1   2  10  0.12 0.09
   51 Y   -1 -1  2 -2 -4  0  1  0  7 -4 -3 -1 -3 -2 -2 -2  0 -3  4 -2    4   4  11   2   0   4   8   7  22   1   2   4   1   2   3   3   5   0  15   3  0.62 0.34
   52 K   -1  4 -1  1 -2 -2 -1 -2 -3 -3 -4  5 -5 -3 -2  1  0 -4 -3 -3    5  18   3   7   1   1   3   4   0   2   1  32   0   2   2  11   5   0   1   2  0.62 0.39
   53 V   -2 -5 -5 -5 -2 -4 -5 -4 -2 -2 -3 -5 -4  7 -1 -1 -2  3  4  0    4   1   1   1   1   1   1   2   1   3   2   1   0  48   3   4   2   3  14   7  1.37 0.64
   54 E   -2  1  0  3 -5  1  3 -3  5 -4 -5  1 -5 -3  2 -1 -2 -5 -3 -3    3   7   4  17   0   6  17   2  11   1   1   8   0   1  11   5   3   0   1   2  0.53 0.36
   55 R   -2  5 -2 -3 -1  0 -3 -2 -4  0 -3  2 -5 -4  2 -2 -1 -3 -3  3    3  30   2   2   1   3   1   3   0   4   2  10   0   1   9   3   4   0   1  21  0.62 0.41
   56 T   -2 -2  2  2 -4 -2 -2 -4 -4 -3 -3  0 -4 -5 -4  2  6 -5 -6 -4    3   2   8  10   0   2   2   1   0   2   3   5   0   0   1  15  43   0   0   1  0.91 0.58
   57 H    0 -2  0 -1 -1 -1 -2 -3  8  1 -2 -2  2 -2 -5 -1  1 -3  2 -3    8   2   4   4   2   3   3   2  31   9   4   2   5   2   0   4   8   0   5   2  0.77 0.44
   58 T   -2 -1  1  0 -3 -1 -1 -5  2 -4 -1 -1 -1 -2 -1  3  4 -1 -1 -3    3   3   6   6   0   3   3   0   4   1   6   4   1   2   3  25  25   1   2   1  0.49 0.39
   59 S    2 -4 -1 -5  1 -4 -3 -5 -6  4  2 -5 -2 -2 -2  0  0 -6 -4  1   16   0   3   0   3   0   1   0   0  24  21   0   1   1   2   9   6   0   0  10  0.52 0.35
   60 K    3  1 -1 -1 -3  2  1  0 -1 -3 -3  2 -3 -4  1  1  0 -3 -4 -2   23   7   2   3   0   8   7   7   1   2   3  12   0   1   6   9   6   0   0   2  0.26 0.24
   61 Q    0 -3 -1  4 -5  3  5 -3 -1 -4 -6 -1 -6 -4 -3 -1 -2 -5 -5 -4    7   1   2  23   0  11  35   2   1   1   0   3   0   1   1   5   3   0   0   1  0.90 0.54
   62 I    1 -5 -6 -7 -1 -6 -6 -5 -6  4  2 -5 -2  4 -6 -4 -3 -5  1  3   11   0   0   0   1   0   0   1   0  23  21   0   0  17   0   1   2   0   5  16  0.84 0.45
   63 V   -1  3 -3 -4 -2  2 -2 -5  2  4  2  2 -2 -2 -5 -3 -2 -6 -3  1    5  13   1   1   1   8   2   1   5  20  16  11   0   1   0   1   2   0   1  10  0.42 0.30
   64 D    2 -1  0  2 -4  1  4 -3 -3 -4 -4  2 -4 -6 -3  0 -1 -6 -5 -4   17   3   5  12   0   6  27   1   0   1   2  11   0   0   1   6   4   0   0   1  0.57 0.40
   65 N    0  2  2  1 -2  2  2 -2 -1 -3 -1  4 -2 -4 -3 -1  0 -5 -3 -3    8   9  10   8   1   7  11   2   1   1   6  22   1   1   1   4   5   0   1   2  0.34 0.26
   66 Y   -1 -4 -5 -4 -3 -2 -4 -1  2 -3 -3 -4 -4  6 -2 -4 -4  2  7 -3    5   1   1   1   1   2   1   5   4   1   3   1   0  29   2   2   1   2  35   2  1.34 0.62
   67 D    0 -2  0  4 -5  0  3  1 -3 -4 -5  1 -5 -5 -1  1 -2 -6 -4 -3    9   2   4  23   0   4  21   9   0   1   1   8   0   0   3  11   2   0   1   2  0.54 0.35
   68 E    0 -2  0  2 -4  0  3 -1  5 -4 -3  2 -4 -2 -2  0 -1 -3 -1 -4    8   2   4  12   0   3  19   5  14   1   2  13   0   2   2   7   4   0   2   1  0.44 0.30
   69 L   -2 -2 -2 -2 -5 -2 -2 -4 -1  1  5  0  1  0 -2 -3 -1 -2  0 -1    4   2   2   3   0   2   2   1   2   6  49   6   3   4   2   2   4   1   3   4  0.56 0.34
   70 E   -1 -2 -1  0 -6  0  5 -3 -4 -4 -2  2 -2 -6  1  0  1 -6 -5 -4    4   2   2   4   0   4  37   2   0   1   4  12   1   0   7   8   9   0   0   1  0.68 0.45
   71 D   -1 -3  3  4 -7 -1  3  3 -2 -7 -7  0 -4 -6 -2 -1 -2 -7 -6 -5    4   1  11  23   0   2  17  23   1   0   0   7   0   0   2   5   3   0   0   1  0.78 0.46
   72 K   -1  0 -1  1 -5  2  3 -1 -1  0 -3  3 -3 -4 -1 -1  0 -6 -4  0    6   3   2   8   0   7  18   5   1   7   2  20   0   1   2   3   6   0   0   8  0.31 0.26
   73 I   -2  0 -1  0 -3  1  3 -4  0  0 -3  1 -2 -3  0  1  2 -6 -3  1    3   5   3   4   0   7  19   1   2   7   1   8   1   1   5   8  14   0   1   9  0.29 0.26
   74 V   -1 -6 -7 -6 -1 -5 -2 -6 -1  3  0 -5 -2  1 -7 -5 -3 -4  0  6    4   0   0   0   1   0   3   0   2  13   8   0   1   6   0   1   1   0   3  55  1.22 0.59
   75 T    1  3 -2 -4  0 -1 -3 -3 -2 -2 -5  2 -4 -4 -5  4  2 -1 -4 -2   10  16   2   1   2   3   1   1   1   2   1  10   0   1   0  32  14   1   0   3  0.64 0.44
   76 V   -3 -7 -7 -8  0 -5 -6 -6 -7  4  3 -7 -1 -2 -7 -4  1 -7 -4  5    3   0   0   0   2   0   0   0   0  22  22   0   1   1   0   2   7   0   0  40  1.17 0.56
   77 A    6 -4 -4 -7  2 -5 -5 -1 -4 -3 -6 -5 -3 -6 -6  0  0 -4 -4  0   68   1   1   0   4   0   1   5   0   1   1   0   1   0   0   5   5   0   1   6  1.43 0.73
   78 G   -4 -9 -7 -8 -3 -8 -9  8 -9 -10 -7 -8 -9 -10 -9 -5 -8 -9 -10 -7    1   0   0   0   1   0   0  97   0   0   1   0   0   0   0   1   0   0   0   0  2.99 1.17
   79 R   -8  9 -7 -9 -10 -6 -7 -9 -7 -6 -9 -2 -3 -10 -9 -8 -8 -10 -9 -9    0  97   0   0   0   0   0   0   0   1   0   2   1   0   0   0   0   0   0   0  3.42 1.32
   80 L   -5 -8 -9 -9 -3 -8 -8 -9 -9  6  1 -8  2 -5 -8 -7 -4 -8 -7  5    1   0   0   0   0   0   0   0   0  46  14   0   5   0   0   0   1   0   0  33  1.75 0.74
   81 M   -3  1 -5 -5 -4 -4 -4 -4  4  1  0 -2  7 -2 -7 -2  1 -2  0  2    2   7   0   1   0   1   1   1   8   8   9   3  30   1   0   4   7   1   3  12  0.85 0.48
   82 S    3  0  1 -4 -5 -2 -3  0 -2 -3  1 -2 -3  0 -5  3  2 -6 -4 -3   23   6   7   1   0   2   1   7   1   1  12   2   0   4   0  23  10   0   0   1  0.43 0.36
   83 K   -3  2 -4 -6 -3 -2 -4 -7 -2  4  1  5  2  0 -5 -4 -4  0 -3  0    1  12   1   0   0   2   1   0   1  21  12  29   5   3   0   1   1   1   1   7  0.76 0.45
   84 R   -6  9 -2 -6 -11 -6 -7 -9 -7 -10 -9 -4 -9 -10 -9 -4 -8 -10 -9 -10    1  95   2   1   0   0   0   0   0   0   0   1   0   0   0   1   0   0   0   0  3.34 1.35
   85 V    1  1  1  2 -3 -1  1  0 -1 -1 -2  0 -3 -3 -2  1 -1 -3 -4  0   10   8   6  14   0   2  10   9   1   5   3   6   0   1   2  13   3   0   0   7  0.17 0.17
   86 H    0 -5 -3 -5 -3  1 -5 -4  7 -3 -2 -2  6  3 -6  3 -3 -6 -2 -5    6   0   1   0   1   5   0   1  23   1   3   2  20  11   0  21   1   0   1   0  1.16 0.63
   87 G   -4 -8 -5 -7 -8 -7 -7  7 -8 -9 -9 -5 -8 -8 -5  1 -5 -8 -8 -8    1   0   1   0   0   0   0  86   0   0   0   1   0   0   1   9   1   0   0   0  2.51 1.05
   88 K   -3  0  0 -6 -7 -3 -4  2 -6 -7 -6  7 -4 -7 -6 -2 -5 -7 -7 -7    2   5   4   0   0   1   1  15   0   0   1  66   1   0   0   3   1   0   0   0  1.78 0.84
   89 A    2 -5 -5 -6 -3 -6 -6 -5 -6  2  4 -5  1 -4 -6 -1 -1 -3 -5  1   19   1   1   0   0   0   0   1   0  12  43   0   3   0   0   5   4   0   0  10  0.86 0.48
   90 G    1 -1 -1 -4  3 -3 -4 -1 -3  3  0 -3  1  0 -3  2  0 -1 -1  2   14   3   2   0   6   1   0   4   0  16   7   1   4   4   1  14   7   1   2  13  0.28 0.23
   91 F   -10 -10 -10 -11 -10 -11 -11 -11 -9 -8 -7 -11 -7 10 -11 -3 -10  1 -4 -8    0   0   0   0   0   0   0   0   0   0   0   0   0  96   0   2   0   2   0   0  3.85 1.47
   92 S    3 -6 -7 -7  1 -6 -7 -2 -5  2  1 -6  2  3 -7 -3 -4 -1  5  0   23   0   0   0   3   0   0   4   0  11  13   0   6  10   0   2   1   1  20   7  0.80 0.48
   93 D   -5 -1  1  6 -7 -1 -1 -5  4 -5 -5 -1 -5 -5 -5 -3  2 -7 -6  0    1   3   6  43   0   3   4   1  10   0   1   4   0   0   1   2  14   0   0   8  1.12 0.61
   94 I   -5 -7 -8 -8 -3 -7 -7 -8 -8  5  5 -7  0 -2 -7 -7 -5 -7 -6  2    1   0   0   0   1   0   0   0   0  28  54   0   2   1   0   0   1   0   0  11  1.59 0.73
   95 Y   -2  4 -2 -2 -4  4  2 -4  4 -3 -2  1 -1 -3 -6 -2 -1 -2  0 -1    4  20   2   2   0  21  10   1   8   2   5   7   1   1   0   3   4   1   3   5  0.56 0.40
   96 D   -2 -3 -2  7 -8  0  0  1 -2 -6 -8 -4 -8 -8 -7 -1 -4 -8 -5 -5    4   1   2  62   0   4   5  10   1   1   0   1   0   0   0   6   1   0   1   1  1.67 0.84
   97 R    0  0  0  3 -3  1  3  2  0 -4 -3 -2 -1  0 -3  0 -3  2 -3 -2    8   6   5  14   1   5  19  15   2   1   3   2   2   4   1   6   1   3   1   3  0.32 0.27
   98 Y   -3 -3 -1  0 -4 -2 -1  4  0 -5 -5 -1 -4 -2 -5  4  3 -2 -2 -5    1   2   3   5   0   1   4  26   2   1   1   4   0   2   0  27  17   1   2   1  0.72 0.50
   99 G    1 -2 -1  0 -4 -1 -1  6  0 -4 -5 -3 -6 -3 -6 -1 -1 -6 -3  0   10   2   2   5   0   2   5  50   2   1   1   2   0   1   0   5   4   0   1   6  0.90 0.52
  100 K   -3  4 -1  0 -3  2  0 -4 -2 -3 -4  5 -1 -4 -4 -1  1 -6 -4 -3    2  20   3   5   1   8   7   1   1   2   2  29   1   1   1   5  10   0   1   2  0.68 0.45
  101 I   -4 -5 -7 -7 -2 -5 -5 -6 -4  6  3 -7  2  0 -7 -6 -4 -6 -4  3    1   1   0   0   1   1   1   1   1  45  24   0   4   3   0   0   1   0   1  15  1.36 0.63
  102 Q   -7 -6 -7 -7 -8 10 -5 -8 -6 -8 -8 -6 -7 -8 -7 -7 -7 -8 -8 -8    0   0   0   0   0  96   0   0   0   0   0   0   0   0   0   0   0   0   0   0  3.65 1.58
  103 L   -1 -7 -8 -8 -2 -7 -7 -5 -8  5  4 -7 -1 -1 -7 -5 -4 -2 -6  4    6   0   0   0   1   0   0   1   0  26  31   0   1   2   0   1   1   1   0  29  1.21 0.63
  104 Y   -3 -7 -7 -8  0 -2 -6 -5 -1  0  1 -3  6  4 -7 -3 -5 -1  6  2    2   0   0   0   2   2   0   1   1   5  11   2  17  13   0   2   1   1  26  13  1.14 0.65
  105 L    2 -7 -4 -7  4 -6 -7 -5 -7  2  2 -6 -1  3 -7 -1 -3 -1 -3  3   19   0   1   0   9   0   0   1   0  12  20   0   1  12   0   4   1   1   1  18  0.76 0.47
  106 K   -2  3  3  2 -7  2  1 -4  0 -5 -6  3 -3 -7 -3  2  0 -3 -4 -5    3  14  12  11   0   8   9   1   2   0   1  15   1   0   1  14   5   0   0   1  0.57 0.44
  107 I    2  4 -1 -2 -2  1  0 -4 -1 -3 -2  4  0 -3 -3  0 -3 -7 -3 -1   15  18   2   2   1   6   6   1   1   2   5  23   2   1   2   7   2   0   1   4  0.48 0.38
  108 D   -1  0  2  6 -7  1  1 -2 -3 -7 -6  2 -3 -7 -4  1 -4 -8 -3 -5    5   4  10  35   0   5   7   4   1   0   1  12   1   0   1  10   1   0   1   1  0.85 0.56
  109 D    0  1  1  2 -2  0  2 -1  1 -1 -2  1 -2 -1 -2  0  0 -2 -1  0    6   7   8  10   1   4  14   3   3   4   4   7   1   3   2   5   6   1   2   9  0.12 0.13
  110 V   -2 -2 -4 -4 -1 -3 -3 -4 -1  2  3 -4  1  0 -2 -1  1 -2  2  2    3   2   1   1   1   1   1   1   1   9  31   1   4   4   2   5   9   1   8  15  0.46 0.32
  111 G   -1 -3 -1  1 -1 -1 -1  5 -1 -3 -4 -1 -5 -4  2  1 -1 -6 -6 -2    5   1   3   9   1   3   5  38   2   1   2   4   0   1   9   9   4   0   0   3  0.62 0.42
  112 E    0 -2 -1  4 -7  0  5 -1 -3 -5 -5  1 -2 -7  1 -1 -2 -7 -4 -4    7   2   3  21   0   3  32   4   1   1   2   7   1   0   8   5   2   0   1   1  0.74 0.51
  113 E   -1 -2 -1  3 -6  0  4  0 -2 -2 -2  1 -3 -2  0 -1 -1 -2 -3 -2    5   2   3  15   0   3  29   6   1   2   4   7   1   2   5   4   4   1   1   3  0.45 0.36
  114 K    1 -1  0  0 -2  1  1 -1 -1 -2 -1 -1 -1  3 -1  0  0  0  1  0   11   3   4   6   1   6  10   6   1   2   5   4   1  13   3   5   5   1   5   6  0.12 0.14
  115 L   -1 -2 -3 -1 -2 -1 -2 -5  0 -1  0 -1  0  5 -3 -3 -3  4  5 -2    7   2   2   4   1   3   3   1   2   3   8   4   2  24   2   3   2   4  21   3  0.73 0.44
  116 K    1  1  0  2 -2  1  3 -2 -2 -3 -3  2 -5 -3 -2  0  0  0 -3 -3   12   6   4  11   1   5  21   3   1   2   3  13   0   1   2   6   5   1   1   2  0.33 0.29
  117 E    0  0 -1  0 -2  1  0 -4  0  2  2 -1  0  2 -2 -2 -1  1 -2  0    8   5   2   6   1   7   7   1   2  11  21   4   2   8   2   3   4   2   1   5  0.15 0.15
  118 F   -1 -3  0 -5 -1 -2 -3 -4  3  0  2 -2  1  5 -3 -3 -2  2  1  0    5   2   4   0   1   1   1   2   7   5  18   3   3  27   2   2   2   3   4   8  0.53 0.34
  119 K   -1  1  1  1 -1  0  1 -1  1 -3 -2  5 -2 -5 -2  0 -2 -5 -2 -3    5   8   6   9   1   3   8   4   4   1   4  31   1   0   2   8   3   0   1   1  0.44 0.34
  120 T    0  0  1  1  0  0 -1 -2  1 -1  0  2  0 -1 -1  0  0  1  0 -1    7   6   6   8   2   4   3   3   4   3  12  13   3   3   2   7   6   2   4   3  0.06 0.09
  121 F   -1 -4 -1 -5  2 -4 -4 -2 -4  3  3 -4  2  1 -5 -1 -1  3  1  1    4   0   4   0   4   0   0   4   0  19  25   0   4   6   0   5   4   4   4  10  0.42 0.27
  122 D    0  0  0  0  2  0  0 -1  2  0 -1  0 -2  0  0  0  0  3  1 -1    5   5   5   5   5   5   5   5   5   5   5   5   0   5   5   5   5   5   5   5  0.06 0.08
  123 I   -2  4 -4 -3 -3 -3 -3 -5 -3  4  2 -2  0 -2 -3 -2 -1 -5 -2  1    3  25   0   1   0   1   1   1   0  22  23   1   2   1   2   2   4   0   1   8  0.54 0.33
  124 G   -3 -7 -4 -5 -4 -7 -7  8 -7 -4 -8 -6 -7 -4 -7 -3 -6 -2 -7 -7    2   0   1   1   0   0   0  91   0   1   0   0   0   1   0   1   0   1   0   0  2.48 0.90
  125 D   -5 -7 -4  9 -9 -6 -4 -4 -6 -8 -9 -6 -8 -9 -7 -5 -4 -9 -8 -8    1   0   0  96   0   0   0   1   0   0   0   0   0   0   0   0   1   0   0   0  3.07 1.10
  126 F   -5 -4 -6 -4 -4 -4 -7 -7  1  6  1 -6  0  5 -7 -5 -4  2  0  0    0   1   0   1   0   1   0   0   3  45  11   0   2  26   0   0   0   2   2   5  1.28 0.56
  127 V   -2 -7 -7 -7 -2 -6 -7 -7 -7  6  1 -7 -1 -1 -7 -4 -4 -7 -3  5    3   0   0   0   1   0   0   0   0  37  11   0   1   2   0   1   0   0   1  44  1.44 0.62
  128 V   -1 -3 -3 -4 -2 -1  1  6 -2 -4 -4 -4 -6 -3 -6  0 -3  2 -2 -4    5   1   1   0   1   3  10  60   1   1   1   0   0   1   0   6   1   2   2   1  1.16 0.57
  129 I    2 -6 -7 -7  1 -6 -6 -5 -7  3 -2 -6 -2  1 -5 -3 -3 -6 -5  6   17   0   0   0   3   0   0   1   0  12   3   0   1   5   1   1   1   0   0  55  1.23 0.60
  130 T   -2  1  0 -1 -3  1  3 -3  2 -2 -4  2 -3 -4 -4  1  4 -5 -1 -1    2   8   3   2   1   5  17   1   5   2   1  12   0   0   0  11  24   0   2   4  0.43 0.33
  131 G   -2 -8 -6 -7 -8 -7 -8  8 -8 -9 -9 -7 -8 -9 -8 -6 -7 -8 -9 -9    2   0   0   0   0   0   0  98   0   0   0   0   0   0   0   0   0   0   0   0  2.88 1.07
  132 K   -2  0 -1 -2 -2 -1  1 -3  1  0 -2  0 -1  3  0  0  2 -2  2  1    1   6   3   2   1   2  10   1   4   4   1   7   1  15   5   6  14   0   7   9  0.21 0.22
  133 V   -2 -3 -6 -6 -2 -4 -6 -6 -6  2  2 -4  2 -3  5 -4 -2 -3 -3  3    3   1   0   0   1   0   0   0   0  11  21   1   5   1  29   1   2   0   1  23  0.92 0.50
  134 F   -2 -2 -5 -2 -1 -4 -4  3 -2 -1 -3 -2  1  6 -6 -2 -1 -2  0  0    3   3   0   2   2   0   1  25   1   4   2   2   4  34   0   3   3   0   3   8  0.75 0.43
  135 K   -2  5 -3 -3 -4 -2 -2 -5 -2 -2 -1  4 -1 -2 -4 -2  1 -6 -1 -1    2  36   0   1   0   1   1   0   1   2   6  28   1   2   0   2   8   0   2   5  0.82 0.48
  136 T   -3 -5 -1 -5 -5 -4 -2 -5 -5 -5 -5 -4 -5 -5 -3  3  7 -6 -2 -3    1   0   2   0   0   0   3   0   0   0   1   0   0   0   2  20  66   0   1   1  1.64 0.77
  137 K   -3  4  2  0 -5  2 -1 -1  0 -4 -4  5 -2 -5 -3 -2 -3 -5 -4 -4    2  22   8   4   0  10   2   6   2   1   2  36   1   0   1   2   1   0   0   1  0.79 0.45
  138 T    0  3 -1 -3 -3 -1 -2 -3 -1 -3 -4  3  1 -4 -3  0  5 -5 -4 -2    8  17   3   1   1   2   1   2   1   1   1  19   3   1   1   5  32   0   0   2  0.64 0.42
  139 G   -2 -5 -1 -2 -2 -3 -3  7 -3 -6 -5 -3 -3 -6 -5 -3 -5 -6 -6 -6    2   0   3   2   1   1   2  80   1   0   1   2   1   0   0   1   0   0   0   0  1.86 0.74
  140 E   -3 -4 -4 -1 -6  1  7 -4 -1 -6 -6 -2 -2 -6 -5 -4 -1 -6 -5 -3    2   0   0   3   0   6  76   1   2   0   1   2   1   0   0   0   3   0   0   2  1.80 0.80
  141 I   -2 -1 -3 -4 -2 -2 -2 -5 -1  2  4  0 -1 -1  1 -3 -2 -2 -2  1    2   4   1   1   1   2   2   0   2  11  46   7   1   2   7   1   2   1   1   7  0.53 0.33
  142 T   -2 -5 -4 -4  1 -4 -4 -3 -5 -3 -4 -4 -5 -5 -5  6  5 -5 -2 -3    2   0   0   0   3   0   0   2   0   1   2   0   0   0   0  51  32   0   2   2  1.33 0.69
  143 L   -3 -5 -5 -5  0 -3 -5 -6 -5  5  3 -5  0 -2 -5 -5 -4 -5 -4  4    2   0   0   0   2   1   0   1   0  32  23   0   2   2   0   1   0   0   0  32  1.06 0.48
  144 H   -1  1  0  0  0  0  0 -3  2  0  1  1  1  3 -3 -1 -2  3  0 -1    5  10   4   5   2   3   7   1   6   5  13   8   3  14   0   3   1   4   3   3  0.14 0.14
  145 V    4 -5 -5 -5  2 -4 -4 -3 -5  0 -2 -4  0 -4  3 -1 -1 -5 -4  4   31   0   0   0   3   0   0   2   0   4   3   0   2   0  13   3   4   0   0  32  0.74 0.48
  146 T   -1  1  0  1 -2  1  1 -2  1 -2 -2  3 -1 -2 -3  1  2 -1 -2 -2    4   8   4   8   1   5  10   2   3   2   3  18   1   1   0  10  13   1   1   3  0.22 0.21
  147 K   -1  1  1  2 -1  1  2 -1  0 -2 -3  2 -3 -1 -3  2  0 -4 -1 -2    4   7   5  12   1   4  15   4   3   2   2  11   0   3   0  16   6   0   1   3  0.22 0.21
  148 L   -1 -4 -2 -5  0 -2 -4 -3  0  2  1 -4  1  4 -2 -2 -2  7  2  2    5   0   2   0   2   2   0   2   2  11  14   0   3  15   2   3   2  14   6  14  0.52 0.32
  149 E   -1  2 -1  0  1  2  1 -2  0 -1 -2  0 -1 -2 -3  0  2  0 -1  1    4  12   3   5   3  10  10   3   3   4   3   6   2   2   0   4  16   1   2  10  0.15 0.18
  150 L   -1 -1 -1 -4  1 -1 -3 -4  0  2  2 -1  4  1  0 -1 -1  2  0  0    3   3   3   0   3   3   0   0   3  12  25   3  13   5   4   3   3   3   3   6  0.23 0.20
  151 I    0 -1  1 -1 -2  1  0  0  2  0  0 -1  2 -2 -2  0  1 -3 -2  0    8   0   8   0   0   8   8   8   8   8   8   0   8   0   0   8   8   0   0   8  0.08 0.11
  152 A    4 -4 -3 -4  0 -3 -4 -1 -2 -5 -5 -4 -4 -6 -4  5  3 -6 -5 -2   33   0   1   0   2   0   0   3   1   0   0   0   0   0   0  38  19   0   0   2  1.01 0.60
  153 K   -3 -2 -5 -5 -5 -3 -3 -6  1 -4 -6  7 -4 -7  5 -3 -2 -7 -4 -5    2   1   0   0   0   0   0   0   4   1   0  64   0   0  24   1   2   0   1   1  1.69 0.80
  154 S    3 -6 -2 -2  9 -5 -4 -3 -4 -4 -5 -5 -3 -6 -3  4  0 -6 -6 -4   23   0   1   2  36   0   0   1   0   1   0   0   1   0   1  27   6   0   0   0  1.43 0.69
  155 L   -4 -3 -5 -7 -4 -5 -6 -7 -4  2  6 -5  1 -1 -6 -5 -2 -1 -2  0    0   1   1   0   0   0   0   0   0  12  70   0   3   2   0   0   2   1   1   4  1.26 0.60
  156 K   -3  5 -2 -3 -1  1 -2 -5  7 -3  0  0 -3 -4 -5 -3 -2 -2 -1 -2    2  36   1   1   1   5   2   0  27   2   9   4   0   0   0   1   2   0   1   4  1.00 0.55
  157 P   -2 -4  0 -2 -6 -1 -2 -5 -1 -3 -3 -4  5 -5  7 -2 -2 -7 -6 -3    3   1   4   2   0   3   2   1   1   1   2   0  14   0  58   3   2   0   0   2  1.56 0.73
  158 L   -4 -3 -3 -4 -4 -5 -5 -6 -3  2  5 -5  4  1  1 -5 -3 -1 -1 -1    0   1   1   1   0   0   0   0   0  10  57   0  10   5   8   0   1   1   2   3  0.93 0.50
  159 P   -4 -7 -7 -6 -7 -2 -6 -3 -7 -7 -5 -6 -7 -8  9 -4 -3 -8 -8 -7    1   0   0   0   0   2   0   2   0   0   1   0   0   0  91   1   1   0   0   0  2.98 1.13
  160 E   -2  1  1  4 -3 -1  3 -2  3 -4 -4  0 -3 -2 -1  0 -1 -5 -2 -2    3   9   7  24   0   2  21   2   6   0   1   6   1   2   3   7   3   0   1   2  0.44 0.29
  161 K    0  1 -2 -2 -4  1  1 -2 -1 -3 -1  5 -2 -4  0  0 -1 -4 -4 -2    6   6   1   1   0   6   6   2   1   1   6  43   1   0   4   7   3   0   0   3  0.51 0.34
  162 F   -2  0 -2 -3 -4 -1 -3 -1  5 -2 -3  0 -1  3 -3 -2 -2  8  4 -2    3   5   1   1   0   2   1   4  15   3   2   6   1  11   1   2   2  22  15   2  0.90 0.42
  163 H    1 -2  0  0 -4  0 -2 -1  7 -3 -3 -1 -2  2 -3  0 -1  0  3 -3   11   1   3   4   0   4   2   4  31   1   2   4   1   8   1   8   3   1  11   1  0.62 0.37
  164 G    0 -1 -1 -2 -4 -3 -1  6 -3 -5 -4 -1 -3 -5 -1 -1 -3 -5 -5 -3    6   4   2   1   0   1   3  66   1   0   1   3   1   0   4   3   1   0   0   2  1.13 0.50
  165 L   -3 -4 -3 -5 -4 -4 -4 -2 -5  3  5 -3  1  1 -1 -3 -3 -4 -2  1    0   0   1   0   0   0   1   3   0  13  55   1   2   6   3   1   1   0   1   9  0.74 0.40
  166 K    0  1 -1 -1 -2  1  0  0 -1 -2 -2  3 -2 -4 -2  2  2 -4 -3 -1    7   7   2   2   1   7   5   5   1   2   2  22   1   0   1  14  17   0   0   4  0.27 0.23
  167 D   -2 -2  3  7 -5 -2 -1 -3 -2 -5 -5 -3 -5 -5 -3 -2 -3 -6 -5 -4    4   2  11  70   0   1   3   1   1   0   1   0   0   0   1   2   0   0   0   1  1.56 0.63
  168 P   -1  0 -2 -1 -3  1  1 -3 -1  0 -2  2  0 -3  4  0  0 -4 -1  1    3   3   1   2   0   8   9   1   1   7   2  12   2   0  20   7   6   0   2  12  0.30 0.21
  169 D   -2 -2 -1  3 -5 -1  6 -1  0 -5 -5 -2 -4 -5 -3 -1 -2 -5 -4 -3    3   2   2  13   0   1  62   4   2   1   1   1   0   0   1   3   1   0   0   2  1.13 0.53
  170 L    0 -1  0 -2 -2  1  1 -2 -1  1  1  0  0 -1 -2  0  2 -2 -1  0    9   2   5   1   0   8   8   1   1  11  13   7   2   2   0   3  19   1   1   4  0.11 0.14
  171 K   -2  7  0 -3  0  0 -2 -3 -3 -1 -1  1 -2 -4 -3 -3 -3 -4 -4 -3    3  60   4   0   2   4   2   2   0   3   7   8   1   0   1   1   1   0   0   1  1.04 0.49
  172 Y    0 -2 -3 -4 -1  0 -3 -3  1 -1  0 -2  1  3 -4 -2 -1  0  6  1    8   2   1   0   1   5   1   2   3   2   9   1   3   9   0   3   3   1  36   9  0.55 0.32
  173 R   -3  8  0 -4 -5 -1 -2 -3 -1 -5 -5  0 -2 -5 -3 -2 -4 -5 -3 -5    1  77   4   0   0   1   2   1   1   0   1   4   1   0   1   2   0   0   1   0  1.69 0.68
  174 Q   -2  2  1 -1 -4  5  1 -3  2 -3 -3  4  0 -2 -3 -2 -1 -4 -1 -4    2   9   7   2   0  28   7   1   6   1   2  24   3   1   0   2   2   0   2   0  0.57 0.35
  175 R   -4  8 -3 -4 -5 -2 -3 -2 -3 -1 -4  1 -4 -5  0 -3 -4 -5 -4 -4    1  78   0   0   0   0   0   3   0   4   1   5   0   0   4   1   0   0   0   0  1.67 0.65
  176 Y   -1 -4 -2 -4 -1 -3  0 -4  4 -3 -3 -3 -3  0 -2 -1 -1  3  8 -1    6   0   1   0   1   0   7   0   9   0   1   0   0   2   2   5   4   3  51   5  1.08 0.54
  177 V   -1 -2 -4 -4 -3 -2 -4 -1 -4  1  4 -2  2 -1 -4 -2 -1 -3 -1  2    4   2   0   0   0   1   0   5   0   6  48   2   4   1   0   3   3   0   1  18  0.48 0.31
  178 D   -2 -2 -1  7 -5  0  0 -4  2 -5 -4 -1 -4 -5 -1 -1 -2  2 -1 -5    4   2   2  60   0   4   3   0   4   0   2   4   0   0   3   3   2   3   2   0  1.09 0.53
  179 L   -2 -4 -4 -5  0 -4 -4 -3 -4  0  5 -4  4  1 -4 -1  0  1 -1 -1    2   0   0   0   2   0   0   3   0   4  55   0   9   5   0   4   6   2   2   2  0.70 0.40
  180 I    1 -2 -2 -4  0 -1 -4 -4 -4  5  1 -2  3  0 -4 -2 -1  3 -1  1   11   2   3   0   2   2   0   0   0  36  11   2   8   3   0   3   3   4   2   5  0.41 0.31
  181 I    0 -1 -1 -3  1  1 -1 -1  1  0  0 -2  2  1 -3  0  1  3  0  2    6   3   3   0   3   7   3   4   4   5   6   0   7   7   0   5   8   4   3  21  0.13 0.17
  182 N   -1  1  1  1  3  1  1  0  2 -3 -3 -1 -2 -2 -2  0  0 -2  1 -2    1   8   8   8   8   8   8   8   8   0   1   0   0   0   0   8   8   0   8   0  0.13 0.15
  183 Q   -1  0 -1  2 -6  0  2 -3 -2 -5 -4  0 -3 -5  6 -1 -2 -6 -5 -3    5   6   3  13   0   4  15   2   1   0   2   6   1   0  37   4   2   0   0   1  0.85 0.40
  184 D   -2 -1 -1  4 -6  1  5 -2  0 -6 -5  0 -4 -4 -2  0 -3 -6 -4 -5    3   3   2  20   0   4  43   4   2   0   0   6   0   1   1   7   1   0   0   1  0.87 0.43
  185 V    2 -4 -2 -4 -4 -3 -3 -4 -5  0 -1 -2 -3 -4 -3  2  2 -6 -4  5   14   0   2   0   0   1   1   0   0   3   3   2   0   0   1  19  12   0   0  41  0.68 0.40
  186 R   -1  6 -4 -5 -4 -1 -3 -4  0 -3 -2  3  1 -1 -4 -3 -3 -4  0 -2    5  51   0   0   0   1   0   1   2   1   4  19   4   2   1   1   1   0   3   2  1.07 0.49
  187 E   -1  2  1  3 -6  3  4 -3  1 -5 -5  2 -3 -5 -3 -1 -2 -3 -3 -4    5  11   7  17   0  11  27   1   4   0   0  10   0   0   1   2   2   0   1   0  0.63 0.34
  188 T   -1  3 -1 -3 -3 -1 -3 -4 -2  3  0  0  1 -2 -3 -3  2 -4 -3  3    4  18   3   1   0   2   0   0   1  17   9   5   3   1   0   0  14   0   0  21  0.38 0.26
  189 F   -2 -7 -7 -7 -6 -7 -5 -7 -5  0  2 -7  0  8 -7 -6 -6 -3 -1 -2    4   0   0   0   0   0   1   0   0   4  16   0   2  70   0   0   0   0   1   2  1.99 0.70
  190 M   -1  3 -2 -2 -3  0  1 -4 -2  3  0  2 -1 -2 -4 -2 -2 -3 -1  2    5  18   1   1   0   4   8   1   1  20   9  13   1   1   0   1   2   0   2  13  0.29 0.22
  191 K    1  1 -1 -2 -4  1 -2 -3 -3  1  0  3  0 -2 -4 -2  3 -5 -3 -1   11   6   2   1   0   7   0   1   0   9  10  23   3   2   0   1  21   0   0   4  0.33 0.26
  192 R   -5  8 -5 -6 -8 -3 -4 -6 -3 -5 -6  1 -3 -7 -7 -5 -6 -7 -6 -6    1  88   0   0   0   0   0   0   0   1   1   8   1   0   0   0   0   0   0   0  2.55 0.88
  193 T    3 -4 -1 -3 -4 -2 -3 -2  0 -3 -5 -4 -4 -1 -4  5  1 -3 -2 -4   22   0   2   0   0   1   0   2   2   1   0   0   0   3   0  54   9   0   1   0  0.98 0.52
  194 A    0  4 -1 -3 -5  1  0 -4 -1 -2 -2  5 -2 -4 -4 -2 -2 -5 -4 -3    9  21   2   1   0   6   6   1   1   2   4  40   1   1   0   2   2   0   0   2  0.73 0.38
  195 I   -1 -5 -6 -5 -3 -5 -5 -4 -6  6  1 -5  2  2 -5 -4 -2 -5 -3  3    6   0   0   1   0   0   0   1   0  45   9   0   4  10   0   0   2   0   0  21  0.97 0.42
  196 I   -3 -5 -3 -6 -3 -5 -5 -6 -6  6  1 -5  1 -2 -6 -5 -1  4 -1  4    1   0   1   0   0   0   1   0   0  42  12   0   2   1   0   0   3   6   2  28  1.05 0.44
  197 K    1  3  1 -1 -4  3  0 -2 -1 -4 -4  2 -3 -3 -4  3  0 -2 -3 -4   10  18   5   2   0  13   4   3   1   0   1  14   0   1   0  21   6   1   0   0  0.43 0.28
  198 A    3 -2 -1 -3  0 -2  1  0  0 -2 -1 -1 -2  2 -3  1  1 -1  3 -1   25   1   2   0   2   1  10   5   2   1   4   2   1   8   0  12   7   0  13   3  0.26 0.22
  199 V   -3 -5 -5 -6 -3 -5 -6 -4 -4  6  2 -5  4 -1 -4 -4  0 -4 -4  2    1   0   0   0   0   0   0   1   0  50  17   0  11   2   1   0   5   0   0  11  1.11 0.46
  200 R   -4  9 -5 -6 -8 -3 -4 -5 -3 -7 -7 -2 -4 -7 -7 -5 -5 -7 -6 -7    1  96   0   0   0   0   0   1   0   0   0   1   0   0   0   0   0   0   0   0  2.82 0.93
  201 E   -1  4  2  2 -4  1  2 -2  0 -5 -4  2 -2 -5 -4  1 -1 -5 -4 -4    5  21  12  11   0   5  16   2   2   0   0  13   1   0   0   9   3   0   0   0  0.50 0.28
  202 F   -2 -5 -5 -6 -5 -4 -4 -5 -1 -2 -2 -5 -3  7 -6 -2  0  1  5 -2    4   0   0   0   0   1   1   1   1   2   3   0   0  52   0   3   6   2  20   3  1.42 0.55
  203 L   -5 -5 -6 -7 -4 -5 -6 -7 -5 -2  5 -6  4  4 -6 -6 -5 -2  0 -3    0   0   0   0   0   0   0   0   0   0  66   0  10  18   0   0   0   0   3   1  1.45 0.56
  204 D   -2 -3  2  5 -5 -1  2 -2  2 -1 -2 -1 -3 -4 -4 -1 -1  2 -2 -2    2   0   9  39   0   1  15   2   6   4   4   2   0   1   0   3   4   3   1   3  0.68 0.35
  205 N    0 -1  2  3 -4  1  3  0 -2 -5 -5  2 -3 -5 -3  1 -1 -5 -4 -4    9   2   9  18   0   6  22   7   0   0   0  11   0   0   0  12   2   0   0   0  0.48 0.27
  206 K   -2  5  1 -2 -4  1  1 -3  3 -4  0  2  0 -4 -4 -2 -3 -1 -3 -4    3  36   7   1   0   6   9   2   7   0  10  12   3   0   0   1   1   1   0   0  0.61 0.33
  207 D   -3 -3  2  3 -5 -3 -2  6 -2 -7 -7 -3 -5 -6 -5 -2 -4 -6 -5 -6    1   2   8  14   0   1   3  66   1   0   0   1   0   0   0   1   0   0   0   0  1.46 0.55
  208 Y   -5 -7 -7 -7 -4 -7 -7 -6 -5 -4 -3 -7 -4  9 -7 -5 -6 -1  5 -5    1   0   0   0   0   0   0   0   0   0   1   0   0  81   0   1   0   1  15   0  2.68 0.83
  209 L   -3 -4 -5 -5 -3 -4 -4 -5 -4  3  4 -4  4 -1 -5 -4  0 -1 -1  2    1   1   0   0   0   1   1   0   0  18  46   0   9   2   0   1   5   1   2  12  0.80 0.36
  210 E   -5 -4 -5 -2 -8 -2  8 -6 -4 -7 -7 -4 -4 -7 -5 -4 -5 -7 -6 -7    0   0   0   1   0   0  98   0   0   0   0   0   0   0   0   0   0   0   0   0  2.64 0.91
  211 V   -3 -6 -6 -7 -3 -5 -6 -7 -7  2 -2 -6  0 -2 -6 -5 -3 -6 -5  7    1   0   0   0   1   0   0   0   0  10   1   0   1   2   0   0   1   0   0  83  1.87 0.67
  212 E   -4 -4 -2  1 -7  0  7 -4 -1 -7 -7 -2 -6 -5 -5 -4 -3 -7 -5 -6    0   0   2   5   0   3  84   1   1   0   0   1   0   0   0   0   1   0   0   0  1.99 0.74
  213 T   -4 -5 -4 -5 -4 -5 -5 -5 -6 -3 -5 -5 -3 -6 -5 -2  8 -7 -6 -3    0   0   0   0   0   0   0   1   0   2   0   0   0   0   0   2  92   0   0   1  2.37 0.86
  214 P   -5 -5 -4 -6 -7 -6 -6 -6 -7 -7 -7 -5 -7 -8  9 -3 -5 -8 -7 -7    1   0   1   0   0   0   0   0   0   0   0   0   0   0  95   2   0   0   0   0  3.21 0.98
  215 V   -3 -4 -5 -6 -3 -5 -5 -6 -5  5 -1 -4  6 -3 -5 -4  0 -5  0  4    2   1   0   0   0   0   0   0   0  32   1   0  25   1   0   1   6   0   3  27  1.16 0.49
  216 L   -5 -6 -7 -7 -4 -5 -6 -7 -6 -1  6 -6  6 -1 -6 -6 -4 -5 -4 -2    0   0   0   0   0   0   0   0   0   2  76   0  17   2   0   0   0   0   0   1  1.70 0.63
  217 S   -3 -3  3 -3 -4  7  1 -2  5 -5 -3 -3 -4 -4 -4 -1 -2 -2 -3 -3    1   0  12   1   0  47   7   4  14   0   2   0   0   1   0   5   2   1   0   2  1.12 0.53
  218 T    0 -1  1 -2 -4 -1 -2 -2  1 -2 -3 -2  3 -4  5  1  2 -3 -3 -2    9   3   6   1   0   3   2   2   3   2   2   1   8   0  32  11  12   0   1   2  0.60 0.32
  219 I   -1 -3 -1 -4 -3  0 -2 -3 -2  4  1 -1  0 -3 -4 -1  1 -4 -2  2    3   1   2   0   0   6   3   1   1  32  14   3   1   0   0   6   8   0   1  17  0.40 0.25
  220 A    4 -2 -3 -5 -4 -2 -3 -4  3 -4 -3 -3 -3 -2  4 -1 -1 -4  5 -2   33   2   1   0   0   2   1   0   6   1   1   1   0   0  21   3   3   0  22   3  0.87 0.44
  221 S   -2 -5 -2 -5 -4 -5 -6  7 -6 -5 -7 -5 -6 -7 -6  0 -2 -6 -7 -7    2   0   1   0   0   0   0  85   0   1   0   0   0   0   0   8   2   0   0   0  2.05 0.70
  222 G   -3 -6 -1 -5 -7 -6 -6  8 -6 -8 -8 -6 -7 -7 -6 -4 -3 -7 -7 -7    1   0   2   0   0   0   0  95   0   0   0   0   0   0   0   0   1   0   0   0  2.51 0.80
  223 A    7 -5 -3 -4 -4 -5 -5 -1 -6 -5 -6 -5 -5 -6 -5 -2 -1 -6 -6 -4   89   0   1   1   0   0   0   4   0   0   0   0   0   0   0   1   3   0   0   0  1.89 0.74
  224 S    3 -2  3  0 -1 -2  0 -2 -2 -1 -1 -2  0 -2 -3  1  2 -4 -3 -1   26   1  16   5   1   0   7   1   0   3   7   1   2   2   0  11  14   0   1   3  0.30 0.24
  225 A    7 -6 -3 -6 -5 -5 -5 -3 -6 -6 -6 -5 -5 -6 -5 -2 -4 -7 -6 -4   95   0   1   0   0   0   0   1   0   0   0   0   0   0   0   2   0   0   0   0  2.17 0.81
  226 R   -4  7 -1 -4 -7 -1 -1 -6 -2 -6 -5  4 -5 -6 -5 -3  0 -6 -5 -4    0  55   2   0   0   2   4   0   1   0   0  27   0   0   0   1   6   0   0   1  1.46 0.58
  227 P   -5 -6 -7 -6 -7 -6 -6 -7 -7 -7 -4 -6 -7 -8  9 -2 -4 -8 -8 -6    0   0   0   0   0   0   0   0   0   0   2   0   0   0  93   3   1   0   0   0  3.11 0.98
  228 F   -7 -8 -8 -8 -7 -8 -8 -8 -6 -5 -4 -8 -1 10 -8 -7 -7 -4 -1 -6    0   0   0   0   0   0   0   0   0   0   0   0   1  98   0   0   0   0   1   0  3.32 0.99
  229 S   -2  0 -3 -3 -4 -2  0 -4 -2  3 -1  2  0 -2 -4 -1  2 -3 -3  3    2   5   0   0   0   1   5   0   1  21   2  15   2   1   0   3  14   0   0  26  0.42 0.28
  230 T   -4 -6 -5 -6 -3 -5 -5 -6 -6 -5 -6 -5 -5 -7 -6 -1  8 -7 -6 -5    1   0   0   0   1   0   0   0   0   0   0   0   0   0   0   3  96   0   0   0  2.59 0.95
  231 H   -4  0 -3 -5 -6 -1 -2 -6 10 -6 -6 -2 -5  0 -6 -4 -4 -2  4 -5    1   5   0   0   0   2   2   0  65   0   0   3   0   4   0   1   1   0  13   1  2.24 0.75
  232 H   -2 -4 -3 -5 -3 -4 -4 -4 10  1 -2 -5  1 -2 -6 -1 -5 -3  2 -2    3   0   1   0   1   0   0   1  62   8   5   0   3   2   0   6   0   0   6   3  1.89 0.68
  233 N   -4 -2  8  0 -6 -1 -1 -3  2 -7 -7 -2 -5 -5 -5 -3 -4 -2 -5 -5    1   2  76   4   0   3   3   1   4   0   0   2   0   1   0   1   0   1   0   1  1.95 0.72
  234 A    5 -3 -4  1 -3 -2  1 -3 -2 -4 -4 -1 -4 -4 -4  0  1 -5 -3 -2   60   1   0   8   0   1   8   1   1   0   0   3   0   1   0   7   7   0   1   2  0.89 0.46
  235 L   -4 -5 -5 -4 -4 -3 -6 -6 -3 -1  6 -5  1  0 -6 -5 -4  0  3 -2    1   0   0   1   0   1   0   0   1   2  76   0   2   3   0   0   1   1   9   1  1.37 0.55
  236 D   -4 -3  3  7 -6 -2  0  2  0 -6 -6  0 -6 -6 -5 -2 -4 -7 -5 -6    1   1  15  54   0   1   3  14   2   0   0   6   0   0   0   1   0   0   0   0  1.30 0.53
  237 L   -2  1 -3 -3  0  2 -1 -5 -1  2  1 -2  6 -3 -4 -1  1 -4 -3 -1    2   9   0   1   2  12   4   0   2  14  13   2  24   0   0   3   8   0   0   3  0.47 0.31
  238 D   -3 -1  2  6 -6 -1  2 -4 -1 -5 -6  0 -4 -6  1 -3 -1 -6 -5 -6    1   3  10  52   0   2  12   1   2   0   0   7   0   0   6   1   3   0   0   0  1.13 0.48
  239 M   -3 -4 -5 -6 -2 -4 -5 -5 -4 -1  5 -5  5  3 -6 -5 -4  0  0  1    1   1   0   0   1   0   0   0   0   1  52   0  16  13   0   0   0   1   3   9  1.05 0.45
  240 H   -4 -5 -1 -6 -1 -3 -4 -6  1 -4 -4 -3 -3  5 -6 -3 -2 -2  8 -2    1   0   3   0   1   1   1   0   3   0   1   1   0  26   0   2   3   0  53   2  1.71 0.63
  241 L   -4 -4 -7 -7 -5 -5 -6 -7 -6 -2  6 -6  5 -2 -6 -6 -5 -5 -5 -3    1   1   0   0   0   0   0   0   0   0  81   0  15   1   0   0   0   0   0   0  1.79 0.66
  242 R   -4  8 -3 -6 -7 -3 -4 -6 -4 -7 -6 -2 -5 -7 -6 -3 -4 -7 -6 -6    2  93   1   0   0   0   0   0   0   0   0   1   0   0   0   2   1   0   0   0  2.62 0.88
  243 I   -5 -6 -7 -7 -3 -6 -7 -7 -7  8 -2 -6  0 -4 -6 -6 -3 -6 -5  2    0   0   0   0   0   0   0   0   0  83   1   0   2   0   0   0   1   0   0  11  2.11 0.72
  244 A    6 -5 -4 -5 -2 -4 -4 -2 -5 -5 -5 -4 -5 -6 -4  3 -2 -6 -5 -4   70   0   0   0   1   0   0   2   0   0   0   0   0   0   0  24   1   0   0   0  1.51 0.65
  245 T   -4 -5 -1  0 -4 -2 -4 -5  1 -3 -1 -4  0 -3  7 -2  2 -6 -4 -3    0   0   3   5   0   2   0   0   3   1   7   0   2   1  59   2  11   0   0   1  1.47 0.58
  246 E   -5 -4 -4 -1 -7 -2  8 -3 -4 -7 -7 -3 -6 -7 -5 -4 -5 -7 -6 -7    0   0   0   2   0   0  95   2   0   0   0   0   0   0   0   0   0   0   0   0  2.51 0.89
  247 L   -5 -4 -6 -7 -3 -5 -6 -7 -6  0  6 -6 -1 -3 -5 -4 -1 -5 -5 -3    0   1   0   0   0   0   0   0   0   4  87   0   1   0   1   1   5   0   0   0  1.67 0.64
  248 Y   -3 -5 -3 -3 -6 -4 -5 -6  4 -5 -5 -4 -5  3  1 -3 -5  4  9 -5    2   0   1   1   0   0   0   0   8   0   0   1   0   9   6   2   0   4  62   0  1.92 0.70
  249 L   -5 -5 -6 -7 -5  0 -6 -7  1 -2  6 -6 -2 -3 -6 -6 -5 -5 -4 -3    0   0   0   0   0   4   0   0   4   1  89   0   0   0   0   0   0   0   0   0  1.79 0.68
  250 K   -5 -2 -4 -5 -7 -3 -3 -6 -5 -7 -7  8 -6 -7 -5 -4 -5 -7 -6 -6    0   0   0   0   0   0   0   0   0   0   0  97   0   0   0   0   0   0   0   0  2.63 0.90
  251 R   -5  7 -4 -5 -6  3  0 -6 -3 -5 -5  2  3 -6 -5 -4 -4 -6 -5 -6    0  65   0   0   0  11   5   0   0   1   0  11   6   0   0   0   1   0   0   0  1.68 0.65
  252 L   -2 -6 -7 -7  2 -6 -7 -7 -6 -1  6 -6  1 -3 -7 -5 -3 -5 -3 -2    3   0   0   0   4   0   0   0   0   1  86   0   3   0   0   0   1   0   1   1  1.69 0.65
  253 I   -3 -6 -6 -6  1 -5 -6 -6 -6  5  3 -5  2 -3 -6 -5 -2 -5 -4  4    1   0   0   0   3   0   0   0   0  34  24   0   5   0   0   0   2   0   0  31  1.09 0.45
  254 V   -1 -6 -7 -7 -1 -6 -6 -3 -7  4 -3 -6 -2 -5 -6 -5 -2 -7 -5  7    4   0   0   0   1   0   0   2   0  18   0   0   0   0   0   0   1   0   0  73  1.63 0.64
  255 G    1 -6 -5 -5 -1 -5 -6  7 -6 -7 -7 -5 -7 -7 -6 -3 -5 -7 -7 -7   12   0   0   0   1   0   0  86   0   0   0   0   0   0   0   1   0   0   0   0  2.18 0.75
  256 G   -4 -3 -3 -3 -7 -5 -4  8 -6 -8 -8 -6 -4 -7 -6 -4 -6 -7 -7 -7    0   1   1   2   0   0   1  94   0   0   0   0   0   0   0   0   0   0   0   0  2.46 0.82
  257 F   -4 -6 -6 -7 -4 -5 -6 -6 -3  1  2 -6  4  7 -5 -5 -4 -2  3 -1    1   0   0   0   0   0   0   0   0   7  21   0  12  44   1   0   0   0  10   4  1.28 0.51
  258 E   -4 -3  1  5 -7 -2  6 -2 -1 -7 -7 -3 -6 -7 -1 -3 -2 -7 -6 -6    0   1   7  31   0   1  50   3   2   0   0   0   0   0   3   1   2   0   0   0  1.37 0.58
  259 K   -3  7 -2 -4 -5 -2 -3 -2 -4 -7 -6  5 -5 -7 -3 -4 -5 -7 -6 -6    2  52   1   0   0   0   0   3   0   0   0  40   0   0   1   0   0   0   0   0  1.73 0.68
  260 V   -4 -7 -6 -7 -3 -6 -7 -7 -7  3 -2 -6 -3 -5 -6 -6 -1 -7 -5  7    0   0   0   0   0   0   0   0   0  14   1   0   0   0   0   0   4   0   0  81  1.93 0.72
  261 Y   -6 -4 -7 -8 -7 -6 -7 -8 -4 -5 -5 -7 -5  7 -8 -6 -6  0  8 -5    0   1   0   0   0   0   0   0   0   0   0   0   0  43   0   0   0   1  55   0  2.65 0.87
  262 E   -5 -4 -3 -1 -4 -2  8 -6 -4 -7 -7 -4 -6 -6 -5 -4 -2 -7 -6 -7    0   0   1   3   1   0  92   0   0   0   0   0   0   0   0   0   3   0   0   0  2.39 0.88
  263 I   -5 -6 -6 -7 -5 -6 -6 -7 -6  7  2 -6  2  1 -6 -6 -4 -5 -3  0    0   0   0   0   0   0   0   0   0  64  20   0   5   6   0   0   0   0   0   4  1.54 0.57
  264 G    0 -5  3 -3  1 -5 -5  6 -5 -6 -6 -5 -6 -6 -5 -1 -3 -6 -6 -5    9   0  13   1   3   0   0  67   0   0   0   0   0   0   0   4   2   0   0   1  1.52 0.58
  265 K   -4  7 -4 -5 -3 -1 -3 -4 -2 -5 -6  5 -5 -6  0 -3 -4 -6 -5 -5    0  54   0   0   1   2   0   1   1   0   0  34   0   0   4   1   1   0   0   1  1.63 0.64
  266 D   -2 -2  4  1  3  3 -3 -4 -3  1 -3 -2 -2 -2 -4  0 -2 -5 -2  2    2   1  25   9   7  16   0   0   0   7   1   1   1   2   0   8   1   0   1  18  0.51 0.34
  267 F   -7 -7 -7 -8 -7 -8 -8 -8 -6 -5 -4 -8 -4 10 -8 -6 -7 -2  0 -5    0   0   0   0   0   0   0   0   0   0   0   0   0  97   0   0   0   0   2   0  3.24 0.98
  268 R   -6  9 -5 -6 -4 -2 -5 -7 -5 -8 -7 -1 -6 -8 -7 -4 -6 -7 -6 -7    0  96   0   0   0   1   0   0   0   0   0   2   0   0   0   1   0   0   0   0  2.86 0.95
  269 N   -6 -5  9 -3 -8 -5 -5 -5 -4 -8 -8 -5 -7 -8 -7 -4 -5 -9 -7 -8    0   0 100   0   0   0   0   0   0   0   0   0   0   0   0   0   0   0   0   0  3.23 1.05
  270 E   -4 -5 -5 -3 -8 -3  8 -5 -5 -8 -8 -2 -7 -8 -6 -5 -5 -8 -7 -7    1   0   0   0   0   0  97   1   0   0   0   1   0   0   0   0   0   0   0   0  2.64 0.95
  271 G   -2 -4 -3 -1 -4 -4 -6  7 -6 -7 -7 -5 -6 -7 -4 -2 -5 -6 -7 -7    2   1   1   4   0   1   0  87   0   0   0   0   0   0   1   2   0   0   0   0  2.13 0.73
  272 I   -1 -5 -4 -6 -4 -4 -5 -6 -5  6  1 -5  5 -2 -5 -2 -2 -5 -3  3    6   0   1   0   0   0   0   0   0  44  11   0  15   1   0   2   1   0   1  18  1.03 0.44
  273 D   -4 -5 -2  7 -3 -4 -3 -4 -5 -7 -7 -4 -6 -7 -5  4 -3 -7 -4 -6    0   0   1  65   1   0   0   1   0   0   0   0   0   0   0  29   0   0   1   0  1.87 0.73
  274 V    2  3 -1 -2 -3  1 -2 -3  0 -2  0  0  0 -2  2  0  2 -2 -1 -1   18  17   1   2   0   5   0   0   2   1   9   6   2   1   9   6  15   0   2   3  0.23 0.20
  275 R   -2  3 -1  0 -4  0  1 -4 -2 -3 -3  2 -1 -2 -4  1  5 -3 -3 -3    2  16   2   4   0   4   7   0   0   1   1  11   2   1   0  10  36   0   1   0  0.59 0.36
  276 H   -6 -3 -4 -6 -7 -4 -5 -7 11 -7 -4 -4 -6 -6 -7 -5 -6 -4 -3 -7    0   1   0   0   0   0   0   0  93   0   2   1   0   0   0   0   0   0   0   0  3.70 1.09
  277 N   -4 -4  8 -3 -4 -2 -4 -4 -1 -5  1 -4 -3 -5 -6  0 -4 -4 -2 -5    1   0  72   0   0   1   0   0   1   0  14   0   1   0   0   6   0   0   1   0  1.82 0.70
  278 P   -5 -6 -6 -6 -4  3 -5 -6 -6 -7 -7 -5 -6 -6  8 -3 -5 -7 -7 -6    0   0   0   0   1  11   0   0   0   0   0   0   0   0  84   1   0   0   0   0  2.76 0.91
  279 E   -4 -4 -4  1 -7 -2  8 -6 -3 -7 -7 -3 -6 -7 -5 -4 -5 -7 -6 -6    1   0   0   5   0   0  92   0   0   0   0   0   0   0   0   0   0   0   0   0  2.42 0.87
  280 F   -6 -7 -7 -7 -6 -7 -7 -7  0 -4 -4 -7 -4  9 -7 -6 -6 -3  2 -5    0   0   0   0   0   0   0   0   2   0   1   0   0  91   0   0   0   0   5   0  2.94 0.90
  281 T   -3 -5 -3 -4 -5 -3 -5 -5 -4 -2 -4 -5 -1 -5 -5  0  8 -3 -4 -3    1   0   0   1   0   1   0   0   0   2   1   0   1   0   0   4  86   0   0   1  2.06 0.80
  282 M    0 -4 -3 -5 -3  2 -3 -4 -2 -1  0 -4  8 -4 -5  1  3 -5 -4 -2    6   0   1   0   1   8   1   1   1   3   6   0  42   0   0  12  16   0   0   2  1.09 0.53
  283 I   -4 -5 -6 -6  6 -5 -6 -6 -5  3  4 -5  5 -2 -5 -5 -4 -5 -4  1    0   0   0   0  18   0   0   0   0  15  39   0  18   1   0   0   0   0   0   8  1.17 0.47
  284 E   -5 -4 -4 -3 -7 -2  8 -6 -4 -7 -7 -2 -6 -7 -5 -3 -5 -7 -6 -6    0   0   0   0   0   0  95   0   0   0   0   2   0   0   0   1   0   0   0   0  2.52 0.89
  285 L    2 -4 -4 -5  2 -4 -4 -4 -1  0  1 -4  0  6 -5 -1 -1  4  1  0   17   0   0   0   5   0   0   1   2   4  13   0   2  35   0   4   3   5   3   5  0.69 0.34
  286 Y   -6 -6 -4 -7 -6 -3 -6 -7 -3 -5 -5 -6  0 -2 -7 -6 -6 -2 10 -5    0   0   1   0   0   1   0   0   0   0   0   0   2   0   0   0   0   0  93   0  3.22 1.00
  287 E    1 -2 -4 -3  0  5  2 -4 -2 -2 -3 -2  4 -4 -4 -2 -2  7 -2 -1   11   1   0   0   2  28  15   1   1   2   1   1  11   0   0   2   2  15   1   4  0.82 0.43
  288 A    7 -5 -4 -5 -3 -3 -4 -3 -5 -4 -5 -4 -4 -6 -1 -1 -2 -6 -5 -2   85   0   1   0   0   1   0   1   0   1   1   0   0   0   2   4   2   0   0   2  1.67 0.67
  289 Y   -5 -5 -4 -5 -2 -5 -4 -4  2 -5 -5 -6 -5  3 -5 -5 -5  2  9 -5    0   0   1   1   1   0   1   2   4   0   1   0   0   9   1   0   0   2  77   0  2.49 0.82
  290 A    4 -2 -3 -3 -3  0 -1  1 -1 -3 -3  0 -1 -3 -2  1  0  5 -3 -1   42   1   1   1   0   3   4   9   2   1   2   6   1   0   1  10   5   8   0   4  0.52 0.31
  291 D   -5 -5  3  8 -7 -3 -2 -4 -3 -7 -7 -4 -7 -7 -5 -2 -1 -8 -7 -7    0   0  14  75   0   1   0   1   0   0   0   0   0   0   0   2   4   0   0   0  2.05 0.74
  292 Y   -3 -4 -6 -3 -2 -4 -5 -6  1 -3 -1 -6  0  3 -6 -5 -5  2  9 -2    2   1   0   2   1   0   1   0   3   1   6   0   2   8   0   0   0   2  67   3  1.95 0.71
  293 N   -2  1  4  1 -4  1  3 -3  3 -3 -3  0 -2 -2 -3 -1  0 -4  0 -3    2   9  22   7   0   4  25   1   6   1   2   5   1   1   0   3   5   0   4   1  0.48 0.29
  294 D   -3 -2 -1  6 -5 -1  0  0 -1 -5 -5  0 -1 -2 -4 -1  0  2  0 -3    2   2   1  52   0   2   4   8   1   0   0   5   2   2   0   4   6   3   4   2  0.90 0.42
  295 M   -3 -4  1 -5 -3 -1 -4 -1 -4  1  3 -4  7 -1 -5 -3 -2  0 -2  1    1   0   6   0   0   3   0   6   0   6  27   0  35   2   0   2   2   1   1   7  0.86 0.42
  296 M   -2  0 -6 -7 -4 -4 -5 -6 -6  2 -1 -2 10 -3 -6 -5 -4 -6 -4 -3    4   6   0   0   0   0   0   0   0  10   4   2  70   1   0   0   0   0   0   1  2.20 0.80
  297 E    0  0  1  4 -1  0  3 -2 -1 -3 -3  2 -2 -4 -3 -1  0 -3 -2 -2    8   5   5  24   1   3  18   2   1   1   2  13   1   0   1   3   6   0   1   3  0.37 0.23
  298 I   -4 -2 -5 -5 -3 -2 -5 -5 -2  2  5 -4  4  4 -5 -5 -3 -1 -1 -1    1   3   0   1   0   1   0   1   1   8  50   0   9  18   0   0   1   1   1   2  0.89 0.40
  299 T    0 -5 -3 -5  2 -3 -4 -4 -5  0 -2 -4  0 -1 -4 -1  6 -5 -3  2    8   0   1   0   4   0   0   0   0   6   3   0   2   3   0   2  54   0   1  14  0.98 0.49
  300 E   -3  0 -4 -3 -7  3  7 -5 -4 -6 -6 -1 -5 -7 -5 -4 -3 -7 -6 -5    1   6   0   0   0  10  77   1   0   0   0   2   0   0   0   0   1   0   0   1  1.85 0.73
  301 N    0  0  1  2 -4  1  4 -1 -1 -4 -4  2 -4 -5 -3  0  0 -4 -4 -4    8   5   8  11   0   7  32   5   1   1   1  11   0   0   0   5   6   0   0   0  0.51 0.29
  302 M   -5 -5 -6 -7 -3 -5 -6 -7 -4  2  5 -5  7  0 -6 -4 -4 -3 -3 -1    0   0   0   0   1   0   0   0   0   8  56   0  26   3   0   1   0   0   1   3  1.39 0.55
  303 V   -3 -5 -5 -6 -2 -5 -5 -6 -4  4  3 -5  1  4 -5 -5 -3 -1  2  3    1   0   0   0   1   0   0   0   0  24  24   0   3  15   0   0   0   1   8  21  0.80 0.36
  304 A    0  2 -1 -1  0  2  1 -2  0 -2 -2  2 -2 -4 -2  2  0 -3 -2 -1    7  14   2   1   2  12   9   1   2   1   3  15   1   0   1  20   3   0   1   4  0.30 0.22
  305 Y    0  0  0  0 -2  1  2  1  3 -3 -3  1 -2  0 -3  0  0 -3  2 -3    9   5   4   5   1   6  16  10   9   0   1   7   0   4   0   6   5   0   9   1  0.22 0.17
  306 A    2 -4 -5 -5  1 -3 -4 -4 -5  3  2 -4  4 -2 -4 -2 -1 -5 -4  3   16   0   0   0   3   1   0   0   0  19  21   0  11   1   0   2   3   0   0  22  0.60 0.32
  307 C    4 -4 -4 -4  3 -4 -4 -3 -5  0 -1 -4 -2 -1 -4 -1 -1 -5 -3  4   43   0   1   0   5   0   0   1   0   5   5   0   0   3   0   4   2   0   0  29  0.74 0.40
  308 Q    0  1 -1  0 -3  2  1 -2 -1 -1  0  4  0 -1 -3 -1 -1 -3 -2 -1    7   7   3   4   0  10   9   2   1   3   8  28   3   3   0   3   4   0   1   3  0.24 0.19
  309 K    2  0  0  1 -3  0  3 -3  1 -4 -4  2 -3 -3 -3  0  0 -3 -2 -2   20   5   5   9   0   2  22   1   3   0   1  16   0   1   0   7   4   0   1   2  0.37 0.25
  310 V    1 -4 -4 -3 -2 -4 -4 -4 -3  3  2 -4  0 -1 -4 -3  0 -4 -2  4   12   0   1   1   1   0   0   1   1  17  18   0   1   2   0   1   6   0   1  37  0.61 0.32
  311 N   -2 -2  2 -2  2 -2 -3 -1  3 -1  1 -1  0  3 -3 -1  2 -1  1 -2    2   2  13   1   6   1   1   5   9   3  14   4   2  13   0   2  15   0   6   2  0.25 0.21
  312 G   -3 -3 -1 -1 -4 -2 -2  7 -2 -3 -4 -2 -5 -5 -4 -2 -3 -4 -5 -5    1   1   3   3   0   1   2  75   1   2   2   3   0   0   1   2   1   0   0   1  1.49 0.56
  313 T   -1 -1  0  0 -3 -1 -1  1 -2 -4 -4  2 -3 -4 -1  4  3 -5 -4 -3    3   3   3   5   0   2   4   9   1   0   0  11   0   0   3  30  23   0   0   1  0.48 0.32
  314 T   -1 -1 -1 -2 -2 -2 -1 -1  0 -2  1 -1  0  0  1  0  3 -2  4 -2    3   3   3   2   0   1   4   4   2   1  15   3   2   3   6   5  25   0  15   2  0.26 0.23
  315 K   -2  1 -1 -2 -2  2  1 -3 -2  1 -2  4 -1 -4 -1 -1  1 -3 -3  1    2   6   2   2   1   8  11   1   1   8   2  29   1   0   2   4   9   0   0  12  0.34 0.25
  316 I   -1 -4 -5 -4 -2 -4 -4 -5 -4  5  1 -3 -1  3 -4 -4 -1 -4 -1  3    4   1   0   1   0   0   1   0   0  33  14   1   1  14   1   1   3   0   1  24  0.72 0.33
  317 T   -2  0  0  0 -4  1  2 -3 -2 -1 -3  3  0 -3  2  0  2 -4 -2 -1    2   3   5   4   0   5  16   1   1   4   2  20   3   1   9   5  15   0   1   5  0.30 0.22
  318 Y   -3  0 -3 -5 -1 -4 -4 -4  1  1 -1 -3 -2  4 -4 -2 -2  3  7  1    1   6   1   0   1   0   0   1   2   7   4   1   1  14   1   3   2   3  42   8  0.99 0.43
  319 E   -1  1  1  2 -3  4  2  2  2 -4 -4  1 -2 -4 -1 -2 -3 -3 -3 -4    6   6   6  10   1  18  15  18   5   1   1   8   1   1   3   1   1   0   1   0  0.42 0.26
  320 G   -2 -3  0  3 -5 -3  2  5 -3 -5 -4 -2 -5 -5  1 -1 -1 -6 -5 -5    2   1   4  15   0   0  16  45   1   0   1   2   0   0   6   3   3   0   0   0  0.85 0.41
  321 T   -2  1  1 -1 -3  1  1 -3  4  0 -2  2 -1  0 -2 -1  0 -3  2  0    1   6   6   2   0   8  10   1  12   5   2  14   2   3   1   2   7   0   8   9  0.21 0.19
  322 E   -1 -2 -1  1 -5  0  5 -4 -3 -3 -3  1 -2 -4 -1 -1  2 -3 -4  0    5   1   2   5   0   3  42   0   0   2   2   8   1   0   3   3  14   0   0   7  0.62 0.37
  323 I   -4 -6 -6 -6 -4 -6 -6 -7 -4  7  2 -6 -1 -1 -6 -5 -3 -4  0  3    0   0   0   0   0   0   0   0   0  55  18   0   1   2   0   0   1   0   3  18  1.34 0.53
  324 D   -4 -4  3  7 -2 -4  0 -4 -3 -5 -6 -3 -5 -7 -5  0 -4 -7 -5 -6    1   1  10  69   1   0   4   1   1   1   0   1   0   0   0   8   1   0   0   0  1.74 0.67
  325 L   -5 -6 -7 -7 -1 -6 -6 -7 -5  1  4 -5  0  7 -6 -5 -5  2 -1 -1    0   0   0   0   1   0   0   0   0   7  33   1   1  50   0   0   0   3   1   3  1.50 0.57
  326 T    1 -1 -1 -1 -3 -1  1  0 -2 -4 -4  2 -3 -3 -3  3  3 -3 -4 -3   14   2   2   3   0   2   7   7   1   0   0  13   0   1   1  22  23   0   0   1  0.42 0.30
  327 P    0  2 -2 -2 -4  0 -1  2 -2 -4 -4  3 -4 -5  5 -2 -1 -5 -5 -3    9  10   2   1   0   3   3  16   1   1   2  16   0   0  28   2   4   0   0   1  0.61 0.33
  328 P   -3 -4 -1  0 -6 -3  1 -4 -4 -5 -6  0 -5 -7  8 -3 -3 -7 -6 -5    2   1   3   5   0   1   9   1   0   1   0   6   0   0  67   1   1   0   0   1  1.86 0.70
  329 W   -7 -7 -8 -8 -7 -7 -8 -7 -6 -3 -5 -7 -4  7 -8 -7 -7 11  2 -6    0   0   0   0   0   0   0   0   0   2   0   0   0  41   0   0   0  51   5   0  3.18 0.98
  330 R    0  5 -1 -2 -6  0  2 -4 -2 -5 -5  3 -4 -5  3 -2 -2 -6 -5 -4    7  29   2   2   0   4  11   1   1   0   1  21   0   0  17   2   2   0   0   1  0.79 0.41
  331 R   -3  7 -4 -5 -5 -1 -2 -6 -3 -2 -5  2 -4 -6 -6 -3 -3 -4 -5  1    1  69   0   0   0   1   3   0   0   2   0   9   0   0   0   1   2   0   0   9  1.66 0.68
  332 V   -1 -1 -5 -5 -3 -4 -3 -5 -3  5  2 -1  2 -1 -5 -3 -2 -1  1  3    5   4   0   0   0   0   2   0   0  34  16   4   6   2   0   1   1   1   5  20  0.61 0.32
  333 T   -1  0  0  3 -4 -2  0 -3  0 -5 -5  0 -3 -5  2  3  4 -6 -4 -4    3   5   3  15   0   1   5   1   2   0   0   6   0   0   9  20  28   0   0   0  0.57 0.36
  334 M   -4 -5 -6 -7 -5 -5 -6 -7 -5  1  1 -6  8  4 -5 -5 -4 -1  4  2    0   0   0   0   0   0   0   0   0   8  12   0  37  16   0   0   0   1  14  11  1.35 0.57
  335 V    0  1 -1 -2  0 -1 -1 -3  2  1  0  0  0  0 -1 -1  0  1  1  1    7  11   2   2   2   2   4   1   6  13   9   5   2   4   2   3   5   2   6  13  0.07 0.09
  336 D   -3 -3 -1  5 -6  1  5 -1 -3 -6 -6 -1 -5 -5  1 -1 -2 -6 -5 -5    2   0   3  35   0   6  33   4   0   0   0   3   0   0   7   3   2   0   0   0  1.03 0.49
  337 I    4 -3 -4 -3 -3 -3  1 -1 -3 -1  2 -3 -1 -1 -4  1  1 -5 -2 -1   36   0   0   1   0   0   9   4   0   4  21   1   1   2   0   8   8   0   1   3  0.39 0.31
  338 V   -3 -6 -6 -7 -4 -6 -6 -6 -6  5  4 -6  1  1 -6 -5 -4 -3 -4  4    1   0   0   0   0   0   0   0   0  30  37   0   3   5   0   0   0   0   0  23  1.12 0.48
  339 K    0  1  0 -2 -2  1  3 -3 -1 -2 -1  4 -2 -3 -3  1 -2 -5 -3 -2    6   6   3   0   1   6  23   1   1   3   7  25   0   1   0  12   1   0   0   2  0.41 0.30
  340 E   -1  1 -1  1 -6  2  5 -4 -2 -5 -5  4 -5 -6 -4 -1 -2 -6 -4 -5    4   6   2   7   0   7  40   1   1   0   0  24   0   0   0   3   3   0   0   0  0.90 0.46
  341 H    2  0 -2 -1 -3 -1  0 -3  3 -1 -2  2 -1  1 -4 -2 -2 -1  4 -1   22   5   2   2   0   2   7   1   8   3   2  13   1   5   0   2   1   0  17   5  0.34 0.26
  342 S    2 -4 -1 -4  2 -3 -3 -1 -2 -1  2 -3  0 -1 -3  0  4 -4 -2  0   17   0   2   0   4   0   1   5   1   3  20   0   2   2   1   6  27   0   1   7  0.38 0.29
  343 G   -3 -3  2  0 -6 -2 -1  6 -4 -6 -6  0 -6 -7 -3 -2 -5 -6 -6 -6    1   1  10   4   0   2   4  68   0   0   1   6   0   0   2   2   0   0   0   0  1.45 0.60
  344 I   -2 -2 -4 -2 -1 -1  1 -5 -3  4  2 -3  0  0 -3 -3  0 -1 -1  3    2   2   0   2   1   2  10   0   0  32  15   1   2   3   1   0   5   1   1  18  0.47 0.28
  345 D   -3 -1  1  6 -4 -1  1 -3 -3 -6 -5  2 -5 -4 -1  1 -1 -6 -5 -5    2   3   7  49   0   2   8   1   0   0   1  11   0   1   4   9   3   0   0   1  0.99 0.47
  346 F   -2 -3 -3 -3 -3 -4 -3 -5 -3  4  2 -3  0  4 -1 -4 -3  2  0  3    3   1   2   1   0   0   1   1   0  24  17   1   2  20   3   0   0   2   2  18  0.60 0.32
  347 S   -1 -1  1  2 -3 -1  1 -2 -1 -3  0 -1  0  0  3  1  1  0  0 -3    5   2   6  13   0   1   8   3   2   1   9   2   2   4  18   9   9   1   3   1  0.25 0.19
  348 T    0  0  1  2 -3  1  2 -1 -2 -2 -2  2 -2 -2  2  1  0 -4 -3 -2    9   4   6  10   0   7  12   3   1   2   3  13   0   2  10  10   5   0   0   3  0.21 0.16
  349 V    0 -2 -2  2 -1 -1 -1 -2  0  1  1 -2  1  0  0 -1 -1  1  0  0   10   1   1  13   1   1   4   2   3   9  17   2   5   5   6   3   3   2   4   7  0.08 0.11
  350 K    0  0  1  2 -2 -1  1 -1  0 -2 -1  1  0 -2  0  0  2 -2 -1 -2    7   4   6  11   1   2  12   3   2   1   8   9   2   2   5   8  14   0   2   2  0.13 0.12
  351 T   -1 -3  1  4 -1 -3  0 -2 -3 -4 -4 -2 -4 -5  1  3  3 -3 -4 -4    5   1   7  25   1   1   5   3   1   1   1   2   0   0   6  19  21   0   0   1  0.62 0.39
  352 D    0  0  0  2 -3 -1  1 -2 -2  0  1  0 -1  0  0  0  0 -3 -1  0    7   4   5  13   0   1  12   1   1   4  16   5   1   3   5   8   4   0   1   9  0.09 0.11
  353 E    1 -3 -1  4 -6  0  5 -1 -3 -6 -4  1 -5 -5 -2 -1 -1 -6 -4 -4   10   1   3  19   0   3  39   4   0   0   1   8   0   0   2   3   3   0   1   1  0.79 0.45
  354 E    1  0 -2  2 -4  1  4 -2 -2 -3 -3  1 -2  0 -3  0  0 -2 -3 -2   11   5   1  10   0   5  31   3   1   1   2   9   1   4   0   8   5   0   1   2  0.39 0.28
  355 A    3 -3 -5 -6  0 -4 -5 -5 -5  1  4 -4  2 -1 -4 -3 -2 -2 -2  0   23   1   0   0   2   0   0   0   0   7  46   0   4   2   1   1   2   1   1   6  0.74 0.41
  356 R   -1  4  1 -1 -4  0 -1 -4  0  0  0  3 -1 -2 -4 -1 -1 -4 -2 -1    5  26   6   2   0   4   3   1   2   7  11  16   1   2   0   3   2   0   1   5  0.34 0.25
  357 E    2  1  0  2 -5  1  2 -2 -2 -3 -2  4 -3 -5 -3 -1 -1 -2 -3 -3   18   5   4  10   0   7  14   2   0   1   3  25   0   0   1   4   3   1   1   2  0.42 0.29
  358 I    1 -1 -3 -3 -3 -2  0 -4 -1  2  2  0  0  1 -4 -2 -2 -2  1  1   15   2   1   1   0   1   6   0   2  13  25   7   1   6   0   1   2   0   5   9  0.23 0.20
  359 A    4 -5 -5 -4  7 -4 -4 -4 -5  1  2 -4  0 -1 -4 -3 -3 -5 -3 -1   37   0   0   1  19   0   1   1   0   7  21   1   2   2   0   1   1   0   1   4  0.92 0.47
  360 K    0  2 -1  1 -3  1  2 -2  0 -2 -2  4 -2 -5 -3 -1  0 -5 -3 -1   10  11   3   8   0   6  14   2   2   2   3  27   1   0   0   3   5   0   0   4  0.39 0.27
  361 E    1  2 -1  1 -3  1  3 -2 -2 -3 -3  4 -3 -5 -4 -1 -2 -5 -4 -3   12  10   2   8   1   5  19   2   1   1   3  27   1   0   0   5   1   0   0   2  0.53 0.33
  362 K    0  1  1 -3 -2 -1 -1 -4  5 -1  2  2  0 -1 -3 -2 -2 -1  1 -2    9   9   7   0   1   2   3   1  17   4  19  12   3   2   1   2   1   1   5   3  0.33 0.25
  363 K   -2 -2  3  1  1 -2  0  5  2 -6 -5  2 -5 -5 -4 -2 -4 -6 -5 -5    3   2  13   7   3   2   6  43   5   0   1  12   0   0   1   2   0   0   0   1  0.84 0.43
  364 L   -2 -3 -5 -5 -3 -5 -4 -4 -4  5  2 -5 -1 -1 -4 -4 -2 -4 -2  4    4   1   1   1   0   0   1   1   0  34  17   0   1   3   1   1   2   0   1  30  0.91 0.43
  365 E   -1  0  0  3 -4  0  4 -2  1 -3 -3  2 -2 -3  1 -1 -1 -5 -2 -3    5   4   3  13   0   3  30   4   3   1   2  12   1   1   7   4   3   0   1   2  0.44 0.28
  366 L   -1 -3 -2 -1  4 -2 -3 -2 -1  2  1 -2  0  1 -2 -2  0  1  1  3    5   1   1   3  10   1   1   3   1  12  14   2   1   6   2   2   4   2   6  20  0.25 0.17
  367 K    0 -1 -1  3 -4  1  3  0 -2 -3 -3  1 -3 -4  2  0  0 -4 -3 -2    8   3   3  16   0   5  18   6   1   1   2  10   1   1  12   7   4   0   1   2  0.34 0.22
  368 K    1 -1 -1  0  0 -1  1  0  0 -1 -2  2 -1 -2  3 -1 -1 -3 -1 -1   12   2   3   6   2   2  11   7   2   4   3  13   1   1  17   4   3   0   2   5  0.20 0.14
  369 E    0  0  0  1 -2  0  2 -2  2 -2 -2  1 -3 -2  4 -1 -1 -2 -1 -2    7   4   5   7   1   3  13   2   5   3   3   9   0   2  21   5   3   1   2   3  0.28 0.17
  370 L    0 -1 -1  0  1  0  0  0  1  0  0  0  1  0  1  0  0  0  0  0    6   2   3   6   3   6   5   6   4   7  11   4   5   4   7   4   5   1   2   7  0.02 0.02
  371 K    0  0  0  1 -2  1  2  0  0 -2 -2  1 -2 -2  3  0  0 -2 -2 -2    7   5   4   9   1   5  12   8   2   2   4   9   1   2  13   7   4   0   1   3  0.17 0.09
  372 D    0 -1  1  2 -1  0  1  1  0 -2 -2  1 -1 -2  2  0  0 -2 -1 -1    9   3   6  11   2   3   8  12   2   2   4   8   1   2   9   7   6   1   2   3  0.11 0.06
  373 C    1  1 -1 -1 -1 -1 -1 -2  0  0  0 -1  1  0  1  0 -1  6  0 -1   11   9   2   4   2   2   4   3   2   4  10   3   5   4   8   5   4  11   4   4  0.18 0.11
  374 T   -3 -3  1  0 -4 -2 -2  2 -2 -3 -3 -2 -4 -4 -2  3  5 -4 -4 -3    1   1   6   4   0   1   2  18   1   1   2   2   0   1   2  20  35   0   0   1  0.73 0.40
  375 K    0  2 -1 -3 -2 -2 -2 -3  1  1  0  1 -2 -2  0  0  1  5  1  0    8  13   3   1   1   1   1   1   4   7   8   9   1   1   5   6  10  10   4   7  0.23 0.18
  376 G    2 -3 -2 -3 -5 -4 -3  6 -4 -5 -5 -3 -4 -4  0 -1 -2 -1 -4 -4   19   1   2   2   0   0   2  54   0   0   1   1   0   1   5   5   3   1   1   1  1.10 0.50
  377 D   -1  5  0 -1 -5  1  2 -3  3 -4 -3  3 -2 -5 -4 -2 -2 -2 -2 -4    6  28   4   4   0   6  11   2   7   1   3  20   1   0   1   2   2   1   1   1  0.63 0.36
  378 I   -1 -4 -5 -6  1 -4 -6 -4 -5  3  5 -3  3 -1 -6 -5 -3 -5 -4  2    5   1   0   0   3   1   0   1   0  18  46   2   7   2   0   0   1   0   0  12  0.91 0.44
  379 L   -2 -6 -6 -7 -3  0 -5 -7 -5  5  4 -5  1  0 -6 -5 -2 -4 -3  3    3   0   0   0   0   5   0   0   0  26  36   0   3   3   0   0   2   0   1  19  0.96 0.47
  380 N   -1 -4  2  6 -2 -2  1 -3 -3 -4 -1 -4 -1  0 -5 -3 -3 -5 -2 -1    6   1  10  49   1   2   8   2   0   1   6   0   2   4   0   2   2   0   2   4  0.98 0.51
  381 A    1 -1  0  0 -4  0  4 -3  0 -3 -1  4 -2 -2 -4 -2 -1  0 -2 -3   12   2   4   4   0   3  26   1   2   2   7  24   1   2   0   2   4   1   2   1  0.46 0.34
  382 L   -2 -7 -7 -8 -1 -6 -7 -8 -7  4  5 -7  1  1 -7 -6 -5 -6 -4  1    4   0   0   0   1   0   0   0   0  18  59   0   3   5   0   0   0   0   0   9  1.34 0.60
  383 F   -4 -6 -8 -8 -2 -7 -8 -8 -3  0 -3 -7 -3  7 -8 -6 -6  5  5  2    1   0   0   0   1   0   0   0   0   5   2   0   1  48   0   0   0   7  20  14  1.83 0.75
  384 E   -3 -4 -3  2 -6 -2  5  2 -4 -6 -6  3 -6 -6 -5  0 -4 -6 -6 -5    2   0   1  11   0   1  41  17   0   0   0  16   0   0   0   8   0   0   0   1  1.04 0.55
  385 E    0  1 -3 -1 -5  0  4 -5  6 -3 -3  4 -3 -5 -5 -2 -1 -6 -2 -4    8   6   1   3   0   3  26   0  16   1   3  22   0   0   0   3   3   0   1   1  0.77 0.46
  386 Y   -2 -2 -4 -5 -3 -3 -3 -5  1 -1  2  0 -1  5 -5 -3  1 -3  3  1    2   2   1   0   1   0   2   0   3   3  23   7   1  23   0   1   9   0  11  10  0.56 0.35
  387 G    0 -7 -7 -7  5 -6 -7 -5 -5  4  1 -6 -2 -4 -6 -2 -3 -5 -5  6    8   0   0   0  11   0   0   1   0  19  10   0   0   0   0   3   1   0   0  46  1.22 0.57
  388 E   -3  4 -6 -4 -9  0  7 -6 -5 -6 -5 -2 -6 -8 -5 -4 -3 -5 -6 -5    2  18   0   0   0   3  70   0   0   0   2   1   0   0   0   1   1   0   0   1  1.90 0.88
  389 K   -1 -3 -2  1 -5 -2  2 -3  2 -5 -6  2 -3 -7  6  0 -3 -7 -5 -2    4   1   2   8   0   1  14   2   4   1   0  13   1   0  37   6   1   0   0   3  0.93 0.52
  390 K   -2  1  2  0 -4  2  0 -3  3 -5 -2  4 -3 -3 -5  0  3 -6 -2 -4    2   6  10   4   0   8   6   2   7   0   4  24   1   1   0   7  16   0   2   0  0.50 0.35
  391 L   -5 -7 -6 -8  6 -6 -7 -7 -7  3  5 -7 -1 -3 -7 -5  1 -4 -2 -2    1   0   0   0  16   0   0   0   0  15  55   0   1   1   0   0   8   0   1   2  1.40 0.63
  392 I   -2 -3 -4 -3 -5 -2 -2 -5 -3  6 -2 -2  0 -2 -3 -2  0  3 -4  3    3   1   1   2   0   2   3   1   1  44   2   3   2   1   1   3   5   4   0  20  0.86 0.46
  393 Q   -3 -1  4  0 -7  7  2  1 -1 -7 -6 -2 -4 -5 -5 -1 -3 -7 -4 -6    2   3  18   5   0  42  10   9   1   0   1   2   0   1   0   4   1   0   0   0  1.14 0.63
  394 P   -6 -8 -8 -8 -9 -7 -7 -8 -8 -9 -9 -6 -9 -7  9 -6 -7 -10 -9 -9    0   0   0   0   0   0   0   0   0   0   0   0   0   0  98   0   0   0   0   0  3.62 1.36
  395 T   -2 -6 -5 -6  0 -5 -6 -3 -2 -1 -4 -5 -3 -5 -6 -3  7 -7 -7  1    3   0   0   0   2   0   0   3   1   3   2   0   1   1   0   1  74   0   0   8  1.84 0.87
  396 F   -7 -8 -8 -9 -8 -8 -8 -9  1  0 -3 -8 -4  9 -9 -8 -7  2  0 -4    0   0   0   0   0   0   0   0   3   5   1   0   0  84   0   0   0   2   3   1  2.94 1.07
  397 V   -5 -7 -7 -7 -5 -7 -7 -8 -7  5  2 -7 -2 -3 -7 -6 -5 -5  2  5    0   0   0   0   0   0   0   0   0  35  19   0   1   1   0   0   0   0   6  38  1.44 0.63
  398 C   -4 -3 -5 -6  3 -5 -5 -6 -2  4  0 -3  4 -1 -6 -4  4 -3  3  1    0   1   0   0   6   0   0   0   1  24   7   2   9   2   0   0  27   0  10  10  0.87 0.49
  399 D   -5 -3  3  7 -7 -3  0  2  2 -8 -6 -4 -4 -8 -6 -4 -5 -8 -4 -7    1   2  13  54   0   1   6  14   5   0   1   1   1   0   0   0   0   0   1   0  1.52 0.70
  400 Y   -6 -6 -6 -7 -5 -1 -4 -8  8 -4 -4 -7 -5  4 -5 -7 -5 -2  7 -5    0   0   0   0   0   3   1   0  35   1   2   0   0  17   1   0   1   1  38   1  2.25 0.91
  401 P   -7 -8 -8 -7 -9 -7 -7 -8 -6 -8 -9 -7 -9 -6  9 -6 -6 -4 -9 -9    0   0   0   0   0   0   0   0   0   0   0   0   0   0  98   0   0   0   0   0  3.60 1.35
  402 V    1  0 -3 -4 -4  1  0 -3 -4  2  0  1 -2 -2 -4 -1  1 -4 -3  3   10   5   0   0   0   7   7   1   0  11   8  10   1   1   0   4   9   0   0  25  0.30 0.26
  403 E    0 -4 -4  2  0 -1  6 -5 -5  2 -3 -3 -1 -1 -5  0 -3 -5 -2 -1    8   0   0   9   2   2  47   0   0  12   2   1   2   2   0   6   1   0   1   5  0.83 0.50
  404 I   -4 -6 -3 -7 -3 -5 -6 -7 -6  4  2 -5  7 -2 -5 -2  1 -5 -4  3    0   0   1   0   0   0   0   0   0  22  17   0  24   2   0   2  10   0   0  20  1.05 0.52
  405 S   -3 -5 -3 -5  2 -3 -4 -6 -3 -4 -6 -2 -4 -4 -6  7  0 -8 -5 -3    2   0   1   0   3   1   1   0   1   1   1   2   0   1   0  78   5   0   0   2  1.80 0.88
  406 P   -5 -8 -8 -8 -6 -7 -7 -8 -8 -8 -6 -7 -8 -10  9 -6 -6 -10 -9 -8    1   0   0   0   0   0   0   0   0   0   1   0   0   0  97   0   0   0   0   0  3.52 1.33
  407 L   -7 -7 -9 -9 -7 -5 -8 -9 -8 -3  7 -8 -2  0 -8 -8 -6 -7 -6 -4    0   0   0   0   0   0   0   0   0   0  95   0   0   3   0   0   0   0   0   0  2.38 0.95
  408 T    6 -6 -6 -6  2 -5 -6 -5 -6 -6 -6 -5 -6 -7 -4  1  2 -7 -7 -4   70   0   0   0   4   0   0   0   0   0   0   0   0   0   1  11  12   0   0   1  1.68 0.80
  409 K   -4  5 -5 -6 -8 -3 -5 -5 -6 -8 -7  7 -3 -8 -6 -5 -6 -8 -7 -7    1  25   0   0   0   0   0   1   0   0   0  71   1   0   0   0   0   0   0   0  2.26 0.95
  410 K    0  4 -2 -3 -1  1 -1 -3 -2 -3 -2  2 -3 -3  2  0 -1  4  0 -2    9  25   1   1   2   7   4   1   1   2   3  10   0   1  12   7   3   5   3   3  0.41 0.30
  411 K   -4  0  3  0  1 -2 -4 -5  8 -3 -3  3 -1 -5 -6  1 -3 -3 -3 -4    1   5  11   6   3   1   0   0  37   2   2  15   2   0   0  11   1   0   0   1  1.19 0.59
  412 R   -1  6 -2  2 -3 -2  1 -4 -4 -5 -5 -1 -6 -6  4 -2 -3 -7 -4 -4    6  40   1  13   1   1   8   1   0   0   1   3   0   0  19   2   1   0   0   1  1.00 0.54
  413 G   -1 -1  1  4 -5 -1  2  0 -1 -4 -5  0 -3 -6 -4  3  0 -6 -5 -3    5   3   6  25   0   2  13   8   2   1   1   7   0   0   0  21   6   0   0   2  0.54 0.36
  414 N   -3  0  5  5 -6 -1  0 -3  0 -2 -4  2 -5 -4 -5 -3 -2 -7 -5 -3    2   6  24  35   0   2   6   2   2   3   1  11   0   1   0   1   2   0   0   2  0.94 0.50
  415 P   -1 -3 -3 -2 -2 -2  0 -4 -3 -6 -5 -1 -5 -6  8  0 -2 -8 -6 -4    4   2   2   2   1   2   6   1   1   0   1   4   0   0  63   6   2   0   0   1  1.65 0.76
  416 E   -1  3  1  1 -4  0  1  4 -1 -5 -2 -1 -3 -2 -4  0 -1 -4 -4 -4    4  20   6   7   0   3  10  28   2   0   4   3   0   2   0   6   4   0   0   0  0.46 0.31
  417 Y   -4 -1 -5 -6 -2 -4 -4 -6 -4  2  4  0  0  3 -6 -5 -2  2  1  2    0   3   0   0   1   0   1   0   0  11  43   6   2  11   0   0   3   3   4  11  0.73 0.39
  418 T    2 -6 -3 -6  2 -5 -5 -4 -6  0 -4 -5 -4 -5 -6  0  5 -7 -6  4   19   0   1   0   3   0   0   1   0   5   1   0   0   0   0   6  33   0   0  31  1.04 0.58
  419 E   -1 -3 -4  3 -5  1  7 -5 -2 -8 -5 -3 -5 -6 -6 -4 -6 -8 -3 -7    5   1   0  16   0   4  67   1   1   0   1   1   0   0   0   0   0   0   1   0  1.76 0.82
  420 R   -5  8 -4 -7 -4  0 -5 -8 -3 -8 -6 -2 -4 -7 -6 -2 -5 -8 -4 -3    1  84   1   0   0   3   0   0   1   0   1   2   1   0   0   3   0   0   1   2  2.46 1.01
  421 F   -5 -8 -7 -8 -6 -9 -9 -7 -7 -5 -4 -9 -2  9 -9 -7 -8  6  0 -4    1   0   0   0   0   0   0   0   0   0   1   0   1  84   0   0   0   9   2   1  3.05 1.10
  422 E   -6 -5 -4  2 -9  4  7 -7 -2 -9 -7 -3 -7 -9 -6 -5 -6 -8 -7 -8    0   0   1   9   0  19  69   0   1   0   0   1   0   0   0   0   0   0   0   0  2.12 0.95
  423 G   -1 -6 -7 -7 -3 -6 -7 -3 -5  0  6 -6 -1  0  1 -3 -4 -6 -3  1    5   0   0   0   1   0   0   2   0   4  65   0   1   3   7   2   1   0   1   8  1.15 0.57
  424 F   -6 -7 -8 -8 -2 -7 -7 -8 -3  3 -1 -7 -1  7 -8 -7 -6 -4  5  3    0   0   0   0   1   0   0   0   0  13   4   0   1  49   0   0   0   0  15  16  1.75 0.72
  425 I    1 -7 -7 -7  1 -6 -7 -6 -7  6 -1 -6  1 -4 -6 -5 -4 -3 -4  4   13   0   0   0   3   0   0   0   0  45   5   0   3   0   0   0   0   0   0  29  1.34 0.61
  426 Y    3 -3  4 -2  3 -3 -4  3 -3 -3 -3 -2  1  1 -5 -2 -2  1  0 -2   26   1  20   2   6   1   1  19   0   1   2   2   4   5   0   1   1   2   3   2  0.54 0.37
  427 G   -3 -1 -4 -5 -1 -4 -4  7 -5 -8 -8  1 -5 -5 -7 -3 -1 -7 -5 -7    1   3   1   0   1   1   1  78   0   0   0   8   0   0   0   1   4   0   0   0  1.93 0.81
  428 R   -1  3 -1 -4 -2  0 -2 -5  1  0 -2  2  6 -1 -5  0  0  4 -1 -1    5  15   2   0   1   3   1   0   3   4   3  14  20   3   0   7   5   6   2   5  0.47 0.34
  429 E   -7 -6 -6 -4 -9 -3  8 -8 -6 -9 -8 -3 -8 -9 -7 -6 -7 -8 -8 -5    0   0   0   0   0   0  96   0   0   0   0   1   0   0   0   0   0   0   0   1  2.90 1.19
  430 I   -4 -6 -5 -6 -3 -3 -6 -7 -3  5  4 -6  3  0 -6 -6 -4 -5  0  2    1   0   0   0   0   1   0   0   1  35  34   0   6   4   0   0   1   0   4  12  1.10 0.51
  431 C    4 -6 -5 -5  6 -5 -6  4 -6 -1 -4 -5 -2 -5 -6 -2 -3 -6 -5  1   38   0   0   0  16   0   0  25   0   4   1   0   1   0   0   2   1   0   0  11  1.10 0.56
  432 N   -7 -5  9 -1 -6 -5 -5 -6 -5 -8 -8  0 -7 -8 -1 -4  1 -9 -7 -8    0   0  79   3   0   0   0   0   0   0   0   5   0   0   3   1   8   0   0   0  2.44 1.00
  433 A    6 -6 -2 -6 -2 -5 -6  4 -4 -4 -6 -5 -4 -6 -6 -1 -5 -7 -7 -5   64   0   2   0   1   0   0  27   0   1   0   0   0   0   0   4   0   0   0   0  1.59 0.75
  434 Y   -6 -4 -8 -6 -2 -7 -8 -8 -4 -6 -6 -7 -6  7 -8 -7 -7  3  9 -6    0   1   0   0   1   0   0   0   0   0   0   0   0  35   0   0   0   3  58   0  2.74 1.03
  435 S   -2 -6 -1 -4 -4 -4 -2 -4 -6 -7 -6 -5 -5 -7 -6  6  4 -7 -6 -6    2   0   2   1   0   0   2   1   0   0   0   0   0   0   0  64  26   0   0   0  1.71 0.84
  436 E   -5 -6 -6 -4 -9 -3  8 -8 -6 -9 -8 -5 -7 -9 -7 -6 -5 -8 -8 -8    1   0   0   0   0   0  98   0   0   0   0   0   0   0   0   0   0   0   0   0  2.95 1.17
  437 L   -5 -7 -8 -8 -6 -1 -5 -9 -8 -1  7 -7 -1 -5 -8 -6 -6 -7 -6 -3    1   0   0   0   0   3   1   0   0   2  91   0   1   0   0   0   0   0   0   0  2.12 0.87
  438 N   -4 -5  9 -4 -8 -5 -6 -5 -4 -2 -8 -6 -7 -8 -7 -3  1 -9 -7 -1    1   0  79   0   0   0   0   0   0   3   0   0   0   0   0   1  10   0   0   5  2.42 1.00
  439 D   -7 -6  2  8 -9 -5 -4 -7 -5 -7 -9 -6 -7 -9 -7 -4 -6 -10 -9 -9    0   0   7  90   0   0   0   0   0   0   0   0   0   0   0   1   0   0   0   0  2.90 1.09
  440 P   -2 -8 -8 -7 -8 -7 -6 -7 -8 -8 -9 -7 -8 -9  9 -3 -7 -9 -7 -7    4   0   0   0   0   0   0   0   0   0   0   0   0   0  93   2   0   0   0   0  3.25 1.22
  441 I   -1 -2 -2  1 -4 -1  1 -5 -4  4  1 -2  1  1 -5 -4 -2 -3 -3  3    4   2   2   8   0   3  10   0   0  24  12   2   3   6   0   0   1   0   0  23  0.43 0.29
  442 V   -1 -1 -2  5 -4  0  3 -3  0 -1 -1 -1  0 -1 -3 -1 -1 -4 -1 -1    4   3   0  31   0   3  24   1   3   4   6   3   2   2   0   3   3   0   2   5  0.46 0.26
  443 Q   -3 -2 -3 -3 -4  8 -2 -4 -3  1  1 -2 -3 -4 -4 -3 -3 -4 -4 -3    1   1   1   1   0  69   1   1   0   9  12   1   0   0   1   1   1   0   0   1  1.58 0.60
  444 K   -1  4 -1 -1 -3  0  0 -2  0 -2 -1  1  0 -1 -3  1 -1  1  0 -3    5  33   3   3   0   3   7   3   2   3   6   7   2   3   1  11   3   2   4   1  0.31 0.19
  445 D    0  1  0  0 -1  3  3 -2  0 -2 -2  1 -1 -2 -3  0 -1 -4 -1 -2    9   7   3   5   1  12  24   3   2   2   3  10   2   1   0   8   3   0   2   3  0.28 0.21
  446 R   -1  6  0 -4  0  0 -2 -3 -1 -2  0  0  0 -1 -4 -2 -2 -4 -2 -2    4  51   3   1   2   4   2   2   2   2   8   4   2   2   0   2   3   0   2   2  0.80 0.43
  447 F   -5 -5 -5 -5 -5 -5 -5 -5 -4 -3  2 -5  3  8 -5 -5 -5  4  1 -4    1   0   0   1   0   0   1   1   0   0  16   1   6  63   1   1   1   5   3   1  1.79 0.63
  448 M   -1  0  0 -1 -3  1  4 -2  0 -1  0  1  0 -2 -3 -1  0 -3 -1 -1    5   5   3   3   0   6  29   2   2   3  11  10   3   1   1   3   6   0   2   5  0.25 0.19
  449 Q    1  0  1  2 -4  1  4 -2 -1 -2 -2  0 -1 -2 -3 -1 -2 -4 -2 -1   11   5   6  11   0   7  32   3   1   2   4   4   2   1   0   4   2   0   1   5  0.36 0.25
  450 Q   -3 -2 -2 -2 -6  8  3 -4 -4 -4 -4 -3 -2 -6 -5 -2 -4 -5 -5 -5    2   1   1   2   0  70  14   1   0   1   2   0   1   0   0   2   0   0   0   0  1.86 0.80
  451 L    2  1 -2 -1 -2  2  1 -2 -1 -1  1 -1  1 -1 -2  0 -1 -3 -1  1   19   7   1   3   1  10   9   2   1   3  14   3   4   2   1   6   2   0   2  11  0.11 0.15
  452 K    1  2 -1 -1 -3  0  2 -2  1 -3 -2  4  0 -3 -3  0 -1 -2 -2 -2   13  10   2   2   1   4  14   2   4   1   5  28   2   1   0   5   3   1   1   2  0.36 0.27
  453 E    1  0 -1  2 -4  1  0 -2 -1 -2  1  1  2 -2 -3 -1 -2 -2 -2 -2   16   6   3  14   0   8   6   3   2   1  18  11   7   1   0   2   1   1   1   1  0.21 0.21
  454 R    1  5 -2 -2 -3 -1  1 -1  0 -2 -2  4 -2 -1 -3 -1 -3 -5 -3 -3   11  29   1   2   1   2   8   5   2   2   4  23   1   3   1   3   1   0   1   1  0.55 0.37
  455 E    2  1  1  1 -4  2  3 -1 -1 -3 -3  2 -2 -3 -2 -1 -1 -5 -3 -2   21   8   6   9   0   9  18   3   1   2   2  11   1   1   2   2   3   0   1   2  0.33 0.27
  456 L    2  1 -1 -2 -2  1  1  0  0 -1 -1  1  0 -2 -3  1 -1 -4 -2 -2   24   8   2   2   1   5   8   8   2   5   7  11   2   2   0   9   3   0   1   2  0.17 0.18
  457 G   -3 -3 -2  0 -6 -3 -1  7 -5 -4 -5 -2 -5 -4 -4 -2 -4 -6 -6 -6    1   1   2   5   0   1   4  74   0   1   1   3   0   1   1   2   1   0   0   0  1.63 0.71
  458 D   -3 -3  2  7 -6 -3  0 -2 -2 -4 -4 -2 -4 -2 -5 -2 -3 -3 -4 -4    2   1   7  66   0   1   6   3   1   1   2   2   0   2   0   2   1   0   1   1  1.56 0.74
  459 D   -1 -3 -1  4 -6 -1  5 -2 -2 -4 -2  0 -2 -4  1 -1 -2 -6 -4 -2    5   1   2  24   0   2  35   4   1   1   4   4   1   1   7   4   2   0   0   3  0.70 0.45
  460 E   -4 -3 -3  1 -7 -2  7 -4 -2 -5 -6 -1 -3 -3 -5 -3 -2 -6 -6 -5    2   1   1   6   0   1  74   1   1   1   1   4   1   1   0   2   3   0   0   1  1.75 0.87
  461 A    6 -3 -1 -3 -1 -3 -2 -3  0  0 -3 -3 -4 -2 -3  0  0 -5 -3  0   58   1   3   2   1   1   3   1   2   6   1   2   0   2   1   5   5   0   1   5  0.85 0.53
  462 Y   -2 -2 -1 -3 -2  4 -2 -3  6 -2 -2 -2  6 -2  0  0 -1 -5  0 -3    3   2   2   1   1  19   2   2  19   2   3   2  21   2   5   6   4   0   3   1  0.79 0.51
  463 Q    0  1 -2  0 -4  1  2 -2 -1 -2 -1 -1  2  0  4  0 -1 -1 -1 -1    7   7   1   5   0   6  12   3   1   2   5   3   5   4  20   5   3   1   2   5  0.26 0.23
  464 M   -3 -4 -3 -5 -2 -4 -3 -4  0  3  2 -3  4  0  0 -2 -1 -3  2  2    2   1   1   0   1   0   1   1   3  17  21   2  12   4   4   3   3   0   8  15  0.47 0.33
  465 D   -7 -7 -2  9 -9 -3 -3 -7 -7 -8 -9 -6 -8 -9 -7 -6 -7 -9 -8 -8    0   0   1  95   0   1   1   0   0   0   0   0   0   0   0   0   0   0   0   0  3.13 1.29
  466 D    0 -3 -2  1 -6  0  6 -4  1 -3 -3  0 -1 -2 -4 -2 -2  0  0 -4    7   1   1   7   0   3  52   1   3   2   3   5   1   1   1   2   2   1   4   1  0.92 0.59
  467 D   -1 -4  0  7 -7 -4  2 -2 -3 -6 -6 -4 -7 -7 -5 -1 -1 -8 -4 -5    5   1   4  61   0   0  14   3   1   0   1   0   0   0   0   4   4   0   1   1  1.55 0.76
  468 F   -7 -7 -8 -8 -7 -7 -8 -8 -5 -6 -4 -8 -5  8 -8 -7 -7 -4  7 -6    0   0   0   0   0   0   0   0   0   0   1   0   0  65   0   0   0   0  32   0  2.86 1.11
  469 I   -3 -6 -7 -7  6 -6 -6 -7 -7  4  4 -6 -1 -4 -6 -6 -4 -2 -5  4    1   0   0   0  14   0   0   0   0  24  34   0   1   0   0   0   1   1   0  24  1.24 0.58
  470 N   -2  3  1  0 -1  1  4 -4  0 -3 -2  0 -2 -4 -4 -2  3 -4 -3 -2    3  15   5   5   2   5  26   1   2   2   4   6   1   0   0   2  18   0   1   3  0.48 0.36
  471 A    7 -6 -5 -5  1 -5 -4 -5 -6 -6 -6 -5 -1 -7 -6  0 -3 -7 -6 -4   84   0   0   1   2   0   1   0   0   0   0   0   2   0   0   7   1   0   0   1  1.99 0.93
  472 L   -6 -6 -7 -7 -6 -4 -7 -7 -7  1  6 -6  5 -4 -7 -6 -5 -6 -5 -2    0   0   0   0   0   1   0   0   0   5  77   0  14   0   0   0   0   0   0   1  1.87 0.80
  473 E   -4 -2 -4  0 -1  0  7 -4 -5 -7 -7  0 -2 -5 -6 -1 -4 -7 -4 -7    1   2   0   3   1   3  75   1   0   0   0   5   1   0   0   4   1   0   1   0  1.84 0.85
  474 I   -3 -4 -4 -6 -2  0 -6 -7  6 -3 -3 -6 -3  1 -7 -4 -3 -1  9 -2    2   1   1   0   1   4   0   0  17   2   3   0   1   5   0   1   2   1  57   3  1.94 0.78
  475 G   -1 -6 -5 -6 -6 -6 -6  8 -6 -7 -7 -6 -7 -7 -6 -5 -6 -7 -7 -7    5   0   0   0   0   0   0  91   0   0   0   0   0   0   0   0   0   0   0   0  2.50 0.91
  476 M   -5 -6 -7 -8 -2 -6 -7 -7 -6 -4  4 -6 10 -2 -7 -6 -6 -6 -3 -4    1   0   0   0   1   0   0   0   0   0  32   0  61   1   0   0   0   0   1   1  2.50 0.96
  477 P   -4 -6 -7 -7 -8 -7 -7 -6 -8 -8 -8 -5 -4 -9  9 -4 -5 -9 -8 -5    1   0   0   0   0   0   0   0   0   0   0   1   0   0  94   1   0   0   0   1  3.28 1.21
  478 P   -5 -7 -5 -6 -3 -4 -6 -7 -7 -5 -7 -6 -7 -8  9 -5 -6 -8 -5 -5    1   0   1   0   1   1   0   0   0   1   0   0   0   0  93   1   0   0   0   1  3.18 1.15
  479 T    3 -5 -2 -5  1 -2 -5 -5 -6 -2 -3 -5  1 -5 -5 -1  7 -6 -5 -3   21   0   2   0   3   2   0   0   0   2   2   0   4   0   0   3  59   0   0   1  1.39 0.68
  480 G    3 -6 -4 -5  1 -5 -5  6 -3 -5 -6 -5 -4 -3 -5  1 -1 -6 -4 -3   23   0   0   0   3   0   0  55   1   1   0   0   0   1   0  10   4   0   0   1  1.27 0.57
  481 G   -5 -7 -5 -6 -7 -6 -7  8 -7 -8 -8 -6 -7 -8 -7 -3 -6 -7 -8 -3    0   0   0   0   0   0   0  94   0   0   0   0   0   0   0   1   0   0   0   3  2.65 0.94
  482 M   -3 -5 -5 -6  1 -3 -2 -3 -5  2  3 -5  2  3 -6 -5 -3  8 -2  1    2   0   1   0   3   1   4   2   0  11  33   0   5  10   0   0   1  18   1   9  0.92 0.42
  483 G   -3 -1 -5 -6 -4 -6 -4  7 -6 -8 -8 -6 -7 -7 -6 -3 -6 -7 -7 -7    1   4   0   0   0   0   1  91   0   0   0   0   0   0   0   1   0   0   0   0  2.43 0.87
  484 M   -4 -5 -5 -6 -1 -4 -6 -6 -2  5  3 -5  6  0 -2 -5 -3 -5 -2  1    0   0   0   0   1   0   0   0   1  38  23   0  20   3   2   0   1   0   1   7  1.16 0.50
  485 G   -3 -6 -5 -5 -6 -6 -6  7 -6 -7 -7 -6 -7 -7 -6  0 -5 -7 -7 -7    1   0   0   0   0   0   0  90   0   0   0   0   0   0   0   6   0   0   0   0  2.42 0.84
  486 M   -4 -5 -5 -5 -4 -4 -5 -6 -5  7 -1 -5  0 -3 -5 -5 -4 -5 -4  3    1   0   0   0   0   1   1   1   0  64   4   0   2   1   0   1   0   0   0  21  1.59 0.58
  487 D   -6 -6 -4  8 -8 -5  2 -5 -6 -8 -8 -5 -8 -8 -6 -5 -6 -9 -5 -8    0   0   0  87   0   0  11   1   0   0   0   0   0   0   0   0   0   0   1   0  2.67 0.93
  488 R   -7  9 -4 -7 -9 -4 -5 -8 -5 -8 -7 -2 -7 -8 -7 -6 -6 -8 -2 -6    0  96   1   0   0   0   0   0   0   0   0   1   0   0   0   0   0   0   2   1  3.01 1.02
  489 L   -5 -6 -5 -7 -4 -6 -7 -7 -6  1  6 -6  3  2 -6 -6 -3  0 -4  0    0   0   0   0   0   0   0   0   0   5  71   0   7   7   0   0   2   1   0   6  1.41 0.57
  490 V    1 -5 -5 -6  1 -4 -5 -5 -6  3  0 -5  0  2 -5 -3  2 -5 -4  5   11   0   0   0   3   1   0   0   0  13   5   0   2   9   0   0  11   0   0  45  0.83 0.42
  491 M    0 -6 -5 -7 -3 -1 -6 -5 -6 -2 -2 -5 10 -5 -6 -1 -3  1 -5 -3    8   0   0   0   1   3   0   1   0   1   1   0  76   0   0   4   1   2   0   1  2.51 0.90
  492 F   -3 -5 -5 -6 -4 -5 -6 -6 -5  3  5 -5  3  3 -6 -4 -3 -3 -1  1    1   0   0   0   0   0   0   0   0  17  51   0   6  14   0   1   1   0   2   6  1.00 0.42
  493 L   -3 -5 -6 -7 -5 -5 -6 -6 -6  1  6 -6  3  2 -6 -5 -4 -5 -3 -1    2   0   0   0   0   0   0   1   0   5  73   0   6   9   0   0   0   0   1   3  1.41 0.55
  494 T    0 -5 -3 -5  0 -4 -2 -4 -5 -3 -2 -4  0 -4 -5  0  7 -6 -4 -2    6   0   1   0   2   0   2   1   0   1   4   0   3   1   0   5  71   0   0   3  1.48 0.65
  495 D   -4 -4  5  5 -6 -2 -1  4 -3 -6 -6 -2 -6 -6 -5 -3 -4 -6 -6 -6    1   0  29  31   0   2   4  28   0   0   0   2   0   0   0   1   0   0   0   0  1.24 0.52
  496 S    1  1  0 -3  0  3 -1 -3 -2 -3 -3  1 -2 -4 -3  3  1 -5 -3 -1   12   8   4   0   2  16   2   1   0   1   2  10   0   0   0  28   8   0   0   6  0.42 0.30
  497 P    0  0  1  1 -3  1  1 -2  3 -2 -2  0 -2 -3  4  1  0  1 -1 -3    7   4   6   6   0   7   8   1   7   2   3   5   0   1  19  10   6   2   2   1  0.30 0.18
  498 S   -1 -1  4 -2 -3 -2 -3 -3  2 -4 -5 -3 -4 -5 -4  5  2 -5 -3 -4    4   4  19   2   0   1   0   2   5   1   1   1   0   0   0  48  10   0   1   1  0.93 0.48
  499 I   -4 -7 -7 -7 -5 -7 -7 -5 -7  8  1 -7 -1 -4 -7 -6 -5 -7 -5 -1    1   0   0   0   0   0   0   1   0  85  10   0   1   0   0   0   0   0   0   2  2.24 0.77
  500 R   -5  8 -5 -3 -8  0 -4 -5 -5 -7 -7  4 -6 -7 -6 -4 -5 -7 -6 -7    1  70   0   1   0   3   0   1   0   0   0  24   0   0   0   1   0   0   0   0  2.11 0.78
  501 D   -4 -4 -3  6 -8 -1  6 -5 -5 -7 -8 -4 -7 -8 -5 -4 -5 -8 -7 -7    1   0   0  48   0   2  47   0   0   0   0   0   0   0   0   0   0   0   0   0  1.92 0.74
  502 V   -2 -6 -6 -6  2 -6 -6 -3 -7  1 -2 -6 -2 -5 -6 -3  2 -7 -5  7    2   0   0   0   4   0   0   2   0   6   1   0   0   0   0   1  14   0   0  69  1.47 0.62
  503 I   -4 -6 -7 -7 -5 -1 -6 -7 -6  6  3 -6 -1 -4 -6 -5 -3 -6 -5  3    0   0   0   0   0   3   0   0   0  54  24   0   1   0   0   0   1   0   0  17  1.40 0.54
  504 L    1 -5 -5 -6 -4 -5 -5 -5 -5  0  5 -5  0  2  2 -2 -1  0 -1 -2   11   0   0   0   0   0   0   0   0   3  52   0   2  10  10   3   5   1   2   0  0.76 0.39
  505 F   -7 -8 -6 -8 -7 -8 -8 -8 -6 -5 -4 -8 -5 10 -9 -7 -7 -1  0 -6    0   0   0   0   0   0   0   0   0   0   0   0   0  97   0   0   0   0   2   0  3.35 1.00
  506 P   -5 -7 -7 -6 -8 -6 -6 -7 -7 -8 -8 -6 -7 -9  9 -6 -5 -9 -8 -6    1   0   0   0   0   0   0   0   0   0   0   0   0   0  98   0   0   0   0   1  3.44 1.06
  507 T    1 -3 -3 -4 -4  1 -3 -4  1  0  2 -3  2  2 -2 -2  3 -4 -2 -1   13   0   1   0   0   9   0   0   4   6  25   0   5   9   1   1  23   0   1   2  0.41 0.30
  508 M   -4 -5 -6 -7 -4 -3 -5 -7 -4 -1  4 -5  8 -3 -6 -5 -3 -5 -5  2    1   0   0   0   0   1   0   0   0   2  34   0  45   0   0   0   2   0   0  14  1.59 0.62
  509 K   -5  7 -4 -5 -7 -3 -4 -6 -4 -7 -6  6 -5 -7 -3 -4 -5 -7 -6 -5    0  54   0   0   0   0   0   0   0   0   0  43   0   0   1   1   0   0   0   1  2.00 0.73
  510 P   -5 -5 -6 -4 -7 -5 -5 -6 -3 -7 -7 -5 -7 -8  9 -2 -4 -8 -5 -7    0   1   0   1   0   0   0   0   1   0   0   0   0   0  94   2   0   0   0   0  3.06 0.88
  511 T   -2  0 -2  0 -4  2  4 -4 -1 -1  1  3 -2 -3 -3 -1 -1 -4 -3 -1    3   5   0   4   0   9  28   0   1   4  16  19   0   0   0   3   2   0   0   4  0.39 0.25
  512 P    0 -1  0  3 -4  0  3 -1  1 -3 -3  2 -3 -4  2  2  0 -5 -3 -2    5   1   3  16   0   2  18   3   3   1   1  17   0   0   9  15   4   0   0   2  0.36 0.20
  513 N   -2 -1  3  2 -4  0  1  2  1 -4 -4  3 -3 -4 -1  1 -1 -4 -2 -4    1   1  19   9   0   2   7  17   3   0   0  25   0   0   2   9   3   0   1   0  0.44 0.21
  514 R   -2  3 -1 -1 -4  3  3 -2  0 -4 -4  4 -3 -5 -2  1 -1 -4 -3 -3    1  16   2   2   0  12  20   2   2   0   0  26   0   0   1  14   2   0   0   0  0.55 0.22
  515 D   -3 -2  4  6 -5 -1  4 -3 -2 -5 -5 -2 -4 -5 -3 -2 -2 -6 -4 -5    0   0  20  46   0   0  34   0   0   0   0   0   0   0   0   0   0   0   0   0  1.17 0.29

                      K         Lambda
Standard Ungapped    0.1368     0.3173
Standard Gapped      0.0410     0.2670
PSI Ungapped         0.2071     0.3177
PSI Gapped           0.0634     0.2670
