
Last position-specific scoring matrix computed, weighted observed percentages rounded down, information per position, and relative weight of gapless real matches to pseudocounts
           A  R  N  D  C  Q  E  G  H  I  L  K  M  F  P  S  T  W  Y  V   A   R   N   D   C   Q   E   G   H   I   L   K   M   F   P   S   T   W   Y   V
    1 M   -4 -5 -6 -7 -5 -4 -5 -6 -5 -2 -1 -5 11 -3 -6 -5 -4 -5 -4 -3    0   0   0   0   0   0   0   0   0   0   2   0  98   0   0   0   0   0   0   0  2.98 0.73
    2 S    2 -3  1 -3 -3 -2 -1 -1 -3 -3 -4 -2 -3 -5 -2  5  3 -5 -4 -3   20   0   5   0   0   0   2   3   0   1   0   1   0   0   2  45  21   0   0   0  0.76 0.35
    3 N   -1 -1  2  3 -4  1  3 -1  0 -5 -4  1 -4 -5  1  1  1 -5 -4 -4    5   1  10  16   0   6  22   3   2   0   1   7   0   0   8  10   8   0   0   0  0.45 0.27
    4 S    0 -2  0  0 -4  3  2 -2 -3 -2 -4  2 -3 -5  2  2  1 -5 -4 -3    7   1   5   6   0  17  14   1   0   2   0  12   0   0   9  17   9   0   0   1  0.41 0.29
    5 N   -1 -2  4  1 -5  2  2 -2  2 -5 -5  1 -4 -5  3  1  0 -5 -4 -4    4   1  21   8   0   8  14   1   6   0   0   9   0   0  14   9   4   0   0   0  0.53 0.32
    6 E    0 -1  2  3 -4  2  3 -2  1 -4 -4  1 -4 -5  2  0  0 -5 -4 -4    8   3  10  15   0  10  20   2   3   1   1   9   0   0   9   4   6   0   0   0  0.43 0.27
    7 N   -1  0  3  1 -4  2  1 -1 -1 -3 -4  1 -3 -4  0  2  1 -5 -4 -3    4   3  14   9   0  12  11   4   1   1   1   8   0   0   4  19   9   0   0   1  0.35 0.25
    8 I    1 -2  0 -1 -3  0  0 -2 -2  1 -1 -1 -1 -2  3  0  1 -4 -2  1   14   1   4   3   0   5   6   3   0   7   6   4   1   2  14   6  11   0   1  12  0.16 0.14
    9 L    1  0  0  1 -3  1  1 -1  0 -2 -1  0  2 -1  1  0  0 -3 -2  0   17   4   4   9   0   6   8   3   2   1   6   4   7   3   8   5   6   0   0   6  0.12 0.13
   10 N    1 -1  2  2 -3  2  3 -1 -2 -2 -2 -1 -3 -4  0  1  0 -4 -3 -2   14   1  10  10   0   9  18   4   0   2   5   2   0   0   4  11   7   0   0   2  0.26 0.21
   11 D    0 -3  0  3 -4  1  4 -2 -2 -1 -3  0 -3 -4  1  1 -1 -5 -3 -2    8   0   4  20   0   6  25   2   1   5   2   4   0   0   8  10   3   0   1   2  0.43 0.29
   12 L   -1 -1 -1  1 -3  0  4 -3  0 -1 -1 -1  6 -3 -1 -1 -1 -5 -3 -1    6   2   3   7   0   4  25   2   2   4   4   3  21   1   3   4   3   0   1   5  0.44 0.33
   13 E    0  0 -1  0 -4  2  3 -2 -1  0 -1  0  0 -4  1  1  1 -4 -3 -1    9   4   1   4   0   9  21   3   1   5   7   3   3   0   8  11   8   0   0   4  0.21 0.20
   14 N   -3  2  2  4 -4  0  2 -2  0 -5 -4  1 -5 -5 -1  2  0 -6 -5 -5    1  10  10  26   0   3  12   2   2   0   1   7   0   0   3  14   7   0   0   0  0.55 0.36
   15 L   -2 -1 -3 -2 -4 -1  1 -4 -3  0  3 -2  2 -1  4 -2 -2 -5 -2  0    2   3   1   3   0   2  10   1   0   6  29   2   5   3  22   3   3   0   1   5  0.47 0.32
   16 N   -2 -3  5  2 -3  0  2 -4  1 -4 -5 -2 -5 -4  1  2  2 -6 -4 -5    3   1  29  10   0   3  13   1   3   1   0   2   0   1   6  15  11   0   0   0  0.71 0.45
   17 E   -3 -1  0  3 -7  4  5 -4  0 -7 -6  1 -6 -7 -2 -2 -4 -7 -5 -5    2   3   4  17   0  18  39   1   2   0   0   6   0   0   2   3   1   0   0   1  1.06 0.59
   18 L   -4 -5 -6 -4 -6  4  0 -7 -2  3  2 -4 -3  0 -4 -5 -4 -1  6 -1    1   0   0   1   0  21   6   0   1  15  20   0   0   3   1   0   0   1  26   3  0.97 0.56
   19 L   -3  4 -4 -4 -1  0  1 -5 -1  2 -1 -1  1  3 -5 -3 -1 -4  3  0    1  22   0   0   1   4  11   0   1  12   6   4   3  13   0   1   3   0  10   7  0.48 0.34
   20 R    2  2 -1  0 -4  3  4 -4 -2 -2 -3  3 -3 -5 -4 -2 -3 -6 -5 -4   15  12   3   4   0  13  23   1   1   2   3  16   1   0   0   2   1   0   0   1  0.58 0.40
   21 V    0 -2  1  0 -4  2  2 -4  0  3 -1 -3 -1 -3 -4 -2  0 -5 -3  2    8   1   8   4   0  11  13   1   3  17   6   1   1   1   0   3   5   0   1  16  0.30 0.26
   22 R   -7  9 -7 -8 -9 -4 -6 -8 -1 -9 -7 -1 -3 -9 -8 -6 -7 -9 -6 -9    0  93   0   0   0   1   0   0   1   0   0   2   1   0   0   0   0   0   0   0  3.14 1.26
   23 R   -3  4 -3 -4 -1 -1 -2 -6 -2  2  3  0  1 -3 -5  0 -2 -3 -4 -1    1  23   1   0   1   2   3   0   1  13  28   6   3   1   0   9   2   0   0   4  0.55 0.37
   24 E    2  2  0  1 -6  2  3 -2 -1 -5 -5  3 -5 -6 -5 -1 -3 -6 -5 -4   19  10   4   8   0  10  20   3   1   1   1  17   0   0   0   4   1   0   0   1  0.59 0.41
   25 K    0  1 -1 -4 -5  0 -2 -6  2 -4 -5  7 -1 -4 -6 -3 -2 -4 -2 -4    9   6   3   1   0   3   3   0   5   1   1  60   1   1   0   1   2   0   2   1  1.33 0.69
   26 L    0  1 -7 -7 -5 -5 -6 -7 -4  3  5 -4  1 -2 -7 -5 -4 -4 -4  2    7   7   0   0   0   0   0   0   0  16  49   1   3   2   0   0   0   0   0  12  1.02 0.53
   27 N    2  0  2  2 -6  3  4 -3  0 -6 -3  2 -3 -6 -5 -2 -2 -4 -5 -4   15   4  10  11   0  11  25   2   2   0   2  11   1   0   0   2   3   0   0   1  0.60 0.42
   28 I    2  2 -1 -1 -4  2  3 -3  2 -3 -3  2 -4 -5 -5 -1 -1 -3 -4 -4   20  11   3   4   0   8  19   2   4   2   3  14   0   0   0   5   4   0   0   1  0.43 0.34
   29 L   -5 -5 -8 -8 -6 -1 -4 -8 -7  3  6 -6  3  0 -8 -6 -5  2 -2 -2    1   1   0   0   0   3   1   0   0  12  65   0   7   3   0   0   0   3   2   1  1.46 0.69
   30 R   -1  6 -3 -4 -4  1  1 -5 -5 -1 -2  5 -1 -7 -5 -3 -3 -7 -5 -3    4  36   1   0   0   6   8   1   0   4   4  29   1   0   0   2   1   0   0   2  1.04 0.57
   31 S    3 -1  1  2 -3  1  4 -2 -4 -6 -5  1 -4 -6 -3  1 -1 -6 -5 -3   21   3   6   9   1   5  27   3   0   0   1  10   0   0   1   9   3   0   0   2  0.56 0.39
   32 M    2  1 -1 -1 -4  1  1 -2 -2 -2  1  2  2 -3 -3  0 -1 -5 -3 -1   18   7   3   3   0   7   8   2   1   2  16  12   5   1   1   8   2   0   1   3  0.20 0.20
   33 G   -4 -3  1 -2 -6 -3 -3  7 -3 -7 -8 -3 -7 -5 -6 -3 -4 -7 -4 -7    1   2   6   2   0   1   2  77   1   0   0   2   0   1   0   2   1   0   1   0  1.92 0.84
   34 I   -2 -1 -3 -4 -4 -2 -1 -1 -1  5  0 -1  1  0 -1 -3 -2 -2 -1  3    2   4   1   0   0   2   5   6   1  31   7   4   4   4   3   1   2   0   2  18  0.43 0.28
   35 E   -3 -3  5  5 -4 -2  3 -5 -1 -4 -6 -2 -5 -5 -1 -1 -3 -7 -3 -5    2   1  29  30   0   1  18   0   1   1   1   2   0   0   3   5   1   0   1   1  1.11 0.59
   36 P    1 -6 -7 -7 -5 -7 -7 -4 -7 -4 -3 -5 -3 -7  8 -3 -5 -5 -8 -2   11   0   0   0   0   0   0   2   0   1   4   0   1   0  73   2   1   0   0   4  2.25 1.01
   37 Y   -6 -7 -8 -9 -6 -8 -8 -9 -1 -7 -5 -8 -7  5 -9 -7 -8  2 10 -6    1   0   0   0   0   0   0   0   1   0   1   0   0  18   0   0   0   3  75   1  3.11 1.23
   38 G    0 -5 -6 -4 -7 -2 -3  0 -6 -7 -5 -3 -6 -6  8 -3 -5 -4 -4 -6    8   1   0   1   0   2   2   8   0   0   1   1   0   0  70   2   1   0   1   1  2.11 0.94
   39 I    2  0  1 -1 -2 -1 -1 -1  1  0 -1 -1 -1 -2  1  0 -1 -1  3  1   17   4   7   2   1   3   3   3   4   5   5   4   1   1   8   7   3   1  11  11  0.13 0.11
   40 D   -1 -1  2  1 -4  0  1  1  6 -4 -4 -1 -3 -3 -2  1  0 -3 -1 -3    6   4   8   8   0   3   9  10  21   1   1   4   0   1   2  10   7   0   2   2  0.48 0.29
   41 R   -1  3 -2 -1 -3 -2 -1 -1 -2 -2 -2  5 -3  0 -1  1 -1 -2 -1 -1    5  17   2   3   1   1   3   4   1   2   3  32   1   4   3   9   4   1   2   4  0.49 0.29
   42 F   -3 -2 -4 -3 -2 -3 -5 -3 -2 -2 -3 -5 -4  7  0 -2 -3  3  4  0    2   2   1   2   1   1   1   2   1   2   2   0   0  48   5   3   1   3  13   7  1.27 0.59
   43 E   -2  1  1  3 -6  1  3 -3  4 -4 -5  1 -5 -4  2  0 -1 -6 -3 -3    4   7   6  15   0   6  17   2  11   1   1   8   0   1  10   7   3   0   1   2  0.48 0.33
   44 R   -1  5 -2 -3 -2 -1 -3 -3 -4  0 -2  1 -4 -4  1 -1  0 -4 -3  3    4  28   2   2   1   3   1   2   0   4   3   9   0   1   8   4   6   0   1  21  0.53 0.37
   45 T   -3 -1  1  2 -6 -2 -1 -4 -2 -3 -3  0 -4 -5 -4  2  6 -3 -5 -3    2   3   7  10   0   1   3   1   1   1   2   5   0   0   1  16  42   0   0   2  0.85 0.54
   46 N    0 -3  0 -1 -1 -1 -2 -3  8  2 -2 -2  2 -2 -4  0  1 -1  1 -3    8   1   4   4   2   3   3   2  31  10   3   2   4   2   0   7   8   1   4   1  0.70 0.41
   47 L   -2 -1  1  0 -3 -1 -2 -4  1 -2 -1 -1 -1 -2 -1  3  4 -2 -1 -2    3   3   6   4   0   2   2   1   4   3   8   4   1   2   3  25  23   0   3   3  0.38 0.33
   48 S    2 -5 -1 -5  1 -4 -4 -4 -4  4  2 -4 -2 -2 -2  0  0 -5 -3  1   17   0   3   0   3   0   1   1   0  24  21   1   0   1   2   8   7   0   1   9  0.48 0.33
   49 S    3  1 -1 -1 -3  2  1  0 -2 -3 -3  2 -2 -4  1  1  0 -3 -4 -2   23   7   2   3   0  10   7   6   1   2   2  11   1   1   6  10   6   0   0   2  0.27 0.25
   50 D   -1 -3 -2  4 -5  2  5 -3 -1 -3 -4 -1 -5 -2 -3 -1 -2 -5 -4 -3    6   1   2  24   0  10  36   2   1   1   2   3   0   2   1   4   3   0   0   2  0.85 0.51
   51 I    1 -6 -6 -7 -1 -5 -6 -6 -6  4  3 -5 -2  4 -5 -5 -3 -5  1  3   11   0   0   0   1   0   0   0   0  22  22   0   0  19   0   0   2   0   4  17  0.85 0.44
   52 K   -1  3 -3 -3 -4  2 -1 -5  2  3  1  2 -2 -3 -3 -3 -2 -5 -3  1    5  14   1   1   0   9   3   0   5  19  15  12   0   1   1   1   3   0   0  10  0.37 0.28
   53 N    2 -1  1  2 -4  1  4 -2 -3 -4 -4  1 -4 -5 -3  0  0 -6 -4 -4   19   3   6  11   0   5  25   3   0   1   1  10   0   0   1   7   5   0   0   1  0.49 0.35
   54 D    0  1  2  2 -2  1  1 -2 -1 -2 -1  3 -2 -3 -3 -1 -1 -5 -2 -3    7   8   9  11   1   6  10   3   1   2   7  22   1   1   1   3   4   0   1   1  0.29 0.23
   55 Y   -1 -4 -5 -4 -2 -2 -3 -2  2 -3 -2 -3 -2  6 -3 -4 -3  2  7 -3    6   1   0   1   1   2   2   4   4   1   4   2   1  28   2   1   1   2  34   2  1.19 0.55
   56 E    1 -2  0  3 -5  0  4  0 -3 -4 -4  1 -4 -5 -2  1 -1 -4 -4 -3   10   2   3  15   0   4  26   8   0   1   2   9   0   0   2  11   3   0   1   1  0.46 0.31
   57 N    0 -1  1  2 -3  0  2 -1  5 -3 -3  2 -3 -3 -1  1 -1 -4 -1 -3    8   3   6  13   1   3  13   5  13   1   2  11   0   1   3   9   3   0   2   2  0.35 0.24
   58 F   -1 -2 -2 -2 -3 -2 -1 -3 -1  1  4 -1  1  1 -2 -2 -1  0  0  0    4   2   2   3   0   2   4   2   1   6  43   5   3   5   2   2   3   2   3   4  0.38 0.25
   59 E    0 -3 -1  1 -5  1  5 -3 -3 -3 -3  2 -2 -5  1  1 -1 -5 -4 -3    7   1   2   7   0   6  36   2   0   1   2  10   1   0   7   9   4   0   0   2  0.59 0.38
   60 G    0 -2  2  3 -5 -2  1  4  0 -5 -5  1 -5 -5  0 -1 -1 -6 -5 -4    8   1  10  16   0   1   9  27   2   1   1  10   0   0   5   4   4   0   0   1  0.54 0.33
   61 K   -1 -1 -2  1 -5  2  3  0 -2  0 -3  3 -2 -3  0 -1  0 -5 -4  0    4   3   1   8   0   7  19   7   1   6   2  18   1   1   4   4   6   0   0   7  0.29 0.24
   62 T   -1  0  0  0 -3  1  4 -4  0  0 -3  1 -2 -4  0  0  2 -5 -3  0    3   4   4   4   0   7  24   1   2   5   1   8   1   0   4   8  14   0   1   8  0.34 0.27
   63 V   -1 -5 -6 -6 -1 -5 -2 -6 -1  3  1 -5 -2  1 -6 -5 -3 -5  0  6    4   0   0   0   1   0   3   0   1  13  10   0   1   5   0   1   1   0   3  54  1.14 0.54
   64 T    1  3 -1 -4 -1 -1 -2 -3 -2 -2 -5  1 -3 -3 -4  4  2  0 -4 -2    9  15   2   1   2   3   2   2   1   2   1   9   0   1   0  32  14   1   0   3  0.58 0.40
   65 L   -2 -6 -6 -7 -1 -5 -6 -6 -6  4  3 -6 -1 -2 -6 -4  0 -6 -4  5    3   0   0   0   1   0   0   1   0  21  24   0   1   1   0   1   6   0   0  38  1.07 0.51
   66 A    6 -3 -4 -6  2 -5 -5 -1 -4 -3 -5 -5 -3 -5 -5  0  0 -4 -3  0   66   2   1   0   4   0   0   5   0   1   1   0   1   0   0   6   5   0   1   7  1.29 0.66
   67 G   -4 -8 -6 -7 -4 -7 -7  8 -7 -9 -7 -7 -8 -8 -7 -5 -7 -8 -8 -7    1   0   0   0   0   0   0  95   0   0   1   0   0   0   0   0   0   0   0   0  2.84 1.07
   68 R   -7  9 -6 -7 -9 -5 -6 -8 -6 -6 -8 -3 -3 -8 -8 -7 -7 -8 -7 -8    0  96   0   0   0   0   0   0   0   1   0   1   1   0   0   0   0   0   0   0  3.24 1.22
   69 I   -4 -7 -7 -7 -3 -7 -7 -8 -7  6  1 -7  2 -4 -7 -6 -4 -7 -6  5    1   0   0   0   0   0   0   0   0  47  14   0   4   0   0   0   1   0   0  32  1.61 0.67
   70 M   -3  1 -4 -4 -4 -3 -4 -4  3  2  1 -2  7 -2 -6 -2  0 -2  0  2    2   8   0   1   0   1   1   1   7   9  10   2  30   1   0   3   7   1   3  12  0.79 0.44
   71 T    3  0  1 -3 -4 -2 -3  0 -1 -3  1 -2 -3 -1 -4  3  1 -5 -4 -3   24   6   7   1   0   2   1   6   1   1  12   1   0   3   0  23  10   0   0   1  0.41 0.34
   72 K   -3  2 -3 -5 -3 -1 -3 -6 -2  4  1  4  2 -1 -5 -4 -3 -1 -3  1    1  12   1   0   0   2   1   0   1  21  13  28   4   3   0   1   1   1   1   8  0.63 0.38
   73 R   -6  9 -2 -6 -9 -5 -6 -8 -6 -9 -8 -3 -7 -8 -8 -5 -7 -8 -8 -8    1  95   2   0   0   0   0   0   0   0   0   0   0   0   0   1   0   0   0   0  3.17 1.22
   74 S    0  1  1  2 -1 -1  1  1  0 -1 -2  0 -2 -3 -2  1  0 -3 -3  0    9   8   6  14   2   2  10   9   2   4   4   6   0   1   2  11   4   0   0   7  0.13 0.13
   75 H   -1 -5 -2 -4 -4  1 -5 -4  7 -3 -2 -2  6  3 -6  3 -3 -5 -1 -4    6   0   1   1   0   5   0   1  24   1   3   2  20  11   0  20   1   0   2   1  1.09 0.58
   76 G   -4 -7 -5 -6 -7 -6 -7  7 -7 -8 -8 -5 -7 -7 -5  1 -5 -7 -7 -7    1   0   0   0   0   0   0  86   0   0   0   1   0   0   1   9   1   0   0   0  2.39 0.95
   77 K   -3  0  0 -5 -7 -3 -4  2 -5 -7 -6  7 -4 -7 -5 -3 -5 -7 -6 -6    2   5   4   0   0   1   1  17   0   0   1  65   0   0   0   2   1   0   0   0  1.66 0.75
   78 A    2 -4 -4 -6 -3 -5 -5 -5 -5  2  4 -4  1 -3 -5 -1 -1 -3 -4  1   18   1   1   0   0   0   0   1   0  12  42   1   3   1   0   6   4   0   0  11  0.74 0.41
   79 S    1 -2 -2 -4  3 -3 -4 -2 -3  3  0 -3  1  0 -2  1  0 -1  0  2   14   3   2   0   6   1   0   3   0  15   8   1   4   4   2  13   7   1   3  14  0.24 0.21
   80 F   -9 -9 -10 -10 -9 -10 -10 -10 -8 -7 -6 -10 -7 10 -10 -4 -9  0 -3 -7    0   0   0   0   0   0   0   0   0   0   0   0   0  97   0   2   0   1   0   0  3.76 1.35
   81 A    3 -6 -6 -6  1 -5 -6 -2 -4  2  1 -5  2  2 -6 -2 -4 -1  5  1   22   0   0   0   3   0   0   3   0  10  15   0   6   9   0   3   1   1  20   8  0.68 0.41
   82 D   -5 -1  1  6 -7 -1 -1 -5  4 -5 -5 -1 -5 -4 -5 -2  2 -7 -6  0    0   3   7  43   0   3   4   0  10   0   1   3   0   1   0   2  14   0   0   8  1.07 0.57
   83 I   -5 -7 -8 -8 -4 -7 -7 -8 -7  5  5 -7 -1 -2 -7 -7 -5 -7 -6  2    1   0   0   0   0   0   0   0   0  27  58   0   1   1   0   0   0   0   0  11  1.58 0.69
   84 Q   -2  4 -2 -2 -4  4  1 -4  4 -3 -2  1 -1 -2 -5 -2 -1 -2  0 -1    4  19   1   2   0  21   9   1   9   1   5   9   1   1   0   3   3   0   3   6  0.54 0.37
   85 D   -2 -4 -2  7 -8  0  0  1 -2 -6 -8 -4 -7 -8 -6 -1 -4 -8 -5 -5    3   1   1  65   0   4   5  11   1   0   0   1   0   0   0   5   1   0   1   1  1.72 0.80
   86 R    0  0  1  2 -4  1  3  2  0 -3 -3 -2 -1  0 -3  0 -2  2 -2 -2    8   6   6  13   0   5  18  15   2   1   3   2   1   4   1   7   1   3   1   2  0.28 0.23
   87 D   -2 -3 -1  0 -5 -3 -1  4  0 -5 -5 -1 -4 -2 -4  4  3 -2 -2 -5    2   1   3   4   0   1   4  28   2   0   1   3   0   2   0  28  18   1   2   0  0.72 0.46
   88 G    1 -2 -1  0 -4 -2 -1  6  0 -5 -5 -3 -5 -3 -5 -1 -2 -6 -3 -1   11   2   2   5   0   2   5  51   2   1   1   2   0   1   0   4   3   0   1   6  0.89 0.47
   89 R   -3  4 -1  0 -3  2  0 -4 -2 -2 -4  5 -2 -4 -4  0  2 -6 -3 -3    2  20   3   6   1   7   6   1   1   2   1  30   1   1   0   5  11   0   1   1  0.66 0.41
   90 I   -4 -3 -6 -6 -2 -5 -5 -6 -3  6  3 -6  2  0 -6 -6 -3 -6 -4  3    1   1   0   0   1   0   1   1   1  43  23   0   4   4   0   0   1   0   0  17  1.18 0.53
   91 Q   -6 -5 -6 -6 -8  9 -4 -7 -5 -8 -7 -5 -6 -8 -7 -6 -6 -7 -7 -7    0   0   0   0   0  96   0   0   0   0   0   0   0   0   0   0   0   0   0   0  3.45 1.38
   92 I   -1 -6 -6 -7 -3 -6 -6 -4 -6  4  4 -6 -1 -2 -6 -4 -4 -3 -5  4    6   0   0   0   1   0   0   1   0  25  31   0   1   2   0   1   1   0   0  30  1.09 0.52
   93 Y   -2 -5 -6 -6  0 -2 -5 -4 -2  0  1 -3  6  3 -6 -3 -4 -1  6  2    3   0   0   0   2   2   0   1   1   6  10   2  17  12   0   2   0   1  27  14  0.99 0.51
   94 V    2 -5 -5 -6  4 -5 -5 -4 -5  2  3 -5 -1  3 -5 -2 -3 -1 -3  3   17   0   1   0   8   0   0   1   0  11  23   0   1  12   0   4   1   1   1  18  0.66 0.37
   95 R   -2  3  2  3 -6  2  2 -4  0 -6 -5  3 -3 -6 -4  2 -1 -3 -4 -5    3  14  10  13   0   8  11   1   2   0   1  16   1   0   1  13   4   0   0   1  0.55 0.36
   96 Y    2  3 -2 -3 -3  1  0 -4 -2 -2 -2  4 -1 -3 -3  0 -2 -5 -3 -1   15  18   1   1   0   6   5   1   1   2   4  28   1   1   1   7   2   0   1   4  0.52 0.35
   97 D   -1  0  2  5 -6  1  1 -2 -4 -6 -6  2 -4 -7 -5  1 -3 -7 -4 -5    4   5  10  36   0   5   8   4   0   0   1  13   0   0   0  11   1   0   1   1  0.85 0.48
   98 N    0  1  1  2 -4  0  2 -2  0 -1 -1  1 -2 -1 -2  0  0 -3 -1  1    6   6   8  11   0   3  15   3   3   4   5   9   1   2   1   7   5   0   2  10  0.13 0.14
   99 V   -2 -4 -3 -5 -2 -2 -4 -4 -2  2  4 -4  2  0 -3 -1  1 -3  1  2    3   1   1   1   1   2   1   1   1  10  38   1   4   4   1   5   7   0   5  14  0.52 0.31
  100 G   -1 -4 -1  1 -3 -1  1  5 -3 -4 -4 -1 -5 -5  2  0 -1 -5 -5 -3    5   1   3   9   1   2   8  40   1   1   2   5   0   1   9   7   5   0   0   2  0.65 0.38
  101 G    1 -2  0  3 -5  0  4  0 -3 -4 -2  0 -2 -5  0  0 -2 -5 -4 -3   10   1   4  16   0   3  32   6   1   1   4   5   1   0   5   5   3   0   1   2  0.51 0.34
  102 K   -1 -2  0  4 -4  0  5 -1 -3 -4 -4  2 -4 -5 -1 -1 -1 -3 -3 -3    5   2   3  18   0   3  35   5   0   1   2  10   0   0   4   4   3   0   1   2  0.67 0.41
  103 N    1 -1  0  1 -2  1  1 -1 -1 -1 -1  0 -1  3 -2  0  0  0  1  0   11   2   5   8   1   8   9   5   1   2   6   4   1  14   2   5   5   1   4   6  0.10 0.12
  104 Y    0 -3 -3 -2 -3 -3 -2 -5  0 -2  0 -1  0  6 -4 -3 -1  4  5 -3    9   1   1   3   0   1   3   0   2   2   9   5   2  28   1   2   4   4  21   2  0.75 0.41
  105 E    1  1  1  2 -4  1  4 -2 -2 -4 -4  2 -4 -3 -3  0 -1 -2 -4 -4   13   7   6  10   0   5  25   3   1   1   2  12   0   1   1   7   4   1   0   1  0.43 0.31
  106 I    0  0 -2 -1 -3  1 -1 -4 -2  2  3 -2  0  3 -3 -2 -1  0 -2  0    8   5   1   4   0   7   4   0   1  12  26   2   2  13   1   3   3   1   0   5  0.24 0.20
  107 F    0 -3 -1 -5 -3 -3 -4 -5  4  0  2 -2  0  5 -5 -3 -2  3  0  0    9   1   3   0   1   1   0   0  12   5  19   3   2  26   0   1   3   3   3   8  0.62 0.35
  108 K   -1  2  0  2 -4  0  1 -1  0 -5 -3  5 -4 -6 -3  1 -2 -6 -4 -4    5  12   4   9   0   3   7   4   2   0   3  36   0   0   1   9   2   0   0   1  0.62 0.38
  109 L    0  0  1  0 -2  0 -1 -2  1 -1  2  1  0  0 -3  1  1  1  1 -2    6   6   8   6   0   3   3   1   3   2  21  10   2   3   0  10   8   2   5   2  0.10 0.14
  110 L   -3 -6 -5 -6 -1 -5 -6 -5 -6  4  4 -5  0  1 -5 -3 -1  2 -2  3    2   0   0   0   1   0   0   1   0  19  38   0   2   5   0   2   3   3   1  23  0.86 0.42
  111 D   -4  2 -1  7 -5 -1 -1 -4  1 -3 -6  2 -6 -6 -3 -2 -4 -3 -5 -6    1   9   2  60   0   2   3   1   4   2   0  10   0   0   1   2   1   0   0   0  1.45 0.65
  112 I   -1  4 -4 -3 -2 -3 -3 -5 -3  4  2 -2  0 -2 -3 -2 -1 -5 -2  1    5  24   0   1   1   1   1   1   0  21  24   1   2   1   2   2   4   0   1   8  0.52 0.33
  113 G   -2 -7 -4 -4 -4 -6 -6  7 -6 -4 -7 -6 -7 -4 -7 -4 -6 -2 -7 -7    2   0   1   1   0   0   0  90   0   2   0   0   0   1   0   1   0   1   0   0  2.40 0.88
  114 D   -5 -7 -4  9 -8 -5 -4 -4 -6 -8 -8 -6 -8 -8 -6 -5 -4 -9 -8 -8    1   0   0  95   0   0   0   1   0   0   0   0   0   0   0   0   1   0   0   0  2.99 1.07
  115 I   -5 -4 -5 -4 -4 -4 -6 -7  1  6  1 -6  0  5 -6 -5 -4  2  0  0    0   1   0   1   0   1   0   0   3  44  11   0   2  26   0   1   0   2   2   5  1.23 0.53
  116 I   -2 -7 -7 -7 -3 -7 -7 -7 -7  6  1 -7 -1 -1 -7 -4 -5 -7 -3  5    3   0   0   0   1   0   0   0   0  38  11   0   1   2   0   1   0   0   1  42  1.46 0.63
  117 G   -1 -2 -3 -4 -2 -1  1  6 -2 -4 -4 -4 -6 -3 -6  0 -3  2 -2 -4    5   3   1   0   1   3  10  59   1   1   1   0   0   1   0   6   1   2   2   1  1.12 0.56
  118 V    2 -6 -7 -7  1 -6 -6 -4 -7  3 -2 -6 -2  1 -5 -3 -3 -6 -5  6   19   0   0   0   3   0   0   1   0  12   3   0   1   5   1   1   1   0   0  54  1.21 0.59
  119 T   -2  1  0 -1 -3  1  3 -3  2 -2 -4  2 -3 -4 -4  1  4 -5 -1 -1    2   8   3   2   1   5  17   1   5   2   1  12   0   0   0  12  23   0   2   3  0.44 0.33
  120 G   -2 -8 -6 -7 -8 -7 -8  8 -8 -9 -9 -7 -8 -9 -8 -6 -7 -8 -9 -9    2   0   0   0   0   0   0  98   0   0   0   0   0   0   0   0   0   0   0   0  2.90 1.08
  121 E   -1  0 -1 -2 -2 -1  1 -3  1  0 -2  0 -1  3  0  0  2 -2  2  1    3   6   3   2   1   2  10   1   4   4   1   7   1  14   5   6  14   0   7   9  0.19 0.20
  122 V   -2 -3 -6 -6 -2 -4 -5 -6 -6  2  2 -4  2 -2  5 -4 -2 -3 -3  3    3   1   0   0   1   0   0   0   0  13  20   1   5   1  28   1   2   0   1  23  0.87 0.48
  123 F   -2 -2 -5 -2 -1 -4 -4  3 -2 -1 -3 -2  1  6 -6 -2 -1 -2  1  0    3   3   0   2   2   0   1  25   1   4   2   2   4  35   0   2   3   0   3   7  0.77 0.44
  124 K   -2  5 -3 -3 -4 -2 -2 -5 -2 -2 -1  4 -1 -2 -4 -2  1 -5  1 -1    2  34   0   1   0   1   1   0   1   2   5  28   1   2   0   2   8   0   4   5  0.79 0.47
  125 T   -3 -5 -1 -2 -5 -4 -2 -5 -5 -5 -5 -4 -5 -6 -2  3  7 -6 -5 -3    1   0   2   2   0   0   2   0   0   0   1   0   0   0   2  19  67   0   0   1  1.65 0.78
  126 K   -3  4  1 -1 -5  2 -1 -1  0 -4 -3  5 -2 -5 -3 -2 -3 -5 -4 -4    1  22   8   4   0   9   2   6   2   1   3  36   1   0   1   2   1   0   0   1  0.78 0.44
  127 T    0  3 -1 -3 -3 -1 -3 -3 -1 -3 -4  3  1 -4 -3  0  5 -5 -4 -3    7  19   3   1   1   2   1   2   1   1   1  19   3   1   1   5  32   0   0   2  0.68 0.43
  128 G   -3 -6 -1 -2 -2 -3 -3  7 -3 -7 -5 -3 -3 -6 -6 -4 -5 -6 -6 -6    2   0   3   2   1   1   2  81   1   0   1   2   1   0   0   0   0   0   0   0  1.94 0.77
  129 E   -4 -4 -4 -1 -7  1  7 -4 -1 -6 -6 -2 -2 -6 -5 -4 -1 -6 -6 -3    1   0   0   3   0   6  77   1   2   0   0   2   1   0   0   0   3   0   0   2  1.86 0.83
  130 I   -2 -1 -3 -4 -2 -2 -2 -3 -1  2  4  0 -1 -1  1 -4 -2 -2 -3  1    2   4   1   1   1   2   2   2   2  11  46   6   1   2   7   1   2   1   1   7  0.51 0.33
  131 T   -2 -5 -4 -5  1 -4 -5 -3 -5 -3 -4 -5 -5 -6 -5  6  5 -6 -2 -3    2   0   0   0   3   0   0   1   0   1   2   0   0   0   0  51  34   0   1   1  1.44 0.75
  132 I   -3 -5 -5 -6  0 -3 -5 -6 -5  5  3 -5  0 -2 -5 -5 -4 -5 -4  4    2   0   0   0   2   1   0   1   0  32  23   0   2   2   0   1   0   0   0  32  1.09 0.50
  133 N   -1  1  0  0  0  0  0 -3  2  0  1  1  1  3 -3 -1 -2  3  0 -1    4  10   4   5   2   3   7   1   6   5  14   8   3  13   0   3   1   4   3   3  0.15 0.15
  134 V    4 -5 -4 -5  1 -4 -4 -3 -5  0 -2 -4  0 -4  3 -1 -1 -5 -4  4   31   0   0   0   3   0   0   2   0   4   3   0   2   0  13   3   4   0   0  32  0.74 0.47
  135 K   -1  1  0  1 -2  1  1 -2  1 -2 -2  3 -1 -2 -3  1  2 -1 -2 -2    4   8   4   8   1   5  10   2   3   2   3  18   1   1   0  10  13   1   1   3  0.22 0.21
  136 D   -1  1  1  2 -1  1  2 -1  0 -2 -3  2 -3 -1 -3  2  0 -4 -1 -2    4   7   5  12   1   4  15   4   3   2   2  11   0   3   0  16   6   0   1   3  0.22 0.21
  137 F   -1 -4 -2 -5  0 -2 -4 -3  0  2  1 -4  1  3 -2 -2 -2  7  2  2    5   0   2   0   2   2   0   2   2  11  15   0   3  15   2   3   2  14   6  14  0.52 0.32
  138 K   -1  2 -1  0  1  2  1 -2  0 -1 -2  0 -1 -2 -3  0  2  0 -1  1    4  11   3   5   3  10  10   3   3   4   3   6   2   2   0   4  16   1   2  10  0.15 0.18
  139 L   -1 -1 -1 -3  1 -1 -3 -4  1  2  2 -1  4  1  0 -1 -1  2  0  1    3   3   3   0   3   3   0   0   3  12  24   3  13   5   4   3   3   3   3   7  0.22 0.19
  140 L    0 -1  1 -1 -2  1  0  0  2  0  0 -1  2 -2 -2  0  1 -3 -2  0    8   0   8   0   0   8   8   8   8   8   8   0   8   0   0   8   8   0   0   8  0.08 0.11
  141 C    4 -5 -3 -4  1 -3 -4 -1 -2 -5 -5 -4 -5 -6 -4  5  3 -6 -5 -2   34   0   1   0   3   0   0   3   1   0   0   0   0   0   0  38  18   0   0   2  1.03 0.62
  142 K   -3 -2 -5 -5 -5 -3 -3 -6  2 -4 -6  7 -4 -7  4 -3 -1 -7 -4 -5    1   1   0   0   0   0   0   0   5   1   0  63   0   0  22   1   3   0   1   1  1.65 0.80
  143 S    3 -6 -3 -3  9 -5 -5 -3 -4 -4 -5 -5 -3 -6 -3  3  0 -6 -6 -4   26   0   1   2  36   0   0   1   0   1   0   0   1   0   1  26   5   0   0   0  1.46 0.71
  144 L   -4 -3 -5 -6 -4 -4 -6 -6 -4  2  6 -5  1 -1 -6 -5 -2 -1 -2  0    1   1   1   0   0   0   0   0   0  12  69   0   3   2   0   1   3   1   2   5  1.22 0.59
  145 Q   -3  5 -2 -3 -1  1 -2 -5  7 -3  0  0 -3 -4 -4 -3 -2 -2 -1 -2    2  37   1   1   1   6   2   0  26   1   9   4   0   0   0   1   2   0   1   4  1.01 0.54
  146 V   -2 -4  0 -2 -6 -1 -2 -5 -1 -3 -3 -4  5 -5  7 -2 -2 -6 -6 -3    3   1   4   2   0   3   2   1   1   1   2   0  14   0  57   3   2   0   0   2  1.54 0.72
  147 L   -4 -3 -3 -3 -4 -4 -5 -6 -3  2  5 -5  4  1  1 -3 -3 -1 -1 -1    1   2   1   2   0   0   0   0   0   9  55   0  11   4   7   1   1   1   2   3  0.86 0.47
  148 P   -4 -7 -6 -6 -7 -2 -6 -3 -7 -7 -5 -6 -7 -8  9 -4 -4 -8 -7 -7    1   0   0   0   0   2   0   2   0   0   1   0   0   0  91   1   1   0   0   0  2.99 1.13
  149 E   -1  1  1  4 -3 -1  3 -2  2 -4 -3  0 -3 -2 -1  0 -1 -5 -3 -2    4   9   7  23   0   2  21   2   6   0   2   6   0   2   3   7   3   0   0   3  0.43 0.28
  150 K   -1  1 -2 -2 -4  2  0 -2 -1 -3 -2  5 -2 -4  0  0 -1  0 -4 -2    6   5   1   2   0   8   6   3   1   1   5  43   1   1   4   6   3   1   0   3  0.54 0.36
  151 W   -2  0 -2 -3 -4  0 -3 -1  5 -2 -3  1 -1  3 -3 -3 -2  8  4 -3    2   5   1   1   0   5   1   5  14   2   2   8   1  11   1   2   2  21  14   2  0.83 0.41
  152 H    1 -2 -1 -1 -4  0 -2  0  7 -3 -3  0 -2  1 -3  0 -1 -3  4 -3   11   1   3   4   0   4   2   6  30   1   2   6   1   7   1   6   3   0  13   1  0.63 0.37
  153 G    0 -1 -1 -2 -4 -3 -1  6 -1 -4 -4 -1 -3 -5 -1 -1 -3 -5 -4 -2    7   4   2   1   0   1   5  61   2   1   1   3   0   0   3   3   1   0   0   4  0.97 0.46
  154 L   -3 -2 -3 -3 -4 -4 -4 -2 -4  2  4 -4  1  1 -1 -3 -3 -4 -1  1    0   2   1   2   0   0   1   3   0  13  53   0   2   6   4   1   1   0   2   8  0.64 0.37
  155 K    0  1 -1 -1 -2  1  0  0 -1 -2 -2  3 -2 -4 -2  1  2 -4 -3 -1    7   9   2   2   1   7   5   6   1   2   2  22   1   0   1  13  17   0   0   4  0.28 0.23
  156 D   -2 -2  3  7 -5 -2  0 -3 -2 -5 -6 -3 -5 -5 -1 -1 -4 -6 -5 -5    4   2  11  68   0   1   4   1   1   0   1   0   0   0   2   3   0   0   0   0  1.51 0.63
  157 P   -1 -1 -2  0 -3  1  1 -3 -2  0 -2  1  0 -3  4  0  0 -4 -1  1    3   3   1   4   0   8   8   1   1   7   2  11   2   0  21   8   6   0   2  12  0.30 0.21
  158 D   -2 -2  0  2 -5 -1  6 -2  0 -4 -4 -2 -4 -5 -2 -1 -2 -5 -4 -2    3   2   3  11   0   1  61   3   2   1   1   1   0   0   2   3   1   0   0   3  1.05 0.52
  159 L    0 -1  0 -2 -2  1  0 -2 -1  1  1  0  0 -1 -1  0  2 -1 -1  0   10   2   4   1   0   7   8   1   1  11  14   6   2   3   2   3  19   1   1   5  0.10 0.13
  160 R   -2  7  0 -4  0  0 -2 -4 -3 -1 -1  1 -2 -4 -4 -3 -3 -4 -2 -3    4  60   5   0   2   4   2   1   0   3   7   7   1   0   0   1   1   0   1   1  1.08 0.52
  161 Y    0 -2 -3 -4 -1  0 -3 -3  0 -1  0 -2  1  2 -4 -1 -1  0  6  1    8   2   1   0   1   5   1   2   2   2   8   1   4   9   0   4   3   1  35  10  0.52 0.31
  162 R   -3  8  0 -4 -5 -1 -2 -3 -1 -5 -5  1 -2 -5 -3 -2 -4 -5 -3 -5    2  75   4   0   0   1   2   1   1   0   1   5   1   0   1   2   0   0   1   0  1.62 0.66
  163 Q   -2  2  1 -1 -4  5  1 -3  2 -3 -3  4  0 -2 -3 -1 -1 -4 -1 -4    2   8   7   2   0  27   7   1   6   1   2  24   3   1   0   2   2   0   2   0  0.56 0.35
  164 R   -4  8 -3 -4 -5 -2 -3 -2 -3 -1 -4  1 -4 -5  0 -3 -3 -5 -4 -4    1  76   0   1   0   0   1   3   0   4   1   5   0   0   4   1   1   0   0   1  1.58 0.61
  165 Y   -1 -3 -2 -4 -1 -3  0 -4  4 -3 -3 -3 -3  0 -2 -1 -1  3  7 -1    6   0   2   0   1   0   7   1   9   0   1   0   0   2   2   5   4   3  49   5  0.99 0.50
  166 V   -1 -2 -4 -4 -3 -2 -3 -1 -4  1  4 -2  2 -1 -4 -2  0 -3 -1  2    5   2   0   0   0   1   0   5   0   5  46   2   4   1   0   3   4   0   2  18  0.43 0.29
  167 D   -2 -2 -1  7 -5  0  0 -4  2 -5 -4 -1 -4 -5 -1 -1 -2  2 -1 -5    3   2   2  61   0   4   4   0   4   0   2   3   0   0   3   3   2   3   2   0  1.09 0.53
  168 L   -2 -4 -4 -5  0 -4 -4 -2 -4  0  5 -4  3  1 -4 -2  0  1 -1  0    2   0   0   0   2   0   0   3   0   4  54   0   9   5   0   3   6   2   2   4  0.65 0.38
  169 I    0 -2 -2 -4  0 -1 -3 -4 -3  4  1 -2  3  0 -4 -2 -1  4  0  1   10   2   3   0   2   2   0   0   0  34  11   2   9   3   0   3   3   6   2   5  0.41 0.31
  170 I    0 -3 -1 -1  1  0 -1 -1  1  0  0 -2  2  2 -3  0  1  2  0  2    7   0   3   3   3   5   3   4   4   5   6   0   7   8   0   5   8   4   3  21  0.13 0.17
  171 N   -1  1  1  1  3  1  1  0  2 -3 -3 -1 -2 -2  1  0  0 -2  1 -2    1   8   7   8   7   7   8   8   7   0   1   0   0   0   8   8   8   0   7   0  0.14 0.16
  172 P   -1  0 -1  3 -6  0  2 -3 -3 -5 -4  0 -3 -5  6 -1 -2 -6 -5 -3    4   6   3  14   0   4  15   2   1   0   1   5   1   0  37   5   1   0   0   1  0.86 0.41
  173 S   -2 -1 -1  4 -6  1  5 -2  0 -5 -6  0 -4 -4 -2  1 -2 -6 -4 -4    3   3   2  20   0   4  42   3   2   0   0   6   0   1   1  10   2   0   0   1  0.84 0.43
  174 V    2 -4 -2 -4 -4 -3 -3 -4 -5  0 -1 -2 -3 -4 -3  3  2 -6 -4  5   14   0   2   0   0   1   1   1   0   3   4   2   0   0   1  21  11   0   0  40  0.66 0.40
  175 R   -1  6 -4 -5 -5 -1 -3 -5  0 -3 -2  3  1 -1 -4 -3 -3 -4 -1 -3    5  51   0   0   0   2   0   0   2   1   4  19   4   2   1   1   1   0   3   2  1.09 0.51
  176 E   -1  2  1  3 -6  2  4 -3  1 -5 -5  2 -3 -5 -3 -2 -2 -3 -3 -5    5  11   7  19   0  11  26   1   4   0   0  11   0   0   1   2   2   0   0   0  0.65 0.35
  177 V   -1  3 -1 -3 -3 -1 -3 -4 -2  3  0  0  1 -2 -4 -3  2 -4 -3  3    4  17   4   1   0   2   0   0   1  18   9   4   3   1   0   0  14   0   0  22  0.40 0.27
  178 F   -2 -6 -7 -7 -6 -6 -5 -7 -5  0  2 -6  0  8 -7 -6 -5 -3  0 -2    4   0   0   0   0   0   1   0   0   4  16   0   2  70   0   0   0   0   1   2  1.96 0.69
  179 L   -1  3 -2 -2 -3  0  0 -4 -2  3  0  2  0 -2 -4 -2 -2 -3 -1  2    5  20   1   1   0   4   8   1   1  19   9  12   2   1   0   1   2   0   2  13  0.30 0.23
  180 K    1  1 -2 -2 -4  1 -2 -3 -3  1  0  3  0 -2 -4 -2  3 -5 -3  0   11   6   2   1   0   7   0   1   0   8  10  22   3   2   0   1  23   0   0   5  0.33 0.27
  181 R   -5  8 -5 -6 -8 -3 -4 -6 -2 -5 -6  1 -3 -7 -7 -5 -6 -7 -6 -6    1  88   0   0   0   0   0   0   1   1   0   8   1   0   0   0   0   0   0   0  2.54 0.90
  182 T    3 -4 -1 -3 -4 -2 -3 -2 -1 -3 -5 -4 -4 -1 -4  6  1 -3 -2 -4   21   0   2   0   0   1   0   2   2   1   0   0   0   3   0  55   9   0   1   0  1.00 0.54
  183 K    0  4 -1 -2 -5  1  0 -4 -1 -2 -2  5 -2 -4 -4 -2 -1 -5 -4 -3    9  23   2   1   0   6   6   1   1   2   3  39   1   1   0   2   3   0   0   2  0.74 0.39
  184 I   -1 -5 -6 -5 -3 -5 -5 -4 -6  6  1 -5  2  2 -5 -4 -2 -5 -3  3    6   0   0   1   0   0   0   1   0  44   9   0   4   9   0   0   2   0   0  23  0.96 0.42
  185 I   -3 -5 -4 -6 -3 -5 -5 -6 -6  6  1 -5  1 -2 -6 -5 -1  4 -1  4    1   0   1   0   0   0   1   0   0  43  12   0   2   1   0   0   3   6   2  27  1.06 0.45
  186 K    1  3  1 -1 -4  3  0 -1 -1 -4 -4  2 -3 -3 -4  3  0 -2 -3 -4   12  17   5   2   0  12   3   3   1   0   1  13   0   1   0  21   5   1   1   0  0.42 0.28
  187 A    3 -1 -1 -3 -1 -1  1  0  0 -2 -1 -1 -2  1 -3  1  0 -2  3 -1   25   3   2   0   1   1  10   5   2   1   5   2   1   7   0  11   7   0  13   3  0.23 0.21
  188 I   -3 -5 -5 -6 -3 -5 -6 -4 -3  6  2 -5  5 -1 -4 -4  0 -4 -4  2    1   0   0   0   0   0   0   1   1  48  17   0  13   2   0   0   5   0   0  10  1.10 0.46
  189 R   -4  9 -5 -6 -8 -3 -4 -5 -3 -7 -7 -2 -4 -7 -7 -5 -5 -7 -6 -7    1  96   0   0   0   0   0   1   0   0   0   1   0   0   0   0   0   0   0   0  2.83 0.95
  190 E   -1  4  2  2 -4  1  3 -2  0 -5 -4  2 -2 -5 -3  1 -1 -5 -4 -4    5  21  11  11   0   5  18   2   2   0   0  12   1   0   0   9   3   0   0   0  0.51 0.29
  191 F   -2 -5 -5 -6 -5 -4 -4 -5 -1 -2 -2 -5 -3  7 -6 -2  0  1  5 -2    4   0   0   0   0   1   1   1   1   2   2   0   0  52   0   4   6   2  20   3  1.43 0.56
  192 L   -5 -5 -6 -7 -4 -5 -6 -7 -5 -2  5 -6  4  5 -6 -6 -5 -2  1 -3    0   0   0   0   0   0   0   0   0   0  64   0  10  20   0   0   0   0   4   0  1.44 0.57
  193 D   -2 -3  2  5 -5 -1  2 -2  2 -1 -2 -1 -3 -4 -4 -1 -1  2 -2 -2    2   1  11  38   0   2  15   2   6   4   4   2   0   0   0   3   4   3   1   3  0.67 0.35
  194 N    0 -1  2  3 -4  1  3  0 -2 -5 -5  2 -3 -5 -3  1  0 -5 -4 -4    9   2   8  17   0   6  21   7   0   0   0  11   0   0   0  12   5   0   0   0  0.45 0.27
  195 R   -2  5  1 -2 -4  1  1 -3  3 -4  0  2  0 -4 -4 -2 -3 -1 -3 -4    3  37   7   1   0   5   9   2   7   0   9  12   3   0   0   1   1   1   0   0  0.65 0.35
  196 G   -3 -3  2  3 -5 -3 -2  6 -2 -7 -7 -3 -5 -6 -5 -2 -4 -6 -5 -6    1   2   8  17   0   1   3  65   1   0   0   1   0   0   0   1   0   0   0   0  1.45 0.56
  197 F   -5 -7 -7 -7 -4 -7 -7 -6 -5 -4 -3 -7 -4  9 -8 -5 -6 -1  5 -5    0   0   0   0   0   0   0   0   0   0   1   0   0  81   0   1   0   1  15   0  2.68 0.84
  198 L   -3 -4 -5 -5 -3 -4 -4 -5 -4  3  4 -4  4 -1 -5 -4 -1 -1 -1  2    1   1   0   0   0   1   1   0   0  17  47   0   9   2   0   1   5   1   2  12  0.82 0.37
  199 E   -5 -4 -5 -2 -8 -2  8 -6 -4 -8 -7 -4 -4 -8 -5 -4 -5 -7 -6 -7    0   0   0   1   0   0  98   0   0   0   0   0   0   0   0   0   0   0   0   0  2.65 0.93
  200 V   -3 -6 -7 -7 -3 -5 -6 -7 -7  2 -2 -6 -1 -2 -6 -5 -3 -6 -5  7    1   0   0   0   1   0   0   0   0  10   1   0   1   2   0   0   1   0   0  83  1.89 0.69
  201 E   -4 -4 -2  1 -7  0  7 -4 -1 -7 -7 -2 -6 -5 -5 -4 -3 -7 -5 -6    0   0   2   5   0   3  83   1   1   0   0   1   0   0   0   0   1   0   0   0  2.00 0.76
  202 T   -4 -5 -4 -5 -4 -5 -5 -5 -6 -3 -5 -5 -4 -6 -5 -2  8 -7 -6 -3    0   0   0   0   0   0   0   1   0   2   0   0   0   0   0   2  92   0   0   1  2.37 0.88
  203 P   -5 -5 -4 -6 -7 -6 -6 -6 -7 -7 -7 -5 -7 -8  9 -3 -5 -8 -7 -7    1   1   1   0   0   0   0   0   0   0   0   0   0   0  95   2   0   0   0   0  3.20 1.00
  204 V   -3 -4 -4 -6 -3 -5 -5 -6 -5  5 -1 -4  7 -3 -6 -4  0 -5  0  4    2   1   1   0   0   0   0   0   0  31   1   0  27   1   0   1   6   0   3  26  1.18 0.51
  205 L   -5 -6 -7 -7 -4 -5 -6 -7 -6 -1  6 -6  6 -1 -6 -6 -4 -5 -4 -2    0   0   0   0   0   0   0   0   0   2  75   0  18   2   0   0   0   0   0   1  1.71 0.64
  206 H   -3 -3  3 -3 -4  7  1 -2  6 -5 -3 -3 -4 -4 -4 -1 -2 -3 -3 -3    1   0  12   1   0  45   7   4  17   0   2   0   0   1   0   5   2   0   0   2  1.15 0.55
  207 T    0 -1  1 -2 -4 -1 -2 -2  1 -2 -3 -2  3 -4  5  2  2 -4 -3 -2    9   2   6   1   0   3   2   2   3   2   2   1   7   0  31  14  12   0   0   2  0.60 0.33
  208 I   -1 -3 -1 -4 -3  0 -2 -3 -2  4  1 -1  0 -3 -4 -1  1 -4 -2  3    3   1   2   0   0   6   3   1   1  33  14   3   1   0   0   5   8   0   1  17  0.43 0.26
  209 A    4 -2 -3 -5 -4 -1 -3 -4  3 -4 -4 -3 -3 -2  4 -1 -1 -4  5 -2   32   2   1   0   0   2   1   0   6   1   1   1   0   1  23   3   3   0  21   3  0.89 0.45
  210 G   -2 -5 -2 -5 -4 -5 -6  7 -6 -5 -7 -5 -6 -7 -6  0 -2 -6 -7 -7    2   0   1   0   0   0   0  85   0   1   0   0   0   0   0   7   2   0   0   0  2.07 0.72
  211 G   -3 -6 -2 -5 -7 -6 -6  8 -6 -8 -8 -6 -7 -7 -6 -4 -3 -7 -7 -7    1   0   2   0   0   0   0  95   0   0   0   0   0   0   0   0   1   0   0   0  2.52 0.82
  212 A    7 -5 -3 -4 -4 -5 -5 -1 -6 -5 -6 -5 -5 -6 -5 -2 -1 -7 -6 -4   90   0   1   1   0   0   0   4   0   0   0   0   0   0   0   1   3   0   0   0  1.92 0.76
  213 A    3 -2  3  0 -1 -2  0 -2 -2 -1 -1 -2  0 -2 -3  1  2 -4 -3 -1   27   1  15   5   1   0   6   1   0   3   7   1   2   2   0  10  16   0   1   3  0.32 0.25
  214 A    7 -6 -3 -6 -5 -5 -5 -3 -6 -6 -6 -5 -5 -6 -5 -2 -4 -7 -6 -4   95   0   1   0   0   0   0   1   0   0   0   0   0   0   0   2   0   0   0   0  2.18 0.82
  215 R   -4  7 -1 -4 -7 -1 -1 -6 -2 -6 -5  4 -5 -6 -5 -3  0 -6 -5 -4    1  56   2   0   0   2   4   0   1   0   0  26   0   0   0   1   6   0   0   1  1.49 0.60
  216 P   -5 -6 -7 -6 -8 -6 -6 -7 -7 -7 -4 -6 -7 -8  9 -3 -4 -9 -8 -6    0   0   0   0   0   0   0   0   0   0   2   0   0   0  94   2   1   0   0   0  3.14 1.01
  217 F   -7 -8 -8 -8 -7 -8 -8 -8 -6 -5 -4 -8 -1 10 -9 -7 -7 -4 -1 -6    0   0   0   0   0   0   0   0   0   0   0   0   1  98   0   0   0   0   1   0  3.34 1.01
  218 I   -2  0 -3 -3 -4 -1  0 -4 -2  3 -1  2  0 -2 -4 -1  2 -3 -3  3    2   4   0   0   0   2   5   1   1  20   2  15   2   1   0   3  14   0   0  27  0.43 0.29
  219 T   -4 -6 -5 -6 -3 -5 -5 -6 -6 -5 -6 -5 -5 -7 -6 -1  8 -7 -6 -5    1   0   0   0   1   0   0   0   0   0   0   0   0   0   0   3  96   0   0   0  2.60 0.97
  220 H   -4  0 -3 -4 -6 -1 -2 -6 10 -6 -6 -1 -5  0 -6 -4 -4 -2  4 -5    1   4   0   0   0   2   3   0  65   0   0   3   0   4   0   1   1   0  13   1  2.24 0.76
  221 H   -2 -4 -3 -5 -3 -4 -4 -4 10  1 -2 -5  1 -2 -6  0 -5 -3  2 -2    3   0   1   0   0   0   0   1  63   7   5   0   3   1   0   6   0   0   5   3  1.92 0.70
  222 N   -4 -2  8  0 -6 -1 -1 -3  2 -7 -7 -1 -5 -5 -6 -3 -4 -3 -5 -5    1   2  76   4   0   3   3   1   4   0   0   3   0   1   0   1   0   1   0   1  1.98 0.73
  223 A    6 -3 -4  1 -3 -2  0 -3 -3 -4 -4 -2 -4 -4 -4  1  0 -5 -3 -2   61   0   0   8   0   1   7   1   1   1   0   2   0   1   0   7   7   0   1   2  0.91 0.47
  224 L   -4 -5 -5 -4 -4 -3 -6 -6 -3 -1  6 -4  1  0 -6 -5 -4  0  2 -2    1   0   0   1   0   1   0   0   1   2  77   1   2   3   0   0   1   1   8   1  1.37 0.56
  225 D   -4 -3  3  7 -6 -2 -1  2  0 -6 -6  0 -6 -6 -5 -2 -4 -6 -5 -6    1   1  14  55   0   1   3  14   2   0   0   6   0   0   0   1   0   0   0   0  1.32 0.54
  226 I   -2  1 -3 -3  0  2 -1 -5  0  2  2 -2  6 -3 -4 -1  1 -4 -3 -1    2  10   0   1   2  11   4   0   2  13  16   2  23   0   0   3   8   0   0   3  0.46 0.31
  227 D   -3 -1  2  6 -6 -1  2 -4 -1 -5 -6  0 -4 -6  1 -3 -1 -6 -5 -5    1   2   9  50   0   2  15   1   1   0   0   6   0   0   6   1   3   0   0   0  1.10 0.48
  228 M   -3 -4 -5 -6 -2 -4 -5 -5 -4 -1  5 -5  5  3 -6 -5 -4  0  0  1    1   1   0   0   1   0   0   0   0   1  53   0  15  12   0   0   0   1   3   9  1.04 0.46
  229 Y   -4 -5 -1 -6 -2 -3 -4 -6  1 -4 -4 -3 -3  5 -6 -3 -2 -2  8 -2    1   0   3   0   1   1   1   0   2   0   1   1   0  24   0   2   3   0  55   2  1.75 0.65
  230 L   -4 -4 -6 -7 -5 -5 -6 -7 -6 -2  6 -6  5 -3 -6 -6 -5 -5 -5 -3    0   1   0   0   0   0   0   0   0   0  82   0  14   1   0   0   0   0   0   0  1.79 0.67
  231 R   -4  8 -4 -6 -7 -3 -4 -6 -4 -7 -6 -2 -5 -7 -5 -3 -4 -7 -6 -6    2  93   1   0   0   0   0   0   0   0   0   1   0   0   0   2   1   0   0   0  2.60 0.88
  232 I   -5 -6 -7 -7 -3 -6 -6 -7 -7  8 -2 -6  0 -4 -6 -6 -3 -6 -5  3    0   0   0   0   0   0   0   0   0  80   1   0   1   0   0   0   1   0   0  14  2.04 0.71
  233 A    6 -5 -4 -5 -2 -4 -4 -2 -5 -5 -5 -4 -5 -6 -4  3 -2 -6 -5 -4   71   0   0   0   1   0   0   2   0   0   0   0   0   0   0  23   1   0   0   0  1.52 0.66
  234 L   -4 -5 -1  0 -4 -2 -4 -5  0 -3 -1 -4  0 -3  7 -2  1 -6 -4 -3    0   0   3   4   0   2   0   0   3   1   7   0   2   1  60   2  10   0   0   1  1.50 0.59
  235 E   -5 -4 -4 -1 -7 -2  8 -4 -4 -7 -7 -3 -6 -7 -5 -4 -5 -7 -6 -6    0   0   0   1   0   0  95   2   0   0   0   0   0   0   0   0   0   0   0   0  2.51 0.90
  236 L   -5 -4 -6 -7 -3 -5 -6 -7 -6  0  6 -6 -1 -3 -4 -4 -1 -5 -5 -3    0   1   0   0   0   0   0   0   0   3  87   0   1   0   1   1   4   0   0   0  1.67 0.64
  237 H   -3 -5 -3 -3 -6 -4 -5 -5  4 -5 -5 -4 -5  4  0 -3 -5  3  8 -5    2   0   1   2   0   0   0   0   8   0   0   1   0  12   6   2   0   4  60   0  1.86 0.69
  238 L   -5 -5 -6 -7 -5  0 -6 -7  1 -2  6 -6 -2 -3 -6 -6 -5 -5 -4 -3    0   0   0   0   0   4   0   0   4   1  89   0   0   0   0   0   0   0   0   0  1.80 0.69
  239 K   -5 -2 -4 -5 -7 -3 -3 -6 -5 -7 -6  8 -5 -7 -5 -4 -5 -7 -6 -6    0   0   0   0   0   0   0   0   0   0   0  97   0   0   0   0   0   0   0   0  2.61 0.91
  240 R   -5  7 -4 -5 -6  2  0 -6 -3 -5 -5  2  2 -6 -5 -4 -4 -6 -5 -6    0  67   0   0   0  10   5   0   0   1   0  10   6   0   0   0   1   0   0   0  1.71 0.66
  241 L   -2 -6 -7 -7  2 -6 -7 -7 -6 -1  6 -6  1 -3 -7 -5 -3 -5 -3 -2    3   0   0   0   4   0   0   0   0   1  86   0   3   0   0   0   1   0   1   1  1.68 0.66
  242 I   -3 -6 -6 -6  1 -5 -6 -6 -6  5  3 -5  2 -3 -6 -5 -2 -5 -4  4    1   0   0   0   3   0   0   0   0  33  24   0   5   0   0   0   2   0   0  33  1.08 0.46
  243 V   -1 -6 -6 -6 -1 -5 -5 -3 -6  3 -3 -5 -2 -4 -5 -4 -2 -6 -5  7    5   0   0   0   1   0   0   3   0  17   0   0   0   0   0   1   2   0   0  71  1.49 0.59
  244 G    1 -6 -4 -5 -1 -4 -5  7 -5 -7 -6 -5 -6 -6 -5 -3 -5 -6 -6 -6   11   0   0   0   1   0   0  83   0   0   0   0   0   0   0   1   0   0   0   0  2.03 0.70
  245 G   -4 -3 -3 -3 -6 -5 -4  7 -6 -7 -7 -5 -4 -7 -6 -4 -5 -6 -6 -7    0   1   1   2   0   0   1  92   0   0   0   0   1   0   0   1   0   0   0   0  2.29 0.76
  246 F   -3 -5 -5 -6 -3 -5 -5 -6 -3  1  2 -5  4  7 -4 -4 -4 -2  3 -1    1   0   0   0   0   0   0   0   0   7  21   0  11  42   1   1   0   0  10   4  1.16 0.46
  247 E   -4 -3  1  5 -6 -2  6 -2 -1 -6 -6 -3 -5 -6 -1 -2 -2 -6 -5 -6    1   1   7  30   0   1  48   3   2   0   0   0   0   0   3   1   2   0   0   0  1.25 0.54
  248 K   -3  7 -2 -4 -5 -2 -3 -2 -3 -6 -6  5 -5 -6 -3 -3 -4 -6 -5 -5    2  50   1   0   0   0   0   3   0   0   0  39   0   0   1   1   0   0   0   0  1.59 0.62
  249 V   -4 -6 -5 -6 -3 -6 -6 -6 -6  3 -2 -6 -3 -4 -6 -5 -1 -6 -5  7    0   0   0   0   0   0   0   0   0  13   1   0   0   0   0   0   4   0   0  79  1.78 0.67
  250 Y   -6 -4 -6 -7 -6 -6 -6 -7 -3 -5 -4 -6 -4  7 -7 -6 -6  0  8 -5    0   1   0   0   0   0   0   0   0   0   0   0   0  43   0   0   0   1  53   0  2.46 0.81
  251 E   -5 -4 -3  0 -4 -2  8 -6 -4 -7 -6 -3 -6 -5 -5 -4 -2 -6 -6 -6    0   0   1   3   1   0  89   0   0   0   0   0   0   0   0   0   3   0   0   0  2.23 0.82
  252 I   -4 -5 -6 -6 -4 -5 -6 -6 -6  7  2 -5  2  1 -5 -5 -4 -5 -3  0    0   0   0   0   0   0   0   0   0  62  20   0   5   6   0   0   0   0   0   4  1.41 0.53
  253 G    0 -5  3 -3  1 -4 -4  6 -4 -6 -6 -4 -5 -6 -5 -1 -2 -5 -5 -5    9   0  14   1   3   0   0  65   0   0   0   0   0   0   0   4   2   0   0   1  1.41 0.54
  254 R   -4  7 -4 -4 -3 -1 -3 -4 -2 -5 -5  5 -4 -6 -1 -3 -4 -6 -5 -5    0  53   0   0   1   2   0   1   1   1   0  33   0   0   4   2   1   0   0   1  1.53 0.60
  255 V   -2 -2  4  1  3  3 -2 -4 -3  0 -2 -2 -2 -2 -4  0 -2 -5 -2  2    2   2  25   9   7  15   0   0   0   6   2   1   1   2   0   8   2   0   1  18  0.47 0.31
  256 F   -6 -6 -7 -7 -6 -7 -7 -7 -5 -4 -4 -7 -4  9 -7 -6 -6 -2  0 -5    0   0   0   0   0   0   0   0   0   0   1   0   0  94   0   1   0   0   2   0  3.03 0.91
  257 R   -5  9 -4 -6 -4 -2 -4 -6 -4 -7 -6 -1 -5 -7 -6 -3 -5 -6 -6 -6    0  93   0   0   1   1   0   0   0   0   0   2   0   0   0   1   0   0   0   0  2.67 0.89
  258 N   -6 -5  9 -3 -7 -4 -5 -5 -4 -7 -7 -4 -6 -7 -6 -4 -4 -7 -6 -7    0   0  97   0   0   0   0   0   0   0   0   0   0   0   0   0   0   0   0   0  3.01 0.98
  259 E   -4 -4 -4 -3 -7 -2  8 -4 -4 -7 -7 -2 -6 -7 -5 -4 -5 -7 -6 -6    1   0   0   0   0   0  94   1   0   0   0   1   0   0   0   0   0   0   0   0  2.46 0.89
  260 G   -2 -4 -3 -1 -4 -4 -5  7 -5 -7 -6 -5 -6 -6 -4 -2 -5 -6 -6 -6    2   1   1   4   0   1   0  85   0   0   0   0   0   0   1   3   0   0   0   0  2.00 0.68
  261 M   -1 -5 -4 -5 -4 -4 -5 -5 -5  6  1 -4  5 -2 -5 -2 -2 -5 -3  3    6   0   1   0   0   0   0   0   0  43  11   0  15   1   0   3   1   0   1  17  0.93 0.41
  262 D   -4 -5 -1  7 -3 -4 -2 -3 -4 -6 -6 -4 -6 -6 -5  4 -3 -6 -4 -6    0   0   1  63   1   0   0   1   0   0   0   0   0   0   0  29   1   0   1   0  1.73 0.68
  263 I    2  3 -1 -2 -3  1 -2 -3  0 -2  0  0  0 -2  2  0  2 -2 -1 -1   17  17   2   2   0   5   1   1   2   1   9   6   2   1   9   6  14   0   2   3  0.21 0.18
  264 R   -2  3 -1  0 -4  0  1 -3 -2 -3 -3  2 -1 -2 -3  1  5 -3 -3 -3    2  15   2   4   0   4   7   1   1   1   2  11   2   2   0  10  36   0   1   1  0.55 0.33
  265 H   -5 -3 -4 -5 -6 -4 -4 -6 11 -6 -4 -4 -5 -5 -6 -5 -5 -3 -2 -6    0   1   0   0   0   0   0   0  90   0   2   1   0   0   0   0   0   0   0   0  3.46 1.02
  266 N   -4 -4  8 -2 -4 -2 -4 -4 -1 -5  1 -4 -3 -5 -5  0 -3 -4 -2 -5    1   0  70   1   0   2   0   1   1   0  13   0   1   0   0   7   0   0   1   0  1.67 0.65
  267 P   -4 -5 -5 -3 -4  2 -4 -6 -5 -6 -6 -5 -6 -6  8 -3 -5 -7 -6 -5    1   0   0   2   1  10   0   0   0   0   0   0   0   0  82   1   0   0   0   1  2.59 0.86
  268 E   -4 -4 -4  1 -7 -2  8 -6 -3 -7 -6 -3 -6 -7 -5 -4 -5 -6 -6 -6    1   0   0   6   0   0  89   0   0   0   0   0   0   0   0   1   0   0   0   0  2.26 0.82
  269 F   -6 -6 -6 -7 -6 -6 -6 -6 -1 -4 -3 -6 -4  9 -7 -4 -6 -3  2 -5    0   0   0   0   0   0   0   0   2   1   1   0   0  88   0   2   0   0   5   0  2.73 0.85
  270 T   -3 -5 -3 -2 -5 -3 -4 -5 -4 -2 -4 -4 -1 -5 -5  0  8 -3 -4 -3    1   0   0   2   0   1   0   0   0   2   1   0   2   0   0   4  83   0   0   1  1.90 0.75
  271 L    0 -4 -3 -5 -3  2 -3 -4 -2 -1  0 -4  8 -2 -5  1  2 -5 -4 -2    6   0   1   0   1   8   1   1   1   3   6   0  42   1   0  12  15   0   0   2  1.00 0.50
  272 L   -4 -5 -5 -6  6 -4 -5 -6 -5  3  4 -5  6 -1 -5 -4 -3 -4 -4  1    1   0   0   0  16   0   0   0   0  14  38   0  19   2   0   0   0   0   0   7  1.09 0.45
  273 E   -5 -4 -4 -1 -7 -2  8 -6 -4 -6 -6 -2 -6 -6 -5 -3 -5 -6 -6 -6    0   0   0   2   0   0  92   0   0   0   0   1   0   0   0   1   0   0   0   0  2.36 0.84
  274 L    2 -4 -4 -5  3 -4 -4 -3 -1  0  1 -4  0  6 -4 -1 -1  4  1  0   17   0   0   0   6   0   0   1   2   4  14   0   2  33   0   5   3   5   3   4  0.62 0.31
  275 Y   -5 -5 -3 -6 -6 -3 -6 -6 -3 -5 -5 -5  0 -1 -6 -5 -3 -2 10 -5    0   0   1   0   0   1   0   0   0   0   0   0   2   0   0   0   2   0  89   0  3.00 0.95
  276 E    1 -2 -3 -3  0  5  2 -4 -2 -2 -3 -2  4 -4 -4 -2 -2  7 -2 -1   13   2   0   0   2  27  14   1   1   2   2   2  11   0   0   2   2  14   1   4  0.75 0.41
  277 A    7 -5 -4 -5 -3 -4 -3 -3 -5 -4 -5 -4 -4 -6 -2 -1 -2 -6 -5 -3   85   0   1   0   0   1   1   1   0   1   0   0   0   0   2   3   2   0   0   1  1.69 0.70
  278 Y   -6 -6 -4 -5 -2 -5 -4 -4  2 -5 -5 -6 -5  3 -5 -6 -6  2  9 -5    0   0   1   1   1   0   1   2   4   0   0   0   0  10   1   0   0   2  77   0  2.54 0.85
  279 T    4 -2 -3 -3 -3  0 -1  1 -1 -2 -3  0 -2 -3 -2  1  0  5 -3 -1   44   1   1   1   0   3   4   9   2   2   2   5   1   0   1   9   5   8   0   4  0.53 0.33
  280 D   -5 -5  3  8 -7 -1 -2 -4 -3 -7 -7 -4 -6 -7 -5 -2 -1 -8 -7 -7    0   0  13  75   0   2   0   1   0   0   0   0   0   0   0   2   3   0   0   0  2.01 0.74
  281 Y   -2 -4 -6 -7 -2 -4 -5 -6  1 -3 -1 -5  0  3 -6 -5 -5  2  9 -2    3   1   0   0   1   0   1   0   2   1   6   0   2   8   0   1   0   2  68   3  1.98 0.72
  282 H   -2  1  4  1 -4  1  3 -3  2 -3 -2  1 -2 -2 -3 -1  0 -4  0 -3    2   9  20   7   0   4  25   1   6   1   3   8   1   1   0   2   5   0   3   1  0.45 0.28
  283 G   -2 -2 -1  6 -5 -1  0  0 -1 -4 -5  0 -1 -2 -4 -1  0  2  0 -3    3   2   1  52   0   2   4   7   1   0   0   4   2   2   0   4   6   3   4   1  0.89 0.42
  284 M   -2 -4  0 -5 -3 -1 -4 -1 -4  1  3 -4  7 -2 -5 -3 -2 -1 -3  1    3   0   6   0   0   3   0   6   0   5  28   0  35   1   0   2   2   1   1   7  0.87 0.43
  285 M   -2  0 -6 -7 -3 -4 -5 -6 -5  2 -1 -2 10 -3 -6 -5 -4 -6 -4 -2    4   6   0   0   1   0   0   0   0   9   4   2  69   1   0   0   0   0   0   2  2.15 0.79
  286 E    1  0  0  4 -1  0  3 -2 -1 -3 -3  2 -2 -4 -3 -1  0 -3 -2 -2   11   4   4  23   1   4  18   2   1   1   2  12   1   0   0   3   5   0   1   3  0.35 0.23
  287 L   -4 -2 -5 -5 -3 -3 -5 -5 -2  1  5 -4  4  4 -5 -5 -3  1 -1 -1    1   3   0   1   0   1   0   1   1   8  52   0   9  17   0   0   1   2   1   2  0.90 0.41
  288 T    0 -5 -3 -3  2 -3 -4 -5 -5  1 -1 -4  0 -1 -5 -1  6 -5 -3  2    8   0   1   1   4   0   0   0   0   6   4   0   2   3   0   2  54   0   1  14  0.95 0.49
  289 E   -4  0 -4  0 -7  2  7 -5 -4 -6 -6 -1 -5 -7 -5 -4 -3 -7 -6 -5    0   5   0   3   0   9  76   1   0   0   0   2   0   0   0   0   1   0   0   1  1.80 0.72
  290 Q    0  1  1  2 -4  1  4 -1 -1 -4 -4  2 -4 -5 -4  0  0 -4 -4 -4    8   7   7  10   0   6  33   5   1   0   1  11   0   0   0   5   5   0   0   0  0.52 0.30
  291 L   -4 -5 -6 -7 -2 -5 -6 -4 -4  2  5 -5  7 -1 -6 -4 -4 -3 -3 -1    0   0   0   0   1   0   0   1   0   8  57   0  25   2   0   1   0   0   0   3  1.36 0.55
  292 F   -2 -5 -5 -6 -2 -5 -5 -6 -4  4  3 -5  1  3 -5 -4 -3 -1  2  3    2   0   0   0   1   0   0   0   0  22  26   0   3  14   0   0   0   1   8  22  0.75 0.35
  293 A    1  2 -1 -1  0  2  1 -2  0 -2 -2  2 -2 -3 -2  2  0 -3 -2 -1   10  13   2   3   2  11   9   2   2   1   3  14   1   0   1  19   3   0   1   4  0.26 0.20
  294 Y    0  0  0  0 -2  1  2  1  3 -3 -3  0 -2  0 -3  0  0 -3  2 -1    8   5   4   5   1   5  15  10   9   0   1   6   1   5   0   6   5   0   9   4  0.17 0.15
  295 V    2 -4 -5 -5  1 -3 -4 -4 -5  3  2 -4  4 -2 -4 -2  0 -4 -3  3   16   0   0   0   3   1   0   0   0  18  23   0  10   1   0   2   4   0   0  22  0.57 0.31
  296 A    4 -4 -4 -4  4 -4 -4 -3 -4  0 -1 -4 -2 -1 -2 -1 -2 -5 -3  4   41   0   1   0   8   0   0   1   0   5   5   0   0   3   1   4   2   0   0  27  0.70 0.39
  297 E    0  1 -1  0 -3  2  1 -1 -1 -1 -1  3  0 -1 -3 -1 -1 -3 -2 -1    8   8   2   4   0  10   9   3   1   3   8  27   3   3   0   3   4   0   1   3  0.22 0.18
  298 K    2  0  0  2 -4  0  3 -2  1 -4 -4  2 -3 -3 -3  0 -1 -2 -2 -2   18   5   4  11   0   2  21   1   3   0   1  17   0   1   0   7   4   1   1   2  0.37 0.25
  299 V    1 -4 -4 -5 -2 -4 -4 -4 -3  3  2 -4  0 -1 -4 -3  0 -5 -2  5   12   0   1   0   1   0   0   1   1  17  19   0   1   2   0   1   6   0   1  38  0.66 0.34
  300 N   -2 -2  2 -3  2 -2 -3 -1  3 -1  1 -1  0  2 -3 -1  2 -1  1  0    2   2  14   1   5   1   1   5   9   3  14   4   1  12   0   2  14   1   5   5  0.22 0.19
  301 G   -3 -3 -1 -1 -4 -2 -2  7 -2 -3 -4 -2 -5 -5 -4 -2 -4 -5 -5 -4    1   1   3   3   0   2   2  76   1   2   2   3   0   0   1   2   0   0   0   1  1.52 0.56
  302 S   -1  0  0  0 -3 -1 -1  1 -2 -4 -4  1 -3 -4 -2  4  3 -3 -4 -3    4   4   3   5   0   2   3   9   1   0   1  11   0   0   1  32  23   0   0   1  0.49 0.32
  303 T   -1 -1 -1 -2 -2 -2 -1 -2  0 -2  1 -1  0  0  2  0  3 -3  4 -2    3   3   3   2   1   1   4   3   2   1  14   3   2   3  10   5  25   0  15   2  0.27 0.23
  304 K   -1  1 -1 -1 -2  2  1 -3 -2  0 -2  4 -2 -3 -1 -1  2 -3 -3  1    3   6   2   2   1   8  11   1   1   7   2  26   1   0   2   4  12   0   0  11  0.29 0.23
  305 I   -1 -4 -5 -4 -2 -4 -4 -5 -4  5  1 -3 -1  3 -4 -3 -1 -4 -1  3    5   0   0   1   0   0   1   0   0  34  12   1   1  13   1   1   3   0   1  25  0.71 0.33
  306 I   -2  0  0  0 -3  1  2 -3 -2 -1 -2  3  0 -3  2  1  2 -4 -2 -1    2   4   3   3   0   5  16   1   0   4   2  19   3   1   8   9  15   0   1   5  0.27 0.21
  307 Y   -3  0 -3 -5 -1 -4 -4 -4  1  0 -1 -3 -2  4 -4 -2 -2  3  7  0    1   5   1   0   1   0   1   1   3   6   4   1   1  14   1   3   2   3  44   8  1.04 0.45
  308 Q   -1  1  1  1 -3  4  2  2  3 -4 -4  1 -2 -4 -1 -2 -3 -3 -3 -4    5   6   6   7   1  20  11  18   9   0   1   9   1   1   3   1   1   0   1   0  0.44 0.28
  309 G   -1 -3  0  3 -5 -3  2  5 -3 -5 -4 -2 -5 -5 -1 -1 -2 -6 -5 -5    4   1   4  15   0   1  14  47   1   0   1   2   0   0   3   3   3   0   0   0  0.88 0.42
  310 T   -2  1  1 -1 -3  1  1 -2  4 -1 -1  2 -1  0 -2 -1  0 -3  2  0    2   6   8   2   0   8  11   2  12   3   5  12   2   3   1   2   7   0   7   8  0.19 0.17
  311 E   -1 -2 -1  1 -5  0  5 -4 -3 -3 -3  1 -2 -5 -1 -1  2 -3 -4  0    5   1   2   5   0   3  44   0   0   1   2   8   1   0   3   3  14   0   0   6  0.66 0.39
  312 I   -4 -6 -6 -6 -4 -6 -6 -7 -3  6  2 -6 -1 -1 -6 -5 -3 -4  0  3    0   0   0   0   0   0   0   0   1  54  20   0   1   2   0   0   1   0   3  17  1.31 0.53
  313 D   -4 -4  2  7 -2 -4  0 -4 -3 -5 -7 -3 -5 -6 -5  0 -4 -7 -5 -6    1   1  10  70   1   0   4   1   1   1   0   1   0   0   0   8   0   0   0   0  1.76 0.69
  314 L   -5 -6 -7 -7 -1 -6 -6 -7 -5  1  3 -6  0  7 -6 -5 -5  2 -1 -1    0   0   0   0   1   0   0   0   0   7  32   0   1  51   0   0   0   3   1   3  1.53 0.59
  315 T    1 -1 -1 -1 -3 -1  1  0 -2 -4 -4  2 -3 -3 -2  3  3 -3 -4 -3   14   2   2   3   0   2   8   7   1   0   0  12   0   1   1  24  22   0   0   1  0.43 0.30
  316 P    0  2 -2 -3 -4 -1 -1  2 -2 -4 -4  3 -4 -5  5 -2 -1 -5 -5 -4    9  10   2   1   0   3   3  16   1   1   1  18   0   0  27   2   4   0   0   1  0.62 0.34
  317 P   -3 -4 -1  0 -7 -3  1 -4 -4 -5 -6  0 -5 -7  8 -3 -4 -7 -6 -5    2   1   3   5   0   1   9   1   0   0   0   6   0   0  69   1   1   0   0   1  1.93 0.72
  318 W   -7 -7 -8 -8 -7 -7 -7 -7 -6 -3 -5 -7 -4  7 -8 -2 -7 11  2 -6    0   0   0   0   0   0   0   0   0   1   0   0   0  39   0   3   0  50   5   0  3.02 0.96
  319 K    0  5 -1 -2 -5  0  1 -4 -2 -5 -5  3 -4 -5  3 -2 -2 -6 -5 -4   10  28   2   2   0   4  10   1   1   0   1  20   0   0  17   2   2   0   0   1  0.75 0.40
  320 R   -3  7 -4 -5 -5  0 -2 -6 -3 -2 -5  2 -4 -6 -6 -3 -3 -4 -5  1    1  67   0   0   0   4   3   0   0   2   0   9   0   0   0   1   1   0   0   9  1.58 0.66
  321 I   -1 -1 -5 -5 -3 -4 -3 -5 -3  5  2 -1  3 -1 -5 -3 -2 -1  1  3    5   3   0   0   0   0   2   0   0  32  15   4   8   2   0   1   1   1   4  20  0.61 0.33
  322 T   -1  0  0  3 -4 -2  0 -3 -1 -5 -5  0 -3 -5  2  3  4 -6 -4 -4    3   5   3  15   0   1   5   1   2   0   0   6   0   0   9  19  30   0   0   0  0.58 0.37
  323 M   -4 -5 -6 -7 -5 -5 -6 -7 -5  1  1 -6  8  4 -5 -5 -4 -1  4  1    0   0   0   0   0   0   0   0   0   8  12   0  39  16   0   0   0   1  14  11  1.39 0.59
  324 V    0  1 -1 -2  0 -1 -1 -3  2  1  0  0  0  0 -1 -1  0  1  1  1   10  11   2   2   2   2   4   1   5  12   8   5   2   4   3   3   5   2   6  12  0.07 0.09
  325 D   -3 -3 -1  5 -6  1  5 -1 -3 -6 -6 -1 -5 -6  1 -1 -2 -7 -5 -5    2   0   2  34   0   6  36   4   0   0   0   3   0   0   7   3   2   0   0   0  1.07 0.51
  326 A    4 -3 -3 -3 -3 -3  1 -1 -3 -1  2 -3 -1 -1 -4  1  1 -5 -2 -1   35   0   0   1   0   0   9   4   0   4  21   1   1   2   0  11   7   0   1   3  0.39 0.31
  327 I   -3 -6 -6 -7 -4 -6 -6 -6 -6  5  4 -6  1  1 -6 -5 -4 -3 -4  4    1   0   0   0   0   0   0   0   0  30  38   0   2   4   0   0   0   0   0  23  1.12 0.48
  328 K    0  1 -1 -2 -2  1  3 -3 -1 -2 -1  3 -2 -3 -3  1 -2 -5 -3 -1    6   6   3   0   1   6  22   1   1   3   7  24   0   1   0  12   1   0   0   5  0.36 0.28
  329 E    0  1 -1  1 -6  2  5 -4 -1 -5 -5  4 -5 -6 -4 -1 -2 -6 -4 -5    6   6   3   7   0   7  39   1   1   0   0  23   0   0   0   3   2   0   0   0  0.83 0.44
  330 Y    2  0 -2 -2 -3 -1  0 -3  3 -1 -1  2 -1  1 -4 -2 -2 -2  4 -1   22   5   1   2   0   2   7   1   8   3   5  12   1   5   0   2   1   0  17   5  0.30 0.25
  331 V    2 -4 -2 -4  2 -3 -3  0 -1 -1  2 -3  0 -1 -3  0  4 -3 -2  0   17   0   2   0   4   0   1   7   1   3  19   0   2   2   1   6  26   0   1   7  0.35 0.28
  332 G   -3 -4  2  0 -6 -2 -1  6 -4 -7 -6  0 -6 -7 -3 -2 -5 -6 -6 -6    1   1  10   4   0   2   4  69   0   0   1   6   0   0   2   2   0   0   0   0  1.48 0.61
  333 I   -2 -2 -4 -2 -1 -1  1 -5 -3  4  2 -2  2  0 -3 -3 -1  0 -1  3    2   2   0   2   1   2   9   0   0  31  15   1   5   3   1   1   4   1   1  17  0.45 0.27
  334 D   -3 -1  2  6 -4 -2  1 -3 -3 -5 -5  2 -5 -4 -1  0 -2 -6 -5 -5    2   3   9  47   0   1   8   2   0   0   1  11   0   1   3   8   2   0   0   1  0.97 0.47
  335 F   -2 -3 -3 -3 -3 -4 -2 -5 -4  4  2 -3  0  4 -1 -4 -3  2 -1  3    3   1   1   1   0   0   4   0   0  24  16   1   2  18   4   0   0   2   2  18  0.53 0.29
  336 E   -1 -1  1  2 -3 -1  1 -2  0 -3 -1 -2 -1  0  3  1  1  0  0 -3    4   2   6  14   0   1   9   3   2   1   8   2   2   4  18  11   8   2   3   1  0.28 0.21
  337 K    0  0  1  2 -3  1  2 -1 -2 -2 -2  2 -2 -2  2  1  0 -4 -3 -2    7   4   5  11   0   7  13   3   1   2   3  13   1   2  10  11   4   0   0   3  0.22 0.18
  338 V    0 -2 -1  2 -1 -1 -1 -2  0  1  1 -2  1  0  0 -1  0  1  0  1    8   1   2  13   1   1   4   2   3   8  16   2   4   5   5   3   4   2   4  10  0.07 0.09
  339 A    1  0  1  1 -1 -1  1 -1  0 -1  0  1  0 -2  0  1  2 -1 -2 -2   11   4   6  10   1   2  10   3   2   2   8   8   3   2   4   8  14   1   1   2  0.10 0.11
  340 T   -1 -3  1  5 -2 -3  0 -2 -3 -5 -4 -2 -4 -6  1  2  3 -3 -5 -4    4   1   7  28   1   0   5   3   0   0   2   2   0   0   6  18  20   0   0   1  0.68 0.42
  341 D    0  0  0  2 -3 -1  2 -2 -2  0  1  0 -1 -1  0  0  0 -4 -1  0    7   4   3  13   0   2  13   1   1   3  16   5   1   3   5   7   4   0   1   9  0.10 0.12
  342 E    1 -3 -1  4 -6  0  5 -1 -3 -5 -5  0 -4 -6 -2 -1 -1 -6 -4 -4   10   1   3  20   0   3  38   5   0   0   1   6   0   0   2   4   4   0   0   1  0.76 0.44
  343 E    1 -1 -2  1 -3  1  4 -2 -2 -3 -3  1 -1  0 -3  1 -1 -2 -2 -2   13   3   1   8   0   5  31   3   1   1   2   9   1   5   1   9   4   1   1   2  0.39 0.29
  344 A    2 -3 -5 -5 -1 -4 -5 -5 -5  1  5 -4  2 -1 -4 -3 -2 -1 -2  0   21   1   0   0   1   0   0   0   0   6  50   1   4   2   0   1   2   1   1   6  0.80 0.43
  345 R    0  4  1 -2 -2  0 -1 -3  0  0  0  3 -1 -2 -4 -2 -2 -4 -2 -1    6  29   6   2   1   4   4   1   2   6   9  16   1   2   0   2   2   0   1   5  0.37 0.26
  346 K    2  1  0  1 -5  1  2 -2 -3 -4 -3  4 -4 -5 -3 -1 -1 -4 -5 -3   20   5   4   8   0   7  14   2   0   1   2  26   0   0   1   4   3   0   0   2  0.48 0.33
  347 I    1  0 -3 -3 -2 -2  0 -4 -1  2  2  0  0  0 -4 -2 -2 -2  0  1   16   4   0   1   1   1   6   0   2  14  25   8   1   4   0   1   2   0   3   9  0.23 0.20
  348 A    4 -5 -4 -5  7 -5 -4 -4 -5  1  2 -3  0 -2 -5 -3 -3 -4 -4 -1   36   0   1   0  21   0   1   1   0   7  22   1   2   1   0   1   1   0   0   4  0.94 0.47
  349 K    0  2 -1  1 -5  2  2 -2 -1 -3 -3  4 -2 -5 -2 -1  0 -5 -4 -2    9  11   2   9   0   8  14   2   1   2   3  26   1   0   2   3   4   0   0   3  0.40 0.28
  350 D    1  2 -1  1 -5  1  3 -2 -2 -5 -4  4 -4 -5 -3 -1 -1 -6 -5 -4   12  11   2   7   0   5  18   3   0   0   1  29   0   0   1   5   4   0   0   1  0.59 0.36
  351 L    0  1  1 -3 -2 -1 -2 -4  5  0  2  1  0  0 -4 -2 -3 -3  1 -1    8   8   6   1   1   1   2   0  16   5  23  10   3   5   1   1   1   0   5   3  0.35 0.26
  352 N   -2 -2  3  1 -1 -2  0  5  2 -5 -5  1 -5 -4 -4 -2 -4 -3 -4 -5    2   2  15   8   1   2   6  43   5   0   1  10   0   1   0   3   0   0   0   0  0.83 0.43
  353 L   -1 -4 -5 -4 -3 -5 -4 -4 -3  5  2 -5  0 -2 -4 -4 -3 -4 -3  4    4   1   1   1   0   0   1   2   1  33  18   0   1   2   1   1   1   0   1  31  0.91 0.44
  354 E   -1 -1 -1  3 -4  0  4 -2  0 -3 -4  2 -3 -4  1 -1 -1 -5 -3 -3    6   3   3  13   0   4  31   3   3   1   1  12   0   1   7   4   3   0   1   2  0.49 0.31
  355 L   -1 -3 -3 -1  5 -3 -2 -2 -1  2  1 -2 -1  1 -1 -2  0  0  1  2    4   1   1   3  13   1   3   3   2  10  13   3   1   5   4   2   7   2   5  19  0.26 0.19
  356 K    1 -1 -1  2 -4  1  2 -1  0 -2 -3  0 -3 -4  3  0  0 -3 -2 -2   10   3   3  12   0   6  17   5   2   2   3   6   0   1  16   7   4   0   1   2  0.31 0.21
  357 K    1 -1  0  3 -3  0  2  0 -1 -2 -3  2 -3 -3  2 -1 -1 -4 -3 -3   12   3   5  16   1   3  13   8   1   2   2  13   0   1  11   4   2   0   1   2  0.31 0.21
  358 P    1 -2 -2 -1 -2 -1  0 -1  1 -2 -2  1 -2 -1  5 -1  0 -3 -1 -1   11   2   1   4   1   2   7   5   3   2   3   7   1   2  32   4   6   0   2   4  0.50 0.26
  359 D   -1  1  1  2 -1  1  1  1  3 -3 -3  1 -2 -3  1  1 -1 -4 -2 -3    5   8   6  11   1   6  10   9   7   1   2   8   1   1   8  11   3   0   1   2  0.23 0.16
  360 M    0 -2 -2 -2 -2 -1 -1 -2 -1  0  1 -1  3  0 -1  0  1  6  1  0   10   2   2   2   1   2   3   2   1   5  13   4   8   4   3   6  11  12   4   5  0.25 0.17
  361 K   -3 -3  1  1 -4 -3 -1  3 -3 -4 -5 -2 -5 -5 -1  3  4 -6 -4 -4    1   1   7   7   0   1   5  20   0   1   1   2   0   0   3  20  30   0   0   1  0.71 0.45
  362 K    0  2 -1 -2 -2 -2 -2 -3  1  0  0  1 -2 -2  0 -1  0  5  1  0    9  13   3   2   1   1   2   1   4   7   8  11   0   1   5   5   5  10   4   8  0.23 0.19
  363 G    2 -3 -2 -3 -4 -3 -2  6 -4 -4 -5 -4 -4 -3  0 -1 -2  2 -3 -5   17   2   1   1   0   1   2  56   0   1   1   1   0   1   5   4   2   3   1   1  1.11 0.52
  364 E   -1  5  0 -1 -6  1  2 -3  3 -4 -3  4 -2 -5 -4 -2 -2 -3 -2 -4    6  27   4   4   0   5  11   2   7   1   3  22   1   0   1   2   2   0   1   1  0.65 0.38
  365 V   -1 -4 -6 -6  0 -4 -6 -4 -5  3  5 -4  3 -2 -6 -5 -3 -4 -4  2    5   1   0   0   2   1   0   2   0  18  47   1   7   1   0   0   1   0   0  12  0.95 0.46
  366 I   -2 -5 -6 -6 -3  1 -5 -7 -5  4  4 -5  1  0 -6 -5 -2 -2 -2  3    3   0   0   0   0   7   0   0   0  26  35   0   3   3   0   0   2   1   1  18  0.91 0.46
  367 A   -1 -4  2  6 -2 -2  1 -3 -2 -4 -1 -4 -1 -1 -5 -3 -2 -5 -2 -2    6   1  10  47   1   2   8   1   1   1   8   1   2   3   0   2   2   0   2   4  0.91 0.49
  368 L    1 -1  0  0 -4  0  4 -3  0 -3 -1  4 -2 -2 -4 -2 -1 -1 -2 -3   12   3   3   5   0   3  28   1   2   2   7  22   1   1   0   2   4   1   2   1  0.47 0.34
  369 V   -2 -6 -7 -7 -1 -6 -7 -7 -7  4  5 -7  1  1 -7 -6 -5 -6 -4  2    4   0   0   0   1   0   0   0   0  18  57   0   3   4   0   0   0   0   0  11  1.29 0.58
  370 F   -4 -6 -8 -8 -3 -7 -7 -8 -3  0 -3 -7 -3  8 -8 -6 -6  5  5  2    1   0   0   0   1   0   0   0   0   5   2   0   1  50   0   0   0   6  20  13  1.87 0.77
  371 D   -3 -4 -3  2 -6 -2  5  2 -4 -6 -6  3 -5 -6 -5  0 -4 -6 -6 -5    2   0   1  11   0   1  43  16   0   0   0  15   0   0   0   8   0   0   0   1  1.05 0.55
  372 E    0  1 -3 -1 -4  0  4 -5  5 -4 -3  4 -3 -5 -5 -2 -1 -6 -2 -4   10   6   1   3   0   3  26   0  16   1   3  22   0   0   0   3   3   0   1   1  0.75 0.46
  373 L   -2 -2 -3 -5 -3 -1 -2 -5  1 -1  2  0 -1  5 -5 -3  1 -3  3  1    2   2   1   0   1   2   2   0   3   3  22   7   1  21   0   1   9   0  11  10  0.49 0.32
  374 V    0 -7 -7 -7  5 -6 -6 -4 -6  4  0 -6 -2 -4 -6 -2 -3 -5 -5  6    8   0   0   0  11   0   0   1   0  18   9   0   0   0   0   3   1   0   0  47  1.20 0.57
  375 E   -3  4 -5 -4 -9  0  7 -6 -5 -6 -5 -2 -6 -8 -5 -4 -3 -5 -6 -6    2  18   0   0   0   3  70   0   0   0   1   1   0   0   0   1   1   0   0   1  1.91 0.89
  376 K   -2 -3 -2  1 -5 -2  3 -3  1 -5 -6  2 -4 -7  6  0 -3 -7 -5 -2    4   1   2   9   0   1  16   2   4   0   0  13   0   0  37   6   1   0   0   3  0.94 0.53
  377 H   -2  1  2  0 -4  2  0 -3  3 -5 -2  4 -3 -3 -4  0  3 -5 -2 -4    2   7  10   4   0   8   6   2   7   0   4  23   1   1   0   7  16   0   2   0  0.49 0.34
  378 L   -5 -7 -6 -7  6 -5 -7 -7 -7  3  5 -7 -1 -3 -7 -5  1 -4 -2 -2    1   0   0   0  15   0   0   0   0  14  56   0   1   0   0   0   8   0   1   2  1.40 0.64
  379 I   -1 -3 -4 -3 -3 -2 -2 -4 -3  6 -2 -2  0 -2 -3 -2  0  3 -4  3    5   1   1   1   0   2   2   1   1  44   2   3   1   1   1   3   5   4   0  20  0.83 0.45
  380 Q   -2 -1  4  0 -7  7  1  1 -1 -7 -6 -2 -4 -5 -5 -1 -3 -7 -4 -6    3   3  18   5   0  43  10   9   1   0   1   2   0   1   0   4   1   0   0   0  1.17 0.64
  381 P   -6 -8 -8 -8 -9 -7 -7 -8 -8 -9 -9 -6 -9 -7  9 -6 -7 -10 -9 -9    0   0   0   0   0   0   0   0   0   0   0   0   0   0  98   0   0   0   0   0  3.63 1.37
  382 T   -2 -6 -5 -6  0 -5 -6 -3 -2 -1 -4 -5 -3 -5 -6 -3  7 -7 -7  1    3   0   0   0   2   0   0   3   1   3   2   0   1   1   0   1  74   0   0   8  1.85 0.88
  383 F   -7 -8 -8 -9 -8 -8 -9 -9  1  0 -4 -8 -4  9 -9 -8 -8  2  0 -5    0   0   0   0   0   0   0   0   3   5   1   0   0  84   0   0   0   2   3   1  2.97 1.08
  384 V   -5 -7 -7 -7 -5 -7 -7 -8 -7  6  2 -7 -2 -3 -7 -6 -5 -5  1  5    0   0   0   0   0   0   0   0   0  36  18   0   1   1   0   0   0   0   6  38  1.45 0.64
  385 M   -4 -3 -5 -6  3 -5 -5 -6 -2  4  0 -3  4 -1 -6 -4  4 -3  3  1    0   1   0   0   6   0   0   0   1  24   7   2   9   2   0   0  28   0   9  10  0.88 0.50
  386 D   -4 -3  3  7 -7 -1  0  2  2 -8 -7 -4 -4 -8 -6 -4 -5 -8 -4 -6    1   2  13  54   0   3   6  14   5   0   0   1   1   0   0   0   0   0   1   0  1.46 0.68
  387 Y   -6 -6 -6 -7 -5 -1 -4 -8  8 -4 -4 -7 -5  4 -5 -7 -5 -2  7 -5    0   0   0   0   0   3   1   0  35   1   2   0   0  17   1   0   1   1  39   1  2.26 0.92
  388 P   -7 -8 -8 -7 -9 -8 -7 -8 -6 -8 -9 -7 -9 -6  9 -6 -6 -4 -9 -9    0   0   0   0   0   0   0   0   0   0   0   0   0   1  98   0   0   0   0   0  3.60 1.36
  389 V    1  0 -3 -4 -4  1  0 -3 -4  2  0  1 -2 -3 -4 -1  1 -4 -3  3   12   4   0   0   0   7   7   1   0  11   8  10   1   1   0   4   8   0   0  26  0.31 0.27
  390 E    0 -4 -4  2  0 -1  6 -5 -5  2 -3 -3 -1 -1 -5  0 -3 -5 -2 -1    8   0   0   9   2   1  48   0   0  11   2   1   2   2   0   6   1   0   1   4  0.86 0.52
  391 V   -4 -6 -3 -7 -3 -5 -6 -7 -6  4  2 -5  6 -1 -5 -2  1 -4 -4  3    0   0   1   0   0   0   0   0   0  21  17   0  23   2   0   2  10   0   0  22  1.03 0.52
  392 S   -2 -5 -2 -5  1 -3 -4 -6 -3 -4 -6 -2 -4 -5 -6  7  0 -8 -5 -3    2   0   1   0   3   1   1   0   1   1   1   2   0   1   0  79   5   0   0   2  1.80 0.89
  393 P   -5 -8 -8 -8 -6 -7 -7 -8 -8 -8 -6 -7 -9 -10  9 -6 -6 -10 -9 -8    1   0   0   0   0   0   0   0   0   0   1   0   0   0  97   0   0   0   0   0  3.54 1.34
  394 L   -7 -8 -9 -9 -7 -6 -8 -9 -8 -3  7 -8 -2  0 -8 -8 -7 -7 -6 -4    0   0   0   0   0   0   0   0   0   0  96   0   0   3   0   0   0   0   0   0  2.39 0.96
  395 A    6 -6 -6 -6  2 -5 -6 -5 -6 -6 -6 -6 -6 -7 -4  1  2 -7 -7 -4   71   0   0   0   4   0   0   0   0   0   0   0   0   0   1  11  12   0   0   1  1.70 0.81
  396 K   -5  5 -5 -6 -8 -3 -5 -5 -6 -8 -7  7 -4 -8 -7 -6 -6 -8 -7 -8    1  26   0   0   0   0   0   1   0   0   0  70   1   0   0   0   0   0   0   0  2.27 0.96
  397 R    0  4 -2 -3 -1  1 -1 -3 -2 -3 -2  2 -3 -3  2  0 -1  4  0 -2    9  26   1   1   1   7   3   1   1   1   3  10   0   1  11   7   3   5   3   3  0.43 0.31
  398 K   -4  0  2  0  1 -2 -4 -5  8 -3 -3  3 -1 -5 -6  2 -3 -3 -3 -4    1   5  11   5   3   1   0   0  37   2   2  15   2   0   0  13   1   0   0   1  1.18 0.59
  399 R   -1  6 -2  3 -4 -2  1 -4 -4 -6 -6 -1 -6 -6  4 -2 -3 -7 -4 -4    6  39   1  15   0   1   8   1   0   0   0   3   0   0  18   2   1   0   0   1  1.01 0.55
  400 D   -1 -1  1  4 -5 -1  2  0  1 -4 -5  0 -3 -5 -4  3  0 -6 -5 -3    4   3   6  25   0   2  13   7   3   1   1   6   0   0   0  20   6   0   0   2  0.54 0.36
  401 N   -3  0  5  5 -7 -1  0 -3 -1 -1 -5  2 -5 -4 -5 -3 -3 -7 -5 -4    2   5  26  35   0   2   6   2   2   3   1  11   0   1   0   1   1   0   0   1  0.98 0.51
  402 P   -2 -2 -3 -1 -2 -2  0 -4 -3 -6 -5 -1 -5 -6  8 -1 -2 -8 -6 -4    4   2   1   4   1   2   7   1   1   0   1   4   0   0  62   5   2   0   0   1  1.62 0.75
  403 A    0  3  1  1 -4  0  1  3 -1 -5 -2 -1 -3 -3 -5  0 -1 -4 -4 -4    6  20   6   7   0   3  10  27   2   0   4   3   0   1   0   6   4   0   0   0  0.45 0.31
  404 F   -4 -1 -6 -6 -2 -4 -4 -7 -4  2  4  0  0  3 -6 -5 -2  2  1  2    0   3   0   0   1   0   1   0   0  11  43   6   2  11   0   0   3   2   4  13  0.74 0.40
  405 T    2 -6 -4 -6  2 -5 -6 -5 -6  0 -4 -5 -4 -6 -6  0  5 -7 -6  4   19   0   1   0   4   0   0   1   0   5   1   0   0   0   0   6  34   0   0  30  1.07 0.59
  406 S   -1 -3 -4  4 -8  0  7 -5 -2 -8 -5 -3 -5 -7 -5 -4 -6 -8 -3 -7    5   1   0  18   0   4  67   1   1   0   1   1   0   0   0   0   0   0   1   0  1.78 0.83
  407 R   -5  8 -4 -7 -4  0 -5 -7 -3 -8 -6 -1 -3 -7 -7 -2 -5 -8 -4 -3    1  84   1   0   0   3   0   0   1   0   1   2   1   0   0   3   0   0   1   2  2.47 1.01
  408 F   -5 -8 -7 -8 -6 -8 -9 -7 -7 -5 -4 -9 -2  9 -9 -7 -8  6  0 -4    1   0   0   0   0   0   0   0   0   0   1   0   1  84   0   0   0   9   2   1  3.04 1.10
  409 E   -6 -5 -4  2 -9  4  7 -7 -2 -8 -7 -3 -7 -9 -6 -5 -6 -8 -7 -8    0   0   1  10   0  19  69   0   1   0   0   1   0   0   0   0   0   0   0   0  2.11 0.95
  410 A   -1 -6 -7 -7 -3 -6 -7 -3 -5  0  6 -6 -1  0  1 -3 -3 -6 -3  1    5   0   0   0   1   0   0   2   0   4  66   0   1   3   7   2   1   0   1   8  1.14 0.57
  411 F   -6 -6 -7 -8 -2 -7 -7 -8 -3  2 -1 -7 -1  7 -8 -7 -6 -4  5  3    0   0   0   0   1   0   0   0   0  12   4   0   1  49   0   0   0   0  16  16  1.74 0.72
  412 I    1 -7 -7 -7  1 -6 -7 -6 -7  6 -1 -6  1 -4 -6 -5 -4 -4 -4  4   13   0   0   0   3   0   0   0   0  45   5   0   3   0   0   0   0   0   0  29  1.35 0.61
  413 Y    3 -3  4 -2  3 -3 -4  3 -2 -3 -3 -2  1  1 -5 -2 -2  1  0 -2   26   1  19   2   6   1   1  20   1   1   2   2   4   5   0   1   1   2   3   2  0.54 0.37
  414 G   -3 -2 -4 -5 -1 -5 -5  7 -5 -8 -8  1 -5 -5 -7 -3 -1 -7 -6 -8    1   3   1   0   1   0   1  79   0   0   0   7   0   1   0   1   4   0   0   0  1.96 0.82
  415 R   -1  3 -1 -4 -3  0 -2 -5  1  0 -1  2  6  0 -5  0  0  4 -1  0    5  15   2   0   0   3   1   0   3   4   3  14  20   3   0   7   5   6   2   5  0.48 0.35
  416 E   -7 -6 -6 -4 -9 -3  8 -8 -6 -9 -8 -3 -8 -9 -7 -6 -7 -8 -8 -5    0   0   0   0   0   0  96   0   0   0   0   1   0   0   0   0   0   0   0   1  2.90 1.19
  417 V   -4 -6 -5 -6 -3 -3 -6 -7 -3  5  4 -6  3  0 -6 -6 -4 -5  1  2    1   0   0   0   0   1   0   0   1  35  34   0   6   4   0   0   1   0   5  12  1.08 0.50
  418 A    4 -6 -5 -5  6 -5 -6  4 -6 -1 -4 -5 -2 -5 -6 -2 -3 -6 -5  1   39   0   0   0  15   0   0  25   0   4   1   0   1   0   0   2   1   0   0  11  1.10 0.56
  419 N   -6 -5  9 -1 -6 -5 -5 -6 -5 -8 -8  0 -7 -8 -1 -4  1 -9 -7 -8    0   0  79   3   0   0   0   0   0   0   0   5   0   0   3   1   8   0   0   0  2.44 1.00
  420 A    6 -6 -2 -6 -2 -5 -6  4 -4 -4 -6 -5 -4 -6 -6 -1 -5 -7 -7 -5   63   0   2   0   1   0   0  28   0   1   0   0   0   0   0   3   0   0   0   0  1.58 0.75
  421 F   -6 -4 -8 -6 -3 -7 -8 -8 -3 -6 -6 -7 -6  7 -8 -7 -7  3  9 -6    0   1   0   1   1   0   0   0   0   0   0   0   0  36   0   0   0   3  58   0  2.74 1.02
  422 S   -2 -6 -1 -4 -4 -4 -2 -4 -6 -7 -7 -5 -5 -7 -6  6  4 -7 -6 -6    2   0   2   1   0   0   2   1   0   0   0   0   0   0   0  65  26   0   0   0  1.73 0.85
  423 E   -5 -6 -6 -4 -9 -3  8 -8 -6 -9 -8 -5 -7 -9 -7 -6 -5 -8 -7 -8    1   0   0   0   0   0  98   0   0   0   0   0   0   0   0   0   0   0   0   0  2.94 1.17
  424 L   -5 -7 -8 -8 -6 -1 -5 -9 -8 -1  7 -7 -1 -5 -8 -6 -6 -7 -6 -3    1   0   0   0   0   3   1   0   0   2  91   0   1   0   0   0   0   0   0   0  2.12 0.87
  425 N   -4 -5  9 -4 -8 -5 -6 -5 -4 -2 -8 -6 -7 -8 -7 -3  1 -9 -7 -1    1   0  80   0   0   0   0   0   0   3   0   0   0   0   0   1   9   0   0   5  2.42 1.00
  426 D   -7 -6  2  8 -9 -5 -4 -7 -5 -7 -9 -6 -7 -9 -7 -4 -6 -10 -9 -9    0   0   7  90   0   0   0   0   0   0   0   0   0   0   0   1   0   0   0   0  2.89 1.09
  427 P   -2 -8 -8 -7 -8 -7 -6 -7 -8 -8 -9 -7 -8 -9  9 -3 -7 -9 -7 -7    3   0   0   0   0   0   0   0   0   0   0   0   0   0  93   2   0   0   0   0  3.29 1.22
  428 I   -1 -2 -2  1 -4 -1  1 -5 -4  4  1 -2  1  1 -5 -4 -3 -3 -3  3    4   2   1   8   0   3   9   0   0  24  12   2   3   6   0   0   1   0   0  24  0.46 0.31
  429 D   -2 -1 -2  5 -5  0  4 -4  0 -1 -1 -1  0 -1 -4 -1 -1 -5 -1 -1    3   3   0  31   0   3  29   0   3   3   6   2   2   2   0   2   2   0   2   5  0.57 0.31
  430 Q   -4 -3 -3 -4 -5  8 -2 -4 -3  1  1 -2 -3 -4 -4 -3 -4 -4 -4 -4    1   1   0   1   0  71   1   1   0   9  12   1   0   0   1   1   1   0   0   1  1.67 0.62
  431 K   -1  5 -1 -1 -3  0  0 -2  0 -2 -1  1  0 -1 -3  1 -1  1  0 -3    4  34   2   3   0   3   7   3   2   3   6   7   2   3   1  11   3   2   4   1  0.34 0.20
  432 E    0  1  0  0 -1  3  3 -2  0 -2 -2  1 -1 -4 -3  0 -1 -4 -1 -2    9   8   3   4   1  13  25   2   2   2   3  10   2   0   0   8   3   0   2   3  0.30 0.22
  433 R   -1  6 -1 -4  0  0 -2 -3  0 -2  0  0  0 -2 -4 -2 -1 -4 -2 -2    4  51   3   0   2   4   2   2   2   2   9   4   2   2   0   2   3   0   2   2  0.78 0.42
  434 F   -5 -5 -5 -6 -5 -5 -5 -5 -4 -3  2 -5  3  8 -5 -5 -5  4  1 -4    1   0   0   0   0   0   1   1   0   0  16   1   6  63   0   1   1   5   3   1  1.78 0.63
  435 L   -1  0  0 -1 -4  1  4 -2  0 -1  0  1  0 -2 -3 -1  0 -4 -2 -1    5   5   3   3   0   6  30   2   2   3  11  10   3   1   0   3   6   0   1   5  0.26 0.20
  436 E    1  0  1  2 -4  2  4 -2 -1 -2 -2  0 -1 -2 -3 -1 -1 -4 -2 -3   11   5   6  11   0   7  33   2   1   2   4   5   2   2   0   4   2   0   1   1  0.40 0.26
  437 Q   -3 -2 -2 -2 -5  8  2 -3 -3 -3 -4 -3 -1 -5 -4 -2 -4 -5 -5 -5    2   2   2   2   0  71  11   2   0   1   2   0   1   0   0   2   1   0   0   1  1.78 0.74
  438 L    2  1 -2 -1 -2  2  1 -2 -1 -1  1  0  1 -1 -2  0 -1 -3 -1  1   19   7   1   3   1  10   9   2   1   3  13   3   4   2   1   6   2   0   2  11  0.11 0.14
  439 R    1  2 -1 -1 -2  0  2 -2  1 -3 -1  4  0 -3 -3 -1 -1 -2 -2 -2   13  11   2   3   1   4  14   2   3   1   5  28   2   1   0   4   3   1   1   2  0.35 0.26
  440 Q    1  1 -1  2 -3  1  0 -2  0 -2  1  1  2 -2 -3 -1 -2 -2 -2 -2   16   6   3  13   0   8   6   3   2   1  17  11   7   1   0   2   1   1   1   1  0.19 0.21
  441 R    1  5 -2 -2 -3 -1  1 -1  0 -3 -2  4 -2 -1 -3 -1 -3 -5 -3 -3   11  30   1   2   1   2   7   5   2   2   4  23   1   3   1   3   1   0   1   1  0.56 0.37
  442 E    2  1  1  2 -4  2  3 -2 -1 -2 -3  2 -2 -3 -2 -1 -1 -5 -3 -2   21   8   6   9   0   9  18   3   1   2   2  10   1   1   2   3   3   0   1   2  0.33 0.27
  443 A    3  1 -1 -2 -2  1  1  0  0 -1 -1  1  0 -2 -3  1 -1 -4 -2 -2   25   8   2   2   1   5   8   8   2   4   7  10   2   2   0   9   3   0   1   2  0.18 0.19
  444 G   -3 -3 -2  0 -5 -3 -1  7 -5 -4 -5 -1 -5 -4 -4 -2 -4 -5 -6 -6    1   1   2   4   0   1   4  74   0   1   1   3   0   1   1   2   1   0   0   1  1.61 0.70
  445 D   -3 -3  2  7 -6 -3  0 -2 -2 -5 -4 -3 -4 -2 -5 -2 -3 -3 -4 -4    2   1   7  66   0   1   5   3   1   1   2   2   0   2   0   2   1   0   1   1  1.56 0.73
  446 E   -1 -3 -1  4 -5 -1  5 -2 -2 -4 -2  0 -2 -4  1 -1 -2 -6 -4 -2    5   1   2  24   0   2  35   3   1   1   4   5   1   1   6   5   2   0   0   3  0.68 0.44
  447 E   -4 -4 -3  1 -7 -2  7 -5 -3 -5 -6 -1 -2 -4 -5 -2 -2 -7 -6 -5    1   1   1   8   0   1  75   1   0   1   0   3   1   1   0   2   2   0   0   1  1.80 0.90
  448 A    6 -3 -2 -3 -1 -3 -2 -3  0  0 -3 -2 -4 -2 -3  0  0 -6 -3  0   60   1   2   2   1   1   3   1   2   5   2   2   0   2   1   5   5   0   1   5  0.89 0.56
  449 H   -2 -2 -1 -2 -2  4 -1 -3  6 -2 -2 -2  6 -3  0  0 -1 -5 -1 -3    3   2   3   2   1  19   3   2  19   2   2   2  21   1   5   7   3   0   2   1  0.78 0.51
  450 M    0  0 -2  0 -4  1  2 -2 -1 -2 -1 -1  2  0  4 -1 -1  0 -1 -1    6   6   1   5   0   7  12   3   2   2   4   3   6   4  20   5   4   1   2   5  0.25 0.23
  451 M   -3 -4 -3 -5 -2 -4 -3 -4  0  3  2 -3  4  0 -1 -2 -1 -3  2  2    2   1   1   0   1   0   1   1   3  17  22   2  12   4   4   3   3   0   8  15  0.49 0.34
  452 D   -7 -7 -2  9 -8 -3 -2 -6 -6 -8 -8 -6 -8 -8 -7 -6 -6 -9 -8 -8    0   0   1  94   0   1   1   0   0   0   0   0   0   0   0   0   0   0   0   0  3.04 1.24
  453 E   -1 -3 -2  1 -6  0  6 -4  0 -3 -3  0 -1 -2 -4 -2 -2  1  0 -4    6   1   1   7   0   3  53   1   3   2   3   5   1   2   1   2   2   2   4   1  0.92 0.58
  454 D   -1 -4  0  7 -7 -4  3 -2 -3 -6 -6 -4 -7 -7 -5 -1 -1 -8 -3 -5    5   1   4  61   0   0  15   3   0   0   1   0   0   0   0   4   4   0   1   1  1.53 0.75
  455 F   -7 -7 -8 -8 -7 -7 -8 -8 -5 -6 -4 -8 -5  9 -8 -7 -7 -4  7 -6    0   0   0   0   0   0   0   0   0   0   1   0   0  66   0   0   0   0  31   0  2.86 1.11
  456 I   -3 -6 -7 -7  5 -6 -6 -7 -7  4  4 -6 -1 -4 -6 -6 -4 -2 -5  4    1   0   0   0  13   0   0   0   0  24  34   0   1   0   0   0   1   1   0  24  1.24 0.58
  457 N   -2  3  0  0 -1  1  4 -4  0 -3 -2  0 -2 -4 -4 -2  3 -3 -3 -2    3  15   5   5   2   6  26   1   2   2   4   6   1   0   0   2  19   0   1   3  0.48 0.36
  458 A    7 -6 -5 -5  1 -5 -4 -5 -6 -6 -6 -5 -1 -7 -6  0 -3 -7 -6 -4   84   0   0   1   2   0   1   0   0   0   0   0   2   0   0   7   1   0   0   1  1.99 0.92
  459 L   -6 -6 -7 -7 -6 -4 -7 -7 -7  1  6 -6  5 -4 -7 -6 -5 -6 -5 -2    0   0   0   0   0   1   0   0   0   6  77   0  14   0   0   0   0   0   0   1  1.87 0.79
  460 E   -4 -2 -4  0 -1  0  7 -4 -5 -7 -7  0 -2 -5 -6 -2 -4 -7 -4 -7    1   2   0   4   1   3  76   1   0   0   0   5   1   0   0   4   1   0   0   0  1.85 0.85
  461 V   -4 -4 -4 -6 -2  0 -6 -8  6 -3 -3 -6 -3  2 -7 -5 -3 -1  8 -2    2   1   1   0   1   4   0   0  17   2   3   0   1   8   0   1   2   0  57   2  1.99 0.82
  462 G   -1 -1 -6 -7 -8 -7 -7  8 -7 -9 -9 -6 -8 -8 -7 -5 -7 -8 -8 -8    5   3   0   0   0   0   0  92   0   0   0   0   0   0   0   0   0   0   0   0  2.60 0.98
  463 M   -5 -7 -8 -9 -2 -6 -8 -8 -7 -4  4 -7 10 -2 -8 -7 -6 -7 -3 -4    1   0   0   0   1   0   0   0   0   0  34   0  62   1   0   0   0   0   1   0  2.61 1.01
  464 P   -4 -6 -8 -7 -9 -7 -7 -6 -8 -8 -9 -5 -4 -9  9 -4 -6 -10 -9 -5    1   0   0   0   0   0   0   0   0   0   0   1   0   0  95   1   0   0   0   1  3.33 1.23
  465 P   -5 -7 -5 -6 -3 -3 -6 -7 -7 -5 -7 -6 -7 -8  9 -5 -6 -8 -5 -5    1   0   1   0   1   1   0   0   0   1   0   0   0   0  92   1   0   0   0   1  3.17 1.14
  466 T    3 -5 -2 -5  1 -2 -5 -5 -5 -2 -3 -5  1 -5 -5 -1  7 -6 -5 -3   22   0   2   0   3   2   0   0   0   2   2   0   4   0   0   3  58   0   0   1  1.36 0.66
  467 G    3 -6 -4 -5  1 -5 -5  6 -3 -5 -6 -5 -4 -3 -6  1 -1 -6 -4 -3   23   0   0   0   3   0   0  56   0   1   0   0   0   1   0  10   4   0   0   1  1.30 0.59
  468 G   -5 -7 -5 -6 -7 -7 -7  8 -7 -8 -8 -6 -7 -8 -7 -3 -6 -7 -8 -2    0   0   0   0   0   0   0  94   0   0   0   0   0   0   0   1   0   0   0   4  2.65 0.95
  469 L   -3 -6 -5 -6  1 -3 -2 -3 -6  2  3 -6  2  3 -6 -5 -4  8 -2  1    2   0   0   0   2   1   4   2   0  11  33   0   5  10   0   0   1  19   1  10  0.97 0.44
  470 G   -3  0 -5 -6 -4 -6 -4  8 -7 -9 -9 -6 -8 -8 -7 -3 -6 -8 -8 -8    1   5   0   0   0   0   1  91   0   0   0   0   0   0   0   1   0   0   0   0  2.49 0.90
  471 I   -5 -6 -7 -7 -1 -5 -6 -7 -3  6  3 -6  6  0 -2 -6 -3 -4 -1  1    0   0   0   0   1   0   0   0   1  39  22   0  21   3   2   0   1   0   2   7  1.23 0.53
  472 G   -4 -7 -5 -6 -7 -6 -7  8 -7 -8 -6 -6 -7 -8 -7 -1 -6 -7 -8 -8    1   0   0   0   0   0   0  92   0   0   1   0   0   0   0   6   0   0   0   0  2.52 0.88
  473 V   -4 -6 -4 -6 -5 -6 -6 -4 -2  7 -1 -6  0 -3 -6 -5 -4 -6 -5  3    1   0   1   0   0   0   0   1   1  65   4   0   2   1   0   0   0   0   0  20  1.62 0.61
  474 D   -6 -6 -4  8 -8 -4  2 -5 -6 -8 -8 -5 -8 -8 -6 -2 -6 -9 -5 -8    0   0   0  85   0   0  11   1   0   0   0   0   0   0   0   2   0   0   0   0  2.55 0.90
  475 R   -6  9 -4 -6 -9 -4 -2 -7 -5 -8 -7 -2 -6 -8 -7 -6 -6 -8 -2 -6    0  93   1   0   0   0   3   0   0   0   0   1   0   0   0   0   0   0   2   1  2.84 0.98
  476 L   -5 -1 -7 -7 -4 -6 -6 -7 -6  1  6 -6  3  2 -6 -6 -4  0 -3  0    0   3   0   0   0   0   0   0   0   5  69   0   7   7   0   0   1   1   0   6  1.34 0.55
  477 V    1 -5 -3 -6  1 -4 -5 -5 -6  3 -1 -5  0  2 -5 -3  2 -5 -4  5   12   0   1   0   3   0   0   0   0  13   5   0   2   8   0   0  11   0   0  45  0.83 0.42
  478 M    0 -6 -5 -7 -3 -1 -6 -5 -6 -2 -2 -5 10  0 -6 -2 -3  0 -5 -3    8   0   0   0   1   3   0   1   0   1   1   0  73   3   0   4   1   1   0   1  2.40 0.87
  479 F   -3 -5 -5 -6 -4 -5 -5 -6 -5  3  5 -5  2  3 -5 -4 -3  3  0  0    1   0   0   0   0   0   0   0   0  16  49   0   5  13   0   1   1   4   2   6  0.93 0.40
  480 M   -3 -5 -6 -6 -5 -5 -6 -5 -6  1  6 -5  3  3 -6 -5 -4 -4 -3 -1    2   0   0   0   0   0   0   1   0   6  70   0   6  10   0   0   0   0   1   3  1.33 0.53
  481 T    0 -5 -3 -5  0 -4 -3 -4 -5 -3 -1 -4  0 -2 -5  0  7 -6 -4 -1    6   0   1   0   2   0   1   1   0   1   6   0   3   2   0   5  68   0   0   3  1.36 0.61
  482 D   -4 -4  5  5 -6 -1  1  4 -3 -6 -6 -2 -5 -6 -5 -3 -4 -6 -5 -6    1   0  29  29   0   2   8  27   0   0   0   2   0   0   0   1   0   0   0   0  1.14 0.49
  483 S    1  1  1 -2  0  3 -1 -1 -2 -3 -3  1 -2 -4 -3  3  1 -4 -3 -1   12   8   5   1   2  15   2   3   0   1   2   9   1   0   0  26   8   0   0   4  0.37 0.27
  484 Y    0  0  1  1 -3  1  1 -2  2 -2 -2  0 -2 -3  3  1  0  1 -1 -1    7   4   6   6   0   7   8   1   7   2   3   6   0   1  16  10   6   2   2   6  0.23 0.16
  485 S   -1  0  4 -2 -3 -2 -3 -3  2 -4 -5 -3 -4 -5 -3  5  2 -5 -3 -4    3   5  19   2   0   1   0   1   5   1   1   1   0   0   1  46  12   0   1   1  0.89 0.47
  486 I   -2 -7 -7 -7 -5 -7 -7 -4 -7  8  1 -7 -1 -4 -7 -6 -5 -7 -6 -1    3   0   0   0   0   0   0   2   0  82   9   0   1   0   0   0   0   0   0   2  2.11 0.75
  487 R   -5  8 -5 -3 -8  0 -4 -5 -5 -7 -7  4 -6 -7 -6 -3 -5 -7 -6 -7    0  70   0   1   0   3   0   1   0   0   0  23   0   0   0   1   0   0   0   0  2.10 0.78
  488 D   -5 -4 -3  6 -8 -1  6 -5 -5 -8 -8 -4 -7 -8 -5 -4 -5 -8 -7 -7    0   0   0  46   0   2  50   0   0   0   0   0   0   0   0   0   0   0   0   0  1.97 0.76
  489 V   -2 -6 -6 -6  2 -6 -6 -2 -7  1 -2 -6 -2 -5 -6 -3  2 -7 -5  7    2   0   0   0   4   0   0   4   0   6   1   0   1   0   0   1  14   0   0  67  1.40 0.60
  490 I   -4 -6 -7 -7 -5 -1 -6 -7 -6  6  3 -6 -1 -4 -6 -5 -3 -6 -5  3    0   0   0   0   0   3   0   0   0  54  22   0   1   0   0   0   1   0   0  19  1.39 0.54
  491 L    1 -5 -5 -6 -4 -5 -5 -5 -5  0  4 -5  0  2  3 -2 -1  0 -1 -2   11   0   0   0   0   0   0   0   0   3  50   0   2   9  13   2   5   1   2   0  0.75 0.39
  492 F   -7 -8 -6 -9 -7 -8 -8 -8 -6 -5 -4 -8 -5 10 -9 -7 -7 -1  0 -6    0   0   0   0   0   0   0   0   0   0   0   0   0  97   0   0   0   0   2   0  3.36 1.01
  493 P   -5 -7 -7 -6 -8 -6 -6 -5 -7 -8 -8 -6 -7 -9  9 -6 -4 -9 -8 -6    0   0   0   0   0   0   0   1   0   0   0   0   0   0  98   0   1   0   0   0  3.38 1.05
  494 T    1 -3 -3 -4 -4  2 -3 -4  1  1  2 -3  2  2 -2 -2  3 -4 -1 -1   12   0   1   0   0  10   0   1   4   6  25   0   4   9   1   2  21   0   1   2  0.37 0.28
  495 M   -4 -5 -6 -7 -4 -3 -5 -7 -4 -1  4 -5  8 -3 -6 -5 -3 -5 -5  2    1   0   0   0   0   1   0   0   0   2  36   0  43   0   0   0   1   0   0  13  1.57 0.62
  496 K   -5  7 -4 -5 -7 -3 -4 -6 -5 -5 -6  6 -5 -7 -4 -4 -5 -7 -6 -5    0  53   0   0   0   0   0   0   0   1   0  44   0   0   1   1   0   0   0   1  1.97 0.73
  497 P   -4  0 -3 -3 -7 -3 -3 -5  0 -4 -7 -2 -6 -7  8 -1 -3 -7 -5 -6    1   5   1   2   0   1   2   0   2   1   0   2   0   0  78   4   1   0   0   0  2.24 0.74
  498 K   -4  2 -2  0 -6  2  5 -4 -2 -2 -2  4 -3 -4 -4 -2 -3 -4 -4 -4    0  10   0   3   0  10  39   0   0   3   5  27   0   0   0   1   1   0   0   0  0.85 0.40
  499 D   -4 -3  4  5 -6 -1  5 -4 -3 -6 -6 -2 -5 -6 -4 -2 -3 -6 -5 -5    0   0  21  40   0   0  39   0   0   0   0   0   0   0   0   0   0   0   0   0  1.32 0.39

                      K         Lambda
Standard Ungapped    0.1403     0.3206
Standard Gapped      0.0410     0.2670
PSI Ungapped         0.2097     0.3176
PSI Gapped           0.0642     0.2670
