
Last position-specific scoring matrix computed, weighted observed percentages rounded down, information per position, and relative weight of gapless real matches to pseudocounts
           A  R  N  D  C  Q  E  G  H  I  L  K  M  F  P  S  T  W  Y  V   A   R   N   D   C   Q   E   G   H   I   L   K   M   F   P   S   T   W   Y   V
    1 M   -5 -6 -6 -7 -6 -5 -6 -7 -6 -3  1 -6 11 -4 -7 -6 -5 -6 -5 -3    0   0   0   0   0   0   0   0   0   0  11   0  89   0   0   0   0   0   0   0  3.06 0.91
    2 T   -2 -1  2 -1 -4  0  1 -2  0 -2 -1  1 -1 -3 -3  2  4 -5 -3 -2    1   3  11   2   0   3  11   2   2   2   6   7   2   1   0  20  26   0   1   2  0.36 0.27
    3 M   -4 -2  1 -1 -3 -1 -2 -5 -2  2  1 -2  8 -2 -4 -2 -1 -5 -2 -2    1   2   8   3   0   2   3   1   1   9  12   3  44   1   1   4   4   0   1   2  1.04 0.52
    4 V   -3 -6 -5 -6 -5 -6 -6 -7 -7  6  3 -4  6 -2 -5 -5 -3 -6 -3  2    2   0   1   0   0   0   0   0   0  40  23   1  18   1   1   0   1   0   1  10  1.34 0.60
    5 F   -2  3 -2 -2 -3  1  0 -5 -2  1 -1  5 -3  1 -4 -2 -1 -1 -1 -2    3  17   1   2   1   5   5   0   1   8   6  33   0   6   0   2   3   1   2   2  0.54 0.36
    6 K   -1  1  0  3 -5  3  4 -4  1 -4 -4  3 -4 -5 -4  0 -1 -6 -5 -5    5   7   5  13   0  12  24   1   4   1   1  16   0   0   0   7   4   0   0   0  0.61 0.39
    7 K    0  1 -1  0 -2  3  3 -3  0  0 -1  3 -3 -2 -4 -1  0 -5 -1 -1    6   8   2   4   1  12  19   1   3   7   7  16   0   1   0   4   4   0   2   3  0.29 0.24
    8 I   -4 -7 -8 -8 -5 -7 -8 -8 -6  6  4 -7 -1 -1 -7 -6 -4 -7 -3  2    1   0   0   0   0   0   0   0   0  48  33   0   1   3   0   0   1   0   1  11  1.53 0.66
    9 K    0  3 -1 -2 -4  2  2 -4  0 -1 -2  4 -3 -4 -5  0 -1 -4 -2 -2    7  18   3   1   0   9  11   1   2   4   4  25   0   0   0   7   4   0   1   2  0.49 0.34
   10 T    0  0  1  2 -5  2  3 -2 -2 -2 -4  2 -4 -3 -4  1  1 -4 -3 -4    7   5   8  10   0  11  18   2   1   3   2  15   0   1   0   8   7   0   1   1  0.38 0.29
   11 Q    2 -1 -1 -1 -1  0  0 -2 -1  2  2 -1  0 -2 -4  0 -1 -3 -1  0   23   4   3   3   1   3   7   2   2  11  18   4   1   2   0   7   2   0   2   4  0.16 0.18
   12 I   -4 -7 -8 -8 -3 -7 -7 -8 -5  6  4 -7 -1  1 -7 -6 -4 -6 -4  2    1   0   0   0   0   0   0   0   0  37  40   0   1   5   0   0   0   0   0  15  1.39 0.61
   13 D    1  2  0  0 -2  1  2 -2 -1 -1 -1  2 -2 -2 -3  0  0 -4 -2 -1   10  12   5   6   1   7  14   2   2   3   7  13   0   2   0   8   4   0   1   4  0.19 0.18
   14 H    0  1  1  2 -5  2  3 -1  0 -4 -4  3 -4 -5 -4  0  0 -6 -5 -3    8   8   7  12   0   8  20   4   2   1   2  17   0   0   0   5   5   0   0   1  0.45 0.32
   15 A    5 -2 -3 -5  1 -3 -2 -3 -3  1 -1 -3 -2 -2 -4  0  0 -3 -2  0   49   2   1   0   3   1   2   2   1   8   7   2   1   2   0   7   6   0   1   5  0.67 0.43
   16 L   -1 -4 -5 -6 -1 -1 -5 -4 -5  4  4 -4 -1  1 -6 -4 -3 -3 -2  2    5   1   1   0   1   4   1   1   0  19  43   1   1   5   0   1   1   0   1  15  0.79 0.42
   17 K    1  2  0 -1 -4  2  2 -1 -1 -3 -3  4 -4 -5 -2  1 -1 -6 -5 -4   11  10   5   3   0   8  15   4   1   1   2  24   0   0   2   9   4   0   0   1  0.43 0.31
   18 Q    1  1  1  1 -5  2  3 -2 -2 -4 -5  4 -4 -5 -4  0 -1 -6 -4 -3   10   7   7   8   0   7  17   3   1   1   1  25   0   0   1   8   3   0   0   1  0.51 0.35
   19 L    0 -1 -1 -3 -1 -2 -2  1 -3  1  3 -1  1  0 -4 -1 -1 -1 -1  0    9   3   4   1   1   1   2  12   1   9  33   3   3   4   0   4   2   1   2   5  0.22 0.19
   20 N    0 -1  3  1 -4  0  1  3 -1 -2 -2  1 -3 -1 -2  0 -1 -3  0 -3    7   2  13   8   0   5   8  23   1   3   4   7   0   3   2   6   3   0   4   1  0.26 0.20
   21 L   -1 -3 -2 -2 -2 -2 -2 -2 -3  2  3 -1  0  2 -1 -2 -2  3  2  1    4   1   1   2   1   2   3   3   0  14  29   4   1   8   3   3   2   4   7   9  0.27 0.20
   22 P    0 -3 -1  2 -4 -1  3 -1 -3 -2 -4  0 -3 -5  5  1 -1 -5 -4 -3    7   1   2  13   0   2  16   5   0   2   2   6   1   0  27   9   3   0   0   2  0.59 0.36
   23 T    1 -1 -1  1 -2  0  2  0 -1  0 -1  0 -2 -1  0  1  0 -2 -1  0   12   1   2   7   1   3  16   8   1   6   6   7   0   2   5   9   5   1   2   7  0.08 0.10
   24 D   -1 -2  1  4 -4 -1  2  1 -2 -2 -2 -1 -2 -2  2  0 -1 -5 -3 -1    4   2   6  25   0   2  12  10   1   2   5   3   1   2  10   7   3   0   0   5  0.34 0.25
   25 V    0 -3 -2 -1 -1 -2 -1 -2 -3  2  0 -2 -2  1  4 -1 -1 -3 -1  1    9   1   2   3   1   2   5   3   1  15  10   3   1   5  20   3   4   0   2  12  0.28 0.20
   26 E    0  0  1  3 -4  1  4 -3 -1 -4 -4  2 -4 -4  2  0 -2 -6 -4 -2    7   4   7  13   0   4  25   2   1   1   1  12   0   1  10   8   2   0   0   3  0.47 0.32
   27 Y   -2 -6 -5 -6 -4 -5 -4 -5 -4  5  1 -5 -1  5  1 -4 -3  1  1  3    3   0   0   0   0   0   1   1   0  30  11   0   1  20   6   1   2   2   4  18  0.85 0.43
   28 L    0  0  0 -1 -3  0  2 -1 -1  0 -1  0 -1 -2  0  1  2 -3 -3  1    5   4   5   3   0   5  14   3   1   6   6   6   1   1   4  11  12   0   0  11  0.11 0.14
   29 I   -4 -6 -7 -7 -2 -6 -5 -7 -7  4  3 -6 -2  0 -5 -5 -4  0 -4  5    1   0   0   0   1   0   0   0   0  24  31   0   0   4   1   1   1   1   0  34  1.18 0.55
   30 Q   -3 -4 -3  2 -5 -1  7 -3 -4 -5 -4 -3 -3 -2 -5  0  0 -7 -5 -3    2   0   1  10   0   3  59   2   0   0   2   1   1   2   0   8   5   0   0   2  1.25 0.66
   31 Q   -1  4 -1 -3 -3 -1  0 -4  0  2 -2  1 -2 -1  2 -1  0 -3  1  0    4  22   2   1   1   2   7   0   2  12   4   9   1   2  10   3   6   0   6   6  0.29 0.24
   32 T   -1 -7 -3 -5 -3 -5 -6 -5 -7 -4 -5 -6 -7 -5  8  1  2 -8 -7 -5    5   0   1   0   1   1   0   1   0   1   1   0   0   1  68   9  10   0   0   1  2.05 0.90
   33 K    0  4 -1 -2 -6  0 -1 -4 -4 -5 -5  5 -4 -5  3  0 -2 -6 -5 -4    7  22   3   2   0   3   4   1   0   0   1  33   0   0  13   6   3   0   0   1  0.85 0.48
   34 N   -3  1  5  4 -6  1  1 -3  0 -3 -4  0 -4 -4 -3  0 -3 -6 -5 -2    2   6  24  26   0   6   9   1   2   2   2   6   0   1   1   6   1   0   0   4  0.67 0.39
   35 I    0  1 -1 -2 -4 -1  2 -3 -2 -1 -3  3 -3 -4  4  1 -1 -3 -2 -3    7   7   2   2   0   2  14   2   1   4   3  16   0   1  23  10   2   0   2   1  0.48 0.33
   36 Q    0  0  1  2 -5  1  4 -1 -2 -2 -4  2 -4 -4 -4  1 -1 -6 -4 -3    7   4   5  10   0   5  27   5   1   3   1  12   0   0   0  13   4   0   0   2  0.44 0.32
   37 F   -6 -3 -1 -2 -7 -2 -4 -6  9 -6 -3 -3  1  6 -5 -4 -6 -1  3 -6    0   2   3   2   0   2   1   1  41   0   3   2   3  31   1   1   0   1   7   0  1.85 0.77
   38 G   -1 -7 -5 -7 -3 -7 -7  8 -7 -8 -8 -7 -8 -6 -7 -3 -7 -8 -4 -8    6   0   0   0   1   0   0  90   0   0   0   0   0   0   0   1   0   0   1   0  2.53 0.99
   39 D   -7 -7 -4  8 -9 -5 -1 -6  3 -9 -9 -6 -9 -6 -7 -6 -7 -10 -8 -8    0   0   0  88   0   0   4   0   6   0   0   0   0   0   0   0   0   0   0   0  2.87 1.12
   40 F   -5 -6 -7 -8 -5 -7 -7 -7 -5  1  2 -7 -2  6 -8 -6 -6  4  7 -2    1   0   0   0   0   0   0   0   0   8  20   0   1  27   0   0   0   5  34   3  1.62 0.70
   41 S    5 -6 -3 -6 -1 -5 -5 -4 -6 -7 -7 -5 -5 -4 -6  5  1 -7 -2 -6   43   0   1   0   1   0   0   1   0   0   0   0   0   1   0  42   9   0   2   0  1.45 0.76
   42 S   -3 -6 -5 -6  3 -6 -6 -6 -6 -4 -3 -6 -5 -3 -6  4  7 -8 -5 -2    2   0   0   0   6   0   0   0   0   1   3   0   0   1   0  28  55   0   0   3  1.63 0.83
   43 N   -3 -4  8 -4 -8 -4 -6 -4 -5 -8 -7 -6 -4 -8  1  1  0 -9 -8 -8    2   1  72   1   0   0   0   1   0   0   0   0   0   0   7   9   6   0   0   0  2.19 0.96
   44 V    2 -6 -7 -7 -3 -6 -6 -6 -5  5  2 -6 -1  0 -6 -4 -2 -3 -4  4   16   0   0   0   0   0   0   0   0  30  17   0   1   4   0   1   2   0   0  28  0.97 0.49
   45 A    7 -7 -7 -7  3 -6 -6 -2 -7 -4 -3 -6 -6 -7  2 -1 -5 -8 -5 -4   74   0   0   0   5   0   0   2   0   1   2   0   0   0   9   4   0   0   0   1  1.75 0.83
   46 M   -7 -7 -8 -8 -5 -7 -8 -8 -7 -2  4 -6  8  5 -8 -6 -6 -6 -3 -4    0   0   0   0   0   0   0   0   0   2  36   1  37  22   0   0   0   0   1   0  1.99 0.84
   47 V   -1  2 -2 -4 -4  2 -2 -3 -3  2  1  2  0 -4 -2  0 -1 -3 -4  2    4  12   2   0   0  11   1   2   0  12  11  14   2   0   2   6   3   0   0  16  0.30 0.25
   48 L   -2 -6 -4 -7 -2 -4 -7 -5 -5  2  6 -5  1 -1 -7 -3 -3 -2  0 -1    4   0   1   0   1   1   0   1   0  10  66   0   3   2   0   2   1   1   3   4  1.24 0.59
   49 S    6 -4 -5 -6 -3 -3 -5 -1 -6 -6 -6 -2 -5 -6 -4  2 -1 -7 -7 -3   68   1   0   0   1   1   1   4   0   0   0   3   0   0   1  16   4   0   0   1  1.50 0.75
   50 K   -3  3 -3 -4 -7 -1 -3 -1 -2 -7 -7  7 -6 -8 -1  1 -4 -8 -7 -7    2  14   1   1   0   2   1   6   1   0   0  59   0   0   4   9   1   0   0   0  1.48 0.72
   51 R    0  0 -2 -2 -4  2  1 -2  0  1 -1  3 -1 -2  1  0  0 -4 -2  0    8   5   1   2   0   9   9   2   2   8   6  18   1   2   7   6   6   0   1   6  0.16 0.17
   52 Q    1 -2 -1 -4 -1 -1 -1 -4 -2  0  3 -2  1  1 -4 -2 -1 -1  0  0   15   2   4   0   1   3   5   0   1   4  35   3   3   7   0   2   4   1   2   7  0.33 0.25
   53 N   -5  3  1 -2 -7 -2 -3  3  0 -6 -6  6 -5 -7 -5 -1 -4 -7 -6 -7    0  17   5   2   0   2   1  20   2   0   1  45   0   0   0   4   0   0   0   0  1.24 0.62
   54 K   -2  3 -3 -2 -2  2  0 -5 -2 -2  0  5  4 -5 -5 -2  0 -6 -5 -3    3  13   1   2   1  10   5   1   1   2   8  35  10   0   0   2   5   0   0   2  0.73 0.44
   55 N    2 -2  5  0 -6 -3 -3 -4 -3 -7 -6  2 -6 -7  3  3 -2 -7 -6 -6   15   2  29   5   0   1   1   1   1   0   0  10   0   0  14  19   2   0   0   0  0.90 0.53
   56 P   -2 -8 -8 -6 -8 -6 -6 -6 -6 -6 -5 -6 -6 -9  9 -4 -6 -9 -8 -4    3   0   0   0   0   0   1   0   0   1   1   0   0   0  88   2   0   0   0   2  2.99 1.20
   57 Q   -1  5 -1 -3 -1  1 -1 -4 -1  1  1  1  4 -1 -2 -2 -3 -3 -3 -2    4  31   3   1   1   5   3   1   2   7  12   9  10   2   2   2   1   0   0   2  0.49 0.33
   58 E    0 -2 -1  3 -6  2  5 -5 -2 -3 -3  1 -2 -4 -5 -2 -1 -7 -4 -1    9   1   2  17   0   8  36   0   1   1   2   9   1   1   0   3   3   0   0   4  0.73 0.45
   59 I   -3 -7 -6 -8 -3 -7 -7 -8 -8  7  3 -7 -2 -2 -7 -6 -3 -5 -6  2    3   0   0   0   1   0   0   0   0  55  24   0   0   2   0   0   1   0   0  14  1.59 0.67
   60 A    7 -7 -7 -7 -6 -5 -4  0 -7 -5 -6 -5 -6 -4 -6 -2 -3 -5 -5 -4   86   0   0   0   0   0   1   6   0   1   0   0   0   1   0   2   1   0   0   1  2.10 0.94
   61 K   -1 -1  1  1 -4  3  5 -1 -1 -4 -5  2 -4 -5 -5 -1 -1 -7 -4 -4    6   2   6   8   0  14  35   4   1   1   1  12   0   0   0   5   4   0   0   1  0.70 0.44
   62 Q    1  1 -1  1 -4  1  3 -4 -2  1 -1  2 -2 -3 -4 -1  0 -2 -3 -2   10   7   3   7   0   6  22   1   1   9   7  13   1   1   0   5   5   1   0   3  0.28 0.24
   63 I   -5 -8 -8 -9 -6 -8 -8 -9 -8  7  4 -8 -1  0 -8 -7 -5 -7 -5 -1    1   0   0   0   0   0   0   0   0  54  37   0   1   3   0   0   0   0   0   4  1.85 0.77
   64 I    3 -1 -4 -5  1 -1 -3 -4 -5  3  0  2 -1 -4 -5 -1 -2 -6 -4  3   24   4   0   0   3   3   1   1   0  15   7  12   1   0   0   5   2   0   0  22  0.49 0.34
   65 E    2 -1  1  2 -3  1  4 -2 -3 -4 -3  2 -5 -5 -2  0 -1 -6 -4 -3   15   3   7  12   0   5  24   3   0   1   2  13   0   0   1   8   3   0   0   2  0.45 0.32
   66 Q    1  1  2 -1 -1  0  1 -2  4 -2 -2  2 -3 -2 -4 -1 -1 -4  0 -2   11   8  11   2   2   4  11   3  11   3   4  15   0   1   0   4   3   0   4   3  0.27 0.22
   67 L   -4 -7 -7 -7 -4 -6 -7 -8 -7  4  5 -5  2  2 -7 -5 -4 -2 -4  0    1   0   0   0   0   0   0   0   0  21  55   1   5   8   0   1   1   1   0   6  1.32 0.59
   68 N    0  0  2  2 -5  2  3 -1 -1 -3 -4  2 -4 -5  3  0 -2 -6 -5 -4    6   5   8  10   0   7  16   4   1   1   1  15   0   0  14   8   2   0   0   0  0.45 0.31
   69 P    0 -1  0  1 -1  0  0 -1  1 -2 -1  3 -3 -3  2  1  0 -5 -3 -2    9   2   4   9   1   4   6   5   4   2   7  21   0   1   9   9   6   0   1   2  0.22 0.20
   70 N    0 -3  3  3 -4 -2  1  1  1 -5 -5  0 -4 -4  3  2 -1 -6 -3 -5    6   1  13  17   0   1   8   9   3   0   1   5   0   1  15  15   4   0   1   0  0.49 0.34
   71 E    0 -2 -1  2 -3 -1  2  1  0 -1 -1  0 -1  0  1 -1 -2  0  2 -2    6   1   2  14   1   2  17   9   2   3   7   7   1   4   7   5   1   1   7   2  0.18 0.18
   72 F   -4 -7 -7 -5 -2 -6 -6 -6 -6  5  0 -6 -3  6 -5 -6 -5  1  0  3    1   0   0   1   1   0   0   1   0  35   8   0   0  26   0   0   0   2   2  21  1.31 0.58
   73 E    1 -1 -1  2 -4  0  4 -1 -3 -2 -4  1 -5 -3 -4  1 -1 -6 -3 -2   13   2   2  11   0   3  31   4   0   2   2   9   0   1   0  12   4   0   1   2  0.50 0.35
   74 K   -1  3  0  0  0 -1  1 -2 -1 -5 -5  5 -5 -6 -5  2 -1 -6 -4 -5    4  15   3   6   2   3   8   3   1   1   1  36   0   0   0  15   3   0   0   0  0.75 0.44
   75 I    2 -5 -6 -6  0 -6 -5 -5 -6  5 -2 -4  1 -3 -4 -3 -1 -7 -3  5   15   0   0   0   2   0   1   0   0  26   3   1   3   1   1   2   4   0   1  41  1.04 0.52
   76 T   -2 -4 -1  1 -4  0  7 -5 -4 -5 -6 -1 -5 -5 -6  0  0 -2 -4 -2    3   1   3   8   1   3  59   0   0   0   1   3   0   1   0   7   6   1   1   4  1.25 0.65
   77 F    0 -4 -5 -5 -3 -5 -3 -6 -6  5 -1 -4 -2  0 -3 -4 -1 -6 -2  5    9   1   0   0   0   0   2   0   0  31   4   1   1   5   1   1   3   0   1  40  1.04 0.49
   78 S    6 -5 -4 -5 -4 -3 -2 -4 -4 -1 -3 -1 -4 -5 -5 -2 -1 -7 -6  2   64   0   1   0   0   1   3   1   0   3   2   3   0   1   0   3   4   0   0  13  1.22 0.63
   79 K   -1 -2  1 -4 -5 -3 -2  6 -3 -6 -4  3 -3 -7  1 -1 -4 -7 -5 -4    5   2   7   0   0   1   3  49   1   0   2  15   1   0   8   4   1   0   0   2  0.99 0.51
   80 P   -1 -3  1 -6 -6 -3 -5 -2 -5 -6 -6 -3 -6 -7  8 -3 -5 -7 -7 -5    6   2   7   0   0   2   1   4   0   1   1   1   0   0  72   2   0   0   0   1  2.19 0.88
   81 G   -5 -7 -4 -6 -7 -5 -7  8 -7 -8 -8 -7 -8 -8 -7 -5 -7 -7 -8 -7    0   0   1   0   0   0   0  95   0   0   0   0   0   0   0   1   0   0   0   0  2.81 1.03
   82 F   -8 -6 -9 -10 -9 -9 -9 -9 -5 -6 -6 -9 -6  9 -10 -8 -8 -5  5 -7    0   0   0   0   0   0   0   0   0   0   0   0   0  85   0   0   0   0  14   0  3.34 1.17
   83 I   -6 -8 -9 -9 -5 -8 -8 -9 -8  7  3 -8 -1 -4 -8 -7 -5 -8 -6  2    0   0   0   0   0   0   0   0   0  61  24   0   1   1   0   0   0   0   0  13  1.95 0.77
   84 N   -8 -7  9 -5 -9 -7 -7 -7 -3 -10 -10 -7 -9 -10 -9 -6 -7 -11 -9 -10    0   0  99   0   0   0   0   0   1   0   0   0   0   0   0   0   0   0   0   0  3.67 1.35
   85 F   -7 -8 -9 -9 -7 -8 -9 -9 -7  3  1 -8  1  8 -9 -8 -7 -5 -3  0    0   0   0   0   0   0   0   0   0  17  13   0   3  60   0   0   0   0   0   7  2.13 0.84
   86 F   -4  4 -3 -6 -7 -4 -4 -7  2 -3 -4  2 -3  5 -7 -2  2  4  4 -3    1  18   1   0   0   0   1   0   5   1   1  10   0  26   0   3  12   5  14   2  0.99 0.53
   87 L   -4 -7 -8 -8 -4 -7 -8 -8 -7  3  5 -7  2  3 -5 -6 -5 -4 -2  1    1   0   0   0   0   0   0   0   0  16  59   0   4  10   1   0   0   0   1   7  1.40 0.63
   88 S    1 -1  2  2 -4 -1 -1 -2 -1 -5 -6  3 -5 -5 -3  4  1 -7 -4 -5   11   2   8   9   0   2   3   3   1   0   0  17   0   0   1  32   8   0   0   0  0.63 0.43
   89 N   -1  1  2  3 -5  0  1 -3  1 -4 -4  2 -4 -5  4  0 -1 -2 -2 -5    5   6   8  17   0   4   7   2   3   1   2  12   0   0  19   6   4   1   1   0  0.47 0.32
   90 Q    1  0  1  3 -4  0  3 -1 -1 -4 -4  2 -4 -5 -3  2  0 -6 -3 -3   13   5   5  14   0   4  17   5   1   1   1  11   0   0   1  14   4   0   1   2  0.38 0.29
   91 D    2 -3 -4 -3 -2 -2 -3 -5 -1 -1 -2 -2 -2  5 -5 -1 -1  7  4  0   15   2   1   1   1   2   1   1   1   4   3   2   1  20   0   5   4  14  15   8  0.77 0.42
   92 K   -4 -3 -6 -7 -4 -3 -4 -7 -2  1  4 -1 -1  3 -7 -4 -4  7  3 -2    1   2   0   0   0   2   1   0   1   6  42   4   1   9   0   1   0  15  10   3  1.08 0.53
   93 L    1  1 -1 -3 -2  3  0 -1  3  0  0 -1 -2  1 -4  0  0  0  2 -1   11   8   2   1   1  13   4   5   9   6   8   4   0   6   0   6   5   1   6   3  0.15 0.17
   94 V    1  1  2  3 -5  2  3 -1  0 -4 -5  1 -4 -5 -3  1 -1 -5 -4 -4   10   7   8  15   0   7  21   5   2   1   1   9   0   0   1  10   3   0   0   1  0.46 0.31
   95 V    0 -1 -1 -3 -1  2  1 -2 -1  1  1 -1  0  1 -3 -1  1 -1  0  2    7   4   2   1   1  11   9   3   1  10  11   3   2   6   0   4   7   1   3  15  0.12 0.14
   96 L   -1 -6 -7 -7 -3 -6 -7 -6 -7  4  5 -5  0  0 -6 -5 -3 -6 -3  3    6   0   0   0   0   0   0   0   0  18  48   0   2   3   0   0   1   0   1  20  1.13 0.53
   97 K    0  2  1  0 -3  1  1  0  0 -2 -1  2 -2 -3 -1  0  0 -3 -2 -2    9  13   7   5   0   7   8   6   2   2   6  17   1   1   3   5   4   0   1   2  0.18 0.16
   98 R    0  1  1  1 -2  1  3 -2  0 -1 -3  1 -3 -4 -3  0  1 -4 -3 -2    7   8   6   9   1   7  21   3   2   3   3   9   0   1   1   8   8   0   1   3  0.27 0.22
   99 L    0 -7 -7 -7 -2 -5 -6 -6 -7  7  0 -6  0  0 -6 -5 -2 -5 -3  3    7   0   0   0   1   0   0   0   0  54   8   0   2   4   0   1   2   0   1  19  1.38 0.59
  100 Q   -1  0  0 -3 -2 -1 -2 -4 -1  2  4 -3 -1  0 -4 -2 -2  0  0  1    4   5   5   2   1   2   3   1   2  13  39   1   1   4   0   3   2   1   3   8  0.40 0.26
  101 E    1  1  0  1 -4  1  3 -2  0 -4 -2  3 -2 -3 -3  1  0 -4 -3 -4   11   6   5   9   0   5  20   2   2   1   3  17   1   1   1   9   6   0   1   1  0.33 0.25
  102 T    1  0  1  0 -4  3  2 -1 -1 -3 -1  2  0 -3 -2  0 -1 -4 -3 -3   13   4   6   5   0  15  16   4   1   1   7  13   2   1   2   7   2   0   0   1  0.28 0.23
  103 N   -2 -1  1  1 -6 -2  0  5 -2 -4 -5  3 -5 -4  1 -2 -3 -6 -4 -5    3   3   7   7   0   1   5  40   1   1   1  19   0   1   6   2   1   0   0   0  0.75 0.41
  104 Y    0 -1  1  3 -4  0  3 -1 -1 -3 -2  1 -2  0  0  0 -1 -3 -1 -3    9   3   6  16   0   3  23   4   1   1   3   8   1   4   5   6   2   0   2   1  0.30 0.23
  105 S    0  1  3  3 -3 -1  1  0  1 -2 -3  2 -3 -3 -2  1  0 -5 -2 -3    7   9  14  14   0   2   8   7   4   2   3  12   0   1   1   9   5   0   1   1  0.26 0.20
  106 V   -4 -5 -4 -7 -3 -4 -6 -5 -3 -1 -3 -4 -5  6 -5 -5 -5  2  8 -4    1   1   1   0   1   1   1   1   0   4   3   1   0  33   1   1   1   2  47   1  1.97 0.78
  107 E   -1 -4 -3 -3 -4 -4 -2  7 -5 -4 -4 -3 -4  0 -1 -2 -4 -1 -4 -5    5   1   1   1   0   1   3  69   0   1   2   2   0   4   3   2   1   1   0   1  1.43 0.62
  108 K   -1  4  1  0 -1  1  0 -3  2 -2 -3  3 -2 -1 -3  1 -1 -3 -2 -3    5  21   6   5   2   5   5   1   4   2   2  20   1   3   1  12   3   0   1   2  0.39 0.26
  109 L   -1 -2  2 -2  0  0 -2  0  0  1  0 -1 -1  0 -1  3  0 -2  0 -1    3   2  11   1   2   4   2   7   2   7  10   2   1   5   3  26   4   1   3   4  0.17 0.18
  110 P   -1 -1  3  3 -2  1  1 -1 -1 -3 -4  1 -3 -3  1  0  0 -4 -1 -2    4   3  13  19   1   6  10   5   1   2   1  10   0   1   8   7   6   0   2   2  0.31 0.22
  111 K    0 -1 -2 -1 -2  0  0 -2 -1  2  1  0  1  1 -1  0  0 -1 -1  1   10   3   1   2   1   3   6   2   1  14  13   9   3   6   3   7   5   1   1   8  0.05 0.08
  112 E   -1 -1 -1  0 -4 -2 -1  5 -2 -3 -1  1 -3 -3  0 -1 -2 -4 -3 -3    4   3   3   4   0   2   5  49   1   2   6   8   0   1   4   3   2   0   1   2  0.68 0.35
  113 E    1  1  2  0 -2  1  1 -1  1 -3 -4  4 -3 -4 -2  0 -2 -5 -3 -4   12   7   9   4   1   6   8   5   4   1   1  29   0   0   1   5   2   0   1   1  0.42 0.29
  114 Q   -2 -1  3 -1 -6 -1 -3  5 -2 -5 -5  2 -4 -5  1 -1 -3 -6 -4 -4    2   3  12   3   0   2   1  48   1   0   1  11   0   0   8   4   1   0   1   1  0.92 0.45
  115 E   -2  2 -2 -2 -4  3  3 -3 -1 -1 -2  4 -2 -5 -3 -2 -1 -3 -4 -2    2  10   1   2   0  13  20   2   1   5   5  28   1   0   1   2   4   0   0   2  0.57 0.36
  116 S   -4  4  0 -4 -5 -2 -3 -6  1 -4 -6  6 -5 -4 -1  0  0 -7 -5 -5    1  24   5   0   0   1   1   0   3   1   0  49   0   1   3   7   5   0   0   1  1.23 0.59
  117 I   -1 -6 -5 -7 -4 -6 -7 -7 -7  6  0 -6 -1 -1 -6 -6 -3 -4  0  5    5   0   0   0   0   0   0   0   0  42   6   0   1   2   0   0   1   0   3  40  1.40 0.59
  118 N   -5 -3  5 -3 -3  4 -4 -5 -1  1  3 -4  3 -4 -6 -2 -4 -6 -4 -3    0   1  27   1   1  21   0   0   1   9  27   0   7   0   0   2   0   0   0   1  0.92 0.51
  119 I   -4 -6 -5 -7 -3 -6 -7 -7 -7  5  3 -6 -1 -2 -7 -6 -4 -6 -3  5    0   0   1   0   0   0   0   0   0  27  27   0   1   1   0   0   0   0   1  42  1.36 0.58
  120 E   -7 -6 -6 -2 -9 -4  8 -8 -6 -9 -9 -5 -8 -9 -7 -6 -7 -9 -8 -8    0   0   0   2   0   0  98   0   0   0   0   0   0   0   0   0   0   0   0   0  2.96 1.14
  121 F   -7 -7 -8 -8  0 -7 -8 -8  3 -4 -4 -8 -4  8 -9 -7 -7 -1  6 -5    0   0   0   0   2   0   0   0   7   1   1   0   0  65   0   0   0   1  23   0  2.54 0.91
  122 V   -2 -7 -7 -7 -3 -7 -7 -3 -8  3 -2 -7 -3 -5 -7 -3  0 -7 -6  7    3   0   0   0   1   0   0   2   0  12   2   0   0   0   0   2   6   0   0  71  1.69 0.72
  123 S   -4 -6 -4 -4 -7 -3 -6 -6 -1 -8 -8 -6 -7 -8 -6  8 -4 -9 -7 -7    0   0   0   1   0   1   0   0   2   0   0   0   0   0   0  96   0   0   0   0  2.65 1.12
  124 A    7 -6 -4 -7 -3 -6 -6 -5 -7 -4 -4 -6 -6 -7 -1 -1 -3 -8 -7  0   82   0   1   0   1   0   0   0   0   1   1   0   0   0   3   4   1   0   0   6  1.84 0.83
  125 N   -7 -6  9 -2 -9 -6 -3 -6 -5 -7 -9 -6 -8 -9 -8 -5 -6 -10 -8 -9    0   0  95   2   0   0   1   0   0   0   0   0   0   0   0   0   0   0   0   0  3.28 1.22
  126 P   -6 -8 -8 -8 -9 -7 -7 -8 -8 -5 -9 -7 -9 -10  9 -7 -2 -10 -9 -8    0   0   0   0   0   0   0   0   0   1   0   0   0   0  96   0   2   0   0   0  3.49 1.29
  127 T   -3 -7  0 -3 -6 -6 -6 -7  0 -6 -6 -6 -6 -8 -7 -4  8 -8 -7 -2    2   0   5   1   0   0   0   0   2   0   0   0   0   0   0   0  87   0   0   3  2.48 1.07
  128 G   -4 -7 -6 -7 -8 -7 -6  8 -7 -9 -9 -2 -8 -9 -8 -5 -4 -8 -9 -9    1   0   0   0   0   0   0  94   0   0   0   3   0   0   0   0   1   0   0   0  2.69 1.02
  129 F   -5 -4 -5 -3 -8 -5 -2 -8 -6 -7 -3 -5 -5 -3  9 -5 -6 -9 -1 -8    1   1   0   2   0   0   3   0   0   0   3   0   0   1  84   1   0   0   3   0  2.69 1.08
  130 L   -5 -7 -8 -8 -5 -7 -8 -8 -8  1  6 -7  4 -1 -4 -7 -6 -6 -6  0    0   0   0   0   0   0   0   0   0   5  78   0   8   2   1   0   0   0   0   5  1.81 0.77
  131 H   -6 -4  1 -7 -8 -4 -5 -6 10 -8 -6 -6 -7 -7 -6 -2  2 -8 -4 -2    0   1   6   0   0   0   0   0  71   0   1   0   0   0   0   3  14   0   0   3  2.81 1.09
  132 L   -1 -7 -7 -8 -3 -7 -7 -7 -7  5  2 -7  0 -1 -6 -6 -4 -7 -4  5    5   0   0   0   0   0   0   0   0  33  16   0   2   2   0   0   0   0   0  41  1.36 0.61
  133 G    1 -7 -6 -7 -7 -7 -7  7 -4 -7 -7 -4 -7 -8 -5 -4 -5 -8 -8  1   11   0   0   0   0   0   0  76   0   0   0   1   0   0   1   1   0   0   0   9  1.97 0.85
  134 H   -4 -1  4 -6 -8 -3 -6 -4 10 -9 -8 -6 -7 -7 -8  0 -4 -8 -3 -8    1   3  19   0   0   1   0   2  63   0   0   0   0   0   0   8   1   0   0   0  2.63 1.04
  135 V    4 -6 -5 -6  0 -6 -6  5 -6 -1 -2 -6 -4 -5 -6 -3 -1 -7 -7 -2   35   0   0   0   2   0   0  47   0   3   5   0   0   1   0   1   3   0   0   3  1.29 0.65
  136 R   -7  9 -7 -8 -10 -5 -6 -9 -6 -7 -7 -3 -8 -9 -8 -6 -7 -1 -8 -9    0  97   0   0   0   0   0   0   0   0   0   0   0   0   0   0   0   1   0   0  3.30 1.29
  137 N    1 -6  4 -5  0  1 -5  5  0 -5 -6 -5 -6 -6 -5 -1 -4  4 -4 -6   10   0  18   0   2   8   0  48   2   1   1   0   0   0   0   3   1   6   0   0  1.22 0.63
  138 A    6 -6 -6 -7 -3 -6 -6  3 -7 -3 -4 -6 -3 -7 -2 -2 -3 -7 -7 -3   70   0   0   0   0   0   0  18   0   2   2   0   1   0   3   2   1   0   0   2  1.59 0.79
  139 Y    4 -6 -6 -7 -2 -6 -6 -6 -6  2 -4 -6 -3  3 -1 -1 -2 -6 -2  4   36   0   0   0   1   0   0   0   0  12   0   0   0  10   4   4   2   0   1  30  0.97 0.56
  140 T   -4 -6 -6 -7 -4 -5 -7 -6 -4  4  3 -6 -1  3 -7 -4 -2 -1  4  3    1   0   0   0   0   0   0   0   0  25  22   0   1  12   0   1   2   1  12  21  0.97 0.49
  141 G   -4 -8 -6 -7 -8 -8 -8  8 -8 -10 -10 -7 -9 -6 -8 -4 -5 -9 -9 -7    1   0   0   0   0   0   0  97   0   0   0   0   0   0   0   1   1   0   0   0  2.93 1.16
  142 D   -3 -7 -1  8 -5 -4 -1 -6 -3 -7 -6 -4 -4 -6 -7  1 -6 -9 -8 -8    3   0   3  76   0   0   4   0   1   0   1   1   1   0   0  10   0   0   0   0  2.21 0.97
  143 V    3 -6 -4 -6  3 -5 -5 -4 -6  0 -4 -5 -3 -5 -6  3  4 -7 -6  3   24   0   0   0   6   0   0   1   0   4   0   0   0   0   0  20  23   0   0  20  0.92 0.57
  144 L   -6 -7 -7 -9 -4 -6 -8 -9 -8  3  6 -7  1 -3 -8 -6 -3 -7 -6  0    0   0   0   0   0   0   0   0   0  15  72   0   3   1   0   0   2   0   0   5  1.72 0.78
  145 S    6 -4 -5 -6  3 -5 -3  0 -5 -3 -6 -4 -6 -5 -6  2 -2 -7 -3  1   59   1   0   0   5   0   1   6   0   1   0   1   0   0   0  14   2   0   1   9  1.20 0.68
  146 N   -3  6  6 -4 -6 -4 -3 -5 -3 -8 -7  0 -5 -7 -7  0 -4 -8 -7 -8    3  40  40   0   0   0   1   1   0   0   0   5   0   0   0   8   0   0   0   0  1.71 0.84
  147 I   -4 -7 -8 -8 -2 -7 -8 -8 -8  6  4 -7  0 -3 -7 -7 -4 -7 -6  4    1   0   0   0   1   0   0   0   0  36  36   0   1   1   0   0   1   0   0  23  1.46 0.68
  148 L   -4 -7 -8 -9 -5 -6 -8 -6 -5 -3  6 -6  3  3 -8 -7 -6 -3  1 -5    1   0   0   0   0   0   0   1   0   0  74   0   7  10   0   0   0   0   5   0  1.80 0.83
  149 R    0  3 -1 -1 -4  1  4 -4 -3 -4 -5  3 -4 -6 -5  0 -1 -7 -6 -4    9  16   3   4   0   5  27   1   0   1   1  20   0   0   0   8   3   0   0   1  0.71 0.48
  150 A    4 -1 -3 -5 -3 -3 -3 -5  1 -3 -3  2 -1  5 -6 -1 -2  4  2 -3   30   4   1   0   0   1   2   0   3   1   2  14   2  21   0   4   3   5   6   1  0.70 0.46
  151 V    4 -3  0 -4  4  0 -4 -3 -2 -1  0 -4 -1 -1 -5  1  1 -5 -1  2   31   1   4   0   8   5   0   1   1   3   8   0   1   2   0   9  10   0   3  12  0.44 0.35
  152 G   -6 -8 -1 -5 -9 -6 -7  8 -5 -10 -10 -4 -9 -9 -8 -5 -8 -9 -6 -9    0   0   3   1   0   0   0  94   0   0   0   1   0   0   0   1   0   0   0   0  2.81 1.16
  153 H    0 -5  0 -4 -2 -4 -5 -7  6 -5 -5 -5 -4  4 -8 -3 -6  3  8 -5    7   1   5   1   1   1   0   0  16   1   1   0   0  12   0   2   0   4  47   1  1.81 0.86
  154 N   -2  1  2  4 -6  2  3 -4 -2 -4 -5  3 -4 -4 -4  0 -1 -7 -4 -5    3   8  10  23   0   8  15   1   1   1   1  16   0   1   1   7   4   0   1   1  0.63 0.42
  155 V   -1 -8 -9 -9 -3 -8 -8 -9 -9  0 -3 -8 -4 -4 -5 -6 -2 -9 -7  8    6   0   0   0   1   0   0   0   0   4   1   0   0   1   1   0   2   0   0  84  2.28 1.01
  156 T   -2 -3 -3  0  0  1  3 -5  2  0 -3 -1 -3 -1 -5  0  4  0 -1  0    2   1   1   4   2   6  20   0   4   5   2   3   0   3   0   6  30   1   3   6  0.53 0.41
  157 K   -3  7 -3 -6  0 -1 -3 -4 -6 -7 -5  3 -6 -6 -6  0  1 -8 -7 -2    2  52   1   0   2   2   2   1   0   0   1  16   0   0   0   7   9   0   0   3  1.39 0.74
  158 E   -4 -5 -6 -4 -1  1  8 -6  0 -9 -9 -5 -8 -9 -7 -3 -5 -3 -6 -9    2   0   0   1   1   5  85   1   2   0   0   0   0   0   0   2   1   1   0   0  2.49 1.17
  159 Y   -8 -8 -1 -7 -4 -8 -9 -9 -1 -7 -7 -8 -4  6 -9 -8 -6 -1  9 -8    0   0   4   0   0   0   0   0   2   0   0   0   0  25   0   0   0   1  67   0  2.97 1.23
  160 W   -9 -9 -9 -10 -5 -8 -9 -10 -5 -4 -3 -9 -8  1 -10 -9 -8 -1 10 -5    0   0   0   0   0   0   0   0   0   1   3   0   0   4   0   0   0   1  89   1  3.58 1.44
  161 I   -5 -7 -5 -5 -3 -2 -5 -8 -3  5  0 -7 -3  1 -7 -5 -2 -1  0  5    0   0   0   1   1   2   1   0   1  33   9   0   0   5   0   1   2   1   3  40  1.27 0.63
  162 N   -8 -7  9 -1 -9 -7 -5 -1 -6 -10 -10 -7 -9 -10 -9 -4 -7 -10 -9 -10    0   0  91   3   0   0   1   4   0   0   0   0   0   0   0   1   0   0   0   0  3.18 1.34
  163 D   -8 -8  1  9 -10 -7 -2 -8 -8 -10 -10 -7 -10 -10 -8 -5 -8 -11 -10 -10    0   0   6  90   0   0   2   0   0   0   0   0   0   0   0   1   0   0   0   0  3.08 1.35
  164 L    5  0 -5 -4 -3 -3 -3 -1  0 -2 -2 -5  2 -1 -6 -1  0 -2  1  0   50   4   0   1   0   1   2   4   2   2   3   0   6   2   0   4   5   1   6   6  0.76 0.53
  165 G   -5 -4 -3 -4 -8 -5 -6  8 -8 -9 -7 -3 -8 -9 -8 -4 -6 -8 -9 -7    0   1   1   1   0   0   0  91   0   0   1   2   0   0   0   1   0   0   0   0  2.60 1.15
  166 N   -1  3  5 -4 -6 -1 -1 -1 -1 -4 -2  1 -3 -6 -3  0  1 -6 -4  0    6  17  28   0   0   2   3   6   1   1   4  10   0   0   1   8   8   0   0   6  0.57 0.42
  167 Q   -6 -3 -7 -7 -9  9 -5 -8  0 -9 -9 -3 -7 -9 -8 -5 -7 -8 -8 -9    1   1   0   0   0  92   0   0   2   0   0   1   0   0   0   1   0   0   0   0  3.34 1.55
  168 V   -2 -7 -7 -8 -6 -7 -7 -8 -7  7 -2 -7  6 -3 -7 -5 -3 -7 -4  4    4   0   0   0   0   0   0   0   0  50   2   0  18   1   0   1   2   0   1  21  1.77 0.85
  169 S    1  3  2  4 -3  0  2 -3 -1 -3 -3  1 -2 -3 -5 -2 -2 -3 -2 -3   10  13  10  22   1   4  15   1   1   1   3   8   1   1   0   2   3   0   1   2  0.48 0.35
  170 L   -1  0  2 -3 -4 -1 -1 -4 -1  3  2  2  2 -3 -4 -2  1 -5 -4  0    5   5  10   1   0   2   4   0   2  17  18  11   4   1   0   2   9   0   0   7  0.29 0.26
  171 F   -5 -6 -7 -7 -6 -6 -7 -7 -7 -2  6 -7 -1  5 -7 -5 -6 -6 -3 -3    1   0   0   0   0   0   0   0   0   1  73   0   1  18   0   1   0   0   1   1  1.85 0.88
  172 A    4 -3 -3 -5 -1 -5 -4  5 -5 -2 -3 -3 -4 -4 -5 -2  0 -1 -3 -1   28   1   1   0   1   0   1  41   0   3   3   2   0   1   0   3   6   1   1   5  0.89 0.55
  173 L    0  2  0 -1 -3  1  3 -3  1 -1  0  2 -2 -3 -4 -2 -1  1 -2 -1    8  11   4   4   0   5  20   2   4   3  11  13   1   1   0   2   3   2   1   5  0.26 0.24
  174 S   -2 -6 -3 -6 -1 -5 -5 -2 -6 -7 -7 -5 -2 -7 -6  7  1 -7 -6 -5    3   0   1   0   2   0   0   4   0   0   1   0   1   0   0  77   9   0   0   1  1.96 1.06
  175 T   -2 -6 -6 -6 -1 -6 -5 -5 -6  3  3 -6 -2 -2 -6 -4 -1 -6 -3  5    4   0   0   0   1   0   1   1   0  17  24   0   1   1   0   1   4   0   1  42  1.11 0.61
  176 I   -1  1 -2 -2 -3  0  0 -3  0  1  1  0 -1  1 -4 -2 -3  6  4 -1    6   8   2   2   0   4   7   2   2   8  15   7   2   5   0   2   1  10  14   3  0.36 0.27
  177 I    3 -2 -1 -4  0 -2 -2 -3  0  0  1 -2 -1  0 -4 -1 -2  1  2  1   30   2   3   0   2   2   3   1   2   6  16   2   1   3   0   5   2   2   6  10  0.31 0.28
  178 R   -1  7 -3 -5 -3 -2 -3 -5  2 -1 -3  0 -2 -2 -5 -3 -4  3  1 -4    6  54   1   1   1   1   2   1   5   3   2   5   1   2   1   2   1   4   5   2  1.27 0.67
  179 Y    0 -3 -4 -2  0 -3 -2 -1 -1  0 -1 -2 -1  0 -5 -2 -4  2  8 -2   10   2   1   2   2   2   3   6   1   6   5   3   2   3   1   3   1   3  42   3  0.99 0.55
  180 L   -1  3 -1 -2  0  1 -2 -3  0 -1  3  2  1  0 -2 -2 -3 -2  0 -2    5  15   3   2   2   6   2   2   3   4  28  11   3   3   2   2   1   1   3   2  0.28 0.24
  181 Q   -2 -1  0 -1 -5  5  4 -1 -2 -3 -3  1 -3 -4 -3 -2 -2 -3 -4 -3    3   3   5   3   0  24  28   6   1   2   4   9   1   1   1   3   2   1   0   2  0.71 0.47
  182 E    1  0  0 -3 -2  0  1 -2  0  1  2  0 -1 -2 -2 -1  0 -3 -2 -1   15   5   5   1   1   4   9   2   3   7  25   7   1   1   2   3   5   0   1   3  0.17 0.18
  183 L   -1 -2  0 -3  2  1 -1 -3  0  1  3 -1 -1  3 -3 -2 -2  0 -2 -1    5   2   5   1   5   6   4   2   2   8  32   4   1  11   1   3   2   1   1   3  0.33 0.25
  184 G   -1 -3  1  0 -4 -3 -2  6 -2 -4 -4  0 -4 -1 -2 -2 -2 -2 -3 -3    4   1   7   5   0   1   3  52   1   1   2   6   1   3   3   3   2   1   1   2  0.93 0.53
  185 I   -1  0  0  1 -1  0  0  0  0  1  0  1 -1 -1  0  0 -1 -2 -1  0    4   6   3   8   1   4   7   9   2  10  12   8   1   2   5   6   3   0   1   5  0.03 0.05
  186 N   -2  0  1  2 -1  1  4 -1  0 -2 -3  2 -2 -3 -1  0 -1 -4 -2 -2    3   4   7  11   1   5  25   5   2   3   2  13   1   1   4   6   4   0   1   2  0.35 0.28
  187 K    0  0  1  2 -2  0  1  0 -1 -1 -2  2 -2 -2  1  0 -1 -2 -2 -2    8   4   6  12   1   4  11   7   1   4   4  14   1   2   7   6   4   0   1   3  0.15 0.14
  188 Y    1 -1 -1 -1 -1 -1  0 -1 -1  1  0 -1 -1  0  0  0  0 -1  1  2   12   3   2   4   1   2   6   5   2  11   7   4   1   4   5   5   6   1   4  16  0.04 0.08
  189 E    0 -2  0  1 -5  1  4 -3 -2 -3 -4  1 -4 -3  4 -1 -1 -5 -2 -3    6   2   5   9   0   5  29   2   1   2   1   7   0   1  17   5   4   0   1   2  0.55 0.40
  190 L   -2 -2 -3 -2 -2 -3 -2 -4 -2  3  1  0  2  5  0 -3 -2  2  2  0    3   1   1   2   1   1   3   1   1  15  14   6   6  23   5   2   2   2   6   5  0.41 0.29
  191 P   -1 -3 -3 -1 -3 -4 -1 -1 -3 -3 -4 -1 -5 -4  8 -2 -3 -6 -4 -4    4   1   1   4   1   1   4   5   1   2   2   3   0   1  62   3   2   0   1   1  1.59 0.80
  192 D   -1 -2 -2  2 -4  0  6 -2 -2 -3 -5  1 -5 -3 -1 -2 -3 -5 -3 -3    5   2   2  12   0   3  49   3   1   1   1   7   0   1   3   3   1   0   1   2  0.91 0.56
  193 D   -2 -1  2  5 -5 -2  2  2  1 -1 -4  0 -4 -5 -3 -2 -2 -3 -3 -4    3   3  10  35   0   1  12  13   3   4   1   5   0   0   1   3   2   1   1   1  0.68 0.42
  194 S    1 -4 -2  0  2 -3  0  4  0 -3 -1 -2 -1  0 -4 -1 -2 -1  1 -2   13   1   1   5   4   1   5  37   3   1   6   2   2   5   1   4   2   1   6   2  0.46 0.32
  195 Y   -6 -6 -6 -7 -2 -6 -6 -7 -4 -3 -5 -3 -2 -1 -4 -3 -4  0 10 -4    1   0   0   0   1   0   0   1   0   2   1   2   1   1   1   2   1   1  82   1  2.87 1.23
  196 H   -2  2 -1 -3 -3  4 -2 -2  5 -5 -3  3 -2 -3  3 -2 -2 -3 -4 -4    3  12   3   1   1  19   2   3  15   0   3  15   1   1  13   2   2   0   0   1  0.67 0.46
  197 G   -2 -3 -1 -2 -6 -5 -2  7 -2 -6 -5 -3 -6 -6 -6 -2 -4 -6 -6 -6    3   1   3   2   0   0   3  76   1   0   2   2   0   0   0   3   1   0   0   0  1.82 0.85
  198 K    1 -3 -1  4 -6  0  5 -2 -1 -4 -4  0 -3 -6 -1  0 -2 -6 -3 -2   10   1   2  22   0   4  33   3   1   1   1   6   1   0   3   7   2   0   1   3  0.70 0.49
  199 E   -4 -4 -4  1 -7 -4 -1 -7 -2 -4 -4 -4 -2 -1 -4 -3 -4 -4  9 -5    2   1   1   9   0   1   5   0   1   1   2   1   1   1   1   3   1   0  68   1  2.21 1.09
  200 P   -4 -6 -7 -3 -6 -2 -6 -7 -2  6  3 -4  1 -5 -3 -4 -4 -6 -1  4    1   0   0   2   0   2   0   0   1  39  22   1   3   0   2   1   1   0   2  22  1.15 0.61
  201 I   -1  1 -1  0 -4  0  0 -3  1  2 -1  3  0 -2 -2 -1  0 -1 -1  0    5   6   3   5   0   4   7   2   3  16   5  18   2   1   2   4   7   1   2   7  0.17 0.19
  202 F   -1 -2 -1  5 -7 -1  5 -3 -1 -4 -4 -2 -1 -3 -1 -2 -2  0  0 -4    5   3   3  30   0   2  32   2   2   1   2   2   2   1   4   2   3   1   3   1  0.86 0.59
  203 V   -3 -3 -4 -4  0 -5 -2 -4 -1  5  3 -2  1  0 -6 -3 -2  2  1  2    2   2   1   1   2   0   3   1   2  32  23   2   3   4   0   2   2   2   4  12  0.69 0.43
  204 A    6 -4 -3 -2 -1 -3 -6  0 -2 -3 -2 -2 -1 -7 -6 -1 -3 -7 -3 -2   64   1   1   2   1   1   0   6   1   2   4   2   1   0   0   4   2   0   1   3  1.28 0.75
  205 E    1  2 -1  0 -2  3  2 -2 -1 -3 -3  4 -2 -3 -3 -2 -2 -6 -3 -3   10  12   3   6   1  13  14   3   1   1   3  22   1   1   1   3   3   0   1   2  0.46 0.36
  206 E    0  1  0  1 -2  1  3 -2 -1 -2 -2  2 -1 -3 -3  0  0  0 -1 -2   10   8   4   7   1   6  20   3   1   2   4  14   1   1   1   6   5   1   2   2  0.27 0.25
  207 M   -1 -2 -5 -2  1 -1 -2 -5  0  4  3 -2  2  2 -5 -4 -4  2  1  1    5   2   0   2   3   2   2   0   3  25  24   3   4   8   0   0   0   2   5   8  0.49 0.34
  208 I    0  1 -1 -1  0  0 -1 -2  0  1  1  1  0  0 -1 -1 -1  1  1  2    8   8   3   3   2   3   2   2   2  10  11   9   3   4   3   3   2   2   5  15  0.05 0.09
  209 K    0  2  0  2  0  1  2 -1  1 -2 -3  2 -1 -4 -1  0 -1 -4 -1 -2    9  10   4  12   2   7  15   3   3   3   3  12   2   0   2   6   3   0   2   2  0.22 0.20
  210 D   -1  1  0  1 -4  2  4 -3 -2 -1 -3  3 -3 -3 -4 -1 -1 -4 -4 -3    5   8   4   8   0   7  27   2   1   3   3  16   1   1   1   5   3   0   1   2  0.47 0.31
  211 F   -2 -1  0  1 -2 -1  1 -2  4  0  0  0 -2  2 -1 -2 -2  0  4 -1    3   3   5   8   1   2   8   3  12   6   8   5   1   9   3   2   2   1  13   4  0.25 0.17
  212 G    0 -2  0 -1 -2  0 -2  5 -2 -3 -3  1 -1 -4  0 -1 -2 -4 -3 -3    7   2   4   4   1   4   3  43   1   2   3  10   1   1   5   4   2   0   1   2  0.63 0.33
  213 N   -1  0  2  5 -4 -1  2 -2 -1 -2 -2  1 -2 -3 -1 -1 -1 -4 -3 -3    4   5  10  30   0   3  12   4   2   2   4   8   1   1   3   5   3   0   1   2  0.48 0.27
  214 K    0  2 -1  0 -3  0  1 -1 -1 -1 -2  4 -2 -2 -2  0  0 -3 -2 -2    9  11   2   4   1   4   8   4   1   3   5  25   1   2   2   8   5   0   2   3  0.28 0.19
  215 Y   -1 -2 -2 -2 -2 -2 -2 -3  0  1  2 -2 -1  3 -2 -3 -2  5  4 -1    5   3   2   2   1   2   3   2   2   7  21   3   1  13   2   2   2   8  15   4  0.46 0.24
  216 Q    0  0 -1 -1 -1  0  1 -1 -1  0  2  1 -1 -2  0 -1 -1 -1 -2  0    8   6   3   4   2   3   9   4   1   5  23   9   1   1   4   5   3   1   1   7  0.07 0.08
  217 D   -1 -1  3  4 -3  0  1  0 -1 -2 -2  0 -2 -2 -1  0  0  0 -2 -2    5   4  13  20   1   5  10   6   1   2   4   6   1   2   3   8   5   1   1   3  0.28 0.17
  218 I    0 -1 -1 -1 -1  0  0 -1 -1  0  1  0  2  0  0  0  0  0 -1  1   10   3   2   4   1   5   5   4   1   6  18   6   6   3   4   5   5   1   2   9  0.04 0.05
  219 K    0 -1  0  2 -2  0  1 -1 -2 -1 -1  2 -2 -2  3  1  0  0 -2 -2    6   3   4  11   1   3   8   4   1   4   6  11   1   1  15   9   5   1   2   3  0.21 0.14
  220 I    0 -1  0  0 -1  0  1 -1 -1  0  0  0  0 -1  1  0  0 -1  0  0    8   3   4   5   1   4  12   5   1   8  11   6   2   3   6   7   5   1   3   5  0.04 0.03
  221 E    0 -1  0  2 -2  0  4 -1  0 -2 -2  1 -1 -2 -1  0 -1 -2 -1 -2    8   2   4  12   1   3  25   5   2   3   5   8   2   2   3   7   3   0   2   3  0.24 0.15
  222 D    0 -1  1  3 -2  0  2 -1  0  0 -1  0 -1 -1 -1 -1 -1 -1 -2 -1    7   3   8  15   1   3  17   5   2   6   6   5   1   3   3   4   3   1   1   5  0.15 0.10
  223 N    0  1  1  1 -1  0  1  0  0 -1 -1  1  0 -1  1  0  0 -1  0 -1    8  10   7   7   1   4   8   7   2   4   6   7   2   3   6   6   5   1   3   4  0.05 0.03
  224 K    0  1  0  0 -2  1  1  0  0  0 -1  1 -1 -1  0  0  0 -1 -1 -1    9   7   4   6   1   5  10   7   2   5   7  11   2   3   5   5   4   1   2   4  0.06 0.04
  225 I    0  0  0  0 -1  0  0  0  0  0  0  0  1 -1  0  0  0  0  0  0   10   6   4   4   1   4   7   5   2   6  14   7   4   3   4   5   5   1   3   5  0.02 0.01
  226 V    0 -1  0  0 -1  0  0  0 -1  0  0  0  0  0  1  0  0 -1  0  0    9   3   3   6   2   3   7   6   1   9  12   4   2   3   6   7   6   1   3   7  0.02 0.01
  227 D   -1  0  0  2 -2  0  2  0 -1 -1 -1  1 -1  0  0  0 -1 -1  0 -1    6   5   4  14   1   3  15   7   1   4   7   8   1   4   4   6   3   1   3   3  0.11 0.08
  228 S    1  0  1  1 -1  0  2  0 -1 -1 -1  1 -1 -2  0  1  0 -1 -2 -1   11   4   6   8   1   3  14   7   1   3   5   7   1   2   5  10   4   1   1   4  0.10 0.08
  229 K    0 -1 -1  1 -2  1  4 -1 -1 -1 -2  2 -2 -2  0  0 -1 -2 -2 -1    6   3   3   8   1   4  25   5   1   3   5  13   1   1   5   5   4   1   2   4  0.26 0.17
  230 I    1  0  0  1 -1  0  0 -1 -1  1  0 -1 -1 -1 -1  0  0  3 -1  0   13   4   3  11   1   3   6   5   1   9  10   4   1   2   3   5   5   5   2   7  0.05 0.06
  231 A    0 -1  0 -1 -1 -1  0  0 -1  1  1  0  0  1  0 -1  0  2  1  0    7   4   4   3   1   2   5   6   1  11  17   5   1   5   4   4   4   3   5   7  0.02 0.04
  232 N    0  0  1  2 -2  1  3 -1 -1 -3 -2  1 -1 -2  0  0 -1 -3 -2 -2    9   6   8  10   1   5  21   4   2   2   3   8   1   2   5   5   4   0   1   3  0.23 0.18
  233 E    0  1 -1  0 -3  0  2 -2  0  0  0  1 -2  2 -1 -1 -1  0  1 -1    7   7   3   5   0   3  16   2   2   7   8  10   1  11   3   2   4   1   4   4  0.12 0.13
  234 L   -1 -5 -4 -6  1 -4 -6 -5 -5  3  3 -4  0  6 -5 -4 -3 -2 -2  1    6   0   1   0   3   1   0   1   0  14  25   1   2  31   1   1   1   1   1  10  0.92 0.47
  235 T    1  4 -3 -3 -2 -1 -2  2 -1 -2 -3  3 -1 -2 -4  0  0  1 -3 -2   11  21   1   1   1   2   1  14   1   3   3  19   1   2   1   8   5   2   1   3  0.39 0.30
  236 Q    0  2  1  2 -5  2  3 -2 -1 -4 -3  2 -3 -4 -2  1 -1 -4 -3 -3    7  11   6  13   0   9  20   3   1   1   3  11   0   0   2   8   3   0   1   1  0.39 0.30
  237 Y   -1  0 -3 -2 -4 -2  0 -5 -1  0  0  0  0  5 -4 -3 -2  4  4 -1    4   5   1   3   0   2   8   1   1   6   8   5   2  24   1   2   3   5  14   5  0.50 0.33
  238 C    5 -6 -4 -5  0 -5 -5  3 -6  0 -3 -5 -3 -3 -2  1 -1 -6 -5  0   45   0   0   0   2   0   0  19   0   6   2   0   0   1   2   9   4   0   0   6  0.85 0.54
  239 T   -1 -2 -4 -5  0 -1 -1 -3 -4  2  2  0  1 -2 -4 -2 -1 -2  1  4    6   2   0   0   2   2   5   2   0  11  21   6   3   1   0   3   3   0   4  28  0.39 0.29
  240 N    1  0  1  3 -6  0  4 -2 -1 -5 -5  3 -3 -5 -2  0 -1 -6 -5 -4   12   4   7  15   0   4  24   3   1   0   1  15   1   0   2   6   3   0   0   1  0.53 0.39
  241 K    0  2 -1 -2 -3 -1  1 -3  1  1  0  2  0 -1 -3 -1 -1  2  3 -1    7  12   3   2   0   2  12   1   3   8   8  12   2   3   1   5   4   3  10   4  0.17 0.18
  242 M   -2 -6  0 -5  1 -1 -3 -6 -4  5  1 -4  7  0 -6 -2 -3 -6 -3  1    3   0   5   0   3   3   2   0   0  29  12   1  24   4   0   3   1   0   1   8  0.95 0.52
  243 L   -4 -1 -5 -5 -5 -1 -4 -6 -2  2  5 -3  4  2 -6 -5 -1 -5 -2  1    1   4   1   0   0   2   1   0   1  11  47   1  11   7   0   0   3   0   1   8  0.90 0.49
  244 H    2 -1  1  2 -4  1  4 -1 -1 -4 -4  2 -4 -4 -3  0 -2 -6 -4 -3   16   3   7  11   0   5  23   4   2   1   2  14   0   1   1   7   2   0   0   1  0.45 0.35
  245 F   -1  0 -1  2 -3  1  2  1 -1  0  0  0  1 -1 -3 -1 -2  3  0 -2    4   5   3  12   0   5  14  11   1   5  10   5   5   2   0   5   2   4   3   2  0.14 0.17
  246 I   -4 -7 -3 -7 -4  3 -7 -8 -1  8 -2 -7  1 -1 -8 -6 -4 -7 -4 -2    1   0   1   0   0  15   0   0   2  69   2   0   3   3   0   1   1   0   1   1  1.93 0.90
  247 K   -4  4 -2 -1 -4  2  1 -5 -2 -4 -3  6 -1 -5 -6 -3 -4 -5 -6 -5    1  19   2   3   0   7   7   1   1   1   3  50   1   1   0   2   1   0   0   1  1.24 0.68
  248 Q    1  1  1  1 -4  1  3 -2 -1 -4 -4  3 -3 -6 -1 -1 -1 -6 -4 -4   10   8   7   8   0   6  21   3   1   1   1  20   0   0   3   5   3   0   0   1  0.46 0.35
  249 D   -3 -5 -2  6 -6 -3 -1 -4 -2 -3 -4 -5 -2 -4 -5  1  4 -8 -6 -1    2   0   2  46   0   1   3   1   1   2   1   0   1   1   0  10  21   0   0   5  1.15 0.65
  250 L   -4 -7 -8 -8  0 -6 -8 -8 -7 -1  6 -7  2 -3 -8 -6 -3 -7 -1 -2    1   0   0   0   2   0   0   0   0   3  81   0   4   1   0   0   2   0   2   3  1.85 0.85
  251 E    2  0  0  0 -4  0  3 -2  0 -4 -3  3 -4 -5 -4  1 -2 -4 -5 -4   17   5   4   6   0   3  22   3   2   1   3  20   0   0   0   8   2   0   0   1  0.48 0.37
  252 S    1  4  1  2 -4  0  1 -3 -3 -3  0  2 -2 -4 -4  0 -2 -5 -4 -2   10  22   7  13   0   4   7   2   0   1   9  12   1   0   0   6   2   0   0   2  0.36 0.29
  253 I   -2 -7 -6 -8 -2 -7 -6 -7 -6  1  4 -7  3  6 -7 -6 -5 -5  2 -2    3   0   0   0   1   0   0   0   0   8  35   0   7  35   0   0   0   0   6   2  1.38 0.66
  254 G   -4  3  3  0 -7 -2 -4  6  0 -8 -7 -1 -5 -8 -5 -3 -6 -7 -3 -8    1  13  14   4   0   1   1  55   3   0   0   4   0   0   0   2   0   0   1   0  1.37 0.70
  255 V   -3 -8 -5 -8 -2 -8 -8 -8 -8  6 -2 -8 -3 -6 -8 -5 -1 -8 -7  6    3   0   1   0   1   0   0   0   0  41   2   0   0   0   0   1   3   0   0  48  1.84 0.83
  256 K   -2  2  2  0 -2  0  2 -3  5 -2 -4  3 -4 -2 -3  0  0 -2 -1 -2    2  12   8   5   1   3  15   1  13   2   1  15   0   2   1   5   7   0   2   4  0.41 0.32
  257 M   -8 -8 -8 -9 -8 -4 -8 -9  6 -1 -5 -8  1  8 -6 -6 -7 -5  4 -4    0   0   0   0   0   1   0   0  16   4   0   0   3  63   0   1   0   0  11   1  2.46 1.04
  258 D   -6 -5  0  8 -10 -2 -1 -5 -2 -9 -10 -5 -9 -10 -8 -5 -4 -10 -9 -9    0   1   3  87   0   2   3   1   1   0   0   1   0   0   0   0   1   0   0   0  2.78 1.20
  259 V   -3  2  3 -3 -2  0  0 -3  1  0 -2  0 -3 -4 -5  1  1 -6 -2  3    1  13  14   0   1   4   6   1   3   4   3   4   0   0   0  12   7   0   2  23  0.37 0.33
  260 W   -9 -9 -8 -10 -9 -6 -8 -9 -5 -3 -5 -7 -4  6 -10 -9 -7 11  4 -3    0   0   0   0   0   0   0   0   0   1   1   0   0  27   0   0   0  53  13   2  3.20 1.30
  261 T   -3 -4 -7 -6 -3 -2 -5 -7 -5  1 -4 -4 -3  7 -7 -2  1 -5  4  2    2   1   0   0   1   2   1   0   0   7   1   1   0  47   0   4  10   0  11  13  1.38 0.70
  262 S   -4  0  2 -4 -4 -4 -4 -5  2 -7 -2 -2 -5  1 -1  6 -3  3  1 -7    1   6   8   1   0   0   1   0   5   0   5   3   0   5   3  53   1   4   5   0  1.08 0.70
  263 E   -7 -7 -5 -4 -10  1  8 -5 -7 -6 -10 -6 -9 -10 -8 -7 -7 -10 -9 -9    0   0   1   0   0   5  93   1   0   0   0   0   0   0   0   0   0   0   0   0  2.92 1.34
  264 K   -1  3 -1 -2 -5  1  0 -3 -1 -5 -5  3 -4 -4 -5  4  0 -7 -3 -6    4  15   3   3   0   6   5   1   1   1   1  19   0   1   0  33   6   0   1   0  0.76 0.54
  265 V   -1 -1 -3  2 -5  0  3 -3 -3 -4 -4  1 -4 -3 -5  4  2  0 -4 -4    5   3   1   9   0   3  19   1   0   1   1   7   0   1   0  34  10   1   1   1  0.69 0.51
  266 V   -5 -6 -8 -6 -7 -6 -4 -9 -8  2  6 -6  2  3 -8 -7 -5 -6 -2 -1    1   0   0   1   0   0   1   0   0  11  66   0   4  10   0   0   0   0   1   3  1.54 0.76
  267 Y   -3  1 -4 -3 -5 -2 -2 -5  7  1 -2 -3 -1  1 -6 -3 -3  0  6  1    2   8   0   1   0   2   3   1  22   8   4   2   2   5   0   2   2   1  26   9  0.94 0.54
  268 Q    0  2  0  3 -5  1  4 -3 -2 -4 -5  2 -4 -5 -2  0 -1 -6 -2 -4    7   9   4  15   0   6  25   1   1   1   1  13   0   0   2   5   5   0   1   1  0.53 0.39
  269 S   -1  1  3  2 -3  0  1 -1 -2 -5 -4  2 -4 -6 -3  3  0 -3 -5 -5    5   6  12  11   0   4   9   4   1   0   1  12   0   0   1  25   6   1   0   0  0.49 0.39
  270 N   -3 -2  2  1 -7 -1 -2  6 -2 -5 -6  1 -6 -4 -4 -2 -4  0 -2 -6    1   2   9   8   0   2   2  55   1   1   1   8   0   1   1   3   1   1   1   0  1.13 0.62
  271 T    1  1 -1  0 -2  0  1 -1 -1 -1  1  2  0 -2 -3  0  0 -2  0 -1   13   8   3   5   1   4  11   3   1   4  13  14   2   1   0   6   4   0   3   4  0.10 0.13
  272 L   -2 -5 -4 -3 -5 -3 -3 -5 -2  4  1 -3  0  0 -2 -3 -1 -2  0  5    4   0   1   1   0   1   2   1   1  23  10   1   2   4   3   2   3   1   3  39  0.77 0.44
  273 T    0 -1  0  3 -6  2  4 -3 -1 -4 -3  1 -3 -4 -1 -1 -1 -2 -2 -3    7   3   4  18   0   9  26   2   1   1   3  10   1   1   3   4   4   1   2   2  0.50 0.37
  274 E    1  2 -1  1 -4  1  3 -3 -2 -3 -3  4 -1 -5 -3 -1 -1 -3 -4 -3   10  10   3   7   0   6  22   2   1   1   3  22   1   0   1   4   3   0   0   2  0.48 0.36
  275 L    2 -4 -4 -4  1 -4 -3 -3 -5  2  1 -3  0 -1 -4 -1  2 -5 -3  4   20   1   0   1   3   0   1   2   0  11  11   1   3   3   1   5  11   0   1  25  0.45 0.33
  276 L   -2 -4 -4 -3 -2 -3 -2 -6 -4  5  3 -2  2  0 -5 -3 -3 -3 -1  3    4   1   1   1   1   1   3   0   0  28  28   3   4   4   0   1   1   0   2  16  0.68 0.39
  277 N    0  0  1  3 -6  1  4 -3 -2 -4 -2  2 -3 -5 -4  0 -1 -4 -3 -4    8   4   7  18   0   5  25   1   1   1   4  15   1   0   1   5   3   0   1   1  0.54 0.39
  278 N   -1  1 -2 -1 -2  0  1 -3 -1  1  2  2 -1  0 -3 -1 -1 -1 -1 -2    5   9   1   4   1   4   9   1   1   8  24  13   1   5   0   4   4   1   2   1  0.17 0.19
  279 Q   -4  2 -4 -5 -4  0  0 -5 -5 -1  5  1  1 -2 -5 -3 -4 -3 -4 -3    1   9   1   0   0   3   6   1   0   3  58  10   3   1   0   1   0   0   0   1  0.92 0.54
  280 L   -1  2  0 -1 -6  1  4 -4 -2 -2 -1  4 -1 -4 -2 -1 -2 -6 -4 -3    6   9   4   3   0   6  27   1   0   2   6  23   1   1   2   5   2   0   0   2  0.50 0.37
  281 K    0  3 -1 -2 -7  0  1 -4 -3 -7 -5  6 -4 -7 -4 -1 -3 -7 -6 -5    7  14   2   2   0   4   8   1   1   0   1  53   0   0   1   3   1   0   0   0  1.18 0.65
  282 D   -3 -2  3  2 -6 -1 -1  6 -5 -6 -4  0 -3 -6 -2 -2 -3 -6 -6 -6    2   2  13  12   0   2   4  50   0   0   2   7   1   0   2   3   2   0   0   0  1.02 0.54
  283 H   -1 -2 -1 -2 -1 -1 -1  0  4 -1  3  0 -1  2 -3 -3 -3  1  3 -2    5   2   3   3   1   3   4   6  10   2  26   6   1  10   1   0   0   2  11   2  0.31 0.26
  284 I    0 -5 -4 -3 -1 -5 -5 -4 -4  4  2 -4 -1 -3 -5 -2  3 -1 -1  3    7   0   0   2   1   0   0   1   0  22  21   1   1   0   0   2  20   1   2  18  0.62 0.40
  285 Y   -3 -3 -5 -5 -2 -3 -1 -6 -2 -1 -4  1 -4  2 -6 -4 -3  3  9 -1    3   1   0   1   1   1   4   0   1   3   1   7   0   7   0   1   1   3  58   5  1.68 0.79
  286 E   -5 -1 -1  1 -7  0  6 -5 -1 -3 -5  2 -3 -4 -4 -3 -2 -4 -4 -2    0   2   3   6   0   4  58   1   1   2   1  12   1   1   0   1   3   0   1   3  1.23 0.67
  287 Q   -1  1 -1  0 -4  2  2 -4  1 -6 -5  5 -4 -6  0  0 -3 -2 -2 -4    4   8   2   5   0   7  13   1   3   0   1  41   0   0   5   6   1   1   1   1  0.74 0.46
  288 D   -4  0  0  6 -7  0  4 -2 -5 -5 -6 -1 -1 -7 -4 -4 -4 -7 -6 -5    1   5   3  47   0   3  29   3   0   0   0   3   2   0   1   0   1   0   0   1  1.34 0.67
  289 G   -4 -3 -1  0 -6 -3  1  6 -3 -5 -6 -2 -4 -7 -2 -2 -4 -7 -3 -3    0   1   3   4   0   1   9  67   0   1   0   3   0   0   3   2   1   0   1   3  1.38 0.65
  290 A    6 -4 -4 -3 -2  1 -3 -3 -3 -4 -2 -2 -3 -7 -5 -2 -3 -7 -6 -4   75   1   1   1   1   6   2   1   1   0   4   3   1   0   0   2   1   0   0   1  1.45 0.76
  291 V   -2 -3 -3 -2 -4 -2 -2 -6 -3  2  4 -1 -1 -1 -5 -3  2  2 -1  3    3   1   1   2   0   2   2   0   1  10  36   3   1   2   0   1  12   3   2  19  0.52 0.34
  292 W   -5 -7 -8 -8 -7 -3 -7 -3 -4 -3  0 -8  0  1 -8 -5 -5 12  1 -1    1   0   0   0   0   1   0   2   1   2   8   0   2   4   0   1   1  67   5   5  3.07 1.11
  293 L   -5 -7 -8 -8 -2 -7 -8 -8 -6  1  4 -7  0  8 -8 -7 -6 -4  0 -2    1   0   0   0   1   0   0   0   0   6  31   0   2  55   0   0   0   0   3   2  1.86 0.77
  294 R    1  4  1  0 -3 -2  0 -2 -2 -3 -3  5 -2 -4 -4 -2 -2 -6 -4 -3   10  21   6   5   1   1   5   3   1   1   2  36   1   1   1   3   2   0   1   1  0.69 0.42
  295 T    2 -3 -2 -2 -4 -2 -3 -1 -2 -3 -1 -4 -1 -3  0  4  3 -5 -5 -2   17   1   1   2   0   2   1   5   1   1   8   0   1   1   4  33  20   0   0   2  0.56 0.43
  296 T   -2 -3 -2 -1 -5  0  0 -1 -4 -4 -2  0  0 -5 -1  3  5 -6 -4 -2    2   1   1   3   0   4   7   5   0   1   3   6   3   0   3  21  37   0   1   2  0.65 0.46
  297 D    0  0  0  4 -3  1  3 -2 -1 -1 -2  2 -2 -4 -2  0 -2 -5 -3 -3    7   4   4  21   0   6  20   2   1   4   5  15   1   1   1   5   2   0   0   1  0.40 0.29
  298 G   -3 -3 -3 -2 -1 -5 -2 -3  0 -1  1 -2  0  7 -2 -3 -4  0  4 -3    2   1   1   2   1   0   3   3   3   3  12   3   2  42   2   2   1   1  15   1  0.93 0.46
  299 G   -3 -4 -1 -1 -3 -1 -1  6 -3 -4 -3 -3 -2 -1 -2 -2 -3 -5  0 -4    1   1   2   3   1   3   5  65   1   1   3   1   1   3   2   2   1   0   3   1  1.19 0.53
  300 D   -2 -2  0  7 -2 -2  0 -2 -2 -1 -1  0 -2 -3 -3 -2 -1 -6 -5 -3    3   2   4  56   1   1   5   2   1   4   7   5   1   1   1   2   3   0   0   2  0.98 0.46
  301 D   -2 -3 -1  6 -5  0  3 -3 -2 -1 -2 -2 -4 -3 -1  0 -1 -6 -5 -3    2   1   2  43   0   3  23   1   1   4   5   2   0   1   2   5   3   0   0   1  0.84 0.42
  302 K   -2  1 -1 -1 -2  2  1 -1 -1 -2 -3  5 -1 -5 -4 -1 -1 -5 -4 -2    2   7   2   3   1  10  10   4   1   2   3  44   2   0   0   4   2   0   0   3  0.64 0.36
  303 D   -3 -4  0  7 -6 -3  1 -3 -1 -3 -4 -1 -6 -6 -1 -2  0 -7 -6 -6    1   0   3  69   0   0   6   2   1   1   1   3   0   0   3   2   6   0   0   0  1.46 0.55
  304 R   -3  7 -1 -3 -2 -1 -1 -3 -1 -3 -2 -1 -1 -1 -3 -3 -3  0 -2 -3    2  65   3   1   1   2   3   2   1   1   4   1   2   3   1   1   1   2   1   2  1.16 0.47
  305 V    0 -4 -4 -5  0 -2 -4 -3 -5  1 -1 -4  0  0  1 -2 -1 -5 -3  6    8   0   0   0   2   2   0   2   0   3   2   0   2   3   7   2   2   0   0  64  0.75 0.31
  306 I   -1 -3 -4 -4 -2 -3 -4 -4 -3  3  3 -3  2  2 -4 -3 -2 -2  1  2    5   0   0   0   0   0   0   0   0  17  37   0   6  10   0   0   0   0   5  20  0.47 0.17
  307 I   -1  0 -3 -3  1  0 -1 -4 -3  3  0  1  1  1 -3 -1 -1  2  0  2    3   6   0   0   3   4   3   0   0  23   4  11   4   6   0   3   4   4   3  14  0.17 0.14
  308 K   -4  5  3 -3 -6 -2 -2 -4 -3 -5 -5  5 -4 -6 -4 -3  2 -6 -5 -5    0  32  13   0   0   0   0   0   0   0   0  40   0   0   0   0  15   0   0   0  1.17 0.41
  309 E    1  0  0 -1 -4  0  0 -2 -2 -5 -4  1 -2 -4  1  5 -1 -6 -5 -4    9   5   3   3   0   4   6   2   1   0   1   7   1   1   6  48   3   0   0   1  0.65 0.37
  310 N   -4 -3  6  6 -6 -2 -1 -2 -4 -6 -3 -3 -6 -7 -5 -1 -1 -7 -6 -4    1   1  32  47   0   1   2   2   0   0   3   1   0   0   0   4   4   0   0   1  1.37 0.53
  311 K   -3 -3 -1 -2 -7 -2 -2  7 -6 -8 -5 -2 -7 -7 -6 -3 -3 -7 -7 -7    1   2   2   3   0   2   2  79   0   0   2   2   0   0   0   2   2   0   0   0  1.81 0.63
  312 Q   -1  1  0  0 -2  1  4 -3 -1 -2 -2  0 -1 -2 -4  1  2 -1 -2 -2    4   6   3   4   1   5  30   1   1   3   3   3   1   2   0  11  16   1   2   3  0.37 0.25
  313 P   -1 -2 -1 -2 -1 -1 -2 -3  0 -2 -2  2 -1  0  4  1  0  4  3 -3    4   1   2   1   1   1   2   2   2   2   3  14   2   4  22  13   6   6  11   1  0.44 0.22
  314 T    0 -5 -4 -5 -4 -4 -5 -2 -5 -1  0 -4 -4 -5 -5 -1  7 -6 -5 -1    6   0   0   0   0   0   0   4   0   4  10   0   0   0   0   4  67   0   0   4  1.35 0.49
  315 Y   -6 -7 -7 -8 -7 -6 -7 -8 -3 -6 -6 -7 -6 -2 -8  1 -6 -3 10 -6    0   0   0   0   0   0   0   0   0   0   0   0   0   0   0  13   0   0  87   0  3.13 0.85
  316 Y   -1  0 -5 -5 -4 -4 -3 -3 -1  1  3 -4  1  6 -2 -2 -1 -3  1 -1    5   5   0   0   0   0   2   2   2   6  25   0   4  35   2   2   3   0   3   2  0.68 0.28
  317 G    4 -4 -4 -3  1 -2 -4  0 -4 -2  1 -4  1 -1 -4 -1  1 -1 -2  0   44   0   0   1   3   1   0   7   0   1  17   0   4   3   0   3  10   1   1   5  0.51 0.28
  318 T    3  1  0 -2 -2 -1 -3  0 -2 -3 -4  0 -2 -3  3  2  0 -1 -3 -2   26   7   4   1   1   2   0   8   1   1   0   7   1   1  16  18   4   1   1   3  0.40 0.23
  319 D    1 -3 -1  7 -5 -2  3 -3 -3 -5 -5 -2 -4 -5 -3 -2 -3 -6 -4 -4   17   0   0  66   0   0  17   0   0   0   0   0   0   0   0   0   0   0   0   0  1.21 0.27
  320 I    0 -3 -2 -3  3 -2 -3  0 -2  1  0 -2  2  2 -3  0  1 -2  2  1    9   0   0   0   9   0   0   9   0   9   9   0   9   9   0   9   9   0   9   9  0.15 0.13
  321 A    5 -3 -3 -3  0 -3 -2  0 -3 -1  0 -3  0 -1  0  0 -1 -4 -3 -1   61   0   0   0   2   0   2   6   0   2   9   0   2   2   3   3   3   0   0   4  0.54 0.32
  322 N   -4 -4 -1 -5  1 -4 -4 -5  2 -4 -2 -4 -3  1 -5 -2 -1 -1  9 -3    0   0   4   0   3   0   0   0   3   0   4   0   0   3   0   3   3   0  75   0  1.72 0.57
  323 H   -1 -3 -1 -4 -4 -1 -3 -2  9  0  1 -3  0 -1 -4 -2 -2 -4  2 -2    4   0   2   0   0   2   0   2  55   5  13   0   3   2   0   2   2   0   5   3  1.08 0.43
  324 Y    0  2  0 -1 -1  0  0 -2  1  0  1  1  0  0 -2 -1 -1  2  2 -1    7  13   4   4   1   4   3   1   3   4  16  11   2   2   1   3   1   3  11   4  0.08 0.11
  325 L   -1 -2  4  4 -4  0  1 -2  2 -2 -2 -1 -1 -1 -4 -1 -1  2  0 -2    4   1  20  27   0   2  11   2   4   3   3   4   1   3   0   4   3   3   3   2  0.44 0.28
  326 K   -3  2 -2 -4 -2 -1 -3 -3 -4 -4 -4  7 -2 -3 -5 -3 -2 -6 -5 -4    2  10   1   0   1   1   0   2   0   1   2  74   1   1   0   1   2   0   0   1  1.53 0.69
  327 H   -2 -1 -3 -5 -2 -3 -1 -4 -1  2  2  0  0  5 -5 -2 -3  2  2 -1    3   3   1   0   1   1   4   1   2  13  16   7   2  30   0   2   1   2   7   3  0.54 0.32
  328 K   -1  0  0  2 -5  2  3 -1  0 -3 -2  2 -1  1 -3  0 -2 -2 -3 -3    4   5   4  11   0   8  25   4   2   1   3  15   1   6   0   8   2   1   0   1  0.34 0.27
  329 R   -2  8 -3 -3 -7  0 -2 -4 -2 -4 -6  0 -2 -6 -5 -2 -2 -6 -5 -6    3  74   1   2   0   3   3   1   1   1   0   4   1   0   0   3   3   0   0   0  1.76 0.76
  330 G   -2 -1  1  0 -5 -3 -2  6 -2 -6 -5  1 -5 -4 -2 -1 -1 -5 -5 -4    1   3   7   5   0   1   2  57   1   0   1  11   0   1   2   3   3   0   0   1  1.02 0.50
  331 F   -1 -5 -3 -5 -1 -5 -5 -3  1 -2 -3 -2 -2  7 -2 -4 -3 -1  6 -2    6   0   1   1   2   0   0   2   3   2   1   3   1  50   2   1   1   1  22   3  1.42 0.62
  332 D   -3 -2  2  6 -6 -1  1 -3 -1 -4 -4 -1 -5 -5 -3  0  0 -7 -4 -4    2   2   9  52   0   2   9   2   2   1   2   3   0   1   1   6   5   0   1   1  1.05 0.55
  333 R   -2  4 -1 -3 -1  0  0 -4  3 -1  0  4 -2 -3 -3 -2 -1  0  0 -2    2  22   2   1   1   3   4   1   9   4  11  25   1   1   1   1   4   1   3   3  0.46 0.34
  334 L    1 -4 -3 -5  0 -3 -4 -4 -5  3  3 -1  3 -1 -5 -2 -2 -4 -1  3   11   0   1   0   2   1   1   1   0  14  30   5   9   1   0   2   1   0   3  19  0.51 0.34
  335 I   -4 -7 -7 -7 -5 -7 -7 -8 -3  8  0 -7 -1 -2 -7 -6 -5 -2 -2  2    1   0   0   0   0   0   0   0   1  74   6   0   1   1   0   0   0   1   2  13  1.93 0.79
  336 N   -5 -5  6  5 -4 -3 -2 -4  0 -2 -3 -3 -1 -3 -5 -4 -1 -1  2 -3    0   0  35  36   0   1   1   0   2   2   2   1   2   1   0   0   4   1   8   2  1.19 0.63
  337 V   -4 -6 -6 -6 -4 -5 -4 -5 -6  6  1 -6  1  1 -4 -4 -2 -5 -2  5    1   0   0   0   0   0   1   1   0  40  11   0   3   5   1   1   1   0   1  33  1.13 0.54
  338 W   -6 -6 -7 -7 -6 -2 -6 -7 -3 -2  3 -6 -1  2 -7 -6 -6 11 -2  0    0   0   0   0   0   2   0   0   1   2  31   0   1   8   0   0   0  46   1   7  2.17 0.81
  339 G   -2 -6 -5 -3 -6 -6 -6  7 -6 -7 -7 -5 -6 -7 -6 -3 -2 -6 -7 -7    2   0   0   2   0   0   0  90   0   0   0   0   0   0   0   2   2   0   0   0  2.35 0.87
  340 A    5 -4 -3 -3 -1 -3 -2 -2 -2 -2 -5 -3 -4 -4  3  1 -2 -3 -4 -2   57   1   1   1   1   1   3   2   1   2   0   1   0   1  15  10   1   0   1   2  0.99 0.53
  341 D   -6 -3  1  8 -7 -3 -1 -4 -5 -7 -7 -3 -7 -7 -6 -4 -5 -8 -7 -7    0   2   5  85   0   1   3   1   0   0   0   1   0   0   0   0   0   0   0   0  2.39 0.89
  342 H   -6 -5 -4 -5 -7  1 -4 -6 11 -7 -7 -5 -6 -6 -6 -5 -2 -6 -3 -7    0   0   0   0   0   5   0   0  88   0   0   0   0   0   0   0   3   0   0   0  3.45 1.10
  343 F   -1 -2 -3 -3 -5  1 -2 -1  9 -1 -4  0 -3 -2 -4 -2 -2 -5 -1 -3    5   1   0   1   0   6   2   6  53   5   2   7   0   2   1   3   3   0   2   1  1.42 0.61
  344 G    0 -4 -3 -1 -5 -5 -4  6 -5 -5 -2 -4 -5 -3 -2 -1 -3 -5 -1 -5    6   1   1   4   0   0   1  69   0   0   6   0   0   1   2   5   1   0   3   0  1.35 0.57
  345 H   -3 -5 -4 -1 -6  0 -2 -5  6 -4 -5 -5 -5  0 -4 -3  0 -3  8 -4    2   0   0   4   0   5   3   1  19   1   0   0   0   3   1   1   5   0  54   1  1.73 0.71
  346 I    0 -4 -5 -4 -3 -2 -2 -4 -2  4  0 -3  0  1 -4 -2 -2 -3 -1  5    7   1   0   1   0   2   3   1   1  26   6   1   2   6   1   2   1   0   2  37  0.64 0.35
  347 L    1  0 -1 -1 -3  0  0 -1 -1 -2 -2  3 -2 -4  4  0  0 -5 -4 -2   14   4   3   3   0   4   4   5   1   3   4  18   1   0  23   5   4   0   0   2  0.39 0.25
  348 R   -4  7 -3 -1 -4  2 -3 -4 -3 -6 -5  0 -2 -4 -3 -2 -3 -2 -4 -2    1  68   1   3   0   9   1   1   0   0   0   4   1   1   2   2   1   1   0   3  1.59 0.68
  349 T   -3 -3 -5 -6 -3 -4 -5 -6 -5  3  4 -5  6 -2 -5 -4  0 -2 -2  3    1   1   0   0   0   0   0   0   0  13  34   0  24   1   0   0   5   1   1  17  0.99 0.47
  350 A   -2  3 -1 -3 -4  2  0 -4  0 -3 -2  5 -1  0 -3 -2 -2 -3 -1 -3    3  14   2   1   0   9   6   1   2   2   5  40   2   4   1   3   2   0   2   2  0.64 0.38
  351 Y    6 -3 -2 -4 -1 -3 -3  0 -3 -2 -3  0 -3 -4 -3  1 -1 -3 -3 -3   58   1   2   1   1   1   1   6   1   2   3   6   0   1   1  10   3   0   1   1  0.86 0.49
  352 A    5 -4 -4 -5 -2 -4 -4  2 -5  0 -1 -4  0 -2 -3  0 -2 -5 -3  2   46   0   0   0   1   0   0  13   0   6   5   0   2   2   1   6   2   0   1  15  0.69 0.41
  353 A    1 -4 -4 -5  0 -4 -3 -4 -4  2  3 -4  4  0 -4 -3 -2 -3 -3  3   10   1   1   0   2   0   2   1   0   9  33   1  11   3   1   2   1   0   1  20  0.56 0.32
  354 E    1  1  0  0 -3  3  3 -2 -2 -4 -3  3 -3 -5 -2  0 -1 -5 -3 -3   12   8   4   3   0  13  20   2   1   0   2  20   1   0   1   5   4   0   1   1  0.47 0.31
  355 L    5 -4 -3 -3  0 -3 -3 -1 -3  1  0 -3  1 -2 -3 -1 -3 -5 -4 -1   56   0   1   1   2   1   1   4   1   7   9   2   4   2   1   4   1   0   0   5  0.81 0.47
  356 T   -2 -5 -3 -6 -3 -4 -5 -5 -4  2  5 -4  2  2 -6 -4 -4 -2 -3 -1    3   0   1   0   0   0   1   1   0  10  63   1   5   8   0   1   1   1   0   3  1.12 0.52
  357 G   -3 -5  0  0 -5 -3 -3  7 -3 -5 -5 -2 -4 -5 -4  0 -2 -6 -6 -6    1   1   3   5   0   1   2  69   1   1   1   2   0   1   1   8   2   0   0   0  1.46 0.63
  358 I   -2 -2 -1  0 -3 -2 -1 -1  3  2  1 -1 -1  3 -3 -2 -3  1  4  0    2   1   4   5   1   1   5   4   8  12  11   4   1  11   1   2   1   2  19   5  0.31 0.22
  359 K   -1 -1  2  5 -4 -1  1  0 -2 -4 -4  2 -4 -4  3 -1 -2 -5 -3 -4    4   2   9  29   0   2   7   8   1   1   1  12   0   1  16   4   1   0   1   1  0.62 0.35
  360 K    0  0 -1  0 -3  0  2 -3 -3 -3 -3  3 -3 -3  4  0  0 -5 -4 -3    7   5   2   6   0   4  14   2   0   1   3  18   0   1  23   6   5   0   0   2  0.48 0.31
  361 G    0 -2  1  4 -2 -1  3  2 -2 -2 -4  0 -3 -2 -3  0 -1 -4 -4 -2    9   2   7  23   1   2  17  14   1   3   1   5   0   2   1   8   2   0   0   3  0.38 0.26
  362 K   -1  3  1  0 -2  1  0 -3  0 -2 -3  4 -2  0 -2  0 -1  2 -1 -3    6  18   7   4   1   5   4   1   2   2   2  24   1   4   2   6   4   3   2   2  0.34 0.25
  363 F   -4 -5 -4 -6 -2 -3 -5 -6 -3  2  5 -5  1  4  1 -4 -4 -1 -2  1    1   0   1   0   1   1   1   0   0   9  49   0   3  15   6   1   0   1   1   9  0.88 0.46
  364 V   -3  1  0  3 -5  1  4 -4  2 -2 -4  2 -2 -4 -4 -1  0 -5 -1 -2    1   6   3  17   0   6  30   1   5   2   1  11   1   0   0   4   5   0   3   3  0.57 0.37
  365 V   -2 -5 -4 -5 -1 -4 -5 -5  1  5 -2 -5  0  1 -3 -5 -2 -1  0  5    3   0   1   0   1   1   1   1   4  32   2   0   2   6   1   0   3   1   4  38  0.98 0.50
  366 V   -3 -3 -4 -3 -2 -2 -2 -5 -3  5  3  0  0 -2 -3 -3 -3 -5 -3  2    1   1   1   1   1   2   2   1   1  31  29   7   2   1   1   1   1   0   0  15  0.67 0.38
  367 L   -2 -5 -6 -6 -1 -5 -4 -4 -5  5  4 -4  0  1 -4 -4 -1 -2 -2  0    2   0   0   0   1   0   1   1   0  29  43   1   2   6   1   1   3   0   1   5  0.90 0.46
  368 I   -2 -4 -2 -5  4 -4 -4 -1  4  2 -1 -4  2  0 -5 -2  0 -3  5  2    3   0   2   0   8   0   0   6   9  11   6   0   5   3   0   2   6   0  21  17  0.57 0.36
  369 E   -2 -3 -3 -3 -7  9  1 -3 -2 -5 -6 -2 -5 -7 -6 -2 -4 -6 -6 -6    3   1   1   2   0  77   7   2   1   1   0   1   0   0   0   2   1   0   0   0  2.24 1.01
  370 M   -4 -5 -4 -6 -5  0 -5 -4 -1  1  3 -5  6  5 -5 -4 -3  3  0 -2    1   0   1   0   0   5   1   1   2   6  31   0  21  20   1   1   1   4   3   1  0.96 0.50
  371 V   -1 -6 -6 -7 -2 -6 -6 -6 -7  0 -3 -6 -2 -5 -6 -5 -3 -6 -5  8    4   0   0   0   1   0   0   0   0   3   2   0   1   0   0   1   1   0   0  85  2.08 0.87
  372 K   -2  4  4 -3 -5 -2 -3 -4  2 -4 -4  2 -3 -4 -4  2  3 -5 -3 -3    2  20  19   1   0   1   1   1   6   1   1  13   1   1   0  13  18   0   1   2  0.69 0.44
  373 L   -4 -6 -6 -6 -5 -5 -6 -6 -6  2  6 -6  0  2 -6 -5 -3 -5 -3  1    1   0   0   0   0   0   0   0   0   8  67   0   2   9   0   0   1   0   1   9  1.33 0.60
  374 L   -2 -2 -3 -4 -3 -2 -3 -4 -2  2  2  2  3  2  0 -2  0  0  2  2    2   1   1   0   0   1   1   0   1  11  18  14   7   9   4   2   5   1   6  14  0.30 0.23
  375 K   -3  5 -1 -2 -6  1  4 -4 -1 -5 -6  4 -2 -4 -5 -1 -4 -6 -5 -4    2  33   3   2   0   5  22   1   1   1   0  24   1   1   0   3   1   0   0   1  1.01 0.55
  376 D   -2 -3  4  4 -6 -2  1  4  0 -7 -6 -2 -5 -5 -5 -1 -4 -6 -6 -6    3   1  21  21   0   1   8  35   2   0   1   3   0   0   0   4   0   0   0   0  0.99 0.53
  377 N   -3 -4  0 -1 -6 -3 -1  7 -4 -6 -6 -1 -5 -6 -5 -2 -3 -6 -6 -6    1   1   5   4   0   1   4  74   0   0   1   4   0   0   0   3   1   0   0   0  1.63 0.69
  378 K   -2 -1 -2 -2 -5  3  5 -3 -3 -4 -4  4 -3 -4 -4 -2 -2 -5 -4  0    3   2   2   1   0  14  39   1   0   1   1  22   0   1   0   2   2   0   0   7  0.90 0.50
  379 E    0  0 -2 -2 -4  1  3 -3 -2  0 -1  2 -2 -3  4 -1 -1 -4 -3  0    6   4   1   1   0   4  25   1   0   5   7  11   1   1  18   3   3   0   1   6  0.40 0.28
  380 I   -1 -2 -4 -5 -4 -1 -3 -4 -4  2  0 -2  1  1 -4 -3 -2 -4  0  6    4   2   1   0   0   2   2   1   0   9   9   3   3   5   0   1   2   0   3  53  0.81 0.43
  381 K   -2  4 -4 -4 -6  0 -3 -3 -5 -5 -6  6 -3 -7 -2  0 -1 -7 -6 -4    4  23   0   0   0   4   1   1   0   1   0  51   1   0   2   7   3   0   0   1  1.25 0.65
  382 F   -5 -5 -7 -8 -7 -3 -6 -6 -7  0  1 -7 10  0 -8 -6 -4 -7 -6 -3    1   1   0   0   0   1   0   1   0   4  12   0  75   3   0   0   1   0   0   2  2.76 1.11
  383 S   -3 -5 -4 -5 -6 -4 -5 -1 -4 -7 -8 -4 -7 -8 -6  8 -3 -8 -7 -7    1   0   0   0   0   0   0   5   0   0   0   0   0   0   0  92   0   0   0   0  2.33 1.09
  384 K   -4 -1 -5 -5 -7 -4 -4 -4 -5 -7 -7  7 -4 -7 -6 -2  4 -7 -6 -6    1   2   0   0   0   0   0   1   0   0   0  72   0   0   0   3  21   0   0   0  1.93 0.89
  385 R   -5  9 -5 -4 -8 -3 -5 -7 -3 -8 -7 -3 -6 -7 -7 -5 -5 -7 -4 -7    1  95   0   1   0   0   0   0   1   0   0   0   0   0   0   0   1   0   1   0  2.94 1.13
  386 L    3  1 -2 -1 -4 -1  0 -1 -3 -5 -3  3 -2 -5 -4  2  1 -5 -5 -4   31   7   1   3   0   2   5   3   0   0   2  17   1   0   0  18  10   0   0   0  0.52 0.38
  387 G   -1 -7 -3 -3 -7 -6 -5  7 -7 -8 -8 -5 -7 -8 -7 -4 -6 -7 -7 -7    4   0   1   1   0   0   0  91   0   0   0   0   0   0   0   1   0   0   0   0  2.44 0.95
  388 N   -3  0  4  1 -5  1  3 -4 -1 -3 -5  1 -3 -5 -4  0  3 -6 -4 -2    1   5  20   8   0   6  19   0   1   1   0   8   0   0   0   5  21   0   0   3  0.60 0.41
  389 A    0 -6 -6 -6 -5 -5 -6 -4 -4  2 -1 -5  1  7 -4 -1 -3 -1  4  1    7   0   0   0   0   0   0   1   0  13   3   0   3  43   1   4   1   1  13   9  1.08 0.52
  390 I   -3 -6 -6 -5 -5 -5 -3 -7 -6  6  1 -5 -1 -1 -6 -5 -2 -6  0  5    1   0   0   1   0   0   2   0   0  38   9   0   1   2   0   0   1   0   3  41  1.24 0.58
  391 S   -1 -3 -2 -4 -3 -3  0 -3 -5 -4 -1 -3 -3 -2 -1  1  7 -1 -1 -4    3   1   1   1   0   1   6   1   0   0   6   1   1   2   3   8  61   1   2   0  1.11 0.64
  392 I    0 -6 -7 -7 -3 -5 -6 -7 -5  1  6 -6  4 -1 -5 -5 -3 -5 -4  0    7   0   0   0   0   0   0   0   0   6  68   0   9   2   0   0   1   0   0   4  1.29 0.61
  393 P   -1  4  0  4 -4  0  2 -2 -2 -4 -5  2 -4 -6 -4  0 -3 -6 -5 -4    4  25   3  26   0   3  14   2   1   1   0  10   0   0   0   8   1   0   0   1  0.73 0.43
  394 D   -3 -4 -2  6 -7  0  6 -5 -5 -7 -7 -3 -6 -4 -5 -3 -3  1 -5 -6    2   0   1  37   0   3  50   0   0   0   0   0   0   1   0   1   1   2   0   0  1.62 0.76
  395 M   -3 -6 -7 -7 -5 -6 -6 -7 -6  1  6 -6  1  0 -6 -6 -4 -5 -5  3    1   0   0   0   0   0   0   0   0   5  65   0   2   3   0   0   0   0   0  23  1.38 0.63
  396 L   -2 -2 -5 -6 -2 -5 -5 -6 -4  5  3 -4  3 -2 -5 -4 -2 -5 -1  4    2   3   0   0   1   0   0   0   0  33  24   0   6   1   0   0   2   0   2  25  0.90 0.45
  397 E   -2 -1  1  6 -7  0  4 -3 -3 -6 -6  0 -6 -7 -4 -2 -4 -7 -5 -6    3   3   7  43   0   3  30   1   0   0   0   5   0   0   0   2   0   0   0   0  1.22 0.60
  398 F   -1 -2 -2  1 -6  0  6 -5 -2 -4 -3  1 -1 -4 -5 -2 -2  0 -2 -4    6   1   1   7   0   2  59   0   1   1   3   8   1   1   0   1   2   2   1   1  1.08 0.60
  399 L   -3 -6 -7 -7 -4 -6 -6 -7 -7  4  0 -6 -1 -3 -6 -5 -2 -6 -4  7    2   0   0   0   0   0   0   0   0  19   5   0   1   1   0   1   2   0   1  68  1.59 0.70
  400 S   -3 -6 -2 -1 -6 -5 -4  7 -6 -7 -7 -4 -6 -7 -1 -1 -3 -7 -7 -7    1   0   2   4   0   0   1  82   0   0   0   1   0   0   3   5   1   0   0   0  1.96 0.80
  401 K    1  2 -1 -4 -2 -2 -2 -3 -1  0 -1  3 -2 -4  1 -1 -1 -5 -2  3   11  10   2   0   1   0   1   1   2   5   6  20   0   0   7   5   4   0   1  24  0.29 0.26
  402 D   -4 -6 -2  8 -8 -4 -2 -1 -6 -8 -8 -4 -8 -8 -5 -4 -6 -9 -8 -8    1   0   1  88   0   0   2   5   0   0   0   1   0   0   0   1   0   0   0   0  2.56 1.01
  403 A    6 -5 -4 -6 -3 -3 -3 -4 -6 -1 -4 -5 -3 -4 -1 -1 -1 -6 -5  3   63   0   0   0   0   1   1   0   0   3   1   0   0   0   2   3   3   0   0  20  1.19 0.64
  404 S    4 -5 -5 -5  2 -4 -4 -3 -5  2  1 -4  0  0 -4 -1  2 -5 -4  3   36   0   0   0   4   0   0   1   0   9  12   0   2   4   0   2  12   0   0  18  0.61 0.40
  405 R   -6  8 -4 -6 -8 -3 -5 -7 -2 -6 -6  2 -6 -6 -7 -6 -6 -8 -7 -7    0  88   1   0   0   0   0   0   1   1   0   9   0   0   0   0   0   0   0   0  2.65 1.04
  406 W   -7 -7 -7 -8 -4 -6 -7 -8 -4 -3 -3 -7 -2  8 -8 -7 -6  4  7 -4    0   0   0   0   0   0   0   0   0   1   2   0   1  58   0   0   0   6  31   1  2.40 0.91
  407 F   -4 -6 -2 -3 -5 -6 -6 -6  1  0  0 -6  3  8 -7 -2  0 -1  2 -3    1   0   2   2   0   0   0   0   3   6   6   0   6  57   0   3   6   1   6   1  1.42 0.63
  408 M   -5 -6 -5 -7 -6 -6 -7 -7 -5  1  2 -6  5  7 -7 -5 -5 -3  4 -3    0   0   1   0   0   0   0   0   0   6  20   0  15  47   0   1   0   0  11   0  1.60 0.68
  409 L   -1 -5 -3 -6 -2 -4 -6 -5 -6  2  5 -5  0 -3 -6 -1 -3 -5 -4  2    6   0   2   0   1   0   0   0   0  10  59   0   1   0   0   5   1   0   0  14  1.00 0.51
  410 N   -1  1  0 -2 -3  0 -1 -4 -3 -3  0  0  6 -2 -4  3  2 -3 -3 -3    5   8   3   2   0   4   3   0   0   0   8   6  23   1   0  21  13   0   1   0  0.50 0.39
  411 Q   -4  7 -2 -5 -6  2 -3 -4  0 -3 -5  2 -4 -4 -5 -1 -2 -5  2 -1    1  54   2   0   0   7   1   1   2   2   1  13   0   0   0   4   2   0   8   4  1.20 0.60
  412 S    0  2  0  0 -5 -1 -2 -1  0 -5 -5  3 -4 -6  1  4 -1 -6 -5 -5    8   9   4   6   0   2   1   4   2   0   0  18   0   0   7  35   3   0   0   0  0.59 0.41
  413 W    1 -1  1 -3  0 -2 -2 -3  2 -1 -1 -2  0 -2  4  1  1  0  0 -1   15   3   8   0   2   1   1   1   6   4   7   1   2   2  21  12   7   1   3   4  0.32 0.26
  414 T   -2 -3  3  6 -6 -1  3 -2 -1 -7 -7 -3 -6 -5 -5  1 -1 -7 -4 -6    3   1  16  47   0   2  15   2   1   0   0   1   0   1   0   8   3   0   0   0  1.17 0.58
  415 S    1 -1 -2 -4 -5  2 -3 -4 -3 -4 -5  0 -2 -6 -4  4  4 -6 -5 -2   12   4   1   0   0  10   1   0   1   0   0   5   1   0   0  33  30   0   0   2  0.83 0.53
  416 G   -2 -3 -2 -2 -6  3  0 -4  8 -3 -5 -1 -2 -6  4 -1  1 -6 -3 -2    3   1   1   1   0  12   4   1  37   2   1   3   1   0  18   4   8   0   0   3  1.12 0.58
  417 I   -3 -6 -6 -7 -4 -3 -6 -7 -5  3  5 -6  5  1 -6 -4 -3 -5 -2 -1    2   0   0   0   0   1   0   0   0  18  52   0  16   5   0   1   1   0   1   3  1.18 0.56
  418 R   -4 -3  1  7 -6 -3  3 -5 -1 -3 -6 -3 -4 -7 -5 -3  1 -7 -6  0    1   1   6  53   0   1  18   0   1   1   0   1   0   0   0   1  10   0   0   7  1.27 0.62
  419 I   -7 -7 -8 -8 -4 -8 -8 -8 -6  2  0 -8 -3  9 -8 -7 -6 -4 -2 -2    0   0   0   0   0   0   0   0   0   9   8   0   0  79   0   0   0   0   0   3  2.49 0.92
  420 D   -7 -3  0  8 -8 -5 -2 -5 -4 -8 -8 -3 -8 -8 -6 -5 -6 -9 -8 -8    0   2   4  91   0   0   1   0   0   0   0   1   0   0   0   0   0   0   0   0  2.71 1.02
  421 V   -4 -6 -6 -6 -4 -5 -5 -6 -6  4  5 -6  2  1 -5 -5 -3  4 -2  2    1   0   0   0   0   0   0   0   0  20  50   0   5   5   0   0   1   5   1  11  1.04 0.49
  422 D   -1 -4  1  6 -6 -1  4 -1 -3 -6 -6 -1 -6 -7 -5 -1 -2 -7 -6 -4    6   0   6  44   0   2  27   4   0   0   0   3   0   0   0   4   2   0   0   1  1.13 0.56
  423 L   -3 -2 -4 -4 -5 -2  0 -6 -4  0  5  2 -1 -3 -5 -4 -3 -4 -4  0    1   2   1   1   0   2   6   0   0   4  61  12   1   0   0   0   1   0   0   7  0.87 0.48
  424 T    6 -5 -5 -6 -3 -5 -5 -4 -6 -1 -1 -5  1 -4 -5 -2 -3 -2 -5  2   72   0   0   0   0   0   0   0   0   3   5   0   4   1   0   2   0   1   0  12  1.37 0.69
  425 N   -1  2 -1 -4 -3  0 -2 -5 -4 -1  0  5 -2 -4 -4 -2  0 -5 -4  1    4  12   3   0   1   3   1   0   0   3  10  44   1   1   0   1   7   0   0  10  0.67 0.43
  426 K    0  2 -2  0 -4  1  3 -4 -3 -4 -4  4 -4 -5 -4  2 -1 -5 -5 -4    6   9   1   4   0   7  22   0   0   1   1  29   0   0   0  15   3   0   0   0  0.64 0.41
  427 K   -2  1 -1 -1 -4  6  2 -4  3 -4 -2  3 -3 -5 -4 -2 -1 -5 -3 -4    3   7   2   3   0  38  11   1   6   1   3  16   0   0   0   2   4   0   0   1  0.82 0.49
  428 D   -2 -4  2  2 -5 -3 -3 -1 -4 -6 -6 -3 -5 -6 -5  6  2 -6 -5 -4    2   0  10  10   0   0   1   5   0   0   0   1   0   0   0  58  12   0   0   1  1.13 0.63
  429 S    0  0  3  2 -3  1  2 -3 -2 -3 -1  2  2 -2 -1  1 -1 -4 -2 -3    6   3  17   9   0   5  12   0   0   1   5  11   6   2   3  14   1   0   1   1  0.27 0.24
  430 S   -3 -2  1  5 -6  0  5 -3 -3 -6 -6  2 -5 -6 -4  0 -1 -6 -5 -5    1   1   6  29   0   2  35   2   0   0   0  13   0   0   0   6   3   0   0   0  0.98 0.50
  431 N   -4 -5  9 -3 -7 -4 -5 -3 -3 -7 -7 -5 -6 -7 -6 -2 -3 -7 -6 -7    1   0  92   0   0   0   0   2   0   0   0   0   0   0   0   2   1   0   0   0  2.78 1.03
  432 P   -4 -5 -5 -6 -4 -4 -5 -5 -6 -6 -5 -5 -4 -7  9 -3 -5 -7 -6 -6    1   1   0   0   0   1   0   1   0   0   1   0   0   0  90   2   0   0   0   1  2.90 1.05
  433 V    0 -5 -6 -6 -3 -5 -5 -4 -5  1 -1 -5 -2 -2 -5 -4 -3 -5 -1  7    7   0   0   0   0   0   0   1   0   6   5   0   0   2   0   1   0   0   3  72  1.41 0.62
  434 Y   -5 -5 -6 -7 -4 -6 -6 -6 -2 -4 -4 -6 -4  6  0 -5 -5  2  8 -5    0   0   0   0   0   0   0   0   0   0   1   0   0  31   5   1   0   2  57   0  2.22 0.84
  435 Y   -3 -5 -6 -8 -7 -6 -7 -7 -3 -4 -4 -5 -5  1 -7 -6 -5 -3 10 -6    3   1   0   0   0   0   0   0   0   1   1   1   0   4   0   0   1   0  88   0  3.01 1.09
  436 V   -1 -6 -6 -6 -1 -6 -6 -7 -7  5  0 -6 -1 -3 -6 -4 -2 -6 -5  6    5   0   0   0   1   0   0   0   0  31   7   0   1   1   0   1   1   0   0  52  1.31 0.59
  437 Q   -5 -1 -3 -5 -3  9 -2 -7 -2 -3 -3 -1 -2 -7 -6 -4 -5 -7 -6 -6    0   3   1   0   1  85   1   0   1   2   2   2   1   0   0   0   0   0   0   0  2.47 1.05
  438 Y   -7 -7 -5 -6 -7 -6 -7 -8 -2 -6 -3 -7 -2  0 -8 -6 -7 -3 10 -6    0   0   0   0   0   0   0   0   1   0   2   0   1   1   0   0   0   0  93   0  3.36 1.19
  439 A    7 -5 -5 -6 -2 -5 -5 -1 -6 -5 -5 -5 -3 -3 -5  0  0 -6 -6 -1   79   0   0   0   1   0   0   5   0   0   0   0   1   1   0   6   4   0   0   3  1.55 0.74
  440 H   -5 -5 -1 -6 -3 -4 -5 -5 10 -5 -5 -5 -6  0 -2 -3 -4 -5  5 -6    1   0   3   0   1   0   0   1  64   1   1   0   0   4   2   2   1   0  20   0  2.45 0.92
  441 A    7 -5 -5 -6 -4 -5 -5 -4 -6 -4 -5 -4 -5 -6 -5  0 -1 -7 -6  1   82   0   0   0   0   0   0   0   0   1   0   1   0   0   0   5   3   0   0   8  1.70 0.79
  442 R   -6  9 -5 -6 -8 -4 -5 -7 -3 -8 -7 -1 -6 -8 -7 -6 -6 -8 -6 -7    0  98   0   0   0   0   0   0   0   0   0   1   0   0   0   0   0   0   0   0  3.02 1.10
  443 I    1 -5 -5 -6  5 -4 -6 -5 -6  6  1 -5  1 -3 -5 -3  0 -5 -4  0   12   0   0   0  12   0   0   1   0  47  13   0   4   1   0   2   5   0   0   3  0.98 0.49
  444 H    2 -1  2 -4  8  0 -2 -3  2 -3 -4 -2 -3 -3 -5  1 -2 -3 -2 -3   17   4   9   0  36   3   2   1   5   1   1   3   0   1   0  12   1   0   2   2  0.97 0.49
  445 K    0 -1  1 -4 -5  1 -4  0 -2 -6 -5 -1 -5 -6 -5  6 -1 -6 -5 -5    7   3   5   0   0   6   0   7   1   0   1   4   0   0   0  64   2   0   0   0  1.15 0.63
  446 L   -4 -6 -6 -7 -3 -6 -6 -7 -6  7  2 -4  1 -3 -6 -5 -4 -6 -5  3    1   0   0   0   1   0   0   0   0  55  19   1   3   0   0   0   0   0   0  20  1.39 0.59
  447 L   -2 -3 -5 -5 -4 -3 -1 -5 -4  2  5 -3  1  4 -5 -4 -4 -2 -2 -1    2   1   0   0   0   1   5   1   0  12  50   1   3  17   0   1   0   0   1   2  0.79 0.42
  448 T   -1  6  1 -1 -6  0  2 -3 -2 -3 -4  2 -3 -5 -3 -2 -2 -6 -4 -4    5  46   7   3   0   3  11   2   1   1   1  13   1   0   1   2   1   0   0   1  0.88 0.47
  449 K   -3  2  3 -2 -6  3  1 -4  0 -4 -3  5 -3 -1 -4 -2 -1 -5 -2 -3    1   8  12   1   0  12   7   0   2   1   2  43   1   3   0   1   3   0   1   2  0.78 0.45
  450 A    5 -3 -3 -4 -2 -2 -3 -1 -3 -1 -1 -2 -1 -2 -3  0 -1  0 -3  0   60   1   1   0   1   2   1   3   0   3   5   1   1   1   0   6   4   1   1   6  0.78 0.47
  451 E    1  1  0  1 -3  2  3  0 -2 -3 -4  3 -3 -4  0  0 -1 -5 -4 -2   13   6   5   6   0   8  18   7   1   1   1  19   0   0   3   5   3   0   0   2  0.31 0.24
  452 H    0 -1  0  1 -4  0  5  0  1 -2 -2  2 -3 -3 -2 -1 -1 -1 -3 -3    6   3   5   5   0   3  39   8   3   2   3  11   0   1   1   4   2   1   1   2  0.46 0.31
  453 I    0  1  0 -1 -2  1  1 -1 -1  0  0  1  0 -1  0 -1 -1 -2 -1  0    9   9   4   3   1   7   9   3   1   8  13  13   1   3   5   4   2   0   1   5  0.07 0.09
  454 D   -1 -1  1  3 -4 -1  1  4 -1 -3 -3  1 -3 -4  0  0 -2 -3 -4 -3    3   3   8  15   0   3   7  31   1   2   2  10   0   1   4   5   2   0   0   1  0.43 0.27
  455 L   -1 -3 -3 -3 -2 -2 -2 -4 -3  3  2 -3  1  2  1 -1 -1  2  0  1    6   1   1   1   0   2   2   1   0  20  23   1   3   9   8   3   3   3   3  10  0.28 0.20
  456 N    0  0  2  3 -2  0  1  0 -1 -2 -3  1 -2 -3  0  1  0 -3 -3 -2    9   3   9  15   1   3  11   8   1   2   2  12   1   1   3  12   5   0   0   2  0.22 0.18
  457 K    0  1  1  2 -4  1  2 -1  0 -1 -2  2 -2 -1  1  0  0 -2 -2 -2    8   6   7  11   0   5  14   5   2   4   3  12   0   3   6   6   6   0   1   2  0.16 0.13
  458 V    2 -2 -2 -2 -1 -1 -1 -1 -3  1  0  0 -1  1  1  0  0 -3  0  1   23   0   1   2   1   2   5   4   0   8   6   6   1   7   6   6   5   0   4  11  0.12 0.15
  459 N   -1 -2  4  5 -5  0  0 -2  0 -4 -4  0 -4 -3 -1  0 -2 -2 -3 -4    4   2  18  39   0   3   6   2   3   1   1   5   0   1   4   6   2   1   1   1  0.76 0.42
  460 L    0 -2 -3 -3 -2 -3 -1 -3 -3  1  4 -3  0  2 -1 -2 -1 -1  0  0    7   2   1   1   1   0   5   2   1   8  42   1   1   9   4   3   3   1   3   6  0.36 0.25
  461 S    0 -1  2  1 -4  0  2  0 -1 -3 -4  1 -4 -4 -2  3  1 -5 -2 -3    8   2   8   9   0   2  13   7   1   2   1   8   0   0   2  28   7   0   1   1  0.35 0.28
  462 L   -1  1 -1 -3 -2 -1 -1 -4  0  0  4  0  0  0  0 -1 -2 -2  0  0    6   7   4   1   1   3   3   1   2   4  42   6   1   3   4   4   2   1   3   5  0.28 0.23
  463 L   -3 -4 -3 -4 -4 -4 -3 -5 -5  2  6 -3  0  0 -4 -4 -3 -3 -1 -2    1   1   2   1   0   0   2   1   0   9  71   2   1   4   1   1   1   0   2   2  1.18 0.56
  464 N   -1 -1  2  1 -2  0  0 -1 -1 -1 -2  1 -2 -2 -2  1  3 -2 -2 -1    5   3   9   6   1   4   5   5   1   4   4  11   1   2   2  11  20   1   1   5  0.15 0.16
  465 S   -1 -3  2  2 -3  0  3 -2  6 -4 -1 -1 -3 -4 -4  1  0 -5 -2 -4    4   1  10  10   0   3  18   3  18   1   8   2   0   0   0  13   7   0   1   1  0.48 0.34
  466 D   -1 -2  0  3 -6 -1  4 -2 -3 -4 -5  1 -4 -5  5 -1 -2 -6 -5 -3    4   2   4  14   0   2  26   3   0   1   1   9   0   1  27   3   3   0   0   1  0.76 0.44
  467 V    1  0 -1  0 -4  1  4 -2  1 -2 -3  1 -1 -3 -2  1 -1 -1 -1 -2   11   6   2   4   0   5  30   3   3   3   2   9   1   1   2  10   4   1   2   3  0.31 0.25
  468 E   -2 -4 -5 -1 -6 -2  8 -5 -4 -5 -6 -4 -7 -5 -6 -3 -4 -8 -5 -6    3   1   0   3   0   1  87   1   0   1   0   0   0   0   0   2   1   0   0   1  2.26 0.98
  469 R   -2  3 -1 -3 -4  0 -2 -4 -2  3  2  2  1 -1 -5 -2 -1 -2 -2  0    3  21   3   1   0   4   2   1   1  18  21  11   3   2   0   2   3   1   1   4  0.36 0.27
  470 T    1  0  2  3 -5  0  3 -2 -1 -3 -3  1 -3 -4 -3  0 -1 -4 -4 -2   15   4   9  14   0   4  24   2   1   1   3   9   1   1   0   7   3   0   0   2  0.40 0.30
  471 M   -6 -7 -8 -8 -4 -7 -7 -7 -7  3  6 -7  1 -3 -7 -7 -5 -6 -5  0    0   0   0   0   0   0   0   0   0  12  79   0   3   0   0   0   0   0   0   5  1.76 0.75
  472 V    1 -6 -6 -7 -3 -5 -6 -6 -6  5  3 -6  4 -2 -6 -4 -3 -6 -4  2   10   0   0   0   0   0   0   0   0  37  28   0   9   1   0   0   1   0   0  12  1.06 0.51
  473 N   -2  5  0 -3 -4  0 -3 -2 -2 -2 -1  5 -1 -2 -5 -2 -3 -3 -3 -2    4  27   5   1   0   3   0   3   1   2   6  38   1   2   0   3   1   0   1   3  0.80 0.47
  474 Y   -1  1 -1 -3 -3  1  1 -4  1 -1  1  4  0 -2 -4 -1  0 -2 -1 -2    6   7   2   0   0   6  10   1   4   3  14  29   2   1   0   3   7   1   1   3  0.33 0.27
  475 L   -2 -6 -7 -7 -2 -5 -7 -6 -7  4  5 -6  4 -3 -7 -5 -4 -6 -5  1    3   0   0   0   1   0   0   0   0  19  59   0   9   1   0   0   0   0   0   7  1.35 0.61
  476 A    3 -3 -1 -1 -2 -2 -2 -1 -2  1  2 -2  0 -1 -4  1 -1 -2 -1  0   26   1   3   4   1   1   2   5   1   9  20   1   2   2   0  13   3   1   2   4  0.22 0.22
  477 S   -1  3  0  1 -3  2  3 -2 -1 -3 -1  1 -1 -1 -4  0 -1 -1 -1 -3    5  16   4   8   1  11  18   2   1   2   5   9   1   3   0   7   2   1   3   1  0.29 0.24
  478 F   -5 -7 -8 -8 -5 -7 -7 -8 -5 -2  2 -7 -2  7 -8 -6 -6  6  5 -4    0   0   0   0   0   0   0   0   0   2  18   0   1  50   0   0   0  10  18   0  1.95 0.79
  479 E   -4 -2 -2 -2 -6  0 -1 -4 -2 -7 -6 -1 -7 -5  8 -1 -3 -8 -4 -6    1   2   2   2   0   5   5   1   1   0   1   4   0   1  68   5   1   0   1   0  1.91 0.84
  480 H   -2  0 -1  4 -5  1  5 -2 -1 -3 -3  0 -3 -3 -3  0 -2 -3  0 -4    4   6   3  22   0   5  34   2   1   1   2   4   1   1   1   6   2   0   3   1  0.63 0.40
  481 Y   -2 -4 -5 -5 -1 -2  1 -6 -2  3  2 -4  1 -2 -5 -3  1 -3 -2  4    3   1   0   0   1   2  11   0   1  18  16   0   3   1   0   1   8   0   1  34  0.63 0.38
  482 V   -3 -6 -6 -7 -3 -6 -7 -7 -7  5  3 -6  0 -3 -7 -5 -4 -6 -3  5    2   0   0   0   0   0   0   0   0  30  25   0   1   1   0   0   0   0   1  39  1.31 0.59
  483 H    1  1 -1  0 -5  1  4 -3 -1 -1  0  1 -3 -2 -4 -1 -2 -4 -1 -1   13   6   3   3   0   5  31   2   1   3   9   7   0   1   0   5   2   0   3   5  0.33 0.28
  484 N    0  1  1  2 -3  1  2 -1 -1 -1 -1  1 -1 -2 -3  1  1 -4 -3 -2    8   6   7  13   0   6  15   5   1   3   6   8   1   1   0   9   9   0   0   2  0.19 0.17
  485 V    5 -6 -5 -6  3 -5 -5 -4 -6  3 -4 -5 -2 -5 -5  2 -2 -6 -5  1   50   0   0   0   6   0   0   1   0  16   0   0   1   0   0  15   2   0   0   7  1.07 0.59
  486 A    6 -4 -5 -5  0 -4 -3 -2 -5  0 -3 -4 -3 -4 -5  1 -1 -3 -2  1   59   0   0   0   2   0   2   3   0   5   2   0   0   1   0  10   4   0   2   8  1.00 0.57
  487 T    0  3  1  0 -4  2  2 -3 -1 -1 -1  2 -2 -3 -4 -1  0 -4 -2 -1    7  15   5   4   0  10  15   2   1   4   7  15   1   0   0   4   4   0   1   4  0.27 0.23
  488 T    0  0  3  2 -3  0  1 -2  1 -3 -1  0 -1 -2 -4  1  2 -4 -2 -2    8   5  13  11   0   5   8   2   4   1   6   6   1   2   0   9  14   0   1   2  0.23 0.21
  489 Y   -4  4 -1 -5 -2 -3 -4 -5  2 -3  3 -1  0  2 -6 -4 -4 -1  5 -4    0  27   3   0   1   1   1   1   4   1  29   3   2   9   0   1   1   1  17   0  0.82 0.47
  490 E    2 -1 -2  0 -4  2  5 -1 -2 -6 -4  1 -4 -6 -4  0 -2 -6 -5 -5   16   3   1   4   0   9  44   4   1   0   1   7   0   0   0   6   2   0   0   0  0.85 0.51
  491 V   -3 -7 -6 -7 -7 -6 -6 -7 -7 -1 -3 -6 -5 -8  8 -5 -2 -8 -7  3    3   0   0   0   0   0   0   0   0   4   2   0   0   0  71   0   2   0   0  17  2.26 0.95
  492 N   -5 -5  2 -5 -5  2 -3 -7 10 -6 -6 -6 -6 -4 -7 -2 -4 -7  2 -5    1   0   9   0   0   9   1   0  66   0   0   0   0   1   0   4   1   0   6   1  2.54 1.00
  493 K   -3  5 -3 -3 -5  0 -3 -4  4  0  1  2 -1 -2 -1 -3 -2 -5 -1 -2    2  37   1   1   0   3   0   1   9   5  15  13   1   2   3   1   2   0   2   2  0.68 0.42
  494 L   -5 -6 -7 -7 -4 -6 -7 -8 -7  5  5 -6  1 -1 -7 -6 -4 -6 -4  3    0   0   0   0   0   0   0   0   0  33  44   0   3   2   0   0   0   0   0  16  1.36 0.60
  495 L    4 -5 -2 -5  2 -5 -4 -4 -3  0 -3 -5 -4 -3  3 -1  4 -6 -4  1   29   0   2   0   4   0   0   0   1   5   2   0   0   1  15   3  28   0   0   9  0.78 0.49
  496 N   -1  2  2 -1 -4  2  0 -2  4 -2 -3 -1 -3  3 -3 -1  1 -2  3 -2    4  10  12   2   0   8   5   2   9   2   2   4   0  15   1   3   9   0   9   2  0.33 0.27
  497 F   -5 -7 -7 -8 -8 -6 -7 -7 -1 -5 -5 -7 -5  3 -8 -6 -6  2 10 -7    1   0   0   0   0   0   0   0   1   0   1   0   0  11   0   0   0   2  81   0  3.08 1.16
  498 V    3 -6 -6 -6 -2 -5 -6 -4 -6  0  5 -5 -1 -3 -6 -2 -1 -6 -5  1   22   0   0   0   1   0   0   1   0   3  56   0   1   1   0   3   4   0   0   8  1.02 0.54
  499 Y   -3  1 -2 -3 -4  3  1 -3  1  1  1  0  2 -1 -4 -2  0 -2  4 -1    1   9   1   1   0  13   8   1   4   9  16   5   5   2   0   2   5   0  13   3  0.29 0.25
  500 T   -3 -2  1  5 -7 -1  6 -3 -4 -6 -7  0 -5 -7 -5 -1 -2 -7 -5 -5    2   2   6  26   0   2  44   2   0   0   0   5   0   0   0   5   2   0   0   0  1.17 0.60
  501 L   -4 -6 -7 -8 -5 -6 -7 -8 -7  2  6 -7  0  0 -7 -6 -2 -6 -5  1    1   0   0   0   0   0   0   0   0   8  75   0   1   4   0   0   2   0   0   8  1.56 0.69
  502 T    7 -6 -5 -6  0 -5 -6 -4 -6 -3 -6 -5 -6 -7 -6  1 -3 -7 -6 -3   81   0   0   0   2   0   0   0   0   1   0   0   0   0   0  10   2   0   0   2  1.88 0.87
  503 Q    1  1  1  0 -3  1  0  2 -1 -4 -4  2 -4 -5 -4  2  1 -4 -3 -4   13   6   6   4   0   7   6  14   2   1   0  14   0   0   0  17   9   0   1   0  0.36 0.28
  504 S    2 -1 -1  1 -1  0  0 -2 -2 -1  1  1  1 -3 -3  1  0 -4 -3 -1   22   3   2   7   1   4   6   1   1   3  18   8   4   1   0   9   6   0   0   4  0.17 0.20
  505 F   -5 -7 -7 -8 -3 -7 -7 -6 -6 -2  0 -7 -4  9 -8 -7 -5  0  3 -1    1   0   0   0   1   0   0   1   0   2   8   0   0  74   0   0   1   1   7   4  2.37 0.90
  506 H   -6 -4  3 -6 -8  0 -5 -7 11 -8 -8 -6 -7 -7 -7 -3 -3 -7 -4 -8    0   1  11   0   0   3   0   0  79   0   0   0   0   0   0   2   2   0   0   0  3.24 1.17
  507 S    1  2  1 -2 -4  1 -1  0  0 -2 -3  1 -3 -4 -2  3  0 -2 -1 -2    9  12   6   2   0   6   2   6   3   3   2   9   0   1   2  27   6   0   2   2  0.30 0.26
  508 W   -6 -6 -6 -7 -5 -6 -7 -7 -3 -3  0 -7 -3  8 -7 -6 -6  4  6 -5    0   0   0   0   0   0   0   0   0   1   8   0   0  56   0   0   0   4  27   0  2.20 0.85
  509 Y   -7 -7 -7 -8 -7 -4 -7 -8 -2 -7 -5 -7 -6 -1 -8 -7 -7  6 10 -6    0   0   0   0   0   1   0   0   1   0   1   0   0   1   0   0   0  10  85   0  3.35 1.22
  510 N   -1  1  5  2 -5  2  2 -2  4 -5 -5 -1 -4 -4 -4  0  2 -6 -3 -5    5   8  24   9   0   9  13   2   9   0   0   3   0   0   0   6  11   0   0   0  0.61 0.39
  511 S    1  1  2  2 -5  1  2 -3  1 -4 -4  3 -1 -3 -4  0 -1 -5 -4 -3   10   8  11  14   0   6  11   1   3   0   1  18   1   1   0   8   4   0   0   2  0.39 0.28
  512 H   -3 -3  2 -3  8 -2  1  0  6 -4 -4 -2 -3 -2 -5 -1  0 -5  2  0    1   1   8   1  27   2   8   8  16   1   1   2   0   2   0   4   5   0   6   6  0.89 0.47
  513 E   -5  7 -4 -4 -7  0 -4 -6  0 -4 -4  4 -4 -5  2 -2 -3 -7 -4 -5    0  52   1   1   0   3   0   0   2   1   1  23   0   0  10   2   2   0   0   0  1.45 0.69
  514 I   -4 -7 -7 -7 -3 -7 -7 -7 -7  5 -1 -7 -1  2 -3 -6 -5 -4 -5  6    0   0   0   0   0   0   0   0   0  33   3   0   1   7   1   0   0   0   0  52  1.59 0.69
  515 L   -4 -5 -4 -5 -5 -4 -6 -7 -3  5  4 -4  0 -3 -5 -5 -4 -6 -5  2    1   0   1   0   0   1   0   0   1  34  43   1   1   0   0   1   0   0   0  14  1.19 0.56
  516 N   -2 -2  2  3 -1  0  0  2 -1 -2 -4 -1 -3 -4  1  2  1 -5 -4  0    2   1   9  16   1   4   5  15   1   2   0   3   0   0   7  15  11   0   0   7  0.31 0.25
  517 Q    0 -3  0  4 -5  0  4 -1 -3 -5 -4 -1 -1 -5  0  1 -2 -6 -5 -3   10   1   4  21   0   3  32   5   0   0   1   3   1   0   4   9   2   0   0   2  0.62 0.40
  518 K   -2 -4  4  6 -7 -1  2  0 -4 -7 -7 -1 -6 -7 -1 -1 -2 -7 -6 -5    4   0  16  44   0   2  13   6   0   0   0   4   0   0   3   5   2   0   0   0  1.10 0.56
  519 D    1  1  2  2 -5  0  2 -2 -1 -2 -2  2 -3 -4  3 -1 -2 -4 -2 -2   10   7   9  10   0   3  14   2   1   2   3  12   1   0  15   3   2   0   1   3  0.33 0.25
  520 E    1 -2  1  2 -6  0  5 -2 -3 -3 -4  1 -4 -4  0 -1 -1 -4 -5 -3   11   1   6  12   0   4  37   2   0   2   1   8   0   1   5   4   3   0   0   1  0.60 0.40
  521 I   -2 -1 -4 -4 -4 -2 -1 -5 -4  2  4  0 -1 -3 -3 -3  0 -3 -2  2    3   4   1   1   0   2   4   1   0   9  48   6   1   0   1   1   7   0   1  12  0.59 0.36
  522 K   -1  2  0 -4 -3 -1 -1 -4  1 -2 -3  0  1 -5 -4  3  5 -5 -3 -2    5  13   3   0   0   2   3   1   3   2   2   6   4   0   0  19  32   0   1   2  0.60 0.41
  523 Q    1  2  2 -1 -1  2  0 -1  0 -1 -1  1 -1 -2 -2  0 -1 -2  0 -2   13  10  10   3   1  12   4   4   2   3   7  10   2   2   1   8   4   0   3   1  0.14 0.16
  524 T    6 -2 -2 -3 -4  1 -2 -2 -2 -3 -4 -2 -3 -1 -3  1 -1 -4 -5 -3   58   2   1   1   0   6   3   3   1   2   1   2   0   3   1  11   3   0   0   1  0.90 0.54
  525 R   -5  8 -2 -6 -8 -4 -5 -7 -4 -6 -4  1 -4 -7 -6 -5 -6 -5 -4 -7    0  85   2   0   0   0   0   0   0   0   2   7   0   0   0   0   0   0   1   0  2.56 1.03
  526 L   -3 -6 -7 -8 -4 -6 -7 -8 -5  1  6 -6  2 -1 -7 -6 -5 -4 -3  0    2   0   0   0   0   0   0   0   0   7  76   0   5   2   0   0   0   0   1   5  1.59 0.71
  527 L    3 -1 -2 -3  0 -1 -1 -1 -1 -1  1  0  0  1 -3  0  0  1  0  0   28   4   2   1   2   2   3   5   1   3  13   5   2   6   0   6   4   2   3   8  0.15 0.17
  528 L   -4 -7 -8 -8 -4 -7 -7 -8 -7  1  6 -7  0  0 -8 -7 -4  0 -5 -1    1   0   0   0   0   0   0   0   0   6  82   0   2   3   0   0   1   1   0   3  1.82 0.79
  529 A    1 -6 -3 -6  5 -5 -6 -6 -6  3  1 -5 -1 -3 -5 -1  0 -6 -3  4   11   0   2   0  13   0   0   0   0  18  12   0   1   1   0   4   5   0   1  33  0.85 0.45
  530 K    0  2  0  1 -3  2  1 -2 -1 -1  0  2 -1 -1 -3  0 -1 -1 -1 -2    7  12   4  10   0   9   9   3   1   3   8  15   2   2   0   5   4   1   2   2  0.17 0.16
  531 A    6 -3 -3 -6  2 -4 -5  1 -3 -3 -3 -3 -4 -5 -5  1 -1 -7 -5 -1   63   2   1   0   4   1   0   8   1   2   3   2   0   0   0   8   3   0   0   3  1.11 0.61
  532 I    1 -5 -5 -6  1 -5 -5 -5 -6  2  0 -5 -1  0 -5 -1  4 -6 -2  4   14   0   0   0   3   0   0   0   0   9   6   0   1   4   0   5  26   0   1  32  0.76 0.47
  533 K    0  5 -3 -4 -5  4 -2 -1 -1 -3 -4  4 -2 -5 -5 -1 -3 -6 -4 -4    7  29   1   0   0  17   1   5   2   1   2  28   1   0   0   4   1   0   1   1  0.92 0.53
  534 N   -2  0  1 -3 -3  3 -1 -4  0  4 -1  1 -1 -2 -4 -1  1 -5 -2  0    3   5   7   1   0  17   4   1   2  25   5   9   1   1   0   3   9   0   1   5  0.35 0.30
  535 L    0 -5 -6 -7 -2 -5 -6 -3 -4  3 -1 -5 -3 -4 -6 -3  2 -7 -5  6    7   0   0   0   1   0   0   2   0  12   4   0   0   0   0   1  14   0   0  56  1.23 0.62
  536 I   -3 -7 -7 -8 -5 -6 -7 -8 -7  4  5 -7  2  1 -6 -6 -5 -6 -2  0    2   0   0   0   0   0   0   0   0  25  59   0   3   5   0   0   0   0   1   4  1.42 0.64
  537 N    3  3 -1 -2 -3 -1  0  0 -1 -4 -4  3 -2 -3 -4  0 -2 -6 -3 -3   28  15   3   2   0   2   7   6   2   0   1  21   1   1   0   7   2   0   1   1  0.48 0.35
  538 Y   -2  1  6  0 -1  0  0 -3 -1 -2 -2  0 -4 -3 -5  1  1 -6 -3 -3    2   6  41   4   1   3   7   1   1   3   5   6   0   1   0   9   7   0   1   2  0.70 0.44
  539 L    2 -6 -4 -5  3 -5 -5  5 -6 -2 -2 -5 -4 -6 -5 -1  1 -2 -3  0   19   0   0   0   5   0   0  46   0   3   5   0   0   0   0   5   9   1   1   7  0.92 0.51
  540 L   -5 -7 -8 -9 -3 -7 -7 -8 -6 -3  7 -7  1  3 -8 -6 -5 -6 -4 -4    1   0   0   0   1   0   0   0   0   1  85   0   2  10   0   0   0   0   0   0  2.00 0.85
  541 S    0  1  2  3 -5  0  1  1  1 -4 -4  2 -3 -4 -3  1  0 -4 -2 -4    9   6  10  16   0   3   8  12   3   0   1  12   1   0   0  11   6   0   2   0  0.35 0.26
  542 L   -4 -7 -8 -8 -4 -7 -7 -8 -7  4  6 -7  0 -3 -7 -6 -3 -6 -4  0    1   0   0   0   0   0   0   0   0  22  66   0   2   1   0   0   2   0   0   6  1.56 0.69
  543 F   -5 -7 -8 -8 -2 -6 -7 -8 -7  3  6 -7  5 -1 -7 -7 -5 -6 -5 -1    0   0   0   0   1   0   0   0   0  14  64   0  15   2   0   0   0   0   0   3  1.62 0.72
  544 G   -4 -5  0 -2 -8 -6 -5  7 -7 -9 -9 -1 -6 -8 -7 -3 -6 -8 -8 -8    1   0   4   2   0   0   1  86   0   0   0   4   0   0   0   2   0   0   0   0  2.28 0.93
  545 I   -5 -7 -8 -8 -6 -7 -8 -8 -8  6 -2 -7  2 -4 -7 -7 -5 -7 -6  6    0   0   0   0   0   0   0   0   0  45   2   0   4   1   0   0   0   0   0  48  1.92 0.80
  546 E   -1 -3  1  0 -5 -1  2 -2 -1 -5 -6  1 -5 -5 -4  5  2 -7 -5 -4    3   1   5   5   0   2  13   2   2   1   0   8   0   0   1  45  11   0   0   1  0.80 0.52
  547 A    6 -4 -5 -6 -1 -4 -5 -5 -3 -3 -4 -1 -4 -5  2 -1 -1 -7 -6 -2   70   1   0   0   1   0   0   0   1   1   1   3   0   0  11   4   4   0   0   2  1.41 0.73
  548 V   -3 -3 -6 -6 -5 -4 -5 -7 -7 -4 -1 -1  1 -5  8 -5 -6 -8 -5 -2    2   2   0   0   0   1   0   0   0   1   6   4   3   1  76   0   0   0   0   3  2.26 0.95
  549 E   -3 -3 -1  3 -8  0  7 -5 -4 -6 -6  1 -6 -8 -6 -3 -2 -8 -7 -5    2   1   3  12   0   3  66   1   0   0   1   7   0   0   0   1   2   0   0   1  1.59 0.77
  550 Q   -3  5 -3 -4 -7  1  2 -6  0 -5 -6  5 -4 -6 -5  1 -2 -5 -4 -3    1  32   1   0   0   5  12   0   2   0   0  32   0   0   0   9   3   0   1   2  1.05 0.56
  551 M   -7 -7 -8 -9 -8 -6 -8 -9 -8 -5 -4 -7 11 -6 -9 -8 -7 -8 -7 -5    0   0   0   0   0   0   0   0   0   0   0   0 100   0   0   0   0   0   0   0  4.28 1.48

                      K         Lambda
Standard Ungapped    0.1346     0.3180
Standard Gapped      0.0410     0.2670
PSI Ungapped         0.2011     0.3176
PSI Gapped           0.0616     0.2670
