
Last position-specific scoring matrix computed, weighted observed percentages rounded down, information per position, and relative weight of gapless real matches to pseudocounts
           A  R  N  D  C  Q  E  G  H  I  L  K  M  F  P  S  T  W  Y  V   A   R   N   D   C   Q   E   G   H   I   L   K   M   F   P   S   T   W   Y   V
    1 M   -7 -8 -8 -9 -8 -7 -8 -9 -8 -5 -4 -8 11 -6 -9 -8 -7 -8 -7 -5    0   0   0   0   0   0   0   0   0   0   0   0 100   0   0   0   0   0   0   0  4.30 1.57
    2 L   -5 -6 -6 -8 -6 -7 -8 -8  2  5  6 -7 -2 -2 -6 -7 -5 -7 -2 -2    1   0   0   0   0   0   0   0   4  27  63   0   0   1   0   0   0   0   1   2  1.63 0.82
    3 D   -6 -7  2  8 -9 -4 -2 -6 -3 -9 -9 -6 -9 -9 -5 -1 -6 -10 -9 -9    0   0   9  82   0   1   2   0   1   0   0   0   0   0   1   4   0   0   0   0  2.61 1.22
    4 L   -4 -3 -6 -7 -6 -3 -6 -8 -4  6  3 -4  1  1  0 -4 -3 -3  2  0    1   2   0   0   0   1   0   0   0  43  22   1   4   5   6   1   1   0   6   6  1.03 0.59
    5 K   -2  3  3  0 -7  0  0 -4  0 -6 -6  6 -6 -6 -6 -3 -3 -8 -4 -5    4  14  15   5   0   4   6   1   2   0   0  44   0   0   0   1   1   0   0   1  1.12 0.69
    6 R   -1  0 -2 -1 -5 -1 -2 -4  3 -1  3 -1 -1  4 -4 -2 -2  3  3 -2    5   5   2   4   0   2   2   1   7   3  29   5   1  16   1   3   2   4   9   2  0.44 0.35
    7 I   -5 -7 -8 -8 -6 -7 -8 -8 -7  6  4 -7  0  3 -8 -7 -6 -2 -2  1    0   0   0   0   0   0   0   0   0  45  30   0   2  13   0   0   0   1   1   9  1.51 0.76
    8 R   -2  7 -4 -7  1 -2 -3 -6 -4  0 -1  1 -4 -4 -7 -4 -2 -8 -5 -1    4  62   1   0   3   1   1   0   0   5   7   6   0   1   0   1   2   0   0   4  1.50 0.84
    9 S    0 -1  2  2 -6  2  5 -2  0 -6 -5  1 -5 -5 -5  0  0 -7 -4 -5    9   2   9  11   0  10  32   3   2   0   1   9   0   0   0   6   5   0   1   0  0.68 0.51
   10 N   -4 -1  7  4 -2 -1  0 -5  3 -8 -7 -2 -4 -6 -7 -2 -4 -8 -3 -7    1   3  51  20   1   3   7   0   7   0   0   3   0   0   0   2   0   0   1   0  1.55 0.87
   11 P    0 -3 -5 -6 -6 -3 -4 -5 -6  0  1  0 -3  0  7 -3 -1 -7 -3  0    8   2   0   0   0   1   1   1   0   5  11   6   1   4  47   2   4   0   1   6  1.07 0.67
   12 E   -1 -3 -1  5 -8  1  5 -3 -4 -6 -6  0 -7 -8 -1 -2 -4 -8 -5 -4    6   1   3  29   0   6  40   2   0   0   1   4   0   0   3   3   1   0   0   1  1.15 0.72
   13 E    1  0 -1 -1 -3 -1  2 -2 -1  0  2  1  0  0 -3 -1 -1 -2 -1  0   14   5   2   3   0   2  13   2   1   7  20  11   2   4   0   4   3   0   2   5  0.13 0.18
   14 I   -2 -7 -6 -7 -4 -6 -7 -7 -1  4  0 -4 -1  2 -7 -5 -2 -2  4  5    4   0   0   0   0   0   0   0   1  19   7   1   1   7   0   0   2   1  12  43  1.13 0.65
   15 K    1  4 -4 -1 -4  1  1 -5 -3  0 -2  4 -3 -3 -5 -1 -2 -6 -4 -2   10  25   0   3   0   6   9   0   1   6   4  25   0   1   0   4   2   0   0   2  0.63 0.48
   16 K    1  2  0  1 -6  3  4 -4  0 -4 -5  3 -4 -7 -5 -1 -1 -4 -6 -4   13   9   3   7   0  11  26   1   2   1   1  17   0   0   0   3   3   0   0   1  0.67 0.51
   17 A    2  1  4 -1 -2 -2 -2  0 -2 -2 -3  1  0 -5 -5  3 -1 -3 -4 -2   16   7  22   2   1   1   2   8   1   2   2   7   2   0   0  19   2   0   0   2  0.46 0.41
   18 L    0 -5 -4 -6  4  2 -2 -6 -3  3  4 -5  2 -1 -6 -3 -3 -4 -2  0    8   0   1   0   9  11   3   0   1  13  37   0   4   3   0   1   1   0   1   6  0.69 0.48
   19 A    2  3 -1 -3 -3  1  1 -3 -2  0 -1  3 -2 -4 -4 -1 -1 -6 -4 -2   16  18   2   1   0   7   9   2   1   6   7  20   1   0   0   3   4   0   0   2  0.40 0.36
   20 G   -1  4  2  1 -4  0 -1 -4 -1 -2 -1  4 -2 -5 -4 -1 -1 -4 -4 -3    6  21  11   7   0   3   4   1   2   2   6  25   1   0   0   4   4   0   0   2  0.52 0.41
   21 R   -7  8 -5 -7 -5 -4 -6 -7 -6 -9 -7  3 -3 -9 -8 -7 -7 -9 -8 -8    0  79   0   0   0   0   0   0   0   0   0  18   1   0   0   0   0   0   0   0  2.70 1.31
   22 G   -2  1  4 -3 -3 -1 -3  4  1 -5 -4  1 -4  2 -5 -2 -4 -5  0 -5    2   6  17   1   1   3   1  35   3   1   1  10   0  10   0   3   1   0   3   1  0.74 0.48
   23 E    1  0 -1 -1  0  0  0  0  0  0  0  0  1  1 -1  0 -1 -1  2  0   12   4   2   4   2   3   5   6   2   6   7   6   4   8   2   6   2   0   9   9  0.04 0.08
   24 D   -1 -1  2  3 -3  0  1 -1 -1 -2 -3  1 -2 -2  2  1 -1 -4 -3 -2    5   2  10  15   0   4  11   4   2   3   3  11   1   2  11  12   4   0   1   2  0.28 0.23
   25 F    0 -2 -1 -1  1 -1  0 -1 -1  1  1 -1  0  2  0  0 -1 -2 -1  2   10   2   3   3   3   2   6   4   2   9  16   2   2   9   4   5   2   0   2  15  0.07 0.09
   26 D   -2 -2  2  6 -4  0  0 -2  0 -3 -2  0 -4 -2  0  0 -3 -3 -2 -3    4   2   8  45   0   3   5   3   2   2   4   5   0   2   4   6   1   0   2   2  0.77 0.45
   27 V    1 -1 -2 -1 -2 -1  0 -2 -2  1  1 -1 -1 -1  2  0  0 -2 -1  2   10   3   1   3   0   2   7   3   1  10  11   3   1   3  11   8   5   1   2  16  0.12 0.12
   28 S    1  0  0  1 -3  0  2  0  0 -2 -2  1 -2 -2  0  1  0 -2 -2 -2   14   3   5   7   0   4  16   6   2   1   4   8   1   1   4  12   7   0   1   2  0.17 0.16
   29 V    0 -1  0  0 -2  0  0 -1  0  0  1 -1  0 -1  0  0  0  0  0  0    9   3   6   7   0   3   5   3   3   7  19   4   2   2   4   6   5   1   4   7  0.03 0.05
   30 I   -2 -4 -5 -5 -3 -4 -4 -3 -5  4  3 -4  0  0  0 -3 -2 -2 -2  5    3   1   1   1   1   1   1   2   0  18  23   1   1   3   5   2   2   1   1  34  0.71 0.42
   31 D   -1 -1  0  6 -5  0  3 -3  0 -3 -3 -1 -4 -3 -2 -1 -3  0 -3 -4    5   3   4  45   0   5  15   2   2   2   3   3   0   1   2   3   1   1   1   1  0.86 0.51
   32 K    0  3 -1  0 -5  2  4 -2  0 -4 -2  3 -2 -3 -3 -1 -1 -5 -2 -3    7  13   3   5   0   8  24   3   2   1   5  16   1   1   1   4   4   0   2   1  0.42 0.34
   33 V   -2 -5 -6 -5 -3 -5 -5 -5 -6  5  3 -5 -1  2 -6 -4 -3 -1 -2  4    3   0   0   1   0   0   1   1   0  29  26   0   1   9   0   1   1   1   1  24  0.93 0.53
   34 L    0 -2 -2 -3 -2 -2 -4 -4 -3  4  4 -1 -1 -1 -4 -3 -2 -5 -2  2    7   3   2   1   1   2   1   2   1  22  34   3   1   2   1   2   1   0   1  13  0.51 0.36
   35 Q    2  0  0  1 -3  1  4 -3 -1 -4 -3  1 -3 -4 -3  1  0 -3 -3 -3   15   5   3   9   0   6  26   2   1   1   2  10   0   1   1  11   5   0   1   1  0.43 0.38
   36 L    0 -3 -4 -4 -1 -3 -3 -6 -2  1  5 -2  1 -1 -4 -4 -2 -2  0  0    8   2   1   1   1   1   2   0   1   6  57   2   2   2   1   1   2   1   3   5  0.80 0.52
   37 D   -3 -3  0  6 -3 -3  0 -4  1 -4 -4 -3 -6 -1 -5 -2 -3  3  4 -4    2   2   3  49   1   1   7   1   3   1   2   1   0   2   0   3   2   4  16   1  1.21 0.71
   38 E    0  1  1  1 -5  3  3 -1 -1 -4 -4  3 -2 -4 -3  0  0 -5 -3 -3    8   6   6   8   0  11  23   4   1   1   2  15   1   1   0   5   6   0   1   2  0.42 0.36
   39 E   -1  2  0  0 -4  3  4 -4 -2 -4 -2  3 -3 -6 -5 -2 -1 -3 -4 -3    4  12   4   5   0  15  29   1   1   1   4  15   1   0   0   3   3   0   0   2  0.65 0.50
   40 R   -3  5 -3 -5 -5 -1 -3 -7  1 -2  0 -1 -1  0 -7 -4 -4  8  2 -1    3  34   1   0   0   3   1   0   3   2   9   3   2   3   0   1   1  22   7   4  1.19 0.71
   41 R   -3  7 -1 -4 -3  0 -3 -4  0 -3 -2  3 -4 -5 -6 -2 -3 -7 -4 -2    3  53   2   1   1   3   1   1   2   2   4  17   0   1   0   2   2   0   1   4  1.26 0.75
   42 N    1  1  0  0 -5  3  3 -2 -1 -3 -3  2 -3 -4 -3  0  0 -5 -3 -2   12   8   4   5   0  11  20   3   1   2   2  14   0   1   1   8   5   0   1   3  0.35 0.33
   43 I    1 -2 -2 -4  0 -2 -3 -4 -1  1  4 -1  0 -2 -5 -2  0 -3 -2  1   11   3   2   1   2   2   2   1   2   7  45   4   1   1   0   3   5   0   1   7  0.48 0.38
   44 L   -2  2 -1 -2 -4  5  0 -4 -4  2  1  2  0 -4 -5 -1  0 -5 -3 -1    2  11   2   2   0  24   6   1   0  12  14  10   2   0   0   3   5   0   1   4  0.43 0.39
   45 V    0  0 -1 -2 -2  3 -1 -1  1 -1 -2  1 -2  2 -3  0  2 -2  1 -1    8   5   3   2   1  13   4   5   4   3   3  10   1  10   1   6  13   0   6   5  0.17 0.22
   46 E   -1  1 -1  1 -3  3  5 -4 -1 -2 -4  2 -3 -5 -5  0 -1 -3 -4 -3    6   8   3   7   1  12  32   1   1   2   2  14   1   0   0   5   3   0   1   1  0.62 0.48
   47 V    0  0 -3 -4 -1 -2 -4 -3 -2  3  3 -3  0 -1 -5 -1  0 -5 -1  3    9   5   1   0   1   1   1   2   1  16  28   1   2   2   0   3   6   0   2  18  0.39 0.31
   48 E   -3  0  2  4 -7  2  5 -4 -2 -5 -4 -2 -3 -7 -5 -2 -2 -7 -3 -4    2   4  10  25   0  10  35   1   1   1   2   2   1   0   0   2   2   0   1   1  0.99 0.65
   49 S    1  0  2  2 -5  3  3 -1  0 -4 -3  1 -3 -4 -3  1  0 -5 -3 -4   10   4   9   9   0  12  17   5   2   0   3   9   1   1   1   8   6   0   1   1  0.31 0.31
   50 L   -1 -3 -4 -5 -3 -3 -4 -6 -2  1  5 -1  2 -1 -4 -4 -2  0  0 -1    6   1   1   1   1   1   1   0   1   7  60   5   4   3   1   1   2   1   3   3  0.89 0.57
   51 K   -4  6  2 -4 -1  3 -1 -4 -2 -3 -3  2 -3 -5 -5 -2 -4 -6 -2 -3    1  45  10   0   1  14   4   1   1   2   2  12   0   0   0   2   1   0   1   2  1.10 0.69
   52 N    3  1  0 -2 -2  1  1 -1  2 -4 -4  2 -2 -3 -4  1  0 -5 -2 -4   27   6   4   1   1   7   9   3   6   1   1  15   1   1   0  10   7   0   1   0  0.41 0.38
   53 K   -2  2 -2 -1 -6  3  5 -4 -2 -3 -2  2 -1 -3 -5 -2 -1 -6 -3 -4    4  10   2   3   0  13  36   1   1   1   5  14   2   1   0   3   3   0   1   1  0.69 0.53
   54 R   -2  6 -3 -5 -2  3 -3 -4  1  0 -1  3 -2 -2 -4 -1 -4 -6 -3 -2    2  38   1   0   1  13   1   1   3   6   6  17   1   2   1   4   1   0   1   2  0.84 0.57
   55 K   -4 -1  8 -2 -7 -2 -2 -2 -2 -7 -6  3 -6 -7 -6 -2 -3 -7 -6 -7    1   3  66   2   0   1   2   3   1   0   1  15   0   0   0   2   1   0   0   0  1.88 0.97
   56 Q    1  1 -1 -1 -4  2  2 -2 -1 -1 -1  2 -1 -2 -3  0  0 -4 -3 -1   11   9   3   2   0  11  15   2   1   3   6  15   2   2   1   6   5   0   1   5  0.23 0.25
   57 E    0 -1 -1 -3  0 -1 -3 -3  0  3  3 -2  0 -1 -3 -2 -1 -2 -1  2    8   3   3   1   2   2   1   2   3  17  26   3   2   2   1   2   4   1   2  14  0.25 0.23
   58 S    1 -2  1 -3 -5  1 -2  0 -2 -4 -5 -2 -5 -3 -5  5  1 -6 -5 -3   12   2   7   1   0   6   2   6   1   1   1   2   0   1   0  47   7   0   0   2  0.80 0.62
   59 A    0  2  0  0 -5  0  1 -1  0 -4 -2  5 -2 -5 -3 -1 -2 -5 -2 -4    7   9   4   5   0   4   8   4   2   1   4  41   1   0   1   5   2   0   1   1  0.64 0.47
   60 K    0  0  0  0 -3  3  4 -3 -2 -3 -2  2 -2 -3 -3  0  0 -5 -4 -3    9   5   5   5   1  14  26   2   1   2   4  10   1   1   1   7   4   0   0   2  0.40 0.36
   61 I   -2 -3 -3 -3 -4 -3 -3 -5 -2  6  0 -2  3  1 -3 -3 -3 -5 -1  3    3   1   1   1   0   1   1   1   1  44   8   2   6   6   1   2   1   0   2  16  0.84 0.50
   62 P    2  0 -1 -2 -4 -1 -1  3 -1 -3 -3  1 -1 -2  0  0 -1 -4 -2 -2   20   6   3   2   0   3   4  26   1   1   3   8   1   2   5   7   4   0   2   2  0.32 0.27
   63 Q    0  1  1 -1 -4  3  1 -2  0 -1 -2  3  0 -2 -2  0 -1 -4 -1 -2    7   6   8   3   0  12  10   3   2   4   4  19   2   2   2   6   3   0   2   3  0.23 0.24
   64 F    1  0 -1 -1 -1 -1 -1 -1 -1  0  2  1  0 -1 -1 -1 -1 -3  0  0   15   6   2   3   2   3   2   5   2   4  23  10   2   2   2   4   4   0   3   5  0.08 0.13
   65 K   -1  1  0  0  0  0 -1 -2  0 -1 -2  4  2 -1 -1  0 -1 -4 -1 -1    5   8   3   4   2   3   3   3   3   4   4  31   5   2   4   5   4   0   2   4  0.29 0.27
   66 K    0  2  0  1 -4  1  0 -1  0 -2 -2  3  0 -4  0  0 -1 -4 -1 -2    6  11   5   6   0   7   5   4   2   3   5  21   2   0   4   8   4   0   2   3  0.21 0.22
   67 E    0  0  0  0  2  0  0 -1  1  0 -1  0  1  0  0  0  0 -2  1  0    5   5   5   5   5   5   5   5   5   5   5   5   5   5   5   5   5   0   5   5 -0.00 0.06
   68 G   -1 -2  0 -1 -5  0  1  4 -3 -5 -4  4 -3 -4  1  0 -2 -5 -3 -4    4   1   5   3   0   4   8  33   1   1   2  23   1   1   6   5   2   0   1   1  0.62 0.38
   69 K   -1  1 -1  1 -5  1  4  0 -2 -4 -3  3 -3 -4 -1  0 -2 -5 -4 -3    5   6   3   7   0   6  26   6   1   1   3  22   0   1   3   5   2   0   0   1  0.48 0.33
   70 N   -1  0  2  5 -5  1  2 -2 -2 -5 -4  1 -4 -4  2  0 -1 -5 -5 -4    4   5  10  28   0   6  13   2   1   0   1   7   0   1   9   6   3   0   0   1  0.57 0.36
   71 V    3  1 -2 -1  0 -2 -2 -2 -3  1 -1  1 -2  0  0  0  0 -3 -1  0   27  10   2   3   2   1   2   2   0   9   4   8   0   5   4   6   5   0   3   7  0.17 0.19
   72 D    0 -2 -1  3 -4  2  4 -2 -2 -3 -3  1 -3 -5  0  1  0 -5 -3 -4    8   1   2  17   0  10  23   2   1   2   3   7   0   0   4  10   6   0   1   1  0.45 0.32
   73 D    2  0  0  2 -4  1  4 -2 -1 -3 -3  2 -3 -4  0  0 -1 -2 -3 -2   17   4   3   9   0   5  25   3   1   1   2  11   0   1   4   7   3   1   1   2  0.36 0.28
   74 I    0 -2 -2 -4 -4 -1 -1 -5 -3  2  5  0  0 -1 -4 -3 -2 -2 -2  0    7   2   2   1   0   3   5   1   0   9  48   6   1   2   1   1   2   1   1   5  0.56 0.36
   75 M   -2  1 -4 -4 -4 -1 -2 -5 -2  5  2  1  2 -1 -4 -3 -2 -3 -3  1    2   9   1   1   0   2   2   1   1  32  18  10   6   2   0   2   2   0   0   8  0.54 0.35
   76 A    3 -1 -1  1 -5  2  3 -2 -3 -3 -3  2 -2 -5 -4  0 -1 -4 -5 -3   25   3   3   6   0  10  23   2   0   2   2  12   1   0   0   6   3   0   0   2  0.49 0.37
   77 E    0  2 -2 -1 -6  3  5 -4  0 -3 -3  3 -4 -5 -5 -1 -3 -6 -4 -5    7  10   1   3   0  14  36   1   2   1   2  16   0   0   0   4   1   0   1   1  0.81 0.51
   78 M    2 -3 -2 -4 -3 -3 -4  2 -5  1  0  0  4 -4 -4  1  0 -3 -3  2   18   1   1   0   0   1   1  15   0   7  10   6  13   0   0   9   4   0   0  13  0.37 0.31
   79 K    0  4  1 -2 -5  1  1 -2 -4 -4 -5  5 -5 -6 -5  0 -1 -6 -5 -4    8  19   7   1   0   5   7   3   0   1   1  36   0   0   0   6   3   0   0   1  0.78 0.49
   80 E    1  0  1  1 -5  2  4 -2 -1 -3 -2  2 -4 -5 -4  0 -1 -6 -4 -2   12   4   5   6   0  10  27   3   2   1   4  12   0   0   0   7   3   0   0   3  0.42 0.33
   81 L   -2 -6 -2 -6 -3 -4 -6 -7 -5  5  5 -4  0 -2 -6 -4 -3 -3 -5  2    3   0   3   0   0   1   0   0   0  26  48   1   2   2   0   1   1   0   0  11  1.07 0.55
   82 A    0  2  0  0 -6 -2 -1  1 -5 -4 -6  6 -4 -7 -2  1 -2 -7 -6 -5    6   8   5   4   0   1   3  11   0   1   0  44   0   0   2  11   2   0   0   0  0.84 0.52
   83 G    1 -1  1  3 -5  2  3 -2 -1 -3 -3  2 -4 -5 -2  0  0 -6 -4 -3   10   3   6  13   0   9  22   3   1   1   2  14   0   0   2   6   5   0   0   2  0.41 0.32
   84 K   -2  3 -2  1 -6  4  4 -4 -2 -3 -3  3 -3 -5 -5 -1 -1 -6 -5 -4    4  14   2   6   0  15  25   1   1   2   2  19   1   0   0   4   4   0   0   1  0.69 0.45
   85 I   -2 -4 -6 -6 -4 -2 -3 -5 -4  6  3 -1  0 -2 -6 -4 -3 -6 -3  1    3   1   0   0   0   2   2   1   0  41  29   4   2   1   0   1   1   0   1   9  0.96 0.50
   86 K    2  0  0  0 -5  2  1 -3 -1 -2 -4  4 -3 -5 -2  1 -1 -6 -3 -3   17   3   4   6   0   8   9   2   1   2   1  30   0   0   2   8   4   0   1   1  0.49 0.36
   87 K    2  0  0  1 -3  2  4 -1 -1 -3 -3  2 -3 -4 -3  0  0 -5 -4 -2   16   4   4   8   0   7  24   5   1   2   2  11   0   0   1   5   5   0   0   2  0.37 0.30
   88 L    0 -2 -1 -3 -1 -1 -3 -3 -2  1  4  1  2 -1 -5 -2 -1 -4 -1  0    8   1   3   1   1   2   1   2   1   7  43   9   4   2   0   2   3   0   2   4  0.44 0.32
   89 D   -3 -3  1  2 -7  0  6 -4 -4 -5 -5  0 -5 -6 -6 -1 -3 -5 -1 -4    2   1   6  10   0   4  57   1   0   1   1   6   0   0   0   4   2   0   2   1  1.24 0.69
   90 E    2  0  0  1 -4  1  3 -1 -1 -2 -2  2 -2 -3  0  0  0 -5 -3 -2   18   3   4   8   0   5  18   3   1   2   5  12   1   1   5   6   6   0   0   3  0.24 0.23
   91 R   -1  2  0  1 -6  3  4 -4 -2 -2 -4  3 -3 -5 -4 -1 -1 -6 -5 -2    6  12   3   6   0  11  30   1   1   3   2  17   1   0   0   3   3   0   0   2  0.63 0.42
   92 L    0 -1 -3 -3 -2 -1  1 -5 -1  1  4 -2  1  0 -5 -3 -2 -3 -1  2    9   3   1   1   1   3   9   0   2   6  38   3   3   3   0   1   2   0   2  12  0.40 0.30
   93 S    1  2  1  1 -5  1  2 -2 -1 -2 -3  3 -4 -5 -3  0  0 -6 -4 -2   14  12   6   9   0   5  12   2   1   2   2  18   0   0   0   8   5   0   0   3  0.34 0.28
   94 E    0 -1  1  1 -5  2  5 -2 -1 -3 -3  1 -4 -5 -3  0  0 -3 -4 -2    9   3   5   7   0   8  35   3   1   1   2   9   0   0   1   5   5   0   1   4  0.52 0.38
   95 I    1 -4 -4 -6  0 -3 -3 -6 -3  3  3  0  0 -2 -5 -3 -1 -3  0  3   11   0   1   0   2   1   1   0   1  18  33   5   1   1   0   1   3   0   3  17  0.58 0.36
   96 D   -1 -1  0  2 -4  2  5 -4 -4 -3 -2  2 -2 -4 -5 -1 -1 -4 -3 -4    4   3   4   9   0   9  41   1   0   1   5  11   1   1   0   3   3   0   1   1  0.73 0.48
   97 G    2 -1  1  1 -4  1  3 -2 -1 -3 -3  2 -3 -5 -3  0  0 -6 -4 -3   19   3   5   8   0   7  23   3   1   2   3  12   0   0   1   7   5   0   0   1  0.37 0.31
   98 S    0  2 -1  0 -5  3  4 -4 -3 -4 -2  3 -3 -5 -4 -1 -1 -6 -4 -3    8   9   2   5   0  12  31   1   0   1   4  15   0   0   0   4   4   0   1   2  0.58 0.41
   99 I   -3  3 -6 -6 -5 -2 -5 -7 -3  3  4 -4  3  2 -6 -4 -4  3  1  0    2  14   0   0   0   2   0   0   1  14  38   0   6   8   0   1   1   4   4   5  0.77 0.45
  100 E   -2  2  3  3 -4  2  2 -4  1 -3 -1  1 -2 -1 -4 -1  0 -2  2 -4    3  10  14  16   0   9  11   1   3   1   6   7   1   3   0   3   5   0   6   0  0.35 0.28
  101 Y    1  0  1  2 -3  1  3 -2  0 -3 -2  1 -2 -3 -3  1  0 -5 -2 -3   14   4   8  11   0   6  19   2   2   1   4   9   1   1   1   8   6   0   1   2  0.27 0.24
  102 I    0 -1 -1 -3 -3 -1  0 -4 -2  2  3  1  2  1 -5 -3 -2 -3  0 -1    8   3   2   1   0   3   8   1   1  12  32  10   4   5   0   1   2   0   4   3  0.32 0.26
  103 M    2 -2 -5 -6  0 -3 -4 -3 -3  0  5 -5  4 -1 -6 -3 -2  0 -2 -1   18   3   0   0   2   1   1   2   1   5  47   0   9   2   0   1   2   1   1   4  0.75 0.45
  104 L   -1  0 -2 -1 -2 -1 -1 -3 -2 -1  4  0  2 -1 -3  0 -2  1  1 -1    6   5   1   3   1   2   4   2   1   3  38   6   5   2   1   9   2   2   5   3  0.28 0.26
  105 R    0  2  0 -2 -3  2  1 -2  0 -3 -1  2  0 -3 -2  1  1  1 -2 -2    8  10   4   2   0  12   8   3   3   1   6  13   3   1   2  11  10   2   1   2  0.20 0.20
  106 I   -5 -6 -7 -8 -4 -7 -7 -8 -7  6  4 -7  0 -1 -7 -6 -4 -5 -4  3    0   0   0   0   0   0   0   0   0  42  32   0   2   3   0   0   1   0   0  20  1.43 0.65
  107 P   -5 -7 -7 -7 -6 -7 -6  2 -8 -9 -9 -7 -8 -9  8 -5 -7 -9 -9 -8    1   0   0   0   0   0   0  17   0   0   0   0   0   0  81   1   0   0   0   0  2.87 1.20
  108 N   -6 -6  9 -4 -9 -2 -6 -5 -5 -9 -6 -6 -4 -9 -8 -5 -6 -10 -8 -7    1   0  94   0   0   2   0   1   0   0   1   0   0   0   0   0   0   0   0   0  3.22 1.30
  109 I   -4 -3 -4 -2 -4 -2 -4 -6 -2  5  4 -3  2  0 -1 -4 -2  1 -1  1    1   1   1   3   0   1   1   0   1  29  33   1   4   3   4   1   3   2   2   9  0.69 0.40
  110 P   -2 -5 -5 -6 -2 -5 -6 -6 -3  1  2 -5 -2 -3  6 -2  2 -7 -4  2    2   0   0   0   1   0   0   0   1   7  18   0   1   1  38   4  13   0   0  14  1.04 0.58
  111 N    0 -4 -1  4 -4 -3 -2 -4  9 -4 -1 -5 -4 -2 -4  1 -4  0 -2 -5    7   1   2  21   0   1   3   1  42   1   6   0   0   2   1   9   1   1   1   1  1.37 0.69
  112 P   -1 -4 -1  4 -7 -2  4 -4 -2 -5 -5  0 -4 -6  5 -1 -4 -7 -6 -4    6   0   2  21   0   1  22   1   1   0   1   5   0   0  31   5   1   0   0   2  1.00 0.57
  113 N   -2 -2 -1  5 -3 -1  2 -1 -2 -6 -4 -1 -5 -7 -5  4  0 -4 -4 -6    3   2   2  31   0   2  11   4   1   0   2   3   0   0   0  32   4   0   1   0  0.88 0.54
  114 V    0 -7 -4 -7 -1 -6 -7 -6 -7  0 -3 -6 -2 -6 -7 -1  2 -5 -6  7    7   0   1   0   1   0   0   0   0   3   1   0   1   0   0   4  12   0   0  69  1.60 0.78
  115 P   -5 -6 -6 -7 -7 -4 -5 -7 -5 -4 -5 -4 -5 -8  9 -5 -6 -8 -6 -3    1   0   0   0   0   1   1   0   0   1   1   1   0   0  89   1   0   0   0   2  2.98 1.20
  116 N   -2 -1 -3  1 -4 -2  0 -4 -3  4 -1 -2 -1 -1 -2 -2  0 -5 -2  4    3   3   1   7   0   1   8   1   0  24   5   2   1   3   2   2   5   0   1  30  0.47 0.31
  117 G   -3 -6 -3 -3 -4 -3 -5  7 -3 -7 -6 -5 -5 -5 -5  2 -5 -6 -5 -6    2   0   1   1   0   1   0  74   1   0   1   1   0   1   1  15   1   0   1   1  1.84 0.79
  118 D    0  0  2  2 -3  0  1 -1 -1 -3 -2  3 -1 -2  1 -1 -1 -4 -3 -2    8   5   9  10   0   4   9   5   1   1   4  21   1   2   8   4   3   0   1   2  0.23 0.18
  119 S   -3 -3  2  6 -4 -3  1  0 -4 -5 -5 -2 -3 -5 -4  1  1 -6 -2 -5    1   1   9  42   0   0   9   9   0   1   1   3   1   0   1  11   8   0   1   1  0.90 0.49
  120 D   -1 -3 -3  4 -7 -1  7 -4 -4 -7 -6 -2 -6 -6 -1 -1 -4 -7 -4 -6    5   1   1  18   0   2  60   1   0   0   1   2   0   0   3   4   1   0   1   0  1.46 0.73
  121 E    1 -2  1  3 -3  0  3 -2  0 -4 -4  1 -3 -5 -3  2  1 -6 -4 -3   10   1   7  17   0   3  19   2   2   1   1   8   0   0   1  17   8   0   0   2  0.48 0.34
  122 D    1 -4  3  5 -3  1  2  0  0 -5 -5 -2 -2 -2 -3 -1 -3 -5 -2 -4   10   1  13  34   1   5  14   6   2   0   1   2   1   2   1   4   1   0   1   1  0.72 0.42
  123 N    0 -3  8 -3 -5 -4 -4 -4 -3 -5 -6 -3 -5 -4 -2 -2 -4 -6 -3 -4    7   2  74   1   0   1   1   1   0   1   1   2   0   1   2   3   1   0   1   1  2.03 0.87
  124 V   -1  2 -3 -4 -4  1  0 -4 -3  1 -1  3 -2 -4 -1 -3 -1 -6 -4  4    4  11   1   0   0   5   7   1   0   7   4  15   0   0   3   1   4   0   0  36  0.55 0.38
  125 E   -3 -5 -5 -4 -2 -1  4 -7 -5  3 -1 -4 -3 -4 -1 -5 -1 -7 -5  5    1   0   0   1   1   2  29   0   0  13   5   0   0   0   3   0   4   0   0  40  1.00 0.57
  126 I   -4 -3 -5 -6 -3 -4  0 -6 -3  5  2 -4  0 -3 -6 -5 -2 -3 -2  4    1   2   0   0   0   1   7   0   1  30  19   1   1   1   0   0   2   0   1  32  0.94 0.49
  127 R   -2  6 -2 -3 -6 -1  0 -3  0 -4 -4  4 -3 -2 -4 -1 -3 -6 -1 -4    3  41   1   1   0   2   7   2   2   1   2  25   0   2   1   5   1   0   3   1  0.99 0.54
  128 R   -2  3 -2 -3 -3  0  1 -4 -1 -1 -3  2 -1 -3 -4  0  4 -5  0  0    2  15   2   0   0   5  10   1   1   4   2  12   1   1   1   6  26   0   4   7  0.42 0.34
  129 W   -4 -4 -3 -5 -1 -4 -1 -5  2  0 -4 -2 -2  3 -5 -3 -4 10  2  3    1   1   1   1   1   1   4   1   4   5   1   3   1  10   1   2   1  38   5  18  1.59 0.70
  130 G   -3 -3  0 -4 -3 -5 -4  7 -1 -4 -3 -3 -6 -6 -3 -3 -4 -5 -4 -6    2   2   4   1   1   0   1  76   1   1   3   2   0   0   2   2   1   0   1   0  1.72 0.75
  131 E    0 -2  0  2 -5  0  4 -3 -2 -4 -4  1 -4 -6  1 -1  1 -6 -5 -1    6   2   5  11   0   4  31   1   1   1   1  10   0   0   7   4  10   0   0   5  0.54 0.38
  132 A   -2  0 -3 -2  1 -2 -1 -3 -2  1 -2  4 -2 -4  5 -3 -2 -6 -4 -1    4   4   1   2   3   2   5   2   1  10   3  22   1   1  33   1   2   0   0   5  0.75 0.44
  133 T   -2  4 -2 -2 -5 -2 -1 -5 -3 -3 -5  2 -2 -5  6 -2  0 -3 -5 -3    3  20   2   2   0   1   4   0   0   1   1  11   1   0  39   3   7   0   0   2  1.03 0.56
  134 T    0  1  0  0 -2  1  2 -2 -1 -1 -2  3 -2 -3 -1  1  1 -5 -3  0    7   6   5   5   1   6  14   2   1   3   3  18   1   1   3  10   9   0   1   7  0.21 0.20
  135 F   -2  0 -4 -4 -5 -2 -2 -4 -2 -1  0 -1  0  7  0 -2 -4 -2  2 -2    3   5   1   1   0   2   4   2   1   4   7   4   2  49   6   3   1   0   5   3  0.98 0.49
  136 E    0 -3  1  5 -4  0  2 -1 -2 -4 -4  0 -3 -4 -1  1  0 -3 -2 -3    6   1   6  34   0   3  12   5   1   1   1   5   0   0   3  12   5   0   2   1  0.58 0.36
  137 F   -3 -3 -3 -2 -5 -3 -2 -1  1 -3 -3 -1 -3  8 -1 -2 -2  0  0 -2    2   2   1   3   0   1   3   5   3   1   2   4   0  58   3   3   3   1   2   3  1.27 0.57
  138 E   -1 -1  1  0 -5  1  3 -3 -1 -3 -4  3 -3 -5  3  0  1 -2 -4 -2    5   3   6   5   0   5  23   2   1   1   1  18   0   0  12   5  10   1   0   2  0.46 0.32
  139 P   -1 -3 -3 -4  0 -2 -4 -3 -3  2  0 -1 -2 -2  6 -2 -3 -6 -2  1    5   1   1   1   2   2   1   2   1  10  10   4   1   1  43   2   1   0   1   9  0.91 0.49
  140 K   -3  4 -4 -4 -5  0 -2 -5 -2 -3  1  6 -1 -4 -3 -4 -3 -5  0 -2    2  19   0   0   0   3   2   0   1   1  17  43   1   0   1   0   1   0   4   3  0.91 0.52
  141 A   -2 -4  3  5 -6 -3  0 -1  1 -5 -5 -4 -4 -5  3  3 -1 -2 -3 -5    4   1  11  33   0   1   4   4   4   1   1   0   0   0  13  19   4   1   1   0  0.79 0.47
  142 H   -6 -6 -4 -7 -9 -4 -6 -8 11 -9 -8 -7 -7 -1 -8 -5 -8 -8  0 -7    0   0   0   0   0   1   0   0  92   0   0   0   0   2   0   1   0   0   3   0  3.94 1.38
  143 W   -2 -3 -4 -1 -3 -3 -2 -4  2  2  1 -3  0  0 -5 -3 -2  7  2  4    3   1   0   5   0   1   3   1   5   9  13   1   2   3   0   2   1  14   7  29  0.63 0.38
  144 D   -1 -3 -2  5 -7  1  6 -5 -2 -5 -7 -3 -5 -5 -5 -2 -1 -7 -5 -4    6   1   1  30   0   6  45   1   1   1   0   1   0   1   0   2   4   0   0   2  1.25 0.65
  145 L   -6 -7 -8 -8 -5 -7 -7 -8 -7  5  5 -6 -1 -2 -7 -7 -4 -4 -4  0    0   0   0   0   0   0   0   0   0  31  60   0   1   1   0   0   1   0   0   6  1.60 0.70
  146 G    2 -5 -4 -5  3 -5 -4  5 -6  0  1 -5  3 -5 -3 -3 -3 -6 -5  0   17   0   1   0   6   0   1  43   0   5  12   0   7   0   1   1   1   0   0   6  0.83 0.47
  147 V   -1 -1 -2 -1 -5  0  5 -3 -1 -3 -2  2 -3 -5 -3  0  1 -1 -3 -1    5   3   1   3   0   4  37   1   1   2   5  14   0   0   1   5  11   1   1   5  0.53 0.38
  148 N    1  2  0  1 -3  0  1 -2 -1 -2 -1  2  3 -3 -2  0 -1 -4 -2 -3   11  13   4   7   0   4  10   3   2   2   6  16   9   1   1   7   3   0   1   1  0.23 0.22
  149 L   -3 -2  0 -4 -3 -4 -5 -5  2  1  5 -2  0  0 -6 -4 -3 -5 -2 -1    1   2   5   1   0   1   0   1   4   6  63   3   2   4   0   1   2   0   1   3  0.96 0.51
  150 D   -3 -3  2  5 -5 -2 -1  5 -2 -7 -7  0 -5 -6 -5 -2 -5 -7 -6 -6    1   2  10  35   0   2   3  37   1   0   0   5   0   0   0   2   0   0   0   0  1.21 0.59
  151 I   -2 -4 -5 -4 -2 -4 -5  2 -5  5  3 -5  3 -2 -6 -4 -3  5 -2 -1    3   1   0   1   1   1   1  15   0  29  29   0   6   1   0   1   1   8   1   2  0.81 0.44
  152 L    0 -5 -6 -6 -3 -5 -6 -5 -4  4  3 -5  3  3 -6 -4 -3  1  1  2    8   0   0   0   0   0   0   1   0  26  25   0   6  11   0   1   1   2   5  13  0.74 0.40
  153 D   -4 -1  1  8 -6 -4  0 -6 -4 -7 -6 -4 -5 -4 -6 -3 -6 -8 -7 -7    2   3   5  78   0   0   6   0   0   0   1   1   0   1   0   1   0   0   0   0  2.17 0.90
  154 F   -3 -4 -3 -5 -4 -1 -3 -2 -4  0  1 -4  2  7  0 -1  1 -2  0 -1    1   0   1   0   0   4   1   3   0   6  13   1   4  41   5   4   8   0   2   4  0.76 0.43
  155 E   -1 -1 -2  2 -5  0  6 -4 -3 -4 -5  2 -4 -7 -1 -1 -2 -7 -6 -4    6   3   2  12   0   4  51   1   0   1   1  10   0   0   3   4   2   0   0   1  1.00 0.56
  156 R    1  6  0 -3 -6  0 -3 -3 -1 -3 -3  2 -3 -6 -5  1  0 -5 -4 -4   12  45   3   1   0   3   1   2   2   1   2  11   0   0   0   8   7   0   0   1  0.89 0.51
  157 A    5 -6 -4 -6 -5 -5 -6  5 -6 -3 -3 -5 -4 -7 -5  0 -3 -7 -6 -4   41   0   0   0   0   0   0  44   0   2   4   0   0   0   0   6   1   0   0   1  1.34 0.67
  158 G    5 -3 -2 -5 -2 -3 -5  0 -4 -2 -5 -4 -4 -6 -4  2  1 -6 -4  2   47   1   2   0   1   1   0   5   0   2   0   0   0   0   0  15   9   0   0  16  0.85 0.53
  159 K   -2  2  0 -1 -6  0  0 -4  0 -3 -3  6 -4 -5 -5 -2 -1 -7 -5 -3    4   9   4   3   0   4   6   1   2   2   3  54   0   0   0   3   3   0   0   2  1.00 0.55
  160 V   -2 -6 -5 -6 -4 -5 -6 -6 -6  4  2 -6  2 -3 -6 -3  0 -6 -4  5    4   0   0   0   0   0   0   0   0  26  18   0   4   1   0   1   7   0   0  39  1.03 0.52
  161 T    4 -5 -4 -5 -2 -5 -5 -3 -4 -5 -6 -5 -4 -5 -5  5  2 -5 -6 -1   31   0   0   0   1   0   0   2   0   0   0   0   0   0   0  49  12   0   0   4  1.28 0.72
  162 G   -4 -7 -6 -6 -5 -5 -7  8 -6 -9 -9 -4 -8 -9 -7 -4 -6 -8 -8 -8    1   0   0   0   0   0   0  96   0   0   0   1   0   0   0   1   0   0   0   0  2.74 1.06
  163 S    3 -2  0 -4 -5 -2 -3 -1  4 -6 -6 -2 -4 -1 -2  5  0  1 -4 -5   20   2   5   0   0   1   1   5  11   0   0   2   0   3   2  41   5   2   0   0  0.82 0.52
  164 R   -4  7 -2 -6 -7 -2 -5  3 -2 -7 -7  1 -2 -6 -6  0 -5 -7 -6 -7    1  63   2   0   0   1   0  18   1   0   0   6   1   0   0   6   0   0   0   0  1.70 0.79
  165 F   -3 -7 -2 -7 -3 -5 -7  2 -3 -5 -5 -7 -4  8 -7  0 -3  5 -1 -6    2   0   2   0   1   0   0  16   1   0   0   0   0  61   0   6   2   6   1   0  1.86 0.80
  166 T    0 -5 -4 -6 -1 -5 -6 -4 -3 -2 -4 -6 -4  1  1 -1 -1  2  8  2    7   0   1   0   1   0   0   2   0   2   1   0   0   4   6   5   4   3  50  12  1.34 0.67
  167 F   -3 -6 -6 -7  1 -6 -6 -6 -3  0  0 -6  0  5 -7 -4 -2 -3  7  3    2   0   0   0   3   0   0   0   0   5   7   0   2  25   0   1   2   0  34  17  1.30 0.61
  168 Y   -5 -6 -7 -6 -5 -5 -5 -6 -5  0  6 -6  2  1 -7 -6 -4 -1  3 -3    0   0   0   0   0   0   1   0   0   4  70   0   4   5   0   0   1   1  11   1  1.46 0.68
  169 K   -4  3 -3 -4 -4 -1 -3 -5 -2 -2 -1  6  0 -3 -5 -1  1 -3 -4 -2    1  16   1   0   0   2   1   0   1   2   6  49   3   1   0   4  10   0   1   2  1.01 0.57
  170 G   -4 -2  5  0 -7 -3 -3  6 -2 -7 -7 -2 -7 -7 -5 -3 -4 -7 -7 -7    1   2  23   4   0   1   1  62   1   0   0   3   0   0   0   1   1   0   0   0  1.62 0.72
  171 L    1 -2 -1  4 -4  1  3 -2 -3 -2 -2  0  0 -2  0 -2 -3  1 -1 -2   13   2   2  25   0   6  18   3   0   2   4   7   3   2   5   2   1   2   2   3  0.39 0.30
  172 G    2 -6 -5 -5 -4 -5 -6  5 -6  0  2 -5  0 -4 -3 -4 -4 -6 -6 -2   17   0   0   0   0   0   0  48   0   5  21   0   2   1   1   1   0   0   0   2  1.05 0.54
  173 A    6 -6 -6 -6 -4 -5 -5 -5 -6 -3 -2 -5 -2 -2 -5 -1 -3 -6 -5  4   64   0   0   0   0   0   0   0   0   0   3   0   1   2   0   4   1   0   0  23  1.40 0.71
  174 R   -3  4 -4 -3 -5  0 -2 -5 -2 -1  3  1  2  1 -5 -3 -3  0 -2 -2    1  27   0   1   0   5   3   0   1   3  32  10   4   6   0   1   1   1   1   2  0.62 0.39
  175 L   -5 -6 -7 -8 -6 -6 -7 -8 -7 -2  7 -7  2 -3 -7 -7 -5 -4 -3 -3    1   0   0   0   0   0   0   0   0   1  90   0   4   1   0   0   0   0   1   1  2.08 0.86
  176 E   -4 -3  3  0 -7  3  6 -4  4 -4 -3 -3 -4 -4 -5 -2 -4  0 -2 -4    1   1  13   4   0  13  47   1   9   1   2   1   0   1   0   3   0   1   2   1  1.10 0.60
  177 R   -4  5 -2 -4 -6  4 -3 -6  1 -3  1 -2  3  2 -6 -3 -3  3 -2 -4    0  33   1   1   0  19   1   0   4   2  15   1   8   8   0   1   1   4   1   1  0.87 0.51
  178 A    7 -6 -5 -7 -5 -5 -5 -2 -7 -5 -5 -4 -6 -7 -6 -2 -4 -7 -7 -4   90   0   0   0   0   0   0   3   0   0   1   1   0   0   0   3   1   0   0   1  2.15 0.96
  179 V   -5 -7 -8 -8 -3 -7 -7 -8 -7  2  6 -7 -1 -3 -7 -7 -5 -6 -5  0    1   0   0   0   1   0   0   0   0   9  81   0   1   0   0   0   0   0   0   7  1.82 0.78
  180 I    0 -5 -5 -5 -3 -1 -4 -3 -3  5  1 -4  2 -1 -5 -1  0 -1 -2  2    7   0   0   0   0   4   1   3   1  40  12   1   5   2   0   4   5   1   1  14  0.67 0.39
  181 N   -1  2  5 -1 -6  5 -3 -3  0 -5 -4 -1 -1 -5 -5  0 -2 -5 -4 -5    5   9  31   3   0  30   0   2   2   0   2   2   2   0   0   7   3   0   0   0  1.00 0.58
  182 Y   -6 -7 -7 -8 -6 -4 -6 -7  1 -4  0 -7 -1  7 -8 -6 -6  5  7 -5    0   0   0   0   0   1   0   0   3   0  10   0   2  45   0   0   0   8  30   0  2.00 0.82
  183 Y    4 -5 -5 -6 -1 -5 -5  1 -5 -3 -2 -5  7  1 -5 -1  1 -4 -3 -1   35   0   0   0   1   0   0  10   0   1   3   0  24   6   0   5   9   0   1   5  0.89 0.54
  184 L   -3 -3 -7 -7 -3 -3 -5 -7 -5  2  5 -5  4  1 -6 -5 -3 -1 -2  0    1   2   0   0   0   1   0   0   0  12  60   0   9   5   0   0   2   1   1   5  1.14 0.55
  185 D   -1 -1  1  6 -5  0  2 -3  1 -6 -6 -1 -3 -6 -5  1 -3 -7 -5 -5    6   3   6  49   0   5  10   2   3   0   0   3   1   0   0  10   1   0   0   0  1.07 0.55
  186 T   -2  0 -1 -2 -2  0  0 -3 -1  1  1  2  1  2 -2 -1  1 -1  0  1    2   6   2   1   1   3   7   1   1   9  14  15   3   8   1   2   9   1   3  10  0.12 0.12
  187 H    0 -3  0 -3 -3  0 -3 -3  7 -2  2 -3  2  4 -4 -3 -3 -2  0 -2   10   1   5   1   0   4   1   1  28   1  17   2   5  16   1   2   1   0   2   2  0.74 0.37
  188 I    0 -3 -3 -4 -2 -4 -4 -4 -2  3  3 -4  1 -2 -4 -2  3 -3 -3  3    8   1   1   0   1   0   0   1   1  13  29   1   3   1   0   2  20   0   0  17  0.55 0.34
  189 D    0  3  1  1 -3  1  1 -1 -1 -2 -2  1  0 -2 -2  1  0 -3 -1 -2    7  20   5   6   0   5   8   5   1   2   3   7   3   1   1  14   7   0   2   3  0.21 0.16
  190 E    0  0 -1 -1 -5  3  4 -3 -3 -5 -4  5 -4 -5 -4  0 -3 -5 -5 -4    8   5   2   3   0  11  25   2   0   1   2  32   0   0   0   6   1   0   0   1  0.77 0.45
  191 H   -1  4  2 -2 -3  1 -1 -3  6 -4 -4  3 -3 -1 -3 -2 -3  0 -1 -4    6  22   9   2   0   5   3   1  20   1   1  19   1   3   1   2   1   1   2   1  0.74 0.38
  192 G   -4 -6 -1 -1 -5 -4 -4  7 -6 -6 -7 -3 -7 -5 -4 -3 -6 -7 -7 -4    1   0   3   3   0   1   1  84   0   1   1   2   0   0   1   1   0   0   0   1  2.08 0.83
  193 Y   -6 -7 -8 -7 -8 -7 -8 -8 -3 -5 -4 -8 -4  7 -8 -7 -6  4  8 -6    1   0   0   0   0   0   0   0   1   0   1   0   0  45   0   0   0   4  47   0  2.60 0.99
  194 T   -2  0 -2 -2 -3  0  2 -4 -3  0 -2  2 -1 -4 -5  0  5 -6 -4  0    2   4   1   2   0   4  14   0   0   6   3  10   2   0   0   5  38   0   0   6  0.60 0.43
  195 E   -2 -5 -5 -3 -6 -2  4 -5 -4 -2  0 -2  0 -1  6 -3 -4 -6 -1 -2    3   0   0   1   0   1  32   1   0   2  10   2   2   3  35   1   1   0   2   2  1.03 0.58
  196 I   -3 -5 -4 -7  1 -4 -6 -7 -2  4  2 -5  5  1 -6 -5 -2 -2 -1  4    1   0   1   0   3   0   0   0   1  22  16   0  15   5   0   0   3   1   2  30  0.91 0.47
  197 L   -1 -2 -1 -2 -2  2 -1 -3  0  2  0 -2  1  0 -4  1  1  2  3  0    5   2   2   1   1  13   3   1   2  13  10   1   4   3   0  11   7   2  12   7  0.21 0.22
  198 P   -2 -6 -6 -6 -3 -6 -6 -4 -4 -3 -2 -4 -2 -6  6 -3  4 -7 -6  3    3   0   0   0   1   0   0   1   0   1   5   1   1   0  44   1  24   0   0  19  1.39 0.69
  199 P   -6 -8 -8 -7 -9 -7 -7 -6 -8 -9 -7 -5 -8 -10  9 -5 -7 -10 -9 -8    0   0   0   0   0   0   0   0   0   0   0   0   0   0  98   0   0   0   0   0  3.54 1.31
  200 Y   -1 -4 -2  2  0 -2 -2 -5  1 -1  0 -4 -2  4 -3  0 -1 -2  4  1    4   0   1  13   2   2   1   0   4   4  10   0   1  19   1   8   4   0  15  10  0.42 0.30
  201 M   -4 -6 -7 -7 -5 -5 -7 -7 -6  3  4 -5  6  4 -4 -6 -4 -3 -2  1    1   0   0   0   0   0   0   0   0  17  37   0  19  15   1   0   0   0   1   8  1.17 0.55
  202 V    1 -6 -5 -6 -4 -6 -6 -6 -7  2  1 -6  5 -4 -6 -5 -2 -6 -5  6    9   0   1   0   0   0   0   0   0  11  11   0  15   0   0   0   2   0   0  50  1.23 0.60
  203 N   -4  5  5 -3 -7 -2 -3 -4  1 -6 -4  3 -5 -5 -5 -2  0 -4 -1 -6    0  35  24   1   0   1   1   1   4   0   2  19   0   0   0   2   5   0   3   0  1.09 0.57
  204 R   -1  2 -1  0 -5  0  3  0 -1 -4 -4  3 -3 -4  1  1  0 -4  0 -4    6  13   2   5   0   3  18   6   1   0   1  17   0   0   8  10   6   0   4   1  0.37 0.28
  205 K    0  0  1  3 -6  1  4 -2  2 -5 -5  1 -4 -3 -3  0 -2 -5 -2 -4    9   4   6  16   0   5  30   2   4   0   0   9   0   1   1   8   2   0   1   1  0.56 0.36
  206 S    2 -4 -3 -5  2 -3 -4 -4 -4  2 -1 -4  1 -1 -2  2  2 -4 -1  3   20   0   1   0   5   0   0   0   0  14   4   0   4   2   1  14  11   0   2  20  0.44 0.33
  207 M    1 -6 -6 -7 -3 -4 -4 -3 -6  0  3 -6  8  2 -5 -4 -3 -5  1  0   10   0   0   0   0   1   1   3   0   5  26   0  35   8   0   1   1   0   4   6  1.10 0.56
  208 T    0  0 -2 -1 -3  1  2 -1  0  0 -1 -1 -1  2 -4 -1  1  1  3  0    9   5   2   2   0   5  18   5   2   5   5   2   2   8   0   3   8   2  12   6  0.17 0.18
  209 G    2 -1 -1 -3  0 -3 -1  6 -4 -5 -6  2 -5 -6 -4 -1 -2 -6 -5 -4   17   3   3   1   2   0   4  50   0   1   0  12   0   0   1   4   2   0   0   1  0.97 0.51
  210 T    0 -6 -4 -6  7 -5 -5 -4 -6 -1 -3 -5  1 -6 -5  1  5 -7 -6  1    9   0   0   0  23   0   0   1   0   3   2   0   3   0   0  10  40   0   0   9  1.24 0.63
  211 G    2 -6 -4 -4 -1 -6 -6  7 -5 -4 -6 -6 -2 -7 -6 -1 -1 -7 -5 -3   14   0   0   1   1   0   0  71   0   1   0   0   1   0   0   4   3   0   0   2  1.65 0.73
  212 Q   -5 -1 -1 -2 -7  6 -2 -3  4 -4 -4 -3  1  5 -5 -3 -4 -3  2 -5    0   2   2   2   0  41   1   2  10   1   1   1   3  23   0   2   1   0   6   0  1.22 0.65
  213 L   -3 -3 -1 -3 -5  2 -5 -6 -2 -1  5 -3  0  4 -6 -3 -3 -3 -2 -2    2   1   3   2   0  11   0   0   1   2  52   1   1  17   0   2   1   0   1   1  0.90 0.50
  214 P   -1 -6 -4 -1 -7 -4  0 -3 -3 -7 -7 -5 -5 -8  8  0 -3 -8 -6 -3    5   0   1   3   0   1   7   2   1   0   0   0   0   0  67   8   2   0   0   2  1.90 0.83
  215 K   -1  3  0  2 -6  2  0 -1 -1 -5 -4  5 -4 -2 -3 -2 -1 -1 -4 -4    5  18   3   9   0  10   6   4   2   0   1  32   0   2   1   1   3   1   0   1  0.64 0.39
  216 F   -2 -5 -5  1 -6 -4 -3  2  0 -2 -2 -2 -1  7 -6 -3 -4 -1  2 -3    3   0   0   9   0   0   1  15   2   2   4   3   2  48   0   2   1   1   5   1  1.09 0.54
  217 E    1  1  0  4 -6  0  5 -2 -1 -4 -5  1 -3 -6 -3 -1 -3 -6 -3 -4   10   8   4  19   0   3  35   3   2   1   0   8   1   0   1   4   1   0   1   1  0.71 0.43
  218 E   -2 -3  1  5 -6  1  5 -3 -1 -4 -5 -1 -5 -5 -2 -1 -1 -6 -4 -5    4   1   7  27   0   4  37   2   1   1   0   4   0   0   2   5   4   0   0   0  0.89 0.49
  219 D   -2 -4  0  5 -7  5  3 -3 -4 -6 -5 -3 -1 -6 -4 -2 -2 -7 -4 -3    3   0   4  31   0  27  21   2   0   0   1   1   2   0   0   2   2   0   0   3  1.06 0.58
  220 A    0 -2 -4 -5 -3 -2 -4 -5 -3  3  3 -4  4 -2 -3 -1  0 -5 -3  2    7   2   1   0   0   2   0   0   1  15  32   0  12   1   1   5   5   0   1  15  0.54 0.33
  221 F   -6 -7 -8 -8 -8 -6 -7 -8 -3 -5 -6 -7 -6  5 -8 -7 -7  0 10 -5    0   0   0   0   0   0   0   0   0   0   0   0   0  19   0   0   0   1  77   1  3.08 1.13
  222 R   -1  3  0 -3 -3  0  0 -4  4 -4 -4  4 -3 -1 -3  0 -1  2  0 -4    5  16   4   1   0   4   5   1  11   1   1  30   1   2   1   8   4   2   3   1  0.56 0.36
  223 L   -2 -5 -5 -2  2 -5 -5 -6 -4  4  2 -5  0 -2 -5 -4  0 -5 -4  4    3   0   0   3   4   0   0   0   0  27  22   0   1   1   0   0   7   0   0  28  0.81 0.43
  224 E    1 -2 -1  2 -4  1  4 -2 -2 -3 -4  0 -2 -5  0  0  1 -5 -4 -2   10   1   3  12   0   7  32   2   1   1   1   6   1   0   4   7   8   0   0   3  0.49 0.33
  225 E   -1  0  1  3 -3  0  2  3  1 -4 -4  0 -4 -5 -1  0 -1 -5 -4 -4    4   6   7  19   0   4  15  21   3   1   1   6   0   0   3   5   3   0   0   0  0.44 0.28
  226 Q   -2 -1  0  5 -6  0  3  0 -1 -4 -5 -1 -3 -5 -1  0 -1 -2 -4 -5    3   3   5  34   0   3  22   7   1   1   1   4   1   0   3   7   4   1   1   0  0.70 0.40
  227 D   -2 -3  2  6 -5 -1  3  1 -2 -5 -6 -1 -4 -6 -1 -1 -3 -6 -4 -5    2   1   8  46   0   2  16  10   1   0   0   3   0   0   3   4   1   0   0   1  1.03 0.51
  228 Y   -3 -2 -5 -5 -5  1 -4 -5  1 -1  5  2  2  1 -5 -4 -2  0  1 -3    1   2   0   0   0   6   1   1   3   3  50  14   5   5   0   1   2   1   4   1  0.74 0.44
  229 F   -3 -3 -1 -7  5 -6 -6 -4 -2 -2 -4 -5 -3  4 -7 -1 -3  6  7 -1    2   1   3   0  12   0   0   2   1   2   1   0   1  14   0   5   1   9  41   5  1.44 0.65
  230 L   -4 -7 -8 -8 -4 -6 -7 -8 -7 -1  7 -7  1 -1 -5 -4 -5 -4 -4 -3    2   0   0   0   0   0   0   0   0   2  88   0   3   2   1   1   0   0   0   1  1.91 0.80
  231 I    1 -6 -1 -5 -4 -5 -6 -6 -6  7 -2 -6 -3 -4 -5 -2  0 -6 -5  3   13   0   3   0   0   0   0   0   0  56   2   0   0   0   0   3   5   0   0  15  1.25 0.59
  232 P    3 -6 -3 -5 -6 -5 -5  5 -6 -7 -7 -3 -6 -7  6 -2 -4 -7 -7 -5   21   0   1   0   0   0   0  37   0   0   0   2   0   0  35   2   0   0   0   1  1.46 0.68
  233 T   -5 -5 -5 -6 -6 -2 -6 -4 -7 -5 -4 -6 -6 -7 -6  0  8 -7 -7 -5    0   0   0   0   0   2   0   1   0   1   1   0   0   0   0   7  87   0   0   0  2.39 1.04
  234 A    5 -6 -5 -5 -5 -4 -5  0 -6 -6 -6 -5 -6 -7 -3  5 -1 -7 -6 -5   51   0   0   0   0   0   0   7   0   0   0   0   0   0   1  37   2   0   0   0  1.44 0.74
  235 E   -4 -6 -6 -3 -9 -3  8 -3 -6 -9 -8 -5 -8 -9 -7 -5 -6 -8 -8 -8    1   0   0   1   0   0  96   3   0   0   0   0   0   0   0   0   0   0   0   0  2.78 1.15
  236 V   -3 -5 -1 -6 -4  3 -5 -6  4  3 -3 -5 -1 -4 -1 -3 -2 -6 -3  5    2   0   3   0   0  16   0   0  10  17   1   0   1   0   3   2   2   0   0  42  0.98 0.55
  237 P    1 -6 -5 -3 -6 -2 -3 -2 -4 -4 -5 -5 -4 -6  7  1  1 -8 -5 -3   11   0   0   2   0   2   1   3   0   1   1   0   0   0  56  12   8   0   0   2  1.49 0.71
  238 V   -4 -6 -3 -7 -4 -6 -7 -7 -7  3  5 -6  2 -1 -7 -5 -2 -6 -5  2    1   0   2   0   0   0   0   0   0  13  63   0   5   2   0   0   2   0   0  12  1.30 0.60
  239 T    3 -5 -2 -4  3 -4 -4  0 -5  1 -1 -4 -1 -1 -3  0  4 -5 -4  1   25   0   2   0   6   0   0   7   0   8   5   0   2   2   1   4  27   0   0  11  0.53 0.38
  240 N    3 -5  5 -4 -2 -4 -4  3 -4 -6 -6 -4 -4 -5  0  1 -3 -7 -3 -4   24   0  31   0   1   0   0  25   0   0   0   0   0   1   4  11   1   0   1   1  1.00 0.56
  241 L   -4 -4 -6 -7 -5 -2 -6 -7 -3  1  4 -4  5  2 -6 -3 -3 -1  6 -2    1   1   0   0   0   2   0   0   0   7  34   1  16   8   0   2   1   1  24   2  1.08 0.54
  242 Y   -3 -3 -2 -5 -5 -4 -4 -3  9 -4 -2 -3 -1  4 -6 -4 -5 -1  5  0    2   1   2   0   0   1   0   2  41   1   4   1   1  16   0   1   0   1  19   7  1.53 0.66
  243 R    3  4 -2 -4 -2  0 -3 -3 -2 -1 -3  0  5 -3 -4  1 -3 -3 -2 -4   25  25   1   1   1   4   1   1   1   4   2   4  14   1   0  12   1   0   1   0  0.63 0.43
  244 D   -4 -4  4  6 -7 -2  1  3 -2 -7 -7 -1 -5 -6 -5 -3 -4 -7 -5 -7    0   0  20  45   0   2   8  18   1   0   0   3   0   0   0   1   0   0   0   0  1.30 0.61
  245 E   -3  0 -2 -1 -3  2  6 -4  2 -6 -6  2 -4 -6 -5 -1  0 -6 -4 -5    1   4   1   3   1   8  53   1   4   0   0  11   0   0   0   4   5   0   0   1  1.13 0.59
  246 I   -2 -2 -3 -4 -2 -3 -4 -6 -4  6 -1 -3  0 -3 -4 -3  2  5 -3  2    3   3   1   1   1   1   1   0   0  44   4   2   2   1   1   1  13   8   1  13  0.90 0.47
  247 L   -5 -6 -6 -7 -4 -5 -7 -7 -5  4  5 -6  0  3 -7 -6 -3 -4 -3  1    0   0   0   0   0   0   0   0   0  21  54   0   2  12   0   0   1   0   1   9  1.24 0.57
  248 N    0 -1  1  4 -5  0  2 -3  1 -2 -3  1 -4 -5  2  0  0 -5 -3 -3    7   3   7  24   0   3  13   1   3   2   2   9   0   0  10   8   5   0   1   2  0.41 0.28
  249 G    1 -2 -2  0 -1 -1  4 -1 -1 -3 -1  0 -2 -3  2  0 -2  1 -2 -2   15   2   1   3   2   2  32   4   1   1   7   6   1   1  12   5   1   2   1   2  0.39 0.30
  250 S    1 -1  1  3 -3  0  3 -1 -2 -4 -5  3 -4 -5 -3  2  0 -6 -4 -4   11   2   7  13   0   3  21   3   1   1   1  16   0   0   1  14   5   0   0   1  0.46 0.33
  251 D    0 -1  1  4 -5  3  3 -3 -2 -3 -3  1 -3 -2 -4  0 -2 -6 -4 -3    6   2   6  25   0  12  21   1   1   2   2   8   1   2   0   7   2   0   0   1  0.54 0.35
  252 L   -5 -5 -7 -6 -3 -6 -6 -4 -7 -3  7 -5  0 -1 -7 -2 -5 -6 -4 -3    0   0   0   0   0   0   0   2   0   0  87   0   1   2   0   3   0   0   0   1  1.83 0.79
  253 P   -6 -8 -6 -7 -9 -7 -6 -4 -8 -8 -9 -5 -8 -9  9 -5 -5 -9 -9 -6    0   0   0   0   0   0   0   2   0   0   0   0   0   0  95   0   1   0   0   1  3.36 1.26
  254 M   -3  0 -5 -5 -3 -1 -4 -5 -3  4  3  2  3 -2 -5 -3 -3 -4 -2  1    1   5   0   0   0   3   0   0   1  28  29  13   6   1   0   1   0   0   1   9  0.67 0.39
  255 K   -3  6 -3 -5 -2 -2 -4 -5 -2 -6 -2  6 -3 -5 -5 -3 -3 -4  0 -6    2  40   1   0   1   1   0   0   1   0   4  42   1   0   0   2   1   0   3   0  1.45 0.70
  256 H   -5 -4 -5 -7 -3 -3 -6 -7  0 -1  2 -5  3  3 -7 -5 -1  0  8  0    0   1   0   0   0   1   0   0   2   3  18   0   7   9   0   0   4   1  45   6  1.34 0.63
  257 V    3 -5 -5 -6  4 -2 -5 -3 -6  0 -2 -5  0 -1 -5 -2  3 -6 -4  4   24   0   0   0   8   2   0   1   0   3   3   0   3   2   0   1  17   0   0  35  0.81 0.48
  258 A    5 -5 -4 -5  2 -5 -5  5 -6 -5 -6 -5 -3 -6 -5  0 -1 -6 -6 -4   40   0   0   0   4   0   0  44   0   0   0   0   1   0   0   6   3   0   0   1  1.31 0.63
  259 Y   -3 -3 -2 -5 -1 -2 -4 -5  3  0  0 -4  0  4 -3 -2 -3  3  6  1    2   1   2   0   1   2   0   1   6   5   9   1   2  18   1   4   1   4  32  10  0.88 0.45
  260 S   -2 -5 -4 -5 -3 -5 -5  0 -5 -6 -5 -5 -6 -7 -5  6  5 -7 -6 -5    1   0   0   0   0   0   0   8   0   0   1   0   0   0   0  60  28   0   0   0  1.61 0.81
  261 A    0  1 -2 -4 -5 -1 -3 -4  4 -5 -4 -3 -2 -5  6  0  4 -3 -4 -4    6   8   1   0   0   2   1   1   8   0   2   1   1   0  36   6  24   0   0   1  1.04 0.56
  262 C    1 -8 -1 -8 11 -6 -8 -7 -7 -6 -6 -7 -6 -7 -4 -1 -6 -7 -7 -4   10   0   3   0  79   0   0   0   0   0   0   0   0   0   1   4   0   0   0   1  3.32 1.13
  263 F   -5 -7 -7 -8 -7 -7 -8 -8 -5 -5 -4 -7 -5  9 -8 -7 -7 -1  5 -6    1   0   0   0   0   0   0   0   0   0   1   0   0  81   0   0   0   1  15   0  2.90 1.03
  264 R   -6  9 -5 -7 -8 -4 -5 -7 -1 -8 -7 -3 -6 -8 -4 -6 -4 -7 -7 -7    0  95   0   0   0   0   0   0   1   0   0   0   0   0   1   0   1   0   0   0  2.97 1.12
  265 S    1  5 -2 -4 -4  1 -3 -3 -4 -5 -5  4 -3 -6 -4  1  0 -6 -4 -4   14  35   1   0   0   4   0   1   0   0   1  22   0   0   0  11   6   0   0   1  0.88 0.50
  266 E   -5 -5 -3 -2 -9 -3  8 -7 -5 -8 -8 -3 -7 -8 -5 -5 -6 -8 -7 -8    1   0   1   1   0   0  95   0   0   0   0   1   0   0   1   0   0   0   0   0  2.74 1.12
  267 A    6 -4 -5 -6 -5 -4 -4 -3 -4 -2 -5 -1 -5 -6 -4 -2  0 -7 -6  0   75   1   0   0   0   0   1   2   0   3   1   4   0   0   0   2   5   0   0   5  1.46 0.72
  268 G   -3 -7 -3 -2 -7 -5 -6  7 -6 -6 -7 -6 -1 -6 -6 -3 -5 -4 -3 -6    2   0   1   3   0   0   0  87   0   0   0   0   2   0   0   1   0   0   1   0  2.24 0.88
  269 S    3 -3 -3 -3 -5 -4 -4 -2 -2 -6 -5 -3 -5 -6 -3  6  2 -6 -6 -5   27   1   1   1   0   0   0   3   1   0   0   1   0   0   1  52  10   0   0   0  1.16 0.65
  270 A    3  1 -4 -2 -4 -4 -4 -2  7 -5 -5 -3 -4 -2 -4 -1 -3  2  6 -4   24   7   0   2   0   0   0   3  23   0   0   1   0   1   1   4   1   3  27   1  1.12 0.55
  271 G   -4 -2 -4 -5 -6 -6 -5  7 -3 -7 -7 -5 -6 -7 -6 -2 -5 -6 -7 -6    0   2   1   0   0   0   1  89   1   0   0   0   0   0   0   3   1   0   0   1  2.31 0.87
  272 R   -1  5 -4 -4 -6  0 -2 -4 -4 -1 -2  5 -3 -5 -4 -1 -2 -6 -4 -2    6  29   0   0   0   3   1   1   0   4   4  41   0   0   0   4   3   0   0   3  0.99 0.52
  273 D   -2 -4 -2  7 -7 -2  3 -4 -2 -5 -5 -3 -5 -1 -2 -2 -3 -7 -3 -6    4   1   1  64   0   2  15   1   1   1   1   1   0   3   2   2   1   0   1   0  1.52 0.68
  274 T   -1 -5  1 -1 -3 -2  1 -4 -5 -2 -4 -4 -1 -6 -1  1  6 -6 -4  1    3   0   5   3   0   1   8   1   0   2   1   0   2   0   3   8  52   0   0  10  0.93 0.55
  275 R   -2  6 -4 -5 -7 -2 -3 -4  0 -6 -3  5 -4 -6 -2 -2 -4  4 -3 -6    4  48   0   0   0   1   1   1   2   0   3  29   0   0   2   2   1   6   1   0  1.37 0.66
  276 G   -2 -7 -5 -5 -7 -4 -4  8 -7 -8 -8 -6 -7 -8 -7 -3 -6 -7 -8 -5    2   0   0   0   0   1   2  93   0   0   0   0   0   0   0   2   0   0   0   1  2.51 0.95
  277 L   -4 -3 -6 -7 -5 -5 -6 -5 -6  5  4 -6  4 -2 -6 -5 -2 -5 -3 -1    1   2   0   0   0   0   0   1   0  38  42   0  11   1   0   0   2   0   1   2  1.26 0.57
  278 V   -4 -4 -3 -6 -5 -3 -5 -6 -4  4  1 -1  1  5 -6 -5 -4  0  6 -1    1   0   2   0   0   1   0   0   0  21  13   4   3  23   0   0   1   1  27   4  1.05 0.50
  279 R   -6  9 -5 -6 -8 -2 -5 -7 -5 -8 -7 -3 -6 -7 -3 -6 -6 -7 -6 -7    0  95   0   0   0   2   0   0   0   0   0   0   0   0   2   0   0   0   0   0  2.93 1.10
  280 Q   -3 -4 -3 -6 -4  3 -4 -1 -5  0  1 -5  1 -4 -5 -4 -1  1 -4  6    0   0   2   0   0  12   0   5   0   4  13   0   4   0   0   0   4   2   0  52  0.93 0.52
  281 H   -7 -4 -3 -6 -8 -5 -3 -7 11 -8 -8 -3 -7 -5 -7 -6 -7 -7 -1 -8    0   0   1   0   0   0   2   0  93   0   0   1   0   0   0   0   0   0   1   0  3.84 1.26
  282 Q   -5 -4 -3 -5 -8  9  2 -7  1 -6 -7 -4 -4 -8 -6 -5 -6 -4 -5 -6    0   0   1   0   0  84  10   0   3   0   0   0   0   0   0   0   0   0   0   0  2.63 1.09
  283 F   -7 -8 -8 -9  0 -8 -8 -8 -6 -5 -3 -8 -5 10 -9 -8 -7 -4 -1 -4    0   0   0   0   2   0   0   0   0   0   2   0   0  94   0   0   0   0   1   1  3.23 1.10
  284 N   -3 -3  3  4 -4  0  3 -3  2 -6 -5 -2 -3 -5 -4  1  2 -4 -1 -4    0   1  15  22   0   3  22   1   6   0   1   1   0   0   0  11  13   0   2   1  0.71 0.42
  285 K   -6 -3 -5 -6 -8  0 -1 -7 -6 -8 -8  8 -6 -8 -6 -5 -4 -8 -7 -7    0   0   0   0   0   3   3   0   0   0   0  94   0   0   0   0   1   0   0   0  2.64 1.03
  286 V   -3 -7 -7 -7 -3 -3 -7 -7 -7  3  0 -6 -2 -5 -7 -6 -2 -5 -5  7    2   0   0   0   0   1   0   0   0  14   6   0   1   0   0   0   2   0   0  74  1.73 0.72
  287 E   -4 -5 -5 -3 -9 -1  8 -6 -5 -8 -8 -4 -7 -8 -6 -5 -6 -8 -7 -7    1   0   0   0   0   2  96   0   0   0   0   0   0   0   0   0   0   0   0   0  2.70 1.06
  288 L   -5 -4 -6 -6 -6  5 -4 -6 -5  0  3 -5  8 -3 -6 -5 -4 -6 -5 -2    0   0   0   0   0  29   0   0   0   3  30   0  33   1   0   0   1   0   0   3  1.51 0.71
  289 V   -4 -6 -4 -6 -5 -6 -3 -7 -3  1 -1 -6 -2  7 -7 -6 -4 -4  2  5    1   0   1   0   0   0   2   0   0   5   6   0   1  43   0   0   0   0   6  34  1.40 0.61
  290 K    1 -1 -1 -4  4  1 -2 -1 -1  1 -1  1 -1 -3 -4  1 -1 -2 -2  2   10   4   3   0   9   9   1   6   1   9   5   9   1   0   0  11   2   1   1  21  0.22 0.22
  291 F   -3 -6 -6 -7 -4 -6 -6 -7 -4  5  1 -6 -1  5 -6 -5 -4  3  2  3    1   0   0   0   0   0   0   0   0  31  12   0   1  27   0   0   0   4   7  17  1.13 0.50
  292 T    0 -6 -4 -4  7 -4 -4 -5 -4 -2 -4 -5 -3 -6 -5  0  5 -6 -5  3    7   0   0   1  25   0   1   0   0   1   0   0   0   0   0   8  36   0   0  20  1.27 0.61
  293 K    0  2 -1  1 -3  0  1 -2  3 -3 -2  2 -2 -4 -2  2  2 -5 -3 -2    8   9   1   8   0   4   9   2   9   1   5  14   1   0   1  14  12   0   0   1  0.27 0.23
  294 P    1 -6 -1 -4 -4 -1 -1 -4 -5 -7 -5 -3 -6 -6  8 -3 -4 -8 -6 -5   10   0   3   1   0   3   4   1   0   0   1   1   0   0  73   2   1   0   0   1  2.09 0.84
  295 E   -2 -3  1  4 -6 -1  6 -3  1 -7 -6 -1 -5 -7 -5 -1 -4 -7 -6 -5    3   0   7  18   0   1  55   2   3   0   0   2   0   0   0   5   0   0   0   1  1.27 0.62
  296 Q   -1  0  1  4 -5  3  4 -3  0 -4 -3  1 -3 -5 -4 -1  0 -4 -3 -4    4   3   6  20   0  11  27   1   2   0   2  10   1   0   0   3   7   0   1   1  0.59 0.36
  297 S    0 -5 -4 -3 -2 -4 -4 -2 -4 -7 -6 -5 -5 -7 -5  7 -3 -4 -6 -5    7   0   0   1   1   0   1   3   0   0   0   0   0   0   0  84   0   0   0   1  1.92 0.89
  298 Y   -1 -1 -1  2 -4 -1  2 -3 -1 -2 -2 -1  1 -1 -2 -1 -1  7  3 -2    5   3   2  12   0   2  17   2   1   2   4   3   4   2   2   5   3  17  12   2  0.53 0.33
  299 E    2  0  0  2 -5  2  3 -2 -1 -4 -4  2 -3 -4 -3  0 -1 -5 -4 -3   19   4   4  11   0   9  23   2   1   1   0  15   0   1   0   4   3   0   0   1  0.48 0.33
  300 E    1 -3 -4 -3 -3 -1  4 -4  1  0  1 -3  5  0 -5 -3 -1  3  0 -1   13   1   0   1   0   2  28   0   4   4  12   0  16   4   0   1   3   4   3   4  0.50 0.37
  301 L   -5 -5 -5 -6 -4  0 -5 -7  8 -4  4 -5  1  4 -7 -6 -5 -4  0 -4    0   0   0   0   0   5   0   0  32   0  37   0   3  18   0   0   0   0   3   0  1.48 0.66
  302 E   -2 -2  1  3 -7  3  6 -4 -1 -6 -3  0 -3 -6 -5 -3 -3 -7 -5 -6    2   2   5  14   0  11  54   1   2   0   2   4   1   0   0   1   1   0   0   0  1.21 0.61
  303 K   -1  2 -2  0 -5  0  5 -4  0 -5 -2  2 -1  0 -4 -1 -1 -3 -1 -4    4  10   1   4   0   4  45   1   2   0   4  10   1   4   0   3   4   0   2   1  0.69 0.42
  304 L   -4 -6 -7 -7 -2 -6 -7 -7 -6  4  4 -6  8  1 -7 -6 -4 -5 -4 -2    1   0   0   0   1   0   0   0   0  18  37   0  36   6   0   0   0   0   0   0  1.60 0.69
  305 T   -3  1 -4 -5 -2 -2 -5 -5 -5  3  3 -2  0 -2 -5 -3  2 -1 -4  3    1   7   0   0   1   2   0   0   0  17  34   2   1   1   0   1  12   1   0  19  0.60 0.36
  306 K    2  1  1  0 -3  1  2  1 -1 -4 -2  2 -2 -4 -3  2  0 -5 -3 -3   17   6   5   6   0   6  12  11   1   0   3  11   0   1   0  15   4   0   0   1  0.27 0.22
  307 D   -2 -2  4  1  2  0 -2 -4  4  3  0 -3  0 -1 -5 -3 -1  0 -1 -1    2   2  24   9   4   3   2   0  11  16  11   1   2   3   0   0   4   1   1   3  0.44 0.32
  308 A    4 -4 -3 -4 -2  4  1 -3 -4 -1 -3 -3 -4 -4 -4  2 -1 -6 -5 -1   40   0   1   0   1  20  10   1   0   4   2   0   0   1   0  13   3   0   0   4  0.73 0.48
  309 E   -3 -1 -4 -3  0 -1  7 -5 -2 -3 -5  1  0 -7 -5 -2 -2 -7 -6 -2    2   3   0   0   2   2  69   0   1   2   1   8   2   0   0   2   3   0   0   3  1.46 0.71
  310 D   -1  1  0  3 -5  0  5 -1  0 -4 -5  1 -4 -3 -4  0 -1 -1 -1 -4    5   6   4  13   0   3  37   4   2   1   0   8   0   1   0   7   4   1   2   1  0.59 0.37
  311 V   -3 -6 -6 -6 -2 -6 -6 -6 -6  5  2 -6  2  4 -4 -4 -3 -3 -2  2    2   0   0   0   1   0   0   0   0  37  21   0   4  18   1   1   1   0   1  13  1.01 0.47
  312 L   -4 -5 -5 -6  1 -5 -6 -7 -3  0  4 -6  3  3 -4 -5 -4  1  5  0    1   0   0   0   3   0   0   0   0   5  46   0   6  12   1   0   0   2  18   6  1.02 0.49
  313 Q   -1  1 -2  0 -5  6  2 -3 -3 -6 -5  3 -4 -6 -5  0  0 -6 -5 -4    5   7   1   5   0  38  10   2   0   0   0  16   0   0   0   7   6   0   0   1  0.87 0.51
  314 G    1  1 -2  1 -3  0  2  1 -3 -3  0  1  1 -4 -3  2 -1 -4 -4 -3   12   9   1   6   0   4  13   9   0   1  11  11   4   0   1  16   3   0   0   0  0.22 0.22
  315 L   -6 -7 -8 -8 -4 -7 -7 -8 -7 -1  7 -7 -1 -2 -7 -7 -6 -6 -5 -3    0   0   0   0   0   0   0   0   0   2  94   0   1   1   0   0   0   0   0   1  2.14 0.85
  316 G   -3 -3  1  0 -6 -1  4  5 -4 -6 -7  2 -6 -7 -5 -3 -4 -6 -6 -6    1   1   7   5   0   2  29  42   0   0   0  12   0   0   0   0   0   0   0   0  1.11 0.55
  317 I   -5 -6 -7 -7 -5 -6 -7 -7 -7  5  6 -6 -1 -1 -7 -6 -5 -6 -5 -1    0   0   0   0   0   0   0   0   0  26  68   0   0   2   0   0   0   0   0   2  1.65 0.69
  318 P   -1 -5 -5 -5  0 -4 -4 -5  6 -6 -7 -4 -6 -6  8 -1 -3 -7 -3 -5    5   0   0   0   2   1   1   0  16   0   0   1   0   0  66   4   2   0   1   0  2.12 0.86
  319 Y   -2 -6 -6 -7  0 -6 -6 -6  2 -4 -5 -6 -5  4 -7 -5 -6  0  9 -3    3   0   0   0   2   0   0   1   5   1   0   0   0  12   0   0   0   1  72   2  2.48 0.94
  320 R   -6  8 -4 -6 -5  3 -4 -7  2 -8 -7  0 -5 -7 -7 -5 -6 -7 -6 -6    0  75   0   0   0  14   0   0   5   0   0   4   0   0   0   0   0   0   0   0  2.24 0.91
  321 V   -4 -1 -6 -5 -5 -4 -5 -6 -5  3  0 -1 -2 -4 -6 -4  0 -6 -4  6    1   3   0   1   0   1   0   0   0  17   7   5   1   0   0   0   5   0   0  59  1.20 0.57
  322 V   -3 -2 -6 -6 -3 -4 -6 -7 -6  3  3 -3  2 -4 -6 -3 -2 -6 -4  5    1   2   0   0   0   0   0   0   0  15  29   1   4   0   0   1   2   0   0  43  1.04 0.50
  323 R   -1 -1  3  3 -3  1  2 -3 -2 -2  1 -1  0 -4 -3  0 -1 -5 -3 -1    6   3  14  20   0   5  12   1   0   2  15   4   3   0   1   8   2   0   1   4  0.29 0.24
  324 I   -4 -4 -3 -5  1 -4 -6 -6 -4  4  4 -3  6 -3 -5 -5 -2 -5 -4  2    1   1   1   1   3   0   0   0   0  20  33   2  23   0   0   0   2   0   0  13  1.01 0.49
  325 C    1 -5 -5 -6  9 -6 -6 -5 -5 -5 -5 -6 -5 -6  4  0 -4 -7 -5  2   13   0   0   0  47   0   0   0   0   0   0   0   0   0  18   6   0   0   0  14  1.85 0.76
  326 K    2 -4 -3 -4 -3 -4 -4  0 -4 -4 -5 -3 -4 -6 -2  4  5 -6 -4 -3   13   0   0   0   0   0   0   6   0   0   0   1   0   0   2  34  39   0   0   2  1.08 0.61
  327 G   -2 -3 -1 -2 -5  0  0  7 -1 -5 -6 -3 -5 -4 -6 -2 -3 -5 -6 -6    3   1   3   2   0   5   6  69   2   1   0   2   0   1   0   3   2   0   0   0  1.43 0.63
  328 D    0 -4 -2  7 -7 -1  3 -5 -5 -7 -7 -4 -7 -7 -5 -4 -5 -8 -2 -7   10   1   1  63   0   2  20   0   0   0   0   0   0   0   0   1   0   0   2   0  1.76 0.76
  329 L   -4 -6 -7 -7  0 -6 -7 -7 -6  2  6 -6  6 -3 -7 -5 -1 -6 -5 -2    1   0   0   0   2   0   0   0   0   9  65   0  17   0   0   0   4   0   0   1  1.51 0.67
  330 G   -1 -4  3 -2 -6 -5 -5  6 -5 -7 -7 -4 -6 -7 -1  1 -3 -7 -7 -6    4   1  14   2   0   0   0  65   0   0   0   0   0   0   4   9   1   0   0   0  1.51 0.66
  331 F    3 -3  1  1 -3 -1 -3 -3  0 -2 -1 -1 -2  6 -2 -2 -2 -2 -1 -3   23   1   8   7   0   3   1   1   2   2   7   3   1  32   2   2   2   1   1   1  0.53 0.36
  332 T    3 -3 -1 -4 -2 -1 -4  1 -4 -4 -4 -1 -3 -6  4  3  0 -4 -5 -2   27   1   3   0   1   2   0  11   0   0   2   3   1   0  19  24   5   0   0   2  0.65 0.42
  333 A    6 -5 -1 -2 -5  0 -4 -3 -2 -5 -5  0 -1 -6 -5  2 -2 -6 -5 -4   63   0   3   2   0   5   0   1   1   0   0   5   2   0   0  16   1   0   0   0  1.16 0.63
  334 A    4 -1 -4 -5  0 -1 -3 -3  1 -2 -3 -2 -2 -1 -4  2 -1 -1  5 -1   40   3   0   0   2   2   1   1   3   1   2   2   1   3   0  13   4   1  18   5  0.65 0.43
  335 L   -4  5 -2 -4 -5 -1 -2 -6 -3 -1 -2  6  1 -3 -5 -4 -5 -6 -4 -5    1  30   1   0   0   2   1   0   0   4   3  51   3   1   0   0   0   0   1   0  1.38 0.66
  336 K   -3 -1 -4 -5  1  2 -3 -4 -5 -5 -5  6  0 -6 -5  0  4 -6 -5 -4    1   2   0   0   3   8   0   1   0   0   0  46   3   0   0   5  29   0   0   1  1.20 0.64
  337 Y   -5 -3 -3 -7 -1 -4 -6 -7  1  1 -2 -5 -4  4 -7 -5 -6  0  9 -2    1   2   1   0   1   1   0   0   2   7   3   1   0  15   0   0   0   1  63   3  2.01 0.80
  338 D   -7 -4 -3  9 -8 -5 -3 -5 -6 -8 -8 -5 -8 -8 -6 -5 -3 -9 -8 -8    0   1   0  95   0   0   1   1   0   0   0   0   0   0   0   0   2   0   0   0  2.91 1.07
  339 I   -4 -6 -5 -6  0 -6 -6 -6 -6  6  4 -6  2 -1 -5 -5 -3 -5 -4  2    0   0   0   0   2   0   0   0   0  41  36   0   4   2   0   0   1   0   0  11  1.17 0.52
  340 E   -6 -5 -2  0 -8 -2  8 -7 -5 -8 -6 -4 -7 -8 -6 -5 -6 -3 -6 -7    0   0   1   3   0   1  93   0   0   0   1   0   0   0   0   0   0   0   0   0  2.56 1.03
  341 V    5 -4 -5 -5  2 -5 -5 -1 -5 -1 -3 -5 -3 -4 -5 -2  0 -6 -3  4   45   0   0   0   5   0   0   5   0   2   2   0   0   0   0   2   6   0   1  32  0.95 0.53
  342 W   -8 -7 -9 -9 -8 -7 -8 -8 -5 -8 -5 -8 -6 -1 -7 -7 -8 13  2 -8    0   0   0   0   0   0   0   0   0   0   1   0   0   2   0   0   0  89   7   0  4.60 1.42
  343 M    0 -3 -6 -6 -4 -5 -6 -5 -5  0  2 -4  8  5 -6  0 -4 -4 -2 -1    7   1   0   0   0   0   0   0   0   4  17   0  34  24   0   6   0   0   1   4  1.15 0.56
  344 P   -1 -6 -7 -6 -7 -6 -6 -5 -7 -7 -7 -5 -7 -8  9 -5 -5 -8 -6 -6    5   0   0   0   0   0   0   1   0   0   0   0   0   0  91   0   0   0   0   0  3.06 1.11
  345 S    2 -2 -3 -4 -4 -4 -3  5 -3 -5 -6 -3 -5 -2 -4  4 -1 -6 -3 -3   14   2   0   0   0   0   1  45   1   0   0   1   0   2   1  27   3   0   1   2  0.99 0.52
  346 Y   -2  4 -3 -2 -1  5  1 -5 -2 -3 -2 -1  0 -2 -3  1 -2 -5 -1 -2    2  23   0   2   2  33   8   0   0   1   4   3   3   2   1  10   2   0   2   3  0.70 0.45
  347 N   -2  0  4  0 -4  2  1  4 -3 -6 -6  1 -5 -6 -4 -2 -3 -6 -5 -5    3   4  22   5   0   8   9  35   0   0   0  10   0   0   0   2   1   0   0   0  0.81 0.44
  348 R    1  3  0  0  0  1  2 -1 -2 -3 -4  3 -2 -3 -3  1  1 -5 -4 -3   13  16   3   4   2   4  11   5   0   1   0  18   1   1   0   8  10   0   0   1  0.32 0.25
  349 Y   -7 -7 -7 -8 -5 -6 -7 -8 -2 -6 -6 -7 -6  4 -8 -7 -7  9  9 -6    0   0   0   0   0   0   0   0   0   0   0   0   0  15   0   0   0  23  61   0  2.88 1.03
  350 V   -4  6 -4 -4 -2 -3 -4  3 -4 -2  1  1 -1 -2 -5 -3 -4 -5 -2 -3    0  41   0   0   1   0   0  26   0   2  15   7   2   1   0   1   0   0   1   2  0.92 0.50
  351 E   -6 -4 -5 -3 -8 -1  8 -7 -5 -8 -8 -3 -7 -8 -1 -5 -4 -8 -7 -7    0   1   0   0   0   1  92   0   0   0   0   1   0   0   3   0   1   0   0   0  2.50 1.02
  352 I   -3 -5 -6 -6 -3 -5 -6 -6 -6  4  3 -5 -1 -4 -6 -4  2 -6 -4  4    1   0   0   0   0   0   0   0   0  27  24   0   1   0   0   0  13   0   0  33  1.03 0.50
  353 S   -1 -4 -3 -4  0 -3 -4  0  5 -4 -3 -4 -1 -5 -5  5  3 -6 -4  2    5   0   0   0   2   0   0   7  12   0   1   0   2   0   0  41  15   0   0  15  0.81 0.50
  354 S   -2 -5 -4 -5 -5 -5 -5 -5 -5 -7 -7 -5 -6 -7 -5  7 -1 -7 -3 -6    2   0   0   0   0   0   0   0   0   0   0   0   0   0   0  92   3   0   1   0  2.27 0.99
  355 C    2 -6 -2 -3  9 -5 -6 -4 -6  0 -2 -5 -3 -3 -6 -1  1 -6 -4  1   17   0   2   1  43   0   0   1   0   6   3   0   0   1   0   3  10   0   1  11  1.38 0.59
  356 S   -3 -4 -4 -2 -5 -5 -5 -3 -5 -7 -7 -5 -6 -7 -5  7 -1 -7 -6 -6    1   1   0   2   0   0   0   2   0   0   0   0   0   0   0  90   3   0   0   0  2.15 0.94
  357 N   -3 -2  8 -1 -4 -4 -4 -5 -2 -2 -3 -4 -2 -5 -6 -1 -1 -2  0 -4    2   2  73   2   0   0   0   0   1   3   3   0   1   0   0   3   3   1   4   1  1.79 0.77
  358 F   -2 -7 -6 -5 10 -6 -7 -6 -6 -3 -1 -6  1  3 -7 -4  1 -5  0 -2    3   0   0   1  56   0   0   0   0   1   6   0   4  13   0   0   9   0   3   3  2.06 0.77
  359 E   -2 -1 -3 -3 -4 -3  1  2  1 -3  0 -1 -3 -5 -5 -1  6 -2 -2 -4    2   4   1   1   0   0   9  13   3   1   9   3   0   0   0   2  50   1   1   0  0.83 0.51
  360 D   -3 -6 -1  8 -5 -4 -1 -5 -5 -7 -8 -5 -7 -8 -5 -1 -1 -8 -7 -6    3   0   2  82   0   0   3   0   0   0   0   0   0   0   0   5   4   0   0   0  2.22 0.86
  361 F   -4 -7 -7 -8 -7 -7 -7 -7 -4 -5 -5 -7 -5  7 -8 -6 -6  4  8 -5    1   0   0   0   0   0   0   0   0   0   0   0   0  48   0   0   0   4  45   0  2.52 0.90
  362 Q   -6 -4 -5 -5 -8  9 -3 -6 -3 -5 -5 -4 -5 -5 -6 -5 -6 -7 -2 -5    0   0   0   0   0  94   0   0   0   1   1   0   0   0   0   0   0   0   1   1  2.97 1.16
  363 S    6 -5 -4 -5 -3 -4 -4 -3 -5 -5 -6 -4 -5 -6 -4  4  1 -6 -6 -4   59   0   0   0   0   0   0   1   0   0   0   0   0   0   0  32   7   0   0   0  1.43 0.70
  364 R   -6  9 -2 -6 -8 -2 -3 -7 -5 -5 -6 -1 -4 -6 -7 -5 -5 -5 -5 -4    0  91   1   0   0   1   1   0   0   1   0   1   0   0   0   0   0   0   0   1  2.60 0.98
  365 R   -3  8 -2 -4 -8 -3 -3 -3 -5 -7 -7  1 -6 -7 -6 -3 -4 -7 -6 -7    2  85   1   1   0   0   1   2   0   0   0   5   0   0   0   1   1   0   0   0  2.32 0.90
  366 A    2 -5 -4 -6 -3 -4 -5 -2 -4  0  5 -5  4 -2 -5 -2 -1 -5 -4 -2   15   0   0   0   0   0   0   4   0   3  57   0  12   1   0   4   3   0   0   1  0.93 0.49
  367 N   -3  0  6  0 -6  1  0  1  3 -6 -3  2 -1 -6 -5 -1 -3 -4 -5 -5    2   4  43   3   0   6   6  12   6   0   3  10   1   0   0   3   0   0   0   0  0.88 0.47
  368 I    0 -6 -6 -6 -1 -5 -6 -6 -6  7  0 -5  1 -4 -6 -3  2 -6 -5  1    8   0   0   0   1   0   0   0   0  57   8   0   3   0   0   1  14   0   0   7  1.22 0.56
  369 K   -5  8 -4 -5 -3 -1 -4 -5 -4 -6 -5  4 -1 -4 -6 -3 -3 -7 -5 -6    0  68   0   0   1   1   0   1   0   0   1  21   2   1   0   1   2   0   0   0  1.89 0.78
  370 Y   -4 -5 -6 -6  3 -4 -4 -6  0 -2 -2 -6 -1  5 -7 -5 -3  0  8  1    1   0   0   0   5   0   1   0   2   2   2   0   1  19   0   0   1   1  53   9  1.69 0.69
  371 R   -3  6 -3 -4 -5  0 -2  1 -3 -2 -4  4 -3 -2 -4 -3 -3 -3 -3 -3    1  43   0   1   0   3   2  11   0   3   1  28   0   2   0   2   1   0   1   2  1.05 0.50
  372 E   -1  1  0  4 -3  1  1 -2 -2 -3 -2  1 -2 -3  2  0  0 -4 -2 -3    3   8   4  24   1   7   8   3   1   1   3  10   1   1  10   5   7   0   2   2  0.32 0.20
  373 N    0  0  2  0 -3  1  1  0 -2 -3 -3  2 -2 -3  1  1  1 -4 -3 -2    7   3  11   5   0   6  11   8   1   1   2  16   1   1   6  10  10   0   1   2  0.24 0.18
  374 P    1  0  1  1 -3  0  1  1 -1 -2 -3  2 -2 -3  1  0  0 -3 -2 -2   13   5   9   8   0   4   8  10   1   2   2  13   0   1   8   5   6   0   1   2  0.19 0.13
  375 K   -2  0  0  3 -4  0  2  3 -1 -4 -4  2 -3 -4 -2  0  1 -5 -3 -4    2   3   4  19   0   3  11  19   1   1   1  16   0   0   1   8   8   0   0   1  0.43 0.27
  376 D    0  0  2  1 -4  0  0  5 -3 -4 -4  1 -2 -5 -3  0 -1 -5 -4 -3    5   5   9   7   0   3   7  41   0   1   1  10   1   0   1   5   3   0   0   1  0.58 0.31
  377 K   -2  2  0 -1 -2  1  2 -1 -3 -4 -4  5 -3 -5  0  0 -2 -5 -4 -4    3   8   3   2   1   6  11   5   0   1   1  44   0   0   4   7   2   0   0   1  0.70 0.39
  378 P   -1  0  1 -3 -3 -2 -2 -3 -3  0  1  2 -1 -3  3 -1  2 -4 -3  1    5   5   7   0   0   1   1   1   0   6  14  17   1   0  13   4  15   0   1   9  0.27 0.23
  379 N   -1  2  0  0 -3  3  3 -1  1 -3 -3  2 -3 -2 -2 -1 -1 -3 -1 -1    4  12   4   5   0  15  20   5   3   1   1  12   0   2   2   3   4   0   2   4  0.32 0.23
  380 F   -5 -6 -6 -7 -6 -5 -6 -7  2 -2  1 -6 -3  7 -2 -5 -4  1  7 -3    0   0   0   0   0   0   0   0   4   1  13   0   0  42   2   0   1   1  31   1  1.62 0.66
  381 V    2 -6 -6 -6  5 -5 -5 -5 -6  0  0 -5 -2 -5  2 -4 -3 -6 -5  6   19   0   0   0  10   0   0   0   0   2   7   0   1   0   9   0   1   0   0  51  1.10 0.55
  382 H   -2 -4 -3 -6 -3 -4 -4 -6 11 -7 -7 -6 -5 -4 -7 -5 -6 -1  2 -7    3   1   1   0   1   0   1   0  84   0   0   0   0   1   0   1   0   1   6   0  3.27 1.12
  383 T   -3 -5 -3 -6  0 -5 -5 -6 -6 -1 -2 -5  5 -5 -6  0  7 -7 -6 -3    2   0   1   0   2   0   0   0   0   3   4   0  13   0   0   5  69   0   0   0  1.70 0.79
  384 L   -4 -6 -3 -7 -5 -6 -7 -7 -5  0  6 -6  0 -3 -7 -6 -5 -6 -4  1    1   0   2   0   0   0   0   0   0   4  82   0   1   0   0   0   0   0   0   9  1.66 0.70
  385 N   -6 -5  9 -1 -7 -5 -5 -2 -4 -8 -8 -5 -7 -7 -7 -2 -5 -8 -2 -8    0   0  91   2   0   0   0   3   0   0   0   0   0   0   0   2   0   0   2   0  2.80 1.03
  386 G    3 -5  2 -3  2 -5 -5  6 -5 -6 -6 -5 -6 -6 -5  1 -4 -6 -6 -6   20   0  11   1   4   0   0  54   0   0   0   0   0   0   0  11   0   0   0   0  1.28 0.58
  387 S   -3 -5 -4 -5 -1 -5 -5 -5 -6 -6 -6 -5 -5 -7 -5  4  7 -7 -6 -5    1   0   0   0   1   0   0   0   0   0   0   0   0   0   0  31  67   0   0   0  1.93 0.86
  388 G    5 -5 -4 -5 -1 -4 -4  4 -5 -3  1 -4  1 -4 -5 -2 -4 -5 -5 -1   42   0   0   0   1   0   0  30   0   0  14   0   4   0   0   2   0   0   0   4  0.89 0.48
  389 V   -1 -5 -5 -6  6 -5 -5 -5 -5  3  3 -5  2  0 -4 -4  0 -5 -3  2    6   0   0   0  18   0   0   1   0  13  34   0   5   3   1   1   6   0   0  13  0.80 0.40
  390 A    7 -5 -5 -5 -4 -5 -3 -2 -5 -5 -5 -5 -5 -6 -1 -2 -3 -6 -6 -3   88   0   0   0   0   0   1   2   0   0   0   0   0   0   3   2   1   0   0   1  1.88 0.78
  391 V   -1 -5 -3 -5 -2 -4 -5 -5 -4  3  1 -4  0 -2 -3  0  4 -3 -4  4    3   0   1   0   1   0   0   0   0  19  10   0   2   2   1   6  28   0   0  27  0.70 0.40
  392 G   -3 -5 -2 -1 -4  0  1  3 -4 -6 -6 -4 -5 -6  6  1  1 -6 -6 -5    1   0   1   4   0   5  10  23   0   0   0   0   0   0  38  10   8   0   0   0  1.03 0.51
  393 R   -6  9 -3 -6 -8 -2 -5 -7 -2 -5 -7 -2 -6 -8 -7 -5 -6 -8 -6 -7    0  95   1   0   0   1   0   0   1   1   0   1   0   0   0   0   0   0   0   0  2.83 1.02
  394 T    1 -5 -4 -5  1 -4 -5 -4 -5  3  2 -4  2 -2 -3 -2  4  0 -4  2   10   0   0   0   3   0   0   1   0  14  17   0   6   1   1   1  33   1   0  12  0.62 0.39
  395 V   -4 -6 -6 -7 -5 -5 -6 -6 -6  4  4 -6  5  1 -5 -5 -4  0 -3  1    0   0   0   0   0   0   0   0   0  27  45   0  13   4   0   0   0   1   1   7  1.16 0.51
  396 A    2 -4 -5 -6  6 -4 -5 -4 -6  5  0 -4  0 -3 -3 -2 -2 -5 -4  3   19   0   0   0  16   0   0   1   0  30   6   1   2   1   1   2   2   0   0  20  0.82 0.42
  397 A    6 -6 -6 -6  6 -5 -5 -3 -6 -4 -5 -5 -3 -5  0 -1 -3 -7 -6 -3   72   0   0   0  15   0   0   1   0   0   0   0   1   0   4   4   1   0   0   1  1.64 0.73
  398 I   -5 -7 -7 -7 -5 -6 -7 -8 -7  7  3 -6 -1 -1 -7 -6 -5 -6 -5  1    0   0   0   0   0   0   0   0   0  61  29   0   1   2   0   0   0   0   0   7  1.66 0.65
  399 I   -4 -6 -7 -7 -2 -6 -6 -7 -6  3  6 -6  4 -2 -6 -6 -4 -3 -4  1    1   0   0   0   1   0   0   0   0  14  65   0  10   1   0   0   0   0   0   7  1.38 0.58
  400 E   -6 -5 -3 -2 -9 -3  8 -7 -5 -8 -8 -4 -7 -8 -6 -5 -6 -8 -7 -6    0   0   1   1   0   0  98   0   0   0   0   0   0   0   0   0   0   0   0   0  2.76 1.05
  401 N   -5 -5  8 -3 -4  1 -4 -5  0 -5 -5 -4 -5 -7 -6 -1  1 -8 -4 -3    0   0  75   0   0   5   0   0   2   1   1   0   0   0   0   3  10   0   1   2  2.02 0.83
  402 F   -5 -4  3 -5  0 -4 -5  0  6 -6 -5 -4 -4  3 -7 -5 -5  0  8 -6    0   1  12   0   2   0   0   8  18   0   0   0   0  10   0   0   0   1  46   0  1.67 0.70
  403 Q   -2 -3 -4 -3 -7  9 -3 -6 -3 -6 -3 -3 -5 -4 -6 -4 -5  2  1 -5    3   0   0   1   0  82   0   0   0   0   3   0   0   1   0   0   0   3   4   1  2.34 0.98
  404 Q   -3  2  3  1 -5  6  1 -4 -3 -4 -2  0 -2 -6 -3 -2  3 -4 -4 -4    0   9  12   6   0  33   6   0   0   0   3   4   1   0   1   2  20   0   0   0  0.78 0.46
  405 A    3 -2 -3 -1 -4 -1  4 -3 -3 -5 -4  3 -4 -4  2 -1 -3 -4 -5 -3   23   1   0   3   0   1  31   1   0   0   1  18   0   1  12   4   1   0   0   2  0.70 0.43
  406 D   -5 -3  1  8 -7 -2  2 -5 -4 -6 -7 -1 -7 -6 -5 -2 -2 -8 -7 -7    1   1   6  72   0   1  11   0   0   0   0   3   0   0   0   2   2   0   0   0  1.87 0.74
  407 G   -4 -4 -1 -4 -6 -4 -4  7 -4 -7 -7 -2 -3 -7 -6 -4 -5 -6 -6 -7    0   1   3   0   0   1   1  89   0   0   0   2   1   0   0   0   0   0   0   0  2.21 0.81
  408 T   -1  1  0 -2 -1 -2  0 -2 -2 -3 -3  0 -3 -3 -3  5  2 -2 -2 -2    3   8   3   2   2   1   4   3   1   1   3   6   0   1   1  43  14   1   1   3  0.53 0.33
  409 I   -5 -7 -7 -7 -5 -6 -7 -7 -7  6 -1 -6 -2 -2 -7 -6 -4 -6 -5  6    0   0   0   0   0   0   0   0   0  41   4   0   0   2   0   0   0   0   0  52  1.72 0.68
  410 I   -1  3  0 -1 -3  0  1 -3  0  0  0  2 -1 -3 -3 -1  1 -1 -2  1    6  19   5   2   0   2   8   0   2   6   7  16   1   0   0   2   9   1   1  12  0.22 0.19
  411 I   -5 -7 -7 -7 -5 -6 -7 -7 -7  6  1 -6 -1 -3 -6 -6 -4 -6 -5  5    0   0   0   0   0   0   0   0   0  48  10   0   1   0   0   0   0   0   0  40  1.62 0.65
  412 P   -6 -7 -7 -7 -8 -7 -6 -7 -7 -8 -8 -6 -8 -9  9 -6 -6 -9 -8 -8    0   0   0   0   0   0   0   0   0   0   0   0   0   0 100   0   0   0   0   0  3.58 1.20
  413 E   -1  0 -2  2 -6  0  5 -3 -4 -5 -5  4 -4 -6  0 -1 -2 -6 -5 -4    4   3   1   9   0   4  42   1   0   0   1  24   0   0   4   4   2   0   0   1  0.89 0.48
  414 K    3 -5 -5 -6  2 -5 -4 -5 -6  1 -3 -1 -3 -5  1 -3 -3 -6 -5  6   28   0   0   0   4   0   0   0   0   5   1   4   0   0   7   0   1   0   0  50  1.06 0.55
  415 L   -5 -7 -8 -8 -6 -7 -7 -8 -7 -2  7 -7 -2 -4 -7 -7 -6 -6 -5 -3    0   0   0   0   0   0   0   0   0   1  98   0   0   0   0   0   0   0   0   1  2.24 0.85
  416 R   -3  6 -4 -4 -6  5 -1 -5  2 -1 -4  1 -3 -5 -5 -3 -3  1 -5  1    2  39   0   0   0  27   2   0   4   3   1   7   0   0   0   0   1   2   0  11  1.07 0.55
  417 P   -2 -1 -3 -2 -5 -1 -1 -2 -4 -6 -6  3 -5 -6  7  0 -2 -7 -6 -5    3   4   1   2   0   2   3   3   0   0   0  19   0   0  54   7   2   0   0   0  1.42 0.62
  418 Y   -4 -4 -7 -8 -5 -6 -7 -8 -2 -5 -2 -6 -2  4 -8 -6 -6  4  9 -6    1   1   0   0   0   0   0   0   1   0   3   0   1  16   0   0   0   5  72   0  2.57 0.92
  419 M   -4 -6 -6 -7  0 -5 -6 -7 -6  1  2 -6  9  0 -6 -4  0  1 -2  1    1   0   0   0   2   0   0   0   0   6  19   0  50   4   0   1   6   2   1   8  1.52 0.65
  420 G   -2 -2  2  1 -3  0 -3  5 -1 -4 -4 -2 -1 -3  0 -2 -3 -4 -2 -3    2   2  10   9   1   4   1  52   2   1   1   2   2   1   4   2   1   0   1   2  0.82 0.37
  421 G   -3 -5  1 -2 -2 -4 -2  6 -4 -4 -4 -2 -2  3 -5 -3 -3 -5 -4 -5    1   0   6   2   1   0   2  66   0   1   1   3   1  12   0   1   1   0   0   1  1.33 0.55
  422 K   -1  2 -1 -1 -3  2  0 -3 -2  1  0  3  1 -4 -3 -1  0 -4 -3  0    4  12   3   3   1  10   5   0   0   8   9  25   4   0   1   3   4   0   0   7  0.27 0.21
  423 D   -2 -1 -2  3 -6 -1  5 -4 -3 -5 -5  3 -5 -6 -3  0  2 -6 -4 -4    2   3   1  18   0   2  36   0   0   0   0  16   0   0   1   6  14   0   0   0  0.81 0.43
  424 V   -2  0 -3 -4 -2 -2 -1 -5 -2  4  0  0  0  3 -5 -2 -1 -1  1  3    1   6   0   0   1   1   3   0   1  24   4   7   1  16   0   2   4   1   4  23  0.43 0.27
  425 I   -4 -4 -7 -7 -5 -6 -4 -7 -6  7  3 -4 -1 -3 -6 -5 -3 -6 -4  0    0   1   0   0   0   0   1   0   0  65  27   1   0   0   0   1   1   0   0   2  1.51 0.58
  426 K   -4  4 -3 -3 -6  1  4 -5 -3 -6 -5  5 -4 -6 -4 -3 -3 -6 -4 -5    0  26   0   0   0   5  29   0   0   0   0  40   0   0   0   0   0   0   0   0  1.21 0.45

                      K         Lambda
Standard Ungapped    0.1370     0.3167
Standard Gapped      0.0410     0.2670
PSI Ungapped         0.2135     0.3177
PSI Gapped           0.0653     0.2670
