
Last position-specific scoring matrix computed, weighted observed percentages rounded down, information per position, and relative weight of gapless real matches to pseudocounts
           A  R  N  D  C  Q  E  G  H  I  L  K  M  F  P  S  T  W  Y  V   A   R   N   D   C   Q   E   G   H   I   L   K   M   F   P   S   T   W   Y   V
    1 M   -4 -5 -6 -6 -4 -4 -5 -6 -5  0  5 -5  6  2 -6 -5 -4 -4 -3 -2    0   0   0   0   0   0   0   0   0   2  65   0  24   9   0   0   0   0   0   0  1.32 0.40
    2 F   -3  2 -4 -5 -5 -2 -4 -5 -4 -1 -1 -1  5  1  6 -3 -2  1 -3 -1    0  11   0   0   0   1   0   0   0   4   6   3  16   7  42   1   2   2   1   4  1.00 0.37
    3 K   -1  2  1  0 -5  1  4 -1 -1 -5 -4  2 -2 -5 -3  3 -1 -2 -4 -4    4   9   6   3   0   5  30   3   1   0   1  10   1   0   1  23   2   1   0   0  0.54 0.29
    4 F   -3 -5 -5 -6 -4 -5 -5 -6 -6  5  3 -5  5  1 -4 -5 -3  0 -2  1    1   0   1   0   0   0   1   0   0  36  28   0  16   6   1   0   1   1   1   6  1.02 0.42
    5 L   -2  4 -4 -4 -1  1 -3 -4 -2  1  1 -1  3  3 -4 -3 -3  3  1  1    2  23   0   0   2   6   1   1   0   8  14   2   7  14   0   1   1   4   4   8  0.41 0.26
    6 K    1  3  0  2 -4  2  3 -2  0 -4 -4  2 -3 -4 -2  0 -1 -5 -4 -3   11  15   3  11   0   7  23   2   2   1   1  11   0   1   1   7   3   0   0   1  0.44 0.26
    7 R    2  2 -1 -1 -1  0 -1 -2 -1 -1  1  0  2 -1 -3  1  0 -3  0 -1   20  11   2   4   1   4   2   2   1   3  15   5   6   1   0  11   5   0   4   3  0.13 0.15
    8 I    1 -5 -6 -6 -2 -5 -5 -6 -6  4  4 -4  3 -1 -5 -4 -3 -3 -3  2   10   0   0   0   1   0   0   0   0  25  36   0   8   2   0   0   1   0   0  16  0.87 0.39
    9 K    0  4 -1 -1 -2  0  0 -3  1  0  0  2  0 -3 -4 -1 -2  0 -2  0    8  28   2   3   1   3   4   2   3   6   8  14   2   1   0   4   2   1   1   7  0.30 0.21
   10 D    2  0 -2  1 -2  1  3 -2 -1 -3 -1  0 -2 -3 -3  0  1 -5 -2 -2   20   4   1   8   1   5  25   2   1   1   8   5   1   0   0   5   9   0   1   1  0.33 0.25
   11 D   -6 -6 -3  8 -8 -3 -1 -6 -6 -7 -6 -5 -6 -6 -6 -5 -4 -9 -3 -7    0   0   1  92   0   1   2   0   0   0   1   0   0   0   0   0   1   0   1   0  2.71 0.92
   12 V    1 -5 -6 -6 -3 -4 -6 -5 -6  4  4 -4  0 -1 -5 -4 -3 -4 -3  3   11   0   0   0   0   0   0   0   0  28  35   0   2   2   0   0   1   0   1  18  0.86 0.40
   13 N    0  3 -1  1 -2  3  1 -3  0 -1 -1  2  0 -4 -4 -1 -2 -4 -2 -2   10  15   2   9   1  17  10   1   3   3   7  12   2   0   0   2   2   0   1   3  0.32 0.23
   14 M    6 -3 -3 -5  2 -4 -3 -3 -4 -3 -4 -3 -1 -3 -5  0  0 -4 -1 -1   67   1   1   0   4   0   1   0   0   1   0   1   2   1   0   7   6   0   2   4  1.12 0.55
   15 V    3 -5 -5 -5 -1 -4 -5 -3 -1  4 -1 -5 -1  1 -4 -2  0 -4  0  4   23   0   0   0   1   0   0   2   2  23   2   0   1   5   1   1   5   0   3  30  0.67 0.37
   16 F   -1  2 -3 -5 -1 -1 -3 -5 -1 -1  1  2  2  4 -5 -3 -2 -3  4  0    5  12   1   0   1   2   1   0   1   3  14  15   5  16   0   0   1   0  17   6  0.47 0.29
   17 E    0  1  0  4 -4  1  4 -4 -1 -4 -3  1 -3 -5 -4 -1 -1 -6 -4 -3    9   8   4  20   0   6  31   1   1   0   3   6   0   0   0   4   3   0   0   1  0.57 0.33
   18 Q   -3  7  0 -5 -5 -2 -3  3 -1 -6 -4  1 -1 -4 -6 -3 -4 -4 -3 -5    2  56   5   0   0   1   1  19   2   0   1   6   2   1   0   2   1   0   1   0  1.26 0.56
   19 D   -7 -7 -1  9 -5 -5 -3 -6 -6 -8 -9 -6 -8 -9 -6 -4 -6 -9 -8 -8    0   0   2  97   0   0   0   0   0   0   0   0   0   0   0   1   0   0   0   0  2.99 1.00
   20 P   -4 -7 -7 -7 -5 -6 -4 -7 -7 -8 -5 -6 -7 -4  9 -3 -5 -9 -8 -6    2   0   0   0   0   0   1   0   0   0   1   0   0   1  93   2   0   0   0   0  3.11 1.04
   21 A    7 -6 -6 -5 -5 -5 -4 -4 -6 -6 -6 -5 -5 -7 -5  1 -2 -7 -6 -4   87   0   0   1   0   0   0   0   0   0   0   0   0   0   0  10   1   0   0   1  2.00 0.82
   22 A    5 -4 -5 -6  8 -5 -5 -3 -6 -1 -2 -5 -2 -4 -4 -1 -1 -6 -4 -1   50   1   0   0  26   0   0   1   0   3   3   0   1   1   1   5   3   0   0   4  1.30 0.59
   23 R   -1  4  0  0 -3  0  0 -1  2 -1 -2  2 -2 -4  1  0  1 -5 -2 -2    3  26   4   5   0   4   6   4   5   4   2  11   1   0   6   5  10   0   1   2  0.28 0.21
   24 T   -3 -1  2  0 -1 -2 -3  1  1 -5 -6 -1 -5 -5 -4  5  1 -6 -2 -5    0   3  10   5   1   1   1  12   4   0   0   3   0   0   0  50   6   0   1   0  0.84 0.49
   25 T    0  2 -2 -3 -2 -2 -2 -3  1  0  1  0  0  2  0 -1  0  1  4  0    7  11   1   1   0   1   1   1   3   6  12   6   2   8   5   3   8   2  16   6  0.19 0.18
   26 L    0 -1 -2  1 -1 -2  0 -2 -1  0  3 -2  0  0 -2  1 -1  2 -1  0    8   2   1   8   1   1   6   3   1   4  31   1   1   5   1  11   2   3   2   8  0.15 0.16
   27 E   -2 -2 -2  0 -5  2  6 -3  4 -5 -4 -3 -1 -5 -4 -2 -1  0 -3 -4    3   1   2   4   0   9  55   1   9   1   1   0   2   0   0   3   4   1   1   1  1.08 0.53
   28 V    2 -5 -5 -5  4 -5 -5 -4 -6  4 -2 -5 -2 -4  2 -3 -1 -6 -4  5   16   0   0   0   8   0   0   1   0  22   2   0   0   0   9   0   3   0   0  38  0.86 0.42
   29 I   -2 -4 -6 -6 -4 -4 -5 -6 -5  4  4 -4  0  4 -5 -5 -3  0  0  2    3   1   0   0   0   0   0   0   0  23  37   0   2  15   0   0   1   1   2  14  0.82 0.37
   30 T   -3 -2 -5 -6 -3 -4 -5 -6 -4  0  6 -5  1  3 -6 -5 -2 -2 -3 -1    2   2   0   0   1   0   0   0   0   4  69   0   3  10   0   0   3   0   0   2  1.17 0.50
   31 S    0 -4  1 -4  6 -4 -4 -3  1 -3 -1 -4 -3  4 -4  1  2 -2  4 -3    8   0   8   0  17   0   0   1   3   1   5   0   0  15   0  11  12   0  16   1  0.64 0.35
   32 Y   -3 -5 -3 -7 -4 -4 -6 -7  2 -3 -1 -6 -3  5 -7 -2 -5 -2  9 -4    2   0   1   0   0   1   0   0   5   1   5   0   0  18   0   4   0   0  61   0  1.95 0.72
   33 A   -2 -2 -4 -5 -7 -1 -4 -4 -5 -6 -6  5 -6 -7  7 -1 -3 -7 -6 -5    3   2   0   0   0   3   0   1   0   0   0  33   0   0  52   4   1   0   0   0  1.72 0.68
   34 G   -2 -6 -4 -5 -3 -6 -6  7 -2 -7 -7 -6 -7 -4 -6 -1 -4 -7 -4 -6    2   0   0   0   1   0   0  88   1   0   0   0   0   1   0   4   1   0   1   0  2.19 0.77
   35 V   -4 -6 -6 -6 -5 -6 -6 -5 -4  2  2 -6  0  7 -5 -5 -4  0  3  2    1   0   0   0   0   0   0   0   0  10  17   0   2  46   0   1   0   1   8  12  1.21 0.48
   36 H   -3  0 -3 -4 -5  2 -2 -5  8 -3  1  0 -1  0 -4 -3 -2  3  1 -4    2   5   0   0   0  10   2   0  42   1  14   4   1   4   1   1   2   4   5   1  1.10 0.49
   37 A    7 -5 -5 -6 -3 -5 -5 -2 -6 -3 -5 -5 -5 -6 -5 -1 -3 -7 -6 -1   86   0   0   0   0   0   0   2   0   1   0   0   0   0   0   4   1   0   0   3  1.82 0.74
   38 V   -4 -4 -6 -6  3 -5 -6 -6 -6  5  4 -5  2 -3 -5 -4 -1 -5 -4  3    0   1   0   0   5   0   0   0   0  31  36   0   4   0   0   0   3   0   0  18  1.00 0.43
   39 W    1 -2 -3 -4 -1  5 -1 -3 -3  1  0 -3  1  1 -4 -1  0  6 -3  0   12   1   0   0   1  29   2   2   0   7   8   0   3   6   0   3   6  10   0   7  0.52 0.34
   40 S    2 -3 -2 -3  2 -3 -3 -1  1  1  1 -3  0  1 -3  1  1  3 -1  1   23   0   2   0   5   0   0   3   4   9  11   0   2   6   0   9   9   4   2  10  0.23 0.19
   41 H   -5 -5 -4 -6 -5  1 -5 -7  9 -6 -6 -5 -5  0 -7 -5 -6 -2  7 -6    1   0   1   0   0   6   0   0  53   0   0   0   0   3   0   0   0   0  34   0  2.51 0.84
   42 L   -5  9 -4 -6 -6 -3 -5 -7 -3 -7 -6 -1 -6 -5 -6 -5 -5 -7 -4 -6    0  94   0   0   0   0   0   0   0   0   1   1   0   0   0   0   0   0   1   0  2.73 0.92
   43 I    0 -3 -5 -6 -1 -4 -5 -5 -4  5  3 -4  1  1 -5 -4 -2 -2 -3  4    8   1   0   0   1   0   0   0   0  30  23   0   2   5   0   0   1   0   0  26  0.75 0.35
   44 A    6 -4 -3 -5 -3 -3 -4 -2 -4 -4 -5 -4 -4 -6 -5  2 -2 -6 -4 -4   76   0   1   0   0   1   0   2   0   1   0   0   0   0   0  13   1   0   1   0  1.52 0.66
   45 H   -5 -2  2 -6 -6 -4 -5 -6 11 -8 -7 -5 -6 -5 -7 -4 -6 -7 -2 -8    1   2  10   0   0   0   0   0  84   0   0   0   0   0   0   1   0   0   1   0  3.30 1.01
   46 E    1  3 -2 -2 -1  0  1 -3  0 -1 -2  0 -2  2 -3 -2 -2  6  1  0   13  18   1   1   1   3   9   1   3   3   4   5   0   9   1   2   2  13   4   6  0.38 0.24
   47 L   -4 -5 -7 -7 -1 -5 -6 -7 -3 -1  6 -6  1  2 -6 -5 -4 -3 -1 -2    1   0   0   0   1   0   0   0   1   1  79   0   3   9   0   0   0   0   2   1  1.51 0.58
   48 Y   -5 -5 -5 -5 -5 -4 -5 -6  4 -6 -4 -7 -6  0 -7 -5 -6 11  6 -5    1   0   0   1   0   1   1   0  10   0   2   0   0   4   0   1   0  55  23   1  2.88 0.88
   49 K    0  3  1 -2 -1  1  0 -1  1 -1  0  2 -1 -3 -3 -1  0 -3 -2 -1    6  16   9   1   1   8   7   4   3   4  12  15   1   0   0   3   5   0   0   2  0.19 0.16
   50 K    0  2  0 -1  0  3  0 -2  2 -2  1  1  1 -2 -3  0 -1  3 -2 -2    7  15   4   2   2  14   3   2   6   1  16   6   3   1   0   7   2   4   0   1  0.19 0.18
   51 K   -3  0  2  0 -6 -1 -1  6  1 -6 -6  1 -5 -6 -5 -1 -4 -6 -5 -6    1   5   8   5   0   2   4  56   3   0   0  10   0   0   0   3   0   0   0   0  1.06 0.45
   52 K   -1  4 -2 -2 -2  0 -2 -3  1  1  1 -1  0  1 -4 -3 -3  2 -1  2    4  30   1   2   1   4   2   1   4   7  13   2   2   6   0   1   0   3   1  14  0.35 0.24
   53 Y   -3  4 -3 -3 -5  0 -2 -4  1 -3 -4  3 -4  0  5 -2 -1 -4  1 -2    1  24   1   1   0   3   2   0   3   2   1  19   0   4  25   2   4   0   4   2  0.72 0.37
   54 V    0 -2 -3 -1 -3 -2 -1 -2 -2  1  2 -3  0  3  0 -1  0  1  1  1    6   1   1   4   0   1   4   3   1   7  24   0   2  15   4   4   5   2   4  12  0.17 0.14
   55 L   -1 -3 -5 -5 -3 -4 -4 -4 -4  3  4 -4  2  1  1 -2 -1 -2 -2  1    4   1   0   0   0   0   1   1   0  15  44   0   6   4   8   2   4   1   1   7  0.55 0.29
   56 A    6 -5 -5 -5 -3 -3 -4 -2 -5 -5 -5 -4 -5 -6  4 -1 -3 -6 -6 -4   69   0   0   0   0   1   0   2   0   0   0   0   0   0  23   3   0   0   0   0  1.52 0.62
   57 R   -2  7 -4 -5 -3 -2 -3 -4  0 -3  2 -1 -1 -1 -4 -2 -3 -3 -1 -2    3  56   0   0   1   1   0   1   2   1  22   2   1   2   0   2   1   0   2   2  1.06 0.47
   58 L    0 -3 -4 -5 -2 -3 -3 -4  0  2  2 -3  4  3 -4 -3 -2  3  2  1   11   1   0   0   0   0   1   0   2  15  22   0  12  15   0   1   1   4   8   7  0.44 0.24
   59 I   -3 -4 -5 -6 -3 -4 -5 -5 -4  4  4 -5  4  0 -3 -4 -3 -2 -3  1    1   0   0   0   0   0   0   0   0  24  44   0  12   4   2   1   0   0   0   9  0.86 0.36
   60 S    1 -3 -1 -3 -2  5 -2 -3  0 -5 -4 -2  1 -4 -4  4  2 -5 -2 -4    9   0   2   0   1  34   0   1   2   0   0   0   3   0   0  34  11   0   1   0  0.86 0.44
   61 Q   -1  0  1 -1 -2  2  3 -1  3 -4 -3 -1 -1 -3 -3  3 -1  1 -1 -4    3   4   6   2   1  11  25   3   7   0   2   1   1   1   0  28   2   2   2   0  0.48 0.29
   62 V   -1  4 -2 -3 -2  0 -2 -3  2  1  1 -1  0  1 -3 -2 -2  3  2  0    4  29   1   0   1   4   1   1   6   8  14   2   2   6   0   2   1   4   7   7  0.31 0.20
   63 T    4 -3 -1 -3  0 -3 -3  0 -4  1 -2 -3  1 -3 -3  1  0 -3 -3  2   40   0   3   0   2   0   0   7   0  10   1   0   4   0   0  10   5   0   0  17  0.45 0.27
   64 R    0  4  0 -3 -2 -1 -2 -2  6 -4 -4 -1 -4 -3 -4  4 -2 -5 -2 -4    6  26   3   0   1   1   0   2  24   1   0   3   0   1   0  31   1   0   0   1  0.86 0.39
   65 F    0  1 -1  0 -2  0  3 -1 -1 -1 -1  0 -1  2 -3  1 -1  1 -1 -2    7   8   1   4   1   3  24   3   1   2   5   3   1  13   0  14   3   2   0   2  0.18 0.16
   66 F    0  1 -3 -2 -1  0 -1 -3 -1  1  2  0  1  0 -3 -2 -1 -1 -1  3    6   8   0   1   1   4   4   1   1   7  20   8   2   5   0   1   3   1   1  26  0.16 0.13
   67 T   -3 -4 -4 -4 -1 -4 -4 -5 -4 -3 -1 -4  0  5 -4 -1  6  1  1 -2    0   0   0   0   1   0   0   0   0   0   6   0   2  29   0   3  50   1   4   2  1.07 0.45
   68 G    2 -4  0 -2 -3  0 -3  6  0 -5 -4 -3 -4 -5 -4  0 -3 -5 -5 -4   17   0   5   1   0   4   0  63   2   0   1   0   0   0   0   5   1   0   0   0  1.12 0.39
   69 I   -1 -5 -4 -5 -1 -5 -5 -5 -5  6 -1 -5  1 -3 -4 -4 -1 -5 -4  5    5   0   0   0   1   0   0   0   0  48   1   0   3   0   0   0   2   0   0  37  1.10 0.40
   70 E   -4 -4 -1  7 -4 -2  4 -3 -4 -6 -6 -3 -5 -6 -4 -3 -3 -6 -6 -6    0   0   2  70   0   0  23   2   0   0   1   0   0   0   0   0   1   0   0   0  1.74 0.55
   71 I   -4 -6 -6 -6 -4 -6 -6 -7 -6  8 -1 -6 -1 -3 -6 -5 -3 -6 -5  0    1   0   0   0   0   0   0   0   0  93   2   0   1   1   0   0   0   0   0   2  2.12 0.63
   72 H   -5 -4 -1 -5 -7 -3 -4 -6 11 -7 -7 -5 -5 -5 -6 -4 -5 -6 -2 -7    1   0   2   0   0   0   0   0  95   0   0   0   0   0   0   1   0   0   0   0  3.49 0.88
   73 P   -3 -6 -6 -5 -6 -4 -5 -6 -6 -6 -6 -5 -6 -7  9 -4 -5 -7 -7 -6    2   0   0   0   0   1   0   0   0   0   0   0   0   0  96   1   0   0   0   0  3.08 0.80
   74 G    4 -3 -2 -4 -4 -3 -4  6 -5 -5 -5 -3 -5 -6 -4 -2 -3 -5 -5 -4   38   1   1   0   0   1   0  57   0   0   0   1   0   0   0   1   1   0   0   0  1.35 0.47
   75 A    7 -5 -5 -5  0 -4 -4 -2 -5 -4 -5 -4 -4 -6 -4 -1 -3 -6 -5 -2   91   0   0   0   2   0   0   2   0   0   0   0   0   0   0   2   1   0   0   2  1.73 0.61
   76 Q   -2  4 -1 -2 -1  2  0 -2 -1 -2 -3  3 -2 -4 -3  0  3 -5 -3 -1    1  24   1   1   1   9   6   2   1   2   0  19   0   0   1   6  19   0   0   6  0.45 0.25
   77 I   -4 -6 -6 -6 -4 -6 -6 -7 -6  7  1 -6 -1  0 -6 -5 -4 -3 -4  1    0   0   0   0   0   0   0   0   0  80   9   0   1   4   0   0   0   0   0   5  1.68 0.54
   78 G   -2 -3 -3 -3 -4 -5 -3  7 -4 -6 -6 -3 -6 -6 -5 -3 -4 -6 -6 -4    2   1   0   1   0   0   1  89   0   0   0   1   0   0   0   1   0   0   0   1  1.96 0.57
   79 R   -1  4 -1 -1 -1  0  1 -1  2 -4 -4  3 -3 -4  0  1 -1 -2 -3 -3    5  31   2   2   1   2  10   5   5   0   0  18   0   0   5   9   2   1   1   0  0.45 0.23
   80 R   -1  4 -1 -3 -2 -2 -2  5  1 -5 -5 -1 -4 -4 -2  1 -3 -4  0 -5    4  24   3   1   1   0   1  47   4   0   0   1   0   0   1   9   0   0   4   0  0.85 0.35
   81 L   -2 -5 -5 -5  0 -5 -5 -4 -4  3  2 -5  1  6 -5 -4 -2 -3 -1  3    2   0   0   0   2   0   0   1   0  21  15   0   3  36   0   0   2   0   0  19  0.85 0.33
   82 F   -3 -5 -5 -6  0 -5 -5 -5 -3 -1  2 -5  4  7 -6 -4 -3 -2  1  0    1   0   0   0   2   0   0   0   0   1  18   0  12  53   0   0   1   0   2   7  1.24 0.43
   83 I   -4 -5 -6 -6 -3 -5 -6 -6 -6  7  3 -5  1  1 -5 -5 -3 -3 -3  0    0   0   0   0   0   0   0   0   0  62  24   0   3   6   0   0   1   0   0   3  1.25 0.43
   84 D   -2 -4 -2  8 -7 -4 -2 -4 -1 -7 -6 -4 -6 -7 -3 -3 -4 -8 -6 -6    3   0   1  92   0   0   0   0   1   0   1   0   0   0   1   1   0   0   0   0  2.31 0.68
   85 H   -5 -4 -2 -5 -4 -3 -4 -5 11 -7 -7 -4 -6 -5 -5 -4 -6 -6 -2 -6    0   0   1   0   1   0   0   1  94   0   0   1   0   0   0   1   0   0   0   0  3.34 0.87
   86 G    3 -5 -4 -3 -3 -4 -5  6 -5 -5 -6 -4 -5 -6 -3 -2 -4 -5 -6 -3   28   0   0   1   0   0   0  68   0   0   0   0   0   0   1   1   0   0   0   2  1.50 0.50
   87 M    0 -4 -2 -4 -1 -3 -4 -3 -1 -1 -2 -4  5 -1 -3  0  6 -5 -2 -2    6   0   1   0   1   0   0   2   1   3   1   0  17   2   1   4  58   0   1   2  1.00 0.45
   88 G   -2 -5 -2 -3 -2 -5 -2  7 -5 -7 -7 -5 -6 -6 -5 -2 -5 -3 -6 -6    2   0   1   1   1   0   3  90   0   0   0   0   0   0   0   2   0   0   0   0  2.04 0.59
   89 V   -3 -5 -6 -6 -2 -5 -5 -6 -6  4  1 -5 -1  0 -5 -4 -1 -5 -3  6    0   0   0   0   1   0   0   0   0  21  10   0   0   3   0   0   3   0   0  62  1.16 0.42
   90 V   -3 -6 -6 -7 -4 -6 -6 -7 -7  0 -2 -6 -3 -4 -6 -4 -2 -6 -5  8    0   0   0   0   0   0   0   0   0   2   0   0   0   0   0   1   1   0   0  96  2.03 0.65
   91 I   -3 -6 -6 -6 -4 -6 -6 -7 -6  7 -1 -6  0 -3 -6 -5 -4 -6 -4  3    1   0   0   0   0   0   0   0   0  79   1   0   1   0   0   0   0   0   0  16  1.75 0.55
   92 G   -3 -6 -4 -5 -1 -5 -6  7 -5 -7 -7 -5 -6 -7 -6 -2 -5 -6 -7 -7    0   0   0   0   1   0   0  97   0   0   0   0   0   0   0   1   0   0   0   0  2.38 0.66
   93 E   -2 -2 -2 -1 -5  0  7 -4 -3 -6 -6 -1 -5 -5 -4 -2 -4 -6 -5 -6    3   1   1   1   0   2  86   1   0   0   0   1   0   0   0   2   0   0   0   0  1.83 0.62
   94 T   -3 -5 -4 -5 -4 -3 -3 -4 -5 -3 -5 -4 -4 -6 -5 -1  8 -6 -5 -4    1   0   0   0   0   1   1   0   0   1   0   0   0   0   0   2  94   0   0   0  2.13 0.71
   95 C    5 -4 -4 -4  3 -3 -4 -2 -4 -4 -4 -3 -3 -5 -4  1  2 -5 -4  0   63   0   0   0   6   0   0   1   0   0   0   0   0   0   0   9  15   0   0   5  1.02 0.44
   96 R   -2 -1 -3 -2 -3 -1  3 -4 -3  3 -1 -2 -1 -3 -4 -2  0 -5 -3  5    2   3   0   1   0   2  20   0   0  16   1   2   1   0   0   2   5   0   0  43  0.56 0.30
   97 I   -4 -6 -6 -6 -4 -5 -6 -7 -6  7  0 -5 -1 -3 -6 -5 -3 -6 -4  4    0   0   0   0   0   0   0   0   0  64   6   0   1   0   0   0   1   0   0  29  1.49 0.49
   98 G   -2 -4 -3 -2 -6 -4  0  7 -3 -7 -7 -3 -6 -6 -5 -3 -5 -6 -6 -6    1   0   0   1   0   0   7  88   0   0   0   1   0   0   0   0   0   0   0   0  1.96 0.58
   99 D   -3 -1  4  6 -6 -1  1 -4  0 -6 -6 -1 -5 -6 -3 -1 -3 -7 -4 -6    2   3  22  56   0   1   6   0   2   0   0   4   0   0   1   2   1   0   0   0  1.28 0.45
  100 N   -4  1  5  5 -4 -2  1  0  4 -6 -6 -2 -5 -4 -4 -2 -3 -1 -1 -5    0   7  31  31   0   1   6   8  10   0   0   1   0   1   0   1   0   1   2   0  0.91 0.37
  101 V   -1 -6 -6 -6  5 -5 -6 -5 -6  0 -2 -5 -2 -3 -5 -3 -2 -6 -4  7    5   0   0   0  14   0   0   0   0   1   0   0   0   0   0   1   1   0   0  77  1.53 0.54
  102 T   -2  1 -2 -3 -1 -2 -2 -3 -2 -1 -1  2  0 -3 -3  4  4 -4 -2 -1    0   8   0   0   1   1   0   0   1   3   7  14   3   1   0  32  27   0   1   3  0.48 0.30
  103 I   -4 -5 -6 -6 -2 -5 -6 -6 -5  6  4 -5  4 -1 -5 -5 -3 -5 -4  1    0   0   0   0   0   0   0   0   0  49  35   0  10   2   0   0   0   0   0   3  1.19 0.42
  104 Y   -5 -5 -5 -6 -5 -5 -5 -6  1 -3  3 -5  2  2 -6 -4 -4  0  8 -3    0   0   0   0   0   0   0   0   2   0  31   0   5   6   0   0   0   1  54   0  1.55 0.53
  105 Q   -4 -3 -2 -4 -6  7 -2 -5  9 -7 -6 -2 -3 -6 -5 -2 -4 -6 -3 -6    0   0   1   0   0  52   0   0  44   0   0   0   0   0   0   2   0   0   0   0  2.19 0.70
  106 G   -1 -3  2 -2 -3 -1 -2  6  3 -6 -5 -3 -5 -5 -4  0 -3 -5 -3 -5    3   1  12   2   0   3   3  61   8   0   0   0   0   0   0   5   1   0   1   0  1.12 0.40
  107 V   -1 -5 -5 -6 -3 -5 -5 -5 -6  1 -2 -5 -1 -4 -5 -4 -2 -5 -4  7    5   0   0   0   0   0   0   0   0   3   1   0   1   0   0   1   1   0   0  86  1.61 0.54
  108 T   -3 -4 -2 -4 -4 -4 -4 -3 -5 -4 -4 -4 -4 -5 -4 -1  8 -5 -5 -1    0   0   1   0   0   0   0   2   0   0   0   0   0   0   0   3  89   0   0   4  1.89 0.64
  109 L   -4 -5 -6 -6 -4 -5 -5 -4 -5  0  6 -4  0 -1 -5 -5 -4 -4 -4 -2    0   0   0   0   0   0   0   1   0   3  90   1   1   1   0   0   0   0   0   1  1.52 0.50
  110 G   -3 -5 -3 -4 -5 -5 -4  7 -3 -5 -5 -4 -5 -6 -5 -3 -4 -5 -6 -2    1   0   0   0   0   0   1  92   0   1   1   0   0   0   0   1   0   0   0   3  2.04 0.58
  111 G    3 -4 -2 -4 -1 -4 -2  6 -4 -5 -5 -4 -3 -5 -4 -1 -3 -5 -5 -4   27   0   1   0   1   0   2  62   0   0   0   0   1   0   0   4   1   0   0   0  1.24 0.42
  112 T   -2  1 -1 -1 -3 -2 -3 -2 -2 -1  0  0 -1 -2 -3  0  5 -3 -3 -1    2   9   2   2   0   1   0   3   1   3  10   7   1   1   0   6  50   0   0   3  0.56 0.31
  113 G   -1 -2 -1 -2 -3 -2 -3  5 -1 -4 -4 -2 -3 -4 -3  3 -1 -4 -3 -4    3   1   2   2   0   1   1  50   1   0   2   1   0   1   0  30   3   0   1   1  0.90 0.35
  114 K   -1  0  0 -2 -2 -1 -1 -2 -1 -1  0  4 -1  2 -1 -1  0  4 -2  0    3   2   4   1   1   1   2   2   1   3  10  36   1   9   2   3   5   6   0   7  0.28 0.20
  115 E    1  1 -1  2 -3  2  3 -1  1 -3 -3  1 -2 -3  1  0 -1 -1 -2 -1   12   6   2  10   0   8  25   3   4   1   1   8   1   0   7   5   2   1   0   4  0.28 0.16
  116 R    0  2  0 -1  0  0 -1  2  0 -3 -3  2 -2 -2  1  1  0 -3 -2 -2    8  14   4   3   2   3   2  14   3   1   1  19   0   1   6   8   6   0   1   2  0.21 0.13
  117 G   -1 -3 -1  0  0 -2 -2  6 -3 -3 -4 -1 -4 -4 -3 -2 -1 -4 -2  0    4   1   2   7   2   1   2  60   0   1   0   4   0   1   0   1   5   0   2   7  0.85 0.32
  118 K   -1  2 -1  4 -3 -1 -1 -4 -3 -4 -4  5 -3 -5 -2 -2 -3 -3 -3 -3    5   9   2  27   1   1   1   0   0   1   1  47   0   0   2   1   0   0   1   1  0.88 0.37
  119 R   -5  8 -4 -5 -1 -2 -3 -5 -2 -6 -4 -1 -4 -6 -5 -4 -4 -1 -5 -5    0  92   0   0   1   0   0   0   0   0   2   1   0   0   0   0   0   1   0   0  2.28 0.67
  120 H   -5 -4 -3 -5 -1 -3 -4 -5 11 -6 -6 -4 -5 -5 -5 -4 -5 -5 -1 -6    0   0   0   0   2   0   0   0  93   0   0   0   0   0   0   0   0   0   1   0  3.30 0.82
  121 P   -3 -5 -5 -5 -6 -4 -4 -5 -5 -6 -6 -4 -5 -6  9 -4 -4 -6 -6 -5    2   0   0   0   0   0   0   0   0   0   0   0   0   0  94   0   0   0   0   0  2.94 0.74
  122 D   -2 -1 -1 -2 -3 -1 -2 -4 -1  0 -3  4 -3 -4 -3 -1  5 -5 -3  0    1   2   1   2   0   1   1   0   1   7   1  28   0   0   0   2  46   0   0   6  0.77 0.37
  123 I   -3 -5 -6 -6 -4 -5 -5 -6 -6  6  3 -5 -1 -3 -5 -5 -2 -5 -4  4    0   0   0   0   0   0   0   0   0  47  24   0   0   0   0   0   1   0   0  28  1.16 0.41
  124 G   -2  2 -2 -1 -2 -1  3  5 -2 -6 -5  0 -3 -5 -4 -2 -3 -5 -4 -5    2  10   0   2   1   1  24  51   0   0   0   6   0   0   0   1   0   0   0   0  0.93 0.37
  125 D   -2  0  4  6 -2  0  0 -3  0 -5 -6 -1 -5 -6 -3  0 -2 -6 -5 -5    3   5  20  51   1   3   3   0   2   0   0   3   0   0   0   7   1   0   0   0  1.05 0.39
  126 N   -3  1  4  2 -4 -2 -2  5  2 -6 -5 -2 -4 -4 -4 -2 -3 -4 -1 -5    0   8  24  10   0   1   1  45   6   0   0   1   0   0   0   1   0   0   2   0  0.94 0.37
  127 V    0 -6 -6 -6  0 -5 -5 -6 -6  0 -2 -5 -2 -4 -5 -3 -2 -6 -4  7    6   0   0   0   2   0   0   0   0   1   0   0   0   0   0   1   1   0   0  89  1.72 0.58
  128 L   -2 -2 -4 -5 -3 -2 -4 -5 -3  2  3 -3  2  0 -4 -2  2 -4 -3  3    0   2   0   0   0   1   0   0   0  11  33   1   6   3   0   1  16   0   0  25  0.53 0.26
  129 I   -3 -5 -6 -6 -4 -5 -6 -6 -6  6  2 -5 -1 -2 -5 -5 -3 -5 -4  4    1   0   0   0   0   0   0   0   0  57  17   0   0   1   0   0   0   0   0  25  1.27 0.43
  130 A   -1 -5 -3 -4 -2 -3 -5  6 -1 -6 -6 -4 -5 -2 -5 -1 -4 -3  5 -5    3   0   0   0   1   1   0  67   1   0   0   0   0   0   0   4   0   0  23   0  1.51 0.50
  131 A    6 -4 -3 -3  0 -3 -3 -2 -4 -4 -4 -3 -3 -5  0  2  0 -5 -5 -1   73   0   0   1   2   0   0   1   0   0   0   0   0   0   4  11   4   0   0   4  1.11 0.46
  132 G   -2 -3  3 -2 -2 -3 -3  6  0 -6 -6 -3 -3 -6 -5 -1 -4 -2 -4 -6    2   1  13   1   1   0   1  73   3   0   0   1   1   0   0   3   0   1   0   0  1.47 0.47
  133 A    6 -4 -4 -4  1 -3 -4 -3 -4 -4 -4 -3 -4 -5 -3  1  1 -5 -4 -1   76   0   0   0   2   0   0   0   0   0   0   0   0   0   1   8   9   0   0   3  1.22 0.48
  134 K   -1 -1 -1 -3  1  2 -2 -4 -3 -1 -3  4 -2 -4 -3  1  5 -5 -3 -1    3   1   1   0   3   8   1   0   0   3   2  27   1   0   0  10  37   0   0   2  0.61 0.32
  135 V   -3 -5 -4 -5 -2 -5 -5 -6 -5  6  1 -5 -1 -2 -5 -4 -3 -5 -4  5    1   0   1   0   0   0   0   0   0  54   7   0   0   0   0   0   0   0   0  35  1.26 0.43
  136 L   -4 -5 -6 -6 -4 -4 -5 -6 -5  1  6 -5  0 -2 -5 -5 -4 -4 -4 -1    0   0   0   0   0   0   0   0   0   6  89   0   1   1   0   0   0   0   0   2  1.51 0.49
  137 G   -3 -5 -3 -3 -5 -5 -5  7 -5 -7 -6 -5 -6 -6 -5 -3 -5 -5 -6 -6    0   0   0   1   0   0   0  97   0   0   0   0   0   0   0   0   0   0   0   0  2.30 0.62
  138 N   -1  0  6  1 -4 -3 -3  2 -2 -5 -5 -2 -4 -5  4 -1 -3 -5 -4 -5    6   6  40   6   0   0   0  17   0   0   0   1   0   0  22   2   0   0   0   0  0.92 0.36
  139 I   -3 -4 -4 -1 -3 -3 -1 -4 -4  6 -1 -3 -1 -1 -5 -3 -1 -5 -3  3    1   0   1   5   0   1   4   1   0  55   2   1   0   2   0   1   3   0   0  23  0.88 0.36
  140 T   -2  2 -1 -2 -3 -1  1 -4  1 -1 -3  1 -2 -4 -2 -1  5 -4 -2  0    1  11   1   0   0   2  11   0   3   2   1   9   0   0   1   2  44   0   1   7  0.56 0.31
  141 I   -3 -5 -6 -6 -4 -5 -5 -6 -6  6  0 -5 -2 -3 -3 -5 -3 -5 -4  5    1   0   0   0   0   0   0   0   0  57   3   0   0   0   1   0   0   0   0  36  1.37 0.46
  142 N   -2 -4 -2 -4 -5 -4 -2  7 -3 -6 -6 -4 -5 -6 -5 -2 -4 -3 -6 -6    1   1   1   0   0   0   2  90   1   0   0   0   0   0   0   1   0   0   0   0  2.01 0.57
  143 A    1  1  0  4 -3  0  3 -3  2 -4 -4  1 -3 -4 -3  0 -1 -4 -3 -3   15   9   4  25   0   3  21   0   5   0   0   8   0   0   0   3   3   0   1   1  0.47 0.23
  144 N   -2  0  4  1  2 -2 -2  5  2 -5 -5 -3 -3 -3 -4 -1 -3 -2  0 -5    1   5  20   8   4   1   1  46   5   0   0   0   1   1   0   2   0   1   3   0  0.81 0.32
  145 V    5 -4 -3 -4  4 -3 -3 -3 -4 -3 -4 -3 -3 -5 -4  4  0 -5 -4  1   46   0   0   0   8   0   0   0   0   0   0   0   0   0   0  29   4   0   0  11  0.88 0.41
  146 N   -2  3 -2 -3 -3  1 -2 -4 -2  1 -2  4  1 -4 -4 -2  1 -5 -3  2    1  19   1   0   0   5   0   0   1   8   1  33   3   0   0   1   8   0   0  15  0.53 0.29
  147 I   -3 -5 -6 -6 -4 -6 -6 -5 -6  7 -1 -6 -2 -3 -6 -5 -3 -6 -4  5    1   0   0   0   0   0   0   1   0  62   1   0   0   0   0   0   0   0   0  35  1.58 0.52
  148 G    2 -4 -3 -4 -3 -5 -4  7 -5 -6 -6 -4 -3 -6 -4 -2 -3 -6 -4 -5   14   1   1   0   0   0   1  79   0   0   0   0   1   0   1   1   1   0   0   0  1.70 0.53
  149 A    6 -4 -4 -4 -1 -4 -3  3 -4 -4 -5 -4 -4 -5 -2  1 -2 -5 -5 -3   68   0   0   0   1   0   0  18   0   0   0   0   0   0   1  11   0   0   0   0  1.17 0.47
  150 N   -2 -2  6 -2  0 -2 -3  5  0 -6 -6 -2 -4 -6 -5  0 -3 -6 -5 -5    1   1  39   1   2   1   0  43   3   0   0   2   0   0   0   6   0   0   0   0  1.17 0.43
  151 S    3 -4 -3 -4 -1 -3 -3 -3 -4 -2 -3 -3 -3 -4 -4  5  0 -5 -4  2   29   0   0   0   1   0   0   0   0   1   1   0   0   0   0  47   3   0   0  17  0.85 0.41
  152 V   -3 -5 -6 -6 -2 -5 -5 -6 -6  1  1 -5 -1  1 -5 -3 -3  7 -2  6    0   0   0   0   1   0   0   0   0   6  11   0   1   6   0   1   1  16   0  57  1.22 0.45
  153 V   -3 -5 -6 -6 -3 -5 -5 -6 -6  2  1 -5 -1 -1 -5 -5 -3 -5 -4  6    1   0   0   0   0   0   0   0   0  10  14   0   0   2   0   0   0   0   0  72  1.35 0.48
  154 L   -2 -3 -3 -4 -3 -3 -4 -4 -5  2  4 -3  0 -2 -4 -2  4 -4 -3  2    1   1   1   0   0   0   0   1   0  10  39   0   2   0   0   1  29   0   0  13  0.65 0.32
  155 N   -1  2  0  0 -3  1  2 -3  3 -3 -4  4 -2 -4 -3  0  0 -5 -3 -3    3  13   3   5   1   5  13   1   7   2   0  34   1   0   0   6   4   0   0   1  0.51 0.26
  156 S   -2 -4  1  6 -4 -3  1 -3 -1 -6 -5 -3 -5 -6  2  3 -2 -6 -5 -5    2   0   5  47   0   0   7   0   1   0   0   0   0   0   9  27   1   0   0   0  1.07 0.43
  157 V   -3 -6 -6 -6 -3 -5 -6 -6 -6  3  0 -5 -2 -3 -5 -5 -2 -6 -3  7    1   0   0   0   0   0   0   0   0  14   7   0   0   0   0   0   2   0   0  76  1.49 0.52
  158 P    0 -4 -5 -2 -6 -3  0 -3 -5 -6 -4 -3 -4 -7  8 -2 -4 -7 -5 -5    7   0   0   2   0   1   6   2   0   0   1   1   0   0  75   2   0   0   0   0  2.07 0.62
  159 S    3 -3 -3  1 -3 -2  1 -3 -3 -5 -5 -2 -5 -6  6  0 -2 -6 -5 -3   23   1   1   9   0   1   9   1   1   0   0   1   0   0  47   6   1   0   0   1  1.18 0.43
  160 Y   -3  1  4  1 -3 -2 -2  3  5 -5 -4 -2 -1  0 -4 -2 -2 -1  2 -4    1   8  19   8   1   1   2  26  16   0   1   1   2   4   0   1   1   1   7   0  0.58 0.29
  161 S    2 -2 -2 -3  3 -1 -2 -3  1 -3 -2 -2  1 -4 -3  3  3 -4 -3 -1   16   1   0   0   8   2   1   1   4   0   3   2   4   0   0  29  24   0   0   4  0.51 0.30
  162 T   -2  1 -3 -4 -3 -3 -4 -5 -3  0 -1  0  1 -3 -4 -1  6 -5 -4  2    1   8   0   0   0   0   0   0   1   6   5   6   3   0   0   2  53   0   0  14  0.81 0.40
  163 V    3 -3 -4 -6 -2 -5 -5 -5 -5  1 -1 -4  0 -4 -5 -3 -2 -4 -4  6   23   1   0   0   1   0   0   0   0   6   3   0   2   0   0   1   1   0   0  62  1.10 0.46
  164 V    2 -4 -4 -5 -2 -4 -3 -3 -3  1 -1 -3 -1 -1 -3 -1  0 -5 -1  5   21   0   0   0   0   0   1   1   0   5   2   1   1   2   1   3   4   0   3  55  0.75 0.36
  165 G   -1 -4 -2 -4 -5 -2 -4  7 -1 -4 -5 -4 -4 -4 -3 -3 -4 -5 -3 -4    3   0   1   0   0   2   1  83   2   1   1   0   0   1   1   0   1   0   1   1  1.71 0.53
  166 I   -1 -2  2 -3 -2 -2 -1 -4 -3  4 -1 -2 -1 -3 -1  0  0 -5 -3  4    3   1  14   0   0   2   4   0   0  24   2   2   1   0   3   6   4   0   0  32  0.41 0.25
  167 P   -2 -4 -5 -4 -6 -3 -3 -5 -3 -5 -6 -3 -5 -7  8 -3 -4 -7 -6 -5    4   0   0   0   0   1   1   0   0   0   0   2   0   0  87   1   1   0   0   1  2.58 0.70
  168 G    6 -3 -1 -4 -3 -3 -3  2 -3 -4 -4 -3 -3 -4  0  0 -2 -5 -4 -3   64   1   2   0   0   0   1  17   0   0   0   0   0   0   4   6   1   0   0   1  1.00 0.42
  169 H   -2  6 -2 -2 -5  0 -1 -4  2 -2 -4  4 -2 -5 -3 -2 -1 -5 -3 -2    2  41   1   1   0   3   3   1   6   2   1  32   1   0   0   1   3   0   0   2  0.94 0.38
  170 I   -1 -2 -3 -4 -3 -2 -1 -4 -3  4  1 -2  0 -2  0 -3 -1 -4 -2  4    3   2   1   0   0   2   4   0   0  31  13   1   1   1   5   1   4   0   1  30  0.51 0.25
  171 V   -2 -2 -5 -5 -3 -4 -4 -5 -5  4  1 -2  0 -2 -4 -2  0 -5 -4  5    2   2   0   0   0   0   0   0   0  23   8   2   1   1   0   2   5   0   0  51  0.84 0.34
  172 K   -1  2  0 -1 -1 -1 -1  3  0 -2 -2  3 -2 -2 -1 -1 -2 -4 -1 -2    4  15   3   3   1   2   3  28   2   3   4  20   1   1   2   3   2   0   2   3  0.31 0.17
  173 Q   -1  3 -1 -1 -2  2  1  1  1 -1 -2  2 -1 -3  2  0  0 -2 -2 -2    3  18   2   2   1  10   8  10   4   3   2  13   1   1   9   7   4   0   1   2  0.22 0.13
  174 D    0  1  3  2 -3 -1  0  0  2 -2 -2  2 -2 -3  0  1  0 -4 -2 -2    7   6  16  12   0   1   6   6   5   3   2  13   0   1   4  11   4   0   0   2  0.21 0.13
  175 G    0  0  0  1 -2  0  0  3 -1 -3 -3  0 -3 -3  1  0  0 -4 -2 -2    7   6   3  10   1   4   7  30   1   1   2   5   0   0   6   7   6   0   1   3  0.28 0.14
  176 R   -1  2  0  0 -1  1  1  0  0 -1 -2  3 -2 -3  0  0  0 -4 -2  0    4  14   4   4   1   7  11   6   2   3   1  19   0   1   5   5   4   0   0   8  0.19 0.13
  177 R   -1  2  1  1 -2  0  1 -2 -1 -2 -2  2 -2 -2  3  0 -1 -1 -2 -2    5  14   6   6   1   4  10   1   1   3   2  16   1   1  13   8   3   1   1   2  0.25 0.13
  178 I    0 -1 -2 -2 -3 -2 -1 -2 -3  1 -1 -1  0 -1  5  0  0 -2 -2  1    6   4   1   2   0   1   3   2   0   7   6   3   2   3  31   7   6   0   1  13  0.43 0.19
  179 G    2 -1  0  1 -2 -1  1  1  0 -2 -2  0 -2 -2  2  1 -1 -4 -2 -1   19   3   3  11   1   2   9  12   2   3   3   4   0   1   9  13   2   0   0   4  0.18 0.11
  180 K    0  1 -1  0 -1  0  1 -2 -1  0  0  1  0 -1  1  0  0 -2 -2  0    7   8   1   6   1   4  12   2   1   6  13  14   2   2   7   4   4   0   1   6  0.08 0.07
  181 T    0 -1  1  3 -3  0  1 -1 -1 -2 -2 -1 -1 -1  1  1  2 -4 -1 -2    8   2   5  20   0   4   8   4   1   2   3   3   2   2   7  10  15   0   2   2  0.22 0.14
  182 F    0 -2 -2 -3 -2 -2 -1 -3 -1  1  3 -3  6  3 -1 -2 -2 -3  0  0    7   2   1   1   0   1   3   2   2   5  25   1  26  12   2   2   1   0   2   4  0.43 0.24
  183 D   -2 -1  1  6 -4 -1  2 -2 -1 -3 -4 -1  1 -4 -1 -1 -2 -5 -4 -4    2   3   5  51   0   2  12   3   1   1   1   3   4   1   3   5   1   0   0   1  0.86 0.34
  184 H   -1 -2 -1  1 -3  3  0 -2  8 -4 -4 -3 -1 -4  1 -1 -2  0  0 -3    4   1   2   7   0  16   4   2  41   1   1   0   2   0   6   5   1   1   2   1  0.98 0.38
  185 R    0  0  1  0 -1  1  1  1  2 -1 -2 -1 -2 -2 -1  1  1 -1  0 -1    7   4   7   5   1   9  10  10   8   3   2   2   1   1   2   8  11   1   4   6  0.12 0.09
  186 N    0  0  2  2 -3  1  1 -1  2 -2 -1  1  0 -2  0  1 -1 -3 -2 -2    5   5  10  12   0   6   7   4   6   1   9   7   3   2   4  13   2   0   0   2  0.14 0.10
  187 L   -2 -1 -2 -2 -2 -2 -2 -4 -2  2  3 -2  4  2 -1 -2  0  3 -1  0    2   3   1   2   1   1   3   1   1  10  32   1  12   9   3   3   6   4   0   5  0.28 0.16
  188 P   -2 -3 -2 -1 -1 -3 -2 -3 -2 -3 -2  0 -1 -2  7  0 -2 -3 -3 -2    3   1   2   3   1   0   2   2   1   1   3   7   1   2  57   8   1   0   0   3  1.22 0.38
  189 D   -4 -3 -1  7 -3 -2  1  0 -2 -4 -6 -2 -5 -6 -4 -2 -1 -6 -5 -4    0   1   1  76   1   1   6   6   1   1   0   2   0   0   0   1   3   0   0   1  1.58 0.47
  190 P   -1 -4 -3 -4 -1 -2 -1 -4  0 -2 -1  0 -1 -5  7 -3 -2 -6 -5 -1    5   0   1   0   1   1   3   1   2   2   7   5   2   0  63   1   1   0   0   4  1.45 0.40
  191 I   -1 -2 -1 -1 -2 -2  0 -3 -3  2  2 -3  2 -1 -3 -1  0 -1 -2  3    2   1   2   3   0   1   9   1   0  14  18   0   5   1   0   5   6   1   1  30  0.26 0.16
  192 Y    2 -1  0  0 -2  1  0  1  0 -1  0 -1  1 -1 -2  1  0  1 -1 -1   23   1   4   4   0   8   5  14   3   1   8   2   5   1   0   8   4   2   2   4  0.12 0.10
  193 E   -1  1  0  3 -3  2  3 -2  0 -3 -3  2 -1 -2 -3 -1 -2  0 -3 -3    3   6   3  22   1  10  24   1   2   1   2  15   1   2   0   3   1   1   0   2  0.44 0.20
  194 Q    2  3 -2  0 -2  1  1 -2 -1 -2 -1  0  2 -3 -1  0 -1 -4 -1  0   25  18   1   6   0   5  12   0   1   1   6   4   6   0   2   4   2   0   2   6  0.20 0.15
  195 L   -3 -4 -4 -5  1 -3 -3 -4 -4  5  3 -4  2  2 -3 -3 -2 -4 -2  3    0   0   1   0   3   1   1   1   0  36  25   0   6   8   1   1   1   0   0  16  0.64 0.24
  196 K    1  2  0  2  1  1  2 -1 -2 -2 -3  1 -2 -4 -1  0 -1 -4 -3 -2   17  16   3  10   4   6  15   2   0   2   1   9   1   0   2   7   1   0   0   1  0.26 0.14
  197 E    0  1  0  0  1  1  3  0 -1 -2 -2  1 -2 -3 -2  1 -1  1 -1 -1    8   6   2   3   4   6  24   6   1   2   2   8   0   0   1  16   2   2   2   5  0.19 0.13
  198 L   -3 -4 -5 -6 -4 -1 -5 -6 -5  2  6 -4  3 -2 -5 -5 -3 -4 -2  0    1   0   0   0   0   3   0   0   0   8  75   0   6   0   0   0   0   0   1   5  1.15 0.37
  199 E   -1  1 -1 -1 -2  2  3 -3  1  0  1  1  1 -1 -3 -1 -1  0 -2  0    3   6   3   2   0  11  23   0   3   3  14   7   3   2   0   4   4   1   0   9  0.18 0.13
  200 K   -1  2  0  3 -2  2  2 -2  1 -3 -3  2 -2 -3 -1  0 -1 -4 -2 -2    6  10   3  19   1  12  13   2   5   0   1  16   1   1   2   4   3   0   1   3  0.34 0.16
  201 Q   -1  5  0 -2 -3  3  3 -3  2 -4 -4  1 -2 -4 -3 -2 -2 -4 -3 -1    5  36   3   0   1  12  23   1   5   0   0   6   0   0   0   1   1   0   0   5  0.70 0.28
  202 L   -3 -3 -2 -5 -3 -2 -4 -5 -4  5  2 -4  3  0 -2 -3 -3 -4 -3  3    0   1   2   0   0   1   0   0   0  40  22   0   7   3   2   2   0   0   0  19  0.71 0.26
  203 E    1  0  1  3 -4  1  3 -1 -1 -4 -3  0 -2 -4 -2  1 -1 -4 -3 -3   15   4   5  16   0   7  27   5   1   0   2   5   0   0   1   8   3   0   0   1  0.38 0.18
  204 K    1  2 -1  0 -1  2  2 -2  0 -1 -2  2  0  0 -2  0 -1 -3 -1  0   11  11   1   3   1  10  15   1   3   4   2  16   3   4   1   5   2   0   2   6  0.16 0.11
  205 T   -3 -2 -5 -4 -4 -1 -4 -4 -3  1  5 -4  1 -2 -5 -1 -1 -4 -1  0    1   2   0   1   0   3   0   1   1   6  69   0   2   0   0   7   3   0   3   3  0.84 0.33
  206 R   -3  3 -1 -1 -5  2  5 -4 -1 -4 -3  3 -4 -5 -2 -1 -2 -2 -4 -4    0  16   2   0   0   8  45   0   1   0   2  16   0   0   1   4   2   1   0   0  0.83 0.32
  207 N   -2  1  3  0  0  3  3 -3  2 -4 -3  3 -3 -3 -3  0 -1 -4 -3 -3    1   5  20   4   2  17  17   0   4   0   2  17   0   1   0   7   2   0   0   2  0.48 0.21
  208 G    1  2 -1  0 -3 -1  0  3  2  0 -1 -1 -2 -3 -1  0 -1 -4 -2 -2   15  13   0   4   0   1   8  29   8   9   4   2   0   0   2   3   3   0   0   0  0.23 0.11
  209 E   -1  1 -2 -1 -3 -1  1 -2  0  0  3  1  0 -2  1 -1  1 -3 -2 -1    2   8   0   3   0   1  11   2   2   2  40   9   0   0   6   4   9   0   0   1  0.17 0.11
  210 I    0 -1  0  1 -1  0  2 -1 -2  1  0 -1  0 -2 -1  0  0 -3 -2  1   10   3   5   6   1   3  21   2   0  12   8   1   2   0   1   4   6   0   0  12  0.09 0.06
  211 Q    0  2 -2  0 -4  3  4 -2  1 -3 -2 -1  1 -3 -2 -1 -2  4 -2 -1    8  13   0   3   0  15  33   2   3   0   2   0   6   0   1   3   0   7   0   4  0.41 0.16
  212 D   -1 -1  0  5 -4  1  3 -3 -2 -4 -2 -1 -3 -4 -1  1 -1 -5 -4 -3    4   2   0  47   0   7  21   0   0   0   5   0   0   0   2   9   3   0   0   0  0.67 0.17
  213 D   -2 -1  3  4 -4  2  3 -3 -1 -4 -4  1 -3 -4  2 -1 -2 -5 -3 -4    0   0  15  33   0   8  27   0   0   0   0   8   0   0   9   0   0   0   0   0  0.69 0.15
  214 Y   -2 -1  2 -1 -4  2  0 -3  4 -3 -2 -1 -2  2 -3 -1 -2  0  6 -3    0   0  16   0   0  17   6   0  16   0   0   0   0   6   0   0   0   0  39   0  0.57 0.11
  215 I   -1 -3 -3 -4 -1 -3 -3 -4 -3  3  2 -3  2 -1 -3 -2 -1 -3 -2  4    0   0   0   0   0   0   0   0   0  26   9   0  10   0   0   0   0   0   0  56  0.42 0.06
  216 I   -2 -3 -3 -4 -2 -3 -3 -4 -3  4  2 -3  3  0 -3 -3 -1 -3 -2  2    0   0   0   0   0   0   0   0   0  68  16   0  16   0   0   0   0   0   0   0  0.40 0.03

                      K         Lambda
Standard Ungapped    0.1402     0.3205
Standard Gapped      0.0410     0.2670
PSI Ungapped         0.1981     0.3176
PSI Gapped           0.0606     0.2670
