
Last position-specific scoring matrix computed, weighted observed percentages rounded down, information per position, and relative weight of gapless real matches to pseudocounts
           A  R  N  D  C  Q  E  G  H  I  L  K  M  F  P  S  T  W  Y  V   A   R   N   D   C   Q   E   G   H   I   L   K   M   F   P   S   T   W   Y   V
    1 M   -7 -7 -8 -9 -8 -6 -8 -9 -8 -5 -4 -7 11 -6 -9 -8 -7 -8 -7 -5    0   0   0   0   0   0   0   0   0   0   0   0 100   0   0   0   0   0   0   0  4.28 1.52
    2 L   -5 -6 -6 -8 -6 -7 -7 -8  1  5  6 -7 -2 -2 -5 -7 -5 -6 -3 -2    0   0   0   0   0   0   0   0   4  26  65   0   0   1   0   0   0   0   1   2  1.64 0.75
    3 D   -6 -7  2  8 -9 -5 -2 -6 -4 -9 -9 -6 -9 -9 -5 -1 -6 -10 -9 -9    0   0   8  84   0   0   1   0   0   0   0   0   0   0   1   5   0   0   0   0  2.61 1.11
    4 L   -4 -2 -6 -7 -5 -4 -6 -7 -4  6  3 -4  1  0  0 -4 -3 -6  1  0    1   2   0   0   0   1   0   0   0  46  22   1   3   4   6   1   1   0   6   6  1.08 0.56
    5 K   -2  3  4  1 -7  0  0 -4  0 -6 -6  6 -6 -5 -6 -3 -3 -7 -5 -5    3  13  17   7   0   4   6   1   2   0   0  42   0   1   0   1   1   0   0   1  1.05 0.60
    6 K   -1 -1 -3 -1 -5 -1 -2 -5  2 -1  3 -1 -1  4 -4 -2 -2  3  3 -2    5   4   1   4   0   2   2   1   6   3  30   4   1  18   1   3   2   4   9   1  0.47 0.33
    7 I   -5 -7 -8 -8 -6 -7 -8 -8 -7  6  3 -7 -1  4 -7 -7 -5 -4 -3  1    0   0   0   0   0   0   0   0   0  45  28   0   1  14   0   0   0   0   1   9  1.48 0.68
    8 L   -2  8 -4 -6  1 -2 -3 -6 -4 -1 -2  1 -5 -4 -7 -3 -3 -7 -5 -1    4  66   1   0   3   1   1   0   0   4   5   7   0   1   0   2   1   0   0   4  1.59 0.80
    9 N    0 -2  2  2 -6  2  5 -1 -1 -6 -5  1 -5 -6 -5  0  0 -7 -4 -5    7   2  10  11   0  10  34   5   1   0   1   8   0   0   0   6   5   0   0   0  0.70 0.47
   10 N   -4 -1  7  4 -3  0  0 -5  3 -8 -7 -1 -5 -7 -7 -2 -5 -8 -4 -7    1   3  52  19   1   3   6   0   7   0   0   3   0   0   0   2   0   0   1   0  1.57 0.79
   11 P    0 -3 -5 -6 -6 -2 -3 -5 -6 -1  0  0 -3 -1  7 -3 -1 -7 -3  0    7   2   0   0   0   2   1   0   0   4  11   5   1   3  50   2   4   0   1   6  1.17 0.64
   12 D   -1 -3 -1  5 -7  1  5 -3 -4 -7 -6 -1 -6 -8 -2 -2 -4 -8 -5 -4    6   1   3  31   0   5  40   2   0   0   0   4   0   0   2   3   1   0   0   2  1.15 0.65
   13 Y    1  0 -1 -1 -3 -1  1 -2 -2  1  2  1 -1  0 -3 -1 -1 -2 -1  0   13   6   2   3   0   2  12   2   1   9  22  10   1   4   0   3   3   0   2   6  0.13 0.16
   14 Y   -2 -6 -6 -7 -4 -6 -7 -7 -2  4  0 -3 -1  2 -7 -5 -2 -3  4  5    3   0   0   0   0   0   0   0   1  20   6   2   1   7   0   0   2   0  11  45  1.16 0.60
   15 R    1  5 -4 -1 -5  1  1 -5 -3  0 -2  4 -4 -4 -5 -1 -3 -6 -5 -2   10  30   0   3   0   6   8   0   0   6   4  25   0   1   0   4   1   0   0   2  0.74 0.48
   16 N    1  1  1  1 -6  2  4 -3  1 -4 -5  3 -4 -6 -5 -2 -2 -6 -5 -4   13   7   5   8   0  10  28   1   3   1   1  17   0   0   0   2   3   0   0   1  0.65 0.45
   17 I    2  1  4 -2 -3 -2 -2  0 -2 -2 -3  1  0 -4 -5  3 -1 -4 -4 -2   17   6  21   2   1   1   2   8   1   2   2   7   2   0   0  22   2   0   0   2  0.45 0.37
   18 L    0 -5 -3 -6  4  3 -1 -5 -3  3  4 -5  2 -1 -6 -3 -2 -5 -2  0    8   0   1   0   8  13   3   0   0  14  35   0   4   3   0   1   2   0   1   5  0.63 0.42
   19 L    2  4 -1 -3 -3  1  1 -3 -2  0 -1  3 -2 -3 -4 -2 -1 -6 -4 -2   15  20   2   1   0   6   8   1   1   6   8  22   1   1   0   2   3   0   0   2  0.43 0.34
   20 N    0  4  2  1 -5  0 -1 -3  0 -3 -2  4 -3 -5 -5 -1 -1 -6 -4 -3    6  21  11   7   0   4   3   1   2   2   5  26   1   0   0   4   4   0   1   2  0.55 0.39
   21 K   -7  8 -5 -7 -5 -4 -6 -6 -6 -9 -7  3 -5 -7 -8 -6 -7 -9 -5 -8    0  79   0   0   0   0   0   0   0   0   0  18   0   0   0   0   0   0   0   0  2.65 1.15
   22 K   -3  1  4 -3 -2  0 -2  4  1 -4 -5  1 -4  3 -5 -2 -4 -5  0 -6    2   7  17   1   1   4   2  34   3   1   1  10   0  12   0   3   0   0   3   0  0.72 0.46
   23 A    1 -1 -2 -1  0 -1  0 -1  0  0  0  0  1  2 -2  0 -1 -3  1  1   15   3   1   3   2   2   6   5   2   6   8   5   4   9   1   5   2   0   6  13  0.07 0.11
   24 N   -1 -2  2  5 -5 -1  1 -2  1 -3 -4  1 -5 -3  2  2 -1 -6 -4 -4    4   1  11  28   0   2   9   2   3   1   1   9   0   1   9  13   3   0   1   1  0.56 0.38
   25 I    1 -3 -2 -2  0 -2  0 -2 -4  2  1 -2 -1  1  2 -1 -1 -3 -2  3   10   1   1   2   2   1   7   3   0  10  15   2   0   5  11   4   3   0   1  20  0.22 0.21
   26 S    0 -3  1  5 -6 -1  2 -2 -2 -4 -5  0 -5 -4  0  1 -1 -7 -3 -3    8   1   7  34   0   2  14   3   1   1   1   5   0   1   6  10   4   0   1   2  0.66 0.43
   27 L   -1 -2  0 -1 -3 -2 -2 -3 -1  3  3 -1  0 -1 -1 -1  0  0 -1  1    5   2   4   4   0   2   2   1   2  18  29   3   2   1   3   5   5   1   2   9  0.23 0.18
   28 F    0 -2 -3 -3 -3 -3 -2 -3 -2  2  1 -3 -1  0 -1 -1 -2 -1 -1  5    6   2   1   2   0   1   2   2   1  10  14   1   1   3   4   4   2   1   2  39  0.49 0.29
   29 D   -1 -2  1  7 -6  0  2 -3 -2 -5 -5 -1 -6 -4 -2 -1 -3 -3 -3 -5    5   2   5  50   0   4  14   2   1   1   1   3   0   1   2   5   1   0   1   0  1.10 0.58
   30 E    0  3 -1  0 -5  2  4 -2  0 -3 -1  2 -3 -3 -4 -1  0 -5 -1 -3    8  14   2   4   0   7  25   3   2   1   5  14   0   1   0   3   5   0   2   1  0.41 0.32
   31 L   -2 -6 -7 -6 -4 -6 -6 -6 -6  5  3 -6 -1  3 -6 -5 -3 -1 -2  4    3   0   0   0   0   0   0   0   0  27  27   0   1  11   0   0   1   1   1  26  1.03 0.52
   32 V    0 -2 -2 -4 -3 -1 -2 -4 -3  4  4 -1 -1 -2 -4 -3 -3 -5 -3  2    6   2   2   1   1   3   2   1   0  23  36   3   1   1   1   2   1   0   1  13  0.59 0.37
   33 K    2  1 -1  1 -4  1  4 -3 -1 -4 -3  2 -3 -4 -4  1  0 -3 -4 -4   16   6   3   7   0   6  27   2   1   1   2  11   0   1   0  10   5   0   0   1  0.46 0.35
   34 I    0 -3 -4 -5 -2 -3 -4 -6 -3  1  5 -2  1 -2 -5 -4 -3 -2  0  0    8   1   1   1   1   1   1   0   1   6  61   3   2   2   1   1   1   1   3   5  0.94 0.52
   35 G   -3 -3 -1  7 -5 -4  0 -5  1 -4 -5 -4 -6 -2 -6 -2 -4  2  4 -4    3   2   3  55   0   0   6   0   3   1   1   1   0   2   0   3   1   3  15   1  1.40 0.72
   36 K    0  1  1  2 -5  2  4 -1 -1 -4 -4  2 -3 -4 -3  0  0 -6 -4 -3    8   7   6   9   0   9  24   4   1   1   2  14   0   1   0   5   5   0   0   2  0.42 0.32
   37 K   -1  2 -1  0 -4  4  4 -5 -2 -5 -2  3 -4 -6 -5 -1 -2 -5 -5 -4    5  12   3   5   0  15  30   0   1   1   4  15   0   0   0   3   3   0   0   1  0.70 0.47
   38 R   -3  6 -4 -6 -5 -1 -4 -7  0 -2  0  0 -2  0 -7 -4 -4  8  2 -1    2  36   1   0   0   3   1   0   2   2   8   4   1   3   0   1   1  22   7   4  1.31 0.67
   39 G   -3  7 -1 -4 -4 -1 -3 -4 -1 -3 -1  3 -5 -5 -6 -2 -3 -7 -5 -2    2  54   3   1   0   2   1   1   1   2   5  19   0   0   0   2   1   0   0   4  1.32 0.69
   40 E    1  1  0  0 -5  2  3 -1 -2 -3 -4  3 -3 -5 -4  1  0 -6 -3 -2   12   7   5   5   0   9  21   3   1   1   2  17   0   0   0   9   6   0   0   2  0.41 0.32
   41 L    1 -1 -2 -4  0 -1 -3 -4 -1  1  4 -1  0 -2 -5 -2 -1 -4 -3  0   11   3   2   0   2   2   2   1   2   8  46   4   2   1   0   3   4   0   1   6  0.50 0.35
   42 M   -2  2 -2 -2 -4  4  0 -4 -4  2  1  2  0 -4 -5 -2  0 -5 -3 -1    2  11   2   2   0  23   5   1   0  11  16  12   2   0   0   3   5   0   1   4  0.44 0.35
   43 Q    0  0 -1 -2 -3  2 -1 -1  1 -1 -2  1 -1  2 -3  0  2 -2  1 -1    9   5   3   1   0  13   2   4   4   3   3  10   1  10   1   6  14   0   6   4  0.18 0.20
   44 K   -1  1 -1  0 -2  3  5 -4 -1 -3 -3  3 -4 -5 -5 -1 -1 -5 -4 -4    5   8   3   5   1  11  35   1   1   2   2  14   0   0   0   5   4   0   0   1  0.67 0.45
   45 S    1 -1 -3 -5  0 -3 -4 -3 -2  2  3 -3  0 -1 -5 -1  0 -3 -2  3   10   4   1   0   2   1   1   2   1  13  30   2   2   2   0   3   6   0   2  18  0.38 0.28
   46 Q   -4 -2  2  5 -7  3  5 -4 -3 -6 -6 -3 -4 -7 -6 -2 -2 -7 -5 -5    1   2  10  29   0  10  37   1   0   0   1   1   1   0   0   2   2   0   0   1  1.21 0.67
   47 S    1  0  2  1 -5  3  3 -1  0 -5 -3  1 -3 -4 -3  0  0 -5 -4 -3   11   4   9   8   0  13  19   5   2   0   3   9   0   0   1   7   7   0   0   1  0.36 0.30
   48 L   -1 -4 -4 -6 -3 -4 -5 -6 -3  1  5  0  1 -1 -4 -4 -3 -1 -1 -1    6   1   1   0   0   1   1   0   1   7  61   6   3   3   1   1   1   1   2   4  0.96 0.53
   49 K   -4  7  2 -5 -4  3 -2 -5 -3 -4 -3  2 -5 -6 -6 -3 -4 -7 -2 -5    1  50   9   0   0  14   2   1   0   1   3  13   0   0   0   2   0   0   1   1  1.35 0.70
   50 A    4  1  0 -3 -4  2  0 -2  3 -5 -5  2 -2 -4 -4  1  0 -6 -2 -4   31   6   4   0   0   8   6   2   8   0   0  13   1   1   0  12   6   0   2   0  0.54 0.41
   51 K   -2  2 -2 -1 -6  3  5 -5 -3 -4 -2  2 -1 -4 -5 -2 -2 -6 -4 -3    4  10   2   3   0  14  37   0   0   1   5  13   2   1   0   2   3   0   0   2  0.77 0.50
   52 I   -2  6 -3 -5 -3  3 -4 -5 -1  0 -1  3 -2 -2 -5 -2 -4 -6 -4 -2    3  42   1   0   1  14   0   0   2   6   7  15   1   2   0   3   0   0   0   3  0.99 0.57
   53 N   -5 -2  8 -3 -7 -2 -4 -3 -3 -8 -8  3 -7 -8 -7 -2 -4 -8 -7 -7    1   2  72   1   0   2   1   2   0   0   0  16   0   0   0   3   1   0   0   0  2.22 0.99
   54 E    1  1 -1 -1 -4  2  2 -3 -2 -2 -1  3 -1 -3 -3  0  0 -5 -2  0   12   9   3   3   0  11  14   1   1   2   5  16   1   1   0   7   6   0   1   6  0.25 0.23
   55 L    1 -1 -1 -4  0 -3 -3 -3 -1  3  3 -2  0 -1 -4 -2 -1 -3 -1  2   10   3   3   0   2   1   1   2   1  18  30   2   1   2   0   2   4   0   1  15  0.38 0.27
   56 S    2 -2  1 -4 -5  1 -1  0 -4 -5 -6 -3 -5 -4 -5  5  1 -6 -5 -4   14   2   6   0   0   7   3   7   0   1   0   1   0   1   0  49   7   0   0   1  0.92 0.59
   57 K   -1  2 -1  0 -6  1  1 -2 -2 -5 -3  6 -2 -6 -4 -1 -2 -6 -4 -5    6   8   2   5   0   5   9   3   1   1   3  50   1   0   1   4   2   0   0   1  0.93 0.53
   58 S    1  1 -1  0 -4  3  4 -3 -3 -3 -2  2 -2 -5 -4  0  0 -5 -4 -3   10   6   3   5   0  13  28   2   0   1   5  11   1   0   0   7   5   0   0   2  0.46 0.34
   59 F   -3 -3 -3 -5 -4 -5 -4 -4 -3  6  0 -4  2  1 -5 -3 -3 -4 -1  3    2   1   1   1   0   0   1   1   1  49   9   1   5   6   1   2   1   0   2  16  1.05 0.49
   60 I    2  0 -1 -3 -4 -1 -2  4 -2 -2 -3  2 -3 -4  0  0 -2 -4 -4 -2   20   5   3   1   0   2   2  31   1   2   2  12   1   1   5   7   2   0   1   2  0.47 0.30
   61 K    0  1  1 -2 -4  3  1 -1 -2 -2 -2  4 -2 -4 -3 -1 -1 -4 -3 -2    8   7   6   2   0  12  10   6   1   2   4  28   1   0   1   4   4   0   1   3  0.39 0.28
   62 L    2  0 -1 -2 -2 -1 -2 -2 -2  1  3  2  2 -2 -3 -1 -1 -4 -1 -1   19   4   3   2   1   2   1   2   1   7  26  13   5   1   1   4   3   0   2   3  0.23 0.20
   63 K   -1  2 -2 -2 -4  1 -1 -2 -2 -4 -2  6  2 -4 -1  0 -2 -5 -4 -3    5   8   2   2   0   5   2   2   1   1   4  48   5   1   3   6   2   0   1   2  0.80 0.44
   64 T    1  1  1  1 -4  1  0 -1 -3 -3 -3  3 -2 -4  0  1  0 -4 -4 -2   13   8   5   9   0   5   4   5   0   1   2  23   1   0   4  11   5   0   0   2  0.31 0.25
   65 N   -1 -1  2  1 -4  1  0  3 -3 -4 -4  3 -3 -4  1  0 -2 -5 -3 -3    5   2  11   8   0   6   5  21   0   1   2  19   0   0   7   8   2   0   1   1  0.40 0.29
   66 E   -1 -1 -1  1 -5  1  4  2 -3 -4 -4  3 -4 -4  0 -1 -2 -5 -4 -4    5   2   3   7   0   7  28  14   0   1   2  17   0   1   5   4   3   0   0   1  0.50 0.34
   67 E   -2  0  1  5 -6  2  4 -3 -2 -5 -4  1 -5 -6  1 -1 -3 -6 -5 -4    2   4   6  30   0   8  23   2   1   0   2   9   0   0   6   4   2   0   0   1  0.75 0.44
   68 K    2  3 -2 -1 -1  0 -1 -2 -3  0 -2  2 -2  0 -1  0  0 -4 -1 -1   22  15   1   4   1   3   2   2   0   6   3  15   0   4   3   6   6   0   2   5  0.23 0.22
   69 N    1 -2  0  3 -3  2  3 -2 -1 -2 -3  1 -3 -4  0  1  0 -5 -3 -3   10   2   5  14   0  10  18   2   1   2   2   9   0   1   5  11   6   0   1   1  0.33 0.27
   70 E    2  0  0  2 -5  1  4 -2 -2 -3 -4  1 -3 -4 -1  0 -1 -5 -4 -3   18   4   3  10   0   7  26   2   1   1   1  10   0   0   3   7   3   0   1   1  0.44 0.32
   71 L    0 -2 -3 -4 -4 -1 -2 -4 -4  2  5  0  0  0 -4 -3 -1 -3 -3  0    8   2   2   1   0   3   3   1   0   9  51   5   2   3   1   1   3   0   1   5  0.61 0.37
   72 K   -2  2 -4 -3 -4 -1 -2 -5 -3  5  2  2  2 -2 -4 -3 -2 -4 -3  1    3  10   0   2   0   3   3   0   1  30  17  12   5   1   1   2   1   0   1   7  0.51 0.33
   73 A    3 -1  0  0 -4  2  4 -2 -3 -3 -4  2 -3 -5 -3  0 -1 -5 -5 -3   24   3   3   6   0   9  24   3   0   2   1  13   0   0   1   6   3   0   0   1  0.52 0.38
   74 K   -1  2 -1 -1 -5  3  5 -4  0 -4 -3  3 -3 -5 -4 -1 -3 -6 -4 -5    6  11   2   3   0  14  34   1   2   1   3  16   1   0   0   4   1   0   0   0  0.77 0.49
   75 I    2 -3 -3 -5 -3 -3 -4  2 -5  1  0  0  4 -4 -4  1  0 -3 -4  2   19   1   1   0   0   1   0  14   0   8  10   5  12   0   0   9   4   0   0  13  0.37 0.31
   76 S    0  4  1 -3 -5  1  0 -2 -4 -3 -4  5 -4 -6 -4  0 -1 -6 -5 -3    8  18   7   1   0   6   6   3   0   2   1  35   0   0   0   7   3   0   0   1  0.71 0.45
   77 K    1  0  0  1 -5  2  4 -2 -1 -3 -2  2 -3 -4 -4  0 -1 -5 -3 -2   13   4   4   6   0  10  27   3   2   1   5  12   0   1   0   6   3   0   1   3  0.40 0.32
   78 I   -2 -6 -2 -7 -3 -4 -5 -7 -5  5  5 -4  0 -2 -6 -4 -3 -3 -5  2    4   0   2   0   0   1   1   0   0  27  47   1   2   1   0   1   1   0   0  11  1.07 0.54
   79 K   -1  2  1 -1 -6 -2 -1  1 -5 -4 -5  6 -4 -7 -2  1 -2 -7 -6 -5    6   9   5   4   0   1   3  11   0   1   1  44   0   0   2  12   2   0   0   0  0.84 0.51
   80 K    1 -1  1  3 -5  2  3 -2 -1 -3 -3  2 -4 -5 -2  0  0 -6 -4 -2   10   3   5  14   0   9  22   3   1   2   2  14   0   0   2   6   4   0   0   2  0.42 0.32
   81 E   -2  3 -1  1 -6  3  4 -4 -1 -3 -3  3 -3 -5 -5 -1 -1 -6 -4 -4    4  13   2   6   0  14  26   1   1   2   2  18   1   0   0   4   4   0   0   1  0.66 0.43
   82 Q   -2 -3 -6 -6 -4 -2 -3 -5 -4  6  3 -1  0 -2 -6 -3 -3 -6 -4  2    3   1   0   0   0   2   2   1   0  40  28   4   2   2   0   2   1   0   0  11  0.93 0.48
   83 E    2  0  0  0 -5  2  1 -3 -1 -2 -3  4 -3 -6 -2  1 -1 -6 -4 -3   17   4   4   6   0   8   9   1   2   3   2  29   0   0   2   9   4   0   0   2  0.46 0.34
   84 Q    2  0  0  1 -3  2  4 -1 -1 -2 -3  2 -3 -4 -3  0  0 -5 -4 -2   16   4   3   9   0   7  24   4   1   2   2  11   0   0   1   5   6   0   0   2  0.36 0.29
   85 K    0 -2 -1 -3 -2 -1 -2 -3 -2  1  4  1  2 -1 -5 -2 -2 -4 -1  0    9   2   3   1   1   2   2   2   1   8  44   9   4   2   0   2   3   0   2   4  0.45 0.32
   86 E   -3 -3  1  2 -8  0  6 -4 -4 -5 -5  1 -4 -7 -6 -1 -3 -5 -2 -5    2   1   5  10   0   4  58   2   0   1   1   7   0   0   0   4   2   0   2   1  1.26 0.68
   87 K    2  0 -1  1 -4  1  3 -2 -1 -3 -2  2 -3 -3  0  0  0 -4 -3 -2   18   4   3   8   0   5  18   3   1   1   5  12   0   1   5   5   6   0   0   3  0.25 0.23
   88 K   -1  2 -1  1 -6  3  4 -4 -2 -2 -3  3 -3 -5 -4 -1 -2 -6 -5 -3    6  12   3   6   0  11  29   1   1   3   2  17   1   0   0   3   3   0   0   2  0.62 0.41
   89 S    0 -1 -4 -3 -2 -1  1 -5 -1  1  4 -2  1 -1 -5 -2 -2 -2 -1  2    8   3   1   1   1   3   9   0   2   7  38   3   3   3   0   2   2   0   2  12  0.39 0.29
   90 E    1  2  1  2 -5  1  2 -2 -1 -2 -3  3 -4 -5 -3  0  0 -5 -4 -2   13  12   6   9   0   5  12   2   1   2   2  18   0   0   0   8   6   0   0   2  0.34 0.27
   91 L    0  0  0  1 -5  2  5 -1 -1 -3 -3  1 -3 -5 -2  0  0 -4 -4 -2    8   4   5   7   0   8  34   4   1   2   2   9   1   0   1   5   5   0   0   3  0.49 0.36
   92 I    1 -4 -4 -5  0 -3 -3 -5 -3  3  3 -1  0 -1 -5 -3 -1 -3  0  3   10   0   1   0   2   1   1   0   1  17  33   5   2   2   0   1   3   0   3  18  0.55 0.34
   93 D   -2  0  0  2 -5  2  5 -4 -3 -3 -2  2 -2 -4 -5 -2 -1 -4 -3 -4    4   4   5  10   0  10  41   1   0   1   4  10   1   1   0   3   3   0   1   1  0.74 0.47
   94 D    2 -1  1  1 -4  2  3 -2 -1 -3 -3  2 -3 -5 -3  0  0 -5 -3 -3   18   3   6   8   0   8  22   3   1   1   3  11   0   0   1   7   6   0   1   1  0.36 0.29
   95 R    0  2 -1  0 -5  3  4 -4 -2 -3 -2  3 -3 -5 -4 -1 -1 -6 -4 -3    8   9   2   5   0  11  31   1   1   1   5  15   0   0   0   4   4   0   0   1  0.56 0.39
   96 V   -3  2 -5 -6 -4 -2 -4 -6 -3  3  4 -4  3  2 -6 -4 -4  3  1  0    2  14   0   0   0   2   1   0   1  14  38   0   7   8   0   1   1   4   4   4  0.75 0.43
   97 F   -2  2  3  3 -4  2  2 -4  1 -3 -1  1 -2 -1 -4 -1  0 -2  2 -4    2  10  13  16   0   9  11   1   3   1   6   7   1   3   0   3   5   1   8   0  0.35 0.28
   98 F    1  0  1  2 -3  1  3 -2  0 -3 -2  1 -2 -2 -3  1  0 -5 -2 -2   14   5   7  10   0   6  19   2   2   1   4   8   1   1   1   8   7   0   1   2  0.25 0.22
   99 L    0 -1 -1 -4 -3 -1  0 -4 -1  2  3  1  1  1 -5 -2 -2 -3  0 -1    8   3   3   1   0   3   7   1   1  12  35  10   3   5   0   2   2   0   4   3  0.33 0.26
  100 L    2 -2 -5 -6  0 -3 -3 -3 -3  0  4 -5  4 -1 -6 -3 -2  0 -2 -1   19   2   0   0   2   1   2   2   1   5  46   0   9   2   0   1   2   1   1   4  0.72 0.44
  101 A   -1  0 -2 -1 -2 -1 -1 -3 -2  0  4  0  2 -1 -3  1 -2  2  1 -1    6   5   2   3   1   2   4   2   1   3  39   6   4   1   1  10   2   3   5   2  0.29 0.26
  102 N    0  2  0 -2 -3  2  1 -2  0 -3 -1  2  0 -3 -2  1  1  1 -2 -2    8  10   4   2   0  11   8   3   3   1   6  14   3   0   2  11   9   2   1   3  0.21 0.20
  103 L   -5 -6 -8 -8 -4 -6 -7 -8 -7  6  4 -7  0  0 -7 -7 -4 -5 -4  3    0   0   0   0   0   0   0   0   0  41  32   0   2   3   0   0   1   0   0  20  1.42 0.64
  104 P   -5 -7 -7 -7 -6 -7 -6  2 -8 -9 -9 -7 -8 -9  8 -5 -7 -9 -9 -8    1   0   0   0   0   0   0  17   0   0   0   0   0   0  81   1   0   0   0   0  2.87 1.18
  105 N   -6 -6  9 -4 -9 -2 -6 -5 -5 -9 -6 -6 -4 -9 -8 -5 -6 -10 -8 -7    1   0  95   0   0   2   0   0   0   0   1   0   1   0   0   0   0   0   0   0  3.24 1.29
  106 I   -4 -3 -4 -1 -4 -3 -4 -6 -3  5  4 -4  2  0 -1 -4 -1  1 -1  1    1   1   1   4   0   1   1   0   1  29  34   1   4   3   4   1   3   2   2   8  0.69 0.40
  107 I   -2 -6 -4 -6 -2 -5 -6 -6 -3  1  2 -5 -2 -4  6 -1  2 -7 -4  2    3   0   0   0   1   0   0   0   1   7  17   0   1   0  37   4  14   0   0  14  1.02 0.57
  108 L    0 -4 -2  4 -4 -3 -2 -4  9 -4 -1 -5 -4 -2 -4  1 -4  0 -2 -5    7   1   2  21   0   0   3   1  42   1   6   0   0   2   1   9   1   1   1   1  1.37 0.68
  109 D   -1 -4 -2  4 -4 -2  3 -3 -2 -5 -5  0 -4 -6  5 -1 -4 -7 -6 -4    6   0   2  20   0   1  21   2   1   0   1   5   0   0  32   4   1   0   0   2  1.00 0.56
  110 D   -2 -2 -1  5 -4 -2  2 -1 -2 -5 -4 -1 -5 -6 -5  4 -1 -4 -4 -6    3   2   2  33   0   2  11   4   1   0   2   3   0   0   0  31   4   0   1   0  0.89 0.54
  111 V    0 -7 -6 -7 -1 -6 -7 -6 -7  0 -3 -6 -2 -6 -7 -2  2 -5 -6  7    7   0   0   0   1   0   0   0   0   4   1   0   1   0   0   4  13   0   0  68  1.60 0.76
  112 P   -5 -6 -6 -7 -8 -4 -6 -7 -5 -4 -5 -4 -5 -7  9 -5 -6 -8 -5 -3    1   0   0   0   0   1   0   0   0   1   1   1   0   0  89   1   0   0   0   2  3.00 1.19
  113 F   -2 -1 -3  0 -4 -2  1 -4 -3  4 -1 -2 -1  0 -1 -2  0 -5 -2  4    3   4   1   7   0   2   8   1   0  24   5   2   1   4   3   2   5   0   1  29  0.45 0.31
  114 G   -3 -6 -4 -3 -4 -5 -5  7 -2 -6 -7 -5 -6 -6 -5  2 -4 -6 -6 -6    2   0   1   1   0   0   1  75   1   0   0   1   0   0   0  15   1   0   0   0  1.89 0.80
  115 E    0  0  2  2 -3  0  1  0 -1 -3 -2  3 -1 -2  2 -1 -1 -4 -3 -2    7   5   9  10   0   3   9   8   1   1   4  22   1   2   8   4   3   0   1   2  0.25 0.19
  116 D   -3 -3  2  6 -4 -2  2 -1 -3 -4 -5 -2 -2 -5 -2  1  1 -6 -3 -4    1   1  10  39   0   1  15   5   0   1   1   2   1   0   2  10   7   0   1   1  0.83 0.46
  117 E   -1 -3 -2  4 -7 -1  6 -4 -3 -7 -6 -1 -6 -5  0  0 -4 -7 -5 -6    5   1   1  18   0   2  55   1   0   0   0   3   0   0   4   6   1   0   0   0  1.29 0.66
  118 N    1 -2  2  3 -2 -1  2 -2  0 -4 -4  1 -3 -4 -3  2  1 -5 -3 -3   10   2  11  19   1   2  14   2   2   1   1   8   1   1   0  17   7   0   1   2  0.44 0.31
  119 S    1 -3  2  5 -3  1  2  0  0 -4 -4 -2 -3 -1 -3  0 -3 -5 -1 -2   13   1  10  31   1   5  13   7   2   1   2   2   1   3   1   5   1   0   2   2  0.53 0.34
  120 N   -1  0  8 -2 -6 -3 -2 -4 -3 -4 -5 -2 -6 -5 -4 -3 -3 -7 -4 -4    5   4  72   1   0   1   2   1   0   1   1   3   0   0   1   2   1   0   1   2  1.93 0.83
  121 I   -1  1 -3 -4 -2  1  0 -4 -3  1 -1  2 -2 -4 -1 -3 -1 -5 -4  5    4   9   1   0   1   6   6   1   0   8   5  14   0   0   3   1   4   0   0  37  0.50 0.35
  122 V   -3 -5 -4 -3 -3 -2  4 -6 -4  2 -1 -4 -3 -4 -1 -4 -1 -6 -2  5    1   0   0   1   1   1  27   0   0  12   5   0   0   0   3   0   5   0   1  40  0.91 0.53
  123 I   -3 -3 -4 -5 -3 -3 -2 -4 -3  5  2 -3 -1 -2 -5 -4 -2 -3 -3  4    2   2   1   0   0   1   4   1   1  30  19   2   1   1   1   1   2   0   1  32  0.82 0.41
  124 E   -2  6 -1 -2 -5  0  0 -3  0 -3 -3  4 -3 -2 -4 -1 -2 -5  1 -3    3  38   3   2   0   3   6   2   2   2   3  21   1   2   0   5   2   0   4   1  0.78 0.43
  125 K   -2  3 -2 -3 -3  1  1 -3 -1 -1 -3  2 -1 -2 -3  0  3 -2 -1  0    1  16   1   1   0   5  10   2   2   4   2  14   2   1   1   7  22   1   2   6  0.37 0.30
  126 K   -3 -3 -4 -3 -1 -3  0 -3  1 -1 -3 -1 -2  1 -3 -2 -1 10  2  2    2   2   1   1   1   1   6   3   4   3   2   4   1   6   2   3   4  35   6  14  1.22 0.57
  127 E   -2 -1 -1 -3 -4 -3  0  6  1 -3 -4 -2 -5 -2 -1 -3 -3  0 -3 -2    2   3   3   1   0   1   6  59   4   2   2   3   0   2   3   2   1   1   1   4  1.02 0.51
  128 N   -1 -1  1  1 -4  0  3  1 -1 -3 -3  1 -3 -4  2 -1  1 -4 -2 -2    4   3   7   6   0   3  24  10   1   2   2   7   0   1   9   4  11   0   1   4  0.31 0.24
  129 L    0  0 -1  0 -2  0  1 -2 -2  1 -1  2 -1  0  3 -1 -1 -2 -2  0    7   4   2   5   1   4   9   2   1  11   5  15   1   4  14   3   3   0   1   7  0.16 0.13
  130 G   -2  1 -1 -1 -5 -2 -1  1 -1 -4 -4  2 -4 -4  7 -2 -3 -3 -4 -4    2   7   3   3   0   2   3   9   1   1   2  13   0   1  47   3   1   0   1   1  1.09 0.53
  131 N   -1  3  0  1 -3  0  1 -3 -2 -2 -3  2  0 -2  2 -1  1 -4 -2 -1    3  17   4   8   0   4  10   2   1   2   2  16   2   2   9   3  10   0   1   4  0.28 0.21
  132 G    0  0  0  0  1  1  1 -1 -1 -1 -1  1 -1 -2  1  1  0 -2 -1 -1    8   4   4   4   3   5  12   4   1   4   4  12   1   1   7  11   5   1   2   5  0.10 0.09
  133 L   -1 -2 -4 -2 -4 -3  0 -3 -2 -2 -1 -1 -1  7  1 -2 -2 -2  1 -1    6   2   0   2   0   1   6   2   1   2   6   4   1  45   7   3   3   0   3   4  0.79 0.43
  134 I    0 -3  1  5 -3 -1  1  0 -2 -2 -3  0 -3 -4  1  1  0 -2 -1 -2    6   1   5  31   1   2   7   8   0   3   3   5   1   0   6  12   4   1   2   3  0.39 0.28
  135 V   -2 -1 -3 -1 -5 -1 -1 -3 -2 -3 -1  0 -2  7 -1 -2 -2 -1  0 -2    3   3   1   3   0   3   4   2   1   1   5   5   1  53   3   3   3   1   2   2  1.04 0.51
  136 H   -1  0  0  0 -5  1  3 -2  1 -3 -3  3 -3 -3  3  0  1 -3 -3 -2    4   4   3   4   0   5  20   2   3   1   2  21   1   1  12   5   8   0   1   3  0.39 0.28
  137 D    0 -3 -1  0 -1 -2 -2 -3 -2  1 -1 -1 -3 -3  6 -2 -2 -2 -3  1    7   1   4   5   2   2   3   2   1   8   6   4   1   1  42   2   2   1   1   8  0.77 0.40
  138 F   -3  4 -3 -4 -4 -1 -2 -4 -2 -2  2  5 -2 -1 -2 -3 -2 -4  1 -1    1  20   0   0   0   2   1   1   1   2  18  37   1   3   2   1   2   0   5   3  0.70 0.41
  139 S   -1 -3  2  5 -5 -3  0 -1  1 -5 -5 -3 -4 -5  3  3 -1 -2 -3 -5    4   1  11  33   0   1   4   5   3   0   0   0   0   0  13  20   4   1   1   0  0.77 0.45
  140 H   -7 -6 -4 -6 -8 -2 -6 -7 11 -8 -7 -6 -7 -3 -7 -5 -7 -7  0 -6    0   0   0   0   0   2   0   0  91   0   0   0   0   1   0   1   0   0   3   1  3.81 1.30
  141 Y   -2 -3 -3 -1 -4 -3 -2 -5  2  1  1 -3  0  0 -5 -3 -2  7  2  4    3   1   1   4   0   1   3   1   5   8  14   1   2   3   0   1   1  14   7  29  0.61 0.36
  142 D    0 -3 -2  5 -6  1  6 -4 -2 -4 -6 -2 -5 -4 -5 -2 -1 -6 -5 -4    7   1   1  28   0   5  45   1   1   1   0   1   0   1   0   2   4   0   0   1  1.16 0.60
  143 I   -5 -6 -7 -7 -5 -6 -7 -8 -7  5  5 -6 -1 -3 -7 -6 -4 -4 -4  1    0   0   0   0   0   0   0   0   0  31  58   0   1   1   0   0   1   0   0   8  1.50 0.65
  144 A    2 -5 -3 -5  3 -5 -4  5 -5  0  1 -5  3 -5 -3 -2 -3 -6 -5  0   18   0   1   0   6   0   0  42   0   5  12   0   7   0   1   2   1   0   0   5  0.80 0.45
  145 E   -1  0 -2 -1 -5  1  5 -3 -1 -3 -2  2 -3 -5 -2  0  1 -1 -3 -1    4   5   1   3   0   5  36   1   1   2   4  13   0   0   1   6  11   1   1   4  0.51 0.36
  146 K    1  2  0  0 -3  0  1 -2 -1 -1 -1  2  3 -3 -2  0 -1 -4 -3 -2   12  14   4   6   0   3  11   2   2   3   6  15   8   1   1   7   2   0   1   1  0.22 0.21
  147 F   -3 -2  0 -3 -3 -3 -5 -5  2  0  5 -2  0  1 -5 -4 -3 -5 -1 -1    1   2   5   2   0   1   0   1   4   5  62   3   2   5   0   1   1   0   1   2  0.88 0.47
  148 G   -3 -3  2  5 -5 -2 -1  5 -2 -7 -7  0 -5 -6 -5 -2 -4 -7 -6 -6    1   2  10  35   0   2   3  38   1   0   0   5   0   0   0   2   0   0   0   0  1.17 0.56
  149 L   -2 -5 -4 -4 -2 -3 -5  1 -5  4  3 -5  3 -2 -6 -4 -3  5 -2 -1    3   0   1   1   1   1   0  13   0  28  30   0   7   1   0   1   0   8   1   3  0.77 0.42
  150 V    0 -5 -5 -6 -3 -5 -5 -5 -3  4  3 -5  2  3 -5 -3 -3  1  1  2    8   0   0   0   0   0   0   1   1  27  23   0   5  11   0   1   1   2   5  13  0.67 0.36
  151 D   -4 -1  1  8 -5 -4  0 -5 -4 -5 -6 -4 -5 -5 -6 -3 -5 -8 -7 -7    2   3   5  78   0   0   6   0   0   1   1   0   0   1   0   1   0   0   0   0  2.12 0.87
  152 F   -3 -4 -3 -5 -4  0 -3 -2 -3  0  1 -3  1  6  0 -1  1 -2  0 -1    1   1   1   0   0   4   1   3   0   5  14   1   4  40   5   4   9   0   2   4  0.70 0.41
  153 K   -1 -1 -2  2 -5  0  6 -4 -3 -4 -5  2 -4 -6 -1 -1 -1 -6 -5 -3    6   3   2  11   0   3  50   1   0   1   1  11   0   0   3   4   3   0   0   2  0.96 0.54
  154 R    1  6  0 -3 -5  0 -2 -3 -1 -4 -3  2 -4 -6 -4  1  0 -5 -4 -4   14  43   4   1   0   3   1   2   2   1   2  11   0   0   0   8   6   0   0   1  0.83 0.48
  155 A    5 -6 -5 -5 -5 -5 -5  5 -6 -2 -3 -5 -4 -6 -5  0 -4 -6 -6 -4   40   0   0   0   0   0   0  46   0   2   3   0   0   0   0   6   1   0   0   1  1.30 0.64
  156 S    5 -4 -2 -5 -3 -3 -4 -1 -4 -2 -4 -4 -4 -5 -4  2  1 -6 -3  2   46   1   2   0   0   1   0   5   0   2   0   0   0   0   0  16  10   0   1  16  0.82 0.51
  157 K   -2  2  0 -1 -6  0  0 -4  0 -2 -3  6 -3 -5 -4 -2  0 -6 -5 -3    3  10   5   3   0   4   6   0   2   2   3  52   0   0   0   2   5   0   0   2  0.91 0.51
  158 L   -1 -6 -5 -6 -3 -5 -6 -6 -6  4  2 -4  1 -3 -6 -3  0 -6 -4  5    4   0   0   0   0   0   0   0   0  25  17   1   3   1   0   1   6   0   0  40  0.97 0.49
  159 S    4 -5 -4 -5 -2 -4 -5 -2 -4 -4 -6 -5 -4 -5 -5  5  2 -5 -6 -1   31   0   0   0   1   0   0   2   0   1   0   0   0   0   0  48  13   0   0   4  1.21 0.68
  160 G   -4 -7 -5 -6 -4 -5 -7  8 -6 -9 -9 -4 -8 -8 -7 -4 -5 -8 -8 -8    1   0   0   0   0   0   0  96   0   0   0   1   0   0   0   1   0   0   0   0  2.68 1.02
  161 P    2 -2  0 -4 -5 -2 -3 -1  4 -5 -5 -2 -4 -1 -2  5  0  2 -3 -5   19   2   4   0   0   1   1   4  10   0   0   2   0   3   2  42   6   3   0   0  0.77 0.50
  162 R   -4  7 -2 -5 -7 -2 -4  3 -2 -7 -6  1 -2 -6 -6  0 -5 -7 -6 -7    1  60   2   0   0   1   0  19   1   0   0   6   1   0   0   8   0   0   0   0  1.56 0.73
  163 F   -3 -7 -3 -7 -3 -5 -7  2 -3 -5 -5 -6 -4  8 -7 -1 -3  5  0 -6    2   0   2   0   1   0   0  16   1   0   0   0   0  60   0   6   2   8   2   0  1.81 0.77
  164 V    0 -5 -3 -6 -1 -5 -6 -4 -3 -2 -4 -5 -4  1  1 -1 -1  2  8  2    7   0   1   0   1   0   0   2   0   1   1   0   0   4   6   5   4   2  51  12  1.33 0.66
  165 I   -3 -6 -6 -7  1 -6 -6 -6 -3  0  0 -6  0  5 -7 -4 -2 -3  7  3    2   0   0   0   3   0   0   0   0   5   7   0   2  25   0   1   2   0  34  17  1.29 0.60
  166 F   -5 -6 -6 -6 -4 -4 -4 -6 -5  0  6 -6  2  1 -7 -6 -3 -2  3 -3    0   0   0   0   0   0   1   0   0   5  70   0   4   6   0   0   1   1  10   1  1.40 0.65
  167 K   -4  3 -3 -4 -4 -1 -3 -5 -2 -2 -1  6  0 -2 -5 -1  1 -3 -4 -2    1  16   1   0   0   2   0   0   1   2   6  49   3   2   0   4  10   0   0   3  0.94 0.53
  168 N   -4 -3  5  0 -7 -3 -3  6 -2 -7 -7 -2 -6 -7 -5 -3 -4 -7 -7 -7    1   2  24   4   0   1   1  62   1   0   0   3   0   0   0   1   1   0   0   0  1.62 0.70
  169 Q    1 -2 -1  4 -4  1  3 -2 -3 -2 -2  0  0 -2  0 -1 -3  1 -1 -2   13   1   2  26   0   5  20   3   0   2   4   6   2   2   4   2   1   2   2   3  0.39 0.29
  170 G    2 -6 -5 -5 -4 -5 -5  6 -6  0  2 -5  0 -4 -3 -3 -4 -6 -5 -2   16   0   0   0   0   0   0  50   0   5  20   0   3   1   1   0   0   0   0   2  1.03 0.53
  171 A    6 -6 -6 -6 -3 -5 -5 -4 -6 -3 -2 -5 -2 -2 -5 -1 -3 -6 -5  3   64   0   0   0   0   0   0   0   0   0   3   0   1   2   0   4   1   0   0  23  1.36 0.68
  172 K   -3  4 -4 -3 -5  0 -1 -5 -1 -1  3  2  2  1 -5 -3 -3  0 -2 -2    1  26   0   1   0   4   3   0   2   3  33  10   4   5   0   1   1   2   1   2  0.59 0.38
  173 L   -5 -6 -7 -8 -6 -6 -7 -8 -7 -2  7 -7  2 -3 -7 -7 -5 -4 -3 -3    0   0   0   0   0   0   0   0   0   1  91   0   4   1   0   0   0   0   1   1  2.05 0.84
  174 A   -3 -3  3  0 -5  3  6 -4  3 -4 -4 -3 -4 -4 -5 -2 -4  1 -2 -4    2   1  12   3   0  13  49   1   8   1   2   1   0   1   0   3   1   2   2   1  1.09 0.58
  175 R   -4  5 -3 -4 -6  4 -3 -5  1 -2  2 -2  3  2 -5 -3 -3  3 -2 -3    1  32   1   1   0  17   1   0   4   1  17   1   8   8   0   1   1   3   1   1  0.80 0.48
  176 A    7 -6 -5 -6 -5 -5 -5 -2 -6 -5 -6 -4 -6 -7 -5 -2 -4 -7 -6 -4   91   0   0   0   0   0   0   3   0   0   0   0   0   0   0   3   0   0   0   0  2.13 0.93
  177 L   -6 -6 -7 -8 -4 -6 -7 -8 -7  2  6 -7 -1 -3 -7 -7 -5 -6 -5  0    0   0   0   0   0   0   0   0   0   9  82   0   1   0   0   0   0   0   0   6  1.81 0.76
  178 M    0 -4 -5 -5 -2  0 -3 -3 -3  5  1 -4  2 -1 -5 -2 -1 -1 -2  3    7   0   0   0   1   4   1   2   1  39  11   1   5   2   0   3   4   1   1  16  0.64 0.37
  179 D   -1  2  5 -1 -6  5 -3 -3  1 -5 -4 -1 -1 -4 -5  0 -1 -5 -4 -5    4   9  32   3   0  30   0   1   3   0   2   2   2   1   0   7   3   0   0   0  0.97 0.55
  180 F   -6 -7 -7 -8 -5 -6 -6 -7  1 -4  0 -7  0  7 -8 -6 -6  5  7 -5    0   0   0   0   0   0   0   0   3   0  10   0   2  44   0   0   0   8  33   0  2.00 0.80
  181 M    4 -5 -5 -5 -1 -4 -5  1 -5 -3 -2 -5  6  1 -5  0  1 -5 -4  0   37   0   0   0   1   0   0  10   0   1   3   0  22   6   0   5   9   0   0   5  0.84 0.51
  182 L   -4 -3 -6 -7 -3 -3 -6 -6 -5  3  5 -5  4  1 -6 -5 -3 -1 -2  0    1   2   0   0   0   1   0   0   0  13  60   0   9   5   0   0   1   1   1   5  1.14 0.54
  183 D   -1 -1  1  6 -5  1  2 -3  1 -6 -6 -1 -4 -5 -5  1 -2 -7 -5 -6    5   3   6  48   0   5  11   1   3   0   0   3   0   0   0  11   2   0   0   0  1.05 0.54
  184 T   -3  0 -2 -4 -3 -1  0 -5  1  1  1  2  1  4 -4 -3  0 -2  0  1    1   4   1   0   0   3   6   0   3  10  13  13   3  21   0   1   7   0   2  10  0.33 0.26
  185 N    2 -4  0 -5 -3 -2 -5 -5  6 -1  4 -4  2 -1 -5 -4 -4 -3 -2 -1   16   0   5   0   1   2   0   0  22   2  36   0   5   2   0   0   0   0   1   5  0.83 0.48
  186 I    0  2 -2 -3 -3 -1 -1 -2 -1  2  0 -1  2 -2 -4  0  3 -3 -2  2    6  12   1   1   0   2   5   2   1  12   6   3   6   1   0   6  21   0   1  14  0.24 0.23
  187 Q    0  2  0  1 -5  2  3 -2 -2 -5 -4  4 -4 -6 -3  1 -3 -6 -5 -4    8   9   4   6   0  10  19   2   1   0   1  27   0   0   0  11   1   0   0   0  0.61 0.39
  188 K    0  4  1 -2 -4  1  1 -4  6 -6 -5  4 -3 -4 -4 -2 -4 -4 -2 -6    7  22   6   2   0   6   7   0  20   0   0  26   0   1   0   1   0   0   1   0  0.94 0.50
  189 G   -3 -6  0 -1 -5 -4 -4  7 -2 -8 -8 -2 -7 -6 -4 -4 -6 -7 -7 -7    1   0   4   3   0   1   1  84   1   0   0   3   0   0   1   1   0   0   0   0  2.07 0.82
  190 Y   -5 -6 -7 -7 -7 -7 -7 -8 -3 -5 -4 -7 -4  7 -8 -6 -6  4  8 -4    1   0   0   0   0   0   0   0   0   0   1   0   0  45   0   0   0   4  47   1  2.53 0.95
  191 K   -2  0 -2 -2 -3  0  2 -4 -3  0 -2  2 -1 -4 -4  0  5 -6 -4  0    1   4   1   2   0   4  13   0   0   7   3  11   2   0   0   6  38   0   0   5  0.56 0.40
  192 E   -2 -4 -4 -3 -6 -2  4 -5 -4 -2  0 -3  0 -1  6 -3 -4 -6  0 -2    3   0   0   1   0   1  31   1   0   2  10   1   2   3  35   2   1   0   3   3  0.98 0.54
  193 I   -3 -4 -4 -6  0 -4 -6 -6 -2  4  2 -4  5  1 -6 -5 -2 -1 -1  4    1   0   1   0   2   0   0   0   1  20  16   1  14   4   0   0   2   1   2  32  0.86 0.44
  194 L   -1 -2 -1 -2 -2  2 -1 -3  0  2  0 -2  1  0 -4  1  1  1  3  0    4   1   2   1   1  13   3   1   3  13  10   1   5   3   0  10   9   2  11   7  0.19 0.21
  195 P   -2 -6 -5 -6 -2 -5 -5 -4 -4 -3 -1 -5 -1 -5  6 -3  4 -7 -6  3    2   0   0   0   1   0   0   1   0   1   5   0   2   0  41   1  26   0   0  19  1.32 0.65
  196 P   -6 -8 -7 -7 -8 -7 -7 -6 -8 -8 -8 -6 -8 -9  9 -5 -6 -9 -8 -8    0   0   0   0   0   0   0   1   0   0   0   0   0   0  98   0   0   0   0   0  3.52 1.25
  197 F   -2 -4 -2  3  0 -2 -2 -4  1  0  0 -4 -2  4 -3  0 -1 -2  4  1    3   0   1  15   2   2   1   0   4   4  10   0   1  17   1   9   4   0  14  11  0.38 0.28
  198 I   -4 -6 -7 -7 -5 -5 -6 -7 -6  3  4 -6  6  4 -5 -6 -4 -3 -2  2    1   0   0   0   0   0   0   0   0  17  37   0  19  15   0   0   0   0   1  10  1.13 0.52
  199 V    0 -6 -4 -6 -3 -5 -6 -6 -6  3  1 -6  5 -3 -6 -5 -1 -6 -5  6    9   0   1   0   0   0   0   0   0  12  10   0  13   0   0   0   3   0   0  51  1.17 0.56
  200 K   -4  5  4 -3 -6 -1 -3 -4  1 -6 -4  4 -5 -5 -5 -2 -1 -4  0 -6    1  36  22   1   0   1   1   1   4   0   2  21   0   0   0   3   4   0   3   0  1.05 0.55
  201 G   -1  2 -1  0 -5  0  3  0 -1 -4 -4  2 -3 -4  1  1  0 -4  0 -4    5  12   1   5   0   3  18   6   1   0   1  15   0   0   8  11   6   0   4   1  0.33 0.26
  202 H    0  0  1  3 -5  0  4 -2  2 -5 -5  1 -4 -3 -3  1 -2 -5 -2 -3    8   4   6  18   0   4  28   2   4   0   0   9   0   1   1   9   2   0   1   1  0.52 0.33
  203 N    2 -4 -3 -5  2 -3 -4 -4 -4  3 -1 -4  1 -1 -3  1  2 -4 -1  3   19   0   1   0   4   0   0   0   0  17   5   0   4   2   1  13  12   0   2  19  0.43 0.32
  204 L    1 -5 -6 -6 -3 -3 -4 -3 -5  1  3 -5  7  2 -5 -4 -3 -5  0  0   12   0   0   0   0   1   1   3   0   6  25   0  34   8   0   0   1   0   4   6  0.99 0.52
  205 F    0  0 -1 -1 -3  0  2 -1  0  0 -1 -1 -1  1 -3 -1  0  3  3  0    8   5   2   3   0   5  18   5   2   5   5   2   2   7   0   3   8   4  12   5  0.15 0.17
  206 G    2  0  0 -3  0 -3 -1  5 -4 -5 -6  2 -5 -5 -4 -1 -3 -6 -4 -4   16   6   3   1   2   0   4  47   0   0   0  12   0   0   1   4   1   0   0   1  0.86 0.46
  207 T    1 -5 -4 -5  7 -5 -5 -4 -6 -1 -3 -5  1 -6 -5  1  5 -6 -5  0    9   0   0   0  25   0   0   1   0   4   2   0   4   0   0  10  38   0   0   7  1.20 0.60
  208 G    1 -6 -4 -3 -2 -6 -5  7 -4 -5 -5 -5 -3 -7 -6 -1 -1 -7 -5 -3   12   0   0   1   1   0   0  74   0   1   1   0   1   0   0   4   3   0   0   2  1.67 0.71
  209 Q   -4 -1 -1 -2 -6  6 -2 -3  4 -4 -4 -2  1  5 -5 -2 -4 -3  2 -5    0   3   2   2   0  38   1   2  10   0   1   1   3  26   0   2   1   0   6   0  1.15 0.60
  210 L   -3 -2 -1 -3 -5  3 -4 -5 -1 -1  4 -3  0  4 -5 -2 -3 -3 -1 -2    2   2   4   1   0  13   0   0   1   2  48   1   1  18   0   3   1   0   1   2  0.76 0.44
  211 P   -1 -5 -4 -1 -6 -4  0 -3 -3 -6 -7 -4 -3 -6  8  0 -2 -7 -6 -2    4   0   1   3   0   1   7   2   1   0   0   0   1   0  67   8   2   0   0   3  1.85 0.78
  212 K   -1  4  0  2 -5  2  0 -1  0 -5 -4  4 -4 -2 -2 -2 -1 -1 -4 -4    5  21   3  10   0   9   6   4   2   0   1  29   0   2   1   1   4   1   0   0  0.60 0.37
  213 F   -1 -4 -4  2 -5 -4 -3  2  0 -2 -1 -2 -1  7 -5 -3 -3 -1  2 -3    4   1   0  11   0   0   1  15   3   2   4   2   1  46   0   2   1   1   5   1  0.96 0.49
  214 E    1  1  0  3 -6  0  5 -2 -1 -4 -5  1 -3 -6 -3 -1 -3 -6 -3 -4   11   7   3  18   0   3  37   3   1   1   0   8   0   0   0   4   1   0   1   1  0.71 0.42
  215 E   -1 -2  2  4 -6  1  5 -2 -1 -4 -6  0 -4 -5 -1  0 -2 -6 -4 -5    5   1   8  26   0   5  34   2   1   1   0   4   0   0   3   6   2   0   0   0  0.79 0.44
  216 D   -3 -2  0  5 -6  5  3 -3 -2 -5 -5 -3  0 -6 -5 -2 -2 -6 -4 -3    2   2   4  28   0  31  19   2   1   0   1   0   2   0   0   2   2   0   0   2  1.00 0.55
  217 L   -1 -4 -4 -5 -2 -2 -4 -5 -4  3  3 -4  4 -1 -3 -1  0 -4  0  2    5   0   1   0   1   2   0   0   0  17  31   0  13   1   1   4   5   0   4  15  0.56 0.33
  218 F   -6 -5 -6 -8 -7 -6 -7 -7 -3 -5 -5 -7 -4  5 -8 -6 -7  0  9 -5    0   0   0   0   0   0   0   0   0   0   0   0   0  19   0   0   0   1  77   0  2.92 1.06
  219 K   -1  3  0 -3 -3  0  0 -3  4 -2 -3  4 -3 -2 -3  1 -1  1 -1 -3    5  14   3   0   0   4   5   1  12   2   3  30   0   2   1   9   4   2   2   1  0.49 0.33
  220 L   -2 -5 -5 -2  3 -4 -4 -6 -5  4  2 -4  0 -3 -2 -4  0 -5 -4  4    2   0   0   3   5   0   1   0   0  26  21   0   1   1   2   0   7   0   0  27  0.72 0.39
  221 E   -1 -2  1  3 -5  2  4 -2  2 -4 -5  1 -3 -5 -1  0  1 -5 -3 -3    4   1   6  14   0   8  34   3   4   1   0   7   0   0   2   7   7   0   0   1  0.58 0.36
  222 N   -1  1  2  4 -5  0  3  0  0 -4 -4  0 -2 -5  2  0 -1 -5 -4 -4    4   7   9  25   0   3  17   6   2   1   1   5   1   0  10   5   4   0   0   1  0.49 0.30
  223 G   -3 -3  1  7 -5 -2  2  1 -2 -6 -7 -2 -5 -6 -3 -1 -3 -7 -5 -5    2   1   7  56   0   1  13   9   1   0   0   2   0   0   1   4   1   0   0   0  1.27 0.59
  224 M   -3 -1 -4 -3 -4  0 -3 -4  0 -1  5  2  2  1 -5 -3 -3 -1  1 -2    2   2   0   1   0   5   1   1   2   2  51  12   5   7   0   2   1   1   5   1  0.66 0.40
  225 Y   -3 -3 -1 -6  5 -5 -6 -3  0 -4 -4 -5 -3  4 -6 -2 -3  6  7  0    2   1   3   0  12   0   0   2   2   0   1   0   1  14   0   4   1   9  41   7  1.35 0.60
  226 L   -3 -6 -7 -7 -4 -6 -7 -7 -7 -2  7 -6  1 -1 -5 -6 -5 -4 -4 -3    2   0   0   0   0   0   0   0   0   0  90   0   3   2   1   0   0   0   0   1  1.91 0.78
  227 I    1 -5 -1 -5 -3 -4 -5 -5 -6  6 -2 -5 -3 -4 -4 -2  1 -6 -5  2   13   0   4   0   0   0   0   0   0  53   2   0   0   0   1   3   8   0   0  14  1.08 0.53
  228 P    2 -6 -2 -5 -6 -5 -5  5 -6 -6 -6 -5 -6 -7  6 -2 -4 -6 -6 -5   19   0   2   0   0   0   0  41   0   0   0   0   0   0  34   2   1   0   0   1  1.46 0.66
  229 T   -5 -6 -5 -6 -6 -5 -5 -3 -6 -4 -6 -5 -5 -7 -6  1  8 -7 -6 -5    0   0   0   0   0   0   0   3   0   1   0   0   0   0   0   9  87   0   0   0  2.34 0.99
  230 A    5 -5 -4 -5 -5 -4 -5  0 -5 -6 -5 -4 -5 -6 -2  4 -2 -7 -6 -5   54   0   0   0   0   0   0   8   0   0   0   0   0   0   1  34   2   0   0   0  1.34 0.68
  231 E   -4 -5 -5 -2 -8 -3  8 -6 -5 -4 -8 -4 -7 -8 -6 -5 -6 -8 -7 -7    2   0   0   1   0   0  95   0   0   1   0   0   0   0   0   0   0   0   0   0  2.65 1.07
  232 V   -2 -5 -5 -5 -4  3 -4 -6  4  4 -2 -4 -1 -3 -1 -4 -2 -6 -3  5    2   0   0   0   0  16   0   0  10  21   1   0   1   1   4   1   2   0   1  40  0.96 0.52
  233 P    1 -6 -5 -5 -6 -2 -5 -2 -6 -2 -5 -5 -4 -6  7  2  1 -7 -5 -3   11   0   0   0   0   2   0   3   0   2   1   0   0   0  57  13   9   0   0   2  1.52 0.69
  234 V   -4 -6 -3 -7 -4 -6 -7 -7 -6  3  6 -6  2 -1 -7 -5 -4 -6 -5  2    1   0   1   0   0   0   0   0   0  13  67   0   4   1   0   0   1   0   0  12  1.35 0.60
  235 T    3 -4 -2 -4  3 -4 -3  0 -5  1 -1 -3  0 -3 -3 -1  4 -5 -4  1   27   0   2   0   6   0   1   6   0   8   6   1   2   1   1   3  24   0   0  11  0.47 0.35
  236 N    3 -5  5 -3 -3 -2 -4  4 -4 -6 -6 -4 -4 -5  0  1 -3 -6 -3 -3   25   0  29   0   1   1   0  26   0   0   0   0   0   0   4   9   1   0   1   2  0.91 0.51
  237 Y   -4 -4 -6 -6 -5 -2 -6 -6 -3  1  4 -4  6  2 -6 -2 -3 -1  6 -2    1   1   0   0   0   2   0   0   0   6  34   1  18   8   0   4   1   1  24   1  1.04 0.53
  238 Y   -3 -4 -2 -6 -5 -4 -5 -2  8 -4 -2 -3 -1  4 -7 -5 -5 -2  5  0    2   1   2   0   0   0   0   4  40   1   4   1   1  17   0   0   0   0  20   6  1.54 0.67
  239 N    3  4 -1 -2 -2  0 -3 -3 -2 -1 -3  0  4 -3 -4  1 -3 -3 -2 -3   26  24   3   1   1   5   1   2   1   4   1   4  13   1   0  13   0   0   1   0  0.56 0.41
  240 D   -4 -4  4  6 -7 -1  1  2 -2 -7 -7 -1 -5 -6 -5 -3 -4 -7 -5 -7    0   0  22  44   0   2   8  17   1   0   0   4   0   0   0   1   0   0   0   0  1.28 0.60
  241 E   -3  0 -3 -1 -3  2  6 -5  2 -6 -6  2 -4 -6 -4 -1  1 -1 -4 -5    1   4   1   2   1   7  51   0   4   0   0  14   0   0   0   5   8   1   0   1  1.05 0.56
  242 I   -2 -4 -4 -5 -2 -4 -5 -6 -2  6  0 -4  0 -1 -5 -3  2  4 -3  2    3   1   1   1   1   1   0   0   1  46   8   1   2   3   0   1  12   6   0  14  0.93 0.47
  243 I   -4 -4 -5 -6 -5 -4 -6 -7 -1  4  5 -4  0  3 -5 -5 -3 -4 -1  1    0   1   0   0   0   0   0   0   2  19  53   1   1  11   1   0   1   0   1   9  1.02 0.49
  244 N   -1 -2  1  4 -6  0  3 -4  1 -6 -5  0 -5 -6  3  0 -1 -6 -4 -5    4   2   8  24   0   4  20   1   3   0   0   6   0   0  17   7   4   0   0   0  0.69 0.40
  245 L    2 -2 -2 -1 -1  0  4 -3 -2 -4 -2  2 -2 -4  0  0 -1 -5 -3 -3   22   2   1   2   2   2  33   1   0   1   5  12   1   0   5   7   3   0   0   1  0.49 0.36
  246 D   -3 -3  2  5 -6  1  4 -3 -2 -5 -6  1 -5 -5 -4  1 -2 -7 -5 -6    1   0   8  32   0   6  30   1   1   1   0   7   0   1   0  10   2   0   0   0  0.97 0.51
  247 K   -5 -5 -5 -5 -4 -5 -4 -6 -7 -2  7 -3 -1 -1 -7 -6 -5 -6 -4 -3    0   0   1   1   0   0   1   0   0   1  87   2   1   3   0   0   0   0   0   1  1.75 0.75
  248 P   -5 -7 -6 -7 -8 -6 -5 -7 -7 -8 -7 -5 -8 -9  9 -2 -4 -9 -8 -6    0   0   0   0   0   0   0   0   0   0   0   0   0   0  95   3   1   0   0   0  3.26 1.18
  249 K   -2  0 -5 -5 -3 -1 -4 -5 -3  4  3  2  2 -2 -3 -4 -3 -4 -3  1    3   5   0   0   0   3   0   0   0  28  30  13   5   1   1   0   0   0   1   8  0.59 0.36
  250 M   -4  6 -3 -5 -2 -2 -4 -5 -2 -5 -2  6 -3 -4 -5 -2 -3 -3  0 -6    1  40   1   0   1   1   0   0   1   0   4  43   1   0   0   3   1   0   3   0  1.41 0.67
  251 F   -3 -3 -4 -6 -4 -2 -5 -6  0  0  2 -5  3  3 -6 -4 -2 -1  7  0    2   1   0   0   0   2   0   0   2   5  18   0   7   9   0   1   2   1  44   5  1.18 0.56
  252 V    3 -5 -5 -5  4 -3 -5 -3 -5  1 -1 -4  1 -1 -5 -2  3 -5 -3  4   24   0   0   0   7   1   0   1   0   6   3   0   3   2   0   1  16   0   1  34  0.73 0.44
  253 S    4 -5 -3 -5  2 -3 -5  5  0 -5 -6 -4 -3 -6 -5  0 -1 -6 -5 -3   38   0   0   0   4   1   0  42   2   0   0   0   1   0   0   5   4   0   0   1  1.13 0.56
  254 F   -2 -3 -2 -5 -1 -2 -4 -4  2  0  0 -4 -1  4 -3 -2 -3  4  6  1    3   1   2   0   2   2   0   1   5   5   9   0   1  17   1   4   1   4  31  10  0.78 0.41
  255 T   -2 -5 -4 -2 -4 -4 -4  0 -5 -6 -5 -4 -5 -6 -5  6  4 -7 -6 -5    1   0   0   2   0   0   1   7   0   0   1   0   0   0   0  60  28   0   0   0  1.48 0.75
  256 E   -1  1 -2 -4 -5 -2 -3 -4  4 -5 -4 -2 -3 -5  6  0  4 -4 -4 -4    5   9   1   0   0   2   1   1   9   0   2   1   1   0  35   7  23   0   0   1  0.96 0.53
  257 C    0 -7 -1 -7 11 -7 -7 -7 -7 -6 -6 -7 -6 -7 -4 -1 -5 -7 -7 -3    9   0   3   0  77   0   0   0   0   0   0   0   0   0   1   5   0   0   0   2  3.11 1.08
  258 F   -5 -7 -7 -8 -7 -7 -7 -8 -5 -5 -4 -7 -5  9 -8 -7 -7 -1  5 -6    1   0   0   0   0   0   0   0   0   0   1   0   0  79   0   0   0   1  15   0  2.74 1.00
  259 R   -6  9 -5 -6 -8 -4 -5 -7  0 -7 -7 -3 -6 -7 -3 -5 -4 -7 -6 -7    0  91   0   0   0   0   0   0   2   0   0   0   0   0   2   0   1   0   0   0  2.71 1.05
  260 S    1  5 -2 -4 -4  0 -3 -3 -4 -5 -4  4 -3 -5 -4  1  0 -5 -4 -4   14  34   2   0   0   4   0   1   0   0   1  21   1   0   0  10   6   0   0   1  0.75 0.45
  261 E   -4 -5 -2 -1 -8 -3  8 -6 -5 -7 -7 -3 -6 -7 -4 -5 -5 -7 -6 -7    1   0   2   2   0   0  90   0   0   0   0   0   0   0   1   0   0   0   0   0  2.40 1.00
  262 A    6 -4 -5 -5 -4 -3 -3 -2 -4 -2 -4 -1 -4 -6 -3 -1  0 -6 -5  0   70   1   0   0   0   1   1   3   0   3   1   4   0   0   1   3   5   0   0   6  1.21 0.63
  263 G   -2 -6 -3 -2 -6 -4 -5  7 -5 -5 -6 -5 -1 -5 -6 -3 -4 -3 -3 -5    2   0   1   2   0   1   0  84   0   1   1   0   2   0   0   2   1   0   1   1  2.01 0.76
  264 S    3 -2 -2 -3 -4 -3 -3 -2 -2 -5 -5 -2 -4 -5 -2  5  2 -6 -5 -4   27   2   1   1   0   0   1   3   1   0   1   2   0   0   2  49  10   0   0   0  1.00 0.56
  265 G    3  1 -4 -2 -4 -3 -4 -2  7 -5 -5 -4 -4 -2 -4 -1 -3  2  6 -4   24   9   0   2   0   0   0   3  23   0   1   0   0   1   1   4   1   3  28   1  1.08 0.53
  266 G   -3 -2 -3 -5 -6 -5 -4  7 -4 -6 -6 -5 -6 -6 -5 -1 -4 -6 -6 -6    1   2   1   0   0   0   1  86   0   0   1   0   0   0   0   4   1   0   0   0  2.13 0.78
  267 K   -1  5 -3 -4 -5 -1 -2 -4 -4 -2 -3  6 -3 -5 -2 -1 -2 -5 -4 -2    6  28   0   0   0   2   1   1   0   2   2  44   0   0   2   4   3   0   0   3  1.01 0.51
  268 D   -2 -4 -1  7 -6 -2  2 -4 -2 -5 -5 -1 -5 -3 -5 -1 -3 -6 -3 -5    4   1   2  63   0   2  13   1   1   1   1   3   0   1   0   4   2   0   1   0  1.46 0.63
  269 N   -1 -4  1 -2 -4 -2  0 -4 -4 -2 -3 -4  0 -5 -1  1  6 -5 -4  1    4   0   5   1   0   1   7   1   0   2   1   0   2   0   3   9  52   0   0  10  0.88 0.51
  270 R   -2  6 -3 -5 -6 -2 -3 -4  0 -3 -3  5 -3 -5 -4 -3 -3  4 -3 -5    4  46   1   0   0   1   1   1   2   2   3  29   0   0   0   1   1   5   1   0  1.26 0.59
  271 G   -2 -6 -5 -5 -7 -4 -3  8 -6 -7 -7 -6 -7 -7 -6 -5 -6 -7 -7 -5    2   0   0   0   0   1   2  93   0   0   0   0   0   0   0   0   0   0   0   1  2.45 0.90
  272 L   -4 -3 -6 -6 -5 -5 -6 -5 -6  5  4 -5  4 -2 -6 -5 -2 -5 -3 -1    1   2   0   0   0   0   0   1   0  38  42   0   9   1   0   0   2   0   1   2  1.22 0.55
  273 I   -4 -4 -2 -6 -5 -3 -5 -6 -3  3  1 -1  1  5 -6 -5 -3 -1  6 -1    1   0   2   0   0   1   0   0   0  20  13   4   3  25   0   0   1   1  27   3  1.03 0.49
  274 R   -6  9 -5 -3 -8 -2 -5 -7 -5 -7 -7 -3 -6 -7 -3 -5 -6 -7 -6 -7    0  93   0   2   0   2   0   0   0   0   0   0   0   0   2   0   0   0   0   0  2.78 1.04
  275 S   -3 -4 -2 -5 -4  2 -3 -1 -5  0  1 -4  1 -3 -3 -4 -1  1 -4  6    1   0   2   0   0  11   1   4   0   4  13   0   3   0   2   0   4   2   0  52  0.84 0.48
  276 H   -6 -4 -3 -6 -8 -5 -3 -7 11 -8 -7 -3 -6 -5 -7 -3 -6 -7 -1 -8    0   0   1   0   0   0   2   0  91   0   0   1   0   0   0   2   0   0   1   0  3.70 1.22
  277 Q   -5 -3 -3 -5 -7  9  2 -6  1 -4 -6 -3 -3 -7 -6 -5 -5 -4 -5 -6    0   0   1   0   0  81  10   0   3   1   0   0   0   0   0   0   0   0   0   1  2.45 1.02
  278 F   -7 -7 -7 -8 -1 -7 -8 -7 -6 -5 -3 -7 -5 10 -8 -7 -7 -4 -1 -4    0   0   0   0   2   0   0   0   0   0   2   0   0  93   0   0   0   0   1   1  3.12 1.06
  279 K   -3 -2  3  4 -4  0  3 -3  2 -5 -5 -2 -3 -4 -4  1  2 -4 -1 -4    1   1  15  22   0   3  21   1   6   0   1   1   1   0   0  10  14   0   2   1  0.66 0.40
  280 K   -6 -3 -5 -6 -8 -1 -1 -7 -6 -8 -8  8 -6 -8 -6 -5 -6 -8 -7 -7    0   0   0   0   0   3   3   0   0   0   0  94   0   0   0   0   0   0   0   0  2.69 1.05
  281 V   -3 -6 -7 -7 -3 -3 -6 -7 -7  3  0 -6 -1 -4 -6 -6 -2 -5 -5  7    2   0   0   0   0   1   0   0   0  14   9   0   1   0   0   0   2   0   0  71  1.64 0.70
  282 E   -4 -5 -5 -3 -9 -1  8 -6 -5 -8 -8 -4 -7 -8 -6 -5 -6 -8 -7 -7    1   0   0   0   0   2  96   0   0   0   0   0   0   0   0   0   0   0   0   0  2.70 1.07
  283 I   -5 -4 -6 -6 -6  5 -4 -6 -5  0  4 -5  8 -3 -6 -5 -4 -6 -5 -1    0   0   0   0   0  28   0   0   0   4  32   0  32   1   0   0   1   0   0   3  1.48 0.70
  284 V   -4 -6 -4 -6 -5 -6 -3 -7 -3  1 -1 -6 -2  7 -7 -6 -4 -4  2  4    1   0   1   0   0   0   2   0   0   5   5   0   1  45   0   0   0   0   5  33  1.44 0.62
  285 K    1 -1 -1 -4  4  1 -2 -1 -2  1 -1  1 -1 -4 -4  1 -1 -2 -2  3   10   3   3   0   9   9   1   5   1   8   5   9   1   0   0  11   2   1   1  22  0.24 0.23
  286 I   -4 -6 -6 -7 -4 -6 -6 -7 -4  5  1 -6 -1  5 -6 -5 -4  4  2  3    1   0   0   0   0   0   0   0   0  30  12   0   1  26   0   0   0   5   7  18  1.12 0.50
  287 T    0 -6 -4 -5  7 -4 -4 -5 -5 -3 -4 -5 -3 -6 -5  1  5 -6 -5  3    7   0   0   0  26   0   1   0   0   1   0   0   0   0   0  10  36   0   0  18  1.28 0.62
  288 N    0  1 -1  1 -3  0  2 -2  3 -3 -2  2 -2 -4 -2  2  2 -5 -3 -3    7   8   1   9   0   4  11   2   8   1   5  14   0   0   1  14  12   0   0   1  0.29 0.24
  289 E    0 -4 -1 -4 -4 -1  0 -4 -2 -6 -5 -3 -6 -6  8 -3 -4 -8 -5 -5    7   1   3   1   0   3   7   1   1   0   1   1   0   0  70   2   1   0   0   1  1.96 0.81
  290 Q   -2 -3  1  3 -6 -1  6 -3  1 -6 -6 -1 -5 -7 -4 -1 -4 -7 -5 -5    3   0   6  17   0   2  56   2   3   0   0   3   0   0   0   5   1   0   0   1  1.26 0.62
  291 D   -1  0  1  4 -5  2  4 -3  0 -4 -3  2 -3 -5 -3 -1  0 -4 -2 -4    4   4   6  21   0  10  24   1   2   0   3  11   1   0   0   4   7   0   1   1  0.54 0.34
  292 G    0 -5 -4 -4 -3 -4 -4 -2 -4 -7 -6 -5 -5 -7 -6  7 -3 -3 -6 -5    7   0   0   1   1   0   1   3   0   0   0   0   0   0   0  85   1   0   0   0  1.96 0.91
  293 I   -1 -1 -1  2 -4 -1  2 -1  0 -2 -2 -1  1 -1 -1 -1 -1  7  3 -2    4   4   2  11   0   2  16   4   2   2   4   4   4   2   3   4   3  16  11   2  0.47 0.31
  294 K    2  0  0  2 -5  2  3 -2 -1 -4 -4  2 -3 -4 -3 -1 -1 -5 -4 -3   19   5   4  11   0   9  24   2   1   1   1  14   0   1   0   4   3   0   0   2  0.48 0.33
  295 E    1 -3 -4 -3 -3 -1  4 -4  1 -1  1 -3  5  0 -5 -3 -1  3  0 -1   12   1   0   1   0   2  27   0   4   4  12   0  17   5   0   1   3   4   3   5  0.51 0.37
  296 F   -5 -5 -5 -6 -4  1 -5 -7  8 -4  4 -5  2  4 -7 -6 -5 -4  1 -4    0   0   0   0   0   5   0   0  32   0  35   0   5  18   0   0   0   0   3   0  1.44 0.65
  297 E   -3 -2  1  3 -7  3  6 -4 -1 -7 -3  0 -3 -6 -5 -3 -3 -7 -5 -6    2   2   6  16   0  11  52   1   1   0   3   5   1   0   0   1   1   0   0   0  1.20 0.61
  298 K   -1  2 -2  0 -5  0  5 -4 -1 -5 -2  2 -1  0 -4 -1 -1 -3 -1 -4    4   9   1   5   0   4  44   1   2   0   4  10   1   5   0   4   4   0   2   1  0.68 0.42
  299 T   -5 -6 -7 -7 -2 -6 -7 -7 -6  3  4 -6  8  1 -7 -6 -4 -6 -4 -3    0   0   0   0   1   0   0   0   0  17  38   0  38   5   0   0   0   0   0   0  1.66 0.71
  300 I   -3  1 -4 -5 -2 -2 -5 -5 -5  3  3 -2  0 -2 -5 -3  2 -1 -4  3    1   9   1   0   1   2   0   0   0  16  34   3   1   1   0   1  12   1   0  19  0.59 0.36
  301 E    2  1  1  0 -3  1  2  1 -1 -4 -2  2 -3 -4 -3  2 -1 -5 -3 -3   17   6   6   5   0   6  12  10   1   0   3  11   0   1   0  17   3   0   0   0  0.29 0.24
  302 D   -3 -2  4  1  2 -1 -2 -4  4  2  1 -3  0 -1 -5 -3 -1  0 -1 -1    1   2  24   9   4   3   1   0  11  16  13   1   2   3   0   0   4   1   1   3  0.45 0.32
  303 A    4 -4 -3 -4 -2  4  1 -3 -4 -1 -3 -3 -4 -4 -4  2 -1 -6 -5 -1   38   0   1   0   1  22  10   1   0   5   2   0   0   1   0  12   3   0   0   4  0.74 0.49
  304 S   -3 -1 -4 -3  0 -1  7 -5 -2 -2 -5  1  0 -7 -5 -3 -1 -7 -5 -3    2   3   0   0   2   2  67   0   1   3   1   8   2   0   0   2   4   0   0   2  1.39 0.70
  305 H   -1  1  0  2 -6  0  5 -1  0 -4 -5  1 -4 -3 -4  0 -1 -1 -1 -4    4   6   4  12   0   3  39   4   2   1   0   8   0   1   0   6   4   1   3   1  0.63 0.39
  306 L   -3 -6 -6 -6 -2 -6 -6 -6 -6  5  2 -6  2  4 -4 -4 -3 -4 -2  2    2   0   0   0   1   0   0   0   0  38  21   0   5  17   1   1   1   0   1  13  1.03 0.48
  307 L   -4 -5 -5 -6  1 -5 -6 -7 -3  1  4 -6  2  3 -6 -5 -4  1  5  0    1   0   0   0   3   0   0   0   0   6  46   0   6  13   0   0   0   2  17   6  1.03 0.50
  308 E   -1  1 -2  0 -5  6  2 -3 -3 -6 -5  3 -4 -5 -5  0  0 -6 -5 -4    4   7   1   5   0  37  12   2   0   0   0  16   0   0   0   7   6   0   0   1  0.85 0.50
  309 L    1  1 -2  1 -3  0  2  1 -3 -3  0  1  1 -4 -3  2 -1 -5 -4 -3   12   7   1   6   0   4  13  11   0   1  11  11   3   0   1  16   2   0   0   0  0.23 0.22
  310 L   -6 -7 -8 -8 -4 -7 -7 -8 -7 -1  7 -7 -1 -2 -7 -7 -6 -6 -5 -3    0   0   0   0   0   0   0   0   0   2  94   0   1   1   0   0   0   0   0   1  2.14 0.86
  311 E   -3 -3  1  0 -6 -1  4  5 -4 -6 -7  2 -6 -7 -5 -3 -5 -6 -6 -6    1   1   7   5   0   2  28  43   0   0   0  12   0   0   0   1   0   0   0   0  1.11 0.56
  312 I   -5 -6 -7 -7 -5 -6 -7 -7 -7  5  6 -6 -1  0 -7 -6 -5 -6 -5 -1    0   0   0   0   0   0   0   0   0  27  66   0   0   4   0   0   0   0   0   2  1.60 0.67
  313 P   -1 -5 -5 -5  0 -4 -4 -5  6 -6 -7 -4 -6 -6  8 -1 -3 -7 -3 -5    4   0   0   0   2   1   1   0  16   0   0   1   0   0  66   4   2   0   1   1  2.14 0.86
  314 Y   -2 -6 -6 -7  1 -6 -7 -6  2 -4 -5 -6 -5  4 -7 -5 -6  0  9 -3    4   0   0   0   2   0   0   1   4   1   0   0   0  14   0   0   0   1  71   2  2.44 0.93
  315 Q   -6  8 -4 -6 -5  3 -4 -7  2 -8 -7  0 -5 -8 -7 -5 -6 -7 -6 -7    0  76   1   0   0  13   0   0   5   0   0   4   0   0   0   0   0   0   0   0  2.25 0.92
  316 K   -4 -2 -6 -5 -5 -4 -5 -6 -5  3  0 -1 -2 -4 -6 -5  0 -6 -4  6    1   3   0   1   0   1   0   0   0  17   7   4   1   0   0   0   5   0   0  61  1.25 0.59
  317 V   -3 -3 -6 -7 -3 -5 -6 -7 -6  3  3 -3  2 -4 -6 -3 -2 -6 -4  5    1   1   0   0   0   0   0   0   0  15  31   1   4   0   0   1   2   0   0  42  1.07 0.51
  318 L   -1 -1  3  3 -3  1  2 -3 -2 -2  1  0  0 -4 -4  0 -1 -5 -3 -1    6   3  14  19   0   5  14   1   0   2  15   4   3   0   0   7   2   0   1   4  0.31 0.25
  319 L   -4 -5 -3 -5  1 -4 -6 -6 -4  4  4 -3  6 -3 -5 -5 -2 -5 -4  2    1   0   2   1   3   0   0   0   0  20  33   2  24   0   0   0   2   0   0  12  1.04 0.51
  320 C    1 -5 -4 -6  9 -6 -6 -5 -5 -5 -5 -6 -5 -6  4  0 -4 -7 -5  2   12   0   1   0  46   0   0   0   0   0   0   0   0   0  20   6   0   0   0  13  1.84 0.76
  321 S    2 -4 -3 -4 -3 -4 -4  0 -4 -4 -5 -4 -4 -6 -2  4  5 -6 -4 -3   13   0   0   0   0   0   0   6   0   0   0   1   0   0   1  34  40   0   0   1  1.09 0.61
  322 G   -2 -5 -1 -2 -5  0  0  6 -1 -6 -6 -3 -5 -3 -6 -2 -2 -5 -5 -6    3   0   3   2   0   5   7  68   2   0   0   2   0   2   0   3   2   0   0   0  1.38 0.62
  323 D    0 -4 -2  7 -7 -1  4 -5 -5 -7 -7 -4 -7 -7 -6 -4 -5 -8 -2 -7    8   1   1  63   0   2  22   0   0   0   0   0   0   0   0   1   0   0   2   0  1.78 0.77
  324 T   -4 -6 -7 -7 -1 -6 -7 -7 -6  2  6 -6  6 -3 -7 -5 -1 -6 -5 -2    1   0   0   0   2   0   0   0   0   9  65   0  17   0   0   0   5   0   0   1  1.50 0.67
  325 S   -1 -4  3 -2 -6 -5 -5  6 -5 -7 -7 -4 -6 -7  0  0 -3 -7 -7 -6    4   0  14   2   0   0   0  66   0   0   0   0   0   0   4   8   1   0   0   0  1.54 0.67
  326 F    3 -3  1  1 -4 -1 -3 -3 -1 -2  0 -1 -2  6 -2 -1 -2 -1 -1 -3   24   1   8   7   0   3   1   1   1   2   7   4   1  31   2   3   2   1   1   1  0.53 0.36
  327 S    3 -3 -1 -4 -2 -1 -4  1 -4 -4 -4 -1 -2 -6  4  3  0 -4 -5 -2   25   1   2   0   1   2   0  10   0   0   2   3   1   0  18  26   5   0   0   2  0.65 0.42
  328 S    6 -5 -1 -2 -5  0 -4 -3 -2 -5 -5  0 -1 -6 -5  2 -2 -6 -5 -4   63   0   3   3   0   5   0   1   1   0   0   5   2   0   0  16   1   0   0   0  1.16 0.63
  329 M    4 -1 -4 -5  0 -1 -3 -3  1 -2 -3 -2 -2  0 -5  2 -1 -1  5 -1   39   3   0   0   2   2   1   1   3   2   2   2   1   3   0  13   4   1  18   5  0.64 0.43
  330 K   -4  5 -2 -4 -5 -1 -2 -6 -3 -1 -2  6  1 -3 -5 -4 -5 -7 -4 -5    1  32   1   0   0   2   1   0   0   4   3  49   3   1   0   0   0   0   0   0  1.37 0.66
  331 T   -3 -1 -4 -5  1  2 -3 -3 -5 -5 -6  6  0 -6 -5  0  4 -6 -6 -4    1   1   0   0   3   8   0   1   0   0   0  48   3   0   0   5  28   0   0   0  1.21 0.64
  332 I   -5 -3 -3 -7 -1 -5 -6 -7  1  1 -3 -5 -4  4 -7 -5 -6  0  9 -2    1   2   1   0   1   0   0   0   2   7   3   1   0  14   0   0   0   1  63   3  2.03 0.82
  333 D   -7 -4 -3  9 -8 -5 -3 -5 -6 -8 -8 -6 -8 -8 -6 -5 -3 -9 -5 -8    0   1   0  95   0   0   1   1   0   0   0   0   0   0   0   0   2   0   0   0  2.90 1.07
  334 L   -3 -6 -5 -6  0 -5 -6 -6 -6  6  4 -6  2 -1 -5 -5 -3 -5 -4  2    2   0   0   0   2   0   0   0   0  40  35   0   4   2   0   0   1   0   0  11  1.12 0.50
  335 E   -6 -5 -2 -1 -8 -2  8 -7 -5 -8 -6 -4 -7 -8 -6 -5 -6 -8 -6 -7    0   0   2   3   0   1  93   0   0   0   1   0   0   0   0   0   0   0   0   0  2.58 1.04
  336 L    5 -4 -5 -5  2 -5 -5 -1 -5 -1 -3 -5 -3 -4 -5 -2  0 -6 -3  4   46   0   0   0   5   0   0   5   0   2   2   0   0   0   0   2   6   0   1  31  0.96 0.53
  337 W   -8 -7 -9 -9 -8 -7 -8 -8 -5 -8 -5 -8 -5 -1 -7 -7 -8 13  2 -8    0   0   0   0   0   0   0   0   0   0   1   0   0   2   0   0   0  88   7   0  4.58 1.43
  338 L   -1 -3 -6 -6 -4 -5 -6 -5 -5  0  2 -4  8  5 -6 -1 -4 -4 -2  0    6   1   0   0   0   0   0   0   0   4  18   0  34  24   0   6   0   0   1   5  1.17 0.58
  339 P   -1 -6 -7 -6 -8 -6 -6 -5 -7 -8 -7 -5 -5 -8  9 -5 -5 -9 -6 -6    5   0   0   0   0   0   0   1   0   0   0   0   0   0  92   0   0   0   0   0  3.08 1.12
  340 S    2 -2 -3 -4 -4 -4 -4  5 -3 -5 -6 -3 -5 -2 -4  4 -1 -6 -2 -3   13   2   0   0   0   0   1  45   1   0   0   1   0   2   0  28   3   0   1   2  1.00 0.53
  341 E   -2  4 -3 -2 -1  6  1 -4 -2 -4 -2 -1  0 -2 -3  1 -2 -5 -1 -2    2  24   0   2   2  33   7   0   0   1   4   2   3   1   1  10   2   0   2   3  0.73 0.47
  342 K   -2  0  4  0 -4  2  1  4 -3 -6 -5  1 -5 -6 -5 -2 -3 -6 -5 -5    3   4  22   5   0   8   8  36   0   0   0  10   0   0   0   2   1   0   0   0  0.82 0.45
  343 R    1  3  0  0 -1  1  2  0 -2 -3 -4  3 -2 -4 -3  1  1 -5 -4 -3   13  16   3   4   2   4  11   6   0   1   0  19   1   1   0   9  10   0   0   1  0.35 0.26
  344 F   -7 -7 -7 -8 -5 -7 -7 -8 -2 -6 -6 -7 -6  4 -8 -7 -7  9  9 -6    0   0   0   0   0   0   0   0   1   0   0   0   0  16   0   0   0  24  60   0  2.90 1.04
  345 R   -4  6 -4 -4 -2 -3 -4  4 -4 -2  1  1 -1 -2 -6 -4 -4 -6 -2 -3    0  41   0   0   1   0   0  27   0   2  14   7   2   1   0   1   0   0   1   2  0.94 0.51
  346 E   -6 -4 -5 -3 -9 -2  8 -7 -5 -8 -8 -3 -7 -8 -2 -5 -4 -8 -7 -7    0   1   0   0   0   1  94   0   0   0   0   1   0   0   2   0   1   0   0   0  2.59 1.05
  347 T   -3 -6 -6 -6 -3 -5 -6 -6 -6  5  3 -5 -1 -4 -6 -4  2 -6 -5  4    1   0   0   0   0   0   0   0   0  27  24   0   1   0   0   0  13   0   0  33  1.05 0.50
  348 S   -1 -4 -3 -4  0 -3 -4  0  5 -4 -4 -4 -1 -5 -5  5  3 -6 -4  2    4   0   0   0   2   0   0   6  12   0   1   0   2   0   0  42  15   0   0  15  0.86 0.53
  349 S   -2 -6 -4 -5 -6 -5 -5 -5 -6 -7 -7 -5 -6 -7 -6  8 -1 -8 -3 -6    2   0   0   0   0   0   0   0   0   0   0   0   0   0   0  94   3   0   1   0  2.35 1.02
  350 I    2 -6 -2 -3  9 -5 -6 -4 -6  0 -2 -6 -3 -3 -6 -1  2 -6 -4  1   17   0   2   1  42   0   0   1   0   6   3   0   0   1   0   3  12   0   1  11  1.38 0.60
  351 S   -3 -4 -3 -2 -6 -5 -5 -3 -6 -7 -7 -5 -6 -7 -6  7 -1 -8 -6 -6    1   1   1   2   0   0   0   2   0   0   0   0   0   0   0  91   3   0   0   0  2.18 0.96
  352 Y   -4 -2  8 -1 -4 -4 -4 -5 -2 -2 -3 -4 -2 -5 -6 -1 -1 -2  0 -4    1   2  74   3   0   0   0   0   1   3   3   0   1   0   0   3   3   1   4   1  1.83 0.78
  353 F   -2 -7 -6 -5 10 -6 -7 -7 -6 -3 -1 -7  2  3 -7 -4  1 -6  0 -2    3   0   0   1  58   0   0   0   0   1   5   0   4  12   0   0   9   0   3   3  2.14 0.79
  354 G   -2 -1 -3 -3 -4 -3  1  2  1 -4  0 -1 -3 -5 -5 -1  6 -2 -2 -4    2   4   1   0   0   0   9  13   3   1   9   3   0   0   0   2  51   1   1   0  0.86 0.52
  355 D   -3 -6 -2  8 -5 -4 -1 -5 -5 -7 -8 -5 -7 -8 -5 -1 -1 -8 -7 -6    2   0   1  83   0   0   3   0   0   0   0   0   0   0   0   5   4   0   0   0  2.26 0.88
  356 F   -4 -7 -7 -8 -7 -7 -7 -8 -4 -5 -5 -7 -5  7 -8 -7 -7  4  8 -6    1   0   0   0   0   0   0   0   0   0   0   0   0  48   0   0   0   5  46   0  2.59 0.93
  357 Q   -6 -4 -5 -6 -8  9 -3 -6 -3 -5 -5 -4 -6 -6 -7 -5 -6 -7 -3 -6    0   0   0   0   0  95   0   0   0   1   1   0   0   0   0   0   0   0   1   1  3.03 1.19
  358 G    6 -5 -5 -5 -3 -5 -5 -3 -5 -6 -6 -5 -5 -6 -4  4  1 -7 -6 -5   60   0   0   0   0   0   0   1   0   0   0   0   0   0   0  31   7   0   0   0  1.48 0.72
  359 R   -6  8 -2 -6 -8 -2 -3 -7 -5 -5 -6 -2 -4 -6 -7 -5 -5 -5 -5 -5    0  90   2   0   0   1   1   0   0   1   0   1   0   0   0   0   0   0   0   1  2.59 0.98
  360 R   -3  8 -2 -4 -8 -3 -3 -3 -5 -8 -7  1 -6 -7 -7 -3 -4 -7 -6 -7    2  84   2   1   0   0   2   3   0   0   0   5   0   0   0   1   1   0   0   0  2.30 0.89
  361 A    1 -5 -4 -6 -3 -5 -5 -2 -4  0  5 -5  4 -2 -6 -2 -2 -5 -4 -2   14   0   1   0   1   0   0   4   0   3  60   0  10   1   0   3   2   0   0   1  0.99 0.51
  362 K   -3  0  6  0 -6  1  0  1  3 -5 -4  2 -1 -6 -5 -1 -3 -4 -5 -5    2   5  43   3   0   5   5  11   6   0   2  10   1   0   0   4   0   0   0   0  0.89 0.47
  363 I   -1 -5 -6 -6  0 -5 -6 -6 -6  7  0 -5  1 -4 -6 -3  2 -6 -5  1    6   0   0   0   2   0   0   0   0  58   8   0   3   0   0   1  14   0   0   7  1.24 0.56
  364 R   -5  8 -5 -6 -4 -1 -4 -3 -5 -5 -5  4 -1 -4 -6 -4 -3 -7 -5 -6    0  70   0   0   0   1   0   2   0   1   1  20   2   1   0   0   1   0   0   0  1.93 0.79
  365 Y   -4 -4 -5 -6  2 -5 -5 -6  0 -2 -3 -3 -2  4 -7 -4 -2  0  8  1    1   1   0   0   5   0   1   0   2   2   2   2   1  17   0   1   2   1  53   9  1.62 0.68
  366 K   -4  6 -2 -1 -6  0 -2  0 -2 -4 -4  5 -4 -3 -4 -1 -3 -6 -5 -5    1  42   2   3   0   3   2   9   1   1   1  30   0   1   0   4   1   0   0   0  1.08 0.54
  367 Q   -1  1  0  4 -4  1  1 -2 -1 -3 -4  2 -2 -4  2  0  0 -5 -3 -3    5   7   5  22   0   7   9   3   1   1   1  14   1   1  12   4   7   0   0   1  0.40 0.26
  368 N   -1  0  2  2 -5  1  2  2 -2 -5 -5  3 -4 -5 -1  0  1 -5 -4 -4    4   3  11  14   0   5  11  17   1   0   0  17   0   0   3   5   8   0   0   0  0.43 0.28
  369 D   -1 -1  1  3 -5  0  1  5 -3 -5 -5  1 -3 -6 -2 -1 -2 -6 -5 -5    4   3   6  15   0   4   8  40   0   0   0  10   1   0   2   4   2   0   0   0  0.69 0.37
  370 K   -2  1 -1 -1 -6  1  2  1 -3 -5 -5  5 -2 -5 -1 -1 -2 -6 -5 -5    2   8   3   3   0   6  12  13   0   0   0  42   1   0   2   4   2   0   0   0  0.75 0.43
  371 T   -1  0  2 -3 -3 -1 -2 -3 -3  0  0  3 -1 -3  2  0  2 -5 -3  0    5   6  10   0   0   1   1   0   0   4  12  21   1   0  10   5  16   0   0   8  0.29 0.25
  372 Y   -1  2  0  0 -3  3  3 -1  1 -3 -3  2 -2 -2 -2 -1 -1 -3 -1 -2    4  11   3   4   0  14  20   5   3   1   2  15   0   2   1   4   3   0   3   3  0.32 0.24
  373 F   -5 -6 -6 -7 -6 -5 -6 -7  2 -2  1 -6 -3  7 -2 -5 -3  1  6 -3    0   0   0   0   0   0   0   0   4   1  12   0   0  43   3   0   2   1  30   2  1.62 0.66
  374 A    2 -6 -6 -6  5 -5 -5 -5 -6  0  0 -5 -2 -5  2 -4 -3 -6 -5  6   20   0   0   0  10   0   0   0   0   2   7   0   1   0  10   0   1   0   0  49  1.07 0.55
  375 H   -2 -4 -3 -6 -3 -4 -4 -6 11 -7 -7 -6 -5 -4 -7 -5 -6 -1  3 -7    4   1   1   0   1   0   1   0  83   0   0   0   0   1   0   1   0   1   7   0  3.21 1.10
  376 T   -3 -5 -3 -5  0 -5 -5 -6 -6 -1 -2 -5  5 -5 -5  0  7 -6 -6 -3    2   0   1   0   2   0   0   0   0   3   4   0  13   0   0   5  69   0   0   0  1.68 0.78
  377 I   -4 -6 -3 -7 -5 -6 -7 -6 -5  0  6 -6  0 -3 -7 -6 -5 -6 -4  1    1   0   2   0   0   0   0   0   0   4  81   0   1   0   0   0   0   0   0   9  1.63 0.69
  378 N   -6 -5  9 -1 -7 -5 -5 -2 -4 -8 -8 -5 -7 -7 -7 -2 -5 -8 -2 -8    0   0  91   2   0   0   0   2   0   0   0   0   0   0   0   2   0   0   2   0  2.79 1.02
  379 G    2 -5  2 -3  1 -5 -5  6 -5 -6 -6 -4 -5 -6 -5  1 -4 -6 -6 -5   19   0  10   1   3   0   0  54   0   0   0   0   0   0   0  11   0   0   0   0  1.26 0.57
  380 S   -4 -5 -4 -5  0 -5 -5 -5 -6 -5 -6 -5 -5 -7 -5  4  7 -7 -6 -5    0   0   0   0   2   0   0   0   0   0   0   0   0   0   0  30  67   0   0   0  1.94 0.86
  381 A    5 -5 -4 -5 -1 -4 -4  4 -5 -3  1 -4  1 -4 -4 -2 -4 -5 -5 -1   43   0   0   0   1   0   0  30   0   0  14   0   4   0   0   2   0   0   0   4  0.88 0.47
  382 L    0 -5 -5 -6  6 -5 -5 -5 -5  3  3 -5  2  0 -4 -3  0 -5 -3  2    7   0   0   0  17   0   0   1   0  14  33   0   5   3   1   1   6   0   0  12  0.76 0.38
  383 A    7 -5 -5 -5 -4 -5 -3 -2 -5 -5 -5 -4 -5 -6 -1 -1 -3 -6 -5 -3   88   0   0   0   0   0   1   2   0   0   0   0   0   0   3   2   1   0   0   1  1.86 0.77
  384 I   -2 -5 -3 -5 -1 -4 -5 -5 -4  4  0 -4  0 -2 -3  0  4 -4 -4  4    3   0   1   0   1   0   0   0   0  20   9   0   2   2   1   6  28   0   0  27  0.70 0.40
  385 D   -3 -5 -2 -1 -4  0  1  3 -4 -6 -6 -4 -5 -6  6  1  1 -6 -6 -5    1   0   1   4   0   5   9  23   0   0   0   0   0   0  37  10   9   0   0   0  1.01 0.50
  386 R   -6  9 -3 -6 -8 -2 -5 -7 -5 -5 -7 -2 -6 -8 -7 -5 -6 -8 -6 -7    0  96   1   0   0   2   0   0   0   1   0   1   0   0   0   0   0   0   0   0  2.87 1.03
  387 V    1 -5 -4 -5  1 -4 -4 -4 -5  3  2 -4  2 -2 -3 -2  4  0 -4  2   10   0   0   0   3   0   0   1   0  14  17   0   5   1   1   0  33   1   0  12  0.61 0.38
  388 F   -4 -6 -6 -7 -5 -5 -6 -6 -6  5  4 -6  5  1 -5 -5 -4  0 -3  1    0   0   0   0   0   0   0   0   0  28  45   0  13   4   0   0   0   1   1   6  1.16 0.51
  389 A    2 -4 -5 -6  6 -4 -5 -4 -5  4  0 -4  0 -3 -3 -2 -1 -5 -4  3   19   0   0   0  15   0   0   1   0  29   6   1   1   1   1   2   2   0   0  21  0.80 0.41
  390 A    6 -6 -6 -6  6 -4 -5 -3 -6 -4 -5 -5 -3 -5 -1 -1 -3 -7 -6 -3   72   0   0   0  15   0   0   1   0   1   0   0   1   0   4   4   1   0   0   1  1.61 0.72
  391 L   -5 -7 -7 -7 -5 -6 -7 -7 -7  7  3 -6 -1 -1 -7 -6 -5 -6 -5  1    0   0   0   0   0   0   0   0   0  61  29   0   1   2   0   0   0   0   0   7  1.65 0.65
  392 I   -4 -6 -7 -7 -2 -6 -6 -7 -6  3  5 -6  4 -2 -6 -6 -4 -3 -4  1    1   0   0   0   1   0   0   0   0  14  64   0  10   1   0   0   0   0   0   8  1.35 0.57
  393 E   -5 -5 -5 -3 -8 -3  8 -7 -5 -8 -7 -4 -7 -8 -6 -5 -5 -7 -7 -5    0   0   0   0   0   0  98   0   0   0   0   0   0   0   0   0   0   0   0   1  2.73 1.03
  394 L   -1 -1  4  0 -1  1  0 -1  0 -1 -1  0 -1 -1 -1  0  1 -1 -1  0    5   3  22   4   1   8   4   4   2   3   6   3   1   2   3   6  12   1   2   6  0.15 0.07
  395 N   -4 -3  8 -2 -2 -3 -3  0  2 -5 -5 -3 -4 -2 -4 -3 -3 -3 -1 -4    1   1  70   1   1   1   1   8   4   1   1   1   0   2   1   1   1   0   2   1  1.67 0.61
  396 Y   -3 -3 -3 -5  0 -2 -4 -2  6 -4 -3 -4 -3  3 -5 -4 -4  4  8 -3    2   1   1   1   2   1   1   3  17   1   2   1   0  11   1   1   1   5  48   1  1.52 0.58
  397 D   -3 -2 -2  1 -5  9 -2 -6 -4 -7 -4 -2 -5 -7 -6 -4 -4 -4 -4 -5    1   1   2   7   0  81   1   0   0   0   2   1   0   0   0   0   1   0   1   1  2.24 0.92
  398 S   -3  1  2 -1 -5  5  1 -3 -3 -3 -2  0 -2 -3 -1 -1  3 -5 -4 -4    1   8  10   3   0  32   8   1   0   1   4   4   1   1   3   2  19   0   0   0  0.63 0.41
  399 K    3 -2 -2  0 -4 -1  4 -3 -3 -4 -4  3 -4 -5  2 -1 -2 -6 -4 -2   23   1   1   5   0   2  30   1   0   0   1  19   0   0  10   4   1   0   0   2  0.65 0.40
  400 N   -4 -2  1  7 -7 -3  1 -2 -4 -5 -6 -1 -5 -6 -5 -2 -2 -7 -6 -6    1   2   6  68   0   0   9   4   0   0   0   4   0   0   0   2   3   0   0   0  1.62 0.67
  401 E   -3 -3 -1 -4 -6 -2 -3  7 -4 -7 -6 -1 -3 -7 -6 -4 -5 -6 -6 -6    1   1   3   1   0   2   2  84   0   0   0   3   1   0   0   0   0   0   0   0  1.99 0.76
  402 L   -1  1 -1 -2  0 -2 -1  0 -2 -2 -2  0 -2 -2 -3  4  2 -2 -2 -1    3   8   3   2   2   1   3   6   1   2   3   5   0   2   1  41  14   0   1   3  0.44 0.31
  403 I   -4 -6 -7 -7 -5 -6 -6 -7 -7  6  0 -6 -2 -2 -6 -6 -4 -6 -5  6    0   0   0   0   0   0   0   0   0  41   6   0   0   1   0   0   0   0   0  51  1.65 0.66
  404 K   -1  3  0 -1 -3  0  1 -3  1  0 -1  2 -1 -3 -3 -1  1 -1 -2  1    6  19   5   2   0   3   8   0   3   5   7  16   1   0   0   2   8   1   1  12  0.22 0.19
  405 I   -5 -7 -7 -7 -5 -6 -7 -7 -7  6  1 -6 -1 -3 -6 -6 -4 -6 -5  5    0   0   0   0   0   0   0   0   0  49  11   0   1   0   0   0   0   0   0  39  1.60 0.64
  406 P   -6 -7 -7 -7 -8 -6 -6 -7 -7 -8 -8 -6 -8 -9  9 -6 -6 -9 -8 -8    0   0   0   0   0   0   0   0   0   0   0   0   0   0 100   0   0   0   0   0  3.57 1.19
  407 E   -1  0 -2  1 -6  1  5 -3 -4 -5 -5  4 -4 -6 -1 -1 -2 -6 -5 -4    4   4   1   8   0   4  42   1   0   0   1  25   0   0   3   4   3   0   0   1  0.88 0.47
  408 K    3 -5 -5 -6  2 -5 -5 -5 -6  1 -3 -1 -3 -5  1 -3 -3 -6 -5  6   28   0   0   0   4   0   0   0   0   5   1   3   0   0   7   0   1   0   0  51  1.05 0.54
  409 L   -5 -7 -8 -8 -6 -7 -7 -8 -7 -2  7 -7 -1 -3 -7 -7 -5 -6 -5 -3    0   0   0   0   0   0   0   0   0   1  98   0   0   0   0   0   0   0   0   0  2.23 0.84
  410 V   -3  6 -4 -4 -6  5 -1 -5  2 -1 -4  1 -3 -5 -5 -4 -3  1 -5  1    1  41   0   0   0  26   2   0   4   3   1   8   0   0   0   0   1   2   0  11  1.09 0.55
  411 P   -2  0 -4 -2 -5 -1 -1 -3 -3 -6 -6  3 -5 -6  7  0 -3 -7 -6 -5    3   4   1   2   0   2   4   2   0   0   0  19   0   0  54   7   1   0   0   0  1.46 0.62
  412 Y   -4 -4 -7 -8 -7 -6 -7 -8 -2 -5 -2 -5 -2  4 -8 -6 -6  5  9 -6    1   1   0   0   0   0   0   0   0   0   3   0   1  15   0   0   0   7  71   0  2.54 0.91
  413 F   -4 -6 -6 -7  0 -5 -6 -7 -6  1  2 -6  9  0 -6 -4  0 -1 -2  1    1   0   0   0   2   0   0   0   0   6  20   0  51   4   0   1   5   1   2   8  1.54 0.65
  414 G   -3 -3  2  1 -4 -1 -4  6 -1 -5 -5 -2 -2 -4 -1 -2 -4 -6 -4 -6    1   1  10   7   0   3   1  65   1   0   1   3   1   1   3   2   0   0   0   0  1.27 0.54
  415 S   -2 -3  0 -2 -2 -2 -3  5 -4 -2 -2  1  0  3 -4 -2  0 -5 -3 -2    2   1   5   2   1   2   1  48   0   2   4  11   2  11   0   1   5   0   0   2  0.70 0.38
  416 S   -1  2  0  3 -3  1  2 -3 -2 -1 -1  3  0 -4 -3  0  0 -5 -4 -1    3  11   3  17   0   7  14   1   0   4   5  18   3   0   1   6   4   0   0   3  0.32 0.22
  417 Q   -2  1 -2  0 -4  0  4 -4 -2 -1 -2  3 -2 -1 -3 -1  2 -4 -2  1    1   7   0   3   0   2  29   0   1   3   3  19   1   3   0   4  14   0   1   9  0.42 0.30
  418 I   -3 -4 -5 -6 -3 -5 -4 -6 -5  6  2 -5  0  0 -6 -5 -2 -4 -2  3    1   1   0   0   0   0   1   0   0  53  15   0   2   4   0   0   1   0   1  19  1.08 0.45
  419 A   -1  0 -3 -2 -3 -2  0  1 -3  4  0  0  0 -2 -1  0  1 -4 -3  0    3   5   0   1   0   1   6  14   0  30   9   5   1   1   2   6  12   0   0   4  0.21 0.20
  420 R   -1  4 -3 -3 -5 -2 -1 -1 -3 -4 -4  4 -4 -2  5 -2 -1 -5 -2 -4    4  21   0   0   0   0   4   5   0   1   0  27   0   2  29   1   3   0   1   1  0.84 0.36
  421 K   -3  4 -3 -3 -6  1  1 -4 -3 -5 -5  6 -4 -6 -4 -3 -3 -5 -4 -5    0  22   0   0   0   3   8   0   0   0   0  67   0   0   0   0   0   0   0   0  1.37 0.44

                      K         Lambda
Standard Ungapped    0.1372     0.3174
Standard Gapped      0.0410     0.2670
PSI Ungapped         0.2137     0.3176
PSI Gapped           0.0654     0.2670
