
Last position-specific scoring matrix computed, weighted observed percentages rounded down, information per position, and relative weight of gapless real matches to pseudocounts
           A  R  N  D  C  Q  E  G  H  I  L  K  M  F  P  S  T  W  Y  V   A   R   N   D   C   Q   E   G   H   I   L   K   M   F   P   S   T   W   Y   V
    1 M   -1 -2 -3 -3 -1 -1 -3 -3 -3  3  2 -2  4  0 -3 -2 -1 -2 -1  3    0   0   0   0   0   0   0   0   0  17   0   0  46   0   0   0   0   0   0  37  0.30 0.02
    2 L   -2 -4 -5 -5 -2 -3 -4 -5 -4  3  5 -4  2 -1 -4 -4 -2 -3 -2  2    0   0   0   0   0   0   0   0   0  13  73   0   3   0   0   0   0   0   0  10  0.80 0.21
    3 A    0 -5 -4 -5 -5 -4 -5 -5 -5 -6 -1 -3 -2 -6 -5  6  3 -7 -6 -5    7   0   0   0   0   0   0   0   0   0   8   1   1   0   0  67  15   0   0   0  1.45 0.79
    4 G    4 -5 -4 -5  6 -4 -4  1  3 -5 -5 -4 -5 -6 -5  3  2 -6 -5 -4   34   0   0   0  14   0   0  10   7   0   0   0   0   0   0  23  13   0   0   0  0.99 0.59
    5 V    6 -5 -5 -6 -5 -2 -2 -3 -3 -1 -3 -2 -1 -6 -5 -1 -3 -6 -1 -1   75   0   0   0   0   1   3   1   1   3   2   2   1   0   0   4   1   0   3   4  1.38 0.75
    6 L   -1 -5 -5 -6 -1 -1 -5 -7 10 -4  0 -4 -3 -2 -7 -5 -6 -7 -1 -3    6   0   0   0   2   2   0   0  72   1  10   1   0   2   0   0   0   0   1   2  2.53 1.05
    7 L   -1 -6 -6 -7 -5 -6 -6 -4 -6  5  3 -6  2 -4 -6 -5 -4 -6 -5  5    4   0   0   0   0   0   0   1   0  28  27   0   4   0   0   0   0   0   0  35  1.13 0.58
    8 L   -4 -6 -7 -7 -2 -3 -3 -5 -6 -2  5 -3  7 -2 -7 -6 -1 -6 -5 -1    1   0   0   0   1   1   2   1   0   1  60   2  24   1   0   0   3   0   0   3  1.42 0.73
    9 Q    6 -2 -4 -5 -5 -2 -1  3 -1 -6 -6 -4 -5 -7 -5 -2 -3 -7 -6 -5   63   2   0   0   0   2   3  24   1   0   0   1   0   0   0   2   1   0   0   0  1.38 0.76
   10 I    1 -1 -2 -1 -3  5  2 -4  1 -2 -1 -1  2 -1 -4  0 -2 -1  2 -2   12   2   2   2   0  26  15   0   3   2   5   2   6   2   0   5   2   1   7   3  0.43 0.38
   11 W    7 -6 -3 -6 -3 -5 -4 -3 -6 -3 -3 -5 -4 -4 -5  0 -3  3 -4 -2   76   0   1   0   0   0   1   1   0   2   2   0   0   1   0   7   1   4   0   3  1.55 0.83
   12 L   -2 -5 -4 -6  0 -4 -3 -5 -6  3  2 -4  2 -4 -3 -4 -3 -6 -4  5    3   0   1   0   2   0   2   0   0  14  22   1   5   0   1   1   1   0   0  47  0.99 0.55
   13 K   -3  0 -3 -3 -3  3  3 -4 -2 -2  1  4  2 -5 -4 -2 -1 -5 -4 -2    1   4   0   0   1  14  20   0   1   3  13  30   5   0   0   3   3   0   0   3  0.64 0.47
   14 C   -1  4  0  1 -1  3  3 -4 -1 -2 -3  2 -2 -2 -4 -1 -1 -5 -2 -4    4  20   5   6   1  11  23   0   1   2   3  12   1   2   0   4   4   0   1   1  0.48 0.36
   15 K   -3 -1 -3 -5  0 -2 -2 -5  1  2  4  1  1  0 -3 -4 -2 -4 -2  0    1   3   1   0   2   1   3   1   3  11  49   9   3   4   1   0   2   0   1   4  0.61 0.40
   16 Y   -6 -4 -4 -4 -4 -6 -6 -4 -1 -4 -4 -4 -1  6 -7 -4 -6  6  8 -5    0   1   1   1   0   0   0   2   1   1   1   1   1  34   0   1   0   9  44   0  1.97 0.88
   17 A   -1 -5 -3 -3 -3 -4 -3  1 -5 -5 -4  0 -5 -5  8 -3 -4 -6 -4 -5    5   0   1   1   1   1   2  12   0   1   2   5   0   1  63   1   1   0   1   1  1.69 0.76
   18 N   -2 -2  2  3 -4  0  2  3 -1 -6 -5  2 -4 -5 -3  0 -2 -6 -5 -5    2   1   9  18   0   4  15  26   1   0   1  12   0   0   1   7   2   0   0   0  0.61 0.41
   19 V    4 -4 -4 -4  3 -4 -3 -1 -5  0 -1 -4 -2 -2 -4  0  2 -5 -1  3   36   1   0   1   7   0   1   4   0   6   5   0   1   1   0   5  13   0   2  18  0.55 0.42
   20 Q   -2  0 -2 -2  0  3  0 -4  3 -4  0  6 -3 -4 -3 -1 -2 -5 -2 -3    3   4   1   2   2  11   6   1   6   1   8  45   0   0   1   4   2   0   1   1  0.75 0.49
   21 F   -4 -4 -5 -6 -4 -5 -6 -7 -2  3  5 -4  1  3 -1 -4 -4 -3 -1  1    1   1   0   0   0   0   0   0   1  13  51   1   2  13   4   1   0   0   2   9  0.93 0.51
   22 G    3 -3 -3 -2  4 -5 -5  4 -5 -4 -5 -5 -3 -5 -5 -2  3 -1 -2 -1   23   1   1   2   9   0   0  35   0   1   0   0   0   0   0   2  19   1   1   5  0.88 0.54
   23 E   -3 -4 -4 -3 -3 -3 -2 -3 -1  6 -1 -2  1  1  2 -2 -2 -5  0  1    1   0   1   1   0   1   2   2   2  45   4   3   3   5   9   3   2   0   4   9  0.68 0.44
   24 H   -2 -4 -4 -3  2 -4 -5  7 -3 -2 -5 -6 -3 -3 -2 -2 -4 -3 -4 -4    3   1   0   1   4   1   1  75   1   3   1   0   1   1   2   2   1   0   1   1  1.66 0.78
   25 G   -4 -5 -2 -3 -4 -2 -4  0 -2 -4 -6 -4 -6 -5  8 -2 -1 -8 -7 -5    1   0   2   1   0   2   1   7   1   1   1   1   0   1  72   3   4   0   0   1  2.05 0.94
   26 F    3 -2 -3 -2 -4 -3 -2 -4 -4 -2 -1 -3 -3 -1  4  0  1  2 -2  2   27   2   1   2   0   0   2   0   0   2   5   1   0   2  23   5   8   3   1  15  0.54 0.40
   27 N   -4 -2 -1 -2 -4 -3 -2 -4 -2  6  0 -4 -3 -3 -5 -2  3 -5 -2  1    0   3   3   2   0   1   2   1   1  46   8   1   0   1   0   3  18   0   1   8  0.80 0.49
   28 G   -1 -3 -2  4 -7 -1  6 -2 -1 -6 -5  1 -4 -7 -3 -2 -3 -7 -3 -5    6   1   1  20   0   2  51   4   2   0   1   7   0   0   1   2   1   0   1   0  1.12 0.64
   29 D   -4 -2  5  5 -3  0  2 -1  1 -6 -6 -2 -4 -4 -3 -1 -1 -6 -2 -5    1   2  30  27   1   4  14   4   3   0   0   2   0   1   1   4   4   0   2   0  0.89 0.53
   30 E   -4 -4 -5 -4 -7 -3 -1  7 -7 -6 -8 -4 -7 -5 -7 -4 -5 -4 -8 -8    0   1   0   1   0   1   5  88   0   1   0   1   0   0   0   1   1   0   0   0  2.28 0.99
   31 F   -5 -8 -8 -9 -3 -8 -8 -8 -6 -2 -3 -7 -4  9 -9 -6 -7 -2  0 -5    1   0   0   0   1   0   0   0   0   2   1   0   0  91   0   0   0   0   1   1  3.11 1.21
   32 Y   -7 -2 -7 -8 -7 -5 -5 -8  0 -6 -6 -7 -6  4 -8 -4 -6 -1  9 -6    0   2   0   0   0   1   1   0   2   0   0   0   0  16   0   2   0   1  75   0  2.80 1.16
   33 L   -5 -7 -6 -8  3 -4 -7 -7  0 -3 -3 -7 -6  1 -8 -7 -6 -3 10 -3    1   0   0   0   5   1   0   0   1   2   3   0   0   4   0   0   0   0  80   2  2.83 1.20
   34 D   -6 -6 -4  8 -8 -4  1 -5 -6 -8 -8 -6 -8 -5 -6 -5 -4 -9 -5 -8    1   0   0  87   0   1   8   1   0   0   0   0   0   1   0   0   1   0   1   0  2.66 1.15
   35 F   -3 -7 -7 -6  1 -7 -7 -5 -3  3 -2 -7  4  8 -7 -4 -4 -4 -1  1    3   0   0   0   3   0   0   1   1  14   2   0  10  54   0   1   1   0   1   9  1.59 0.77
   36 Y    0 -2 -1  5 -6 -1  2 -3  1 -4 -1  0 -4  1 -5 -2 -4 -2  3 -4    8   2   2  37   0   2  10   2   3   1   6   6   0   7   0   2   0   1  10   1  0.66 0.46
   37 I   -2 -1 -2 -4 -1 -4 -4 -3 -4  1  3 -3  3  3 -2 -1  0 -3  0  1    2   4   2   1   1   0   1   2   0   7  32   1   8  14   2   4   6   0   3   9  0.41 0.30
   38 N   -2 -3  2  4 -6 -1  2  2 -2 -5 -4  0 -4 -5  4  0 -2 -6 -4 -5    3   1   8  19   0   3  16  14   1   1   1   5   0   0  20   6   1   0   0   1  0.63 0.43
   39 E   -2  3  0  1 -4  1  3 -2  3 -2 -2  2 -4 -3 -2 -1  0 -5 -2 -2    2  18   4   9   0   4  19   2   7   2   4  14   0   1   1   3   5   0   1   2  0.39 0.31
   40 N   -1  0  1 -2 -5  0 -1  0 -1 -4 -4  2 -4 -4  5  1  2 -6 -5 -3    5   5   7   2   0   3   4   7   2   1   1  13   0   1  25  11  14   0   0   1  0.54 0.40
   41 F   -4 -5 -7 -5 -5 -6 -6 -7 -6  4  3 -6 -2  5 -4 -5 -4 -3 -3  2    1   1   0   0   0   0   0   0   0  26  29   0   0  24   1   1   1   0   0  15  1.14 0.60
   42 S   -2 -1  1 -2 -4 -1 -2 -2 -3 -3 -4  1 -3 -6 -3  4  5 -7 -6 -2    2   3   7   2   0   2   2   3   1   1   2   7   1   0   1  33  31   0   0   2  0.80 0.58
   43 T   -2 -2 -1  2 -6  1  4 -4 -2 -3 -2  0 -4 -3  4  0 -1 -6 -5 -3    3   2   3  11   0   5  28   1   1   2   4   5   0   1  22   7   3   0   0   2  0.64 0.46
   44 K    0 -2  1  3 -6 -1  5 -2 -1 -5 -4  1 -3 -6 -4  0  0 -7 -6 -5    9   1   6  18   0   2  37   2   1   1   2   8   1   0   1   5   5   0   0   0  0.73 0.52
   45 Q   -5 -4 -1  8 -8  0  2 -4  0 -5 -7 -4 -5 -5 -6 -3 -4 -8 -5 -6    1   1   2  73   0   3  10   1   3   1   0   0   0   1   0   1   1   0   0   1  2.04 0.97
   46 F   -5 -4 -7 -8 -2 -6 -6 -8 -4  0  6 -5 -1  4 -7 -5 -6 -1  1 -2    0   1   0   0   1   0   0   0   0   4  65   1   1  18   0   1   0   1   4   2  1.46 0.74
   47 A    0 -1  0  0 -5  0  3 -1 -1 -3 -2  3 -4 -4  4 -1 -2 -6 -3 -2    8   2   3   4   0   4  17   4   1   1   4  18   0   0  20   5   2   0   1   3  0.46 0.36
   48 K    2  2 -1  0 -3  0  1 -3 -2 -2 -2  4 -3 -4 -1 -2 -1 -1 -3 -1   16   9   2   6   0   4   9   1   1   3   5  30   0   1   3   2   3   1   1   3  0.39 0.33
   49 I   -5 -7 -8 -8 -6 -7 -8 -8 -8  7  3 -7 -1 -3 -7 -7 -4 -7 -6  0    1   0   0   0   0   0   0   0   0  67  24   0   1   1   0   0   1   0   0   5  1.96 0.89
   50 E   -4 -4 -4 -2 -8  0  7 -5 -5 -4 -5 -1 -4 -8 -6 -2 -2 -1 -7 -5    2   1   0   2   0   4  77   1   0   1   1   4   0   0   0   2   3   1   0   1  1.90 1.01
   51 S    1  0  0  0 -4  2  2 -3 -3 -4 -4  5 -4 -6 -4  0 -1 -6 -5 -3   13   5   5   4   0   8  11   2   1   1   1  38   0   0   0   5   4   0   0   2  0.67 0.48
   52 D   -1  3 -2 -2 -3  0  4 -3  0 -1 -1  4 -2 -3 -5 -3 -2 -4 -2 -2    4  17   1   1   1   3  25   2   2   4   7  23   1   1   0   1   2   0   1   2  0.56 0.42
   53 L    0 -7 -7 -8  2 -6 -7 -7 -7  0 -1 -7 10 -1 -7 -4 -4 -7 -3 -1    8   0   0   0   4   0   0   0   0   6   3   0  68   3   0   1   1   0   1   4  2.46 1.14
   54 N    0  4  1 -1 -5  1  0 -3  2 -2 -2  4 -2 -4 -4 -1 -1 -1 -3 -3    7  20   6   3   0   7   5   1   4   3   4  29   1   1   0   3   3   1   1   1  0.53 0.39
   55 S   -1  2 -1 -1 -4  1  4 -3 -1 -5 -5  5 -5 -3 -5 -2 -2 -4 -3 -5    5  10   3   3   0   6  29   1   1   0   0  30   0   1   0   3   3   0   1   1  0.83 0.56
   56 L   -1 -5 -4 -6 -3 -3 -4 -6 -2  6  3 -5  0  0 -6 -3 -3 -6 -2  1    5   1   1   0   0   1   1   1   1  48  25   1   2   3   0   2   1   0   1   7  1.09 0.58
   57 S    2 -3 -6 -6  1 -3 -5 -6 -6  6  0 -3  0 -2 -6 -2 -2 -6 -3  3   16   1   0   0   2   1   0   0   0  38   7   2   2   2   0   3   2   0   1  21  0.87 0.52
   58 S    2  1  1 -1 -6  1 -1 -2 -2 -4 -5  5 -3 -6 -3  1 -2 -6 -5 -5   14   7   7   3   0   5   4   3   1   1   1  41   0   0   1  10   1   0   0   0  0.76 0.52
   59 K    1  2 -1 -1 -5  3  4 -2 -2 -4 -3  3 -2 -5 -4  0 -2 -5 -4 -4   11  11   3   3   0  14  24   3   1   1   3  15   1   0   0   6   2   0   0   1  0.52 0.41
   60 L   -2  0  5  3 -3 -2 -3  1 -1 -6 -5  4 -5 -5 -4 -1 -3  1 -5 -5    3   4  28  18   1   2   1   9   2   0   1  22   0   1   1   4   1   2   0   1  0.85 0.54
   61 E   -2 -2 -2 -1 -3  4 -1 -4  4 -1  3 -2 -1  0 -1 -2 -2 -2  2 -2    3   2   2   3   1  21   4   1   9   4  27   1   1   3   3   3   2   0   7   2  0.44 0.36
   62 G    0  1 -1  0 -2 -1  1 -3 -3 -3 -3  3 -4 -3  5 -1 -1 -6 -4 -1    6   7   2   5   1   3   9   2   0   1   2  16   0   1  31   5   3   0   1   4  0.62 0.42
   63 I   -4 -6 -5 -6 -5 -6 -6 -6 -5  4  0 -6  1  7 -4 -5 -4 -1  0  0    2   0   1   0   0   0   0   0   0  22   7   0   3  50   1   1   1   1   2   7  1.51 0.72
   64 S   -2  0 -1 -2 -2  0  4 -4  0  1 -3  1 -4 -3 -3 -1  1 -3 -2  2    3   5   2   1   1   4  32   1   2   9   2   9   0   1   1   5   8   0   2  13  0.46 0.38
   65 Q   -4  7 -3 -5 -1  1 -3 -4  1 -3 -3  3 -1 -2 -4 -3 -2 -3  0 -4    1  53   1   0   1   5   1   2   3   2   3  14   2   2   1   1   3   0   3   2  1.20 0.67
   66 K   -1  1 -2 -2 -2  0  2 -3  0  0  1  1  0  1 -3  0 -1 -4 -1  0    5   8   1   1   1   3  18   2   3   7  13  11   2   5   0   7   4   0   2   6  0.14 0.18
   67 F   -2 -2 -1  1 -1  0  5 -5 -2 -1 -2  0  0 -2 -2 -1  0 -1 -2  2    3   1   3   7   1   3  37   0   1   3   3   5   2   2   2   4   5   1   1  14  0.48 0.39
   68 V   -2 -3 -3 -5 -2 -3 -3 -4  0  3  2 -2  3  0 -4 -3 -1  2 -1  4    3   1   1   0   1   1   1   1   2  14  17   3   8   3   1   2   4   3   2  31  0.53 0.34
   69 S   -2 -2 -1  1 -5 -3 -1 -2 -3 -3 -4 -1 -5 -5  3  5  3 -6 -3 -4    2   2   3   9   0   1   4   3   1   1   1   4   0   0  13  37  18   0   1   1  0.73 0.53
   70 L   -1  5 -2 -2 -3 -1 -1 -4 -1  1 -2  4 -2 -1 -1 -2 -2  0 -1 -1    5  29   2   2   1   2   3   1   1   8   4  24   1   3   3   1   2   1   2   5  0.53 0.37
   71 D    1 -2  0  4 -3  1  4 -2 -1 -4 -4  1 -4 -2 -2 -1 -2 -5 -3 -3   10   1   4  21   1   7  31   2   1   1   1   7   0   2   2   4   2   0   1   2  0.56 0.40
   72 E   -1 -2 -1  2 -6  3  6 -3 -1 -3 -4  1 -4 -2 -4 -2 -2 -5 -5 -2    6   2   2  12   0  11  45   1   1   1   2   6   0   2   0   3   2   0   0   3  0.84 0.53
   73 A    6 -5 -2 -5 -1 -3 -4 -1 -5 -1  0 -4 -1 -5 -5 -2 -2 -5 -1 -1   66   0   2   0   1   1   0   4   0   3   9   0   1   0   0   2   2   0   3   4  1.09 0.65
   74 L   -2  2 -2 -2 -4  0 -1 -3 -2  3  3  1  0 -1 -4 -2 -2 -4 -1  1    3  12   1   2   0   4   4   1   1  16  28  11   2   2   0   1   2   0   1   8  0.28 0.25
   75 S    0  1  0  1 -5  0  4 -3 -1 -2 -3  3 -2 -5 -2  0 -2 -1 -4 -3   10   7   5   9   0   4  26   1   1   2   3  20   1   0   2   5   2   1   0   2  0.43 0.34
   76 F   -2  1 -2 -3 -2 -2 -1 -3  0  1  2  0  4  1 -4 -2 -1  1  2  0    2   9   1   1   1   1   4   1   3  10  23   5  14   6   0   3   4   2   6   4  0.28 0.25
   77 F   -2 -5 -2 -5 -5 -2 -3 -5 -1  0  1 -5  1  7 -5 -3 -3  1  2 -2    4   0   2   0   0   2   2   0   2   4  15   0   3  51   0   2   2   2   6   3  1.16 0.57
   78 E    1  2 -1  0 -1  2  1 -1  1 -3 -3  3 -1 -2 -2  1 -1 -4 -3 -2   11  12   3   4   1   8   8   4   3   2   2  21   2   2   2   9   3   0   0   2  0.28 0.24
   79 N   -2 -1  2  3 -4  1  1  2  1 -4 -2  0 -3 -1 -3  0 -1  1  1 -2    3   3  12  18   0   5   8  18   4   0   3   6   0   2   0   5   3   2   6   3  0.30 0.24
   80 D    0  0  4  1 -5  3  4 -1  2 -5 -5  0  1 -5 -4 -1 -1 -5 -5 -5    7   5  17   7   0  12  24   4   4   0   1   5   4   0   0   5   4   0   0   0  0.58 0.38
   81 Q   -1  0  0  0 -4  0  1  0  1 -1 -2  1  0 -1  4 -1 -1  2  0 -2    5   5   5   5   0   3  11   8   3   3   3   8   3   3  18   3   4   3   3   3  0.21 0.17
   82 F   -5 -5 -6 -7 -4 -3 -5 -7  0 -3  0 -6 -3  6 -7 -6 -6 -1  8 -3    1   1   0   0   0   1   1   0   2   1  10   0   0  31   0   0   0   0  49   2  1.97 0.87
   83 T   -3  0 -3 -3 -7  0 -3 -6 -5 -4 -3  8 -3 -7 -6 -4 -3 -7 -3 -5    2   3   1   1   0   4   1   0   0   1   2  80   1   0   0   0   1   0   1   1  1.98 0.95
   84 K   -1 -1 -4 -4  1  2 -2 -4 -2  2  3  0  0 -2 -4 -2 -1 -4 -1  2    5   2   0   0   3   9   3   0   1   9  33   7   1   1   0   2   4   0   2  17  0.37 0.30
   85 N   -2  0  0  2 -7  2  6 -5  3 -5 -4 -2 -4 -4 -5 -1 -3 -2  0 -5    3   6   5   8   0   7  50   0   7   1   1   2   0   0   0   4   1   1   4   0  1.00 0.61
   86 L   -2 -1 -4 -6 -4 -2 -5 -6 -1  4  4 -3  0  1 -5 -4 -2  0  2 -1    3   3   1   0   0   2   0   0   2  25  41   1   2   5   0   1   2   1   6   3  0.72 0.44
   87 L   -1 -6 -6 -4 -2 -4 -5 -7 -6  6  3 -5  1 -2 -6 -5 -4 -6 -3  1    5   0   0   1   1   1   0   0   0  53  26   1   3   1   0   0   0   0   1   8  1.27 0.63
   88 K   -1  1  3  2 -5  2  3 -3  1 -4 -3  3 -3 -5 -4  0 -2 -5 -4 -4    5   6  13  13   0   7  22   2   3   1   2  17   1   0   0   7   2   0   0   1  0.53 0.38
   89 K   -1  0  1  4 -4  1  4 -1 -2 -4 -3  1 -3 -5 -4  0 -1 -5 -4 -4    4   5   7  20   0   6  28   4   0   1   3   9   0   0   0   6   4   0   0   0  0.55 0.38
   90 S    0 -1  0 -2 -3 -1 -1 -3 -1  2  2  2  1  0 -3 -1 -1 -3  0  0    7   3   4   1   0   2   4   2   1  17  22  16   3   4   0   5   4   0   3   3  0.17 0.18
   91 N    0 -2  1  0 -3 -1  1  0 -1  1 -2  0 -2 -1  4  0 -1 -4 -2  1    7   1   6   5   0   3   8   6   2   9   3   7   1   3  20   6   2   0   1   9  0.22 0.17
   92 L    1 -1 -1  0 -3  0  2 -1 -2  1 -1  1  0 -1  1  0  0 -3 -2  0   12   2   2   5   0   4  14   5   1   9   7  12   2   3   7   5   4   0   1   7  0.09 0.11
   93 N   -2 -1  2  3 -3 -1  2  1  0 -3 -5  1 -4 -5  2  0 -1 -5 -2 -4    1   3   9  19   1   2  16  13   2   1   1  10   0   0   9   8   4   0   1   0  0.41 0.30
   94 K   -2 -2  1  3 -2  0  3  3 -3 -3 -5  0 -3 -4 -3  0  0 -5 -2 -3    3   1   7  19   1   4  20  22   0   2   1   7   0   0   1   5   5   0   2   2  0.50 0.35
   95 F    1 -2  1  1 -2  0  2  1 -2 -1 -2  0 -2  0  2  0  0 -3 -1 -1   11   1   8   7   0   4  15  10   1   3   3   6   0   5   8   5   6   0   2   5  0.13 0.13
   96 K   -1  0  0 -1 -2  1  1 -2 -1  0 -2  2  0 -2  1  1  2 -3 -1  0    4   4   4   2   0   5  10   3   1   5   4  15   2   1   6  10  17   0   2   6  0.15 0.17
   97 I   -1 -5 -2 -5 -2 -4 -3 -5 -5  5  2 -4 -1 -1 -4 -2  1 -5 -4  4    4   0   2   0   1   1   2   1   0  30  15   1   1   3   1   3   9   0   0  27  0.67 0.40
   98 T   -1 -3 -1 -1 -4 -3 -4 -1 -3  0 -3 -2 -3 -2 -3  4  5 -2  0 -1    3   1   3   2   0   0   0   5   0   5   2   1   0   2   1  33  33   0   3   3  0.69 0.50
   99 F   -1 -4 -4 -4  1 -3 -3 -5 -2  3  2 -3 -1  4 -5 -3 -1 -1  0  3    5   0   1   0   2   1   1   0   1  19  16   1   1  18   0   2   4   1   3  24  0.55 0.34
  100 F   -5 -5 -5 -7  2 -6 -4 -6 -1 -2 -4 -3 -4  2 -7 -3 -5 -2  9 -3    1   1   0   0   5   0   1   1   1   3   1   2   0   6   0   2   0   0  74   1  2.39 1.03
  101 E   -2  5  0  0 -2  1  0 -3  1 -3 -3  3 -4 -3 -4 -1  0 -1  0 -3    3  30   4   5   1   6   6   2   3   1   2  20   0   1   0   5   5   1   3   1  0.51 0.36
  102 N   -3 -3  3 -1  7  4 -2 -1  2 -1 -1 -2  0 -4 -4 -1  0 -5 -3 -2    0   1  16   4  21  18   2   4   6   4   6   1   2   1   0   4   7   0   0   2  0.65 0.44
  103 K   -3 -4  0  0 -6 -3 -1  6 -2 -4 -4  0 -5 -1 -4 -2 -3 -6 -5 -4    1   1   4   5   0   1   3  67   1   1   2   5   0   2   1   2   1   0   0   1  1.29 0.63
  104 H   -2 -3  2  4 -4 -1  3 -2  2 -2 -5 -1 -3 -4  3  0 -1 -5  0 -4    3   1  11  27   0   2  16   3   4   2   0   3   0   0  13   5   4   0   3   1  0.57 0.38
  105 F   -3 -3 -3 -2 -4 -3 -1 -3 -2  0  1 -4 -1  7 -3 -2 -2  1  2  0    1   1   1   3   0   1   5   2   1   5  14   1   1  42   1   4   2   1   6   6  0.75 0.42
  106 W   -1 -1  0  0  0 -1 -1 -1  0  1  0 -1  0  1 -1  0  0  4  1  0    5   2   4   4   2   2   4   3   2  10  11   4   3   9   3   6   7   7   4   8  0.06 0.05
  107 I   -1 -2 -2  1  0 -2 -2 -1 -2  3  0 -2  0  1 -2 -1 -1  2 -1  3    4   1   1   8   2   2   2   5   1  21   9   2   1   7   2   4   2   3   2  22  0.20 0.17
  108 E   -3 -3 -1  6 -5 -1 -1 -3 -1 -1 -3 -2 -3 -4  2 -2  0 -4 -4 -1    1   1   1  53   0   2   3   2   1   4   3   2   1   1  10   2   6   0   1   6  0.97 0.52
  109 D   -3 -3 -1  3 -1 -3 -4 -4  1 -1  5 -4  1  0 -2 -3 -2 -4 -3 -1    2   1   2  19   1   1   0   1   4   2  52   0   3   3   2   2   2   0   1   3  0.70 0.44
  110 L   -2 -6 -6 -5 10 -6 -4 -6 -4  0  3 -4 -1 -1 -2 -3 -4 -5 -5 -3    2   0   0   1  53   0   1   0   0   6  23   1   1   3   3   2   1   0   0   1  1.81 0.75
  111 T   -1  5  0 -3  5 -1 -1 -2 -1 -3 -3  1 -3 -4  1  0 -1 -5 -3 -1    5  33   4   1  13   1   3   3   1   1   2   6   0   1   8   9   3   0   0   4  0.56 0.38
  112 L   -1  0 -1 -3 -5 -3 -2  6 -2 -1 -2 -2 -4 -4 -2  0 -1 -5 -3 -2    3   7   2   1   0   1   2  54   1   4   5   2   0   1   2   7   4   0   1   2  0.79 0.45
  113 T   -4 -4 -2  0 -3 -2 -2  0 -3 -3 -4 -3 -5 -6  7  0  2 -6 -6 -4    1   1   2   5   0   1   2   6   1   1   2   1   0   0  56   8  11   0   0   1  1.39 0.67
  114 F   -4 -2 -1 -2 -6 -2 -1  1  9 -1 -2 -2 -3 -2 -4 -2  0 -6 -2 -4    1   2   2   2   0   1   4  10  55   4   5   2   0   2   1   3   7   0   0   1  1.47 0.70
  115 I   -2 -3  0 -4 -3 -3 -4 -1  1  3  1 -2 -1 -1 -2 -2 -2 -4  1  4    2   1   5   0   0   0   0   5   4  20  15   3   1   1   2   2   1   0   5  33  0.44 0.32
  116 K   -2  2  1  0 -3  0  0 -3  0 -1 -1  2 -2 -4  5 -1 -2 -4 -4 -1    2  10   8   5   0   4   6   1   2   4   6  15   1   0  26   4   1   0   0   4  0.46 0.31
  117 K   -1 -1  3 -1 -2 -1 -1 -2  5  2 -2  1 -2 -4  0  1 -1 -5 -2 -1    3   3  15   2   1   1   4   2  16  15   3   9   1   0   5  13   2   0   0   5  0.31 0.28
  118 S    0 -1  1  0 -4 -2 -2  0 -2 -3 -3  3 -3 -2 -2  0  5 -5 -4 -3    7   3   7   4   0   1   1   7   1   1   2  18   0   2   1   6  37   0   0   1  0.51 0.39
  119 F    4 -4 -1 -3 -1 -3 -2  1  3  0 -2 -2 -3  0 -3  0 -2  0  1 -1   43   0   3   1   1   0   1  10   8   5   4   3   0   5   1   4   2   1   5   3  0.46 0.37
  120 I   -4 -6 -6 -4 -3 -6 -6 -6 -3  2  1 -4  0  7 -5 -3 -4  0  1  1    0   0   0   1   1   0   0   0   1  11  14   1   2  54   0   2   1   1   3   9  1.34 0.61
  121 K   -1  1 -3 -3 -3  0  2 -4  0 -4 -4  7 -2 -6 -4 -2 -2 -2 -4 -5    5   6   1   1   1   4  10   0   2   1   1  62   1   0   0   2   2   1   0   0  1.19 0.63
  122 L   -3 -5 -4 -6 -1 -5 -6 -5 -6  3  5 -5  1 -2 -5 -4 -3 -5 -2  2    1   0   1   0   1   0   0   1   0  16  61   0   2   1   0   1   1   0   1  13  1.10 0.55
  123 L   -3 -2 -1 -1 -4 -1 -1 -5 -1  0  3 -2  3 -2 -4 -2  4 -2 -2  0    1   2   3   4   0   3   3   0   1   5  34   2   7   1   0   1  26   0   1   4  0.45 0.36
  124 N   -2  2  3 -2 -5  1 -2 -2  1 -3 -5  4 -3 -4 -3  3 -1 -5 -4 -5    2  11  17   1   0   5   1   3   3   1   0  26   0   0   1  25   3   0   0   0  0.64 0.44
  125 V   -1 -4  2 -4 -1 -2 -4 -3 -2  3  1 -3 -1  0 -4  0  1 -1 -2  4    4   0  10   0   1   1   0   1   1  18  10   0   1   5   0   8   9   1   1  28  0.37 0.30
  126 S    4 -4 -1 -3 -4 -4 -2 -1 -1 -2 -5 -2 -4 -6 -4  5  0 -6 -5 -3   30   0   2   1   0   0   2   5   1   2   0   2   0   0   0  50   4   0   0   1  1.01 0.61
  127 V    1 -2 -1 -3 -3 -1 -3  5 -4 -5 -4 -3 -2 -2 -2  2  0 -3 -1 -3   12   1   2   0   0   3   1  49   0   0   1   1   1   2   1  16   5   0   2   2  0.81 0.46
  128 N    5 -4 -2 -4  0 -2 -2 -3  0 -1 -4 -2 -4 -5 -4  1  1 -6 -5  2   56   0   2   0   2   1   2   0   2   4   0   2   0   0   0  11   7   0   0  12  0.84 0.53
  129 Y   -4 -3 -3 -6 -2 -3 -2 -5  4 -2 -4 -5 -4  1 -4 -2 -2 -2  9 -4    1   1   1   0   1   1   2   1   8   2   1   0   0   5   1   3   2   0  68   1  1.93 0.82
  130 F   -4 -4 -6 -7 -6 -3 -5 -6 -2 -3 -2 -6 -5  3 -6 -3 -4 12 -1 -6    1   1   0   0   0   2   1   0   1   2   4   0   0  11   0   3   1  70   2   0  3.13 1.07
  131 L   -2  5  0 -2 -5  1  0 -4  0 -4  1  2  1 -3 -3 -2 -2 -1 -1 -3    2  37   3   2   0   6   6   1   3   0  14  14   3   0   1   2   1   1   2   1  0.58 0.37
  132 G   -1 -4  2 -2 -1 -4 -3  6 -4 -5 -6 -2 -5 -4 -2 -2 -3 -5 -5 -5    5   1   8   2   1   0   1  70   0   1   1   2   0   1   2   3   1   0   0   0  1.39 0.60
  133 D   -3 -1  4  6 -3 -1  0 -3 -2 -4 -4  0 -5 -5 -2  1 -2 -6 -5 -4    1   3  18  48   0   2   3   1   1   1   1   6   0   0   2  10   1   0   0   1  1.01 0.51
  134 P    2 -2  0 -1 -4  1  4 -3 -2 -4 -4  1 -2 -5  0  2 -1 -5 -4 -2   15   1   4   1   0   5  34   1   1   1   0   7   1   0   5  18   3   0   0   2  0.56 0.39
  135 S   -2  0  3  2 -4  0  0 -2 -1 -3 -4  4 -3 -5 -2  1  1 -5 -4 -4    2   5  15  11   0   2   6   2   2   2   1  32   0   0   1  12   7   0   0   0  0.54 0.36
  136 Q   -1  3  6 -2 -5  0  0 -2 -2 -4 -4  1  0 -4 -2 -1 -3 -5 -3 -5    4  15  47   1   0   3   5   3   1   1   2   8   3   0   2   5   1   0   1   0  0.94 0.51
  137 L   -2 -1 -1  1 -5  2  2 -4 -1 -1 -2  3 -3 -3  5 -1 -1 -5 -2 -2    3   2   2   7   0   9  15   1   1   5   3  17   0   1  25   3   4   0   1   2  0.53 0.34
  138 Q   -3 -3 -3 -3 -5  5 -3 -3 -4 -2 -1 -3  7 -2 -1  2  0 -5 -2 -2    1   1   1   1   0  24   1   2   0   1   5   1  34   2   3  16   4   0   1   3  0.93 0.57
  139 L   -4 -5 -5 -6 -4 -3 -5 -6 -5  1  6 -5  3  0 -5 -5 -4 -4 -2 -1    1   0   0   0   0   1   0   1   0   5  78   0   6   3   0   1   0   0   1   2  1.40 0.60
  140 Q   -2 -2  0 -4 -3  7 -1 -5 -2 -3 -3 -2 -2 -5 -4 -2  4 -3  0 -1    2   1   4   0   0  50   2   0   1   1   2   1   1   0   0   2  23   0   3   5  1.17 0.65
  141 R   -3  8 -4 -5 -6 -3 -4 -6 -1 -6 -6  1 -5 -6 -3 -3 -5 -6 -5 -6    2  85   0   0   0   0   0   0   2   0   0   5   0   0   1   2   0   0   0   0  2.28 0.90
  142 I   -4 -6 -6 -6 -4 -5 -6 -6 -6  7  0 -5  0 -1 -6 -3 -3 -5 -2  3    0   0   0   0   0   0   0   0   0  64   7   0   2   2   0   2   1   0   1  19  1.48 0.65
  143 N   -3 -4 -2 -2 -6 -2 -4 -6  3 -3 -3 -4 -3 -1 -6 -1 -3 -2  9 -3    2   1   2   3   0   2   1   0   6   1   3   1   1   1   0   5   1   0  70   1  2.00 0.86
  144 G    0 -5 -4 -5 -2 -5 -5  7 -5 -3 -5 -5 -5 -2 -5 -4 -5 -1 -5 -1    8   0   0   0   1   0   0  77   0   2   1   0   0   2   0   0   0   1   0   5  1.71 0.74
  145 I   -2 -2 -3 -4 -2 -4 -4 -5 -4  4 -1 -2  1 -2 -4 -2  5  1 -2  2    3   2   1   0   1   0   0   0   0  26   5   3   3   2   0   2  34   2   1  16  0.70 0.46
  146 F    5 -4 -4 -4  2 -3 -4 -1 -4 -2 -3 -4 -2 -2 -4  3  0 -5 -2  0   47   0   0   0   5   1   0   3   0   2   2   0   1   2   0  24   5   0   2   7  0.80 0.52
  147 A   -2 -6 -6 -4 -2 -6 -4 -6 -5 -4 -3 -5 -1  8 -6 -4 -5  8  2 -3    4   0   0   1   1   0   1   0   0   0   1   1   2  62   0   1   0  18   4   1  2.10 0.89
  148 Q    1 -2  0 -1 -5 -1  2 -2 -2 -2 -2 -1 -3  0  6 -1 -2  0 -2 -2   10   2   4   3   0   2  14   2   1   2   4   3   1   5  35   4   2   2   1   3  0.61 0.40
  149 S   -2 -2  3  3 -2 -2 -1 -2 -1 -4 -5  1 -2 -5 -2  3  4 -5 -4 -4    2   1  13  16   1   1   3   2   2   0   0   7   1   0   1  24  24   0   0   0  0.63 0.46
  150 K    0  1 -1 -1 -5  2  2 -3 -2 -3 -4  5 -2 -5  0  0 -1 -5 -2 -3    8   6   2   3   0  11  12   2   1   1   1  36   1   0   5   5   3   0   1   1  0.55 0.40
  151 K    0  0 -1  1 -5  1  4 -2 -2 -3 -5  5 -4 -3 -3  0 -2 -5 -4 -3    7   3   2   7   0   6  24   3   1   1   0  34   0   1   1   6   2   0   0   1  0.65 0.45
  152 E    0 -1  0  3 -5  3  4 -2  0 -3 -1 -1  2 -3 -4 -1 -2 -5 -4 -2    7   2   3  15   0  15  29   3   2   1   5   3   5   1   0   3   1   0   0   2  0.49 0.38
  153 L   -3 -2 -6 -6 -5 -1 -3 -6 -1 -1  6 -3  3 -1 -5 -5 -4 -5 -1 -1    2   2   0   0   0   3   2   0   2   2  72   2   6   2   0   0   0   0   2   2  1.21 0.64
  154 E    0  0  2  4 -5  0  2 -3 -1 -5 -3  4 -2 -5 -4 -1 -2 -5 -4 -2    8   4   8  24   0   4  14   1   1   0   2  25   1   0   0   2   2   0   0   2  0.58 0.41
  155 Q    2 -1  0  2 -4  1  4 -2  0 -2 -3  1 -2 -5 -4  0 -1 -5 -2 -3   18   3   5   9   0   7  28   2   2   2   2  10   1   0   0   6   3   0   1   1  0.42 0.36
  156 L   -6 -2 -3 -4 -1 -2 -3 -7  6 -3 -3 -3 -5  2 -7 -6 -4  7  8 -4    0   2   1   1   1   2   1   0  15   2   2   2   0   8   0   0   1  13  46   1  1.79 0.88
  157 I   -2 -1 -2 -2 -1  0  0 -5 -1  0  4  1  0 -1 -4 -2 -2 -4 -2 -1    2   3   2   2   1   4   7   0   1   5  47   9   2   3   0   4   2   0   1   4  0.47 0.37
  158 K   -1  1  1  0 -1  1  2 -2  3 -2 -2  2 -3  0 -3  0  0  2 -1 -1    6   7   6   3   2   6  15   2   8   2   3  16   0   4   0   7   5   3   2   4  0.22 0.23
  159 E    0  2  1 -1  0  1  0 -2  0 -1  0  1  3  2 -3 -1 -1  1  0 -1    7  13   6   2   2   8   6   2   2   3   8   7   9  10   0   3   4   2   3   3  0.14 0.18
  160 N   -1  0 -1 -3  0  1  0 -4  0  1  2  1  2  0 -1 -1 -1  2  0  0    3   6   3   0   3   9   4   0   3   8  22   8   7   3   3   3   3   3   3   4  0.12 0.18
  161 E    0  1  1  1 -2  1  1  0  2  0 -1  1 -1 -2 -2  0  0 -3 -2  0    7   7   7   7   0   7   7   7   7   7   7   7   0   0   0   7   7   0   0   7  0.07 0.08
  162 E   -3 -3 -3  0 -7  0  7 -6 -4 -4 -3  0 -3 -6 -5 -3 -4 -6 -6 -5    1   1   1   4   0   3  77   0   0   1   3   5   1   0   0   1   0   0   0   1  1.74 0.73
  163 R    6  0 -3 -5 -4 -2 -3 -3 -5 -2 -2 -2 -2 -5 -3 -1 -3 -5 -3 -2   74   5   1   0   0   1   1   0   0   3   5   2   1   0   1   2   1   0   1   2  1.24 0.58
  164 L    1  1 -3 -2 -3  0  3 -4 -3 -3 -3  5 -2 -5 -4 -1 -2 -5 -4 -4   10   6   1   1   0   3  21   1   0   1   3  43   1   0   0   4   2   0   0   1  0.82 0.43
  165 K   -1  2 -1 -3 -3  1  2 -4 -2 -4 -3  6 -2 -4 -3 -2 -2 -5 -4 -5    5  12   3   1   0   5  11   1   1   1   3  51   1   1   1   3   2   0   0   0  0.94 0.46
  166 K   -4  8 -2 -4 -2 -2 -4 -6 -2 -3 -5  0 -4 -4 -4 -2 -4 -2  1 -4    1  76   2   1   1   1   1   0   1   2   1   4   0   0   1   3   1   0   5   1  1.85 0.71
  167 D   -5 -5  1  8 -7 -4 -2 -5 -2 -7 -7 -5 -6 -7 -5 -3 -4 -7 -6 -7    0   0   7  86   0   0   1   0   1   0   0   0   0   0   0   1   1   0   0   0  2.45 0.85
  168 H   -6 -5 -4 -6 -7 -4 -5 -6 11 -7 -7 -5 -6 -6 -7 -6 -6 -7  0 -7    0   0   0   0   0   0   0   0  94   0   0   0   0   0   0   0   0   0   2   0  3.89 1.19
  169 R   -4  8 -2 -6 -7 -1 -3 -5 -5 -5 -5  1 -5 -7 -6 -4 -5 -1 -6 -4    1  83   1   0   0   2   1   1   0   1   1   6   0   0   0   1   0   1   0   2  2.25 0.86
  170 S   -2  3 -1 -3 -3 -2 -1 -5 -1  1  0  5 -2 -4 -4 -3 -1 -5 -3  1    2  16   3   1   0   1   3   0   2   7   8  40   1   0   0   1   3   0   1   9  0.64 0.38
  171 L   -5 -6 -6 -6 -5 -6 -6 -7 -6  5  5 -6 -1 -3 -6 -4 -3 -5 -5  0    0   0   0   0   0   0   0   0   0  36  55   0   1   0   0   1   1   0   0   4  1.44 0.59
  172 G    0 -6 -1 -5 -3 -5 -6  7 -6 -5 -7 -3 -4 -7 -6 -3 -4 -6 -6 -6    8   0   3   0   1   0   0  82   0   1   0   2   0   0   0   1   1   0   0   0  1.99 0.76
  173 K   -1  3 -2 -3 -4  3 -1 -4 -1 -3 -4  5 -2 -5  0 -2 -1 -5 -4 -1    6  17   2   0   0  11   3   0   1   2   1  38   1   0   6   2   4   0   0   5  0.73 0.43
  174 Q   -1 -1 -2  2 -4  3  5 -5 -1 -4 -5  2 -4 -4 -4  0 -2 -6 -3 -4    5   3   1  11   0  14  39   0   1   1   1  14   0   1   0   5   1   0   1   1  0.82 0.46
  175 L   -5 -3 -4 -5 -4  5 -2 -6 -3 -2  5 -4  4 -3 -6 -5 -4 -5 -2 -3    0   1   1   1   0  23   2   0   1   1  56   0  11   1   0   0   0   0   1   1  1.25 0.61
  176 E   -3 -2  1  6 -6  0  3  1 -2 -6 -6  1 -5 -6 -5 -2 -3 -6 -5 -6    1   1   6  39   0   3  22  13   1   0   0   9   0   0   0   3   1   0   0   0  1.01 0.49
  177 L   -6 -3 -7 -8 -5 -6 -7 -8 -7  2  6 -6 -1 -1 -3 -6 -5 -2 -2 -3    0   1   0   0   0   0   0   0   0   9  82   0   1   1   2   0   0   0   2   1  1.71 0.72
  178 F   -6 -8 -8 -8 -7 -8 -8 -8 -6 -3 -3 -8 -5  9 -8 -7 -5  0  3 -3    1   0   0   0   0   0   0   0   0   1   2   0   0  85   0   0   1   1   8   2  2.87 1.02
  179 S   -1 -3 -2 -2 -3 -2 -3 -3  5 -2 -1 -3  3  3 -4  3  2 -1  0 -1    5   1   1   2   1   1   1   2  14   2   4   1   9  14   0  23  12   1   3   3  0.49 0.36
  180 F   -4 -6 -4 -7 -3 -2 -5 -6 -3  3  1 -6  1  7 -7 -2  1 -1 -2 -1    1   0   1   0   1   2   0   0   1  17  10   0   3  48   0   3   8   1   0   4  1.25 0.58
  181 D   -3 -1  1  3 -3  3 -2 -4  7 -4 -4 -1 -2 -3 -1  2 -3 -6 -2 -4    1   3   7  17   1  12   2   1  28   1   1   2   1   1   3  15   1   0   1   1  0.89 0.49
  182 P   -3 -2 -1  4 -6  1  4 -4  0 -5 -6 -1 -5 -6  5 -2 -3 -6 -4 -6    1   2   2  23   0   6  30   1   2   0   1   3   0   0  24   2   1   0   0   0  1.05 0.54
  183 L   -2 -2 -1  1 -4 -1  4 -3 -1 -1  2  0  1 -2 -3 -1 -2 -1  0 -1    2   2   3   7   0   1  34   2   1   3  21   5   4   1   1   4   2   1   4   3  0.42 0.28
  184 I    0  0  0 -2 -1 -1 -2 -1 -1  2  0 -1  0  0 -2  0  0  1  0  3   10   6   5   2   1   2   2   3   2  13   6   2   1   4   2   7   5   2   3  23  0.10 0.09
  185 G    3 -5 -3 -4  1 -4 -4  5 -5 -5 -4 -4 -5 -6 -4  4 -2 -6 -5 -5   20   0   0   0   2   0   0  44   0   0   1   0   0   0   0  29   1   0   0   0  1.15 0.54
  186 A    0 -3 -4 -5 -3  0 -4 -1 -3 -5 -4 -1 -3 -6  7  1 -3 -7 -6 -3    9   1   1   0   0   5   0   6   1   1   2   4   0   0  58  10   1   0   0   1  1.48 0.65
  187 G   -2 -6 -2 -5 -6 -5 -5  7 -5 -6 -6 -5 -6 -6 -5 -3 -5 -6 -6 -6    3   0   2   0   0   0   0  88   0   0   1   0   0   0   0   2   0   0   0   0  2.26 0.81
  188 L   -1 -4 -2 -4  1 -2 -3 -4  0 -2  4 -3  5  1 -4  3 -2 -4 -3 -2    4   0   2   1   3   2   1   1   2   1  35   2  13   6   0  23   2   0   1   2  0.57 0.36
  189 P    1 -3 -4 -5  4 -4 -4 -4 -5  2 -2 -4 -2 -3  6 -3 -3 -1 -3  3   11   2   1   0   8   0   0   1   0  10   3   0   1   1  38   1   1   1   1  20  0.97 0.46
  190 I   -4 -5 -4 -6 -3 -4 -5 -6 -2  1  3 -5  1  7 -6 -4 -4 -3  1  0    1   0   1   0   1   1   0   0   1   8  22   0   3  49   0   1   0   0   4   6  1.29 0.53
  191 W   -6 -6 -6 -2 -6 -6 -6 -6 -5 -1 -2 -6  2  6 -6 -6 -6 11  2 -4    0   0   0   3   0   0   0   0   0   3   4   0   4  26   0   0   0  49   6   1  2.49 0.85
  192 L   -4 -3 -3 -4 -5 -1 -3 -4  8 -3  4 -2  0  0 -3 -3  1 -5 -1 -4    1   1   1   1   0   2   2   1  32   1  34   3   2   4   2   1   8   0   2   0  1.02 0.53
  193 A   -4 -4 -2 -1  0 -3 -1 -4 -1 -5 -6 -3 -6 -4  8 -3 -4 -1 -4 -4    2   1   2   4   2   1   5   1   2   1   0   2   0   1  71   1   1   1   1   1  2.00 0.84
  194 K   -2  3  4 -1 -3 -1 -1 -3  4 -6 -4  5 -2 -5 -3 -2 -4 -6 -2 -5    2  17  20   2   1   2   2   1  11   0   1  33   1   0   1   2   0   0   2   0  0.92 0.49
  195 G   -5 -2 -5 -6 -7 -6 -6  7 -6 -7 -3 -6 -6 -2 -6 -5 -6 -7 -7 -3    0   3   0   0   0   0   0  86   0   0   3   0   0   2   0   0   0   0   0   2  2.25 0.85
  196 T    4 -3 -2 -3 -2 -2 -2  0 -2 -1 -2 -3  3 -2  0 -1  2  5  0 -2   31   1   1   1   1   1   2   6   1   3   4   1   7   2   5   4  14   8   3   3  0.44 0.31
  197 T   -1  2 -2 -3 -1 -1 -2 -3  1  3 -1  0  3  0 -4 -1  1  0  0  1    5  13   2   1   1   2   1   1   4  20   4   5   9   4   0   3  11   1   3  10  0.24 0.22
  198 L   -2 -4 -4 -5  0 -4 -4 -5 -4  5  2 -4  2 -1 -4 -2 -1 -4 -1  3    3   0   0   0   2   0   0   1   0  36  21   0   5   2   0   2   2   0   2  20  0.72 0.35
  199 R   -3  5 -2 -4 -1 -1 -2 -4  0  0 -1  0  0  2 -4 -3 -3  5  5 -2    2  34   2   0   1   2   2   0   1   6   6   6   2   7   0   0   0   7  18   3  0.71 0.39
  200 N   -2  3  4 -1 -4  2  1 -2  3 -3 -2  1  0 -1 -3  0  0  0 -1 -2    2  15  24   3   0  10   7   2   7   1   3   8   2   2   0   4   5   1   2   2  0.38 0.26
  201 I   -1  0  0  0  1  1  2 -1  1  0  0  0  0 -3 -2  0  1 -3  0  0    5   4   3   3   3   7  20   4   3   6   7   6   3   0   0   4  12   0   3   5  0.12 0.12
  202 I   -1 -4 -4 -4 -3 -4 -4 -1 -4  3  4 -4  3  1 -4 -3 -3 -3 -3  1    6   0   0   0   0   0   1   6   0  16  40   0   8   6   0   1   0   0   0   7  0.53 0.30
  203 G   -1 -1 -2 -2 -2  2  5 -3 -3  2 -1  0  2 -4 -4 -2 -2 -4 -3  1    4   4   1   1   1   9  38   1   0  12   5   4   6   0   0   2   2   0   0   9  0.52 0.34
  204 N   -1  2  3  4 -6  0  3 -2 -3 -6 -5  2 -4 -5 -4  0 -1 -6 -5 -5    4   9  13  26   0   4  20   2   0   0   1  11   0   0   0   6   3   0   0   0  0.69 0.37
  205 F   -4 -4 -4 -6 -5 -5 -5 -7 -1 -3  0 -4  1  7 -7 -3 -4  4  6 -4    1   1   1   0   0   0   0   0   1   1  10   1   3  45   0   2   1   6  27   0  1.57 0.61
  206 V   -1 -5 -5 -6 -3 -4 -4 -4 -5  4  2 -5  5 -2 -6 -1 -3  7 -3  1    5   0   0   0   0   0   1   1   0  28  20   0  14   1   0   6   1  14   0  10  0.91 0.43
  207 H   -4  7 -2 -2 -5 -1  0 -5 -1 -2 -3  3 -2 -2 -5 -3 -3  1 -2 -2    1  52   1   2   0   2   5   0   1   2   3  19   1   2   0   1   2   2   1   3  1.11 0.51
  208 H    0  2  1  2 -4  1  4 -2 -1 -4 -4  2 -3 -3 -3  1 -1 -5 -3 -4    6  10   6  12   0   6  26   3   1   1   1  12   0   1   0  10   3   0   1   1  0.44 0.27
  209 Q   -2  1 -3 -3 -3  3  4 -5 -2  0  1  1  1 -3 -4 -3 -1 -5 -3  0    3   7   0   0   1  11  29   0   1   6  17   8   4   1   0   1   4   0   1   7  0.41 0.29
  210 Q   -4 -1  0 -3 -1  2  2 -5  6 -3  0 -3  1 -2 -5 -3 -3 -2  6 -2    0   3   4   1   1  10  15   0  21   1   9   1   3   1   0   1   1   0  26   2  0.86 0.44
  211 L   -1  4 -1  0 -3  0  1 -3  1  0  0  1  0  0 -3 -1 -1  2 -1 -1    4  24   2   4   0   3  10   0   3   7  10   9   2   4   1   4   4   3   2   4  0.21 0.17
  212 L    0  3 -1  1 -5  0  2 -3 -2 -3 -3  5 -3 -4 -3 -1 -2 -5 -4 -2    7  14   2   7   0   3  15   2   0   1   2  36   1   0   0   4   2   0   0   3  0.60 0.34
  213 F    1  5  1 -2 -3  0 -1 -2  2 -3 -1 -1  0  0 -4 -2 -3  0  4 -4   11  33   8   2   1   4   3   3   5   1   5   1   2   4   0   1   0   1  14   1  0.54 0.33
  214 G   -4 -5  1  1 -6 -4 -2  7 -4 -7 -7 -3 -6 -7 -6 -3 -5 -5 -7 -7    0   0   6   7   0   0   3  80   0   0   0   1   0   0   0   1   0   0   0   0  1.87 0.67
  215 F   -6 -6 -5 -7 -4 -6 -6 -7 -2 -5 -4 -6 -5  5 -7 -6 -6 -2  9 -5    0   0   0   0   0   0   0   0   1   0   1   0   0  23   0   0   0   0  73   1  2.71 0.88
  216 N   -3  0 -1  2 -4  5  3 -3  0 -2 -1  1 -1 -4 -4 -1  0 -3 -3 -1    1   3   1   9   0  27  22   1   2   2   6   8   1   1   0   4   5   0   0   4  0.51 0.31
  217 T   -4  0 -3 -2 -6  0  6 -5  3 -2 -1 -2 -1  3 -2 -3 -3 -2 -1 -4    1   6   0   0   0   3  52   0   8   2   7   2   1  11   2   0   1   1   2   1  0.90 0.46
  218 V   -3 -6 -6 -6 -4 -6 -6 -6 -6  4 -1 -6 -2 -4 -6 -5 -1 -6 -4  7    1   0   0   0   0   0   0   0   0  20   4   0   0   0   0   0   3   0   0  70  1.61 0.61
  219 C   -1  1  1 -2 -2  0  0 -3  0  2 -1  1  0  0 -3  0 -1  3  3  1    3   7   7   1   1   4   7   1   2  14   3   9   3   3   0   8   3   4  13   8  0.15 0.15
  220 S   -2 -5 -2 -5 -1 -4 -4 -3 -5  0 -5 -4 -3 -2 -5  2  7 -6 -5 -4    2   0   1   0   1   0   0   2   0   6   0   0   0   2   0  15  70   0   0   0  1.54 0.67
  221 P   -4 -6 -5 -5 -7 -5 -5 -5 -6 -7 -7 -5 -6 -7  9 -4 -5 -7 -7 -6    1   0   0   0   0   0   0   1   0   0   0   0   0   0  94   1   0   0   0   0  3.11 0.96
  222 V   -2 -3  3  0 -2  2 -1 -4  7  1 -1 -3 -1 -2 -3 -2 -1 -3 -1  1    3   0  15   4   1  10   3   1  30   8   7   0   1   2   1   1   3   0   1   9  0.64 0.34
  223 L   -3 -5 -5 -6 -4 -5 -5 -6 -5  6  3 -5  4 -2 -5 -5 -3 -5 -4  3    1   0   0   0   0   0   0   0   0  44  24   0  12   1   0   0   0   0   0  15  1.12 0.44
  224 A    3 -4 -1 -4 -2 -3 -4  1 -2 -2  0 -3  2  3 -4 -1  0 -1  4 -1   25   0   2   0   1   0   0  12   0   1  11   0   6  12   0   2   7   1  15   3  0.39 0.26
  225 N   -2  2  4  2 -4 -1 -1 -3  1 -5 -4  5 -4 -5 -3  1 -1 -5 -4 -4    1   9  20  10   0   1   3   1   3   0   1  34   0   0   1  10   3   0   0   0  0.68 0.35
  226 I    1  1 -1 -1 -1  0  1 -1 -2  0 -1  2  1 -3 -2  1  0 -4 -3  0   10   9   2   2   1   3  10   3   0   6   5  17   4   1   1  12   6   0   0   7  0.13 0.13
  227 E   -1 -1  1  4 -4  1  3 -1 -1 -4 -4  2 -3 -4 -3  1 -1 -3 -4 -3    5   3   7  24   0   5  21   3   1   1   1  14   0   1   0   9   3   0   0   2  0.48 0.27
  228 L   -4 -5 -6 -7 -4 -5 -6 -7 -6  0  6 -6  1  1 -6 -5 -4 -5 -4 -1    0   0   0   0   0   0   0   0   0   4  84   0   2   5   0   0   0   0   0   3  1.60 0.60
  229 F   -6 -6 -7 -8 -6 -6 -7 -7 -5 -1 -5 -7 -5  3 -7 -6 -6 11  6 -5    0   0   0   0   0   0   0   0   0   3   0   0   0  12   0   0   0  54  28   1  3.02 0.90
  230 K   -3  1 -2  0 -5  2  4 -3  0 -3 -3  5 -3 -5 -4 -2 -3 -5 -2 -1    1   5   1   3   0   8  32   1   2   2   2  33   1   0   0   2   0   0   1   5  0.74 0.39
  231 I   -2  1 -2 -3 -3  2 -1 -3 -3  2 -2  2  0 -4 -3 -1  4 -5 -4 -1    2   8   1   0   0   9   4   1   0  14   2  14   2   0   0   3  35   0   0   4  0.51 0.33
  232 S   -2 -5 -3 -4 -5 -4 -4 -4 -5 -6 -6 -4 -5 -6 -5  7  1 -6 -5 -5    1   0   0   0   0   0   0   0   0   0   0   0   0   0   0  90   6   0   0   0  2.05 0.81
  233 G   -4 -2 -4 -4 -5 -5 -4  7 -5 -7 -7 -4 -6 -6 -6 -4 -2 -6 -6 -6    0   2   0   1   0   0   1  91   0   0   0   0   0   0   0   1   2   0   0   0  2.22 0.74
  234 H   -5 -4 -4 -5 -6 -3 -4 -6 11 -7 -6 -3 -5 -5 -4 -5 -5 -6 -2 -6    0   0   0   0   0   1   0   0  91   0   0   1   0   0   1   0   0   0   1   0  3.50 1.01
  235 Y   -1 -6 -6 -6 -5 -5 -5 -6 -5 -3  2 -5  0  0 -6 -5 -3 11  5 -4    7   0   0   0   0   0   1   0   0   1  21   0   2   3   0   1   2  45  17   1  2.01 0.69
  236 Q    0 -3  0  5 -5  3  3 -1 -2 -3 -2 -1 -3 -4  1 -1 -3 -5 -3 -4    9   0   3  30   0  12  22   4   0   2   5   2   0   1   6   3   0   0   1   1  0.59 0.33
  237 H   -3 -3  4 -2 -5 -2 -3 -4  7 -5 -2  3 -3  2 -3 -3 -3  0  3 -5    1   0  19   2   0   0   0   0  31   0   4  19   0   9   1   0   1   2   8   0  1.07 0.49
  238 Y   -7 -7 -7 -8 -7 -6 -7 -8 -3 -6 -4 -7 -5  4 -8 -6 -6 -2 10 -6    0   0   0   0   0   0   0   0   0   0   2   0   0  16   0   0   0   0  82   0  3.03 0.98
  239 K    0  4  0 -3 -4  2 -1 -1 -1 -4 -4  5 -3 -5 -3  1 -3 -5 -3 -4    8  22   3   1   0   8   2   5   2   1   1  34   0   0   1  11   0   0   0   1  0.66 0.36
  240 E   -3 -1 -1  5 -7 -1  6 -4 -3 -4 -6  0 -5 -7 -4 -1 -4 -7 -6 -6    2   2   2  35   0   2  46   1   0   1   0   4   0   0   1   3   0   0   0   0  1.28 0.55
  241 D   -2 -2  6  4 -4 -2  0 -1  1 -5 -5 -1 -2 -4 -5  1 -2 -6 -3 -5    3   2  44  21   0   1   4   4   3   0   1   3   1   1   0   9   1   0   1   0  0.97 0.45
  242 M   -5 -6 -4 -4 -6 -3 -6 -4 -6  1  0 -6 10 -3 -7 -3 -5 -6 -5 -2    0   0   1   1   0   1   0   1   0   6   7   0  78   0   0   2   0   0   0   2  2.56 0.89
  243 F   -6 -6 -7 -7 -6 -7 -7 -4 -4 -3 -3 -7 -3  8 -6 -5 -5 -2  6 -5    0   0   0   0   0   0   0   1   0   1   1   0   0  69   0   0   0   0  26   0  2.42 0.79
  244 P    0  0 -1 -1 -2  0 -1 -2  0  0  0  0  2 -1  4  1  1 -1 -1 -1    7   5   3   2   0   3   2   2   3   5   9   5   6   2  19   9   9   1   2   4  0.19 0.11
  245 A   -1 -4 -4 -4 -1 -2 -3 -4 -4  1 -1 -3 -1  4  4  0  0 -1 -2  3    4   0   0   0   1   2   1   1   0   8   5   1   1  19  22   8   6   1   0  20  0.51 0.29
  246 I   -1 -1  0 -2 -1  0 -1 -2 -1  1  1 -1  5  2 -1 -1  1 -2 -1  0    2   2   4   2   1   5   4   3   2   7  12   4  20   9   3   5  10   0   1   4  0.17 0.16
  247 K   -2 -1  0  3 -2  1  3  0  0 -2 -3  2 -2 -3 -2  1  0 -4 -3 -2    1   2   3  14   1   5  24   7   3   3   2  16   1   1   1   9   6   0   1   2  0.34 0.22
  248 L    0 -1 -2 -1 -1 -1 -1 -1 -1  3  1 -1  1  0 -2 -1  0 -3 -1  2    6   3   2   3   1   2   3   5   2  20  13   3   4   3   1   5   5   0   1  17  0.10 0.10
  249 D   -4 -3 -1  6 -6 -1  5  0  0 -6 -6  0 -5 -3 -3 -2 -3 -6 -2 -5    0   1   1  40   0   1  38   6   2   0   0   6   0   1   0   2   1   0   1   0  1.12 0.47
  250 S   -2 -1  3  3 -4 -1  2  3 -1 -4 -5  3 -4 -3 -2  0 -2 -5 -3 -4    2   1  18  16   0   1  13  20   1   1   0  18   0   1   1   5   1   0   0   0  0.52 0.27
  251 Q   -2  1  1  2 -4  3  5 -2  1 -3 -3  1 -3 -4 -2 -1 -1 -5 -4 -3    2   9   6  10   0  12  38   2   4   1   2   5   0   0   1   2   4   0   0   1  0.59 0.31
  252 A   -1 -1  0  2 -4  1  4 -2 -1 -1 -2  1  1 -3 -2 -1  1 -3 -3 -1    3   2   3  13   0   6  30   2   1   5   3   8   4   1   2   4  10   0   0   4  0.32 0.22
  253 M   -4 -5 -4 -6 -3 -4 -5 -6  2 -3  0 -5  2  6 -5 -4 -4  3  7 -3    1   0   1   0   0   1   0   0   4   1   8   0   5  31   0   1   0   4  43   1  1.51 0.54
  254 M    3 -1 -3 -3  2 -1 -2  2 -2 -1  0 -2  1 -1 -3 -1 -2 -2  2  1   27   4   0   0   5   3   1  19   0   3   7   0   4   3   0   4   1   0   9  10  0.26 0.20
  255 L   -3 -5 -5 -6 -3 -4 -5 -6 -5  2  5 -5  2 -2 -3 -4 -3 -3 -3  2    1   0   0   0   0   0   0   0   0  11  69   0   4   0   1   0   0   0   0  11  1.09 0.43
  256 R   -3  4 -3 -4 -6 -2 -2 -5 -4 -6 -5  7 -4 -6 -4 -3 -4 -6 -5 -5    1  22   0   0   0   0   0   0   0   0   0  75   0   0   0   0   0   0   0   0  1.81 0.64
  257 P   -2 -6 -5 -5 -6 -5 -5 -4 -2 -6 -6 -5 -6 -7  9 -4 -2 -7 -6 -6    3   0   0   0   0   0   0   1   1   0   0   0   0   0  90   0   3   0   0   0  2.79 0.81
  258 M   -4 -5 -5  0 -5 -4 -5 -6 -5 -2 -2 -5 11 -4 -6 -3 -3 -5 -5 -2    1   0   0   5   0   0   0   0   0   0   1   0  87   0   0   1   1   0   0   2  2.73 0.87
  259 T   -1 -4  8 -1 -2 -2 -3 -4 -3 -6 -5 -3 -5 -6 -5  0  1 -6 -5 -5    5   0  77   2   1   1   0   0   0   0   1   0   0   0   0   6   7   0   0   0  1.81 0.64
  260 C   -4 -7 -4 -7 11 -6 -7 -4 -7 -5 -5 -6 -5 -6 -6 -5 -1 -6 -6 -2    0   0   1   0  90   0   0   1   0   0   0   0   0   0   0   0   4   0   0   3  3.48 0.91
  261 P   -4 -6 -5 -5 -6 -3 -5 -6 -6 -5 -6 -5 -6 -7  9 -1 -5 -7 -7 -5    1   0   0   0   0   1   0   0   0   0   1   0   0   0  90   6   0   0   0   0  2.83 0.86
  262 H   -1 -3 -1 -2  2  1 -2  4  6 -4 -3 -3  0  3 -4  0 -3 -4 -1 -4    5   0   2   1   4   6   1  35  20   0   2   0   2  13   0   6   0   0   1   0  0.69 0.35
  263 H   -1 -4 -3 -5 -3  0 -3 -2 10 -6 -3 -4 -5 -4 -2 -3 -2 -1 -2 -6    5   0   1   0   1   3   0   4  76   0   2   0   0   0   2   2   2   1   0   0  2.39 0.78
  264 C   -1 -5 -2 -5  7 -3 -5 -5  2  4 -1 -4  4  1 -5 -3  0 -4  0  1    4   0   2   0  25   0   0   0   6  26   2   0  11   7   0   1   6   0   2   8  0.80 0.37
  265 L   -2 -1 -3 -4 -3  3 -1 -4 -2  0  4 -1  3 -2 -4  0 -1 -4 -1 -1    2   3   1   0   0  14   4   1   1   4  45   4   7   0   0   8   2   0   1   3  0.43 0.29
  266 I   -2 -5 -5 -6 -3 -4 -5 -6 -5  6  1 -5  4 -2 -5 -4 -2 -3  1  3    4   0   0   0   0   0   0   0   0  46  10   0  13   1   0   0   1   0   5  19  0.97 0.41
  267 F   -5 -5 -6 -6 -6 -5 -6 -6 -3 -4 -3 -6 -2  7 -6 -5 -5 -2  8 -4    0   0   0   0   0   0   0   0   0   0   1   0   1  50   0   1   0   0  46   1  2.24 0.71
  268 K    1  1  2  1 -4  2 -1 -1 -2 -4 -3  4 -2 -5 -3  0 -1 -5 -4 -3   14   7  11   7   0   8   1   4   0   0   2  33   1   0   0   7   3   0   0   0  0.47 0.28
  269 Q    0  1  2 -1 -3  1 -1 -3  5 -3 -2 -1  0 -2 -3  3  0 -4  0 -3    6   8   8   2   0   6   3   1  15   0   4   1   2   1   0  31   6   0   3   1  0.41 0.28
  270 K   -2  5 -1 -1 -5  1  1  0  1 -4 -3  4 -2 -3 -3  0 -1 -4 -3 -3    2  30   2   2   0   6   7   6   3   1   1  28   1   1   0   6   3   0   0   1  0.59 0.30
  271 R    0  0 -1 -1 -3  1 -1 -2 -2  0  1  1  1 -2  4 -1  0 -4 -2  0    6   5   2   4   0   7   3   1   1   6  14  10   3   1  22   4   5   0   0   6  0.25 0.15
  272 Y   -4  7 -3 -4 -6 -1 -3 -5  6 -4 -4  1 -3 -3 -3 -3 -2  2 -1 -4    0  58   0   0   0   2   0   0  18   1   1   8   0   1   1   1   2   3   2   1  1.40 0.54
  273 S   -2 -4 -1 -3 -4 -3 -3 -2 -2 -5 -5 -3 -4 -5 -4  7  0 -5 -5 -5    1   0   1   0   0   0   0   2   1   0   1   0   0   0   0  88   3   0   0   0  1.75 0.69
  274 Y   -4 -5 -5 -6 -5 -5 -5 -6  1 -4 -4 -4 -4  1 -6 -5 -5  4  9 -4    1   0   0   0   0   0   0   0   2   1   1   1   0   3   0   0   0   6  82   1  2.57 0.78
  275 K   -4  7 -1 -3 -6 -1 -2 -5 -2 -5 -5  4 -4 -5 -4 -3 -3 -5 -3 -5    0  66   3   1   0   1   1   0   1   0   0  23   0   0   0   1   1   0   1   0  1.64 0.58
  276 K   -4 -3 -1  6 -6  1  5 -4 -3 -6 -6 -2 -4 -6 -4 -2 -3 -6 -5 -5    0   0   2  44   0   5  43   1   0   0   0   1   0   0   0   1   1   0   0   0  1.45 0.55
  277 M   -4 -5 -6 -6 -4 -5 -5 -6 -5 -1  6 -5  3  0 -5 -5 -4 -4 -4 -2    0   0   0   0   0   0   0   0   0   0  88   0   5   3   0   0   0   0   0   0  1.61 0.58
  278 P   -4 -6 -5 -5 -6 -5 -5 -6 -6 -6 -6 -5 -6 -7  9 -4 -5 -7 -6 -6    0   0   0   0   0   0   0   0   0   0   0   0   0   0  96   0   0   0   0   0  3.12 0.89
  279 Q   -3 -4 -5 -5 -2 -2 -4 -5 -4  4  4 -2  2  0 -4 -4 -3 -1 -1  2    1   0   0   0   0   2   0   0   0  26  40   2   5   2   0   0   0   1   2  15  0.71 0.32
  280 R   -4  8 -4 -5 -6 -2 -3 -5 -4 -6 -5  2 -3 -6 -5 -4 -4 -6 -4 -5    1  84   0   0   0   0   0   0   0   0   1  10   0   0   0   0   0   0   1   0  2.14 0.71
  281 F   -3 -4 -5 -5 -3 -4 -4 -5 -3  2  3 -4  3  3 -5 -4 -3  2  5  0    1   0   0   0   0   0   0   0   0  13  32   0   7  12   0   0   1   3  24   6  0.79 0.34
  282 S    5 -3 -1 -4  1 -3 -3  0 -2 -3 -3 -3 -1  2 -3  2 -1 -4 -2 -3   58   0   2   0   2   0   0   6   1   1   1   0   2   8   0  14   2   0   1   1  0.77 0.40
  283 E   -4 -3 -2  4 -3 -1  7 -5 -3 -6 -6 -3 -5 -6 -4 -3 -3 -6 -5 -5    0   0   1  24   1   1  69   0   0   0   0   0   0   0   0   1   1   0   0   0  1.69 0.63
  284 D   -3 -4 -2 -3 -2 -2 -3 -4 -1  0  2 -4  1  6 -3 -2  0 -1  3 -2    1   0   2   2   1   2   1   1   1   6  16   0   3  44   1   2   6   0   9   2  0.79 0.35
  285 S    1 -4 -3 -1 -3 -2 -3  6 -4 -5 -5 -4 -4 -5 -4  1  1 -1 -5 -4   13   0   0   3   0   1   1  62   0   0   0   0   0   0   0   8   8   1   0   1  1.13 0.44
  286 I    0  0  1 -2 -1 -1 -2 -3  0  0  0  0  1 -2  0  0  3 -2 -2  2    7   5   6   1   1   2   1   1   3   4   6   5   4   1   4   4  28   0   0  17  0.21 0.19
  287 L   -2 -4 -3 -3  4 -1 -4 -5 -4  1  3 -4  1 -2 -4 -2 -1 -4 -2  4    1   0   1   2   8   3   1   0   0   5  34   0   2   0   0   2   3   0   1  35  0.64 0.32
  288 H   -4 -4 -2 -5 -2 -4 -4 -5  9 -5 -5 -4 -3  2 -5 -4 -4 -2  7 -4    1   0   1   0   1   0   0   0  48   0   0   0   0   6   0   1   0   0  38   1  2.12 0.69
  289 R   -3  8 -4 -5 -6 -2 -3 -5 -4 -6 -5 -1 -5 -6 -5 -4 -1 -6 -5 -5    2  90   0   0   0   1   0   0   0   0   0   0   0   0   0   0   3   0   0   0  2.26 0.75
  290 F   -3 -2  6  1 -5 -2 -2 -4  3 -4 -4 -1 -3  1 -5 -2 -3  0  6 -4    1   2  43   6   0   1   1   0   7   0   1   3   0   4   0   1   0   1  26   1  1.13 0.48
  291 E   -4 -4 -4 -2 -7 -1  8 -6 -4 -3 -6 -3 -5 -7 -5 -4 -4 -6 -6 -6    0   0   0   1   0   1  95   0   0   2   0   0   0   0   0   0   0   0   0   0  2.30 0.81
  292 A    1  2 -2 -2 -3  1 -2 -1 -2 -1  1  2  0 -1  2 -1 -2 -4 -2 -2   14  11   1   1   0   7   0   3   0   2  20  18   2   2  11   4   0   0   0   2  0.22 0.19
  293 S   -1 -2  0 -3 -4 -2 -3 -2 -1 -4 -5 -2 -4 -5 -1  6  0 -6 -5 -1    4   2   3   0   0   1   1   1   2   0   1   1   0   0   3  72   5   0   0   4  1.17 0.55
  294 G   -3 -5 -4 -5 -6 -3 -3  7 -5 -2 -7 -2 -6 -6 -6 -3 -5 -1 -6 -6    0   0   0   0   0   1   2  90   0   3   0   2   0   0   0   0   0   1   0   0  2.10 0.69
  295 G    3 -3  0 -1 -3 -1  3 -2 -3 -3 -3 -2  0 -4 -2  1  2 -5 -4  2   30   0   3   3   0   2  19   2   0   0   0   0   2   0   1  11  11   0   0  14  0.41 0.30
  296 L   -4 -4 -6 -3 -4 -5 -2 -7 -6  0  6 -5  1 -3 -6 -5 -2 -5 -3  0    0   1   0   2   0   0   3   0   0   2  82   0   3   0   0   0   2   0   0   4  1.35 0.54
  297 I   -1 -1  1 -3 -3 -1 -2  0  7 -3 -3  0 -1  0 -4  3  2 -5 -1 -4    3   3   7   0   1   2   0   6  30   2   1   4   1   4   0  22  12   0   1   0  0.68 0.37
  298 G   -3 -6 -4 -5 -6 -5 -5  7 -6 -8 -7 -5 -6 -7 -6 -2 -5 -1 -7 -7    0   0   0   0   0   0   1  96   0   0   0   0   0   0   0   3   0   1   0   0  2.39 0.76
  299 L   -4 -5 -7 -7 -3 -5 -6 -7 -6  1  6 -6  2 -2 -6 -6 -4 -5 -1 -2    0   0   0   0   0   0   0   0   0   6  85   0   4   1   0   0   0   0   2   1  1.56 0.58
  300 E   -2 -3 -2 -4 -4 -2 -1 -4 -3  0  2 -3  4  3 -4  0  4 -4 -2 -2    2   0   1   0   0   1   5   0   0   5  19   1  14  14   0   5  32   0   0   1  0.56 0.35
  301 R   -5  8 -1 -4 -5 -3 -4 -6 -3 -6 -6  0 -5 -6 -6 -4 -5 -6 -5 -6    0  92   3   1   0   0   0   0   0   0   0   2   0   0   0   0   0   0   0   0  2.41 0.79
  302 V   -1 -5 -5 -5  0 -5 -5 -5 -5  0  0 -5 -2 -4 -3 -1  1 -5 -4  6    3   0   0   0   2   0   0   1   0   2   6   0   0   0   1   4   7   0   0  73  1.22 0.51
  303 R   -5  8 -3 -5 -6 -1 -3 -5 -4 -3 -5 -1 -3 -6 -2 -2 -4 -2 -4 -5    0  85   1   0   0   1   0   0   0   2   1   2   0   0   2   3   0   1   0   1  2.04 0.71
  304 C    1  3  0 -2  2  2  0  2 -1 -3 -3  0 -1 -4 -3  1 -1 -4 -2 -3   13  19   4   0   5  10   4  20   1   1   1   3   2   0   0  11   3   0   1   1  0.33 0.22
  305 M   -4 -5 -6 -6 -5 -5 -6 -5 -4  1  0 -2  3  8 -6 -3 -3 -3 -1 -3    1   0   0   0   0   0   0   0   0   7   7   3   8  68   0   2   1   0   0   1  1.68 0.59
  306 T   -2 -1 -2 -3  3  3 -1 -4  2 -2 -3 -1 -2 -4 -4  0  6 -3 -4  0    2   3   1   0   6  13   2   0   5   1   1   3   0   0   0   6  49   0   0   6  0.77 0.42
  307 L   -4 -1 -4 -4 -4  8 -2 -5 -3 -1  1 -2  2 -5 -5 -4 -1 -5 -5 -2    0   3   0   0   0  70   0   0   0   3  12   0   5   0   0   0   3   0   0   2  1.59 0.66
  308 L   -3 -4  2  8 -6 -3 -1 -4 -4 -6 -3 -2 -5 -5 -5 -1 -2 -7 -6 -5    2   0   8  75   0   0   1   0   0   0   4   2   0   0   0   3   3   0   0   0  1.69 0.61
  309 D   -5 -5 -1  8 -7 -1 -1 -5 -4 -4 -7 -4 -6 -7 -5 -4 -2 -7 -6 -6    0   0   2  88   0   3   2   0   0   1   0   0   0   0   0   0   2   0   0   0  2.26 0.74
  310 N    5 -4 -2 -3  3 -3 -4  2 -3 -4 -4 -3 -4 -5 -4  2 -1 -5 -4 -3   61   0   1   1   5   0   0  14   0   1   0   0   0   0   0  13   3   0   0   1  0.99 0.47
  311 H   -5 -4 -3 -5 -7 -4 -4 -6 11 -7 -6 -5 -5 -2 -6 -2 -4 -6 -2 -3    0   0   0   0   0   0   0   0  90   0   0   0   0   2   0   3   1   0   0   2  3.25 0.94
  312 I   -3 -5 -5 -5 -2 -5 -5 -6 -3  7  0 -5 -1 -1 -5 -2 -1 -5 -4  1    1   0   0   0   1   0   0   0   1  72   7   0   0   2   0   3   3   0   0   8  1.36 0.52
  313 F   -5 -6 -6 -7 -6 -6 -6 -6 -4  0 -2 -6 -2  9 -7 -6 -5 -2  4 -3    0   0   0   0   0   0   0   0   0   4   1   0   1  78   0   0   0   0  12   1  2.28 0.71
  314 C   -2 -6 -6 -6 11 -6 -6 -6 -6 -1 -1 -6  1 -5 -6 -4 -1 -6 -5  1    3   0   0   0  70   0   0   0   0   3   5   0   3   0   0   0   4   0   0  10  2.39 0.72
  315 R    0  5 -2 -3 -4 -1 -1 -4 -2 -4 -1 -1  1 -4 -3  1  4 -5 -4 -3    7  32   0   1   0   2   4   0   1   0   5   2   3   0   1   8  33   0   0   0  0.67 0.38
  316 A   -1  0 -2 -1 -4  0  4 -4 -1 -2 -2  0  0 -2  5 -2 -2 -3  1 -2    4   4   1   2   0   2  29   0   1   2   4   5   2   1  28   1   1   0   6   3  0.61 0.31
  317 D   -2 -3  0  6 -5  0  4 -3 -3 -5 -5 -2 -5 -6 -3  2 -2 -6 -4 -5    3   0   2  43   0   2  30   1   0   0   0   1   0   0   0  13   1   0   0   0  1.08 0.46
  318 Q   -4 -3 -3 -2 -6  8 -2 -2  1 -6 -5  0 -2 -6 -5 -3 -4 -6 -4 -6    1   0   1   2   0  82   0   4   3   0   1   3   1   0   0   1   1   0   0   0  2.08 0.78
  319 I    0 -5 -6 -6 -4 -5 -5 -6 -6  6  2 -5  1 -1 -5 -4 -3 -5 -3  3    6   0   0   0   0   0   0   0   0  51  17   0   3   2   0   0   1   0   0  19  1.05 0.43
  320 K    0  1  0 -1 -3  2  4 -1 -1 -1 -2  3 -1 -2 -2 -1 -1 -4 -2 -1    6   5   4   2   0   7  30   3   1   3   2  22   1   2   1   2   3   0   1   5  0.36 0.24
  321 S    0 -2  0  4 -5  2  4  0 -1 -4 -4  0 -4 -5 -1  1 -1 -5 -3 -4    6   1   3  26   0   9  25   6   1   0   1   5   0   0   3  10   2   0   0   0  0.56 0.30
  322 E   -4 -4 -4 -2 -7  1  8 -6 -3 -5 -6 -3 -6 -7 -5 -3 -5 -7 -6 -2    0   0   0   0   0   4  91   0   0   1   0   0   0   0   0   0   0   0   0   3  2.19 0.80
  323 I   -2 -5 -6 -6 -1 -5 -5 -6 -5  6  0 -5  1  3 -5 -4 -2 -4 -1  4    2   0   0   0   1   0   0   0   0  45   5   0   3  14   0   1   1   0   2  26  1.01 0.42
  324 K    0  2 -1  0 -3  0  1 -1 -1  0  0  2  0 -2 -3  0  0 -4 -2  0    7  14   3   4   0   3   8   4   1   8   8  20   2   1   0   5   5   0   0   7  0.13 0.13
  325 N    0  2  3  1 -4  0  1  2  0 -4 -3  1 -2 -4 -3  1 -1 -5 -3 -4    8  12  17   6   0   3   9  19   2   0   2   9   1   0   0  10   2   0   0   0  0.35 0.22
  326 A    0 -4 -4 -5  5 -3 -4 -4 -3  2  2 -4  1  1 -4 -2  0 -4 -2  3    9   0   0   0  15   1   0   0   1  13  18   0   3   7   0   2   4   0   0  27  0.57 0.29
  327 F   -3 -5 -3 -6  2 -4 -5 -6 -3  3  4 -5  3  2 -5 -4 -2 -1  0  1    0   0   1   0   4   0   0   0   1  20  47   0   7   7   0   0   1   1   3   8  0.80 0.36
  328 N   -1  0  2  5 -4  1  3 -2 -1 -5 -5  2 -4 -5 -4 -1 -2 -6 -3 -4    4   4  10  32   0   7  17   3   1   0   1  14   0   0   0   4   1   0   0   0  0.67 0.34
  329 L   -3 -4 -5 -5 -4 -3 -2 -6 -4  1  4 -5  4  6 -6 -3 -3 -2 -1 -1    1   0   0   0   0   1   3   0   0   7  38   0  13  31   0   1   1   0   1   2  0.98 0.43
  330 I    0 -4 -4 -4 -1 -4 -4 -4  0  4  2 -4  2 -1 -4 -1  1 -4 -1  3    8   0   1   0   1   0   0   1   2  27  18   0   5   1   0   4   9   0   2  22  0.51 0.29
  331 Q   -2  2  0  2 -3  1  1 -3  1 -2  0  2 -1 -1 -3 -1 -1 -3 -1 -2    2  12   5  13   0   7   9   1   4   2  12  17   2   3   0   3   4   0   2   1  0.20 0.17
  332 K   -1  0 -1  1 -3  0  3 -3  2 -3 -3  1 -2  0 -3  1  0 -2  4 -3    4   6   2   8   0   2  22   1   5   1   2   8   1   4   0  12   4   0  17   1  0.36 0.25
  333 V   -1 -5 -5 -6 -1 -4 -5 -4 -3  3  1 -5  2  3 -5 -4  0 -2  1  5    4   0   0   0   1   0   0   1   0  19   9   0   5  11   0   0   4   0   5  39  0.72 0.36
  334 N   -4 -5 -3 -7 -4 -4 -6 -7  0 -3  2 -5  2  2 -7 -5 -5  0  9 -4    1   0   1   0   0   0   0   0   2   1  21   0   5   5   0   0   0   1  62   0  1.89 0.71
  335 K    0  2  1  1 -4  1  1  1 -1 -4 -3  3 -3 -5 -3  2  0 -5 -3 -4    6  10   6   9   0   6  10  11   1   0   1  19   0   0   0  16   4   0   0   0  0.35 0.23
  336 K    0 -1 -2  2 -2  0 -1 -2 -2  2  0  0 -1 -2 -2 -1  3 -3 -3  2    8   3   0  13   0   4   2   2   1  14   6   7   1   1   1   3  20   0   0  14  0.18 0.18
  337 F   -5 -6 -7 -7 -4 -7 -7 -7 -5 -2  2 -7 -1  8 -7 -6 -4 -3  1 -2    0   0   0   0   0   0   0   0   0   2  19   0   1  72   0   0   1   0   3   2  2.09 0.72
  338 G   -4 -3  1  1 -4 -3 -2  7 -5 -7 -6 -2 -6 -4 -5 -3 -4 -6 -6 -6    0   1   7   7   0   1   3  76   0   0   1   3   0   1   0   0   0   0   0   0  1.67 0.62
  339 F   -5 -5 -4 -6 -5 -5 -5 -5 -5  2  2 -5  3  8 -6 -5 -4 -1  0 -2    0   0   1   0   0   0   0   1   0  10  20   1   6  56   0   0   0   0   2   1  1.51 0.57
  340 I   -1  0  1  1 -3  0  2 -1 -1 -3 -4  2 -2 -3 -1  2  2 -4 -3 -3    2   3   7   9   0   2  16   4   1   1   1  16   1   1   3  15  17   0   0   1  0.36 0.24
  341 F   -2 -2  2  4 -4  0  1 -2 -1 -1 -2  1 -3  3 -1 -1 -2 -2  2 -2    2   2   8  25   0   3   8   2   1   3   3   9   0  16   3   3   2   0   7   2  0.34 0.21
  342 D   -2 -2 -1  1 -2 -1 -1 -3  1  1 -1 -2 -2  3 -2 -2 -2  0  6  0    3   2   2   7   1   2   5   2   3  10   5   2   1  13   2   2   2   1  31   6  0.51 0.25
  343 R   -1  3 -1  0 -1  0  2 -2  2 -2 -2  2 -2 -1 -2  0  0  3  1 -1    3  15   2   4   1   3  14   2   6   2   3  14   1   3   1   5   6   5   6   4  0.22 0.15
  344 I    0 -3 -3 -4 -1 -3 -3 -3 -2  3  2 -3  2  2 -2 -2 -2 -2  2  3   10   1   1   1   1   1   1   1   1  17  18   1   5   8   1   1   1   0   9  21  0.37 0.20
  345 D   -1  3  1  0 -2  1  3 -2  0 -3 -2  2 -1 -1 -2  0 -1 -2  0 -1    6  20   6   5   1   4  18   2   1   1   2  12   1   3   2   5   3   0   4   4  0.26 0.16
  346 L   -3 -3 -4 -4 -3 -3 -4 -4 -4  1  5 -4  0  2 -3 -3 -2 -1  0  0    2   1   1   1   0   1   1   1   0   8  60   1   1  10   2   1   2   1   3   5  0.82 0.34
  347 S    0 -2 -2 -2 -2 -2 -2 -1 -4 -4 -3  0 -4 -4 -3  6 -1 -5 -4 -4    6   2   1   1   1   1   2   4   0   1   3   6   0   0   1  69   2   0   0   1  1.16 0.54
  348 L   -2 -3 -4 -4 -3 -3 -4 -4 -4 -1  3 -1 -1  1 -4 -2  5 -4  0  1    1   1   0   1   0   0   0   1   0   1  31   4   1   5   0   1  40   0   3   8  0.73 0.40
  349 H   -1  7  0 -4 -3 -2 -2 -3  2 -5 -4  1  0 -3  0 -3 -3  3 -1 -4    4  54   3   0   1   1   2   2   6   0   1   7   2   1   6   1   1   4   2   1  1.02 0.45
  350 D   -2 -2 -1  4 -2 -1 -1 -1 -2 -1  2 -1 -1 -1  2 -1 -2 -2 -2 -1    3   2   2  29   1   3   3   4   1   3  24   4   1   3   9   3   2   0   1   3  0.32 0.16
  351 P    1 -1 -1 -1 -2 -1  0  0 -2 -2 -2  0 -1 -2  4  3 -1 -2 -1 -2   10   3   2   2   1   2   7   6   1   2   4   6   1   2  20  24   2   0   2   3  0.34 0.15
  352 K    0 -1  1  1 -2  0  1 -1 -1 -2 -2  2 -2 -2 -1  0  4 -2 -2 -2    8   3   7   6   1   3   9   4   1   2   3  12   1   1   2   4  29   0   1   2  0.26 0.15
  353 N   -2  4  3  2 -2  0 -1 -1  1 -2 -2  2 -1 -2 -2 -1 -1 -2 -2 -2    3  26  16  13   1   3   3   3   3   2   3  10   1   1   2   3   3   0   1   3  0.39 0.17
  354 Q   -3 -3 -2 -3 -5 -2 -3 -1 -3 -4 -4  2 -1 -5  7 -1 -2 -6 -5 -5    1   1   1   1   0   1   1   5   1   1   2  14   2   0  60   4   3   0   0   1  1.52 0.60
  355 S   -1 -3 -1  4 -5  1  6 -2 -2 -3 -5  1 -4 -5 -3 -1 -2 -5 -4 -4    4   0   2  19   0   6  47   4   1   2   1   6   0   0   1   4   2   0   0   1  0.92 0.46
  356 K   -3 -1  2  0 -5  0 -1 -2  1 -5 -5  7 -4 -6 -3 -1 -3 -6 -3 -4    1   1  11   6   0   3   2   3   3   0   1  61   0   0   1   4   1   0   1   1  1.18 0.56
  357 F    0  1 -5 -6 -1 -4 -4 -5  1 -4 -4 -3 -4  5 -6  1 -3  0  7 -4    7   8   0   0   2   0   0   0   3   0   0   1   0  21   0  11   1   1  42   0  1.31 0.58
  358 I   -1 -4 -5 -5 -3 -4 -5 -4 -1  5  3 -5  4  0 -5 -3 -3 -4 -1  3    4   0   0   0   0   0   0   1   2  30  26   0  11   4   0   1   1   0   2  18  0.75 0.38
  359 D   -2 -5 -1  0 -7 -4 -4  7 -6 -8 -7 -3 -7 -7 -4 -4 -5 -2 -7 -6    3   0   3   6   0   1   1  82   0   0   0   1   0   0   1   1   0   1   0   0  1.96 0.75
  360 N   -2 -3  3  5 -5 -1  3 -3 -3 -6 -6 -1 -5 -5 -4  3  2 -6 -5 -5    2   1  11  28   0   1  19   1   0   0   0   3   0   0   0  22  12   0   0   0  0.81 0.45
  361 P   -2 -2 -1  5 -5 -2  2 -4 -4  2 -1 -1 -3 -4  3 -2 -2 -6 -5 -1    3   1   2  32   0   1  12   0   0  11   7   4   0   0  17   2   2   0   0   4  0.62 0.36
  362 G    1 -2 -3  1 -4  1  6 -4 -2 -5 -5  2 -5 -5 -3  0 -3 -6 -4 -4   14   1   1   7   0   5  51   1   1   0   1  12   0   0   1   5   1   0   0   1  0.96 0.51
  363 L   -1 -2  0  1 -3  1  0 -3 -2  1  1 -1  3 -2 -3 -2  2 -4 -1  1    4   1   4  10   0   6   5   1   0  10  16   2  11   1   0   1  15   0   2  10  0.21 0.20
  364 W   -6 -6 -9 -9 -8 -7 -8 -8 -8 -8 -7 -8 -7 -5 -9 -8 -8 13 -3 -8    1   0   0   0   0   0   0   0   0   0   0   0   0   0   0   0   0  98   0   0  5.15 1.48
  365 R   -1  0  3  5 -5  0  4 -4 -2 -4 -5  0 -5 -6 -4 -2 -3 -6 -4 -4    5   4  13  34   0   4  27   0   1   1   1   6   0   0   0   1   1   0   0   1  0.93 0.47
  366 E   -1  3  0 -1 -5  2  1 -3  1 -2 -1  4  0 -2 -4 -1 -1 -3 -2 -2    6  15   4   3   0  10   9   1   4   2   6  27   3   2   0   3   3   0   1   2  0.37 0.26
  367 S    7 -5 -5 -6 -1 -5 -5 -3 -6 -5 -5 -5 -3 -6 -4  1  0 -2 -6 -3   82   0   0   0   1   0   0   1   0   0   1   0   1   0   0   9   4   1   0   1  1.69 0.75
  368 E   -4 -4 -4 -3 -7  2  7 -6 -4 -2 -6 -3 -4 -7 -5 -2  2 -7 -6 -5    1   0   0   0   0   7  72   0   0   2   0   0   0   0   0   2  14   0   0   0  1.75 0.78
  369 S    2  0  2  1 -2  1  1  0 -2 -4 -4  3 -3 -5 -3  1 -1 -4 -2 -3   19   4  11   8   1   7  11   6   0   0   0  19   0   0   0  10   3   0   1   1  0.36 0.26
  370 Q    4 -3 -2 -1 -2  2  0 -2 -1  1 -1 -1  1 -3 -4  0  0 -1 -3 -1   37   1   1   3   0  12   4   3   1   9   4   2   5   0   0   7   6   1   0   4  0.35 0.29
  371 M   -4 -6 -7 -7 -3 -6 -7 -7 -7  1  6 -6  2 -3 -7 -6 -3 -6 -5 -1    1   0   0   0   0   0   0   0   0   6  83   0   5   0   0   0   1   0   0   3  1.71 0.69
  372 E    0  4 -3 -3 -5  1  3 -4 -2 -1 -3  4 -2 -5 -4 -2 -2 -5 -4 -2   10  25   0   0   0   4  21   1   0   4   3  23   1   0   0   2   2   0   0   3  0.64 0.38
  373 N    0  1  2  2 -2  2  3 -2  0 -4 -4  3 -3 -4 -4  0 -1 -5 -3 -3    7   6  10  12   1   7  24   2   2   0   1  16   0   0   0   6   3   0   1   2  0.45 0.29
  374 V    6 -5 -5 -5 -2 -4 -4 -2 -5  2 -2 -4 -1 -4 -4  0 -2 -6 -5  2   58   0   0   0   1   0   1   2   0  10   3   0   1   0   0   7   2   0   0  15  1.01 0.54
  375 L   -1 -6 -5 -7  1 -6 -6 -5 -6  0  6 -6  2 -2 -6 -4 -4 -5 -5  0    6   0   0   0   3   0   0   1   0   4  74   0   5   1   0   1   1   0   0   5  1.32 0.59
  376 K   -2  0  3  4 -5  1  3 -4 -1 -2 -4  3 -3 -5 -4 -1 -1 -6 -4 -3    2   4  14  21   0   4  19   0   1   3   1  20   1   0   0   4   3   0   0   2  0.59 0.35
  377 D    1  2  0  2 -4  1  4 -2  0 -4 -3  3 -4 -5 -4  0 -1 -5 -4 -4   12   9   5  11   0   4  26   2   2   0   2  17   0   0   0   6   3   0   0   0  0.48 0.31
  378 L    0  0  1 -3 -2 -1 -1 -3  0 -1  1  1  2  3 -3  1  0 -1 -1 -1   10   6   8   0   1   2   2   1   2   2  14  10   5  13   0  14   7   1   1   2  0.15 0.18
  379 N   -3 -3  2 -1 -5 -2 -1  6  0 -7 -7  3 -6 -4 -4 -3 -4 -6 -5 -6    1   1  10   4   0   1   3  59   3   0   0  15   0   1   1   1   0   0   0   0  1.26 0.57
  380 I   -2  0 -3 -3 -1 -2 -1 -2 -1  3  3  0  2 -1 -4 -3 -2  2 -1  1    2   5   1   1   1   1   5   3   2  23  26   7   5   2   0   1   1   3   2  11  0.31 0.23
  381 Q   -1  0  1  3 -4  0  2 -4 -2 -5 -5  2 -4 -6  4  0  0 -6 -4 -4    5   4   6  14   0   3  14   1   1   0   0  16   0   0  24   5   5   0   0   1  0.64 0.36
  382 Y   -3 -6 -7 -7 -2 -6 -6 -5 -2 -5 -3 -6 -4  4 -5 -4 -4  8  8 -3    3   0   0   0   1   0   0   1   1   0   2   0   0  16   1   2   1  22  51   1  2.19 0.83
  383 Q   -2  0 -2  0 -4  1  3 -2 -2 -1 -3  2 -2  0 -4  0  2 -1 -1  1    2   5   1   4   0   7  21   2   0   4   1  16   0   4   0   6  12   1   3  13  0.28 0.25
  384 K   -3 -2 -4 -3 -4 -3  3 -5 -4  4  2  0 -1 -3 -2 -4 -2 -4 -2  3    1   2   0   1   0   0  19   0   0  25  18   6   1   1   2   0   2   0   1  20  0.54 0.35
  385 E    1 -2  5  2 -1  0  1 -1 -1 -2 -3  1  0 -4 -4 -1 -2 -5 -3 -1   13   1  30  13   1   4   9   3   1   2   2   9   3   0   0   3   2   0   1   4  0.46 0.31
  386 I   -2 -3 -3 -2 -6 -1  5 -5 -2 -1 -4  0 -4 -5  5 -3 -4 -5 -3 -1    4   1   1   2   0   1  42   0   1   4   1   4   0   0  30   1   1   0   1   5  1.11 0.57
  387 G   -3 -6 -2 -1 -6 -5 -4  7 -5 -8 -8 -1 -7 -7 -6 -4 -6 -2 -7 -7    1   0   2   3   0   0   1  87   0   0   0   3   0   0   0   1   0   1   0   0  2.17 0.83
  388 A   -4 -5 -3  6 -7 -2  6  1 -4 -7 -7 -4 -6 -7 -5 -4 -5 -7 -7 -7    1   0   1  37   0   1  48  11   0   0   0   0   0   0   0   1   0   0   0   0  1.62 0.72
  389 A    4 -6 -5 -5 -6 -5 -6  6 -6 -6 -5 -5 -6 -7 -6 -3 -3 -7 -7 -4   36   0   0   0   0   0   0  60   0   0   1   0   0   0   0   0   2   0   0   1  1.72 0.73
  390 A    7 -6 -3 -5 -5 -4 -4 -4 -2 -5 -6 -3 -5 -6 -5 -2 -1 -7 -6 -1   87   0   1   1   0   1   1   0   1   0   0   1   0   0   0   2   3   0   0   4  1.85 0.81
  391 F   -7 -8 -8 -8 -7 -8 -8 -8 -3 -4 -4 -8 -5 10 -4 -5 -7 -4 -1 -6    0   0   0   0   0   0   0   0   1   1   1   0   0  95   1   1   0   0   0   0  3.24 1.08
  392 Y   -7 -7 -4 -8 -8 -6 -5 -8 -2 -6 -6 -7 -6 -2 -8 -7 -7 -3 10 -6    0   0   1   0   0   0   1   0   1   0   0   0   0   0   0   0   0   0  97   0  3.60 1.21
  393 G   -2 -7 -5 -6 -7 -6 -7  8 -6 -8 -8 -6 -7 -7 -7 -4 -6 -2 -7 -7    3   0   0   0   0   0   0  94   0   0   0   0   0   0   0   1   0   1   0   0  2.57 0.91
  394 P   -5 -7 -7 -6 -8 -6 -6 -7 -7 -8 -8 -6 -7 -8  9 -6 -6 -9 -8 -4    1   0   0   0   0   0   0   0   0   0   0   0   0   0  97   0   0   0   0   1  3.39 1.15
  395 K   -4 -2 -5 -5 -7 -2 -2 -4 -5 -7 -5  8 -6 -7 -6 -4 -3 -7 -6 -7    1   0   0   0   0   1   2   1   0   0   1  92   0   0   0   1   1   0   0   0  2.46 0.94
  396 I   -3 -7 -7 -7 -5 -7 -7 -8 -7  7  2 -7  0 -2 -7 -6 -4 -6 -5  1    1   0   0   0   0   0   0   0   0  71  17   0   2   1   0   0   0   0   0   7  1.81 0.69
  397 D   -6 -6 -2  8 -8 -2  2 -5 -4 -7 -8 -3 -7 -8 -6 -3 -5 -9 -7 -4    0   0   1  83   0   1  10   0   0   0   0   1   0   0   0   2   0   0   0   2  2.35 0.87
  398 F   -5 -6 -7 -7 -1 -6 -7 -7 -6  5  0 -6 -1  6 -7 -6 -5 -3  0  3    0   0   0   0   2   0   0   0   0  38   7   0   1  32   0   0   0   0   2  18  1.37 0.56
  399 Q   -3  0 -1  0 -4  4 -1 -4  4  0 -2  2  3 -1 -4 -1  1 -5 -2 -1    1   3   3   5   0  24   1   0  13   5   4  14   8   2   0   4   7   0   1   5  0.46 0.33
  400 F    0 -5 -3 -6 -4 -5 -5 -5 -5  5  2 -5  2  1 -5 -4 -2 -5 -2  4    6   0   1   0   0   0   0   1   0  29  18   0   4   6   0   0   1   0   1  32  0.86 0.41
  401 K   -2  3 -2 -3 -4  0  1 -4 -1 -3 -3  5 -2 -1 -3 -1  0  0  0 -1    2  18   1   1   0   4   7   0   1   1   2  39   1   3   1   4   6   1   3   4  0.62 0.37
  402 T   -5 -5  1  8 -8 -5 -3 -5 -5 -7 -8 -5 -7 -8 -6 -1  0 -8 -7 -7    0   0   5  84   0   0   0   0   0   0   0   0   0   0   0   5   5   0   0   0  2.39 0.89
  403 I    5 -4 -3 -5  2 -4 -4 -3 -3 -1 -3 -3 -4 -4 -4  3 -2 -6 -2  2   53   1   1   0   4   0   0   0   1   2   1   1   0   0   0  20   1   0   2  13  0.96 0.53
  404 F   -4 -4 -2 -5 -5 -2 -6 -6 -1  4  5 -5  2  1 -6 -4 -3 -2  1 -1    1   1   2   1   0   2   0   0   2  26  49   0   5   5   0   1   1   0   4   1  0.92 0.45
  405 K   -3  0  1 -2 -5 -2 -3  7 -3 -8 -6  0 -6 -7 -6 -3 -5 -7 -7 -7    0   5   6   2   0   1   1  75   1   0   1   6   0   0   0   1   0   0   0   0  1.69 0.68
  406 K   -1  2  2  1 -3  2  0  1  3 -2 -3  1 -2 -3 -2 -1  1 -3 -2  0    0  11  11  11   0  11   0  11  11   0   0  11   0   0   0   0  11   0   0  11  0.21 0.12
  407 M   -2  1  0 -1 -6  0  5 -2  1 -1 -2  0  0 -1 -1 -1 -1  2  0 -1    3   8   4   3   0   3  34   3   3   4   3   6   3   3   3   4   4   3   3   4  0.38 0.26
  408 I   -3 -1  1 -1 -6 -1  1 -6  5  0 -3  0  0  0 -6 -3 -2  9  2 -2    2   4   6   3   0   2   9   0  15   7   2   6   2   4   0   2   2  25   6   3  0.96 0.48
  409 T   -1 -3 -3 -1  3  7 -1 -2  1 -5 -5 -1 -4 -6 -5 -1  4 -6 -5 -5    5   0   0   3   5  47   2   3   3   0   0   2   0   0   0   3  27   0   0   0  1.16 0.61
  410 I    0 -5 -2 -5  7 -2 -5 -1 -5  2  2 -4  2  0 -5 -2 -1 -4 -3  0    7   0   2   0  29   2   0   5   0  11  24   0   4   4   0   2   4   0   0   7  0.72 0.36
  411 A    2 -3 -1 -3 -1 -2 -2  2 -3 -2 -2 -2 -3  1  0  4  0 -4 -3 -3   20   0   2   0   1   0   0  19   0   3   4   0   0   6   5  33   4   0   0   0  0.42 0.26
  412 T   -3 -1 -3 -4 -4 -3 -3 -4 -4 -4 -4 -3 -3 -5 -4  1  7 -5 -4 -3    0   4   0   0   0   0   0   0   0   0   1   0   0   0   0   7  84   0   0   0  1.71 0.63
  413 I   -2 -4  0 -3  0 -3 -3 -5 -2  5  0 -4  0  0 -3 -2 -2 -4 -3  4    2   0   6   1   2   1   1   0   1  44   5   0   1   4   1   2   2   0   0  25  0.71 0.32
  414 Q   -3 -2 -3 -3 -5  8 -1 -2  1 -4 -2 -2 -3 -5 -4 -1 -3 -4 -4 -1    1   0   0   0   0  77   0   3   3   0   3   0   0   0   0   4   0   0   0   5  1.68 0.62
  415 L   -1 -3 -4 -4  1 -3 -3 -4 -3  2  4 -3  1  1 -3 -2 -2  0  1  2    3   1   0   1   3   0   1   1   0  13  43   1   1   6   1   2   1   1   4  17  0.45 0.19
  416 D   -4 -4 -1  8 -5 -3 -1 -4 -3 -5 -5 -3 -5 -5 -4 -3 -3 -5 -5 -5    1   1   0  90   0   0   1   1   0   1   1   1   0   0   1   1   1   0   0   1  2.10 0.56
  417 F   -3 -2 -4 -5 -2 -3 -4 -4 -3 -1  0 -4  0  8 -3 -3 -4 -2  3 -2    2   2   0   1   1   1   1   1   0   2   9   1   2  64   2   1   1   0   8   1  1.33 0.41
  418 L    0 -2  4 -2 -1  3 -1 -2  1 -2  0 -1  0 -1 -3 -1 -1 -3  0  0    9   1  27   1   1  20   1   1   3   1   8   3   2   2   1   3   2   0   4  10  0.32 0.22
  419 L    0 -3 -3 -4 -3  1 -3 -3 -2  0  4 -3  5 -1 -4 -2 -2 -3 -3  0    7   0   1   1   0   7   1   2   1   2  51   1  16   1   1   2   2   0   0   5  0.61 0.29
  420 P   -1 -3 -4 -4 -2 -3 -3 -1 -4 -4 -5 -2 -4 -5  8 -2  0 -5 -5 -4    5   1   0   1   1   0   1   5   0   1   1   2   0   0  73   2   5   0   0   1  1.88 0.53
  421 E   -1  0 -1  0 -3  2  4 -2 -1 -1 -3  3 -2 -4 -2 -1 -1 -4 -3 -3    4   4   2   4   1   9  35   2   1   4   3  23   1   0   1   3   2   0   0   1  0.51 0.26
  422 K   -2  7  1 -3 -3  0 -2 -3 -2 -2 -2  1  0 -3 -4 -2 -2 -4 -3 -4    3  63   5   1   1   3   1   1   1   3   4   7   3   1   0   2   1   0   1   1  1.11 0.42
  423 F   -2 -4 -5 -2 -4 -5 -5 -5 -4 -2  1 -5 -1  8 -5 -4 -3 -2  0 -3    3   0   0   3   0   0   1   1   0   0  14   1   1  70   0   1   2   0   1   1  1.63 0.51
  424 D   -2 -1  4  4 -4 -1  1  3 -1 -4 -4  0 -4 -4 -3 -1 -2 -4 -4 -4    2   2  19  30   0   2   8  23   1   0   1   7   0   0   0   2   1   0   0   1  0.67 0.29
  425 L    0 -4 -3 -4  0 -3 -4 -4 -4  2  5 -4  2 -2 -4 -3 -2 -3 -3  0   10   0   1   0   2   0   1   1   0   9  62   1   5   0   0   1   1   0   0   4  0.78 0.34
  426 T   -1 -1  1 -1 -2  0  2 -2  0 -2 -3  1 -2 -1 -2  1  3 -2  0 -1    3   2   6   2   0   4  17   2   2   2   1  10   1   3   0  12  26   0   3   4  0.27 0.20
  427 Y   -4 -4 -5 -5 -1 -4 -4 -5  0 -4 -4 -4 -4  3 -5 -4 -4 -1  9 -3    1   0   0   1   2   0   1   1   1   0   1   1   0   9   0   1   1   0  79   2  2.30 0.67
  428 I   -1 -1 -2 -3 -3 -1 -2 -4 -2  4 -1  0  0 -2 -3 -2  2 -4 -2  3    2   3   1   1   0   3   2   1   1  31   2   7   2   1   0   2  16   0   1  25  0.43 0.25
  429 D    1 -2  2  5 -4 -2 -1  3 -2 -4 -4 -2 -4 -4 -3  0  0 -4 -4 -3   11   1  11  33   0   1   1  24   1   0   1   1   0   0   0   5   6   0   0   1  0.66 0.31
  430 K    2 -1 -1  0 -3  1  4 -2 -1 -3 -3  2 -3 -3  1  1  0 -4 -3 -3   16   2   2   4   0   5  28   1   1   1   1  13   0   1   7  12   4   0   0   1  0.39 0.23
  431 K   -2 -2  2  6 -5 -1  2 -3  0 -4 -4  1 -4 -4 -3 -1 -2 -5 -3 -4    3   1  10  50   0   2  11   2   2   0   2   9   0   1   1   3   2   0   1   1  0.92 0.38
  432 N   -1 -3  4 -1 -5 -2 -1  6 -2 -5 -5 -2 -3 -5 -3 -1 -3 -5 -5 -5    3   1  18   3   0   1   4  56   1   0   1   1   1   0   1   3   1   0   0   0  1.02 0.44
  433 T    0  0  0  0  2  0  0 -1  1  0 -1  0  1  0  0  0  0 -2  1  0    5   5   5   5   5   5   5   5   5   5   5   5   5   5   5   5   5   0   5   5  0.03 0.05
  434 L   -1  2  0  0  0  0  1 -2  2 -1 -1  2  0  0  0 -1 -1 -3  1 -1    4  10   4   5   3   4   8   3   5   3   6  15   3   5   6   4   4   0   6   3  0.10 0.14
  435 K   -2  0  1 -2 -1  3  3 -3  6 -3 -4  3 -1 -5 -2 -1 -1 -5 -2 -2    4   5   5   2   1  11  16   2  17   2   2  18   1   0   2   3   3   0   1   3  0.56 0.40
  436 K   -1  3  1 -1  0  1  0 -1  1 -1 -1  0  0 -1  0  0  0 -4  0 -2    3  21   6   3   3   8   6   4   4   4   5   4   3   3   6   6   6   0   3   3  0.17 0.16
  437 P   -1 -5 -5 -5  3 -4  1 -1 -5  0 -2 -5  2 -6  6 -1  0 -6 -5  1    6   0   0   0   5   0   9   5   0   5   5   0   4   0  41   5   5   0   0   9  0.95 0.50
  438 V    0 -3 -4 -4  3 -3 -3 -4 -3  2  0 -1  1 -1 -3 -3 -2  0  1  5    8   0   0   0   7   0   1   1   0  12   3   5   3   2   0   1   1   1   4  48  0.53 0.28
  439 I    0 -3 -3 -4  0 -3 -3 -4 -3  3  1 -3  7 -1 -3  0 -1 -3 -3  2    6   0   0   0   2   0   1   1   0  14   9   0  37   1   0   7   2   0   0  17  0.67 0.33
  440 I   -1 -4 -4 -4 -3 -2 -4  0 -4  6  1 -4  0 -2 -4 -3 -2 -4 -3  2    5   0   0   0   0   2   1   7   0  58  12   0   2   0   0   1   1   0   0   9  0.76 0.33
  441 H   -4 -3 -2  0  0 -2  1 -4 10 -5 -5 -3 -4 -4 -4 -3 -1 -4 -1 -5    1   0   0   5   3   0   7   1  74   0   1   0   0   0   0   1   4   0   0   1  2.10 0.63
  442 V   -2  7 -2 -3  0 -1 -2 -1  0 -3 -3  0 -2 -2 -3 -1 -2 -1  1 -3    3  64   1   1   2   1   1   5   2   1   2   1   1   1   1   4   1   1   5   2  0.99 0.39
  443 G    4 -3 -2  1  0 -2 -2  1 -3 -3 -3 -2 -2 -3 -2  1  0 -3  0 -1   52   1   0   7   1   0   1  12   0   1   1   1   0   0   1   7   5   0   4   5  0.50 0.27
  444 I   -1 -3 -2 -3 -1 -2 -3 -3 -3  4  2  0  0 -1  3 -1 -1 -3 -2  2    3   1   1   1   1   0   1   1   0  31  18   6   2   2  14   5   2   0   1  12  0.35 0.19
  445 I   -2 -3 -3 -4 -1 -3 -3 -4 -1  2  3 -3  2  3 -3 -2 -2  4  2  1    2   1   1   1   1   0   1   1   1  11  32   1   5  17   1   2   2   7   6   9  0.41 0.19
  446 G    0 -2 -2 -2 -4 -3 -3  6 -3 -4 -4 -3 -4 -4 -3  0 -1  0 -4 -4    8   2   0   2   0   0   1  69   0   1   1   1   0   0   1   7   5   1   0   1  1.13 0.38
  447 T    0 -2  1 -2  2 -2 -2 -2 -3 -3 -3 -2 -3 -4 -2  5  2 -4 -3 -2    5   1   6   1   4   1   1   2   0   1   1   1   0   0   1  61  13   0   0   2  0.79 0.34
  448 Y   -2 -3 -3 -3 -2 -2 -3 -3  2  2  1 -3  3  3  1 -2 -1  0  2  1    1   1   0   1   0   1   1   1   6  14  16   1   9  18   7   2   2   1   7  12  0.28 0.15
  449 E   -3 -2 -2  0 -5 -1  7 -3 -1 -4 -1 -2 -3 -4 -3 -2 -3 -4 -4 -4    1   1   0   4   0   0  79   2   1   1   7   1   0   0   1   1   1   0   0   1  1.31 0.45
  450 R   -3  8 -3 -3 -5 -1 -2 -4  0 -4 -4  0  2 -4 -4 -3 -3 -4 -3 -4    1  83   0   1   0   0   1   1   2   1   1   2   5   0   1   1   1   0   0   1  1.65 0.50
  451 F   -3 -4 -4 -5 -2 -4 -4 -4 -3 -1  0 -4  4  7 -4 -3  0  0  1 -1    2   0   0   0   1   0   0   1   0   1   7   0  14  60   0   1   6   1   1   2  1.19 0.40
  452 I   -2 -3 -4 -4 -2 -3 -3 -4 -2  4  2 -3  5  3 -4 -3 -1 -2 -1  2    1   0   0   0   1   0   1   1   1  27  15   0  19  17   0   1   3   0   1  10  0.54 0.24
  453 A    4 -3 -2 -3 -1 -3 -3  4 -3 -3 -3 -3 -1 -4 -3  1 -2 -4 -4 -2   47   0   0   0   1   0   0  36   0   0   1   0   1   0   0   8   0   0   0   1  0.81 0.32
  454 A   -2 -2 -3 -4 -2 -2 -3 -3 -2  5  1 -3  1  2 -3 -3 -1 -1  1  2    1   3   1   0   1   1   0   2   1  40  11   0   2  11   0   1   4   1   4  15  0.45 0.21
  455 L   -2 -3 -4 -4 -3 -3 -4 -4 -4  1  5 -4  2 -1 -4 -4 -3 -1 -1 -1    1   1   0   1   0   0   1   1   0   6  75   1   5   1   1   1   1   1   2   1  0.93 0.34
  456 L   -2 -3 -3 -4  2 -3 -3 -4 -4  5  2 -3  1 -2 -3 -2  1 -3 -2  1    2   1   0   1   5   0   1   1   0  44  23   1   2   0   1   2  12   0   0   5  0.55 0.24
  457 E   -3 -2 -2  0 -5 -1  7 -4 -2 -5 -4 -2 -2 -5 -3 -2 -3 -4 -4 -4    1   1   0   2   0   0  87   1   0   1   1   1   1   0   1   2   1   0   0   1  1.64 0.52
  458 K   -3 -1  1 -2 -4  2  0 -3  9 -4 -3  0 -2 -2 -3 -1 -3 -4  0 -3    1   3   6   1   0   9   4   1  58   1   2   4   1   1   1   3   1   0   2   1  1.31 0.42
  459 T   -3 -3 -1 -4  1 -3 -3 -4  2 -2 -2 -3 -2  4 -4 -2  2  1  7 -2    1   1   2   1   3   0   1   1   4   1   2   1   0  19   1   1  17   1  42   2  0.95 0.37
  460 S    3 -1  0 -2 -2  0  0  3 -2 -3 -3  1 -1 -3 -2  0 -1 -2 -3 -2   33   1   4   1   1   4   4  25   1   1   1  12   2   1   1   4   1   0   1   1  0.38 0.20
  461 G   -2 -4 -3 -3 -4 -4 -3  7 -3 -4 -5 -3 -3 -4 -4 -2 -4 -1 -4 -5    1   1   0   1   0   0   1  87   1   1   1   1   1   1   1   1   1   1   0   1  1.77 0.52
  462 N    3  1  2  0 -2 -1 -1 -2  0 -2 -2  3 -2 -2 -2 -1 -1  1 -2 -1   29   7  10   4   0   1   2   1   2   2   2  28   0   1   1   1   1   2   1   4  0.33 0.22
  463 F   -4 -4 -4 -5 -2 -4 -4 -4 -3 -2  2 -4  0  7 -5 -4 -4  8  1 -2    1   1   0   1   1   0   1   1   0   1  22   1   2  46   1   1   1  19   2   1  1.32 0.42
  464 P   -3 -5 -5 -3 -2 -4 -4 -5 -5 -6 -6 -4 -6 -7  9 -3 -4 -7 -6 -5    1   0   0   1   1   0   0   0   0   0   0   0   0   0  93   1   0   0   0   0  2.88 0.78
  465 L   -1 -4 -4 -4 -2 -4 -4 -4 -3  0  3 -4  0  5 -2 -2  1 -3 -1  2    4   0   0   0   0   0   0   1   0   2  36   0   1  25   2   1  10   0   0  14  0.54 0.27
  466 W   -5 -6 -7 -7  0 -5 -5 -5 -3 -6 -5 -6 -5 -2 -7 -6 -6 13 -2 -6    1   0   0   0   2   0   1   1   1   0   0   0   0   1   0   0   0  91   0   0  4.20 0.98
  467 L   -3 -4 -5 -5  0 -4 -5 -5 -5  2  6 -5  2 -1 -5 -4 -3 -1 -2 -1    1   0   0   0   2   0   0   0   0   8  79   0   3   1   0   0   0   1   1   2  1.17 0.43
  468 A    4 -3  1 -3  1 -2 -3 -2 -2 -4 -4 -3 -2 -4 -3  5 -1 -5 -4 -2   40   0   5   0   2   1   0   0   1   0   0   0   1   0   1  44   2   0   0   1  0.85 0.41
  469 P   -4 -4 -5 -4 -6 -4 -4 -5 -4 -6 -6 -4 -5 -4  9 -3 -4 -3 -4 -5    0   1   0   0   0   0   0   0   0   0   0   0   0   1  93   1   1   0   1   0  2.81 0.75
  470 V    0  3 -2 -2 -1 -1  1 -4 -2  1 -1  0 -1 -2 -3 -2  1 -4 -2  3    6  20   1   1   1   1  12   0   0  10   3   3   0   1   1   1   9   0   1  29  0.27 0.20
  471 Q   -3 -2 -3 -3 -6  9 -1 -5  0 -4 -5 -2 -4 -6 -2 -3 -4 -5 -4 -4    1   0   0   0   0  91   0   0   1   1   0   1   0   0   2   0   0   0   0   1  2.27 0.75
  472 A    2 -4 -4 -4  0 -2 -4 -3 -4  3  0 -3 -1 -1 -3 -2 -1 -4 -3  5   23   0   0   0   1   1   0   1   0  15   4   0   1   2   1   1   1   0   0  47  0.63 0.31
  473 V    0  2 -2 -2  0  0 -1 -3 -2  2  0  1  2 -2 -3 -1 -1 -1 -2  2    9  15   1   1   2   3   3   1   1  18   6   8   8   0   0   4   3   1   0  17  0.17 0.15
  474 I   -2 -3 -5 -5 -2 -4 -4 -4 -5  5  1 -4  0 -2 -4 -4 -2 -4 -3  5    2   1   0   0   0   0   0   1   0  37  12   0   1   1   0   0   1   0   0  41  0.90 0.36
  475 I   -1 -4 -5 -5  1 -4 -4 -5 -4  5  3 -4  2 -2 -4 -3 -2 -4 -3  2    4   0   0   0   3   0   0   0   0  37  33   0   3   0   0   1   1   0   0  15  0.73 0.30
  476 P   -2 -4 -1 -4 -3 -4 -4 -4 -4 -2 -4 -3 -4 -5  7  1  2 -5 -3 -3    2   0   4   0   1   0   0   1   0   2   1   1   0   0  63  10  12   0   1   1  1.61 0.54
  477 V   -3 -4 -4 -5 -3 -4 -4 -5 -5  5  0 -4  0 -2 -2 -4 -2 -4 -3  5    1   1   1   0   0   1   0   0   0  36   4   0   1   1   2   1   1   0   0  49  1.02 0.40
  478 N    0 -2  3 -1 -2 -1 -1  2 -1 -2 -3 -1 -2 -3 -2  3  2 -3 -2 -1    6   2  14   1   0   1   2  13   1   2   2   1   1   1   1  31  15   0   1   3  0.36 0.20
  479 I    1  0  1  1 -1  0  0  0  0 -1 -1  0  0 -1  2  0  0 -2 -1 -1   15   3   7   9   1   4   5   7   2   3   6   5   3   2  11   7   4   1   2   4  0.10 0.04
  480 Q   -1 -2  1  5 -4  1  4 -2 -2 -4 -4  0 -4 -4 -1  1 -1 -4 -4 -4    4   1   5  32   0   6  28   2   0   0   1   4   0   0   2  11   2   0   0   1  0.69 0.31
  481 K    1  2  0 -1 -1  1  0 -1 -1 -2 -2  3 -2 -3 -1  1 -1 -3 -2 -1   14  13   5   2   1   4   5   2   1   1   3  28   0   1   2   9   3   0   1   5  0.25 0.17
  482 H   -1 -2  1 -1 -2  2  0 -3  7 -2 -2 -2 -3  3 -3 -1 -2 -1  2 -1    6   0   8   4   1  11   6   0  28   1   2   0   0  13   1   5   2   1   8   5  0.54 0.29
  483 L    0 -1  2 -1 -1  0  0 -2 -1  1  1  0  1  0 -2  0  0 -3 -1  1    9   3  16   3   1   3   7   2   1   8  13   4   5   4   1   6   3   0   2   9  0.06 0.08
  484 K    1 -2  0  4 -4  0  3 -1 -1 -3 -4  1 -3 -2  1  0 -2 -4 -3 -3   12   1   3  30   0   3  22   4   1   1   1   8   0   2   5   4   1   0   0   1  0.51 0.27
  485 A   -1 -3 -5 -5 -4 -4 -4 -4  2 -4 -4 -4 -3  2 -5 -3 -4  1  9 -2    5   1   0   0   0   0   1   1   5   0   1   1   0   5   0   1   1   2  71   2  2.00 0.72
  486 A    6 -3 -4 -5  3 -3 -4 -1 -5 -1 -3 -4 -2 -5 -4  0 -2 -5 -5  1   68   1   0   0   5   0   0   3   0   2   2   0   1   0   0   5   2   0   0   8  1.07 0.51
  487 K   -1  2  1  0 -4  3  3 -2  1 -3 -1  3 -2 -2 -3 -1 -1 -1 -1 -3    5  11   6   3   0  14  18   2   4   1   5  18   1   2   0   2   4   1   2   1  0.32 0.22
  488 K    0  0  0  0 -4  2  3 -2  0 -4 -3  4 -2 -4 -3  0  0 -3 -2 -3    8   3   4   4   0  10  25   2   1   0   1  26   1   0   0   7   4   0   1   1  0.48 0.29
  489 L   -2 -5 -5 -6 -3 -5 -5 -6 -6  4  2 -5 -1 -2 -5 -4 -2 -3 -3  6    3   0   1   0   0   0   0   0   0  23  16   0   1   1   0   0   1   0   0  52  1.09 0.47
  490 Y    2  1 -1 -2 -1  2  0 -2  1 -1  0  2 -1 -1 -2 -1  0 -1  1  0   20   8   2   1   1   9   4   1   3   1   9  13   1   3   1   3   5   1   6   9  0.12 0.15
  491 N    1  1  2  2 -3  2  2 -2 -1 -4 -3  2 -2 -3 -3  1 -1 -4 -3 -3   12   8  10  13   0  10  14   2   1   0   1  14   0   1   0   8   3   0   0   1  0.36 0.23
  492 K    0  3 -1 -1 -4  3  2 -3 -1 -1 -1  3  0 -1 -3  0 -1 -4 -2 -2    7  14   2   2   0  13  15   1   1   5   6  18   2   3   0   4   3   0   1   2  0.28 0.21
  493 L   -3 -5 -6 -7 -1 -5 -6 -7 -6  1  6 -6  2  4 -6 -5 -4 -3 -3 -2    2   0   0   0   1   0   0   0   0   6  69   0   5  15   0   0   0   0   0   1  1.33 0.55
  494 L   -2  3 -1 -2 -2  1  0 -3  3  0 -1  3  0 -1 -3  0 -1 -1 -1 -1    2  21   2   2   1   5   6   1   8   5   6  19   2   3   0   9   2   1   2   4  0.28 0.21
  495 K    1  0  1  2 -3  1  3 -1 -1 -4 -2  2 -2 -4 -3  1 -2 -5 -3 -3   14   4   7  13   0   6  18   4   1   0   3  15   1   0   1  10   1   0   0   1  0.34 0.23
  496 E    3  0  2 -1 -2  0  1 -2  2 -3 -1  1 -2 -3 -2  0 -2 -3 -1 -2   31   5  11   2   0   4  10   2   5   1   7   8   1   1   1   5   1   0   2   1  0.26 0.23
  497 N   -3 -1  3  1 -4 -3 -1  6 -1 -6 -5  0 -3 -5 -4 -3 -4 -3 -3 -6    0   3  12   9   0   1   4  58   2   0   1   5   1   0   0   1   1   0   1   0  1.14 0.51
  498 I   -4 -6 -6 -6 -3 -6 -6 -6 -3  5  2 -6  0  5 -6 -5 -4 -3  2  2    1   0   0   0   0   0   0   0   0  34  20   0   2  23   0   0   0   0   8  11  1.05 0.46
  499 R   -3  7 -1 -4 -4 -1 -3 -5  2 -5 -4 -2  3 -1 -4 -3 -4 -2  0 -5    2  66   3   1   0   2   1   0   5   0   1   0   7   3   1   1   0   1   3   1  1.53 0.67
  500 V    3 -5 -5 -6  1 -5 -5 -4 -6  1 -3 -4 -3 -2 -4 -1  0 -6 -3  6   24   0   0   0   3   0   0   1   0   5   1   0   0   1   0   5   5   0   1  52  1.03 0.52
  501 N   -3 -2 -2  4 -6  0  5 -4  0 -4 -4  0 -5 -1 -4  0 -1 -4 -2 -3    2   1   1  24   0   2  41   1   2   1   2   5   0   3   0   6   5   0   1   2  0.85 0.45
  502 L    0 -5 -4 -6 -1 -4 -4 -3 -2  4  2 -4 -1 -1 -5 -2  0 -5 -2  4    7   0   0   0   1   0   1   2   1  20  21   1   1   3   0   2   4   0   1  35  0.68 0.36
  503 D   -4 -4  0  8 -7 -4 -1 -6 -5 -5 -5 -3 -5 -4 -5 -3 -5 -3 -2 -5    2   1   4  82   0   0   2   0   0   1   1   1   0   1   0   1   0   1   2   1  2.19 0.83
  504 D    0 -2  1  4 -2 -2  0 -2 -2 -2  1 -2 -1 -1 -1  0  1 -4 -1 -1    7   2   7  31   1   1   6   2   1   2  14   2   1   3   3   6   8   0   2   3  0.31 0.24
  505 N   -1  5 -2  0 -4 -1 -1 -1 -1 -6 -5  0 -3 -5 -1  4 -1 -4 -5 -4    4  37   1   5   0   1   3   5   1   0   0   4   1   0   3  29   4   0   0   1  0.80 0.46
  506 Q   -1 -3  5  3 -4  0  0  1 -2 -4 -5 -3 -4 -6 -1  2  0 -6 -5 -5    5   1  28  18   0   4   4  12   1   1   0   1   0   0   3  18   4   0   0   0  0.69 0.40
  507 D   -1  0  1  3 -1 -1  6  0 -2 -5 -4 -1 -4 -6 -5 -1 -2 -3 -5 -4    4   4   7  13   1   2  50   6   1   1   2   3   0   0   0   4   2   0   0   1  0.88 0.47
  508 R   -4  3 -1 -4 -5 -3 -4 -4 -3 -5 -5  4 -3 -5 -2  2  5 -6 -5 -5    0  14   2   0   0   0   0   0   1   0   1  22   0   0   2  17  39   0   0   0  1.03 0.56
  509 L   -5 -6 -7 -7 -5 -5 -6 -7 -6  4  5 -6  5 -1 -6 -6 -3 -5 -4  2    0   0   0   0   0   0   0   0   0  21  49   0  16   2   0   0   1   0   0  11  1.28 0.55
  510 A   -2 -2  5 -2 -5  2 -2  5 -4 -6 -6 -2 -5 -6 -1  2 -3 -6 -6 -6    3   1  24   1   0  11   2  37   0   0   0   2   0   0   4  14   1   0   0   0  0.96 0.50
  511 K    1  1 -1 -4 -6 -2 -2 -3 -2 -5 -2  6 -4  0 -5 -2 -4 -4  5 -5   10   5   2   1   0   1   1   1   1   0   4  49   0   3   0   3   1   0  18   0  1.05 0.54
  512 K   -4  3 -4 -5 -7  0 -4 -6 -5 -6 -4  8 -1 -7 -6 -4 -4 -7 -6 -6    1  14   0   0   0   3   0   0   0   0   1  78   1   0   0   0   1   0   0   0  2.07 0.84
  513 V   -5 -7 -7 -7 -5 -7 -7 -8 -7  8 -2 -7 -2 -5 -7 -6 -4 -7 -6  3    1   0   0   0   0   0   0   0   0  75   2   0   0   0   0   0   1   0   0  20  2.16 0.80
  514 R   -3  8 -4 -6 -8 -2 -5 -7 -1 -4 -4  1 -6 -5 -7 -4 -5 -7 -5 -5    2  83   0   0   0   1   0   0   1   1   2   6   0   1   0   1   0   0   0   1  2.31 0.89
  515 Q   -1  0  4  3 -5  1  4 -3 -1 -4 -4  0 -3 -5 -4 -1  0 -1 -4 -4    4   5  20  16   0   5  28   1   1   1   2   6   1   0   0   4   4   1   0   1  0.65 0.38
  516 A    6 -5 -1 -4 -1 -3 -5  0  3 -4 -4 -5 -4 -4 -5  0 -3  0 -2 -3   68   0   3   0   1   1   0   6   7   1   1   0   0   1   0   5   1   2   1   1  1.27 0.62
  517 I   -2  1 -3 -3 -1  6  4 -5  0  0 -5  0 -3 -4 -5 -1  0 -3 -3 -3    2   7   1   0   1  38  22   0   2   6   1   4   0   1   0   5   6   0   1   2  0.89 0.51
  518 I   -2 -2 -1 -2 -4  0 -1 -4 -2  2  3  1  2 -2 -3 -1  1 -4 -4  1    2   1   3   2   0   5   4   1   1   9  36   9   6   0   1   3   9   0   0   8  0.34 0.26
  519 E    2  0  1  0 -4  4  2 -3  0 -3 -1  1  1 -3 -4  0 -2 -1 -3 -3   17   5   6   6   0  19  12   1   2   1   7   9   5   1   0   6   1   1   1   0  0.34 0.28
  520 K   -4  3 -2 -4 -5  4 -3 -1  2 -7 -5  6 -4 -7 -5 -4 -5 -7 -3 -6    0  16   1   0   0  16   0   4   4   0   1  55   0   0   0   0   0   0   1   0  1.44 0.67
  521 I   -3 -6 -4 -6 -3 -6 -5 -7 -2  5 -2 -6 -3  1 -4 -5 -2 -1  5  4    1   0   1   0   1   0   0   0   1  33   1   0   0   5   1   0   2   1  22  30  1.20 0.56
  522 P   -4 -6  5 -5 -6 -6 -6 -4 -4 -8 -8 -3 -7 -7  8 -2 -5 -9 -7 -6    1   0  26   0   0   0   0   1   0   0   0   2   0   0  65   3   0   0   0   0  2.29 0.91
  523 L   -4 -6 -4 -8 -3 -5 -6 -8 -1  0 -1 -6 -2  5 -7 -6 -5 -1  9  0    1   0   1   0   1   0   0   0   1   4   6   0   1  18   0   0   0   0  59   7  1.96 0.78
  524 Q   -3 -6 -5 -7 -4  1 -5 -6 -6  5  1 -5  7 -2 -6 -4 -1 -3 -3  1    2   0   0   0   0   6   0   0   0  37  12   0  28   1   0   1   3   0   1   8  1.23 0.57
  525 L    0 -6 -6 -6  0 -5 -6 -2 -6  3  5 -5  0  2 -5 -5 -4 -1 -4  1   10   0   0   0   2   0   0   3   0  16  48   0   1  10   0   0   0   1   0   9  0.86 0.43
  526 I   -3 -7 -6 -7 -4 -6 -7 -7 -7  5 -2 -6 -2 -4 -6 -6 -1 -7 -5  7    1   0   0   0   0   0   0   0   0  29   2   0   0   0   0   0   3   0   0  63  1.73 0.70
  527 V   -2 -7 -7 -7  0 -6 -7 -7 -7  5  0 -6 -2 -3 -6 -6 -4 -6 -3  6    3   0   0   0   2   0   0   0   0  29   7   0   0   1   0   0   0   0   1  56  1.51 0.63
  528 G   -5 -7 -5 -6 -7 -7 -7  8 -7 -9 -8 -6 -7 -8 -7 -5 -6 -2 -8 -8    0   0   0   0   0   0   0  99   0   0   0   0   0   0   0   0   0   1   0   0  2.82 0.98
  529 D    0 -2  0  5 -6  1  4 -2 -3 -6 -6  1 -4 -7  0 -2 -4 -7 -5 -5    9   2   4  36   0   4  28   2   0   0   0   8   0   0   4   1   0   0   0   0  0.96 0.49
  530 K   -2  4  0 -2 -7  2  1 -4 -3 -6 -6  6 -4 -7 -5 -2 -4 -7 -5 -5    2  20   5   2   0   8   6   1   0   0   0  51   0   0   0   3   0   0   0   0  1.22 0.58
  531 E   -6 -5 -4  1 -8 -3  8 -7 -5 -8 -8 -4 -7 -8 -6 -5 -6 -8 -7 -7    0   0   1   7   0   0  92   0   0   0   0   0   0   0   0   0   0   0   0   0  2.59 1.00
  532 I    2  0 -3 -2  0  0 -2 -3 -3  2  0  0  3 -2 -3 -1 -1 -3 -2  3   17   5   1   1   2   5   2   1   0  11   9   7   9   1   1   2   2   0   1  21  0.23 0.17
  533 E    1 -2 -3  0 -4  2  6 -4 -2 -3 -4  2 -4 -5 -3 -2 -2 -4 -4 -3   13   1   1   4   0   9  48   1   1   1   1  12   0   0   1   2   3   0   0   2  0.87 0.42
  534 N   -1 -1  4  1 -3 -1  2  0 -2 -4 -3  1 -2 -4 -3  2  0 -4 -3 -3    4   2  25   8   0   2  11   7   1   1   2   9   1   1   1  19   5   0   1   1  0.45 0.25
  535 L    2  0  0  0 -1  0  0  1  0 -2 -1  0 -1 -2 -1  1  2 -2 -1 -1   18   3   5   5   1   4   6   9   2   2   6   5   1   2   2  11  13   1   1   3  0.11 0.07
  536 E   -2  1  4  0 -4  1  1  4 -1 -5 -5  2 -4 -5 -4 -2 -3 -5 -5 -4    1   8  19   6   0   7   7  31   2   0   1  14   0   0   0   2   1   0   0   1  0.67 0.36
  537 K    0 -2 -2 -3 -2 -1 -2 -4 -3 -2 -2  1 -1 -4 -4  2  6 -1 -3 -2    8   1   1   1   1   3   1   1   1   2   4   8   1   0   0  16  46   1   1   2  0.75 0.43
  538 L   -3 -6 -7 -7 -4 -6 -6 -7 -7  3  1 -6 -2 -1 -6 -6 -4 -6 -4  7    2   0   0   0   0   0   0   0   0  15  13   0   1   2   0   0   0   0   0  66  1.55 0.64
  539 T    2 -3  4 -2 -4 -3 -4 -3 -4 -5 -5 -4 -3 -6 -4  5  3 -6 -5 -3   19   1  18   1   0   1   0   1   0   0   0   0   0   0   0  38  17   0   0   1  0.95 0.54
  540 C   -3 -5 -7 -7 -3 -5 -6 -6 -6  4  1 -6 -2  0 -3 -5 -4 -3  0  6    1   0   0   0   0   0   0   0   0  18  12   0   0   4   2   0   0   0   3  58  1.24 0.56
  541 R   -6  9 -3 -6 -8 -3 -3 -7 -4 -8 -6 -2 -6 -8 -7 -5 -4 -5 -6 -6    0  93   1   0   0   0   1   0   0   0   1   1   0   0   0   0   1   0   0   0  2.78 1.01
  542 G   -1  2  1  0 -3  0  0 -1  0 -1 -1  1 -2 -1 -1  1  3 -2 -1 -2    3  10   7   6   0   4   5   3   2   3   8   7   0   2   2  11  20   1   2   2  0.14 0.15
  543 F   -3  7 -3 -5 -2 -1 -4 -5  2 -4 -1 -1 -4 -1 -3 -4 -4 -3  3 -4    1  63   1   0   1   2   0   1   5   1   6   2   0   2   1   1   1   0  10   1  1.45 0.64
  544 K   -2 -1  0  5 -3 -1  0  4 -1 -5 -3  1 -4 -2 -4  0 -1 -5 -3 -4    2   3   4  29   0   2   5  27   1   0   2   9   0   2   0   7   4   0   1   1  0.61 0.34
  545 G   -2 -1  2  1 -5  0  1  4 -1 -4 -4  1 -3 -5 -4  1 -1 -5 -5 -3    1   3  11   6   0   3  11  34   1   1   1  10   0   0   0  11   4   0   0   2  0.54 0.32
  546 E   -1  1  1  1 -5  1  2  3 -2 -4 -4  4 -3 -5 -2 -1 -1 -5 -4 -3    3   7   5   6   0   7  13  20   1   1   1  27   0   0   1   4   3   0   0   2  0.48 0.31
  547 K   -2  0  1  4 -4  3  2 -2 -2 -2 -3  1 -2 -4 -2 -2 -2 -5 -4  0    2   5   6  26   0  15  13   2   0   2   3  10   1   1   2   2   2   0   0   8  0.48 0.31
  548 I   -2  0 -1 -3 -2  3  0 -3  2  1  2  0  0 -1 -2 -1  1 -3 -2  0    2   5   2   1   1  14   5   1   6   9  26   4   2   2   1   5   8   0   1   5  0.21 0.20
  549 T   -2 -1  1 -2 -2  0  1  5 -1 -1 -4  0 -3  0 -2 -1  0 -5 -1 -2    2   4   6   2   1   4   9  42   2   4   1   6   0   4   1   2   5   0   2   3  0.50 0.30
  550 R    0  0  0  0 -2  1  1  0 -2 -1 -1  0 -1 -2 -1  1  2 -4 -3  0    8   3   4   5   1   5  10   9   1   3   4   7   2   2   2  10  16   0   0   9  0.12 0.13
  551 I   -3  0 -4 -6 -3 -2 -4 -6 -2  2  2  0  7  1 -5 -3 -2 -1  0  3    1   5   0   0   0   1   1   0   1  12  17   5  26   5   0   1   2   1   3  18  0.69 0.38
  552 S   -1 -2  0  1 -5 -2 -1 -1 -2 -5 -4  2 -4 -6  4  3  2 -5 -4 -4    5   1   3   7   0   1   3   4   1   0   2  13   0   0  22  24  13   0   0   1  0.59 0.38
  553 F   -2 -2 -5 -6 -4 -4 -4 -5 -5  3  4 -2  1  0 -2 -4 -1  0 -2  3    3   2   0   0   0   1   0   0   0  18  37   3   2   4   2   0   4   2   1  21  0.67 0.36
  554 N    0 -3  1  5 -6  1  4 -2 -2 -5 -5  0 -4 -6 -1  0  0 -6 -5 -4    9   1   5  29   0   5  28   2   1   0   0   5   0   0   3   5   5   0   0   1  0.73 0.41
  555 N    0 -2  0  3 -6  1  5 -3 -2 -4 -5  1 -3 -5 -4 -1 -1 -6 -4 -4    7   2   3  18   0   6  44   1   0   1   1   7   0   0   0   5   3   0   0   1  0.87 0.47
  556 F    1 -6 -7 -7 -2 -6 -6 -5 -6  0  2 -6 -2  8 -7 -5 -4 -2 -2  1   11   0   0   0   1   0   0   1   0   4  17   0   1  54   0   0   1   0   0  11  1.44 0.61
  557 V   -1 -2 -6 -6 -3 -3 -4 -5 -5  5  2 -1  1 -1 -5 -3 -2 -4 -3  3    5   3   0   0   0   1   1   0   0  37  22   3   2   2   0   1   1   0   1  20  0.78 0.39
  558 K    1  0  1  2 -5  1  3 -2 -2 -4 -4  3 -4 -5 -3  0 -1 -5 -5 -3   15   3   7  12   0   6  22   3   1   1   1  19   0   0   1   7   3   0   0   1  0.49 0.32
  559 R   -1  3  0 -1 -4  1  1 -4  1 -2  0  3  3 -1 -4 -1 -1  0  0 -2    5  20   3   2   0   5   7   0   3   2   9  19   8   3   0   4   2   1   3   1  0.31 0.24
  560 V   -3 -6 -7 -7 -1 -6 -6 -7 -6  4  4 -5  0  3 -6 -5 -3 -5 -3  2    2   0   0   0   1   0   0   0   0  27  42   0   2  11   0   0   1   0   0  14  1.05 0.47
  561 R   -1  2 -1 -2 -2  2  1 -3 -1 -2  0  4 -1 -3 -4  0  0 -5 -4  0    5  12   3   1   1  10   8   1   1   2   8  28   2   1   0   7   4   0   0   7  0.34 0.25
  562 R   -1  1  2  1 -4  2  4 -3  0 -4 -3  4 -3 -5 -3 -1 -1 -5 -4 -4    6   8   8   7   0   8  25   1   2   1   2  25   0   0   0   4   3   0   0   0  0.57 0.33
  563 D   -4 -4 -4  3 -8 -1  7 -6 -2 -7 -7 -3 -6 -5 -5 -4 -5 -7 -6 -6    1   0   0  15   0   1  82   0   0   0   0   1   0   0   0   0   0   0   0   0  2.05 0.73
  564 G    6 -3 -3 -3 -2 -3 -3  3 -4 -4 -4 -3 -3 -4 -3 -1 -2 -4 -4 -2   80   0   0   0   0   0   0  20   0   0   0   0   0   0   0   0   0   0   0   0  1.09 0.31

                      K         Lambda
Standard Ungapped    0.1403     0.3234
Standard Gapped      0.0410     0.2670
PSI Ungapped         0.1948     0.3177
PSI Gapped           0.0596     0.2670
