
Last position-specific scoring matrix computed, weighted observed percentages rounded down, information per position, and relative weight of gapless real matches to pseudocounts
           A  R  N  D  C  Q  E  G  H  I  L  K  M  F  P  S  T  W  Y  V   A   R   N   D   C   Q   E   G   H   I   L   K   M   F   P   S   T   W   Y   V
    1 M   -4 -5 -6 -7 -5 -4 -6 -6 -5  1  0 -5 10 -3 -6 -5 -4 -5 -5  0    0   0   0   0   0   0   0   0   0   6   5   0  83   0   0   0   0   0   0   5  2.55 0.74
    2 T   -2 -2  1 -3 -5 -1 -3 -4 -1 -4 -3  3  6 -4 -2  4  2 -6 -4 -3    2   1   6   1   0   2   1   1   1   0   0  19  21   1   2  28  13   0   0   1  0.77 0.48
    3 N   -4 -2  6  4 -6 -2 -1 -3  0 -7 -6 -1 -6 -7 -2  3  0 -7 -6 -6    1   2  39  21   0   1   3   2   2   0   0   3   0   0   2  18   5   0   0   0  1.12 0.56
    4 L   -1 -5 -6 -5 -3 -4 -6 -5 -5  3  4 -5  1  4 -3 -5 -3 -2  0  3    5   0   0   0   1   0   0   1   0  14  33   0   3  19   2   0   1   1   2  18  0.78 0.40
    5 L   -3 -5 -5 -6  0 -5 -5 -7 -6  4  4 -2 -1  2 -6 -3 -3  2  1  1    1   0   0   0   2   0   1   0   0  26  38   2   1   8   0   2   1   2   5   9  0.85 0.43
    6 E   -1  0  1  4 -5  3  3 -3  0 -5 -5  2 -5 -5 -4  0  0 -6 -4 -4    5   4   6  22   0  12  20   2   2   0   0  12   0   0   1   7   6   0   0   1  0.60 0.37
    7 D   -2 -2 -2  3 -5  0  5 -4  1  1 -2 -1 -2 -1 -4 -2  0 -4 -1  0    2   2   2  15   0   3  36   1   3   8   4   4   1   2   0   1   6   0   2   7  0.53 0.35
    8 L   -5 -7 -8 -8 -5 -4 -8 -8 -7  1  6 -6  1  0 -8 -6 -5 -6 -6 -2    1   0   0   0   0   1   0   0   0   5  84   0   3   4   0   0   0   0   0   2  1.90 0.80
    9 S   -2  2 -1 -1 -3  2  3 -4  1 -2  1  3 -2 -2 -4 -1 -1 -5 -2 -2    2   9   2   3   1  10  20   0   3   2  14  19   1   2   0   5   4   0   1   3  0.37 0.29
   10 F    0 -1  0  1 -4  1  4 -3 -2 -5 -3  1 -3 -4 -4  1  0  6 -1 -5    9   3   5   7   0   6  27   2   1   0   2   7   1   1   0   9   6  13   2   0  0.60 0.39
   11 R   -7  9 -6 -6 -9 -4 -5 -8 -5 -8 -7 -1 -7 -8 -8 -6 -7 -8 -7 -8    0  95   0   0   0   0   0   0   0   0   0   2   0   0   0   0   0   0   0   0  3.15 1.19
   12 G   -4 -4  1 -2 -7 -3 -3  7 -3 -8 -7 -1 -7 -5 -7 -3 -6  0 -6 -7    1   1   5   2   0   1   2  79   1   0   0   4   0   1   0   1   0   1   0   0  1.93 0.81
   13 L   -2 -4 -6 -6 -2 -4 -5 -6 -2  1  4 -5  2  5 -4 -5 -2 -4  2  1    3   1   0   0   1   0   0   0   1   6  43   0   5  20   1   0   2   0   8   9  0.91 0.44
   14 I   -3 -5 -6 -3 -2 -5 -2 -6 -5  5  2 -5 -2  2 -5 -5 -3  1 -2  4    2   0   0   2   1   0   3   0   0  33  17   0   0   7   1   0   1   2   1  29  0.94 0.47
   15 Q    1 -2  2  0 -2  3  2 -3  5 -5 -5  2 -4 -2 -4  0 -3 -5  2 -4   12   1  10   6   1  12  12   1  13   0   0  14   0   2   0   6   1   0   7   1  0.52 0.36
   16 Q   -1 -3  0  4 -6  6  1 -2 -1  0 -4 -2 -4 -5 -5 -1 -2 -4 -3 -1    6   1   5  21   0  33   8   3   2   6   2   2   0   0   0   5   2   0   1   4  0.72 0.46
   17 M   -1 -3 -3 -5  4 -3 -4 -5 -1  4  1 -3  2  0 -5  0  1 -4  2  3    4   1   1   0   8   1   1   0   1  22  10   1   5   3   0   8   8   0   6  18  0.48 0.31
   18 T    0 -5 -3 -5 -5 -4 -5 -5 -1  1 -3 -5 -2  1  1  2  6 -6  0  0    6   0   1   0   0   0   0   0   1   6   2   0   1   6   7  16  45   0   3   5  0.92 0.56
   19 D   -2 -1  3  4 -5 -2 -1  0  3 -5 -5 -1 -4 -3  3  2 -2 -3 -4 -4    2   3  12  24   0   1   4   7   7   1   1   3   0   1  16  16   2   0   0   1  0.63 0.39
   20 E    0  2 -2  0 -4  0  4 -3  0 -2 -1  1 -1 -2  2 -1 -1 -2 -3 -1    7  13   2   6   0   3  26   2   3   2   6   8   1   2  10   4   3   0   0   4  0.32 0.24
   21 E    0  0  0  4 -4  0  4 -2 -1 -3 -4  1 -4 -5 -1  0 -2 -5 -5 -3    7   4   4  24   0   3  27   2   1   2   1   9   0   0   3   6   2   0   0   1  0.59 0.36
   22 G    2 -2  0  0 -4  0  2  2  0 -1  0  0 -2 -2 -3  0 -1 -2 -2 -2   16   2   5   4   0   3  15  17   2   3  13   6   0   1   0   5   2   1   1   2  0.18 0.18
   23 L   -3 -3 -5 -5 -3 -4 -4 -6 -4  2  5 -3  1  2 -6 -5 -1 -2 -4  0    2   1   0   1   0   1   1   0   0   9  60   2   2   7   0   1   3   0   0   7  1.02 0.49
   24 N    0  3 -1  3 -4 -1  2 -2  0 -2 -2  2 -2 -3 -2  0 -2 -3 -3 -2   10  15   2  18   0   2  15   2   2   3   3  12   1   1   2   7   2   0   1   3  0.33 0.25
   25 K    1  1  0  2 -5  2  3 -2 -1 -4 -3  4 -4 -5 -3  0 -2 -2 -4 -4   11   7   5   9   0   8  19   2   2   1   3  23   0   0   1   6   2   0   0   1  0.48 0.33
   26 Q    1  1 -3 -3 -2  0 -1 -3  3  1  3  1  1 -1 -3 -2 -2 -1  1  0   11   7   1   1   1   4   4   1   8   8  28   8   3   2   1   2   1   1   5   5  0.24 0.21
   27 L   -2 -4 -5 -2 -1 -3 -4 -5 -5  1  5 -3  3  1 -4 -3 -3 -3 -3  0    4   1   0   2   1   1   1   0   0   6  58   2   7   7   1   1   1   0   0   5  0.92 0.46
   28 N    1  1  2  1  0  1  1 -1 -1 -2 -2  2 -2 -3 -2  1  1 -4 -3 -3   10   6  10   7   2   5   9   4   1   2   3  11   1   1   1  13  11   0   0   1  0.21 0.18
   29 E   -1  0  2  0 -4  1  2  2 -1 -5 -5  2 -4 -5 -3  3 -1  0 -3 -4    4   6   8   4   0   7  12  14   1   0   1  14   0   0   1  21   3   2   0   1  0.40 0.30
   30 E   -2  2  0 -1 -4  1  1  3 -1 -5 -2  4 -4 -5 -1 -1 -2  0 -4 -3    3  11   4   2   0   5  10  21   1   0   4  27   0   0   2   4   2   2   0   1  0.49 0.32
   31 K   -3  3  0 -3 -2  1 -1 -2 -4 -5 -6  3 -2 -5  5  1 -3 -6 -6 -3    2  16   5   1   1   6   3   2   0   1   0  19   1   0  31   9   1   0   0   2  0.87 0.48
   32 I   -2  1 -2 -4 -3  2 -3 -5 -4  3  3 -2  0 -2 -1 -3  0 -3 -3  2    3   7   2   1   0  11   1   1   0  19  26   2   2   1   3   1   6   0   1  14  0.41 0.28
   33 R    0  3 -1 -4  1 -3 -3  1 -2 -2 -4  1 -3 -4 -3  2  4 -5 -3  0    7  15   3   0   3   0   0  11   1   1   0   8   0   0   1  13  28   0   1   8  0.49 0.36
   34 L    1 -6 -6 -6  0 -5 -6 -2 -6  4  1 -6 -1  3 -6 -4 -3 -4 -3  4   14   0   0   0   2   0   0   3   0  20  14   0   1  11   0   0   0   0   1  33  0.82 0.43
   35 Y   -8 -7 -8 -9 -8 -7 -7 -9 -4 -7 -7  2 -7 -2 -9 -7 -7 -4 10 -7    0   0   0   0   0   0   0   0   0   0   0  12   0   0   0   0   0   0  87   0  3.41 1.26
   36 S    2 -5 -3 -6  7 -2 -4 -4 -1  2  2 -5 -1 -1 -5 -1 -1  2 -2  2   17   0   1   0  21   2   1   1   1  11  17   0   1   2   0   5   3   3   1  13  0.65 0.37
   37 G   -5 -8 -6 -7 -8 -7 -8  8 -8 -10 -9 -7 -8 -9 -8 -6 -7  0 -9 -9    0   0   0   0   0   0   0  98   0   0   0   0   0   0   0   0   0   2   0   0  2.99 1.10
   38 F   -2 -7 -8 -8 -3 -7 -8 -8 -6  4 -2 -7 -1  8 -8 -6 -3 -3  1  2    4   0   0   0   1   0   0   0   0  23   2   0   1  54   0   0   1   0   3  11  1.77 0.72
   39 D   -8 -8 -4  9 -10 -6 -4 -7 -7 -9 -10 -7 -9 -10 -7 -6 -7 -10 -9 -9    0   0   0 100   0   0   0   0   0   0   0   0   0   0   0   0   0   0   0   0  3.41 1.25
   40 P   -1 -8 -8 -7  1 -7 -7 -7 -8 -7 -4 -7 -4 -9  9 -6 -6 -9 -9 -4    5   0   0   0   3   0   0   0   0   0   2   0   0   0  87   0   0   0   0   2  2.94 1.15
   41 T   -5 -7 -2 -6 -6 -6 -6 -7 -7 -7 -7 -6 -6 -8 -7  2  8 -8 -7 -6    0   0   2   0   0   0   0   0   0   0   0   0   0   0   0  12  86   0   0   0  2.57 1.09
   42 A    7 -4 -4 -5  0 -5 -5  1 -4 -6 -7 -4 -4 -6 -6  1 -3 -7 -4 -5   75   1   0   0   2   0   0  10   0   0   0   1   0   0   0   8   1   0   1   0  1.68 0.79
   43 D   -2 -1 -1  5 -7 -2  0 -4 -2 -5 -6  0 -6 -6  5  0 -1 -8 -6 -6    4   4   2  35   0   1   6   1   1   1   1   5   0   0  29   8   3   0   0   0  1.08 0.56
   44 S   -3 -4 -2  2 -3 -4 -4 -4 -4 -7 -7 -4 -5 -4 -6  7 -2 -5 -2 -6    1   1   2  10   1   0   1   1   0   0   0   1   0   1   0  77   2   0   2   0  1.78 0.87
   45 L   -6 -7 -8 -9 -6 -5 -8 -9 -8  1  7 -7  2 -1 -6 -7 -6 -7 -6 -3    0   0   0   0   0   1   0   0   0   7  84   0   5   2   0   0   0   0   0   1  2.01 0.85
   46 H   -8 -6 -4 -7 -9  1 -6 -7 11 -10 -9 -7 -8 -8 -8 -7 -2 -9 -5 -9    0   0   1   0   0   7   0   0  89   0   0   0   0   0   0   0   3   0   0   0  3.90 1.40
   47 I   -2 -7 -7 -8 -3 -7 -7 -7 -7  5  3 -7  0 -3 -6 -6 -4 -7 -5  5    3   0   0   0   0   0   0   0   0  30  29   0   1   1   0   0   0   0   0  35  1.36 0.62
   48 G   -5 -8 -6 -7 -8 -8 -8  8 -8 -10 -10 -7 -9 -9 -8 -5 -7 -8 -9 -9    0   0   0   0   0   0   0  99   0   0   0   0   0   0   0   1   0   0   0   0  3.03 1.17
   49 H   -7 -3  6 -5 -8 -4 -6 -6  9 -9 -9 -6 -7 -5 -8  0 -5 -9 -4 -8    0   1  40   0   0   0   0   0  50   0   0   0   0   0   0   7   0   0   0   0  2.69 1.09
   50 L   -1 -7 -7 -8 -3 -6 -7 -5 -7 -2  6 -7  3  1 -7 -3  0 -4  0 -3    5   0   0   0   1   0   0   1   0   2  69   0   6   4   0   2   6   0   3   1  1.39 0.69
   51 L   -2 -6 -6 -7 -2 -3 -6 -7 -7  3  4 -5  2 -2 -5 -4 -3 -6 -5  5    4   0   0   0   1   2   0   0   0  14  36   0   4   1   1   1   1   0   0  35  1.07 0.54
   52 P    1 -5 -3 -5 -3  2 -5  0 -6  0 -3 -5 -2 -6  6  0  1 -2 -5  2   10   0   1   0   1  10   0   7   0   4   3   0   1   0  35   6   7   1   0  13  0.82 0.51
   53 I   -4 -7 -8 -8 -4 -6 -7 -7 -5  5  5 -7  3  2 -7 -7 -5 -4 -3  0    1   0   0   0   0   0   0   0   0  29  50   0   5   7   0   0   0   0   1   6  1.38 0.64
   54 L   -4  1 -1 -6  0 -2 -5 -7 -3  2  2 -2  8 -2 -7 -3 -2 -1 -5  0    1   8   4   0   2   1   0   0   1  12  17   3  39   1   0   2   3   1   0   5  1.18 0.62
   55 T    2 -3  0 -4  1 -3 -3  1 -4  0  0  2  3 -1 -1 -1  1 -4 -3  1   16   0   5   0   3   0   1   9   0   5  10  15   8   2   3   3   8   0   1  11  0.21 0.23
   56 L   -2 -7 -7 -6 -2 -6 -8 -7 -8 -1  6 -7  4 -3 -8 -6 -5 -7 -6 -3    4   0   0   0   1   0   0   0   0   2  79   0   9   1   0   1   0   0   0   1  1.82 0.83
   57 R    0  4 -3 -3 -3 -2 -3 -4 -3  0  2  2 -1  2 -5 -1 -3 -2 -2 -2    7  26   1   1   1   1   1   1   1   6  21  14   1  10   0   4   1   1   1   2  0.50 0.35
   58 R   -4  4 -4 -3 -6  2 -2 -7  8 -2 -3 -2 -6 -3 -7 -5 -4  7 -1 -5    1  24   0   2   0   8   3   0  34   3   3   2   0   1   0   0   1  16   2   1  1.64 0.77
   59 F   -1 -7 -7 -6  3 -7 -7 -5 -6 -3  3 -7  3  7 -8 -4 -4  2  0 -4    5   0   0   0   7   0   0   1   0   0  28   0   8  44   0   2   1   2   2   1  1.47 0.68
   60 Q   -1  0 -3 -5 -5  7 -3 -4  3 -4 -3 -1 -3 -2 -6 -2 -3 -1  3 -3    4   5   1   0   0  55   1   1   6   1   3   3   1   2   0   3   2   1  10   3  1.40 0.76
   61 L   -1  4  0  1 -3  1  0 -4 -2 -1  1  3  0 -3 -1 -2 -3 -5 -4 -1    4  22   5   9   1   6   7   0   1   4  13  16   3   1   3   2   0   0   0   4  0.35 0.28
   62 A    3  0 -1 -4  2 -2 -2 -3  5 -3  1 -1  1  1 -5  0 -2 -1  2 -3   23   6   2   1   5   2   2   1  14   1  16   3   3   6   0   6   1   1   6   1  0.40 0.31
   63 G   -5 -4 -2 -4 -7 -5 -7  8 -7 -8 -8 -4 -7 -6 -7 -5 -6  0 -7 -8    0   1   2   1   0   1   0  90   0   0   0   1   0   0   0   1   0   1   0   0  2.53 1.01
   64 H   -5 -6  0 -7  1 -5 -6 -4 10 -3 -4 -5 -4  0 -7 -6 -4 -3  3 -6    1   0   5   0   3   0   0   1  69   2   2   0   0   3   0   0   1   0   9   1  2.69 1.07
   65 H   -4  4  1  0 -5  3  0 -3  3 -2 -4  4 -3 -4 -1 -1  0 -6 -3 -4    0  20   7   4   0  13   6   2   7   2   1  21   0   1   4   3   7   0   1   0  0.60 0.40
   66 P    2 -2 -6 -6 -3 -6 -6 -5 -6  2 -2 -5 -3 -6  6 -2  0 -7 -5  4   14   3   0   0   1   0   0   1   0   9   3   0   1   0  35   3   6   0   0  26  1.07 0.58
   67 I   -2 -7 -7 -7  0 -5 -7 -7 -2  7  0 -5 -3  0 -7 -6 -2 -6  1  4    3   0   0   0   2   1   0   0   1  51   7   0   0   4   0   0   3   0   5  23  1.37 0.63
   68 A    4 -2 -5 -5  2 -4 -5 -3 -4  2  1 -4 -1  2 -2 -1 -1 -3 -3  2   31   2   0   0   4   0   0   2   0   9  14   0   1  10   2   5   4   0   1  13  0.49 0.35
   69 L   -6 -7 -8 -8 -6 -7 -8 -8 -8  3  6 -7 -2 -5 -8 -7 -6  2 -6  2    0   0   0   0   0   0   0   0   0  12  71   0   0   0   0   0   0   2   0  14  1.75 0.78
   70 V   -3 -7 -7 -7  1 -6 -3 -7 -7  5  2 -7  2  0 -7 -5 -4 -7 -4  5    2   0   0   0   3   0   3   0   0  35  16   0   4   3   0   0   0   0   0  32  1.19 0.58
   71 G   -5 -1 -6 -7 -8 -7 -8  8 -8 -9 -9 -7 -8 -9 -8 -6 -7 -1 -8 -4    0   4   0   0   0   0   0  92   0   0   0   0   0   0   0   0   0   1   0   2  2.71 1.11
   72 G   -4 -2 -2  3 -7 -2 -3  6 -6 -7 -5 -4 -7 -8 -7 -1 -2 -1 -7 -7    0   3   2  18   0   2   2  63   0   0   2   1   0   0   0   4   3   1   0   0  1.55 0.74
   73 A    5 -6 -6 -6 -3 -3 -5  3  0 -6 -5 -6 -4  4 -3  0 -4 -2 -1 -4   52   0   0   0   0   1   0  18   2   0   1   0   0  14   1   6   1   1   2   1  1.18 0.66
   74 T   -6 -3 -6 -8 -7 -5 -7 -8 -8 -7 -8 -7 -7 -9 -8 -4  8 -9 -8 -4    0   2   0   0   0   1   0   0   0   0   0   0   0   0   0   0  96   0   0   1  3.04 1.35
   75 G    5 -2 -5 -6 -3 -6 -6  5 -1 -6 -7 -6 -6 -7 -4  1  0 -2 -7 -2   38   2   0   0   0   0   0  38   1   0   0   0   0   0   1   8   7   1   0   3  1.21 0.67
   76 L   -2  3 -4 -6 -4  2 -4 -4 -3 -2  3  2  6 -4 -5  0 -1 -6 -4 -3    2  18   0   0   0   8   0   1   0   2  25  11  19   0   0   7   3   0   1   1  0.76 0.50
   77 I   -5 -8 -8 -8 -3 -8 -8 -9 -2  8 -1 -8 -4 -4 -8 -7 -5 -8 -7  4    1   0   0   0   1   0   0   0   1  67   5   0   0   0   0   0   0   0   0  23  2.16 0.92
   78 G   -3 -3 -7 -8 -9 -8 -8  8 -8 -10 -10 -8 -9 -9 -6 -4 -8 -2 -9 -9    2   2   0   0   0   0   0  94   0   0   0   0   0   0   0   1   0   1   0   0  2.82 1.19
   79 D   -3 -4 -3  9 -10 -7 -5 -8 -8 -10 -10 -7 -10 -10 -8 -7 -5 -11 -10 -10    3   1   1  94   0   0   0   0   0   0   0   0   0   0   0   0   1   0   0   0  3.19 1.33
   80 P   -5 -4 -9 -3 -10 -8 -8 -9 -4 -9 -10 -8 -6 -4  9 -7 -5 -10 -9 -9    1   1   0   2   0   0   0   0   0   0   0   0   0   1  94   0   1   0   0   0  3.38 1.45
   81 S   -4  0 -3 -5 -6 -5 -4 -4 -6 -5 -7 -3 -7 -8 -6  7  3 -8 -7 -7    1   5   1   0   0   0   1   1   0   1   0   1   0   0   0  70  18   0   0   0  1.84 0.98
   82 G   -4 -7 -5  2 -5 -5 -4  7 -1 -4 -6 -6 -4  2 -7 -5 -6 -4 -4 -7    1   0   0  10   0   1   1  72   2   1   1   0   0   8   0   0   0   0   1   0  1.86 0.84
   83 K   -2  6 -5 -6 -1 -2 -3 -7 -2 -8 -7  6 -4 -8 -3 -5 -5 -8 -7 -6    3  43   0   0   1   2   1   0   1   0   0  45   0   0   1   0   0   0   0   0  1.89 0.89
   84 K   -1 -3  1  3 -5 -1 -1 -4 -3 -3  0  1  0 -5 -3  4  3 -6 -4 -3    4   1   7  15   0   2   3   0   1   2  10   9   2   0   1  27  16   0   1   1  0.50 0.41
   85 A    1 -2 -1  0 -5  1  2 -2 -4 -4 -3  2 -4 -5 -5  2  3 -6 -4 -3   13   2   3   5   0   6  15   2   0   1   2  14   0   0   0  14  21   0   1   2  0.48 0.39
   86 E    1 -4 -3  0 -7 -2  6 -4 -6 -4 -4 -2  1 -7 -5  1  2 -8 -7 -4   11   0   1   5   0   1  48   1   0   1   2   3   3   0   1   9  13   0   0   1  1.07 0.69
   87 R   -8  9 -5 -9 -11 -6 -7 -5 -7 -10 -9 -5 -8 -10 -9 -5 -8 -10 -9 -10    0  98   1   0   0   0   0   1   0   0   0   0   0   0   0   1   0   0   0   0  3.47 1.51
   88 T   -2 -2  2  1 -6  2  1 -5 -4 -3 -5  3 -3 -5  4  0  0 -7 -6  0    3   2  11   7   0   7   9   0   0   2   0  17   0   0  23   7   5   0   0   6  0.61 0.46
   89 L    0 -1 -4 -4 -4  2  0 -5 -2  1  3  0  4 -1  2 -2 -2 -5 -4  0    6   4   1   1   0   8   6   0   1   8  25   5  11   3  11   3   1   0   0   6  0.36 0.32
   90 N   -4 -4  0 -7 -6  1 -3 -5 -5  1  5 -3  5 -3 -4 -4 -4 -7 -6 -2    1   1   5   0   0   7   2   1   0   6  58   1  11   1   1   2   1   0   0   2  1.19 0.68
   91 T   -1 -3 -1  4 -4 -3  0 -2 -1 -5 -4 -2 -6 -3  0  4  4 -7 -6 -4    4   1   2  19   0   1   5   3   2   0   1   2   0   1   5  26  24   0   0   1  0.71 0.54
   92 A    0  2  0  1 -4  0  2 -1  1 -2 -1  2 -1 -3  1  0 -1 -2 -1 -1    9  10   4   7   0   4  13   3   4   2   6  12   2   1   7   7   3   1   2   4  0.15 0.16
   93 D    1 -3  0  4 -7  0  5 -3  0 -5 -7 -1 -6 -5 -5  0 -2 -7 -5 -4   12   1   3  20   0   3  38   2   2   1   0   4   0   0   0   8   2   0   0   2  0.92 0.60
   94 I   -1 -1 -1  1 -4  4  3 -5 -3 -1 -3  0 -2 -2 -5 -2  3 -4 -4  1    4   4   2   7   0  15  21   1   0   4   2   4   1   2   0   3  20   0   0   9  0.53 0.43
   95 V   -2  1 -7 -7 -4 -3 -5 -6 -5  5  2 -5 -2 -4 -7 -5 -2 -7 -4  4    3   8   0   0   0   1   0   0   0  33  20   1   0   0   0   1   3   0   1  28  1.09 0.59
   96 S    1  1  0  1 -3  2  3 -3  1 -2 -1  1 -1 -3 -4 -1  0 -5 -3 -2   12   8   5   7   1   9  20   1   3   2   7  10   1   1   0   4   5   0   1   3  0.29 0.27
   97 E    2  1  1 -1 -4  2  2 -3  3 -3 -3  2 -2 -4 -5  1 -1 -6 -1 -3   18   8   5   4   0   8  14   1   8   1   2  12   1   1   0   9   3   0   2   1  0.37 0.33
   98 W   -7 -4  9 -4 -9 -4 -6 -7  0 -9 -7 -6 -6 -4 -8 -5 -7  4 -2 -9    0   1  85   0   0   1   0   0   2   0   1   0   0   1   0   1   0   5   2   0  2.99 1.35
   99 S    3 -3 -4 -5  0 -3 -3 -3 -4  2  0  0  2  0 -5  0  1 -6 -3  3   22   1   0   0   2   1   2   2   0  13   8   5   6   4   0   6   8   0   0  19  0.41 0.32
  100 Q    2  2 -1  0 -4  2  3 -3 -2 -2 -2  2 -3 -4 -5  0 -1 -4 -4 -2   16   9   3   5   0   9  20   1   1   2   4  14   0   1   0   6   4   0   0   3  0.37 0.33
  101 K    1  1  1 -2  2 -2 -2  3 -1 -5 -3  2 -3 -4 -5  2  2 -6 -3 -4   12   7   7   1   5   1   2  19   1   0   2  12   1   1   0  14  12   0   1   1  0.41 0.34
  102 I   -5 -7 -7 -7 -4 -2 -7 -8 -3  7  2 -4  3  0 -7 -7 -6  0  4 -1    1   0   0   0   0   2   0   0   1  48  16   2   7   4   0   0   0   1  14   3  1.45 0.71
  103 K   -2  3 -3 -4 -3  2  1 -3  4 -3 -2  4  0 -2 -5  0  1 -2 -2 -2    3  15   1   1   1   7   9   2   9   2   5  22   2   2   0   8   7   1   1   3  0.46 0.35
  104 N    1  1  2  0 -3  1  2 -2  0 -3 -2  3 -1 -2 -2  0 -1 -5  0 -3   11   7  11   5   1   6  15   3   2   2   3  17   1   2   1   5   4   0   4   1  0.28 0.25
  105 Q   -4 -5  0 -4 -1  8 -4 -3 -1  0 -3 -3 -3 -5 -6 -1 -1 -4 -3 -1    1   0   4   1   1  63   1   3   1   5   3   1   1   0   0   4   3   0   1   4  1.68 0.93
  106 L    0 -6 -7 -5 -3 -4 -6 -7 -7  4  4 -5  2  3 -7 -5 -4 -6 -3  2    8   0   0   1   1   1   0   0   0  20  40   1   4  10   0   1   1   0   1  12  1.00 0.53
  107 S    0  1 -1 -1 -3  1  3  1  1 -4 -3  2 -2  1 -4  2 -1 -2 -2 -4    7   7   2   3   1   7  18   9   3   1   2  14   1   5   0  13   3   0   2   1  0.32 0.29
  108 R   -2  5  0 -3 -5  1 -3 -4  1 -4 -3  5 -1 -4 -2 -1 -1 -7 -2 -6    4  31   4   1   0   5   1   2   3   1   2  30   2   1   3   4   5   0   1   0  0.93 0.57
  109 F   -4 -4 -5 -3 -4 -6 -6 -3 -1  5  2 -5  1  5 -5 -3 -3 -1  0  1    1   1   1   2   0   0   0   2   1  26  17   1   3  26   1   2   2   1   3  10  0.92 0.49
  110 L   -3 -2 -4 -5 -1 -4 -5 -3 -2  2  4 -3 -1  4 -4 -3 -3  6  0 -1    3   2   1   1   1   1   1   2   1   9  38   2   1  16   1   2   2   9   3   5  0.79 0.44
  111 D   -2 -1  2  5 -3 -1  2  0  1 -4 -4  1 -5 -4 -2  0 -1 -6 -3 -4    3   3   8  33   1   3  10   7   3   1   2   9   0   1   2   7   3   0   1   2  0.62 0.39
  112 F   -3  1  4 -3 -3 -2 -2 -3  1 -1  0 -1  0  5 -1 -1 -2  1  1 -2    2   6  17   1   1   2   3   3   3   3   8   5   2  26   3   4   2   2   4   3  0.49 0.32
  113 E    0 -2  1  2 -3  1  3  1  3 -3 -3  0 -3 -2 -2  0 -1 -2 -2 -1    8   1   7  14   1   5  17  11   6   2   2   6   0   2   2   7   3   1   1   4  0.26 0.20
  114 A    0  0  0  2  0  0  1  1  0 -2 -2  2 -2 -2  1  1  0  2 -1 -2    6   5   4  10   2   2   7  10   2   2   4  14   1   1   6  10   4   4   2   2  0.15 0.13
  115 A    1 -1 -1  0 -1  0  0  3 -1 -1 -2  1 -3 -2  0  0  1  0 -2 -1   13   2   2   4   1   4   7  20   1   4   3  10   0   1   5   7   9   1   1   3  0.18 0.16
  116 E   -1  0  0  1 -2  1  2 -1  0 -2  0  1 -2 -3  2  0 -1  3  0 -2    5   4   3   8   1   7  15   4   3   3   8  10   1   1   9   6   3   4   3   3  0.14 0.14
  117 N   -1  0  4  0 -2 -1 -1  1  2 -2 -2  0 -1 -1  0  0  1  0 -2 -2    5   6  21   6   1   2   3  10   5   2   4   6   1   3   5   8   8   2   1   2  0.20 0.16
  118 P    0  2  0  1 -3  0  0  0  0 -3 -3  1 -2 -1  3  0 -1 -3 -2 -3    8  12   4   8   0   3   6   8   2   1   3  11   1   2  18   6   3   0   1   2  0.27 0.17
  119 A    3  0 -1 -2  0 -2 -2 -1 -1  0  0 -1 -1  0  1 -1 -1 -1 -1  1   29   5   3   2   2   1   2   4   2   6   9   3   1   4   7   3   4   1   2  12  0.17 0.16
  120 V   -1  1 -2 -1 -2  0  1 -2 -1  2  1  1  0 -1 -2 -1  0 -2 -1  1    4   9   1   2   1   5  13   2   1  14  13  10   1   2   1   2   7   1   1  10  0.11 0.12
  121 I   -3 -2 -5 -5 -2 -3 -5 -5 -3  5  2 -4  3  1 -4 -3 -2 -1 -2  4    1   3   0   0   1   1   0   0   1  30  16   0   8   6   1   2   1   1   1  27  0.77 0.41
  122 A   -1  2 -2 -3 -2 -1 -1 -4  0  1  2 -1  0  0 -3 -3 -2 -2 -1  4    4  13   2   1   1   2   4   0   3   5  20   4   2   4   1   0   1   1   2  29  0.32 0.27
  123 N   -4 -1  6  3 -3 -1 -2 -3  0 -5 -5 -3 -3  1 -5 -1 -2  2  3 -5    0   3  43  17   1   2   2   1   2   0   1   1   1   6   0   3   2   2   9   0  1.04 0.55
  124 N   -6 -5  9 -2 -6  0 -4 -5 -4 -7 -7 -2 -6 -7 -6 -4 -4 -7 -6 -6    0   0  87   2   0   4   0   0   0   0   1   2   0   0   0   0   0   0   0   0  2.69 1.07
  125 F    2 -2  1 -2 -2 -2 -2 -1  0 -1  0 -1  0  0 -4  3 -1 -1  3 -2   18   2   6   2   1   1   2   5   2   2  11   3   2   3   0  24   2   1  10   1  0.25 0.27
  126 D   -2 -2  0  5 -5  0  4 -4 -1 -4 -3 -1  0 -4 -1  0  0 -2 -3 -3    3   2   3  32   0   3  27   1   1   1   2   3   3   1   3   7   6   1   1   2  0.71 0.46
  127 W   -3 -7 -7 -8 -7 -6 -7 -4 -7 -3 -3 -7 -6  0 -7 -7 -7 13 -1 -7    3   0   0   0   0   0   0   2   0   2   2   0   0   4   0   0   0  84   2   0  4.10 1.42
  128 I   -3 -5 -3 -5 -1 -3 -5 -3  1 -1  4 -5  1  4 -5 -3  0  4  4 -2    2   0   1   0   1   1   0   2   4   3  42   0   4  14   0   1   5   5  12   1  0.74 0.47
  129 G    0  0  1  1  0  0  0  2  0 -3 -2  2 -1 -3 -2  2  0 -4 -2 -3    8   6   8   9   2   4   7  14   2   1   4  12   1   1   1  15   3   0   1   1  0.19 0.19
  130 K   -2  0  2  2 -5  1  2  1  0 -4 -4  3 -4 -5  0  0 -1 -5 -4 -4    2   4  12  11   0   7  12  10   2   1   1  24   0   0   5   7   2   0   0   0  0.43 0.34
  131 M   -2 -2 -3 -3 -4  0 -2 -5 -2  2  4 -2  6  0 -3 -4 -2  0  0  0    2   2   1   1   0   4   2   0   1   9  35   2  23   4   1   0   2   1   3   5  0.64 0.43
  132 N   -1  0  3  1 -4  0 -1  1 -1 -4 -3  1 -2 -3  1  3  2 -5 -2 -4    2   4  14   7   0   3   2  10   2   0   2   8   1   1   6  23  14   0   1   0  0.35 0.32
  133 V    0 -4 -4 -5  0 -2 -4 -3 -1  0  2 -4  2  4 -2 -2 -1  2  3  1    8   0   0   0   2   2   0   2   2   5  24   0   4  21   2   3   4   2   9  10  0.42 0.30
  134 I    0 -1 -2 -2 -3  1  0 -1 -1  2  2 -1  2  0 -1 -1 -1  0 -1  1    6   3   2   2   0   6   7   4   2  18  18   4   6   3   2   4   3   1   2   7  0.09 0.14
  135 D   -2  0  0  5 -5  0  3  0  0 -5 -5  0 -1 -2 -1 -1 -1 -5 -2 -3    3   4   3  35   0   3  22   6   2   0   0   5   2   2   2   3   3   0   2   2  0.64 0.42
  136 F   -2 -4 -5 -5  0 -4 -2 -3 -4  1  0 -4  2  7 -5 -1 -2  2  1  1    3   0   0   0   2   0   2   3   0   6   7   0   5  46   0   4   3   3   4   9  0.94 0.49
  137 L   -4 -4 -5 -6 -3 -5 -6 -6 -6  3  5 -5  3  0 -6 -5 -4 -2 -3  0    1   1   0   0   0   0   0   0   0  17  62   0   7   3   0   1   0   0   0   5  1.22 0.54
  138 R   -1  6 -2 -2 -2  1 -1 -1 -1 -3 -3  2 -1 -4 -3  0 -1 -4 -3 -3    5  46   1   2   1   5   2   6   1   1   2  10   1   0   1   8   3   0   1   1  0.77 0.38
  139 D   -2 -1  1  4 -3 -1  3 -2  1 -1 -1  0 -2 -2 -3 -1  1 -4 -2 -1    2   3   6  27   0   1  19   3   4   4   8   5   1   2   1   2   8   0   1   3  0.37 0.23
  140 V    0 -3 -4 -4  0 -3 -4 -4 -4  3  2 -4  2 -1 -3 -2 -1 -4  1  4    9   1   0   1   2   1   1   0   0  20  19   0   5   2   1   2   3   0   4  28  0.50 0.29
  141 G    2 -3 -3 -5  1 -3 -3  6 -5 -4 -4 -4  0 -3 -5 -1 -2 -1 -4 -5   17   2   1   0   3   1   1  61   0   1   2   0   2   1   0   5   3   1   0   0  1.19 0.53
  142 K   -1  4 -2 -3 -3  0 -2 -2 -1 -2 -4  4 -2 -3  0  2 -1 -3 -3 -1    5  20   1   1   0   3   1   2   1   2   1  32   1   1   4  18   3   0   0   4  0.56 0.35
  143 N   -2  0  2 -2 -1  1 -2 -2  8 -3 -2 -1 -2 -1 -3 -2 -1 -3  3 -3    3   4  10   1   1   5   2   4  35   2   5   4   1   3   1   2   3   0  11   1  0.77 0.40
  144 F    0 -5 -5 -5 -4 -2 -5 -4 -4  2  0 -5  3  7 -5 -3 -3 -3  0  1    9   0   0   0   0   2   0   1   0  10   6   0   7  50   0   2   1   0   1   9  1.11 0.48
  145 G   -3  5  1 -4 -3 -2 -3 -4 -2 -5 -5 -1 -4 -6 -1  3  4 -6 -5 -4    0  34   5   0   0   1   0   1   1   0   0   2   0   0   3  21  30   0   0   0  1.03 0.53
  146 I   -1 -5 -5 -4 -4 -4 -4 -5 -4  3  1 -4  4 -2 -5 -4 -2 -5 -3  6    3   0   0   1   0   0   1   0   0  17  11   1  10   1   0   0   1   0   1  51  1.02 0.46
  147 N    1 -2  5 -3 -3  2 -2  3  1 -5 -5 -1 -4 -4 -2  1 -2 -5 -4 -4   11   2  33   0   0  11   1  21   3   0   0   4   0   1   1   8   2   0   0   1  0.72 0.39
  148 Y    0  3  0  1 -4  4  0 -3  1 -4 -4  1 -2 -3  0 -1  1  0  1 -2    7  18   3   7   0  20   5   1   3   1   1   7   1   1   4   4   9   2   6   2  0.36 0.25
  149 M   -5 -4 -6 -6 -5 -4 -6 -6 -3  1  2 -5 10 -1 -6 -5 -3 -5 -4 -2    0   1   0   0   0   0   0   0   1   6  19   0  65   3   0   0   1   0   0   2  2.12 0.77
  150 L   -3 -4 -5 -5 -4 -3 -4 -6 -5  3  5 -5  4 -1 -5 -4 -3 -2 -4  0    1   1   0   1   0   1   1   0   0  14  62   0  11   1   0   1   1   0   0   4  1.13 0.48
  151 A    2  1  1 -1 -3  0  3  0 -1 -4 -4  1 -3 -4 -3  2  0 -5 -4 -3   17   9   8   2   0   4  19   7   1   0   1   7   0   0   0  18   5   0   0   1  0.36 0.25
  152 K   -2  6 -3 -4 -5 -2 -3 -4  0 -4 -1  4  0  0 -5 -3 -2 -5 -3 -4    4  47   1   0   0   1   0   1   2   1   6  25   3   5   0   1   2   0   0   0  1.07 0.49
  153 D   -3 -2 -2  6 -6 -1  4 -1  0 -6 -5 -2 -5 -6 -4 -1 -1 -6 -5 -5    1   2   1  46   0   2  30   5   2   0   1   2   0   0   0   4   4   0   0   0  1.20 0.52
  154 T    0 -1  0  2  1 -2 -2 -2 -2 -1 -3 -3  3 -1 -1  4  1 -3 -1 -2    6   2   3  11   3   0   1   2   1   4   2   0   9   3   3  36  10   0   2   2  0.41 0.31
  155 V   -3 -4 -4 -6 -2 -5 -5 -6 -5  2 -2 -5 -1  5 -5 -4 -1 -4  2  5    1   1   1   0   1   0   0   0   0  11   1   0   1  26   0   1   3   0   6  46  1.12 0.48
  156 S    0  4 -2 -2 -5  3 -1 -3 -2 -4 -5  5 -4 -5 -3 -1 -1 -3 -4 -4    9  18   1   2   0  14   2   1   1   1   0  40   0   0   1   4   4   0   0   1  0.82 0.42
  157 S    0  1  1 -1 -4  1  1 -2 -1 -2 -1  3  0 -4 -3  2  0 -3 -3 -2    7   6   8   3   0   7   9   1   1   1   6  20   3   0   0  19   7   0   1   1  0.27 0.21
  158 R   -2  8 -4 -3 -7  0 -2 -6  0 -6 -5  1 -5 -6 -6 -4 -5 -6 -5 -6    3  81   0   1   0   3   2   0   2   0   1   5   0   0   0   1   0   0   0   0  2.09 0.75
  159 I   -3  1 -3 -3 -4 -3 -4 -5 -2  2  4 -3  4  0 -4  1 -3 -1  0 -1    1  10   1   1   0   1   0   0   1  11  40   1  10   4   0  13   1   1   4   2  0.52 0.31
  160 E   -1 -1  1  2 -5  2  5 -2 -2 -5 -5  2 -3 -5 -2  0 -1 -5 -4 -5    4   1   6  12   0   7  42   3   1   0   0  12   0   0   2   7   2   0   0   0  0.76 0.39
  161 S    0  1  1  1 -3  3  2 -2  0 -3 -4  2 -3 -4 -3  1  0 -4 -3 -3    8   6   6   9   0  18  16   2   2   1   1  11   0   1   1  10   6   0   0   2  0.37 0.24
  162 G   -3 -3  1 -2 -5 -3 -2  6 -1 -6 -5 -3 -4 -5  3  0 -3 -5 -5 -5    1   1   6   1   0   1   2  63   2   0   1   1   0   1  13   6   1   0   0   0  1.29 0.50
  163 I   -3 -4 -4 -4 -2 -3 -4 -5 -4  5  3 -3  5 -2 -4 -4 -3 -4  0  1    1   1   0   1   1   1   1   1   0  40  26   1  14   1   1   1   1   0   3   6  0.90 0.35
  164 S   -1 -2  0 -2 -1 -3 -3  0 -1 -4 -4 -3 -3 -1 -2  6  1  1  0 -3    3   2   4   1   1   0   1   7   1   1   1   1   1   3   1  57   9   2   3   1  0.81 0.40
  165 Y   -2 -4 -3 -4 -2 -4 -4 -4 -2  1  2 -4  0  6 -4 -4 -3 -1  4  0    3   1   1   1   1   0   1   1   1   6  24   1   2  36   1   1   1   1  15   5  0.88 0.34
  166 T    1 -2  0 -2 -2 -1 -2 -2  5 -1  0 -1 -1 -2 -2  0  4 -4 -2 -2   13   2   3   1   1   2   1   2  18   4  11   3   1   1   1   6  29   0   0   2  0.43 0.26
  167 E   -4 -3 -3 -1 -5 -1  8 -5 -3 -5 -5 -3 -5 -5 -4 -3 -4 -5 -5 -5    1   1   0   2   0   2  87   1   0   1   1   1   0   0   1   1   1   0   0   1  2.07 0.69
  168 F   -4 -5 -5 -5 -4 -5 -5 -5 -4  0  1 -5  0  8 -5 -4 -2 -3 -1 -2    1   1   0   1   0   0   1   1   0   4  11   1   2  70   1   1   3   0   0   2  1.79 0.56
  169 S   -1 -3  2 -2  0 -2 -3 -2 -3 -1  2 -2  2  0 -3  3  2 -3 -2 -1    3   1  11   1   2   1   1   2   0   3  20   1   6   4   1  28  12   0   1   2  0.30 0.23
  170 Y   -5 -5 -5 -5 -5 -4 -5 -5 -2 -4 -4 -5 -4 -1 -5 -3 -4 -2 10 -4    1   1   0   1   0   0   1   1   0   1   1   1   0   0   1   2   1   0  86   1  2.79 0.82
  171 M   -2 -3 -2 -4 -2  5 -2 -3  0 -3 -2 -3  5 -4  5 -1 -1 -4 -4 -2    3   1   1   1   1  25   1   2   2   2   3   1  16   0  31   3   4   0   0   2  1.00 0.44
  172 I   -2 -4 -3 -4 -1 -4 -4 -4 -4  3  5 -4  1 -1 -3 -3 -1 -1 -3  1    4   1   1   1   1   1   1   1   0  16  51   1   3   2   1   2   3   1   0   9  0.74 0.31
  173 L    0 -4 -3 -5 -1 -4 -5 -5 -4  1  4 -4  6  2 -5 -4 -3 -4 -2 -1    8   0   1   0   1   0   1   1   0   7  46   1  18   8   0   1   1   0   1   3  0.90 0.37
  174 Q   -5 -4 -4  0 -6  9 -3 -5 -4 -5 -5 -3  1 -6 -5 -4 -5 -5 -5 -1    1   0   0   5   0  80   1   1   0   0   1   1   3   0   0   1   1   0   0   4  2.35 0.81
  175 S    5 -4 -4 -4  0 -4 -4  4 -5 -5 -5 -4 -4 -5 -4  2 -1  0 -5 -4   47   0   0   0   2   0   1  27   0   0   1   0   0   0   0  14   3   2   0   1  1.09 0.49
  176 Y   -3 -3 -2 -5 -2 -3 -4 -4  0 -1 -3 -2  0  1 -5 -4 -3  5  8  0    2   1   3   0   1   1   1   1   2   4   2   3   2   5   0   1   1   7  57   6  1.61 0.61
  177 D   -2 -5 -3  8 -6 -4 -3 -5 -5 -6 -6 -5 -6 -6 -5 -4 -5 -7 -6 -6    4   0   0  89   0   0   1   1   0   0   1   0   0   0   0   1   0   0   0   1  2.63 0.88
  178 F   -1 -5 -5 -5  0 -5 -5 -3 -4 -4 -4 -5 -4  7 -5  2 -4  7  2 -5    5   0   0   0   2   0   1   2   0   0   1   0   0  48   0  17   0  15   6   1  1.63 0.61
  179 L   -1 -2 -3 -4 -1 -2 -3 -4  0 -1  2 -3  0  1 -5 -2 -3  6  3  3    4   2   1   1   1   2   2   1   2   2  21   2   2   5   0   2   1  12  12  24  0.61 0.39
  180 N    1 -1 -1 -3  0  0  0 -4  7 -2 -3  0  2 -1 -3 -2 -2  1  2 -1   15   3   2   1   2   4   6   0  29   2   1   6   5   2   1   2   2   2   8   5  0.63 0.42
  181 L   -2 -5 -6 -6 -4 -1 -5 -6 -5  1  5 -5  4 -3 -6 -5 -1 -5 -4  1    3   0   0   0   0   3   0   0   0   6  63   0  11   0   0   0   3   0   0   7  1.17 0.59
  182 Y   -1  0  2 -2  0 -1 -1 -2  3 -3 -2  1 -1  3 -3 -1 -2  1  5 -2    4   4  10   2   3   3   4   2   7   1   3   9   2  13   1   4   2   2  23   2  0.40 0.28
  183 R    1  2  0  0 -1  2  1 -2  1 -2 -2  2 -2 -3 -1  0  0 -3 -1 -2   12  10   4   5   2  12   8   2   3   2   3  17   0   0   2   7   5   0   2   2  0.22 0.18
  184 D    0  0  1  0 -3  1  0  0  2  0 -1  0  1 -2  1  0  0 -2  1  0    6   6   6   6   0   6   6   6   6   6   6   6   6   0   6   6   6   0   6   6  0.05 0.08
  185 K   -2  0 -1 -1 -1  0  1 -2  4 -2 -2  0  0  1 -2 -1  0  0  5 -2    3   4   3   2   1   3   9   2  13   3   4   7   2   4   2   3   6   1  25   2  0.36 0.19
  186 N   -1 -1  3  2 -3  0 -1  4  0 -3 -3  0 -3 -3 -2 -1 -1 -3 -2 -3    3   4  20  12   0   3   3  35   2   1   3   4   0   1   1   3   2   0   2   1  0.46 0.20
  187 C    0 -3 -3 -3  8 -3 -3 -3 -3  0 -1 -3 -2 -3 -3 -1 -1  3 -3  3    6   1   1   1  43   1   1   1   0   5   3   1   0   1   1   3   4   4   1  22  1.02 0.34
  188 K   -1  1  1  2  0  1  1 -2  0  0 -1  0 -1 -1 -2  0  1  0 -1 -1    3  10   6  12   3   7   8   2   1   6   4   6   1   3   1   5  14   2   2   4  0.08 0.07
  189 L   -1 -2 -3 -3  0 -2 -3  1 -2  2  2 -2  2  0 -3 -2 -1  3  0  2    5   1   1   1   3   1   1  13   0  15  21   1   9   4   1   1   1   4   3  17  0.19 0.10
  190 Q   -2  1 -1  1 -3  6  3 -3 -1 -3 -1  0 -2 -3 -2 -1  1 -3 -2 -3    1   6   0   6   0  48  19   1   0   0   6   1   0   0   0   1   9   0   0   1  0.62 0.26
  191 I    0 -2 -2 -2  1 -1 -2  1  0  2  1 -2  1  0 -2 -1  1 -2  0  1    5   0   0   0   4   3   1  12   3  23  11   1   4   3   0   4   9   0   3  13  0.09 0.07
  192 G    1 -2  2 -1  4 -1  1  1 -1 -2 -2 -1 -2 -2 -2  1 -1  5 -1 -2   13   1  13   1  13   1  13  13   0   1   1   1   0   0   1  13   1  13   0   1  0.29 0.09
  193 G    1 -3 -2 -3 -3 -2 -3  5 -3 -4 -4 -2 -3 -3  3  0 -2  5 -3 -3    9   1   0   1   0   0   1  54   0   1   1   1   0   0  14   5   1  11   0   1  0.89 0.22
  194 S    1 -1  0 -1 -2  0 -1  1  0 -1 -2 -1 -1 -1  3  1  2 -3 -1 -1   12   2   3   3   0   3   2  14   2   2   3   2   2   2  13  13  16   0   2   2  0.18 0.08
  195 D   -1  0  0  4 -2  0  2 -1 -1 -2 -2  1 -2 -2 -1  0  1 -2 -2 -2    2   1   1  36   0   1  12   2   0   1   2  18   1   1   1   2  18   0   1   1  0.29 0.02
  196 Q    0  0  0  0 -2  3  2 -1  0 -2 -2  0 -1 -2 -1  2  0 -2 -1 -2    2   1   1   1   0  33  14   2   0   1   2   1   1   1   1  34   1   0   1   1  0.29 0.03
  197 W   -4 -1 -4 -5 -4 -2 -3 -5 -2 -1  1  1  2  1 -5 -2  1  9  2 -3    0   4   0   0   0   2   1   0   1   4  16   8   5   4   0   3  11  32   7   0  1.06 0.49
  198 G   -2 -2 -4  0 -5 -4 -4  5 -4 -3 -3 -4 -4  5 -3 -2 -2 -3 -1 -3    3   3   0   5   0   0   0  45   0   1   2   0   0  30   1   3   2   0   1   2  1.02 0.50
  199 N   -3 -4  8 -3 -6 -4 -4 -2  1 -4 -6 -4 -5 -6 -5 -1 -4 -6 -5 -6    3   0  83   0   0   0   0   3   3   1   0   0   0   0   0   3   0   0   0   0  2.24 0.88
  200 I   -3 -5 -3 -6  0 -5 -4 -5 -5  6  2 -5  5  1 -6 -4 -2 -5 -4  0    1   0   2   0   2   0   1   1   0  48  19   0  14   5   0   1   3   0   0   3  1.09 0.55
  201 T   -2 -3 -2 -1  0 -1 -3 -4 -1  1  3 -2  4 -2 -4 -2  2 -1 -2  2    3   1   1   4   2   3   1   1   2   7  33   2  10   1   0   2  13   1   1  13  0.39 0.30
  202 A    3 -2 -1 -2  1  0 -2 -2 -2 -1 -1 -3  3  0 -3  2  2 -4 -3  0   30   1   3   2   3   3   1   2   1   2   4   0   9   4   0  16  11   0   0   7  0.35 0.31
  203 G   -2 -6 -4 -5 -6 -5 -6  7 -6 -3 -6 -2 -6 -6 -6 -3 -3  0 -6 -3    3   0   0   0   0   0   0  84   0   2   0   2   0   0   0   2   2   1   0   2  2.01 0.84
  204 L   -1  5 -3 -4  0 -2 -3 -2  2  2 -1 -1  1  0 -4 -1 -1 -4  0  1    6  32   0   0   2   1   0   3   5  14   5   1   4   4   0   4   4   0   3  12  0.42 0.32
  205 E   -3  0  0  5 -5  1  4 -3  1 -4 -5 -1 -4 -5 -2 -1  0 -5 -3 -3    2   4   4  35   0   6  26   1   4   1   1   3   0   0   1   3   6   0   1   2  0.80 0.45
  206 L   -1 -5 -3 -5 -2 -4 -5 -4 -4  1  5 -5  1  1 -5 -3 -2 -1  1 -1    5   0   1   0   1   0   0   1   0   6  63   0   3   5   0   1   3   1   5   3  0.91 0.48
  207 I   -2 -4 -1 -4 -1  3 -3 -3 -4  5  0 -4  2 -2 -4 -2 -2 -4 -2  3    2   0   4   0   1  15   1   2   0  38   6   0   5   1   0   2   2   0   1  17  0.68 0.41
  208 R   -2  5  0 -2 -5  2 -1 -2  1 -4 -4  3 -4 -5  0 -1 -2  1 -2 -4    2  35   3   1   0  10   4   2   3   1   2  20   0   0   5   5   2   2   1   1  0.71 0.42
  209 K    0  4 -1 -1 -3  1  1 -2  1 -1 -3  4 -2 -1 -3 -1 -1 -2 -1 -3    8  25   3   2   1   4   8   2   3   4   1  23   1   3   1   4   2   1   2   2  0.42 0.30
  210 S    0  0 -2 -2  0 -1 -1 -2 -1  1  1  0  3  0 -3  0  0 -1  2  1    7   5   1   1   2   2   3   2   1   9  14   7  10   4   1   7   6   1   8  10  0.12 0.13
  211 E    0  1  0  0 -1  0  1  2  1 -1  0  0 -1  1 -2  0 -1 -2  0 -1    6   9   6   4   1   3  11  15   4   2  10   5   1   6   1   5   3   0   4   3  0.07 0.08
  212 E   -2  0  1  0 -2  3  0  1  0 -3 -2  3 -1 -3 -1  0 -1 -3 -1 -3    3   4   8   5   1  16   6  12   2   1   5  16   2   1   3   7   3   0   2   2  0.26 0.21
  213 E   -1  0  1  1 -2  1  3 -1  0 -2 -2  3 -1 -2  0 -1  1 -4 -2 -2    4   3   5   7   1   6  17   5   2   2   4  19   2   2   4   3  11   0   1   2  0.25 0.22
  214 G   -1  0  2  1 -2 -1  2  3 -1 -3 -3 -1 -2 -3  1 -1 -1  0 -3 -3    4   4   9   9   1   3  15  23   1   1   3   4   1   1   8   4   3   2   0   2  0.30 0.22
  215 A    1  0 -1  0 -3  2  0  0  0 -2 -3  3 -2 -3  1  1 -1 -1 -2 -1   12   3   3   4   0  10   6   7   2   2   2  20   1   1   7   9   4   1   1   5  0.21 0.20
  216 K   -1  0  0  2 -2  3  2 -3  2 -2 -2  0  0  1  1 -1  0 -4 -2 -1    4   4   3  11   1  12  17   1   4   1   4   6   2   6   6   4   7   0   1   5  0.22 0.21
  217 A    3 -3 -4 -3  0  0 -4 -2 -5  0 -1 -1 -1 -3  2 -1 -1 -5 -4  4   24   1   0   1   2   5   0   2   0   5   5   4   1   1  10   4   3   0   0  30  0.49 0.38
  218 F   -1 -2 -2 -3  0 -1 -2 -2  3  1  0 -3  0  4 -3 -2 -2  2  4  0    4   2   2   0   2   2   2   2   8  11   9   1   2  21   0   2   2   3  16   7  0.34 0.23
  219 G    2 -3 -1 -1  2 -2 -3  4 -3 -1 -2 -1 -2 -1 -3  0  1  1 -3  0   16   0   2   2   5   0   1  37   0   3   3   4   0   2   1   4   8   2   0   8  0.41 0.26
  220 L   -1 -3 -1 -4  0 -3 -3 -4 -3  2  3 -2  4  1 -4 -3  0  1  0  1    4   0   4   0   2   0   0   0   0  12  34   3  12   6   0   0   7   2   2   9  0.39 0.27
  221 T    0 -2  1 -2  2 -1 -2  0  2  0  0  0  1  1  1  0  0 -3 -1  0    7   0   7   0   7   0   0   7   7   7   7   7   7   7   7   7   7   0   0   7  0.07 0.12
  222 I   -1 -3 -1 -3  1 -2 -3 -2  0  1  2 -3  3  2 -3 -1  2  1 -1  1    4   0   3   0   3   1   0   2   2   9  21   0   8   8   0   3  19   2   2  10  0.26 0.22
  223 P   -2 -2  0  0 -2 -1 -1 -2  0 -4 -1  0 -2 -4  7 -2 -2 -1 -4 -4    2   2   4   5   1   3   3   2   3   1   6   5   1   1  54   2   3   1   0   1  1.15 0.48
  224 L   -4 -4 -5 -5 -4 -4 -5 -5 -5  2  6 -5  2  0 -5 -2 -3 -4 -1  0    1   0   0   0   0   0   0   0   0   9  72   0   4   3   0   3   0   0   2   4  1.14 0.54
  225 V   -2 -4 -4 -5 -3 -2 -2 -3  0  3  4 -3  2 -1 -4 -4 -2 -4 -3  2    3   0   0   0   0   1   2   2   3  19  48   2   4   2   0   0   2   0   0  10  0.67 0.37
  226 T   -2 -2  2 -1 -1 -1  1 -4 -3 -1  1 -2  0 -4  1 -1  5 -4 -4  0    2   1  10   2   1   1  10   0   0   2  15   2   2   0   6   1  37   0   0   6  0.44 0.36
  227 K   -1 -1  1  2 -4 -1 -1  3 -1 -4 -3  2 -3 -4  1  0  2 -4 -4 -3    3   3   6  14   0   1   2  20   1   0   2  17   0   0   7   4  16   0   0   1  0.37 0.28
  228 A    2 -1 -1 -2 -1 -1  0 -2 -1 -1  0  0 -1 -2  0  2  2 -4 -2  0   21   2   1   1   1   1   6   1   1   2   8   7   1   1   5  21  13   0   1   5  0.22 0.22
  229 D   -1 -2  2  5 -4 -1  0 -1 -2 -4 -4 -1 -3 -4 -3  1  3 -5 -3 -2    3   1   9  38   0   2   5   4   1   1   1   2   1   1   0  11  18   0   1   2  0.66 0.35
  230 G   -2 -3  0 -3 -5 -4 -2  7 -5 -6 -6 -4 -5 -6 -5 -3 -2  1 -5 -6    2   1   5   1   0   0   3  80   0   0   0   0   0   0   0   0   3   2   0   0  1.73 0.62
  231 T   -1  1  1  1 -3  2  2 -2 -1 -3 -3  3  0 -3 -3 -1  1 -4 -3 -1    5   8   5   8   1   9  16   2   1   1   1  23   3   1   0   3  10   0   0   4  0.34 0.23
  232 K   -4  0 -4 -4 -6 -1 -3 -5 -4 -5 -2  8 -4 -6 -3 -4 -2 -6 -5 -5    0   3   0   0   0   1   0   0   0   0   5  84   0   0   1   0   2   0   0   0  1.89 0.74
  233 F   -4 -5 -5 -6 -5 -4 -2 -6 -4  1  0 -5  8  6 -6 -5 -4 -3  1 -2    0   0   0   0   0   0   3   0   0   6   8   0  45  31   0   0   0   0   4   1  1.60 0.63
  234 G   -2 -3 -1 -4 -5 -4 -5  6 -5 -7 -7 -4 -6 -6 -5  4 -1  1 -6 -6    1   1   2   0   0   0   0  62   0   0   0   0   0   0   0  29   3   2   0   0  1.50 0.63
  235 K   -5 -2 -4 -5 -7 -1 -3 -5 -5 -7 -6  8 -2 -7 -5 -2 -1 -7 -6 -6    0   0   0   0   0   1   0   0   0   0   0  92   1   0   0   2   3   0   0   0  2.27 0.79
  236 T   -3 -5 -3 -4 -5 -4 -4 -3 -5 -5 -6 -4 -1 -6 -5  6  4 -6 -5 -5    0   0   0   0   0   0   0   2   0   0   0   0   2   0   0  68  29   0   0   0  1.62 0.68
  237 E    2 -2 -2 -2 -4 -1  4 -3 -2 -2  0  0 -1 -2 -4  1  0  1  0 -2   18   2   2   1   0   1  34   1   0   1  10   4   1   1   0  10   7   2   4   2  0.39 0.30
  238 G   -2 -2  0  0 -3 -1 -2  6 -3 -6 -5  1 -3 -5 -4  0 -2 -6 -5 -4    2   2   4   5   1   2   2  62   0   0   1   8   1   0   1   7   2   0   0   1  1.09 0.46
  239 G   -3 -3  7 -1 -5 -3 -2  4 -3 -3 -5 -2 -2 -6 -5  0 -1 -6 -4 -5    2   0  47   3   0   1   2  29   0   2   0   2   1   0   0   7   3   0   0   0  1.18 0.52
  240 A    4 -3  0 -4  1 -3 -3  0 -1 -1 -3 -2 -1 -1  1  0  1 -4  3  0   41   1   4   0   4   0   0   7   1   3   1   1   1   2   7   5   7   0  11   5  0.45 0.31
  241 I   -3 -5 -6 -6 -4 -5 -4 -6 -6  6  0 -2 -1 -3 -4 -5 -2 -6 -4  5    1   0   0   0   0   0   1   0   0  46   8   2   1   1   1   0   1   0   0  39  1.26 0.51
  242 W   -2 -5  2 -3 -4 -5 -5  1  0 -6 -5 -5 -4  2 -5 -2 -4 11  1 -6    4   0   9   1   0   0   0  10   2   0   1   1   0   7   1   4   1  56   4   0  2.27 0.77
  243 L   -4 -5 -6 -4  0 -5 -3 -5 -6  3  6 -5  1 -2 -6 -5 -4 -5 -4  0    0   0   0   1   2   0   3   1   0  17  69   0   3   1   0   0   0   0   0   4  1.27 0.54
  244 D   -2 -3  3  6 -3 -2 -1 -3 -2 -3 -4 -3 -4 -4 -4  2  1 -6 -5 -4    3   1  16  49   1   1   1   1   1   2   2   1   0   1   1  13   7   0   0   1  1.04 0.47
  245 K    1  0 -2  2 -3  0  2 -1 -1 -1 -3  1 -3 -4  4  0 -2 -4 -3 -2   12   4   1  10   1   3  16   4   1   3   1   8   0   0  22   7   1   0   1   2  0.41 0.22
  246 E    0  0  2  2 -3  0  3 -2  1 -2 -2  2 -1 -2 -1  0  0 -2 -2 -2    9   4  10  12   0   3  21   2   3   2   4  12   1   2   2   5   4   1   1   2  0.23 0.14
  247 K   -1  2 -1 -2 -2  1 -1 -2 -2 -1  0  4  3 -1 -1 -1 -1 -2  0 -1    6  12   2   2   1   5   2   2   1   2  11  28   9   2   2   2   4   0   3   4  0.27 0.17
  248 T   -2 -2 -1  2  0 -2 -2 -3 -3 -2  0 -2 -1 -1 -2  0  6 -3 -2 -2    2   1   3  12   2   1   2   2   0   2  10   2   2   2   1   4  47   0   1   2  0.64 0.33
  249 S   -2 -2 -1 -2 -3 -2 -2 -3 -2 -3 -3 -1 -4 -4  2  6  1 -4 -3 -3    2   2   3   1   0   1   1   1   1   2   2   4   0   1   9  60   8   0   1   1  0.96 0.49
  250 P    1 -4 -4 -3 -4 -3 -1 -5 -3 -3 -5 -3 -5 -5  7 -1 -3 -6 -3 -1   12   1   1   1   0   1   4   1   0   1   1   1   0   1  63   5   2   0   1   4  1.64 0.67
  251 Y   -2 -3  1 -1 -5 -2  0 -4 -1 -2 -2 -1 -4  5 -4 -3 -3 -1  7 -3    4   1   8   3   0   2   6   1   1   2   4   5   0  24   1   1   1   1  34   1  0.93 0.46
  252 E    0 -1 -1  5 -3  2  4 -4  0 -4 -3  1 -3 -3 -4 -1 -2 -6 -5 -3    7   2   2  34   0   8  25   1   2   1   2   7   1   1   0   3   2   0   0   2  0.75 0.41
  253 F   -4 -5 -5 -6 -3 -1 -3 -5 -5  1  2 -3  6  6 -6 -5 -4 -2  2 -1    0   0   0   0   0   3   2   1   0   6  17   2  24  34   0   0   0   0   6   3  1.16 0.54
  254 Y   -6 -4 -2 -6 -7 -6 -6 -7 -1 -5 -5 -5 -5  6 -7 -5 -5  5  9 -6    0   1   2   0   0   0   0   0   1   0   0   1   0  26   0   1   1   7  60   0  2.37 0.89
  255 Q   -3 -3 -1 -4 -6  7 -1  4 -2 -7 -6 -3 -2 -3 -5 -3 -4 -6 -6 -5    2   1   2   1   0  54   3  31   1   0   0   1   1   1   0   1   1   0   0   0  1.58 0.75
  256 F   -3 -2 -4 -5 -6 -1 -4 -3  0 -5 -4  4 -3  6 -6 -3 -4 -2  6 -5    2   2   0   0   0   2   0   2   2   0   0  29   0  33   0   1   0   0  24   0  1.35 0.62
  257 W   -2 -5 -6 -6 -3 -5 -6 -6 -5  3  1 -2 -1  5 -6 -5 -2  8 -2  1    3   0   0   0   1   0   0   0   0  15  15   2   1  27   0   0   2  21   0  11  1.20 0.52
  258 I   -4  2 -5 -6 -5 -3 -5 -6 -3  2  2 -4  8  1 -4 -4 -3 -3  0  1    0  12   0   0   0   0   0   0   1  11  21   0  35   5   1   0   1   0   3   8  1.03 0.52
  259 N    0  3  5 -1 -4  2 -2 -2 -3 -5 -4 -1 -4 -6 -4  3 -2 -6 -5 -5    6  17  32   2   0   9   1   2   0   0   1   3   0   0   0  24   2   0   0   0  0.85 0.48
  260 T   -1 -2 -4 -4  0  0 -4 -4 -4  3  2 -3  1  0 -4 -1  3  0 -2  2    3   2   0   0   2   6   0   0   0  21  17   1   3   4   0   5  20   1   1  14  0.38 0.28
  261 D    1 -1 -1  2 -5 -1  1 -3  1 -4 -4  0 -3 -5  5  2  0 -5 -4 -3   10   2   3  12   0   2   9   1   3   0   1   6   0   0  30  14   5   0   0   1  0.65 0.37
  262 D   -6 -6 -2  8 -7 -1 -2 -6 -3 -7 -7 -5 -7 -7 -6 -5 -5 -8 -7 -4    0   0   1  92   0   2   1   0   1   0   0   0   0   0   0   0   0   0   0   1  2.68 0.98
  263 R    2  0  0  2 -2  1  3 -2  1 -3 -4  0 -3 -4 -2  2  0 -5 -4 -2   19   5   4  12   1   6  21   2   4   1   1   3   0   1   1  13   4   0   0   2  0.35 0.27
  264 D   -1 -3  0  5 -3  0  1 -3 -2 -1  1 -1  2 -3 -4 -1 -1 -5 -4  0    4   0   4  35   0   5   7   1   1   3  17   2   7   0   0   4   3   0   0   6  0.48 0.32
  265 V    1 -5 -6 -6 -2 -5 -5 -4  0  4  0 -5  3 -4 -5 -3 -2 -6 -4  5   10   0   0   0   1   0   0   1   2  27   6   0   8   0   0   1   1   0   0  42  0.98 0.49
  266 V   -1 -1 -2  0 -2 -1  3  0 -1  2  0 -1  0 -1  1 -2 -2  1 -1  0    4   4   1   4   1   2  26   7   1  15   7   3   2   2   7   2   1   2   2   8  0.18 0.20
  267 K   -1  4  1  1 -5  1  1 -2  0 -3 -3  4 -1 -4  1  0 -1 -5 -3 -3    3  21   7   6   0   5   7   2   2   2   2  25   1   0   6   6   4   0   0   1  0.44 0.30
  268 Y   -3 -5 -5 -7  2 -5 -6 -3 -1 -2  2 -6  0  4 -6 -5 -5  2  7 -3    2   0   0   0   5   0   0   2   1   1  19   0   2  18   0   0   0   2  43   1  1.38 0.63
  269 L   -2 -5 -5 -6 -5 -5 -6 -2 -5  1  5 -6  2  5 -6 -4 -4  0  2 -1    3   0   0   0   0   0   0   3   0   6  52   0   4  23   0   1   0   1   5   2  1.05 0.51
  270 K   -2  3 -1 -2 -2  0  2 -4  0 -3  0  5 -1 -4 -2 -1  0 -5 -1 -3    2  16   3   2   1   3  12   1   2   1   8  34   1   0   1   3   7   0   2   1  0.52 0.35
  271 Y   -2 -1 -2 -4 -1 -2 -4 -5 -1  1  4 -2  4  0 -5 -2 -1  1  2 -1    2   3   2   0   2   2   0   0   1   7  43   2   9   4   0   3   5   2   9   3  0.54 0.34
  272 F   -1 -6 -6 -7  4 -6 -6 -5 -5 -1  4 -6  0  6 -6 -5 -2 -4  1 -1    4   0   0   0   8   0   0   1   0   2  34   0   2  37   0   0   2   0   4   4  1.16 0.54
  273 T   -4 -5 -3 -5 -3 -5 -5 -5 -6 -4 -4 -5 -5 -6 -1  2  7 -7 -6 -3    1   0   1   0   0   0   0   0   0   0   1   0   0   0   4  13  78   0   0   1  1.95 0.90
  274 F   -3  0  0  3 -4 -2  0 -3 -2 -2  1 -3  0  6 -4 -2 -2 -1 -1 -3    1   5   5  18   0   2   5   2   1   1  16   1   2  33   1   2   2   1   1   1  0.63 0.38
  275 L   -1  0 -4 -4 -1 -2 -3 -5 -3  2  4 -1  2  0 -5 -3 -2 -2 -1  2    5   6   0   1   1   1   2   0   0  11  42   4   5   4   0   1   2   0   2  12  0.49 0.31
  276 S   -2 -2 -1  2 -5 -3  0 -2 -3 -5 -4 -3 -3 -6  6  3  0 -6 -5 -2    2   2   3   9   0   1   5   3   1   0   1   1   1   0  38  25   5   0   0   2  0.98 0.53
  277 K   -2 -1 -2  0 -2  0  0 -3  0  1  3  0  3 -2  0 -1 -1  0 -2  0    2   4   2   5   1   5   7   1   2   6  31   6   8   1   5   4   2   1   0   7  0.20 0.20
  278 E    0 -2  0  4 -5  0  4 -2 -1 -4 -5  1 -4 -5 -1  1 -1 -5 -2 -4    8   2   3  22   0   3  30   3   1   1   1   7   0   0   3  10   4   0   2   1  0.61 0.38
  279 E   -3  0 -2  1 -6  2  6 -3 -3 -4 -4  0 -4 -4 -4 -1 -1 -4 -2 -3    2   4   1   6   0   7  58   1   0   1   2   5   0   1   0   3   3   0   1   1  1.11 0.59
  280 I   -3 -5 -6 -5 -3 -6 -6 -3 -6  7  0 -4 -1 -3 -5 -5 -3 -4 -4  3    2   0   0   1   1   0   0   3   0  66   8   1   1   0   0   1   1   0   0  14  1.54 0.67
  281 E    1  1  1  3 -5  1  4 -2 -1 -3 -3  2 -3 -4 -3 -1 -1 -2 -3 -3   11   7   6  15   0   6  24   2   1   1   2  14   0   0   1   4   3   1   0   2  0.42 0.30
  282 A    1  1  1  1 -4  2  3 -2  0 -2 -3  2 -2 -3 -3  0  0 -5 -3 -2   14   8   6   7   0   9  20   3   2   3   2  11   1   1   1   7   5   0   0   2  0.30 0.24
  283 Y   -2 -4 -5 -5 -3 -4 -4 -6 -4  5  4 -4  3  0 -4 -4 -2 -2  1  1    3   1   0   0   0   0   1   0   0  29  35   1   6   3   1   1   3   1   4  10  0.75 0.40
  284 A    0 -1 -2 -1  0  0  2 -1 -2  1  1  1  4 -2 -3 -2 -1 -4 -2  1    6   3   1   2   2   4  19   4   1  10  11   8  15   1   1   3   2   0   1   8  0.24 0.22
  285 E    2  1  0  0 -3  2  3 -3 -2 -2 -3  3 -2 -3 -3  0 -1 -4 -3 -2   16   6   5   6   1   9  21   1   1   2   2  17   1   1   1   5   3   0   1   2  0.37 0.28
  286 K    0  1 -1  1 -2  2  3 -1 -2 -2 -2  2 -1 -3 -3  1 -1 -3 -3 -3    9   8   2   7   1  10  24   5   1   2   3  12   2   1   1   9   2   0   0   2  0.32 0.24
  287 T   -2 -3  0 -2 -3  0 -3 -2  8  0  1 -2  2 -1 -4 -2 -1 -1 -2 -1    4   1   5   2   0   5   1   3  35   6  16   2   5   2   1   3   3   1   1   5  0.79 0.41
  288 E    1  1  1  0 -3  1  2 -2  0 -2  0  3  0 -2 -2  0  0 -1 -3 -2   13   8   7   3   0   6  12   3   2   1   9  18   2   2   1   5   4   1   0   2  0.18 0.17
  289 T    1  0  1  0 -3  2  2 -1 -2 -3 -2  3 -2 -4 -2  0  0 -4 -4 -2   15   3   7   5   0   9  17   4   0   1   3  17   1   0   1   8   6   0   0   2  0.29 0.24
  290 A    0 -1  3  3 -2 -1  1  3  1 -4 -4  0 -3 -3 -3  0 -1 -4 -2 -3    8   3  16  14   1   3   8  22   4   1   1   6   0   1   1   6   3   0   1   1  0.39 0.26
  291 P    0 -2 -3 -2 -3 -1  0 -4 -2 -2 -1  1 -4 -4  7 -1 -2 -5 -2 -3    8   2   1   2   0   2   8   1   1   2   7   8   0   1  46   4   2   0   1   2  0.98 0.49
  292 E   -1 -2  4  1 -5  0  3  1  4 -5 -4  0 -4 -3 -3  0 -2 -5 -2 -3    4   1  20   7   0   3  22  12  10   0   1   5   0   1   1   7   2   0   1   2  0.54 0.35
  293 K   -1  0 -2 -3 -5  1 -1 -4 -3  1  0  3 -2 -5  5 -2 -2 -5 -4 -3    5   6   1   1   0   5   3   1   1  10  11  21   1   0  28   2   2   0   0   1  0.63 0.40
  294 R   -5  7  3 -5 -5 -2 -4 -5 -2 -2 -3  0  4 -3 -4 -4 -5  3 -3 -4    1  55  13   0   0   1   0   1   1   3   3   5   9   1   1   0   0   4   1   1  1.41 0.70
  295 E    0 -1  0  2 -3  0  2 -2  0  1  0  0 -1 -2 -2 -1 -1 -3  0  0    7   3   3  15   0   2  18   2   3   9  10   7   1   1   2   4   3   0   4   6  0.15 0.16
  296 A    5 -5 -5 -5 -2 -4 -4  0 -4  0  1 -3 -2  0 -1 -2 -2 -2 -2  0   54   0   0   0   1   1   0   6   0   5  12   1   1   3   4   2   1   1   1   7  0.79 0.50
  297 Q   -5 -2 -4 -6 -8  7 -4 -7  2 -8 -7  6 -6 -8 -5 -5 -5 -7 -6 -7    0   1   0   0   0  49   0   0   4   0   0  44   0   0   0   0   0   0   0   0  2.17 1.03
  298 K   -1  3 -3 -2 -6  0  1 -4  3 -1 -2  5  1 -3 -5 -1 -1 -4 -3 -2    5  15   1   1   0   3   9   1   7   4   3  36   4   1   0   3   4   0   1   2  0.65 0.43
  299 R    1  3 -2 -3 -1  0  0 -4 -1  1  0  2 -1 -1 -4 -1  0 -3 -1  0   12  19   1   1   1   4   6   0   1   8   9  16   2   2   0   2   6   0   2   7  0.25 0.23
  300 L   -5 -7 -8 -8 -6 -7 -8 -8 -8 -1  7 -7  0 -1 -8 -7 -6 -6 -6 -2    1   0   0   0   0   0   0   0   0   2  91   0   2   2   0   0   0   0   0   1  2.16 0.92
  301 A    1 -2  2 -1 -1 -1 -1  1 -1  1 -1 -1 -1 -2 -2  1  1 -3 -2  1   13   1  13   1   0   1   1  13   0  13   1   1   0   0   1  13  13   0   0  13  0.12 0.05
  302 E   -1  1  0  2  0  1  2 -2  2 -2 -2  1 -1  0 -3  0  0  3  1 -2    5   8   4  11   2   6  13   2   4   2   3   8   2   4   0   8   7   4   5   2  0.18 0.16
  303 E   -2  0 -1  0  0  0  6 -3  0 -3 -3 -1 -1 -2 -5 -1 -2  2 -1 -3    4   5   3   4   2   4  45   2   2   2   2   4   2   2   0   5   3   3   3   2  0.70 0.42
  304 V    0 -4 -4 -4  0 -2 -4 -4 -4  4  2 -3  2  0 -4 -2 -1 -4 -3  3    7   0   0   0   2   2   0   1   0  27  18   0   6   4   0   2   3   0   0  25  0.51 0.27
  305 T   -1 -4 -3 -4  2 -3 -4 -4 -4  1 -1 -3  2  1 -4 -2  5 -4 -3  3    3   0   0   0   4   0   0   1   0   7   5   0   5   5   0   1  42   0   0  25  0.75 0.41
  306 S    1  2 -1 -1 -1  0  2 -2 -1 -1 -2  3 -1 -1 -3  1  1 -1 -2 -2   12  14   2   3   1   3  12   2   1   3   4  17   1   3   0   9   8   1   1   2  0.20 0.18
  307 L   -3  1 -1 -1 -4  0 -2 -4 -4  2  3 -3  4  1 -5 -3 -1  1 -2  0    1   7   3   3   0   5   3   1   0  11  32   1  13   6   0   2   3   2   1   5  0.43 0.27
  308 V   -1 -3 -3 -5  2 -5 -5 -5 -2  3  1 -5 -1  2 -5 -4 -2  2  3  4    5   1   1   0   4   0   0   0   1  18  11   0   1  10   0   0   2   3  10  31  0.69 0.35
  309 H   -4 -1 -3 -3 -2 -3 -3 -4 10 -6 -5 -3 -5 -1 -6 -3 -4 -1  3 -6    1   4   1   2   1   1   2   1  67   0   1   1   0   3   0   1   1   1  10   0  2.40 0.89
  310 G   -3 -2 -2  0 -5 -3 -3  6 -1 -6 -6 -1 -5 -6 -3  1 -3 -1 -5 -6    1   3   2   5   0   1   1  66   1   0   1   3   0   0   2  10   2   1   0   0  1.37 0.59
  311 R    1 -1  0  1 -3  1  4 -3 -1 -3 -3  2 -2 -4  1  0 -1 -2 -2 -1   12   3   3   6   1   4  28   1   1   2   2  16   1   1   6   6   4   1   1   4  0.36 0.28
  312 E    1 -2 -1  3 -5  2  4 -1  0 -3 -4  1 -4 -4 -2  0  0 -2 -3 -3   10   1   2  13   0   8  32   4   2   1   1   9   0   1   2   5   5   1   1   1  0.53 0.36
  313 A    3 -2 -1  0 -1  0  3  2 -2 -1 -3 -1 -4 -2 -3  0 -1 -5 -3 -1   25   1   3   4   1   3  19  18   1   3   2   4   0   1   1   5   4   0   1   4  0.36 0.28
  314 L    5 -2 -3 -4 -1 -3 -3 -2 -4 -2  2 -4 -1 -1 -4 -1 -1 -2  1  0   45   2   1   1   1   1   2   3   0   1  20   1   1   3   0   4   3   0   5   6  0.62 0.41
  315 E    0  1  0  2 -3  2  3 -3  0 -2 -2  3 -2 -3 -3 -1 -1 -5 -3 -2    8   7   5  11   0   9  20   1   2   2   4  16   1   1   1   4   3   0   0   3  0.36 0.28
  316 Q    1  2 -1 -1 -3  2  2 -3  1 -2 -2  3 -1 -3 -3  0 -1 -3 -3 -2   14  11   3   3   0   9  13   2   3   2   4  19   1   1   1   7   3   0   1   3  0.31 0.26
  317 A    6 -5 -3 -3  1 -4 -3 -4 -6 -1 -4 -3 -1 -2 -5 -1 -2 -6 -6  0   68   0   1   1   3   1   2   1   0   3   2   2   1   2   0   3   3   0   0   7  1.30 0.70
  318 I    0  1 -1 -2 -2  3  3 -4  1  0  0  2 -1 -2 -4 -1 -3 -5 -1 -1   10   7   3   1   1  14  20   1   3   7   9  12   2   1   0   4   1   0   2   4  0.30 0.27
  319 N    1  3  1  1 -3  2  2 -3 -1 -1 -2  2  0 -3 -3 -1  0 -5 -2 -2   11  14   7   6   0   9  15   1   1   3   3  14   2   1   1   2   5   0   1   3  0.29 0.25
  320 I    3 -2 -2 -1  1  1  1 -2  0  2 -1 -1  0 -1 -4 -1  0  0  0  0   25   2   2   3   3   7   9   2   3  12   5   2   2   2   0   4   6   1   3   6  0.18 0.20
  321 S    2 -3 -2 -4 -2 -3 -4 -3  3 -3 -3 -4 -3  4 -5  3  4  1 -2 -3   14   1   2   0   1   1   1   2   6   1   2   1   0  18   0  21  24   2   1   1  0.71 0.48
  322 Q    0  3  1  1 -3  2  3 -2  0 -2 -3  2 -3 -3 -3 -1 -2 -5 -1 -2    7  14   8   7   1   8  22   3   2   2   2  14   1   1   1   3   2   0   2   2  0.39 0.30
  323 A    2  0 -1 -2 -1  0 -1 -1 -2  1  0  1  0 -1 -3 -1 -1 -2 -1  1   22   6   3   2   1   4   4   3   1  11   8   8   2   3   0   4   4   0   2  13  0.12 0.15
  324 L   -1 -1 -4 -5 -3 -3 -4 -6 -2  2  5 -3  2  1 -4 -4 -1 -3 -2  2    5   4   1   0   0   1   1   0   1   9  48   1   5   4   1   1   3   0   1  11  0.72 0.42
  325 F   -3  0 -4 -7 -6 -3 -6 -7  1 -4 -3 -4 -3  9 -7 -4 -5 -4  3 -4    3   4   1   0   0   1   0   0   3   1   2   1   1  69   0   2   1   0   9   1  2.14 0.92
  326 S    0  1  0 -1 -4  1  1  3  0 -4 -3  0 -4 -4  0  2 -1 -2 -2 -3    6   6   5   4   0   7   8  23   2   1   2   7   0   1   4  17   4   1   1   1  0.32 0.27
  327 G   -1  0  2  1 -3  0  1  3  0 -5 -4  2 -3 -4 -2  0 -1 -5 -3 -4    4   5   9   9   1   4   8  25   2   1   1  15   0   0   2   8   4   0   1   1  0.40 0.31
  328 N   -1  0  2  2 -3  1  1  1 -1 -3 -4  2 -3 -3 -1  1  0 -1 -3 -3    4   5   9  13   0   6   9  13   1   2   1  12   0   1   2  13   6   1   1   1  0.27 0.22
  329 I    0 -2 -1  0 -2 -1  0 -1 -2  2  2 -1  0  0 -1  0 -1 -1  0  1    6   1   3   5   0   2   6   4   1  12  22   3   1   5   4   6   4   1   2  12  0.08 0.10
  330 K    1  0  0  1 -2  1  1 -1 -1 -1 -1  1 -1 -2  0  1  0 -2 -2 -1   10   5   4   8   1   7  11   5   1   4   7   8   1   1   4  11   7   0   1   3  0.10 0.11
  331 E    0 -2  2  3 -4  1  2  0  0 -3 -3  0 -2 -3  2  1  0 -3 -3 -2    6   2   9  14   0   6  14   6   2   2   2   6   1   1  10  10   6   0   1   2  0.27 0.22
  332 L   -1 -2 -1 -2 -2 -2 -2 -3 -2  1  4 -1  2  2 -2 -2 -1 -1 -1  0    5   2   4   2   1   1   3   2   1   8  36   4   5   7   2   3   4   1   2   6  0.30 0.21
  333 S   -1 -2  1  3 -3  0  0 -2 -1 -2 -2  0 -3 -3  0  3  2 -2 -3 -3    5   2   5  17   0   3   5   3   1   3   5   6   1   1   5  23  12   1   1   1  0.32 0.26
  334 A    2  0 -2  0 -3 -1  1 -1 -2  0 -1  0  0 -2  1  1 -1  0 -2 -1   21   4   2   6   0   3  11   4   1   6   7   6   2   2   6   8   3   1   1   4  0.12 0.13
  335 Q    1 -1  1  2 -3  2  2 -1 -1 -3 -3  1 -2 -2  1  1 -1 -2 -2 -2   10   3   6  12   0   8  15   4   2   1   3  10   1   2   6  10   3   0   1   4  0.22 0.19
  336 D   -1 -2 -1  4 -4  0  4 -2 -2 -1 -2 -1 -2 -3 -2  0  2 -3 -2 -1    5   2   2  20   0   4  23   3   1   3   3   4   1   1   2   8  12   0   1   4  0.40 0.29
  337 V   -1 -2 -3 -2 -3 -2 -2 -2 -1  3  3 -1  1  2 -2 -2 -1 -2 -1  2    5   2   1   2   0   2   2   3   2  15  28   4   3  10   2   2   4   1   1  12  0.30 0.20
  338 K    0  0 -1  0 -3  1  2 -1 -1  0  0  2 -1 -1  1  0  0 -2 -2 -1    7   5   3   4   0   5  14   4   2   7  11  13   1   2   6   5   4   1   1   5  0.09 0.11
  339 V    0 -1  0  1 -2  2  2  0 -1  0 -1  0 -1 -2 -2  0  0 -1 -2  0    9   3   4   9   1   9  14   7   2   6   6   5   2   2   1   7   4   1   1   7  0.09 0.11
  340 G    2 -2 -1 -1 -3 -2 -2 -1 -2  2  2 -1  0 -1 -2 -1  0 -3 -1  1   16   2   3   3   0   2   3   6   1  13  21   3   2   3   2   5   6   0   1  10  0.15 0.15
  341 F    1 -2 -3 -2 -1 -2 -1 -2 -2  0  1 -1  0  5  1 -1 -2 -2  0 -1   12   2   1   2   1   2   4   3   1   5  13   3   2  27   8   5   2   0   2   4  0.38 0.26
  342 K    1  0  1  1 -3  1  2  0 -1 -3 -3  2 -3 -3 -1  1  0 -4 -2 -2   10   5   6   7   1   5  15   9   1   2   2  13   1   1   3  10   5   0   1   3  0.20 0.18
  343 D   -1 -2  3  4 -3  0  2  1  0 -3 -3 -1 -3 -3 -2  0 -1 -3 -2 -2    4   2  13  21   0   3  15  12   2   2   2   3   1   1   2   8   4   0   1   3  0.40 0.29
  344 V    2 -2 -3  0 -2 -3 -3 -2 -2  3  1 -2  3 -1 -3 -1 -1 -2 -3  3   17   2   1   5   1   1   2   2   1  16  13   2   7   2   1   3   3   0   1  19  0.32 0.24
  345 P   -3 -2 -2 -1 -3 -3 -2 -2 -2 -2 -3 -1 -3 -3  7 -1 -1 -4 -3 -2    2   3   2   4   1   1   3   3   1   2   3   3   1   2  55   4   4   0   1   3  1.29 0.68
  346 S   -1  2  0 -2 -1  1  1 -2  1 -1 -2  0 -1  0 -2  2  2 -3 -1  0    5  10   4   2   1   5   8   3   3   4   4   5   1   3   2  16  15   0   2   7  0.15 0.18
  347 M    0 -2 -1 -2  1 -2 -2 -2  1  2  1 -1  0  1 -2  0  1 -1  0  2    7   2   2   2   3   2   1   2   3  12  15   4   2   7   1   6   9   1   3  17  0.16 0.14
  348 E   -1  1  1  0 -4  1  3 -3  1 -2 -2  2 -1 -3  0  1  1 -3 -1 -1    5   7   5   5   0   6  18   1   4   2   3  11   1   1   4   9   8   0   2   6  0.22 0.21
  349 V   -2  0 -3 -3 -1 -2 -3 -4 -2  4  3 -2  1  0 -4 -2 -3  0  0  3    4   6   1   1   1   2   2   1   1  22  25   3   4   3   1   2   1   2   3  16  0.45 0.28
  350 D   -1  0  0  2 -1 -1  1 -2 -2 -1 -1  1 -1 -2  2  2  0 -4 -2 -2    5   4   5  13   1   3  10   3   1   4   6   8   1   2  10  14   6   0   2   3  0.17 0.16
  351 S    0  1  0  0 -2  0  0 -1 -1 -1  2  1  0  0 -1  0 -1 -1 -1 -1    8   8   5   4   1   3   5   5   1   3  21  10   1   3   3   7   3   1   2   4  0.05 0.09
  352 T    1 -2  1  1 -2  0  2  0 -2 -2 -2  0 -1 -2  1  2  0 -4 -3  0   13   2   7   7   1   3  13   7   1   2   3   6   1   2   6  14   4   0   0   7  0.16 0.18
  353 Q    0  0  0  2 -3  2  3 -1 -1 -2 -2  2 -1 -3  2  0 -2 -4 -3 -2    9   4   5   9   0   8  19   6   1   2   4  10   1   1   9   5   2   0   1   3  0.25 0.24
  354 E   -2 -2  1  1 -5 -1  2  4 -1 -3 -4  0 -5 -3  0  1 -2 -3 -3 -1    3   2   6   8   0   3  13  31   2   2   2   5   0   1   4   9   3   0   1   4  0.45 0.34
  355 L   -2 -1 -3 -3 -2  0 -2 -4 -2  3  2  0  3 -1 -1 -2  1 -1 -1  1    4   3   1   1   1   5   2   1   1  20  19   5   7   2   3   3   9   1   2  10  0.31 0.24
  356 S   -1 -1  2  0 -2  0 -3  0 -4 -5 -2  1 -2 -5  3  3  2  2 -5 -4    4   3  10   4   1   4   2   7   0   1   4   7   1   0  14  22  13   3   0   1  0.43 0.39
  357 L   -2 -7 -7 -8 -4 -7 -7 -5 -5  5  4 -6  1  1 -3 -5 -4 -1 -2  3    4   0   0   0   0   0   0   1   0  27  36   0   3   5   2   1   1   1   1  18  1.09 0.60
  358 V    1 -2 -4 -3 -2 -3 -3 -1 -1  2  2 -3  0 -1 -2  0  0 -3 -2  3   13   2   1   1   1   1   2   6   1  14  18   1   2   2   3   6   6   0   2  20  0.29 0.24
  359 D   -3  1  0  6 -5  0  3 -4  1 -5 -6  2 -5 -6 -6  0 -2 -2 -7 -5    3   6   4  38   0   4  17   1   3   1   1  11   0   0   0   6   2   1   0   1  0.98 0.61
  360 V    0 -6 -8 -7 -5 -5 -6 -7 -7  3  5 -7  0  0 -6 -5 -2 -4 -5  2    9   0   0   0   0   1   0   0   0  17  48   0   2   4   0   1   2   0   0  15  1.13 0.63
  361 L    2 -7 -7 -8  1 -7 -7 -6 -7  1  5 -6  2  1 -7 -3 -5 -6 -4  0   15   0   0   0   3   0   0   1   0   6  54   0   5   5   0   2   0   0   0   7  1.15 0.65
  362 V    0 -1 -4 -3 -2 -2 -3 -4  0  1  0  0  2 -1 -4 -2  0  0  1  5    9   4   1   2   1   2   2   1   3   6   7   6   4   3   1   3   7   1   4  35  0.43 0.33
  363 Q    1  1  0  1 -4  1  2 -2  1 -3 -1  2 -1 -4 -4  1  0 -5 -3 -3   13   7   4   7   0   6  16   2   3   1   7  14   2   0   0   9   4   0   1   2  0.28 0.27
  364 S    4 -5 -2 -6  3 -4 -4 -3 -1  0  1 -3 -4 -3 -5  2  2 -3 -1  0   29   0   2   0   6   0   1   2   2   6  11   1   0   1   0  17  13   0   2   6  0.55 0.44
  365 K   -4 -1  1 -1 -5 -1 -1  6 -3 -7 -6  3 -7 -6 -4 -3 -4 -3 -7 -7    1   3   7   4   0   3   4  54   1   0   1  16   0   0   1   2   1   0   0   0  1.26 0.73
  366 L    0 -6 -5 -6  2 -4 -5 -5 -4  2  5 -5  2  3 -5 -4 -4 -3 -3  0    7   0   1   1   5   1   1   1   0  10  50   1   4  10   1   1   1   0   1   6  0.97 0.55
  367 S    4 -4 -3 -4  4 -4 -2 -4 -5  0 -1 -4 -2  3 -4 -1  0 -6 -3  3   28   1   1   1   9   1   3   1   0   5   4   1   1  12   1   5   5   0   1  21  0.61 0.44
  368 P    1 -1 -1 -1 -6  0  0 -1 -3 -5 -4  4 -3 -6  3  3  0 -7 -6 -4   10   2   3   3   0   3   6   4   0   1   2  23   1   0  14  21   5   0   0   1  0.57 0.46
  369 S   -6 -4 -2 -3 -5 -7 -5 -5 -4 -7 -8 -6 -8 -9 -7  7  1 -5 -6 -8    0   1   2   2   0   0   1   1   1   0   0   0   0   0   0  83   8   0   0   0  2.31 1.27
  370 K   -4  3  3 -4 -8 -4 -1 -1 -5 -3 -3  6 -3 -5 -6 -2 -1 -5 -5 -3    2  16  12   1   0   0   4   4   0   2   2  45   1   1   0   4   3   0   0   2  1.12 0.70
  371 R   -1  1  0 -4 -7 -4 -4  3 -4 -6 -7  0 -5 -6 -4  5  0 -3 -5 -4    5   8   4   1   0   1   1  21   0   0   0   5   0   0   1  45   5   0   0   1  1.00 0.69
  372 Q    0 -4 -4  3 -8  2  7 -6 -3 -6 -7 -1 -3 -6 -7 -2 -5 -8 -8 -4    9   1   1  13   0   8  57   0   1   0   0   3   1   0   0   3   1   0   0   1  1.50 0.89
  373 A    6 -7 -7 -7 -2 -7 -7  2 -7 -1 -3 -7 -4 -1 -7 -2 -3 -3 -5 -1   68   0   0   0   1   0   0  12   0   4   2   0   0   2   0   3   1   0   0   5  1.56 0.89
  374 R   -4  7  0 -4 -6 -1 -1 -6  1 -4 -4  3 -4 -5 -7 -3 -3 -3 -2 -4    1  54   4   1   0   3   4   1   4   1   2  17   1   0   0   2   2   0   2   1  1.46 0.80
  375 E   -5  8 -1 -4 -9  1  0 -6 -4 -5 -7  2 -5 -8 -8 -4 -3 -8 -7 -5    1  65   3   1   0   5   6   1   0   1   0  12   0   0   0   1   2   0   0   1  1.90 0.98
  376 D   -1 -4 -4 -3 -3 -3 -5 -6 -3  1  5 -1  3  1 -6 -4 -2 -3 -4 -1    5   1   1   2   0   1   0   0   1   7  57   5   6   4   0   2   3   0   1   3  1.00 0.58
  377 I   -2 -5 -8 -8 -2 -7 -8 -7 -8  7  1 -7  2 -4 -8 -6 -5 -8 -7  3    4   1   0   0   1   0   0   0   0  57  12   0   4   1   0   0   0   0   0  17  1.72 0.83
  378 Q    1  1  0  0 -5  3  2 -2 -3 -3 -3  3 -3 -6 -5  1  0 -7 -6 -3   10   7   5   4   0  15  15   2   0   1   3  20   1   0   0   8   6   0   0   2  0.48 0.40
  379 N    1 -4  2 -1 -4  6  0  1 -3 -8 -7 -2 -6 -5 -6  2 -2 -2 -7 -7   12   1  11   4   0  32   7  12   1   0   0   2   0   0   0  16   2   1   0   0  0.94 0.66
  380 G   -6 -2  2 -6 -9 -3 -5  7 -2 -10 -9  1 -9 -7 -8 -4 -7 -9 -9 -9    0   3  10   0   0   1   1  73   1   0   0   9   0   0   0   2   0   0   0   0  2.05 1.03
  381 A    3 -8 -5 -7 -3 -6 -7  7 -5 -9 -9 -6 -8 -9 -8  0 -5 -2 -8 -7   23   0   0   0   1   0   0  66   0   0   0   0   0   0   0   7   0   1   0   0  1.95 1.00
  382 V    1 -6 -8 -8 -1 -7 -7 -4 -7  4  2 -7 -2  3 -7 -6 -5 -7 -4  5   10   0   0   0   1   0   0   1   0  21  18   0   1  11   0   0   0   0   0  35  1.13 0.62
  383 Y   -4  2 -5 -4 -6 -1 -1 -7  0 -6 -4  3 -3 -1 -7  2 -1 -1  7 -4    1  11   0   1   0   3   4   0   2   0   2  18   1   2   0  13   4   1  34   1  1.11 0.69
  384 I   -6 -8 -6 -8 -3 -7 -8 -9 -8  6  3 -7  0 -1 -8 -7 -5 -2 -4  5    0   0   0   0   1   0   0   0   0  36  25   0   2   2   0   0   0   1   1  31  1.52 0.75
  385 N   -5 -5  8  3 -9 -4 -4  1 -2 -7 -9 -6 -8 -5 -8 -3 -6 -6 -8 -8    1   1  66  16   0   1   1  10   1   0   0   0   0   1   0   1   0   0   0   0  2.21 1.09
  386 G   -3 -3  4  2 -7 -1 -1  5  1 -7 -4 -1 -4 -3 -4 -1 -5 -4 -2 -5    1   2  19  12   0   3   4  40   3   0   3   4   0   1   1   4   0   0   1   1  0.92 0.56
  387 E   -1  1 -1 -1 -5  3  4 -4 -1  0 -3  2 -2 -4 -5 -1 -1 -6 -5  1    5   8   3   4   0  12  24   1   1   5   2  14   1   1   0   4   4   0   0   9  0.47 0.38
  388 R   -2  5 -4 -5 -4  1 -3 -6 -3 -1 -2  5 -3 -7  0 -3 -1 -7 -6  0    3  24   0   0   1   5   1   0   0   3   5  36   1   0   6   2   4   0   0   7  0.95 0.60
  389 Q   -2 -3 -4 -6 -1 -1 -2 -7 -3  5 -1 -3  0 -2 -5 -4 -3  0 -3  5    3   1   1   0   1   3   4   0   1  28   6   2   2   1   0   1   2   1   1  41  1.06 0.59
  390 T   -1 -1  1  1 -3 -1  1 -2 -4 -2 -2  1 -2 -4 -2  1  4 -6 -4 -1    5   3   5   9   0   2  10   4   0   2   4   8   1   1   2  11  26   0   0   4  0.35 0.33
  391 E   -2 -5  3  7 -5 -2  1 -3 -4 -6 -5 -1 -5 -5 -3  1 -2 -8 -7 -5    3   0  12  51   0   2   9   2   0   0   2   3   0   1   1   9   2   0   0   1  1.29 0.73
  392 I    0 -3 -3 -1 -3 -2  1 -3 -1  1 -1 -2 -1 -1  5 -1 -2  2 -2  1    8   2   1   3   0   1  11   2   2   9   7   3   1   3  26   5   3   3   1   8  0.42 0.33
  393 N   -1  0  3  4 -6  1  1  0  1 -6 -4  2 -2 -2 -4  0 -1 -5 -3 -5    4   5  14  23   0   6   9   6   3   0   2  10   1   2   1   7   4   0   1   1  0.46 0.35
  394 Y    1  0 -2 -1 -3  2  1 -3  2 -1 -1  0  1  2 -2 -1  0  0  3 -2   15   6   1   3   0   9  10   2   4   3   7   6   3   8   1   3   5   1  10   2  0.19 0.21
  395 T   -1  1 -1 -2 -2  0  0 -4 -1  2  0  1  1 -1  0 -1  1 -1 -3  2    3   6   3   2   1   4   7   0   1  10   7  10   3   2   4   4  11   1   0  18  0.16 0.19
  396 L   -4 -7 -6 -6 -3 -6 -6 -6 -5  5  4 -5 -1  1 -2 -6 -3 -2 -2  4    1   0   0   0   0   0   0   1   0  30  30   1   1   6   2   0   1   1   1  22  1.09 0.58
  397 S   -1  0  1  1 -3  0  1 -1 -2 -3 -4  1 -4 -4  0  2  3 -4 -3 -1    5   4   6   8   1   5   8   4   1   2   2   9   0   1   5  15  21   0   1   4  0.31 0.29
  398 G    0  0 -2  0 -2  0  2  0 -1 -1 -1  1 -2 -2  3  0 -1 -1 -3 -1    9   5   1   6   1   4  12   6   1   3   6  11   1   2  13   6   4   1   0   5  0.15 0.16
  399 E    0 -2  1  2 -1  1  3  0  0 -3 -4  2 -3 -4 -1  1 -1 -5 -4 -3    8   2   7  12   1   5  21   6   2   1   2  10   0   1   2  11   4   0   0   2  0.34 0.28
  400 D   -2 -3  1  5 -3  1  0 -2  5 -3 -3 -2 -1  0 -2 -1 -2  1  0 -3    4   1   5  35   1   5   5   3  13   2   3   2   1   4   2   4   3   2   3   2  0.73 0.42
  401 R   -1 -2 -4 -3 -3 -3 -3 -3 -2  3  4 -2  0  3 -3 -2 -2 -1 -1  0    5   2   1   2   0   1   2   2   1  16  33   3   2  13   2   3   2   1   2   7  0.50 0.28
  402 I   -1 -2 -3 -2 -1 -3 -2 -3 -2  4  3 -2  0  1 -3 -2 -2 -3 -2  1    5   2   1   3   1   1   3   2   1  22  29   3   2   5   2   3   2   0   1  10  0.41 0.24
  403 E   -1 -1  1  4 -4  0  1  0  3 -3 -3  0 -2  0  1  0 -1 -2 -1 -3    6   4   6  20   0   3   9   6   6   1   2   6   1   4   8   8   3   1   2   2  0.28 0.21
  404 N   -2 -1  4  2 -4  0  1  4 -2 -4 -4  0 -3 -4 -3  0 -2 -3 -3 -4    2   3  18  11   0   4   7  33   1   1   2   6   1   1   1   5   2   0   1   1  0.63 0.35
  405 Q   -2  3  2  0 -4  1  1  2  0 -4 -4  3 -3 -4 -2  0 -1 -4 -2 -4    3  15   9   5   0   6   7  15   2   1   2  20   0   1   2   6   4   0   2   1  0.40 0.27
  406 F   -1 -3 -2 -3 -1 -2 -2  1 -2  2  1 -3  0  2 -2 -2 -1  1  4  1    5   1   1   1   1   1   3  10   1  10  17   1   2   9   2   3   4   1  14  12  0.24 0.18
  407 T    1 -3 -3 -3  0 -3 -3 -4 -2  2  3 -3  3  0 -4  1  2 -2 -2  1   10   1   1   1   2   1   1   1   1  12  25   1   6   3   1  10  12   0   1  10  0.34 0.25
  408 V   -4 -5 -7 -7 -3 -5 -6 -7 -5  5  4 -1  0  0 -5 -6 -3 -6 -4  4    1   0   0   0   0   1   0   0   0  25  32   4   2   3   0   0   1   0   0  28  1.09 0.56
  409 L   -4 -7 -8 -8 -4 -7 -8 -8 -8  4  5 -7  0  0 -7 -7 -6 -7 -5  3    1   0   0   0   0   0   0   0   0  22  51   0   2   3   0   0   0   0   0  20  1.46 0.71
  410 R   -4  7 -4 -6  0  4 -4 -3 -3 -6 -7  3 -4 -7 -7  1 -4 -5 -5 -7    1  47   1   0   2  16   1   2   0   0   0  18   0   0   0   8   1   0   0   0  1.49 0.81
  411 R    1  2 -4 -5 -1 -3 -4 -5 -3  2  0  3 -1 -2 -5 -1 -1  1 -2  3   11  11   1   0   1   1   0   0   1  10   8  17   1   1   0   5   4   2   1  25  0.46 0.36
  412 G   -6 -8 -5 -8 -9 -8 -9  8 -9 -10 -10 -8 -9 -10 -9 -5 -8 -3 -9 -10    0   0   0   0   0   0   0  98   0   0   0   0   0   0   0   0   0   1   0   0  3.10 1.31
  413 K   -6  1 -4 -7 -9 -4 -6 -8 -7 -9 -8  8 -8 -9 -6 -4 -6 -9 -8 -9    1   7   1   0   0   0   0   0   0   0   0  89   0   0   0   1   0   0   0   0  2.82 1.26
  414 K   -5  5 -1 -4 -8 -1 -4 -5  2 -8 -6  6 -5 -7 -6 -1 -3  2 -6 -7    1  30   3   1   0   2   1   1   5   0   0  46   0   0   0   5   2   3   0   0  1.53 0.80
  415 K   -3  3  5 -1 -7  0 -2 -3  3 -5 -6  5 -5 -6 -6  0  0 -7 -4 -5    2  16  24   4   0   4   2   2   6   0   1  29   0   0   0   6   5   0   1   1  0.92 0.56
  416 Y   -5 -2 -4 -7 -4 -3 -6 -7  5  0 -3  0 -2  6 -7 -6 -5  3  6  0    1   3   1   0   0   1   0   0  12   5   2   5   1  31   0   0   0   3  26   7  1.38 0.70
  417 F    1  1 -3 -5  0 -2 -4 -1  4  1  0  0  0  3 -5 -3 -2 -1  4  2   10   8   1   0   2   2   0   4   9   6   9   5   2  11   0   1   2   1  12  14  0.33 0.27
  418 L   -4  3 -4 -5 -6 -4 -5 -7 -5  3  3  2  0 -1 -6 -4 -3 -2 -4  2    1  14   1   0   0   0   0   0   0  18  29  15   1   2   0   1   1   1   0  14  0.73 0.46
  419 V   -3 -8 -8 -8 -2 -7 -8 -9 -8  6  2 -8 -3 -5 -8 -7 -5 -8 -6  5    2   0   0   0   1   0   0   0   0  38  20   0   0   0   0   0   0   0   0  38  1.66 0.77
  420 T   -3  3 -2 -3  0 -1  2 -5 -1  1 -3  4 -3 -4 -5 -2  0 -5 -3  2    1  14   2   1   2   2  13   0   1   9   1  26   0   1   0   3   5   0   1  17  0.55 0.40
  421 Y   -4 -5 -7 -8 -6 -5 -7 -7  0  0  1 -5 -2  4 -7 -4 -4  8  0  5    1   0   0   0   0   0   0   0   2   4  10   1   0  18   0   2   0  23   3  34  1.45 0.66
  422 K   -4  2 -4 -3 -7  3  5 -5 -4 -7 -6  6 -5 -7 -5 -4 -4 -6 -5 -6    0  11   0   0   0  13  32   0   0   0   0  44   0   0   0   0   0   0   0   0  1.43 0.64

                      K         Lambda
Standard Ungapped    0.1340     0.3155
Standard Gapped      0.0410     0.2670
PSI Ungapped         0.1875     0.3178
PSI Gapped           0.0574     0.2670
