
Last position-specific scoring matrix computed, weighted observed percentages rounded down, information per position, and relative weight of gapless real matches to pseudocounts
           A  R  N  D  C  Q  E  G  H  I  L  K  M  F  P  S  T  W  Y  V   A   R   N   D   C   Q   E   G   H   I   L   K   M   F   P   S   T   W   Y   V
    1 M   -1 -2 -3 -4 -2 -1 -3 -3 -2  1  2 -2  7  0 -3 -2 -1 -2 -1  0    0   0   0   0   0   0   0   0   0   0   0   0 100   0   0   0   0   0   0   0  0.67 0.08
    2 R    0  5  1 -1 -3  1  1 -2 -1 -3 -3  1 -2 -3 -2  0  2 -3 -2 -2    6  52   6   0   0   7   8   0   0   0   0   0   0   0   0   0  20   0   0   0  0.52 0.11
    3 T   -1 -2 -1  0 -2 -1 -1 -2  1  1 -1 -2 -1 -3  1  3  4 -3 -2 -1    0   0   0   4   0   0   0   0   5  10   5   0   0   0   5  26  45   0   0   0  0.38 0.13
    4 F   -1  0 -1 -2 -2  1  0 -2 -2  0 -1  0 -1  1 -2  2  2 -2  0  1    0   5   0   0   0   7   6   0   0   8   4   4   0   7   0  23  22   0   4  10  0.14 0.08
    5 E    1  1 -1  1 -3  3  3 -2 -1 -3 -3  1  0 -4  0  1 -1 -4 -3 -3   10   6   0   8   0  20  26   0   0   0   0  10   3   0   3  14   0   0   0   0  0.40 0.12
    6 Q    0  0 -1  0 -3  4  2 -2 -1 -3 -3  1 -2 -2  0  1  1  4 -2 -3    9   3   0   5   0  33  14   0   0   0   0   7   0   2   3   8   8   7   0   0  0.42 0.15
    7 L   -1 -2 -3 -3 -2  0 -2 -3 -3  2  1  0  5 -2 -2  1 -1 -3 -1  2    2   0   0   0   0   5   0   0   0  12  14   7  26   0   2  14   0   0   2  17  0.31 0.17
    8 T    1 -1 -1 -1 -3  0 -2 -2 -3 -2 -1  0 -1 -1  3  2  4 -4 -3 -2   10   2   2   1   0   4   0   2   0   1   4   4   2   4  14  15  34   0   0   0  0.37 0.19
    9 A    2 -1  0  0 -3  0  0 -1 -2 -2 -3  1 -1 -3  3  1  1 -4 -2  0   22   1   3   5   0   2   4   3   0   2   0  11   1   1  17  10  11   0   1   7  0.28 0.14
   10 S    0  0  0 -1 -3  0  1  0  0 -2 -2  1 -2 -1  1  2  2 -1 -2 -2    7   4   3   1   0   3  13   6   2   2   1   7   0   3   7  23  15   1   0   2  0.21 0.14
   11 Q   -1  1  0  1 -3  1  1 -2 -1  1  1  1  0 -2  0  0 -1 -3 -2  0    3  10   2  11   0   6   9   1   1  15  14   9   2   0   4   6   2   0   0   3  0.10 0.09
   12 Q    0  2  0  0 -4  2  2 -3 -1 -3 -2  2 -2  0  2  0  0 -4 -2 -2    7  14   3   6   0  11  13   0   1   1   2  17   1   5   9   3   5   0   0   2  0.28 0.15
   13 K    2  1  1 -1 -3  1  0 -2 -2 -3 -3  4 -2 -4  1  0  2 -4 -3 -2   18   7   7   2   0   5   6   1   0   0   1  28   0   0   5   4  14   0   0   1  0.36 0.22
   14 E   -2 -2  0  3 -4  1  3 -2 -3 -3 -4  1 -4 -5  2  2  0 -5 -4 -4    0   1   2  20   0   5  22   1   0   2   0   9   0   0  12  21   4   0   0   0  0.58 0.31
   15 V   -1 -2 -3 -4 -2 -2 -2 -5 -4  5  1 -2  2 -1  0 -2 -2 -4 -3  3    5   2   1   0   1   2   2   0   0  34   9   2   6   2   6   1   1   0   0  27  0.54 0.28
   16 E   -1  0  1  4 -4  3  4 -3 -3 -4 -3  1 -4 -3 -2 -2 -2 -5 -4 -4    5   4   8  21   0  12  32   1   0   1   2   9   0   1   2   2   1   0   0   1  0.65 0.34
   17 R   -1  2  1  2 -5  1  4 -3 -1 -4 -4  2 -4 -5 -3  0 -1 -2 -4 -4    5  10   6  11   0   6  34   1   1   1   1  15   0   0   0   7   3   0   0   1  0.60 0.32
   18 Q   -1 -1 -3 -2 -4  6  0 -4  1  3 -1 -1 -1 -1 -3 -2 -1  2 -3  0    5   2   1   1   0  41   4   0   3  17   5   3   1   2   1   1   2   2   0   7  0.65 0.37
   19 L   -1 -2 -2 -2 -2 -2 -1 -4 -2  3  4 -2  2  0 -4 -3 -2 -2  0  1    5   2   2   2   1   1   4   0   1  17  42   3   6   4   0   1   1   0   4   7  0.44 0.25
   20 Q    1  0  0  3 -5  1  5 -3 -2 -5 -4  1 -4 -5 -3 -1 -2 -6 -4 -4   11   4   5  16   0   5  40   1   0   0   1  10   0   0   0   4   1   0   0   1  0.75 0.41
   21 L   -2 -1 -4 -4 -1 -3 -1 -6 -4  3  4 -3  0  0 -5 -3 -2 -2 -1  2    2   4   0   1   1   1   4   0   0  17  46   1   1   4   0   1   2   0   2  11  0.62 0.34
   22 Y   -3 -2 -4 -4 -3  0 -2 -5  1  3  4  0 -1  1 -5 -3 -2 -4 -2  0    1   2   0   0   0   4   2   0   3  20  44   7   1   5   0   1   3   0   1   5  0.60 0.34
   23 M    0  2 -1  1 -3  0  2 -2 -2 -2 -1  2  1 -3 -3  1  2  1 -3 -3    7  10   2   6   0   3  17   2   0   2   5  13   4   1   0  10  15   2   0   0  0.28 0.24
   24 T   -3  8 -3 -3 -6 -2 -2 -6 -2 -4 -6  1 -6 -4 -4 -1 -3 -4 -4 -6    2  76   1   1   0   1   2   0   1   1   0   5   0   1   1   5   1   0   0   0  1.93 0.79
   25 G   -2 -1  1 -4 -3 -3 -5  7 -3 -4 -6 -2 -6 -6 -6 -2 -2 -7 -5 -7    3   4   6   0   0   1   0  76   1   1   0   2   0   0   0   2   2   0   0   0  1.69 0.69
   26 A    1 -5 -5 -5  2 -4 -5 -5 -5  2  1 -4  1  1 -4 -2  1 -5 -1  5   11   0   0   0   4   0   0   0   0  12  11   0   2   6   0   2  10   0   2  38  0.64 0.37
   27 H    1 -2 -1  1 -3  0  2 -3  1  1 -1 -1 -2 -1 -4 -1 -1 -1 -1  3   14   1   2   7   0   4  16   1   4  10   4   4   0   3   0   4   2   1   2  22  0.22 0.21
   28 E   -1 -2  1  3 -6  4  5 -3  1 -5 -5  1 -5 -5 -4 -2 -2 -3 -4 -5    5   1   7  18   0  17  34   1   4   1   0   6   0   0   0   2   2   0   1   1  0.84 0.46
   29 V   -1 -3 -2 -1  2  1 -4 -4 -3  5  1 -4 -1  0 -5 -1 -1 -5 -4  3    4   1   2   4   4   6   0   1   0  34   9   0   0   4   0   5   2   0   0  23  0.56 0.34
   30 I   -2 -5 -4 -5 -2 -4 -4 -6 -2  5  1 -4  1  2 -5 -2  2 -3  3  2    2   0   1   0   1   0   1   0   1  33  15   0   3   8   0   4  12   0   9  11  0.64 0.36
   31 P   -3 -1  0  2 -5 -1 -1 -2  0 -4 -4 -3 -2 -2  5  1  3 -6 -4 -2    1   4   4  10   0   2   4   3   2   0   1   1   1   2  31  12  17   0   0   4  0.67 0.39
   32 P   -1  2  1  1 -5  0  4 -2  0 -3 -3  0 -2 -4  2  1 -2 -5 -4 -3    4   9   7   8   0   2  30   3   3   1   3   6   1   0   8  12   2   0   0   2  0.43 0.29
   33 E   -1  0  0  4 -3  1  4 -2 -1 -4 -3  1 -4 -4 -1 -1 -1 -5 -4 -3    6   5   3  21   1   5  32   4   1   1   3   7   0   1   3   4   3   0   0   2  0.56 0.32
   34 E   -1 -2  0  3 -5  0  5  1  1 -4 -3 -1 -4 -4 -4  0 -1 -1 -3 -3    5   1   3  13   0   3  42   9   3   1   2   2   0   1   0   7   3   1   1   2  0.66 0.37
   35 L   -2 -3 -2 -3 -3 -3 -4 -2 -4  1  5 -3  0  2 -4 -3 -2  0 -3  0    4   1   2   1   0   1   1   3   0   5  60   2   2   7   1   2   2   1   1   4  0.77 0.36
   36 K    0  3 -2  0 -3  0  1 -2 -2  0  0  1 -1 -2 -3 -1 -1 -2 -1  1    9  20   1   4   0   2  11   3   1   7   9  10   1   1   1   3   3   0   2  12  0.17 0.15
   37 A    1  1  0  1 -4  1  3 -2 -1 -4 -4  3 -3 -4 -2  0 -1 -4 -3 -3   14   8   5   7   0   5  22   2   1   1   1  21   0   1   1   5   3   0   1   1  0.42 0.27
   38 K    0  3 -2 -1 -5  0  1 -3  2 -3 -1  5 -1 -4 -3 -2 -2 -3 -3 -3    8  14   1   4   0   3   7   2   5   2   7  39   1   1   1   2   2   0   1   1  0.57 0.34
   39 L   -2 -5 -6 -5 -2 -5 -4 -5 -6  1  6 -4  1 -1 -6 -5 -4 -5 -3 -1    3   0   0   1   1   0   1   1   0   5  77   1   2   2   0   0   0   0   1   3  1.42 0.59
   40 V    1  1 -1  0 -2  0  2 -2 -1  0  1  1  0 -2 -2 -1 -1 -3 -2  0   11   6   3   5   1   3  20   2   2   5  14  10   3   2   2   3   3   0   1   5  0.12 0.12
   41 K    0  3  0  0 -2  2  2 -2 -1 -2 -2  3 -2 -3 -2  0 -1 -3 -2 -3    7  17   4   6   1   8  15   2   1   2   4  18   1   1   1   7   3   0   1   1  0.31 0.20
   42 S    2  0 -1 -1 -2  0  1  0  0 -1 -1  1 -1 -2 -1  2  0 -2 -1 -1   17   6   2   3   1   4   8   6   2   3   7   8   1   2   2  19   3   0   2   3  0.12 0.11
   43 I    0  0 -1 -1 -1  1 -1 -2  1  1  2  0  1  0 -2 -1 -1 -2  0  0    7   4   2   3   2   7   4   3   3   9  29   5   3   3   2   4   3   0   3   4  0.10 0.09
   44 S    0  1  0  0 -2  1  1 -1  0 -1  0  2  0 -1 -1  0  0 -1 -2 -1   10   8   5   4   0   5   7   3   2   2  12  15   3   2   2   8   5   1   1   4  0.07 0.07
   45 T    0 -2  1  0 -2  0  1 -1 -2 -3 -2  0 -2 -3 -2  3  3 -3 -3 -2    6   2   7   4   0   4  10   4   0   1   4   5   1   1   2  28  17   0   1   2  0.34 0.23
   46 G   -1  0  2  0 -3 -1 -1  5 -2 -3 -3  1 -3 -3 -2  0 -1 -3 -2 -3    3   6  11   4   0   3   4  42   1   1   2   8   1   1   2   6   3   0   1   1  0.57 0.26
   47 T   -2  4 -1 -1 -4  1  1 -1  1 -3 -3  5 -3 -3 -2 -1  0 -4 -3 -2    3  20   2   2   0   4  10   4   3   1   3  34   0   1   1   3   5   0   1   2  0.57 0.30
   48 P   -3  1 -2 -3 -4  0 -2 -3 -3 -3 -4  3 -3 -4  6 -1 -3 -5 -4 -3    2   8   2   1   0   5   2   2   0   2   1  20   1   1  45   5   2   0   0   2  1.13 0.49
   49 L   -3 -1 -4 -5 -2  1 -4 -5 -3  3  5 -4  1 -2 -3 -4 -1 -4 -3  1    1   3   1   0   1   7   1   1   1  14  50   1   2   1   1   1   4   0   1  10  0.72 0.36
   50 K   -1  5  0 -4  0 -2 -3 -1 -2 -1 -4  1 -3 -4 -4  0  3 -5 -4  0    4  33   4   0   2   0   1   4   1   4   1   9   0   0   1   7  23   0   0   7  0.63 0.38
   51 I    0 -6 -6 -6 -1 -5 -6 -4 -6  5  1 -5 -1  3 -6 -5 -4 -4 -3  5    8   0   0   0   1   0   0   1   0  29  11   0   1  10   0   0   0   0   1  36  0.98 0.46
   52 K   -6 -5 -6 -7 -8 -5 -6 -8 -4 -7 -7  5 -5 -3 -7 -6 -6 -4  9 -7    0   0   0   0   0   0   0   0   0   0   0  37   0   0   0   0   0   0  62   0  2.62 1.02
   53 L    1 -5 -3 -5  6  0 -3 -5  0  1  2 -4  0  2 -5 -2 -2  0  1  1   15   0   1   0  16   4   1   0   2   9  25   0   1   7   0   2   2   1   5   9  0.52 0.32
   54 G   -5 -8 -6 -7 -8 -7 -7  8 -7 -9 -9 -7 -8 -8 -7 -6 -7 -1 -8 -9    0   0   0   0   0   0   0  99   0   0   0   0   0   0   0   0   0   1   0   0  2.93 1.06
   55 L   -2 -7 -7 -7 -1 -7 -7 -7 -6  4 -1 -7  0  7 -7 -6 -3 -3  1  2    4   0   0   0   1   0   0   0   0  22   4   0   2  49   0   0   2   0   4  11  1.50 0.63
   56 D   -7 -7 -4  9 -9 -6 -4 -7 -7 -9 -9 -6 -9 -9 -7 -6 -7 -10 -9 -9    0   0   0 100   0   0   0   0   0   0   0   0   0   0   0   0   0   0   0   0  3.33 1.19
   57 P   -2 -8 -7 -7  1 -7 -7 -6 -8 -4 -5 -6 -4 -9  9 -6 -5 -9 -8 -3    4   0   0   0   3   0   0   0   0   1   1   0   1   0  86   0   1   0   0   2  2.86 1.09
   58 S   -5 -5 -3 -6 -6 -6 -6 -7 -7 -6 -5 -4 -6 -7 -6  2  8 -8 -7 -5    0   0   1   0   0   0   0   0   0   0   1   1   0   0   0  14  83   0   0   0  2.34 1.00
   59 A    6 -1 -3 -5 -5 -4 -5  2 -3 -5 -6 -3 -3 -4 -5  1 -1 -6 -2 -4   62   3   1   0   0   0   0  13   1   0   0   1   0   1   0  11   4   0   1   0  1.19 0.62
   60 P   -1 -2 -2  4 -5 -2 -1 -4 -3 -4 -6 -1 -3 -6  6  1 -1 -7 -5 -3    5   2   1  25   0   1   3   1   1   1   0   3   1   0  40   9   3   0   0   2  1.13 0.56
   61 D   -2 -3  0  5 -2 -2 -2 -3 -1 -5 -5 -2 -5 -3 -5  6 -2 -5 -3 -5    2   1   3  29   1   1   2   1   1   0   1   2   0   1   0  51   2   0   1   0  1.22 0.65
   62 V   -5 -7 -8 -8 -6 -5 -7 -8 -7  3  6 -7  0 -2 -6 -7 -5 -6 -5 -1    0   0   0   0   0   0   0   0   0  15  78   0   2   1   0   0   0   0   0   3  1.77 0.73
   63 H   -7 -6 -5 -6 -8 -1 -5 -6 11 -8 -8 -6 -7 -7 -7 -6 -1 -7 -4 -8    0   0   0   0   0   3   0   1  90   0   0   0   0   0   0   0   5   0   0   0  3.79 1.27
   64 L   -2 -6 -6 -6 -3 -6 -6 -6 -6  4  4 -6  0 -2 -5 -5 -4 -4 -4  4    3   0   0   0   0   0   0   0   0  25  41   0   1   1   0   0   1   0   0  24  1.13 0.52
   65 G   -4 -7 -5 -6 -7 -6 -7  8 -7 -8 -8 -6 -7 -8 -7 -4 -6 -2 -7 -8    0   0   0   0   0   0   0  96   0   0   0   0   0   0   0   1   0   1   0   0  2.77 1.02
   66 H   -6 -2  5 -4 -7 -3 -5 -6 10 -7 -7 -5 -6 -4 -7  0 -5 -3 -2 -7    0   2  26   1   0   1   0   0  60   0   0   0   0   1   0   6   0   0   1   0  2.53 0.97
   67 T    2 -5 -5 -6 -2 -5 -5 -2 -5 -1  5 -5  1  0 -5 -1  2 -2  0 -2   15   0   0   0   1   0   0   3   0   3  49   0   4   3   0   4  13   1   3   1  0.73 0.44
   68 V   -2 -6 -6 -6 -2 -3 -5 -6 -6  3  3 -5  1 -3 -3 -3 -2 -6 -4  5    4   0   0   0   1   1   0   0   0  13  24   1   3   1   2   1   2   0   0  47  1.01 0.50
   69 V    0 -4  0 -4 -2  1 -4  1 -5  0 -1 -4 -1 -4  5 -1  0 -3 -4  2    7   0   4   0   1   8   0   9   0   4   5   0   1   0  29   5   6   0   0  18  0.60 0.38
   70 L   -4 -6 -7 -7 -4 -5 -6 -6 -4  5  5 -6  2  0 -6 -6 -4 -4 -1  0    1   0   0   0   0   0   0   0   0  27  54   0   5   4   0   0   0   0   2   4  1.30 0.58
   71 N   -4  4 -1 -4 -1 -1 -3 -5 -1  2  1  0  7 -2 -5 -3 -2  3 -4  0    1  22   3   1   1   3   1   0   2   9  12   4  26   2   0   2   2   4   0   5  0.76 0.44
   72 K    1 -1 -1 -4  0 -2 -3  0 -4  0  0  5  2 -2 -3 -1  0 -4 -4  1   12   2   2   0   2   1   0   7   0   4  11  34   6   1   1   3   6   0   0   8  0.41 0.32
   73 L   -2 -6 -7 -6 -4 -5 -7 -7 -7 -1  6 -7  5 -3 -7 -5 -5 -6 -5 -2    3   0   0   0   0   0   0   0   0   2  77   0  12   1   0   1   0   0   0   2  1.73 0.76
   74 R    0  6 -2 -4 -4 -1 -2 -4 -2 -1  1  3 -1 -1 -5 -2 -4 -6 -3 -2    7  41   1   1   0   2   2   1   1   4  12  17   1   3   0   3   0   0   1   2  0.78 0.45
   75 Q   -1  3 -3 -1 -5  4  0 -6  7 -3 -2  0 -3 -4 -5 -4 -2  5 -1 -4    5  17   0   4   0  19   5   0  24   2   4   5   0   1   0   0   2   7   2   1  0.91 0.51
   76 F   -3 -4 -7 -8  2 -7 -7 -6 -6 -3  3 -7  2  8 -7 -6 -5  2 -2 -4    2   1   0   0   4   0   0   0   0   1  29   0   5  52   0   0   0   3   1   1  1.69 0.71
   77 Q   -1 -1 -5 -5 -6  8 -3 -6  1 -5 -4 -2 -4 -5 -6 -2 -4 -3  0 -4    5   3   0   0   0  74   1   0   3   1   1   2   0   1   0   2   1   0   3   1  2.08 0.95
   78 E   -2  4  1  4 -6  1  2 -4 -2 -3 -1  2 -1 -5 -5 -2 -3 -6 -5 -4    4  20   6  21   0   7  14   0   1   2   7  14   2   0   0   1   0   0   0   1  0.60 0.38
   79 N    3 -1 -2 -4  1 -2 -2 -4  3 -2  3 -2  2  1 -5 -2 -2 -2  0 -2   24   3   2   0   3   1   2   1   7   1  33   2   6   5   0   3   2   0   4   1  0.46 0.34
   80 G   -5 -6 -4 -4 -7 -6 -7  8 -7 -8 -8 -6 -8 -7 -7 -5 -7 -7 -8 -8    0   0   0   1   0   0   0  96   0   0   0   0   0   0   0   0   0   0   0   0  2.78 1.03
   81 H   -5 -6 -2 -6 -2 -4 -6 -5 11 -4 -5 -5 -7 -1 -7 -6 -7 -5  0 -6    1   0   2   0   1   0   0   1  83   2   1   1   0   2   0   0   0   0   3   1  3.30 1.18
   82 I   -3  3  1 -1 -4  3  1 -4  2 -2 -4  4 -3 -4 -2 -1  2 -5 -3 -4    2  13   6   4   0  16  10   0   5   3   1  22   0   1   1   3  11   0   1   1  0.53 0.35
   83 V    2 -6 -6 -6 -3 -5 -5 -4 -6  3 -3 -5 -2 -5  5 -3 -1 -6 -5  5   15   0   0   0   0   0   0   1   0  14   1   0   1   0  27   2   3   0   0  35  1.09 0.55
   84 Q   -4 -6 -4 -5 -4 -2 -6 -7 -2  6  0 -5 -2 -1 -6 -5 -1 -6  0  4    0   0   1   1   0   2   0   0   1  47   6   1   0   2   0   0   5   0   3  31  1.28 0.58
   85 L    2 -5 -5 -6  0 -5 -5 -4 -5  2  2 -5 -1  4 -3 -2 -3 -4 -2  2   21   0   0   0   2   0   0   1   0  12  23   0   1  20   1   3   1   0   1  13  0.64 0.37
   86 L   -5 -6 -7 -7 -5 -6 -7 -7 -7  4  5 -6 -2 -3 -7 -6 -5 -6 -5  3    0   0   0   0   0   0   0   0   0  20  60   0   0   0   0   0   0   0   0  18  1.51 0.65
   87 I   -3 -6 -7 -7 -3 -6 -6 -6 -7  6  1 -6  2  1 -6 -5 -3 -6 -4  4    2   0   0   0   0   0   0   0   0  43  12   0   4   5   0   0   1   0   0  29  1.28 0.57
   88 G   -4 -7 -6 -6 -8 -7 -7  8 -7 -9 -9 -7 -8 -8 -7 -4 -7 -2 -8 -8    1   0   0   0   0   0   0  97   0   0   0   0   0   0   0   1   0   1   0   0  2.83 1.05
   89 D   -5 -4 -1  6 -7 -5 -3  5 -6 -7 -8 -5 -7 -7 -6 -1 -1 -7 -7 -7    0   1   2  41   0   0   1  45   0   0   0   0   0   0   0   4   5   0   0   0  1.61 0.73
   90 F    4 -6 -6 -6 -6 -6 -6  2 -4 -5 -4 -6 -3  6 -6 -3 -4  1  2 -4   36   0   0   0   0   0   0  16   0   0   0   0   1  34   0   2   1   2   7   1  1.28 0.63
   91 T   -6 -7 -6 -7 -7 -6 -7 -7 -8 -7 -7 -6 -6 -8 -7 -4  8 -8 -7 -6    0   0   0   0   0   0   0   0   0   0   0   0   0   0   0   0  99   0   0   0  3.11 1.27
   92 G    5 -5 -3 -6 -4 -5 -6  5 -6 -6 -6 -5 -6 -7 -6  0  1 -7 -7 -2   47   0   1   0   0   0   0  35   0   0   0   0   0   0   0   6   8   0   0   2  1.32 0.67
   93 K   -3  4 -4 -6 -4  3 -4 -5 -4 -2  2  1  6 -3 -5 -1  0 -3 -4 -2    1  20   0   0   0  13   0   0   0   2  22   8  21   1   0   4   5   0   0   2  0.79 0.49
   94 I   -5 -8 -5 -8 -3 -8 -8 -7 -8  8 -1 -8 -2 -2 -8 -7 -5 -8 -6  3    1   0   1   0   0   0   0   0   0  73   3   0   1   1   0   0   0   0   0  19  2.16 0.86
   95 G   -5 -8 -6 -7 -8 -7 -8  8 -8 -10 -9 -7 -8 -9 -6 -6 -7 -2 -9 -9    0   0   0   0   0   0   0  99   0   0   0   0   0   0   0   0   0   1   0   0  2.98 1.14
   96 D   -8 -8 -4  9 -10 -6 -4 -7 -7 -9 -10 -7 -9 -10 -7 -6 -7 -10 -9 -9    0   0   0 100   0   0   0   0   0   0   0   0   0   0   0   0   0   0   0   0  3.41 1.29
   97 P   -5 -8 -8 -8 -9 -7 -7 -8 -4 -9 -9 -7 -3 -5  9 -6 -3 -10 -9 -8    1   0   0   0   0   0   0   0   1   0   0   0   1   1  95   0   1   0   0   0  3.39 1.32
   98 T   -4 -3 -3 -3 -6 -5 -5 -4 -6 -5 -7 -4 -6 -7 -6  7  4 -8 -7 -5    1   2   1   1   0   0   0   1   0   0   0   1   0   0   0  69  23   0   0   0  1.86 0.94
   99 G   -4 -7 -4  2 -5 -4 -3  7 -4 -5 -6 -6 -5  1 -7 -5 -6 -3 -5 -7    0   0   0  12   0   1   2  75   1   1   1   0   0   6   0   0   0   0   0   0  1.92 0.84
  100 K   -5  6 -4 -6 -8 -2 -4 -7 -4 -7 -6  6 -5 -8 -4 -5 -5 -8 -7 -5    0  46   0   0   0   2   0   0   0   0   1  48   0   0   1   0   0   0   0   1  2.06 0.92
  101 S   -1 -3  3  3 -5 -1 -1 -4 -3 -4 -1  1 -3 -5 -4  4  2 -6 -4 -3    4   1  13  15   0   2   3   0   0   1   6   8   1   0   0  31  13   0   0   2  0.61 0.44
  102 A    1 -2 -2 -1 -5  0  3 -3 -3 -1 -4  3 -4 -5 -4  2  2 -1 -4 -2   12   2   1   4   0   3  20   2   0   3   1  18   0   0   0  14  15   1   0   3  0.46 0.37
  103 A    1 -4 -4 -1 -6 -2  5 -3 -5 -4 -3 -2  1 -5 -5  0  4 -7 -6 -2   12   0   0   4   0   1  34   2   0   1   2   2   4   0   0   7  28   0   0   2  0.86 0.56
  104 R   -7  9 -6 -8 -10 -5 -6 -8 -6 -6 -8 -4 -7 -9 -5 -6 -7 -9 -8 -9    0  97   0   0   0   0   0   0   0   1   0   0   0   0   1   0   0   0   0   0  3.27 1.31
  105 K   -2 -2  1 -1 -6  1  0 -5 -4 -3 -5  3 -4 -5  6 -1  0 -2 -6 -1    3   2   8   3   0   7   6   0   0   2   1  19   0   0  36   4   5   1   0   4  0.87 0.52
  106 Q    0 -1 -2 -4 -4  2 -1 -4 -3  1  2 -1  4 -1  3 -2 -2 -5 -4  0    7   3   2   0   0  10   4   0   1   8  21   4  11   2  14   2   1   0   0   6  0.37 0.30
  107 L   -5 -2 -2 -7 -6 -1 -5 -8 -7  1  6 -4  4 -3 -6 -5 -4 -6 -6 -3    1   2   3   0   0   4   1   0   0   6  72   1   8   0   0   1   1   0   0   1  1.46 0.71
  108 T   -2 -3 -1  3 -4 -2 -1 -3 -5 -5 -4 -2 -5 -7 -1  4  5 -7 -6 -4    2   1   2  13   0   1   4   2   0   0   1   2   0   0   4  28  36   0   0   1  0.94 0.61
  109 D    0  2 -1  1 -5  0  2 -3  1 -2 -1  2 -2 -3  1 -1 -1 -2 -1 -1    7  13   2   8   0   4  17   1   4   2   6  13   1   1   8   5   2   1   2   4  0.26 0.22
  110 E    1 -2 -2  3 -7  1  6 -4 -3 -5 -6  0 -6 -6 -5  0 -3 -7 -5 -4   11   1   2  16   0   5  47   1   0   1   0   6   0   0   0   7   2   0   0   1  1.04 0.60
  111 E   -1 -2 -1  1 -5  4  4 -5 -3 -1 -3  0 -2 -4 -5 -2  2 -2 -5 -1    5   1   2   7   0  21  28   0   0   3   3   6   1   1   0   1  15   1   0   4  0.66 0.47
  112 V   -2 -3 -7 -7 -5 -5 -7 -8 -7  6  1 -6 -3 -5 -7 -4 -1 -7 -6  5    3   2   0   0   0   1   0   0   0  41  12   0   0   0   0   1   3   0   0  37  1.40 0.65
  113 Q    1  2  0  2 -4  2  3 -3 -1 -3  0  2  0 -4 -4 -1 -2 -5 -3 -2   11  10   5   9   0   8  22   1   1   1   9  11   2   0   0   3   2   0   1   2  0.36 0.29
  114 H    2  1  0 -1 -5  2  3 -3  2 -3 -2  2 -3 -4 -4  0 -1 -5 -1 -3   16   8   5   2   0   8  18   2   6   1   4  15   0   0   0   7   3   0   2   1  0.35 0.29
  115 N   -4 -5  9 -3 -8 -4 -5 -6 -1 -8 -7 -5 -4 -4 -7 -4 -6  2 -2 -6    1   0  87   1   0   1   0   0   1   0   0   0   1   1   0   1   0   3   1   1  2.80 1.15
  116 A    4 -4 -4 -5 -1 -3 -3 -2 -5  1  0 -1  3 -1 -5  0  0 -5 -2  2   37   0   0   0   1   1   1   2   0   9   9   4   7   2   0   7   4   0   1  13  0.51 0.36
  117 K    1  2  0  0 -4  2  3 -2 -2 -2 -3  3 -3 -4 -4 -1 -2 -4 -4 -3   14   9   4   4   0  10  21   3   1   2   3  20   0   0   0   4   2   0   0   1  0.46 0.34
  118 T    1  0  1 -1  0 -2 -1  2 -1 -4 -3  1 -4 -4 -4  1  4 -6 -4 -4   10   5   5   3   2   1   3  14   1   0   2   9   0   1   0  10  31   0   0   0  0.48 0.37
  119 Y   -5 -6 -7 -7 -3 -2 -7 -7 -3  5  0 -6  0  2 -2 -6 -6  1  7 -2    0   0   0   0   1   2   0   0   0  33  10   0   2   6   2   0   0   2  38   2  1.55 0.71
  120 F   -1  3 -3 -3 -2  1  0 -3  0  0  0  3  1  0 -4 -1  0 -2 -2 -1    4  14   0   1   1   7   7   2   2   6  11  22   4   4   0   5   7   1   1   5  0.27 0.24
  121 E    0  1  1  2 -3  1  3 -2  0 -4 -4  3 -4 -5 -2  0  0 -5 -3 -3    9   7   7  11   1   7  20   3   2   1   1  18   0   0   1   7   4   0   1   1  0.41 0.30
  122 Q   -4 -3  0 -3 -2  8 -3 -5 -3 -3 -3 -2 -3 -5 -6 -2 -4 -3 -4 -3    1   1   4   1   1  73   1   1   0   2   3   1   1   1   0   3   1   0   1   2  2.01 0.94
  123 F    2 -6 -5 -5 -2 -5 -6 -6 -6  4  3 -5  1  3 -6 -4 -4 -5 -2  3   17   0   0   0   1   0   0   0   0  20  23   0   3  12   0   0   0   0   1  22  0.78 0.43
  124 G    0  0 -1  0 -2  0  1  2  2 -3 -2  1 -2  3 -4  1 -1 -1  0 -4    8   5   3   4   1   5  11  14   5   1   3   8   1  14   0  13   2   1   2   0  0.23 0.22
  125 K   -2  4  0 -2 -3  1 -1 -4  0 -4 -2  5 -1 -4 -1 -1 -1 -6 -3 -4    2  21   4   1   1   6   3   1   2   1   4  37   2   0   4   5   3   0   1   1  0.75 0.45
  126 V   -5 -6 -6 -7 -4 -5 -6 -6 -6  6  0 -6 -1  5 -7 -6 -4 -5  1  3    0   0   0   0   0   1   0   1   0  40   9   0   1  26   0   0   1   0   3  16  1.35 0.60
  127 L   -4 -5 -6 -5 -4 -5 -5 -5 -6  2  5 -6 -1  4 -4 -4 -4 -3 -3  0    1   0   0   1   0   0   1   1   0  11  59   0   1  14   1   1   1   0   1   7  1.19 0.57
  128 D   -2 -1  1  6 -4 -1  0 -1  1 -4 -4 -1 -2 -5 -1  0 -2 -6  0 -4    3   4   6  48   0   2   5   5   3   1   2   4   1   0   3   6   2   0   3   1  0.88 0.48
  129 P   -2  0  2 -2 -3 -2 -2 -3 -1  0  0  1  0  4  4 -2 -2 -2 -2 -1    2   6   9   2   0   2   2   2   1   5   9   8   3  19  20   3   3   0   1   3  0.37 0.27
  130 E   -1 -2  2  3 -5  0  2  0  3 -4 -2  1 -3 -3 -3  1 -1 -4 -2 -3    4   2  10  19   0   2  15   8   7   0   4  11   0   1   0  10   3   0   1   1  0.39 0.27
  131 K   -1  3  0  1 -1  1 -1 -1  0 -3 -3  4 -3 -4  1 -1 -2 -5 -3 -3    4  15   5   9   1   5   4   5   2   2   2  30   0   0   8   4   2   0   1   2  0.44 0.30
  132 V    2 -2 -2 -2 -1 -1 -1 -1 -2  0  0 -1 -1  0  0 -1  3 -2 -1  1   17   2   1   1   1   3   3   5   1   6   8   3   1   4   5   2  23   1   2  12  0.19 0.20
  133 E   -2  1 -1 -1 -4  1  4 -4 -1  1 -2  2 -2 -3 -3 -1  0 -3 -2 -1    2   6   3   2   0   5  33   1   1   9   3  15   1   1   1   4   6   0   1   5  0.46 0.32
  134 L   -3 -5 -5 -6 -4 -5 -6 -6 -6  5  1 -5  3  3 -5 -5 -2 -3 -3  5    1   0   0   0   0   0   0   0   0  31  12   0   7  10   0   0   2   0   0  34  1.07 0.50
  135 H   -2  4 -3 -3 -2 -2 -1 -5  2  0  1  0  0 -1 -4 -3 -3 -5 -1  4    2  25   0   1   1   1   4   0   5   4  14   5   2   2   0   1   1   0   2  28  0.54 0.36
  136 Y   -3  1  5  2 -4 -2 -4 -4  2 -5 -4 -3 -4  4 -5 -3 -3  4  5 -5    2   7  30  12   0   2   0   1   4   0   1   1   0  14   0   1   1   5  18   0  0.98 0.51
  137 N   -6 -5  9 -4 -7  0 -5 -5 -4 -7 -8 -5 -7 -7 -7 -3 -4 -8 -7 -7    0   0  92   0   0   3   0   0   0   0   0   0   0   0   0   2   1   0   0   0  2.98 1.12
  138 S    1 -2  0 -2 -4 -3 -2  1  1 -2 -2 -2  2 -2 -4  4 -1 -2  2 -4   13   1   4   2   0   1   1  11   3   2   5   2   5   1   0  38   2   0   8   0  0.51 0.39
  139 K   -3 -2 -1  5 -6  1  5 -5 -2 -5 -6  0 -5 -6 -4  0  0 -7 -5 -5    2   2   2  29   0   5  39   0   1   1   0   5   0   0   1   7   5   0   0   1  1.06 0.56
  140 W   -8 -8 -9 -9 -8 -8 -8 -2 -8 -6 -5 -9 -7 -1 -9 -8 -8 13 -4 -8    0   0   0   0   0   0   0   4   0   1   1   0   0   2   0   0   0  91   0   0  4.80 1.54
  141 L   -5 -6 -5 -7 -3 -6 -6 -6 -1 -1  5 -6  1  4 -7 -4 -1  2  5 -3    0   0   0   0   1   0   0   0   1   3  49   0   3  18   0   1   3   2  16   0  1.18 0.58
  142 K    0  0  1  3 -3 -1  0  2 -2 -4 -3  2 -2 -4 -3  2 -1 -5 -3 -4    8   4   7  16   1   2   6  17   1   0   3  12   1   0   0  17   3   0   1   0  0.35 0.27
  143 T   -2  1  2  1 -4  0  1  0  0 -5 -5  4 -3 -4  0  1  0 -3 -4 -4    3   6   9   9   0   4   9   7   2   0   0  29   1   0   5   9   5   0   0   1  0.42 0.31
  144 L   -4 -4 -6 -7 -5 -3 -4 -6 -5  2  4 -3  7  1 -4 -5 -4 -1 -1  1    1   1   0   0   0   1   1   0   0   9  37   1  28   6   1   0   1   1   2  10  1.12 0.54
  145 N   -1  0  4  0 -5 -2 -2  1 -1 -5 -5  1 -3 -4 -1  3  2 -6 -4 -4    4   6  18   6   0   1   1  11   1   0   1   8   1   1   2  24  15   0   0   1  0.50 0.36
  146 L    0 -5 -5 -6 -3 -5 -5 -5 -3  1  3 -5  1  5 -3 -2 -3  0  3  1    7   0   0   0   0   0   0   1   0   5  32   0   3  22   2   2   1   1  11  11  0.73 0.39
  147 E    0 -1 -1 -1 -3 -1  1 -1 -2  2  1  1  0 -2  0 -1 -1 -4 -2  1   10   4   2   3   0   2   9   3   0  17  15   8   3   1   4   5   3   0   0   9  0.10 0.12
  148 D   -1 -2  0  6 -7 -1  4 -1 -1 -6 -6 -1 -4 -4 -3 -2 -2 -7 -4 -6    4   2   3  46   0   2  25   4   1   0   0   3   0   1   1   3   3   0   1   0  1.11 0.55
  149 V   -4 -6 -6 -2 -4 -6 -6 -6 -5  2  1 -6  2  7 -6 -5 -2  2  0  3    1   0   0   3   0   0   0   0   0  12  14   0   4  41   0   0   2   2   2  18  1.13 0.52
  150 I   -3 -4 -7 -7 -3 -6 -6 -4 -6  4  5 -5  2  1 -6 -5 -4 -5 -4  0    1   1   0   0   1   0   0   1   0  25  55   0   4   4   0   0   1   0   0   6  1.20 0.55
  151 E   -3  6  0  1 -3  1  2 -2 -1 -5 -5  2 -4 -5 -4 -1 -2 -4 -5 -5    1  43   4   7   1   5  15   3   1   0   0  11   0   0   0   5   2   0   0   0  0.93 0.49
  152 L   -3 -5 -4  1 -5 -4 -2 -5 -3  4  4 -4  0 -2 -5 -4 -2 -4 -2  2    1   0   1  10   0   0   3   1   0  23  42   1   2   1   0   0   2   0   1  11  0.75 0.41
  153 A    3 -3 -3 -4  0 -3 -3  3 -4 -2  0 -4  2 -1 -4 -1  1 -5  0  0   26   1   1   0   2   1   1  27   0   2   8   0   6   2   0   3  10   0   3   8  0.47 0.33
  154 G    1  2 -1 -3 -3 -1 -3  3 -3 -5 -5  1 -1 -4 -3  4 -1 -4 -4 -4   11  12   2   1   0   2   0  24   0   0   0   8   1   0   1  31   2   0   0   1  0.61 0.39
  155 K   -3  2  2 -3 -2  1 -2 -3  7 -3 -2  2 -1 -2 -4 -2  0 -4  2 -3    1  12   8   1   1   7   1   2  26   1   4  14   1   1   1   2   6   0   6   1  0.64 0.38
  156 I   -2 -5 -5 -1 -2 -4 -5 -4 -2  1 -1 -5  1  7 -6 -3 -2 -3  2  2    4   1   0   4   1   1   0   1   1   8   5   0   3  50   0   1   2   0   5  12  1.11 0.50
  157 T   -4  3  1 -4 -3  0 -4 -4 -4 -5 -5 -2 -3 -6  0  3  6 -6 -5 -5    0  14   6   0   0   5   0   1   0   0   1   1   0   0   4  21  47   0   0   0  1.10 0.60
  158 V   -1 -3 -4 -6 -4 -4 -5 -6 -1  3  1 -1  2 -2 -6 -4 -2 -3 -3  6    6   1   1   0   0   0   0   0   2  13  11   4   5   1   0   0   1   0   1  54  0.96 0.47
  159 A    3 -2  4 -2 -3  3 -2  1 -2 -5 -5 -1 -3  0 -3  1 -1 -3 -4 -4   22   1  24   1   0  15   1  12   0   0   0   2   0   4   1  12   3   0   0   1  0.57 0.38
  160 R   -1  4  1  0 -5  5  0 -4  0 -4 -4  0  0 -3 -2 -1  0 -2  1 -3    4  23   6   4   0  29   5   1   2   0   1   4   2   1   2   3   7   0   4   1  0.61 0.37
  161 L   -3 -5 -6 -5 -5 -4 -5 -6 -5  1  3 -5  9  1 -6 -3 -2 -5 -4 -1    2   0   0   1   0   0   0   0   0   8  23   0  53   5   0   2   2   0   0   3  1.66 0.66
  162 M   -3 -3 -5 -4 -4 -4 -4 -6 -5  3  5 -5  4 -2 -5 -4 -3 -2 -4  0    2   1   0   1   0   1   1   0   0  14  61   0  10   1   0   1   1   1   0   4  1.08 0.47
  163 E    2  0  0 -1 -3  2  3  0 -1 -3 -4  0 -2 -5 -3  2  0 -5 -4 -1   15   3   3   2   0  11  24   5   1   1   1   6   1   0   0  17   6   0   0   5  0.38 0.28
  164 R   -1  7 -3 -5 -6 -1 -3 -1  1 -5 -3  3 -1  0 -4 -3 -3 -5 -3 -5    4  58   1   0   0   2   0   5   3   1   2  15   2   4   0   1   1   0   0   0  1.28 0.56
  165 D   -3  1 -1  6 -6 -1  4 -2 -1 -6 -6  0 -5 -6 -3 -2 -1 -6 -5 -5    2   6   2  42   0   2  31   3   1   0   0   4   0   0   1   2   3   0   0   0  1.12 0.51
  166 D   -1 -3  0  4  0 -2  0 -2 -2 -2 -2 -3  3 -1 -4  3  1 -3 -2 -2    5   1   5  25   2   0   6   2   1   2   2   0  10   2   0  25   9   0   1   2  0.47 0.32
  167 F   -3 -6 -4 -6 -2 -6 -6 -6 -5  1  0 -6 -1  7 -6 -5 -4 -3  2  4    2   0   1   0   1   0   0   0   0   8   6   0   1  49   0   0   0   0   5  27  1.39 0.53
  168 E    1  4 -2 -2 -5  4 -1 -3  0 -4 -4  4 -3 -5 -2  0 -2 -2 -3 -3   11  20   1   1   0  19   2   1   2   0   1  27   0   0   2   7   2   0   1   1  0.68 0.38
  169 E   -1  1  2  0 -4  1  2 -2 -2 -3 -2  4  0 -5 -3  1  1 -3 -4 -3    5   7   9   4   0   6  11   2   0   1   3  29   3   0   0  10   7   0   0   1  0.41 0.27
  170 R   -6  8 -5  0 -7 -3 -4 -6 -5 -7 -6  0 -6 -7 -6 -4 -5 -7 -6 -7    0  89   0   5   0   0   0   0   0   0   0   3   0   0   0   1   0   0   0   0  2.56 0.89
  171 I   -4 -4 -4 -4 -3 -3 -4 -6 -2  2  4 -3  4  2 -5 -3 -3  1  3 -1    1   0   1   1   0   1   1   0   1  13  46   1  10   6   0   1   0   2  12   2  0.80 0.38
  172 A    0  0  1  2 -5  1  4  0 -1 -4 -4  3 -4 -4 -3  0 -2 -5 -4 -3    8   3   6  10   0   6  31   6   1   1   1  18   0   1   1   5   2   0   0   1  0.52 0.30
  173 M    1  2  1  0 -4  2  2 -2  0 -4 -3  2 -2 -4 -3  2  0 -2 -3 -3   11  10   8   4   0   9  14   2   2   1   1  10   0   0   1  20   5   1   0   1  0.33 0.22
  174 Q   -2 -2  2  0 -3  1  3  5  0 -5 -5  1 -4 -5 -2  0 -3 -1 -4 -4    2   1  10   5   0   6  17  39   2   0   1   7   0   0   2   5   1   1   0   1  0.67 0.33
  175 K   -1  0  0  1 -3  3  2 -2  1 -1 -2  2 -2 -2 -2  0  0 -3 -2 -2    5   4   4   7   0  20  14   2   4   3   3  13   0   1   1   8   7   0   1   3  0.27 0.18
  176 P   -1 -2 -1 -1 -4  1  0  3  0 -4 -4 -2 -2 -3  5  0 -2 -4 -3 -4    5   2   3   4   0   7   7  26   2   0   1   1   1   1  30   7   2   0   1   1  0.69 0.29
  177 I   -3 -4 -5 -5 -2 -4 -4 -5 -4  6  3 -4  3 -1 -3 -4 -2 -4 -1  2    1   0   0   0   1   0   1   1   0  47  26   0   7   1   1   1   1   0   2   9  0.92 0.35
  178 S    0 -1 -1 -3 -2 -2 -3  1  1 -3 -3 -2 -2 -1  0  5  1  1  2 -3    5   3   2   0   1   1   1   9   4   1   1   1   1   3   4  47   6   2   7   1  0.54 0.31
  179 L   -2 -3 -3 -4 -2 -3 -3 -3 -3  1  3 -4  2  5 -3 -3 -1 -2  3  1    3   0   1   0   1   0   1   1   0   7  27   1   5  29   1   1   4   0  10   7  0.57 0.24
  180 H    1 -2  0 -2 -2  0 -2 -3  7 -1  0 -1  0 -2 -2 -1  3 -4 -1 -2   12   2   4   1   1   3   1   1  29   3  11   3   2   1   1   3  21   0   1   2  0.52 0.27
  181 E   -4 -3 -3  0 -5 -1  7 -5 -3 -5 -5 -1 -4 -5 -4 -3 -4 -5 -4 -5    1   0   0   2   0   0  88   1   0   0   1   2   0   0   0   1   1   0   0   1  1.96 0.63
  182 F   -3 -4 -4 -5 -1 -3 -4 -5 -4  1  1 -4  2  7 -3 -3 -2 -2  0 -2    2   0   0   0   1   1   0   1   0   6  14   0   4  60   1   1   3   0   1   2  1.23 0.41
  183 F   -1 -2  1 -2  0 -2 -2 -2 -2  1  2 -2  1  1 -3  2  1 -3 -1  0    3   0   8   1   2   1   0   2   0  11  23   1   5   7   0  20   7   0   1   4  0.17 0.16
  184 Y   -4 -4 -5 -5 -5 -4 -5 -5 -2 -4 -4 -4 -4 -1 -5 -4 -4 -1 10 -2    1   0   0   0   0   0   1   1   0   0   1   0   0   0   0   1   0   0  87   3  2.55 0.68
  185 P   -1 -2 -2 -3 -2  3 -2 -2  0 -2 -2 -2  3 -2  6  0 -1 -4 -3 -2    3   1   1   1   1  15   1   2   3   2   3   1  11   2  40   8   3   0   0   2  0.84 0.32
  186 L   -1 -3 -3 -4 -1 -3 -3 -4 -3  2  4 -3  1  0 -2 -2 -1  0 -1  2    4   1   1   1   1   1   1   1   0  11  42   1   3   4   2   2   3   1   2  19  0.44 0.19
  187 M   -1 -3 -2 -3  0 -2 -3 -3 -3  1  4 -3  4  1 -3 -2 -1 -2 -1  1    5   1   2   1   2   1   1   1   0   5  43   1  16   6   1   2   2   0   2   9  0.45 0.20
  188 Q   -3  0 -2 -3 -4  8 -1 -4 -2 -3 -3 -1  3 -4 -3 -2 -3 -4 -3  0    1   4   1   1   0  69   1   1   0   1   1   1   9   1   1   1   1   0   0   7  1.38 0.46
  189 G    4 -3 -2 -3  0 -2 -2  4 -3 -3 -3 -2 -3 -3 -2  1  0  1 -3 -2   44   1   1   1   2   1   1  30   0   1   1   1   0   1   1   7   5   2   0   1  0.65 0.26
  190 Y   -2 -2 -1 -3 -1 -1 -2 -3  2  1 -1 -1  0  2 -3 -2 -2  2  7 -2    2   2   2   1   1   2   2   2   4   9   4   5   3   5   1   2   2   3  48   2  0.79 0.29
  191 D   -3 -3  1  8 -4 -2 -1 -3 -3 -4 -4 -3 -4 -4 -3 -2 -3 -5 -4 -4    1   1   6  82   0   1   1   1   0   1   1   1   0   1   1   1   1   0   0   1  1.77 0.47
  192 S    0 -3 -2 -3  0 -2 -2 -2 -2 -3 -2 -2 -2  5 -1  4 -1  4  1 -3    8   1   1   1   2   1   1   3   0   1   1   1   0  27   2  37   2   6   5   1  0.59 0.27
  193 V   -1 -2 -2 -2  2 -2 -2 -3 -1  1  2 -2  0  0 -3 -2 -1  1  1  4    4   2   1   2   4   2   2   1   2   6  19   2   1   3   1   2   2   2   6  36  0.26 0.15
  194 V    2 -1 -1 -2  0  0  1 -2  5 -1 -2  0  2 -1 -2 -1 -1  0  1  0   22   2   2   1   2   4   8   2  19   3   1   7   5   2   1   3   2   1   5   7  0.30 0.20
  195 L   -2 -4 -4 -4 -3 -2 -4 -5 -4  2  5 -3  4 -2 -4 -4 -2 -4 -3  1    2   1   1   1   0   2   1   1   0  12  57   2   9   0   1   1   2   0   0   9  0.88 0.35
  196 E   -1  1  2  2  0  0  2 -2  3 -3 -3  2 -2  1 -3 -1 -2  0  3 -3    3   6   9  10   2   4  12   2   7   1   2  14   1   7   1   3   1   1  13   1  0.27 0.18
  197 S    3 -1 -2 -3  6 -1 -2 -2 -2 -2 -2  0 -3 -4 -2  0 -1 -4 -3  1   29   3   1   1  21   3   2   1   1   1   2   7   0   0   2   7   4   0   0  11  0.54 0.27
  198 D   -2  1  1  6 -2 -1  0 -3  0 -3 -3 -1 -2 -4 -3 -1  0 -4 -3 -3    2   8   7  52   1   2   5   1   2   1   2   3   1   0   1   3   6   0   1   2  0.83 0.33
  199 I   -1 -3 -4 -4 -1 -3 -4 -3 -4  4  3 -3  2  0 -3 -3 -2 -3 -1  4    4   1   1   1   1   0   1   2   0  23  26   1   4   3   1   1   1   0   1  28  0.54 0.23
  200 E   -1 -2 -3 -2 -5  7  5 -4 -3 -5 -5 -2 -4 -5 -4 -3 -1 -5 -4 -5    4   0   0   0   0  49  37   1   0   0   1   0   0   0   0   1   4   0   0   0  1.45 0.56
  201 L   -2 -4 -4 -4  0 -3 -4 -4 -4  4  3 -4  4  0 -4 -3 -2 -3 -2  2    2   0   0   0   2   1   0   1   0  32  27   0  11   4   0   1   1   0   1  14  0.66 0.28
  202 G   -2 -5 -2 -4 -2 -4 -3  7 -2 -3 -3 -4 -4 -5 -4 -2 -4  0 -5 -3    2   0   1   0   1   0   1  81   1   2   3   0   0   0   0   1   0   1   0   2  1.63 0.52
  203 G   -1 -5 -3 -3 -5 -4 -4  7 -4 -6 -6 -4 -5 -5 -4 -2 -3 -5 -5 -5    4   0   0   1   0   0   0  86   0   0   1   0   0   0   0   2   1   0   0   0  1.91 0.57
  204 T    0 -2  2 -1 -3  0 -2 -2 -2 -1 -3 -2 -2 -2 -2  4  3 -3 -2  0    4   1   9   3   0   4   1   2   1   3   2   1   1   1   2  34  23   0   1   6  0.45 0.27
  205 D   -3 -4  0  8 -5 -3  0 -2 -4 -5 -6 -4 -5 -6 -4 -3 -4 -6 -5 -5    2   0   4  80   0   0   5   3   0   0   1   0   0   0   0   1   0   0   0   1  1.97 0.62
  206 Q   -4 -1 -4 -4 -6  9 -2 -5 -3 -5 -5 -2 -4 -6 -1 -4 -4 -5 -5 -5    1   3   0   0   0  87   1   1   0   0   1   0   0   0   3   1   0   0   0   1  2.40 0.79
  207 H   -3 -1 -4 -4 -4 -1 -2 -4 -1  1  3  1  1  0 -4 -2  1  8  0 -1    1   4   0   0   0   2   2   1   1   7  28   9   3   4   0   3   8  21   3   2  0.68 0.33
  208 F   -2 -3 -1 -3 -2 -2 -4  3 -3 -2  0 -4 -3  6 -3 -2 -2  0  3 -2    3   2   3   1   1   2   1  22   0   1  10   0   0  38   2   3   2   1   8   2  0.72 0.36
  209 N   -2 -4  8 -3 -5 -3 -4 -4  1 -2 -5 -4 -5 -5 -5  0 -1 -6 -5 -5    3   0  78   0   0   0   1   1   2   3   1   0   0   0   0   5   3   0   0   1  2.01 0.74
  210 V   -2 -4 -2 -4  3 -3 -1 -3 -4  4  3 -4  4  3 -4 -2 -2 -3 -2  0    2   0   2   0   6   0   4   2   0  23  25   0  12  15   0   2   2   0   0   3  0.56 0.30
  211 L   -2 -2 -2 -3  1  0 -2 -3  1  1  3 -2  4 -1 -3 -1  0 -3  0  0    3   1   2   1   3   6   2   2   5   5  35   2  12   1   0   3   8   0   2   6  0.31 0.22
  212 M    0 -1 -1 -1  1  1 -1 -2  0  0  0 -1  3  0 -3  0  0  2  0  2    8   3   3   3   3   6   3   3   3   5   6   3   9   5   1   8   5   4   3  16  0.10 0.10
  213 G    1 -5 -4 -5  5 -5 -5  5 -5 -5 -5 -5 -5 -5 -5  0  1  5 -5 -5   11   0   0   1  10   0   1  48   0   0   1   1   0   0   1   8   9   7   0   1  1.23 0.46
  214 R    0  5 -3 -4  0 -1 -1 -2  0  0 -1 -1  1 -1 -4 -2 -1  1  0  0    9  39   0   0   2   2   3   2   3   6   6   3   3   2   0   3   4   2   3   7  0.49 0.31
  215 H   -3  0 -1  5 -6  1  4 -4  1 -4 -4 -1 -3 -3 -3 -3  1 -2 -1 -3    2   5   2  33   0   5  25   1   3   1   1   4   1   1   1   1   8   1   3   2  0.79 0.47
  216 F   -3 -5 -6 -6 -5 -3 -6 -4 -2  2  5 -5  3  1 -6 -5 -3 -5 -1  1    2   0   0   0   0   1   0   1   1  10  59   0   6   6   0   0   1   0   2   7  1.09 0.55
  217 Q   -2 -3 -2 -5 -2  6 -3 -3 -2  4 -1 -4  5 -5 -5 -2 -2 -5 -3  0    3   1   2   0   1  35   1   3   1  24   4   0  12   0   0   2   2   0   1   7  1.01 0.59
  218 E   -2  5 -1 -3 -2  1  2 -2  0 -4 -4  4 -2 -5 -2 -1 -2 -2 -3 -3    3  33   2   1   1   5  14   3   2   1   1  21   1   0   2   4   2   1   1   2  0.77 0.45
  219 R    1  4  0  0 -4  0  0 -3  2 -2 -3  4 -1 -2 -4 -1 -2 -1 -1 -1   11  21   5   5   0   3   5   1   5   3   2  22   1   2   0   4   2   1   2   4  0.40 0.29
  220 Y   -1  0 -2 -2  0 -1  0 -3  1  0  0  1  2  2 -4 -1 -1  0  4  0    5   5   2   1   2   2   8   1   4   4  10   8   7   9   0   5   4   1  17   5  0.24 0.21
  221 N   -2 -1  1  1 -2 -1  1  4  1 -3 -1  0 -2 -3 -4 -1  0  1 -2 -3    3   4   7   6   1   2   8  35   3   2   6   5   1   1   0   3   5   2   2   2  0.39 0.28
  222 K   -1 -1  1 -1 -3  5 -1  2 -1 -2 -1  2  1 -3 -2 -2 -2 -5 -3 -3    4   3   7   4   1  26   4  18   1   2   7  11   4   1   2   3   2   0   1   2  0.44 0.36
  223 E    0  1  0  0 -5  1  3 -1 -1 -3 -3  3 -2 -3  1  0 -1 -5 -4 -1    7   6   4   5   0   6  19   4   1   1   2  22   1   1   8   6   4   0   0   5  0.34 0.28
  224 K   -1 -1 -1  1 -5  2  3 -3 -1 -5 -4  0 -2 -6  5  0 -1 -6 -4 -4    5   3   3   6   0   9  18   2   1   0   1   6   1   0  31   6   3   0   1   1  0.74 0.48
  225 Q    1 -2 -2 -2 -1  6  0 -2 -1 -2 -1  1 -2 -4  0 -2 -2 -5 -4  2   13   1   2   2   1  33   6   2   1   2   6   7   1   1   4   2   2   0   0  14  0.54 0.44
  226 V    0 -5 -2 -1  4 -2 -3 -3  2  1 -2 -5  0  4 -3 -2 -2  1  4  2    7   0   2   5   8   2   2   2   6   8   3   0   2  19   1   3   2   1  15  14  0.50 0.37
  227 V    1 -6 -5 -6  3 -5 -6  4 -6  3 -2 -5  0 -1 -4 -3 -3 -6 -2  3   12   0   0   0   5   0   0  32   0  16   3   0   2   2   1   1   1   0   2  23  0.80 0.49
  228 I   -2 -4 -6 -7 -1 -4 -6 -1 -3  4  4 -6  5  1 -6 -5 -4 -1 -3  1    3   1   0   0   1   0   0   5   1  20  40   0  12   6   0   0   1   1   1   9  0.91 0.51
  229 L   -1 -6 -4 -6 -1 -5 -5 -4 -6 -1  0 -5  2 -1 -4 -2  7 -6 -6  0    5   0   1   0   1   0   0   2   0   3   9   0   5   2   1   3  63   0   0   5  1.40 0.77
  230 M   -2 -5 -2 -5  1 -3 -5 -3 -1  0  1 -3  5  2 -5 -1  4  0 -1  2    3   0   2   0   3   1   0   2   1   5  12   1  17   7   0   4  25   1   2  13  0.58 0.41
  231 P   -4 -3 -1 -3 -5 -1 -2 -4 -2 -4 -5  1 -4 -2  8 -3 -2 -4 -4 -3    1   2   3   1   0   3   3   2   1   1   1   7   0   2  65   2   3   0   1   2  1.74 0.85
  232 L   -5 -6 -7 -7 -6 -6 -7 -7 -7  3  6 -6  1 -2  1 -5 -4 -6 -2 -2    0   0   0   0   0   0   0   0   0  13  70   0   3   1   7   1   1   0   1   2  1.50 0.73
  233 L   -4 -6 -7 -7 -5 -6 -7 -7 -7  4  6 -6  2 -2 -6 -6 -2 -6 -5  0    1   0   0   0   0   0   0   0   0  18  66   0   4   1   0   0   3   0   0   5  1.49 0.69
  234 E   -2 -3 -2 -2 -3 -2  3 -4 -3  0  1 -2  0 -5  1 -3  4 -2 -5  2    3   1   1   1   0   1  18   1   1   5  12   2   2   0   7   1  30   1   0  14  0.52 0.40
  235 G   -2 -1  1  1 -5 -3 -4  5 -5 -5 -2  0 -3 -6 -2 -1  3 -1 -5 -4    2   3   6   8   0   1   1  42   0   0   4   7   1   0   2   4  16   1   0   1  0.74 0.46
  236 L    1 -3 -2 -3 -4 -3 -1 -3 -2 -1  1  0 -2 -3  0  2  4 -3 -3 -2   14   1   1   1   0   0   4   1   1   4  16   7   0   1   5  17  24   0   0   1  0.40 0.35
  237 D   -1 -2  1  7 -4 -2  0 -4 -3 -4 -5 -1 -4 -6 -3  2  0 -4 -5 -4    5   2   6  51   0   1   4   1   1   1   1   3   0   0   1  14   7   0   0   1  1.12 0.61
  238 G   -3 -6 -3 -1 -6 -6 -5  7 -6 -7 -7 -4 -6 -7 -6 -2 -2  0 -7 -7    1   0   1   4   0   0   1  83   0   0   0   1   0   0   0   3   3   1   0   0  2.11 0.90
  239 V    0  2 -1 -2 -3 -1  0  2 -1 -1 -3  3 -2 -3 -2 -1  1 -3 -2  2    6  10   2   1   0   2   6  17   2   2   2  18   1   1   1   3   8   0   1  15  0.23 0.19
  240 E   -2  1  1  2 -3  2  3 -2  0 -2 -2  2 -1 -3 -1 -1  0 -3 -2 -2    3   6   6  12   0  10  20   2   2   2   3  13   2   1   2   4   6   0   1   3  0.30 0.20
  241 K   -5  0 -5 -6 -8 -3 -4 -7 -6 -3 -4  8  1 -3 -5 -5 -5 -8 -7 -5    1   4   0   0   0   0   1   0   0   2   2  84   3   1   0   0   1   0   0   1  2.29 1.04
  242 M   -6 -7 -5 -5 -4 -2 -7 -2 -6 -1 -1 -7  9  6 -7 -4 -6 -5 -1 -4    0   0   1   1   0   2   0   4   0   3   4   0  54  27   0   2   0   0   2   1  2.17 0.97
  243 S   -3 -6 -3 -5 -6 -5 -6  6 -6 -8 -8  0 -7 -7 -4  5 -5 -7 -7 -7    1   0   1   0   0   0   0  49   0   0   0   6   0   0   1  42   0   0   0   0  1.67 0.83
  244 K   -6 -3 -4 -6 -8 -1 -4 -7 -6 -8 -7  8 -4 -8 -5 -1 -1 -8 -7 -7    0   0   1   0   0   2   0   0   0   0   0  87   0   0   1   6   3   0   0   0  2.43 1.05
  245 S   -3 -2 -5 -3 -6 -5 -3 -5 -6 -4 -7 -4 -4 -7 -6  7  4 -8 -7 -6    1   2   0   1   0   0   1   0   0   1   0   1   0   0   0  70  22   0   0   0  1.82 0.93
  246 K    2 -2 -3 -2 -3 -1  3 -2 -3 -2  2  0  0 -2 -2 -1 -1  2  1 -1   20   2   1   1   0   3  22   2   0   2  18   5   2   2   2   3   4   3   6   3  0.28 0.28
  247 H   -1 -3  2  1 -4 -2 -3  6 -2 -7 -6  0 -5 -6 -5 -1 -3 -7 -5 -6    5   1   9   6   0   2   1  62   1   0   0   5   0   0   0   4   1   0   0   0  1.29 0.63
  248 N   -4 -4  8 -2 -7 -3 -2  3 -1 -6 -7 -3 -5 -8 -7 -3 -1 -8 -7 -5    1   1  61   1   0   1   2  22   2   0   0   1   0   0   0   1   4   0   0   1  1.76 0.83
  249 Y    4 -3 -1 -3  1 -4 -5 -2  1 -3 -4 -3  0 -1 -4  0  1 -3  6 -2   36   1   3   1   3   0   0   3   3   1   1   1   3   2   1   5   7   0  25   2  0.80 0.51
  250 I   -5 -7 -8 -8 -6 -7 -8 -8 -8  7  0 -7 -1 -3 -5 -7 -4 -7 -6  5    0   0   0   0   0   0   0   0   0  54   7   0   1   1   1   0   1   0   0  35  1.85 0.78
  251 G    0 -6  0 -3 -4 -6 -6  3 -6 -6 -6 -6 -4  0 -1  0 -4 11  0 -6    8   0   5   2   0   0   0  21   0   0   0   0   0   4   4   6   1  44   3   1  1.92 0.83
  252 I   -5 -7 -8 -8 -4 -7 -7 -8 -7  4  6 -7  0 -2 -6 -7 -4 -1 -4  1    1   0   0   0   0   0   0   0   0  20  66   0   2   1   0   0   0   1   0   7  1.56 0.69
  253 N   -1  1  3  5 -3  0 -1 -3 -2 -4 -2 -1  2 -3 -5  0  2 -6 -4 -3    4   6  13  29   1   4   2   1   1   0   4   4   6   1   0   7  14   0   0   2  0.55 0.38
  254 E   -1 -3 -3  4 -1 -2  4 -4 -1 -5 -5 -2 -2 -4  0 -1  4 -3 -5 -5    5   1   1  24   1   1  23   1   2   0   1   2   1   1   4   3  29   0   0   0  0.87 0.54
  255 H   -1 -4  1  0 -5 -2  0 -4 -1 -6 -5  0 -4 -7  3  5  1 -4 -6 -5    5   0   5   5   0   1   6   0   1   0   1   5   0   0  13  49   8   0   0   0  0.94 0.59
  256 P    1 -4 -5 -4 -5 -4 -4 -4 -4 -4 -5 -3 -1 -6  8 -1 -4 -8 -4 -2   12   1   0   1   0   0   1   2   0   1   1   2   2   0  66   5   1   0   1   3  1.88 0.87
  257 N   -2 -1  2  0 -6 -1  1 -3 -1 -3 -3 -1 -4  4 -4 -2 -1 -2  6 -2    3   3   9   6   0   2  11   2   1   1   1   4   0  18   1   2   4   0  26   3  0.66 0.42
  258 D    0 -2  0  5 -6  2  4 -5 -1 -2 -5  0 -4 -7 -4 -1 -2 -7 -6 -3    7   2   3  35   0   7  27   0   1   2   1   4   0   0   0   4   2   0   0   2  0.93 0.53
  259 M   -4 -5 -6 -7 -3  0 -6 -7 -5  2  2 -1  7  5 -6 -5 -5 -3  2 -1    1   0   0   0   0   4   0   0   0  12  14   5  30  24   0   0   0   0   6   3  1.23 0.61
  260 Y   -6 -5 -7 -8 -7 -7 -7 -8 -2 -5 -5 -7 -4  7 -8 -6 -5  4  8 -5    0   1   0   0   0   0   0   0   1   0   1   0   0  34   0   0   1   5  55   0  2.61 1.03
  261 G   -1 -3 -2 -4 -4  7 -3  5 -3 -7 -7 -2 -6 -4 -6 -2 -4 -1 -6 -5    4   1   1   1   0  44   1  39   0   0   0   2   0   1   0   2   1   1   0   1  1.56 0.79
  262 K   -3  0 -4 -6 -7 -1 -4 -4  0 -6 -4  6 -4  5 -6 -4 -5 -3  5 -6    2   4   0   0   0   3   0   1   2   0   2  41   0  26   0   1   0   0  17   0  1.36 0.68
  263 T   -2 -6 -7 -7 -3 -6 -7 -7 -6  3  2 -6 -1  5 -7 -5 -1  8 -3  2    4   0   0   0   1   0   0   0   0  16  17   0   1  23   0   1   4  19   0  16  1.20 0.57
  264 M   -4  1 -7 -7 -4 -4 -5 -7 -3  2  2 -5  9  0 -7 -4 -4 -4 -1  0    1   8   0   0   0   0   0   0   1   9  16   0  50   4   0   1   1   0   2   7  1.59 0.75
  265 S   -1  3  5 -3 -6  0 -4 -2 -3 -6 -5  0 -5 -7 -5  5 -2 -7 -6 -6    5  17  27   1   0   4   0   2   0   0   1   4   0   0   0  37   2   0   0   0  1.06 0.62
  266 L   -2 -3 -5 -6  2  0 -5 -6 -5  5  1 -5  2 -1 -5 -1  2  1 -2  2    3   1   0   0   4   4   0   0   0  31  14   0   6   2   0   4  14   2   1  15  0.65 0.40
  267 P    0 -2 -1  3 -6 -2  0 -4 -1 -5 -5 -1 -4 -7  6  2  0 -7 -6 -4    7   3   2  14   0   1   5   1   1   0   1   3   0   0  40  15   5   0   0   1  1.01 0.56
  268 D   -6 -7 -3  9 -9 -6 -3 -7 -6 -8 -9 -3 -8 -9 -7 -6 -6 -9 -8 -5    0   0   0  96   0   0   0   0   0   0   0   1   0   0   0   0   0   0   0   1  3.08 1.19
  269 S    2  0  1  3 -3  0  3 -1  0 -4 -4 -1 -3 -4 -3  2  0 -5 -3 -2   19   5   5  16   0   4  18   4   2   1   0   3   0   1   1  13   4   0   1   2  0.38 0.30
  270 L    0 -3 -2  4 -4  0  1 -4 -3 -1  3 -2  2 -3 -4 -1 -2 -5 -4  0    7   1   1  28   0   3   8   0   0   3  26   2   6   0   0   4   2   0   0   7  0.49 0.36
  271 M   -1 -5 -7 -7 -2 -6 -6 -7 -7  5  0 -6  6 -4 -6 -3 -3 -6 -5  5    5   0   0   0   1   0   0   0   0  28   8   0  17   0   0   2   1   0   0  38  1.31 0.62
  272 K   -1 -1 -2 -1 -3 -1  3  0 -2  2 -1 -1  0 -1  2 -1 -2  4  0  0    4   4   1   2   0   1  23   6   0  14   6   4   2   2   9   3   1   5   4   8  0.23 0.23
  273 K   -3  4  1  1 -5  1  0 -3  1 -2 -2  3 -1 -5  0  0  0 -5 -4 -3    1  22   6   8   0   5   5   2   3   2   4  21   1   0   4   6   7   0   0   1  0.44 0.32
  274 Y   -3 -5 -6 -8  2 -5 -6 -3 -2 -4  1 -7 -1  4 -7 -5 -6  5  8 -4    2   0   0   0   3   0   0   3   1   1  12   0   2  14   0   1   0   8  51   1  1.76 0.79
  275 I   -2 -5 -6 -7 -5 -5 -7 -6 -4  1  4 -6  2  6 -7 -5 -5  0  3 -2    4   0   0   0   0   0   0   0   0   6  45   0   4  28   0   0   0   1   8   1  1.23 0.60
  276 H   -2  3 -1 -1 -4  0  3 -4  0 -3 -2  4 -3 -5 -3 -1  0 -6 -2 -3    2  18   3   2   0   3  19   1   2   1   5  30   1   0   1   3   6   0   1   1  0.63 0.42
  277 L   -2 -2 -3 -5  0 -3 -5 -6 -2  1  5 -3  3  0 -6 -3 -3  2  2  0    3   2   1   0   2   1   0   0   1   7  55   1   6   3   0   1   1   2   6   5  0.85 0.47
  278 A    0 -6 -6 -6  3 -6 -6 -5 -5 -2  4 -6 -2  6 -6 -5 -3 -3  2  0    8   0   0   0   7   0   0   1   0   2  37   0   0  33   0   0   2   0   6   5  1.14 0.57
  279 T   -2 -6 -4 -5 -2 -5 -5 -5 -6 -4 -4 -5 -5 -5 -6  1  8 -7 -5 -4    2   0   1   1   1   0   0   1   0   1   2   0   0   0   0  11  79   0   0   1  2.06 0.97
  280 D   -3  0  0  4 -4 -3  1 -2 -2 -3  0 -3 -1  6 -4 -2 -2 -1 -1 -3    1   5   4  24   0   1   8   3   1   1  10   1   1  29   1   3   3   1   1   1  0.65 0.42
  281 L   -1  0 -5 -4 -1 -3 -3 -5 -4  2  4 -1  2  0 -5 -3 -2  2 -1  2    4   5   0   1   1   1   2   1   0  11  39   4   4   3   0   1   2   2   2  17  0.54 0.34
  282 E   -2 -4 -1  2 -5 -3 -1 -2 -2 -6 -5 -2 -1 -7  6  3  0 -5 -5 -5    2   0   3  11   0   1   4   3   1   0   1   2   1   0  41  23   6   0   0   0  1.10 0.61
  283 L   -1 -1 -2  0 -3  0  0 -3 -1  0  3  0  3 -2  1 -1 -2 -1 -2  0    3   3   2   7   0   4   7   1   1   4  30   5   9   1   8   4   2   1   1   5  0.22 0.22
  284 E    1 -2  0  4 -4  0  4 -2 -2 -5 -5  0 -4 -5  0  0 -2 -3 -4 -4   12   2   3  22   0   3  27   3   1   0   1   6   0   0   5   7   2   0   0   1  0.58 0.39
  285 E   -2 -1 -1  2 -7  2  6 -4 -4 -5 -4  0 -4 -5 -5 -3 -1 -5 -4 -3    3   3   2   8   0   8  57   1   0   1   1   5   0   0   0   2   4   0   1   2  1.19 0.66
  286 K   -3 -4 -6 -6 -1 -5 -5 -7 -5  7  1 -3 -1 -3 -6 -5 -4 -1 -3  3    2   1   0   0   1   0   1   0   0  60  12   2   1   1   0   1   1   1   1  15  1.48 0.66
  287 K    1  0  0  3 -4  0  3 -2 -2 -2 -3  2 -3 -4 -3  0 -1 -3 -3 -3   14   6   5  14   0   4  23   3   1   2   2  13   1   1   1   6   4   0   0   2  0.37 0.29
  288 Q    1  1  0  1 -4  2  4 -1 -1 -3 -3  1 -1 -4 -3  0 -1 -5 -3 -3   14   8   5   8   0   9  24   4   1   1   2   8   2   0   0   7   4   0   1   2  0.38 0.29
  289 L   -2 -3 -4 -5 -3 -4 -3 -5 -4  4  4 -4  3  1 -5 -4 -2  2  0  1    4   1   1   0   0   0   2   1   0  26  34   1   7   4   0   1   2   2   3   8  0.75 0.40
  290 V   -1  0 -2 -2 -1  0  3 -3 -3  1  0  2  4 -2 -3 -2 -1 -4 -3  0    5   5   1   2   1   4  20   2   0   8  10  15  11   2   1   2   3   0   0   6  0.29 0.24
  291 K    2  1  1 -1 -2  2  2 -2 -1 -2 -2  3 -2 -3 -3  0  0 -3 -3 -2   19   8   6   3   1   8  12   3   1   2   3  18   1   1   1   7   4   0   0   2  0.29 0.23
  292 D    1  2 -1  1 -2  2  3  0 -1 -3 -3  1 -2 -2 -2  0 -1 -4 -1 -3   13  10   2   7   1   9  19   7   1   1   3   9   1   1   1   8   2   0   2   2  0.26 0.20
  293 L   -1 -2 -2 -2 -2 -2 -2 -3  4  2  3 -2  3  0 -3 -2 -1 -1 -1  1    4   2   1   2   1   2   2   2  10  11  28   2   7   4   1   3   3   1   2  10  0.31 0.18
  294 E    0  1  1  0 -3  2  2 -1  4 -2 -2  2 -2 -3 -3  0 -1 -3 -2 -2    9   6   6   4   0   8  15   4  12   3   4  14   1   1   1   6   3   0   1   2  0.28 0.20
  295 T    1  0  2  1 -3  0  1  0 -2 -2 -2  1 -1 -2 -2  1  1  0 -2 -2   14   5   9   8   0   3  10   7   0   2   4  11   1   2   2  11   7   1   1   2  0.15 0.14
  296 G    0  0  1  0 -3  1  0  3  1 -2 -2  1 -2 -2  0  0 -1 -3 -2 -2    7   4   7   5   1   6   6  28   3   2   3   9   1   2   5   5   2   0   1   2  0.27 0.17
  297 A    0  0 -1  0  1  0  1  0  1 -1 -2  1 -5 -6  2  0  1 -6  0 -2    8   5   3   5   3   4  10   8   3   4   4   8   0   0  10   8   8   0   3   3  0.11 0.16
  298 V   -1 -1  0 -1  1 -1  0 -2  0  1  0 -1  1 -1  3  0  0  2  0  0    6   4   4   3   3   3   5   4   3   7   8   4   3   3  16   7   5   3   4   7  0.13 0.12
  299 H   -2 -2  5  1 -5 -1  2 -1  6 -3 -4 -1 -4 -3 -3 -1 -1 -5 -2 -2    3   2  27   8   0   2  14   4  16   1   2   4   0   1   1   5   3   0   1   3  0.69 0.47
  300 P   -1  0 -4 -3 -5 -1 -2 -3 -1  0 -1  2 -1 -5  6 -2 -3 -5 -2 -3    6   5   0   2   0   3   3   2   1   6   7  11   2   0  44   3   2   0   1   2  0.96 0.57
  301 R   -3  6  2 -5 -6 -1 -4 -2 -1 -2 -1  1  4 -1 -5 -4 -3  1 -1 -2    2  46   9   0   0   2   0   3   1   3   5   6  11   3   0   1   1   2   2   2  1.01 0.61
  302 D    1 -1  0  2 -2  1  3 -2  0  0  0  0 -1 -2 -2 -1  0 -1 -1 -1   10   3   4  14   1   5  20   3   2   6   8   4   1   1   2   3   6   1   2   3  0.18 0.20
  303 A    5 -3 -3 -5 -1 -2 -3 -1 -2  0  1 -3 -1 -1  0 -2 -2 -1 -1  0   47   1   1   0   1   2   2   4   1   6  12   1   1   3   4   3   2   1   2   7  0.60 0.48
  304 K   -6 -2 -3 -6 -8  6 -4 -7  2 -7 -5  6 -6 -8 -3 -3 -3 -7 -6 -7    0   2   1   0   0  35   0   0   4   0   2  51   0   0   1   2   1   0   0   0  1.86 0.98
  305 M   -1  4 -3 -2 -3  0  0 -4  1 -1 -2  5  1 -3 -5 -1 -2 -2 -2 -2    4  19   1   2   1   4   7   1   3   4   4  35   3   1   0   3   3   1   1   3  0.65 0.46
  306 L    1  3 -2 -1 -2  0  0 -4 -1  1  0  2  0 -2 -2 -1  0  0 -2  0   12  17   2   3   1   5   5   1   1   9   9  12   2   2   2   4   5   1   1   6  0.17 0.18
  307 L   -4 -4 -8 -8 -6 -7 -8 -8 -7  0  6 -7  1  0 -8 -7 -4 -1 -3 -1    1   1   0   0   0   0   0   0   0   4  79   0   3   3   0   0   1   1   1   4  1.81 0.86
  308 A    7 -7 -7 -7 -2 -7 -7 -2 -1 -4 -7 -7 -7 -8 -7 -2 -4 -8 -7 -4   86   0   0   0   1   0   0   4   2   1   0   0   0   0   0   3   1   0   0   1  2.24 1.07
  309 R   -2  3 -1  0 -3  1  3 -3  2 -4 -2  2 -2  2 -5 -1 -1  1  2 -3    4  15   3   5   1   5  17   2   4   1   5  10   1  10   0   4   4   2   6   1  0.33 0.27
  310 T   -1  1 -1  1 -3  1  6 -5  0 -4 -3  0 -3 -4 -6 -2 -1  0 -3 -5    6   7   3   6   1   6  49   1   2   1   3   5   1   1   0   3   3   1   1   1  0.95 0.58
  311 I   -1 -6 -7 -7 -2 -4 -6 -7 -7  6  2 -6  2 -2 -6 -6 -2 -6 -5  4    6   0   0   0   1   1   0   0   0  38  15   0   5   2   0   0   3   0   0  29  1.20 0.58
  312 V   -3 -7 -6 -7 -1 -7 -7 -8 -8  1 -3 -7 -1 -3 -7 -5  6 -8 -7  5    2   0   0   0   1   0   0   0   0   7   2   0   1   1   0   0  46   0   0  39  1.63 0.81
  313 R    2  3 -2 -2 -2 -1  2 -2 -2 -2 -2  3 -2 -4 -2  1  2 -6 -5 -3   15  14   1   2   1   2  14   3   1   2   4  16   1   0   1  11  11   0   0   1  0.35 0.30
  314 M   -2  2 -2 -2 -5  1 -2 -4 -3  2  3 -3  4  1 -6 -3 -1  0 -2 -2    2  13   2   3   0   7   2   2   1  10  33   1  10   6   0   1   3   1   1   1  0.51 0.35
  315 Y   -2 -4 -5 -7  2 -6 -5 -7 -3  2  2 -6 -1  3 -7 -4 -3 -1  5  4    3   1   1   0   4   0   1   0   1  12  15   0   1  12   0   1   2   1  19  28  0.92 0.49
  316 H   -6 -1 -3 -2 -4 -3 -5 -5 11 -6 -7 -4 -7 -3 -8 -5 -6  0  3 -8    1   3   1   3   0   1   1   1  74   0   0   1   0   1   0   1   0   2  10   0  2.98 1.17
  317 G   -4 -5 -1  1 -7 -5 -5  7 -7 -8 -7 -4 -7 -8 -3  1 -4 -8 -8 -8    0   1   3   7   0   0   1  71   0   0   0   1   0   0   2  12   1   0   0   0  1.77 0.82
  318 E    1  1 -1  0 -4  1  5 -2 -2 -3 -3  2 -2 -6  1 -1 -1 -6 -4 -2   10   6   3   5   0   5  33   2   1   2   2  13   1   0   6   5   3   0   0   3  0.49 0.37
  319 K    1 -2  0  3 -4  1  5 -1 -2 -5 -5  1 -5 -5 -3  0 -1 -4 -4 -4   13   1   3  16   0   5  34   4   1   1   1   9   0   0   1   5   4   0   1   1  0.67 0.44
  320 A    4 -2 -2  0 -1 -1  2  2 -2 -2 -3  0 -3 -4 -4  0 -1 -3 -5 -2   31   2   2   5   1   3  16  15   1   3   3   5   0   0   0   6   4   0   0   3  0.41 0.33
  321 A    6 -4 -4 -5 -2 -3 -5 -1 -6 -3  2 -5 -2 -1 -4 -2 -1 -4 -1  0   57   1   1   0   1   1   0   4   0   1  17   0   1   2   0   2   3   0   2   5  0.98 0.59
  322 E    0  2  1  2 -4  2  3 -3  0 -2 -2  2 -2 -4 -4 -1 -1 -3 -3 -2    7  11   5  11   0  11  19   1   2   3   4  13   1   0   0   4   3   0   1   2  0.36 0.29
  323 A   -1  0  0  0  2  0  0 -1  1  0 -1  0  1  0 -3  0  0  3  1  0    5   5   5   5   5   5   5   5   5   5   5   5   5   5   0   5   5   5   5   5  0.03 0.10
  324 A    5 -1 -4 -1  2  0 -1 -1 -4  0 -2 -4  1 -4 -4  0 -1 -5  0  0   43   4   0   4   4   4   5   4   0   5   4   0   4   0   0   5   4   0   4   8  0.51 0.40
  325 E    0  2 -1 -1  0  2  2 -2  1 -1 -1  1  1 -1 -3 -1 -1 -3  0  0    9  11   2   2   2  10  13   3   4   4   7  11   4   2   0   3   2   0   3   7  0.14 0.17
  326 H    1  1  1  1 -2  1  3 -1  0 -2 -3  2 -1 -3 -4 -1 -1 -5 -2 -2   14   8   8   9   1   6  20   3   2   2   2  12   2   1   0   2   3   0   2   3  0.29 0.28
  327 S    2 -1  0  0  0  0  2 -2  1  0 -2  0  0  0 -3  0  0  1  0 -1   23   4   5   4   2   4  13   3   4   7   3   5   3   4   0   4   5   2   2   4  0.14 0.19
  328 F    1 -3 -2 -5 -1 -3 -3 -3  0 -2 -3 -3 -4  6 -5  2  3  3  0 -2   14   1   1   0   1   1   1   2   2   2   2   2   0  33   0  14  15   3   2   2  0.73 0.51
  329 K    0  1  1  1 -1  2  3 -2  0  0 -2  1 -1 -3 -2 -1 -1 -4 -2 -1    6   9   6   9   1   8  20   3   2   8   3   9   1   1   1   3   4   0   1   5  0.21 0.22
  330 T    2  2  1 -1 -1  0  0 -2 -1  0 -1  2 -2 -2 -3  1  0 -2 -2  0   19  12   8   4   1   3   4   2   1   6   4  12   1   2   0   8   4   1   1   6  0.16 0.19
  331 V   -1  0 -3 -3 -4  0 -2 -4 -2  2  3 -1  1  0 -3 -2  1 -4 -2  2    6   6   1   2   0   4   2   1   1  11  29   3   4   3   1   2   7   0   1  18  0.34 0.28
  332 F   -4 -3 -4 -6 -6 -6 -6 -4  2 -1 -2 -4 -1  8 -6 -4 -3 -4  2  1    2   2   1   0   0   0   0   2   5   3   3   1   2  62   0   1   1   0   6   8  1.75 0.84
  333 Q    0  1  0  0 -4  3  0  2 -1 -3 -4  1 -1 -3 -1  3 -1 -5 -2 -2    6   8   3   4   0  12   5  15   1   1   1   9   1   1   3  20   4   0   1   3  0.29 0.29
  334 E   -1  1  2  1 -3  2  2  2  0 -4 -4  3 -3 -4 -2  0 -1 -3 -3 -4    4   8   8   6   1   8  12  17   2   1   2  18   0   1   2   5   3   0   1   1  0.36 0.32
  335 N   -2  2  2  1 -3 -1  0  3  2 -4 -5  4 -3 -4 -3  0 -2 -6 -4 -5    2  11  10   8   0   3   4  20   4   1   1  23   1   1   1   8   2   0   0   1  0.55 0.42
  336 S    0 -1  1  1 -5  2  3  1 -2 -2 -2  0 -3 -4 -2  1 -1 -2 -3 -2    8   2   6   9   0   8  19  12   0   3   5   6   1   0   2   8   4   1   1   3  0.23 0.25
  337 L    0 -2 -1  0 -3 -2 -2 -3 -1  3  2 -2  1  1 -2 -1  0 -2 -1  2    8   2   3   6   0   2   3   2   1  17  21   2   4   5   2   4   4   0   1  12  0.20 0.19
  338 P    0 -2 -3  0  0 -2  0 -2 -4 -4 -2 -1 -2  1  6  0 -1 -1 -3 -3    9   2   1   5   2   2   7   3   0   1   4   5   1   7  38   7   4   1   1   1  0.72 0.51
  339 E    0 -1 -1  3 -2  1  3 -2 -2 -2 -2  0 -3 -4 -3  2  0 -5 -3 -2    9   3   3  15   1   7  22   3   1   2   4   6   0   1   1  14   6   0   1   2  0.36 0.34
  340 D   -1 -2  3  5 -6  0  3 -1  0 -3 -4 -1 -3 -6 -3  0 -2 -7 -4 -4    5   2  13  29   0   3  21   5   2   2   2   3   1   0   1   6   2   0   0   1  0.71 0.50
  341 I    1 -4 -5 -3 -4 -3 -2 -4 -2  4  2 -2  4 -1 -3 -2 -2 -5 -3  2   12   1   0   2   0   1   3   1   1  24  19   3  10   3   1   2   2   0   1  15  0.55 0.39
  342 P   -1 -2 -2 -1 -7 -2  1 -4 -3 -1 -2  0 -4 -3  7 -1 -2 -4 -3 -3    4   2   2   4   0   2   9   2   1   4   4   7   0   1  49   4   3   0   1   2  1.10 0.70
  343 A    0  0 -1 -1 -1  0  3 -4  0 -1 -2 -1 -1 -2 -3  2  2 -5 -2  1    7   4   2   3   1   4  19   1   2   3   4   3   1   2   1  15  15   0   1  10  0.27 0.30
  344 V   -1 -3 -3 -3  0 -3 -2 -3  0  3  1 -1  1  3 -3 -1  0 -2  1  3    6   1   1   1   2   1   3   1   2  15  12   5   3  12   1   4   5   1   4  20  0.29 0.24
  345 N    0  0  1  0 -5  0  2 -3  1 -2 -3  2 -2 -1 -1  1  2 -3 -2 -1    7   6   6   4   0   4  16   1   3   3   2  14   1   3   3  11  11   0   1   5  0.22 0.25
  346 W   -2 -3 -4 -5 -1 -3 -3 -4 -3  3  3 -2  1  1 -3 -4 -2  0 -1  3    3   1   1   1   2   1   2   2   1  18  31   3   3   6   2   1   2   1   2  18  0.58 0.39
  347 K    0  0  0  1 -2 -1  1 -2 -2 -1 -1  2 -1 -2  2  2  0 -3 -2 -1    8   4   4   8   1   2  11   2   1   3   6  12   1   1  10  15   7   0   1   3  0.18 0.21
  348 G    1  0  1 -1 -2  0  0  1 -1 -1  0  1 -1 -1  0  0 -1 -1 -1 -1   13   6   7   3   1   3   5  12   1   3  11   8   1   3   5   8   3   1   2   5  0.05 0.08
  349 E    1 -3  1  3 -4  1  3  0 -1 -2 -4  1 -3 -2  0  0 -1 -5 -4 -2   10   1   6  17   0   6  19   8   2   2   2   7   0   2   5   7   3   0   0   3  0.33 0.30
  350 K    0  0 -1  1 -4  1  3  1 -1 -3 -3  2 -3 -3  1  0 -1 -3 -3 -3    9   4   3   9   0   5  20   9   1   2   2  14   0   1   7   5   3   0   1   2  0.28 0.28
  351 T   -1 -1  1  0 -3 -2  1  4 -1 -2 -3  0 -3 -2  1  1  0 -3 -2 -1    4   4   6   5   0   2   9  29   1   3   3   5   0   2   7   9   6   0   1   4  0.30 0.26
  352 I   -1 -2 -3 -3 -3 -2 -1 -4 -3  4  1 -1  3 -1 -1 -2  1  0 -1  2    6   3   1   1   0   2   4   1   1  23  14   3   8   2   3   2   7   1   2  14  0.35 0.27
  353 A    0 -1  2  0 -3 -1 -2  0 -2 -4 -2  1 -2 -4  2  3  2  3 -3 -3    6   3   9   5   0   3   3   8   1   1   4   9   1   1  10  19  12   3   1   2  0.31 0.32
  354 M   -1 -3 -6 -6 -2 -6 -7 -4 -5  5  4 -5  0 -1 -4 -5 -5 -1 -2  2    5   2   0   0   1   0   0   1   0  27  40   1   2   2   1   1   0   1   1  14  1.01 0.59
  355 I    1 -2 -5 -3 -2 -3 -3 -2 -4  3  2 -3  0 -1  0  0  0 -3 -1  3   11   2   0   2   1   1   2   4   0  14  20   1   2   2   5   6   6   0   2  20  0.33 0.29
  356 D   -2 -1  0  6 -7  0  3 -4  0 -6 -5  1 -5 -5 -4 -1 -2 -4 -3 -5    4   4   4  40   0   4  17   1   2   0   1  10   0   1   1   5   3   0   1   1  0.96 0.64
  357 L    0 -6 -7 -7 -4 -7 -5 -7 -4  3  5 -6  0  1 -6 -5 -2 -3 -4  2    9   0   0   0   0   0   1   0   0  13  50   0   2   4   0   1   2   0   1  14  1.07 0.64
  358 L    0 -7 -8 -6  2 -7 -7 -5 -7  2  5 -6  3  1 -5 -3 -5 -7 -4  1    9   0   0   0   4   0   0   1   0   8  54   0   6   5   1   2   0   0   0   8  1.14 0.67
  359 V    0 -1 -3 -5 -1 -2 -3 -4  0  1  0  0  2  0 -5 -1  1 -6 -2  5    9   4   1   1   1   2   1   1   2   6   7   7   4   3   0   4   8   0   2  37  0.51 0.40
  360 K    1  1  0  1 -4  1  3 -3  1 -2 -1  2 -1 -4 -4  0 -1 -6 -3 -3   13   8   4   8   0   6  17   2   3   2   7  14   2   1   0   7   4   0   1   2  0.27 0.28
  361 L    3 -4 -2 -5  2 -3 -3 -3 -1  0  1 -2 -3 -2 -5  2  2 -3 -2  0   25   1   2   0   5   1   1   2   1   6  15   2   0   2   0  18  12   0   2   6  0.44 0.40
  362 K   -3 -1  2 -2 -5 -1 -1  6 -4 -6 -5  3 -6 -4 -3 -2 -3 -4 -6 -7    2   4   9   2   0   3   4  49   0   1   1  17   0   1   1   3   1   0   0   0  1.10 0.69
  363 L    0 -5 -5 -5  2 -4 -5 -3 -4  2  5 -4  1  3 -2 -4 -3 -2 -3  0    7   0   1   1   4   1   1   2   0   9  47   1   3  11   2   1   1   1   1   5  0.81 0.52
  364 L    3 -5 -4 -3  4 -3 -2 -2 -4  0 -1 -3 -3  2 -4 -1  0 -6 -3  3   26   0   1   1   8   1   3   2   0   5   5   1   0   9   0   5   6   0   1  23  0.55 0.43
  365 S    1 -2 -1 -1 -6 -1  0 -2 -3 -4 -3  4 -2 -5  3  3  0 -7 -5 -3   11   2   3   4   0   3   5   4   0   1   3  23   1   0  14  18   5   0   0   1  0.48 0.43
  366 S   -6 -4 -1 -4 -7 -7 -5 -5 -4 -8 -9 -5 -8 -9 -7  7  0 -4 -8 -8    0   1   2   1   0   0   1   1   0   0   0   1   0   0   0  85   6   0   0   0  2.40 1.35
  367 K   -3  3  3 -4 -7 -3 -2 -1 -4 -3 -3  6 -2 -5 -6 -1 -1 -5 -5 -3    2  16  14   1   0   1   3   5   0   2   3  43   1   1   0   4   4   0   0   2  1.01 0.67
  368 S    0  1  0 -4 -6 -4 -4  3 -4 -6 -6  0 -4 -5 -4  5  0 -7 -5 -4    6   6   5   1   0   1   1  21   0   0   0   5   0   0   1  46   5   0   0   1  1.01 0.68
  369 E    0 -3 -3  3 -9  3  7 -5 -2 -6 -8 -2 -4 -6 -7 -3 -6 -9 -8 -4    9   1   1  13   0  10  58   1   1   0   0   2   0   0   0   2   0   0   0   2  1.57 0.92
  370 A    6 -6 -7 -8 -2 -7 -7  0 -7  0 -2 -7 -4 -1 -7 -2 -4 -4 -5 -1   69   0   0   0   1   0   0   8   0   4   4   0   0   3   0   3   1   0   0   5  1.54 0.89
  371 R   -5  7 -2 -4 -6 -1 -2 -5 -3 -3 -5  3 -2 -4 -8 -3 -3 -8 -3 -4    1  59   2   1   0   3   2   1   1   2   1  19   1   1   0   2   2   0   1   1  1.67 0.90
  372 R   -4  8 -1 -3 -10 -1  0 -7 -5 -9 -9  2 -5 -9 -8 -5 -3 -9 -5 -7    1  71   3   2   0   3   5   0   0   0   0  10   0   0   0   1   2   0   1   0  2.17 1.10
  373 M   -2 -4 -3 -3 -4 -3 -6 -7 -3  0  5 -1  3  1 -6 -4 -2 -4 -4 -1    4   1   1   2   0   1   0   0   1   5  60   4   7   4   0   1   2   0   1   4  1.07 0.62
  374 I   -2 -8 -8 -8 -4 -7 -8 -8 -8  7  1 -7  0 -1 -8 -6 -5 -8 -7  3    4   0   0   0   0   0   0   0   0  60  12   0   2   3   0   1   0   0   0  17  1.78 0.86
  375 Q    0  1  0  0 -6  3  3 -2 -3 -4 -2  4 -2 -6 -5  0  0 -7 -4 -3    8   7   5   5   0  15  16   3   0   1   4  22   1   0   0   8   5   0   0   1  0.52 0.42
  376 N    1 -5  2 -1 -4  7  1  2 -3 -8 -8 -4 -6 -6 -7  2 -3 -8 -5 -7    9   0   9   4   0  40   9  12   1   0   0   0   0   0   0  14   1   0   0   0  1.14 0.76
  377 G   -6 -2  2 -6 -9 -5 -6  7 -2 -9 -9  1 -8 -6 -8 -3 -7 -4 -9 -9    0   2   9   0   0   1   1  75   1   0   0   8   0   0   0   2   0   0   0   0  2.10 1.05
  378 G    4 -6 -5 -7 -7 -5 -6  6 -4 -8 -8 -6 -7 -8 -7  0 -5 -8 -8 -5   32   0   0   0   0   0   0  58   0   0   0   0   0   0   0   6   1   0   0   1  1.80 0.95
  379 V   -1 -7 -8 -8 -1 -7 -7 -6 -8  4  2 -6 -1  2 -7 -6 -5 -7 -4  6    6   0   0   0   1   0   0   1   0  19  16   0   1   7   0   0   0   0   0  48  1.34 0.71
  380 R   -4  3 -4 -3 -5  0  0 -6  0 -5 -4  3 -4 -2 -6  2  0  0  6 -4    1  17   0   1   0   3   6   0   2   1   2  20   0   2   0  13   5   1  24   1  0.88 0.60
  381 I   -5 -6 -5 -8 -2 -6 -8 -8 -6  6  3 -4 -1 -1 -8 -6 -5 -2 -4  4    0   0   1   0   1   0   0   0   0  36  28   1   1   3   0   0   0   1   1  27  1.38 0.71
  382 D   -5 -5  8  5 -9 -4 -2 -1 -3 -5 -9 -6 -8 -6 -7 -3 -6 -6 -8 -7    1   0  59  26   0   1   2   5   1   1   0   0   0   0   0   2   0   0   0   0  2.10 1.07
  383 G   -5 -3  4  2 -7 -1 -1  5  1 -7 -5 -1 -4 -3 -5 -2 -5 -2 -4 -6    0   1  16  12   0   3   5  45   4   0   1   4   0   2   0   3   0   1   1   0  1.07 0.65
  384 E   -1  1  0 -1 -3  3  4 -3 -1  0 -4  2 -4 -5 -5 -2 -1 -6 -5  1    5   7   4   4   0  13  26   2   2   5   1  14   0   0   0   3   4   0   0   9  0.50 0.41
  385 K   -2  4 -4 -5 -5  0 -4 -6 -3  0 -2  5 -4 -5  0 -3  0 -7 -6  1    3  21   1   0   0   4   0   0   0   5   4  38   0   0   5   1   6   0   0  10  0.91 0.60
  386 V   -2 -5 -5 -7  0 -2 -3 -8 -2  5  0 -4  0 -2 -5 -6 -3 -3 -4  5    3   1   0   0   2   2   2   0   1  32   7   1   2   1   1   0   2   0   1  41  1.22 0.66
  387 T    0 -1  1  1 -4 -1  1 -2 -3 -2 -2  1 -2 -4 -3  2  4 -5 -4 -2    6   3   6   8   0   2  10   3   0   3   4  10   1   1   1  12  26   0   0   3  0.37 0.34
  388 D   -3 -5  3  7 -7 -2  1 -3 -4 -4 -6 -2 -4 -6 -3  1 -3 -7 -7 -5    3   1  12  54   0   2   9   2   0   1   1   2   1   0   1   9   2   0   0   1  1.39 0.76
  389 V    0 -2 -3 -1 -4 -2  1 -3 -1  2 -1 -1 -2  0  5 -1 -2  2 -2  1    7   2   1   4   0   2  10   2   1  11   6   5   1   4  26   4   2   3   1   9  0.39 0.31
  390 H   -1  0  3  3 -5  1  1 -2  1 -3 -2  2 -1 -1 -3  0 -1 -5 -1 -3    6   5  15  18   0   6   7   3   3   1   3  11   2   3   1   7   4   0   3   2  0.31 0.28
  391 A    2  0 -2 -1 -3  2  2 -2  2 -1 -1  0  0  1 -2 -1  0 -1  3 -2   16   5   2   2   0   8  12   2   4   3   7   5   2   7   1   5   6   1  10   2  0.17 0.21
  392 K   -1  1 -1  0 -3  1  1 -4 -1  1 -1  2  0 -2  0 -1  1 -5 -3  1    4   7   3   6   0   5  11   0   1  10   6  13   3   1   4   3   8   0   0  13  0.16 0.19
  393 A   -1 -4 -6 -3 -4 -4 -2 -7 -5  5  3 -5 -1  2 -3 -3 -3 -3 -1  3    4   1   0   2   0   1   4   0   0  28  26   0   1   7   1   2   2   0   2  19  0.76 0.46
  394 E    0 -1  0  2 -3  0  2 -2  0 -1 -1  0 -2 -2  0  1  2 -5 -2 -1    6   3   3  12   0   4  14   2   2   4   6   6   1   1   5  10  14   0   1   5  0.17 0.20
  395 I    0 -1 -2 -1 -2 -2 -1 -3 -1  2  2  0 -1  1  3 -1 -1 -3 -3  1    7   3   1   3   1   1   3   2   1  12  20   5   1   5  16   4   3   0   0  11  0.25 0.22
  396 R   -1  0  2  1 -5  0  1  2 -1 -2 -2  3 -3 -5 -2  1 -1 -4 -4 -3    5   4   8   7   0   4  10  18   1   2   4  17   0   0   2   9   4   0   0   2  0.29 0.26
  397 E   -1  0  0  4 -5  0  2  0 -2 -4 -5  2 -5 -5 -1  1 -1 -7 -6 -4    4   4   5  26   0   4  14   8   1   1   1  13   0   0   4  10   4   0   0   1  0.55 0.42
  398 N   -2 -3  1  0 -5 -3  0  4  2 -2 -2 -3 -3  1  0 -1 -1  0  3 -1    2   1   6   6   0   1   7  31   5   3   4   1   0   6   4   3   4   1   9   5  0.38 0.31
  399 M    0 -2 -2  0  0 -1 -2 -2  0  2  2 -2  2  1 -3 -1  0 -1  1  1    8   1   1   6   2   3   1   3   2  13  19   3   5   5   1   4   5   1   5  11  0.15 0.16
  400 I   -4 -3 -6 -6 -6 -3 -3 -8 -7  4  3 -2 -1 -1 -7 -5 -1 -4 -2  4    1   1   0   0   0   1   2   0   0  22  28   3   1   3   0   0   5   0   1  31  0.96 0.57
  401 I   -5 -8 -8 -9 -4 -8 -8 -9 -8  5  5 -8  0  0 -8 -7 -6 -7 -4  3    1   0   0   0   0   0   0   0   0  26  49   0   1   3   0   0   0   0   0  18  1.54 0.79
  402 Q   -3  6 -4 -6 -3  5 -4 -5 -4 -8 -7  4 -3 -8 -7  0 -4 -2 -6 -7    2  38   1   0   1  21   1   1   0   0   0  25   1   0   0   8   1   1   0   0  1.50 0.87
  403 V    1  2 -4 -5 -2 -4 -5 -5 -3  3  0  2 -2 -2 -6 -2 -2 -3 -3  4   11   9   0   0   1   1   0   0   1  15   7  12   1   2   0   3   2   0   1  33  0.65 0.46
  404 G   -7 -7 -5 -8 -9 -9 -9  8 -9 -11 -11 -8 -10 -10 -9 -5 -8 -3 -10 -10    0   0   0   0   0   0   0  98   0   0   0   0   0   0   0   1   0   1   0   0  3.13 1.40
  405 K   -5  1 -2 -7 -9 -4 -6 -8 -7 -9 -7  8 -8 -9 -4 -5 -7 -9 -8 -8    1   7   2   0   0   1   0   0   0   0   0  87   0   0   1   1   0   0   0   0  2.71 1.29
  406 R   -6  6 -1 -5 -9 -2 -4 -6  2 -8 -5  6 -5 -5 -6 -2 -4 -4 -5 -8    0  38   2   1   0   1   1   1   4   0   2  44   0   0   0   3   1   0   0   0  1.73 0.92
  407 K   -4  4  4 -1 -7  0 -3 -3  2 -3 -6  5 -4 -4 -6 -1  0 -2 -3 -4    1  23  17   3   0   4   1   2   5   1   1  29   0   1   0   4   5   1   1   1  0.92 0.58
  408 F   -4 -2 -4 -8 -4 -7 -7 -8  4 -1 -3 -3 -3  7 -6 -5 -5  4  6 -1    1   2   1   0   0   0   0   0  10   4   2   2   1  43   0   1   0   5  21   4  1.67 0.82
  409 L    2 -2 -5 -6  1 -4 -5 -4  2  2  1 -2 -1  3 -6 -4 -3 -1  3  3   15   3   0   0   2   0   0   1   5   9  15   2   1  14   0   1   1   1  11  19  0.55 0.38
  410 K   -5  5 -3 -5 -6 -2 -3 -6 -2  2  2  4 -2 -4 -5 -3 -2 -3 -6  0    0  30   1   0   0   2   2   0   1  11  17  24   1   0   0   2   2   0   0   5  0.86 0.55
  411 L   -6 -8 -8 -8 -4 -7 -8 -9 -8  6  3 -8 -3 -1 -8 -7 -6 -7 -6  5    0   0   0   0   0   0   0   0   0  38  22   0   0   3   0   0   0   0   0  36  1.64 0.79
  412 Q   -5  5 -4 -4 -7  2  4 -6 -4 -7 -7  6 -6 -7 -5 -4 -5 -7 -6 -7    0  25   0   0   0   7  23   0   0   0   0  45   0   0   0   0   0   0   0   0  1.55 0.73

                      K         Lambda
Standard Ungapped    0.1342     0.3163
Standard Gapped      0.0410     0.2670
PSI Ungapped         0.1951     0.3177
PSI Gapped           0.0597     0.2670
