
Last position-specific scoring matrix computed, weighted observed percentages rounded down, information per position, and relative weight of gapless real matches to pseudocounts
           A  R  N  D  C  Q  E  G  H  I  L  K  M  F  P  S  T  W  Y  V   A   R   N   D   C   Q   E   G   H   I   L   K   M   F   P   S   T   W   Y   V
    1 M   -5 -5 -6 -7 -5 -5 -6 -7 -6  1  1 -5 10 -4 -6 -5 -4 -5 -5  0    0   0   0   0   0   0   0   0   0   5   8   0  81   0   0   0   0   0   0   6  2.60 0.80
    2 K   -5  5 -3 -5 -7 -3 -4 -4 -5 -1 -6  7 -5 -7 -5 -4 -1 -7 -6 -3    0  25   1   0   0   0   0   1   0   4   0  62   0   0   0   0   4   0   0   2  1.67 0.71
    3 K   -5  6 -3 -6 -6 -4 -5 -7 -4  4 -4  2 -4 -5 -6 -5  2 -7 -6  2    0  39   1   0   0   0   0   0   0  22   1  10   0   0   0   0  11   0   0  14  1.19 0.59
    4 V   -3 -7 -7 -8 -2 -7 -7  2 -8  3 -2 -7 -2 -6 -7 -6 -5 -7 -6  7    2   0   0   0   1   0   0  15   0  17   2   0   1   0   0   0   0   0   0  62  1.63 0.71
    5 I   -6 -7 -8 -8 -7 -7 -8 -8 -5  3  0 -7 -1  5 -8 -7 -5  6  8 -4    0   0   0   0   0   0   0   0   0  14   8   0   1  20   0   0   1  10  45   1  1.98 0.80
    6 T    2 -6 -5 -6  2 -6 -6 -6 -7  0 -3 -6  3 -5 -6 -3  6 -7 -6  2   18   0   0   0   5   0   0   0   0   5   2   0   6   0   0   1  47   0   0  15  1.23 0.65
    7 Y   -1 -5  4  6 -2 -3 -3 -4 -3 -5 -4 -4 -5  1 -1 -1 -2 -6  3 -4    6   0  21  38   1   1   1   1   0   0   1   0   0   7   3   5   3   0  11   1  0.99 0.53
    8 G   -5 -8 -6 -7 -8 -8 -8  8 -8 -7 -9 -7  0 -9 -8 -5 -7 -8 -9 -6    1   0   0   0   0   0   0  96   0   0   0   0   2   0   0   0   0   0   0   1  2.86 1.07
    9 T    0 -7 -6 -7  8 -7 -7 -4 -7  2 -5 -7 -5 -5 -7 -3  4 -7 -5  4    7   0   0   0  32   0   0   1   0  11   0   0   0   0   0   2  23   0   0  23  1.57 0.70
   10 F   -5 -8 -9 -9 -6 -9 -9 -5 -6 -6 -5 -9 -4  9 -9 -8 -8 -1  6 -7    1   0   0   0   0   0   0   1   0   0   0   0   0  76   0   0   0   1  20   0  2.96 1.08
   11 D   -8 -8 -3  9 -10 -6 -4 -8 -7 -9 -10 -7 -9 -10 -8 -6 -7 -11 -9 -10    0   0   1  99   0   0   1   0   0   0   0   0   0   0   0   0   0   0   0   0  3.40 1.26
   12 L   -6 -7 -8 -8 -4 -7 -7 -6 -4  4  5 -7  6 -1 -8 -6 -5 -6 -5  0    0   0   0   0   0   0   0   1   0  18  55   0  17   3   0   0   0   0   0   5  1.54 0.68
   13 L   -5 -7 -8 -8 -2 -7 -8 -7 -7  0  3 -7  4  7 -8 -6 -2 -1 -2 -1    1   0   0   0   1   0   0   0   0   5  27   0   8  50   0   0   2   1   1   4  1.68 0.72
   14 H   -8 -4 -6 -8 -10 -4 -7 -9 12 -10 -10 -7 -8 -8 -9 -8 -9 -9 -5 -10    0   1   0   0   0   1   0   0  99   0   0   0   0   0   0   0   0   0   0   0  4.57 1.56
   15 W    0 -1 -4 -5 -3  0 -2 -5  1  2 -1 -2 -2  3  0  0 -2 -1  4  2    8   4   0   0   0   5   3   0   3  12   5   2   1  13   4   7   1   1  17  15  0.41 0.30
   16 G   -4 -8 -4 -7 -9 -8 -8  8 -8 -10 -10 -7 -9 -9 -8 -5 -8 -9 -9 -7    1   0   1   0   0   0   0  98   0   0   0   0   0   0   0   0   0   0   0   0  2.97 1.15
   17 H   -8 -7 -6 -8 -10 -6 -7 -9 12 -10 -10 -8 -8 -8 -9 -8 -5 -9 -5 -10    0   0   0   0   0   0   0   0  99   0   0   0   0   0   0   0   1   0   0   0  4.61 1.59
   18 I    3 -5 -4 -5 -1 -4 -5 -5 -4  3  3 -3  3 -1 -6 -3 -3 -5  0  2   24   0   0   0   1   1   0   0   0  14  27   1   7   3   0   2   1   0   3  16  0.65 0.40
   19 K   -3  5  6 -1 -7 -1  0 -3 -1 -6 -3  1 -3 -6 -6 -2 -2 -5 -5 -7    2  27  41   3   0   2   5   2   2   0   3   7   1   0   0   3   2   0   0   0  1.20 0.64
   20 L    2 -5 -5 -6 -2  3 -5 -5 -2  2  3 -5  2  0 -6 -2 -3 -5  4 -1   18   0   0   0   1  12   0   0   1  11  28   0   6   3   0   3   1   0  13   2  0.67 0.45
   21 L   -7 -8 -9 -9 -4 -8 -8 -9 -8  1  6 -8  0  3 -8 -8 -6 -7 -6 -3    0   0   0   0   0   0   0   0   0   7  79   0   2  11   0   0   0   0   0   1  1.98 0.86
   22 E   -3  5 -1 -4 -4  3  3 -6 -3 -5 -3  3  3 -7 -6 -3 -2 -7 -4 -5    2  33   3   0   0  11  18   0   0   1   2  18   6   0   0   1   2   0   0   0  1.05 0.59
   23 R   -3  5  0 -4 -5  6  0 -6 -1 -7 -4  2 -4 -4 -7 -4 -4 -7 -1 -5    3  30   4   1   0  39   6   0   1   0   2   9   0   1   0   1   1   0   2   1  1.38 0.74
   24 A    7 -7 -7 -8  3 -7 -7 -3 -7 -4 -3 -7 -3 -8 -7 -2 -5 -8 -8 -5   84   0   0   0   5   0   0   2   0   1   2   0   1   0   0   3   0   0   0   1  2.13 1.00
   25 K   -1  5 -6 -5 -3 -4 -5 -6 -3 -8 -6  7 -7 -8 -7 -2 -6 -8 -6 -6    6  24   0   1   1   0   0   0   1   0   1  63   0   0   0   3   0   0   0   0  1.95 0.91
   26 Q    3 -1  1 -2 -2  2  3 -2 -3 -5 -2  3  1 -5 -5  1 -1 -6 -4 -3   21   2   7   2   1   8  17   2   0   0   3  15   4   0   0  11   4   0   0   1  0.43 0.35
   27 L   -1 -1 -4 -5 -1  1 -3 -5  1 -1  4 -3  4  1 -5 -2 -4 -3  2 -1    6   3   1   0   2   7   1   0   4   2  45   2   8   5   0   3   1   0   8   3  0.67 0.42
   28 G   -3 -4  3 -6  7 -6 -6  6 -5 -7 -7 -6 -7  1 -5 -4 -6 -7 -5 -6    2   1  12   0  19   0   0  57   0   0   0   0   0   6   1   1   0   0   0   0  1.78 0.80
   29 D   -4 -4  0  7 -4 -3  0 -3 -3 -5 -7 -3 -6 -5 -4 -2  1 -8 -7  1    1   1   4  58   0   1   6   2   1   0   0   1   0   1   1   3   8   0   0  12  1.40 0.69
   30 Y   -4  2 -2 -4 -1 -1  0 -6  4  1 -3  1 -3  0 -6 -4 -1 -2  7  0    1   9   2   1   1   2   6   0  10   7   2   8   1   3   0   0   4   1  34   8  0.87 0.49
   31 L   -7 -7 -8 -8 -7 -7 -8 -8 -8 -3  7 -8 -2 -4 -8 -7 -5 -7 -6 -2    0   0   0   0   0   0   0   0   0   1  93   0   1   1   0   0   1   0   0   2  2.35 0.99
   32 V   -6 -7 -7 -8 -2 -7 -7 -8 -5  7  0 -7  0 -2 -7 -6 -3 -7 -1  4    0   0   0   0   1   0   0   0   0  58   6   0   2   1   0   0   1   0   2  26  1.80 0.76
   33 V    0 -8 -8 -8 -1 -7 -7 -8 -8  0 -3 -7 -5 -6 -7 -7 -5 -8 -7  8    8   0   0   0   1   0   0   0   0   4   1   0   0   0   0   0   0   0   0  83  2.28 0.97
   34 A    1 -7 -6 -7 -3 -7 -5  7 -7 -6 -7 -7 -5 -8 -7 -5 -7 -8 -6 -7   11   0   0   0   1   0   1  84   0   1   0   0   0   0   0   1   0   0   0   0  2.35 0.99
   35 I   -5 -7 -7 -8  0 -7 -7 -8 -8  2  2 -7 -2 -5 -7 -6 -4 -7 -6  7    0   0   0   0   2   0   0   0   0  11  18   0   1   0   0   0   1   0   0  66  1.80 0.79
   36 S   -2 -5  5 -3  5 -3 -5 -5  5 -3 -3 -5 -2 -5 -3  2  1 -7 -5  1    4   0  28   1  12   1   0   1  12   1   3   0   1   0   1  16   8   0   0  10  0.93 0.54
   37 T   -3 -4  1  0 -4 -5 -4 -1 -4 -6 -7 -3 -5 -5 -2  6  4 -7 -6 -5    1   1   7   5   0   0   1   4   0   0   0   1   0   0   2  51  24   0   0   1  1.26 0.72
   38 D   -7 -7 -3  9 -6 -5 -1 -6 -4 -8 -9 -6 -8 -6 -7 -4 -6 -9 -8 -7    0   0   1  90   0   0   4   1   0   0   0   0   0   0   0   1   0   0   0   1  2.91 1.18
   39 E    2 -1 -1  2 -5 -1  6 -4 -2 -5 -4  0 -4 -4 -3  0 -3 -7 -4 -4   14   2   2   9   0   2  46   1   1   1   2   6   0   1   1   6   2   0   1   1  0.90 0.54
   40 F   -2 -3 -3  0 -3 -1  1 -3 -4 -1  2 -3  0  3 -5  3 -1 -1  1  0    2   1   0   6   0   2  11   1   0   2  18   1   2  11   0  25   4   1   4   7  0.36 0.32
   41 N   -2 -3  2 -1 -1 -3 -2 -5 -1  4 -3 -3 -1 -3 -5 -2  3 -2 -4  4    4   2   9   4   2   1   2   0   1  21   1   1   1   1   0   2  16   1   0  30  0.66 0.41
   42 L    1  3 -2 -3 -3  0  0 -4  5  0  0  2 -1 -2 -4 -1  0 -2 -2 -2   10  17   2   1   1   3   6   1  12   5  12  15   1   1   0   4   5   1   1   2  0.34 0.27
   43 Q   -1  4  0 -2 -2  1  1 -2  0 -2 -1  4  0 -2 -3  0 -1 -5  0 -3    6  20   3   1   1   7   8   2   2   2   5  22   2   2   1   8   3   0   3   2  0.39 0.29
   44 K   -3  1  2 -3  0 -2 -3 -3  3  0  1  5 -1 -1 -5 -4 -4 -3  3 -4    1   8  10   1   2   1   1   3   6   5  14  31   2   3   0   1   0   0  11   1  0.61 0.41
   45 Q   -5 -3 -1 -5 -8 -3 -4  3  0 -6 -8  7 -7 -8 -4 -5 -6 -8 -6 -7    0   0   3   0   0   1   1  23   2   0   0  66   0   0   1   0   0   0   0   0  1.92 0.90
   46 K   -2  2 -2 -5 -5 -3 -3  5 -2 -6 -7  4 -6 -5 -4 -3 -4 -7 -5 -5    3  12   2   0   0   1   1  45   1   1   0  28   0   1   1   2   1   0   0   1  1.25 0.64
   47 K   -2  4  0 -3 -3 -1 -1 -5 -1 -2 -1  3 -1 -1  4 -2 -1 -2 -1 -3    4  26   4   1   1   2   4   0   1   3   6  15   1   3  18   3   4   1   2   1  0.54 0.36
   48 A   -2 -7 -1 -6  1 -6 -6 -6 -7 -4 -5 -6 -7 -8  8 -1  3 -8 -7 -3    4   0   3   0   3   0   0   0   0   1   1   0   0   0  61   4  19   0   0   2  1.96 0.93
   49 Y   -4 -7 -5 -7 -4 -5 -6 -7 -4  5 -1 -5 -1  2 -6 -4 -3 -3  1  6    1   0   1   0   0   0   0   0   0  25   6   1   1   7   0   1   2   0   5  48  1.30 0.61
   50 H   -5 -4  3 -3 -2  1 -5 -6 -1  3  1 -4  6  2 -6 -4 -2 -4  1  1    0   0  12   2   1   6   0   0   1  18  10   0  23   8   0   0   2   0   5  10  0.81 0.47
   51 S   -3 -3  4  0 -1 -2 -3 -3  1 -4 -6  0 -4 -4  5  3  3 -7 -5 -5    2   1  16   6   2   1   1   2   3   1   0   5   0   1  25  18  16   0   0   0  0.81 0.52
   52 Y   -3 -4 -3  1  0  3  4 -4  1 -2  2 -4  0  2 -6 -3 -3 -1  3 -3    2   0   1   8   2  11  27   1   3   2  19   0   2   9   0   1   1   1   9   1  0.59 0.42
   53 E    1 -1  1  3 -3  1  4 -4  0 -3 -3  1 -2 -4 -4 -1 -1 -4 -3 -2   10   2   7  15   1   7  30   1   2   2   2   7   1   1   1   4   3   0   1   3  0.51 0.36
   54 H   -4 -3 -1  3 -6  2  7 -6  0 -5 -7 -2 -5 -8 -7 -4 -3 -5 -5 -6    1   1   3  17   0   8  60   1   2   1   0   2   0   0   0   1   2   0   0   0  1.60 0.82
   55 R   -8  9 -7 -8 -10 -6 -7 -9 -7 -10 -9 -4 -8 -10 -9 -7 -8 -10 -8 -9    0 100   0   0   0   0   0   0   0   0   0   0   0   0   0   0   0   0   0   0  3.57 1.42
   56 K    2 -2 -6 -6  3 -3 -4 -5 -5  2  1  1  5 -1 -6 -3 -3 -5  4  1   18   2   0   0   5   1   1   1   0  11  10   9  13   2   0   1   1   0  16   9  0.62 0.41
   57 L    2  0 -1 -1 -4  0  6 -5 -2 -2 -4  1 -2 -2 -6 -2 -2 -5 -1 -4   16   5   2   3   0   3  46   0   1   2   2   7   1   2   0   2   3   0   2   1  0.85 0.54
   58 I    2 -5 -1 -5 -2 -2 -4 -4 -4  5  1 -5  5 -3 -6  0 -1 -6 -3  2   16   0   3   0   1   2   1   1   0  28  10   0  12   1   0   7   3   0   1  15  0.67 0.41
   59 L   -3 -7 -8 -8 -6 -7 -8 -8 -8  3  4 -7  0 -5 -8 -5 -4 -7 -6  6    2   0   0   0   0   0   0   0   0  16  33   0   2   0   0   1   0   0   0  47  1.54 0.72
   60 E    2  5 -1 -2 -5  0  3 -3 -5 -6 -4  2 -3 -7 -5  1 -3 -7 -5 -5   18  29   2   2   0   4  16   2   0   0   2  11   1   0   0  10   1   0   0   0  0.75 0.49
   61 T    4 -4  0 -5 -3 -3 -2  1  6 -7 -5 -2 -4 -5 -6  3 -3 -7 -5 -5   36   1   4   0   1   1   2  11  18   0   1   3   0   0   0  22   1   0   0   0  1.05 0.61
   62 I   -5 -8 -4 -8  9 -7 -7 -8 -8  4  3 -8 -2 -2 -8 -5 -1 -7 -5 -1    0   0   1   0  37   0   0   0   0  20  29   0   1   2   0   1   4   0   0   4  1.76 0.76
   63 R   -1  5 -3 -1 -2 -1  1  0 -4 -5 -6  5 -6 -7 -2 -1 -5 -4 -5 -6    4  33   1   3   1   2   7   6   0   1   0  33   0   0   2   5   0   0   0   0  1.08 0.59
   64 Y   -3 -8 -6 -6  6 -7 -5 -4 -3 -3 -3 -8 -1  4 -4 -3 -4  9  7 -3    3   0   0   1  14   0   1   2   1   1   3   0   2  13   1   2   1  23  32   2  1.84 0.83
   65 V   -1 -8 -9 -9 -4 -8 -8 -7 -9  1 -5 -8 -5 -3 -5 -6 -5 -9 -7  8    5   0   0   0   0   0   0   0   0   5   0   0   0   1   1   0   0   0   0  86  2.42 1.04
   66 D   -7 -8 -2  9 -9 -6 -3 -6 -4 -6 -10 -5 -9 -10 -8 -4 -2 -10 -6 -9    0   0   2  90   0   0   1   0   1   1   0   1   0   0   0   2   3   0   0   0  2.94 1.21
   67 E   -3 -2 -5 -1 -4  1  6 -2  0 -5 -2  1 -3 -1 -6 -3 -4  0  2 -5    3   2   0   3   0   6  51   3   2   1   5   8   1   3   0   1   1   1   8   1  1.00 0.59
   68 V    0 -6 -6 -5 -1 -5 -5 -8 -8  3 -3 -7 -4 -6 -7 -4 -3 -8 -6  7    9   0   0   1   1   1   1   0   0  13   2   0   0   0   0   1   2   0   0  69  1.74 0.80
   69 I   -4 -6 -7 -7 -2 -6 -5 -8 -2  6 -1 -6 -3  3 -7 -6 -1 -7 -1  5    1   0   0   0   1   0   1   0   1  36   4   0   0  10   0   0   4   0   2  38  1.38 0.65
   70 P   -1  0 -4 -3 -3 -3  1 -5 -3  2  0 -1 -1 -3  5 -1 -1 -6 -1  1    6   5   0   1   1   1  11   0   1  12   9   4   1   1  27   4   3   0   2  10  0.51 0.35
   71 E   -3 -4  2  3 -4  1  4 -1 -1 -2 -3 -3 -3  4 -2 -2 -2 -3  1 -3    2   0   8  17   0   6  23   5   2   3   2   1   1  16   2   2   2   0   5   2  0.52 0.37
   72 K    3 -1  0  1  1 -1  2 -2  0 -2 -3 -2 -2  0  0  0  1 -3 -1 -1   26   3   5   6   3   2  15   3   2   2   2   2   1   5   4   5   7   0   2   5  0.22 0.21
   73 N   -3 -3  1  2 -2 -3  0 -2 -1 -3 -4 -3 -3 -2  6  2  0 -6  0 -3    1   1   7  11   1   1   5   3   2   1   2   1   1   2  36  14   6   0   4   1  0.79 0.48
   74 W   -4 -2 -4 -2 -4 -1  3 -3 -2 -2  1 -3  0  0 -1 -4 -3  9  5 -3    1   2   1   3   0   2  18   2   1   2  12   1   2   4   3   1   2  24  16   2  1.01 0.54
   75 E   -2 -3  1  4 -1 -2  3 -1 -2  0 -4 -1 -2 -2 -2 -2 -1 -6 -3  1    3   1   6  27   2   1  21   6   1   5   1   3   1   2   2   3   4   0   1  11  0.50 0.35
   76 Q   -2 -3 -1  0 -3  3 -1 -3 -2  1  0  1  0 -3 -1 -2  3 -5 -2  0    2   1   2   6   1  15   2   2   1   9   8   9   2   1   3   2  23   0   2   7  0.32 0.29
   77 K   -3 -2 -1  1 -3 -1 -2 -4 -1 -2 -2  3  0 -2  3  0  3 -3 -1 -3    2   2   3   8   1   2   2   1   1   2   5  22   2   1  17   5  19   0   2   2  0.48 0.35
   78 K    0  1 -1  0 -3  1  1 -3 -2  1  1  1  0 -2  1 -2 -1 -2  0  1    7   7   2   4   0   5   9   1   0  10  15  11   3   1   6   2   3   0   4  10  0.12 0.14
   79 Q    0  0  1  3 -4  0  5 -3 -1 -2 -4  1 -3 -5  0 -1 -3 -2 -2 -5    8   5   6  15   0   4  33   2   1   2   1   9   1   0   4   5   1   1   1   0  0.58 0.39
   80 D   -1 -5 -3  3 -3 -3 -3 -6 -2  0  2 -5  1  5 -6 -4  0  4  3 -1    6   0   1  15   1   1   1   0   1   6  18   0   3  21   0   0   5   6  10   4  0.63 0.39
   81 I   -4 -4 -6 -5 -3 -4 -3 -7 -4  5  3 -4  2  0 -7 -5 -5  5  0  1    1   1   0   1   0   1   2   0   0  35  28   1   5   4   0   1   0   7   3  10  1.04 0.52
   82 I   -1  2  0  2 -3  1  3 -4  0  0 -1  3 -3 -5 -4 -1 -2 -2 -4 -2    4  11   5  12   1   7  17   1   3   6   5  19   0   0   0   4   2   1   0   3  0.38 0.29
   83 D    0  2  0  0 -2  1  2 -2  0 -1 -1  4 -1 -3 -3 -1 -1 -3 -2 -3    6   9   4   4   1   4  16   3   2   4   5  26   2   1   1   5   3   0   2   1  0.33 0.27
   84 H   -5 -5 -1 -6 -5 -4 -5 -5  7  2  1 -2 -1  0 -5 -5 -4 -1  6  0    1   0   3   0   0   1   1   1  22  10  15   2   1   3   1   1   1   1  30   7  1.19 0.60
   85 N   -3  3  3  1 -3  1 -1  1  3 -6 -4  4 -2 -6 -3  0 -3 -6 -4 -5    1  13  15   7   1   7   3  12   7   0   2  25   1   0   1   6   1   0   0   0  0.64 0.40
   86 I    1 -7 -7 -5  4 -6 -5 -5 -6  5 -4 -6 -4  3  4 -4 -5 -6 -1  1   11   0   0   0   8   0   1   1   0  31   1   0   0  13  22   1   0   0   2   8  1.09 0.57
   87 D   -5 -5  0  8 -9 -3 -2 -6  2 -7 -9 -4 -6 -7 -7 -2 -3 -5 -6 -8    1   0   4  80   0   1   2   0   4   0   0   1   0   0   0   3   1   0   0   0  2.40 1.03
   88 V   -2 -6 -7 -7  1 -6 -6 -7 -1  4 -1 -4 -2  4 -4 -5 -2 -5  5  4    3   0   0   0   3   0   0   0   1  23   5   1   1  17   1   0   2   0  18  25  1.06 0.54
   89 F   -3 -3 -6 -7  2 -1 -6 -7  0  2  3 -6  2  4 -5 -5 -4 -2  0  4    2   2   0   0   5   4   0   0   3   9  27   0   4  15   0   0   1   0   3  25  0.78 0.43
   90 V    3 -6 -6 -7  0 -6 -6 -5 -6  1 -2 -6 -1  4 -4 -4 -2 -6 -2  5   23   0   0   0   2   0   0   1   0   7   2   0   1  15   1   1   3   0   1  43  1.11 0.59
   91 M   -4 -4 -3 -6 -1 -3 -5 -7  8  1 -4  4  5 -4 -5 -1 -3 -7 -4  0    1   0   1   0   2   1   0   0  36   8   1  23  12   1   1   5   2   0   0   7  1.44 0.72
   92 G   -4 -5 -5  3 -8 -7 -6  7 -4 -9 -9 -5 -8 -8 -7 -2 -5 -8 -8 -8    1   1   0  14   0   0   0  78   1   0   0   1   0   0   0   3   1   0   0   0  2.21 0.96
   93 D   -2 -6 -1  7 -7 -4  1  2 -4 -7 -7 -4 -7 -7 -1  2 -2 -8 -7 -6    3   0   3  50   0   0   7  14   0   0   0   1   0   0   3  15   2   0   0   1  1.30 0.68
   94 D   -5 -6 -2  8 -9 -4  0 -1 -3 -7 -8 -4 -8 -9 -5 -4 -5 -9 -8 -6    1   0   2  81   0   1   6   5   1   0   0   1   0   0   1   1   1   0   0   1  2.46 1.05
   95 W   -3 -5 -5 -5 -3 -3 -4  2  2 -2 -4 -6 -1 -1 -7 -1 -3 10  5 -2    2   1   1   1   1   1   1  13   4   2   2   0   1   2   0   5   2  38  20   3  1.75 0.80
   96 E   -1  1  0  2 -5  1  2 -2 -2 -3 -3  3 -3 -3 -1  0  1 -5 -2 -1    6   8   3  12   0   5  16   2   0   1   2  19   1   1   2   5   9   0   2   5  0.33 0.27
   97 G   -3 -4  0  6 -3 -4  0  5  0 -4 -5 -2 -5 -4 -2 -4 -4 -7 -6 -4    2   1   4  36   1   1   5  38   2   1   1   2   0   1   3   1   1   0   0   1  1.19 0.61
   98 K    0  0  0  0  1 -1  2 -4 -1  0 -2  3 -2 -4 -2 -1  1 -5 -2  2    7   4   4   5   3   2  13   1   2   5   2  20   1   0   1   4   8   0   1  15  0.25 0.24
   99 F   -1 -2 -3  0 -3 -2  1 -5 -2 -3 -3 -1 -4  4 -1 -4 -3 -1  7 -4    4   2   1   6   1   2  11   1   1   1   2   5   0  17   4   1   2   1  38   1  1.06 0.58
  100 D    1  1 -2  4 -4  1  2 -2  0  0 -3  1 -4 -2 -4 -2 -1 -1 -1  0   14   7   1  24   0   5  13   3   2   5   1   9   0   2   0   2   3   1   2   6  0.36 0.28
  101 F   -2 -3 -4 -2 -2 -2  0 -3  2  0 -1 -2 -1  4  0 -2 -2  6  3  2    2   1   0   2   1   1   7   2   5   4   6   3   2  18   6   4   2  10   8  17  0.47 0.32
  102 L    1 -3 -3 -4 -1 -3  0  0 -3  2  3 -2  0  1  0 -3 -3 -3 -3  2   12   1   1   1   1   1   6   8   1  10  26   2   2   6   4   1   1   0   1  16  0.30 0.24
  103 K    0  3 -2 -4 -4  0  1 -3 -3 -4 -5  6 -3 -7 -4 -1 -4 -3 -4 -5    8  14   2   1   0   4   7   2   1   1   1  50   1   0   1   5   1   0   1   1  1.12 0.61
  104 D    1  0  1  3 -4  1  3 -3  1 -3 -3  1 -2 -3 -3 -1 -2 -3  1  0   11   5   6  14   0   5  19   1   4   1   3  10   1   1   1   5   1   0   6   6  0.31 0.26
  105 Q    2 -1  0 -3 -4  0 -2  4  0  0 -1 -1  1 -2 -4 -1 -2 -3  2 -2   15   4   5   1   0   4   2  29   2   5   7   4   4   1   0   4   1   0   7   2  0.33 0.26
  106 C    0 -6 -2 -3  6 -5 -5  6 -4 -1 -5 -3 -6 -7 -7 -2 -4 -7 -7  1    7   0   2   1  17   0   1  51   0   4   1   2   0   0   0   2   1   0   0  10  1.35 0.67
  107 E   -5  4 -2  1 -4  0  4 -5 -2 -2 -5  4  4 -7 -5 -3 -3 -7 -6 -4    0  23   1   8   0   4  22   1   1   3   1  21  10   0   0   2   2   0   0   1  0.91 0.55
  108 V   -6 -7 -8 -8 -3 -7 -7 -7 -7  2  0 -5  2  5 -8 -7 -3 -6  3  5    0   0   0   0   1   0   0   0   0  11   9   1   4  24   0   0   2   0   8  39  1.35 0.65
  109 V   -3  2 -6 -5  0 -2  0 -6 -2  3  1  2 -1 -2 -6 -5 -4 -5 -1  5    2   9   0   0   2   2   6   0   1  13  11  14   2   1   0   0   0   0   2  34  0.66 0.42
  110 Y   -1 -2 -5 -6 -6 -2  1 -6 -2  1 -1 -5 -1  3  0 -2  0 -3  6  0    6   2   0   0   0   2  10   0   1   8   6   0   1  10   5   3   7   0  31   6  0.73 0.46
  111 L   -3 -7 -4 -7  1 -6 -7 -7 -5  3  3 -6 -1  4 -7 -5  3 -6 -3  2    2   0   1   0   3   0   0   0   0  16  29   0   1  18   0   0  18   0   0  12  0.95 0.52
  112 P   -4 -1 -3  0 -5  3  1 -5 -4 -8 -5  3 -5 -9  7 -3 -4 -9 -8 -7    2   4   1   5   0  11   8   1   0   0   1  15   0   0  48   2   1   0   0   0  1.45 0.78
  113 R   -7  7 -7 -8 -9 -5 -6 -8 -4 -4 -1 -4 -3  2 -6 -6 -5 -6  6 -5    0  56   0   0   0   0   0   0   0   1   6   0   1   8   0   0   1   0  25   1  2.01 0.95
  114 T   -5 -5 -5 -5 -5 -6 -3 -4 -3 -1 -2 -5 -5 -5 -6 -3  7 -5 -3  1    1   0   0   0   0   0   2   1   1   4   3   1   0   0   0   2  72   0   1   9  1.84 0.94
  115 E   -1 -2 -1  1 -7  2  5 -3  0 -6 -5  2 -3 -6  3 -3 -3 -5 -4 -4    5   2   2   7   0   7  38   2   2   0   1  12   1   0  15   1   2   0   1   1  0.87 0.55
  116 G   -4 -3  2  0 -4 -4 -2  7  1 -6 -7 -5 -8 -6 -7  1 -3 -8 -8 -8    1   2   8   5   0   1   2  66   3   0   0   1   0   0   0   9   2   0   0   0  1.59 0.78
  117 I   -4 -1 -5 -7 -2 -5 -5 -8 -2  6 -3 -3 -1  0 -7 -6  2 -3  2  4    1   4   0   0   1   0   1   0   1  41   2   2   1   3   0   0  10   0   6  27  1.16 0.60
  118 S   -4 -6 -5 -6 -5 -7 -7 -7 -8 -9 -9 -5 -8 -9 -8  8 -4 -10 -8 -8    1   0   0   0   0   0   0   0   0   0   0   0   0   0   0  97   0   0   0   0  2.92 1.35
  119 T   -6 -7 -6 -5 -7 -7 -7 -7 -8 -5 -8 -7 -7 -9 -7  4  7 -9 -8 -7    0   0   0   1   0   0   0   0   0   0   0   0   0   0   0  29  70   0   0   0  2.40 1.15
  120 T   -5 -6 -4 -7 -7 -7 -7 -7 -8 -7 -8 -6 -3 -8 -7  4  7 -9 -8 -7    0   0   0   0   0   0   0   0   0   0   0   0   1   0   0  28  70   0   0   0  2.34 1.12
  121 K   -2 -1  2  5 -6  1  2  0 -3 -3 -3  2  1 -6 -4 -1 -3 -7 -3 -5    3   3   8  31   0   7  12   7   0   1   2  14   4   0   0   5   1   0   1   0  0.65 0.42
  122 I   -6 -8 -9 -9 -6 -8 -8 -9 -8  7  4 -8 -1 -4 -8 -7 -3 -7 -6  0    0   0   0   0   0   0   0   0   0  53  40   0   1   0   0   0   1   0   0   4  1.89 0.81
  123 K   -4  3 -5 -7 -6 -4 -6 -7 -6  6  0  3 -3 -5 -7 -5 -4 -7 -6  3    1  17   1   0   0   1   0   0   0  40   7  17   0   0   0   0   0   0   0  17  1.21 0.62
  124 E    0  1  1  0 -2  1  3  2 -2 -5 -4  2 -1 -4 -4  0  1 -6 -4 -4    8   7   8   5   1   5  22  13   1   0   1  13   2   0   0   5   8   0   0   1  0.40 0.31
  125 E   -1  6 -3 -2 -5 -1  0 -6 -1 -5 -2  4 -4 -5 -6 -2 -2 -7 -6 -2    5  48   1   2   0   2   5   0   1   1   4  22   0   0   0   3   2   0   0   3  1.21 0.63
  126 I   -5 -8 -8 -8 -4 -7 -7 -9 -8  7  3 -7  5 -5 -8 -7 -6 -7 -6  1    0   0   0   0   0   0   0   0   0  59  21   0  11   0   0   0   0   0   0   8  1.88 0.79
  127 A    0  1  0 -1 -2  1 -2  0 -2 -2  0  4 -1 -2 -3  1  0 -4 -3  0    9   6   5   3   1   5   1   6   1   1  11  27   1   1   0   9   5   0   1   7  0.22 0.21
  128 G    1 -1  4 -2 -5  0 -3  3 -3 -5 -5  2 -4 -6 -4  3 -1 -6 -5 -4   11   2  19   1   0   4   0  24   0   0   0  13   0   0   0  22   2   0   0   0  0.67 0.39
  129 L   -3 -4 -5 -6 -3 -4 -5 -6 -5  3  4 -4  5  0 -5 -4 -3 -4 -3  1    0   0   0   0   0   0   0   0   0  19  51   0  17   4   0   0   0   0   0   9  0.97 0.35

                      K         Lambda
Standard Ungapped    0.1391     0.3199
Standard Gapped      0.0410     0.2670
PSI Ungapped         0.2336     0.3179
PSI Gapped           0.0715     0.2670
