
Last position-specific scoring matrix computed, weighted observed percentages rounded down, information per position, and relative weight of gapless real matches to pseudocounts
           A  R  N  D  C  Q  E  G  H  I  L  K  M  F  P  S  T  W  Y  V   A   R   N   D   C   Q   E   G   H   I   L   K   M   F   P   S   T   W   Y   V
    1 M   -4 -5 -6 -6 -4 -4 -5 -6 -5  1  2 -5  9 -3 -6 -5 -4 -5 -4  3    0   0   0   0   0   0   0   0   0   7  12   0  63   0   0   0   0   0   0  17  1.79 0.56
    2 K    1  1  1  1 -4  2  2 -3 -2 -4 -4  2 -3 -5  0  1  2 -5 -3 -3   12   5   5   7   0  12  16   1   1   0   0  11   0   0   4   9  15   0   1   1  0.37 0.24
    3 T    2 -1  2 -2 -3  0 -1 -2 -2 -2 -3  2 -2 -4  1  2  3 -5 -4 -1   16   1   9   1   0   4   3   2   0   2   1  14   0   0   7  17  18   0   0   5  0.33 0.24
    4 E    0  0  0  2 -4  2  2 -2  0  0 -3  1 -3 -4  1  1  0 -5 -4 -3    9   3   4  12   0  12  15   2   2   7   1   9   0   0   6  12   4   0   0   0  0.28 0.20
    5 Q   -2  0  2  3 -5  2  2 -2  0 -5 -5  3 -1 -5 -1  1 -1 -6 -4 -4    2   5   8  14   0  11  15   3   3   0   0  20   2   0   3  11   3   0   0   1  0.49 0.30
    6 T   -1  3  0 -1 -4  1 -1 -4  2 -2  0  3 -2 -3  2  0  1 -4 -2 -3    4  14   4   3   0   6   3   0   5   2  12  20   1   1  10   7   8   0   1   1  0.29 0.23
    7 P    1  0  1  3 -4  1  2 -3 -1 -4 -4  2 -4 -4  3 -1 -1 -6 -4 -3   11   4   6  20   0   6  12   1   2   1   2  12   0   0  16   3   4   0   0   1  0.49 0.31
    8 W   -9 -9 -10 -8 -9 -9 -9 -9 -9 -9 -8 -6 -8 -5 -10 -9 -9 13 -3 -9    0   0   0   0   0   0   0   0   0   0   0   1   0   0   0   0   0  98   1   0  5.37 1.65
    9 W   -9 -7 -8 -11 -5 -7 -9 -9 -6 -8 -6 -8 -8  0 -8 -8 -8 13  2 -7    0   0   0   0   0   0   0   0   0   0   1   0   0   3   0   0   0  88   5   0  4.71 1.51
   10 K   -4  3 -2 -2 -6  4  1 -5  3 -7 -6  6 -4 -7 -5 -3 -4 -7 -5 -6    1  15   2   2   0  17   9   0   7   0   0  45   0   0   0   1   1   0   0   0  1.29 0.63
   11 K   -3 -1  3  2 -5 -1  4  1  2 -5 -6  1 -5 -6 -5  1  2 -5 -4 -5    1   3  14  11   0   2  24  11   5   0   0   7   0   0   0   8  12   0   0   0  0.59 0.37
   12 A    5 -3 -4 -4  1 -3 -2  2 -5 -4 -4  0 -1 -5 -5  1  2 -6 -4 -3   47   1   0   1   2   1   2  14   0   1   1   5   2   0   0  10  10   0   0   2  0.81 0.48
   13 V   -2 -7 -3 -7 -2 -5 -6 -6 -5  3 -2 -6 -4 -4 -3 -1  2 -7 -6  6    3   0   2   0   1   0   0   0   0  16   2   0   0   0   1   5  10   0   0  58  1.33 0.62
   14 V   -2 -7 -7 -7 -1 -7 -6 -1 -7  5  0 -7 -2  4 -7 -6 -4 -6 -3  5    4   0   0   0   1   0   0   5   0  33   6   0   1  15   0   0   1   0   1  34  1.18 0.54
   15 Y   -8 -8 -9 -10 -7 -8 -9 -9 -5 -8 -8 -8 -6 -3 -10 -8 -8 -4 10 -8    0   0   0   0   0   0   0   0   0   0   0   0   0   0   0   0   0   0  99   0  4.07 1.42
   16 Q   -7 -5 -5 -6 -6  9  2 -8  1 -7 -8 -5 -5 -9 -7 -6 -6 -8 -7 -8    0   0   0   0   0  85  11   0   3   0   0   0   0   0   0   0   0   0   0   0  2.94 1.20
   17 I   -5 -7 -8 -8 -2 -7 -7 -8 -8  8 -2 -7 -3 -5 -7 -7 -5 -7 -6  4    1   0   0   0   1   0   0   0   0  72   3   0   0   0   0   0   0   0   0  21  2.20 0.82
   18 Y   -6 -7 -5 -7 -6 -7 -8 -8 -3 -6 -6 -7 -5  0 -8 -5 -7  4 10 -7    1   0   1   0   0   0   0   0   0   0   0   0   0   3   0   1   0   4  88   0  3.42 1.22
   19 P   -5 -7 -7 -7 -5 -7 -7 -8 -7 -1 -2 -7 -1 -8  8 -6 -3 -5 -8  0    0   0   0   0   0   0   0   0   0   4   4   0   2   0  80   0   2   0   0   6  2.58 1.02
   20 K    0  7 -5 -6 -7 -1 -4 -6 -4 -6 -3  3 -3 -6 -1 -2 -5 -2 -5 -7    8  63   0   0   0   2   0   0   0   0   3  14   1   0   4   3   0   1   0   0  1.66 0.74
   21 S   -3 -6 -5 -6 -6 -6 -6 -5 -7 -8 -8 -6 -7 -8 -6  8 -2 -8 -7 -7    1   0   0   0   0   0   0   1   0   0   0   0   0   0   0  95   2   0   0   0  2.65 1.13
   22 F   -8 -8 -8 -9 -8 -8 -9 -9 -6 -6 -4 -8 -3 10 -9 -8 -8 -4  2 -7    0   0   0   0   0   0   0   0   0   0   1   0   1  92   0   0   0   0   5   0  3.40 1.16
   23 N    1  0  0 -5  2  4 -3 -5 -2 -5 -2  4  4 -1 -5 -3 -4 -5  2 -5   11   4   4   0   5  21   0   0   1   0   4  29   9   3   0   1   0   0   7   0  0.78 0.48
   24 D   -6 -7 -4  9 -9 -4 -4 -7 -7 -9 -8 -6 -8 -9 -7 -4 -7 -9 -8 -9    1   0   0  96   0   1   0   0   0   0   0   0   0   0   0   1   0   0   0   0  3.16 1.17
   25 T    0 -6 -3 -4 -6 -4 -5  0 -3 -6 -6 -5 -5 -5 -6  7  3 -7 -4 -6    6   0   1   1   0   0   0   6   1   0   0   0   0   1   0  68  15   0   1   0  1.61 0.80
   26 T   -5 -5  8  4 -7 -5 -5 -4 -4 -8 -7 -4 -7 -8 -7 -2  0 -8 -6 -7    1   0  65  23   0   0   0   1   0   0   0   1   0   0   0   3   5   0   0   0  2.16 0.89
   27 G   -2 -5  3 -1 -5 -3 -4  7  1 -8 -8 -4 -6 -6 -6 -3 -5 -7 -7 -7    3   0  12   4   0   1   1  69   4   0   0   1   0   0   0   2   0   0   0   0  1.74 0.73
   28 N   -6 -6  0  8 -8 -5 -4 -6 -6 -7 -8 -5 -8 -8 -6 -3 -3 -9 -8 -8    0   0   5  89   0   0   0   0   0   0   0   0   0   0   0   2   1   0   0   0  2.79 1.06
   29 G   -5 -8 -6 -7 -8 -7 -7  8 -7 -7 -9 -6 -8 -8 -7 -6 -7 -8 -8 -8    1   0   0   0   0   0   0  97   0   0   0   0   0   0   0   0   0   0   0   0  2.90 1.07
   30 V   -4 -3 -4 -5 -4 -4 -4 -7 -5  7 -1 -4 -1 -1 -7 -5  0  2 -1  4    1   1   1   1   0   1   1   0   0  51   3   1   1   2   0   0   6   3   2  23  1.27 0.57
   31 G   -5 -8 -6 -7 -8 -7 -7  8 -7 -9 -9 -7 -8 -8 -7 -5 -7 -2 -8 -8    0   0   0   0   0   0   0  97   0   0   0   0   0   0   0   1   0   1   0   0  2.91 1.07
   32 D   -7 -7 -3  9 -9 -5 -4 -6 -7 -8 -9 -6 -8 -9 -7 -5 -6 -9 -8 -8    0   0   1  96   0   0   0   0   0   0   0   0   0   0   0   1   0   0   0   0  3.22 1.18
   33 L   -6 -7 -8 -8 -6 -7 -7 -8 -7  5  6 -7 -1  0 -7 -7 -6 -6 -5 -2    0   0   0   0   0   0   0   0   0  25  69   0   1   3   0   0   0   0   0   1  1.79 0.73
   34 N    0  3  3 -2 -6  3 -1 -1 -3 -5 -4  4 -5 -6  3 -3 -3 -4 -5 -5    7  17  13   2   0  11   3   4   0   1   1  23   0   0  15   1   1   0   0   1  0.72 0.43
   35 G   -5 -8 -6 -7 -8 -7 -8  8 -8 -9 -9 -7 -8 -8 -8 -6 -7 -8 -8 -8    0   0   0   0   0   0   0  98   0   0   0   0   0   0   0   0   0   0   0   0  3.00 1.11
   36 I   -4 -8 -8 -8 -6 -7 -8 -8 -8  8  0 -7 -2 -5 -7 -7 -6 -7 -6  3    2   0   0   0   0   0   0   0   0  73   8   0   0   0   0   0   0   0   0  16  2.18 0.84
   37 I   -2  1 -4 -5 -3 -2 -1 -6 -3  6 -1 -3 -1 -5 -6 -3  4 -6 -4 -1    3   8   1   0   0   1   4   0   1  43   5   2   1   0   0   1  26   0   0   3  1.04 0.55
   38 E    1 -1 -1  0 -4  3  3 -2 -2 -6 -6 -1 -3 -6 -5  4 -2 -7 -6 -5    9   2   3   4   0  14  21   3   1   0   0   3   1   0   0  36   2   0   0   0  0.82 0.51
   39 K   -6  5 -2 -6 -6 -1 -3 -4  1 -8 -7  7 -4 -8 -6 -4 -4 -8 -6 -7    0  31   1   0   0   2   1   1   3   0   0  56   1   0   0   1   1   0   0   0  1.88 0.82
   40 L   -4 -7 -8 -8 -6 -7 -8 -8 -8  1  7 -7  0 -4 -8 -7 -6 -7 -6  0    1   0   0   0   0   0   0   0   0   6  84   0   2   0   0   0   0   0   0   5  1.99 0.82
   41 D   -5 -6 -2  7 -8 -2  2 -2 -2 -8 -8 -5 -7 -8  3 -3 -6 -6 -8 -7    1   0   1  62   0   2  10   4   1   0   0   0   0   0  16   2   0   0   0   0  1.83 0.81
   42 Y   -6 -7 -7 -5 -8 -7 -6 -9  6 -7 -6 -7 -6 -3 -8 -7 -6 -4 10 -7    1   0   0   1   0   0   1   0  17   0   0   0   0   0   0   0   0   0  79   0  3.31 1.23
   43 L   -6 -7 -8 -8 -5 -7 -8 -8 -7  4  6 -7 -2  2 -7 -7 -6 -6 -5  0    0   0   0   0   0   0   0   0   0  22  64   0   0   7   0   0   0   0   0   5  1.66 0.70
   44 K    2  0 -2 -3 -4  3  0 -5  1 -4 -5  5 -4 -6 -4  0 -3 -6 -5  0   20   5   1   1   0  13   5   0   3   1   1  35   0   0   0   7   1   0   0   6  0.76 0.47
   45 T   -1 -1  1  5 -6  0  3 -2 -2 -6 -5  0 -4 -4 -5  2 -1  4 -1 -5    5   3   6  28   0   3  17   2   1   0   1   5   0   1   0  17   3   6   2   0  0.71 0.43
   46 L   -4 -7 -8 -8 -5 -7 -8 -8 -8  1  7 -7  0 -4 -8 -3 -3 -7 -6 -3    2   0   0   0   0   0   0   0   0   6  85   0   2   0   0   2   2   0   0   1  1.95 0.82
   47 Q   -5 -6 -1 -6 -8 -7 -7  8 -5 -9 -8 -6 -8 -8 -5 -5 -7 -8 -8 -8    0   0   2   0   0   0   0  94   0   0   0   0   0   0   1   1   0   0   0   0  2.73 1.05
   48 V   -1 -7 -5 -8 -4 -7 -7 -8 -8  5 -4 -7 -1 -2 -7 -6 -4 -7 -6  6    6   0   1   0   0   0   0   0   0  30   0   0   1   2   0   0   1   0   0  59  1.81 0.76
   49 D   -4 -4  3  7 -8 -3  0  0 -4 -8 -8 -1 -6 -7 -5 -2  0 -8 -7 -7    1   1  12  58   0   1   5   8   0   0   0   3   0   0   0   2   7   0   0   0  1.54 0.71
   50 V    5 -5 -5 -6  1 -5 -5  1 -6  1 -2 -5  1 -1 -5 -2  1 -6 -1  2   41   0   0   0   3   0   0  10   0   7   3   0   3   3   0   2   8   0   2  16  0.72 0.44
   51 L   -4 -7 -8 -8 -6 -7 -7 -8 -8  7  2 -7 -3 -2 -7 -7 -2 -7 -5  4    1   0   0   0   0   0   0   0   0  50  18   0   0   2   0   0   3   0   0  26  1.61 0.68
   52 W   -8 -4 -10 -10 -6 -9 -9 -9 -3 -9 -6 -9 -7 -5 -10 -8 -9 13 -4 -9    0   1   0   0   0   0   0   0   1   0   1   0   0   0   0   0   0  95   0   0  5.23 1.72
   53 L   -6 -7 -8 -8 -3 -7 -8 -8 -8  4  6 -7  0 -1 -8 -6 -4 -7 -6 -1    0   0   0   0   0   0   0   0   0  20  69   0   2   2   0   0   1   0   0   4  1.71 0.73
   54 T   -3 -6  2 -5  5 -4 -6 -3 -6 -7 -7 -6 -5 -7 -5  6  2 -1 -7 -6    1   0  10   0  11   1   0   2   0   0   0   0   0   0   0  61  12   1   0   0  1.63 0.82
   55 P   -6 -8 -8 -8 -9 -8 -7 -8 -8 -9 -9 -7 -9 -10  9 -5 -6 -10 -9 -9    1   0   0   0   0   0   0   0   0   0   0   0   0   0  97   1   0   0   0   0  3.61 1.38
   56 I   -5 -7 -8 -8  0 -7 -8 -8  0  6 -2 -7  2  5 -7 -6 -4 -2 -3  3    0   0   0   0   2   0   0   0   2  44   3   0   4  26   0   0   1   1   0  16  1.56 0.67
   57 Y   -6 -8 -3 -9 -2 -5 -8 -9  0 -5 -3 -7 -1  6 -9 -7 -5 -3  9 -6    0   0   2   0   1   1   0   0   2   1   2   0   1  33   0   0   1   0  56   0  2.52 1.00
   58 D   -1  1 -4  1 -2  1  1 -5 -5 -4 -4  4 -4 -6  4 -1  0 -7 -6 -1    6   7   0   8   1   6   8   0   0   1   2  25   0   0  21   4   6   0   0   5  0.62 0.40
   59 S   -5 -7 -5 -6 -7 -6 -6 -4 -7 -8 -8 -6 -8 -8 -7  8 -1 -9 -8 -8    0   0   0   0   0   0   0   1   0   0   0   0   0   0   0  95   3   0   0   0  2.72 1.20
   60 P   -4 -8 -5 -5 -9 -6 -6 -5 -5 -9 -9 -7 -9 -10  9 -5 -7 -10 -9 -9    1   0   1   1   0   0   0   1   0   0   0   0   0   0  94   1   0   0   0   0  3.35 1.32
   61 Q   -6 -5  3 -1 -5  5 -4 -1 -2 -5 -1 -2  8 -1 -7 -6 -6 -1 -6 -6    0   0  13   4   0  25   1   4   1   0   5   3  40   3   0   0   0   1   0   0  1.61 0.80
   62 H    2  1 -2  2 -3 -2 -1 -4  2  1 -2  3 -3 -2 -5 -3 -3 -5  0  3   16   7   2  11   0   1   3   0   4   6   3  16   0   2   0   0   1   0   4  22  0.36 0.29
   63 D   -8 -8 -3  9 -9 -6 -4 -7 -7 -9 -9 -7 -9 -9 -7 -6 -7 -10 -9 -9    0   0   1  97   0   0   1   0   0   0   0   0   0   0   0   0   0   0   0   0  3.34 1.26
   64 N   -3 -5  5 -5 -2 -2 -6 -1  2 -5 -3 -6  5  6 -7 -3 -5  1  1 -6    2   0  30   0   1   2   0   5   4   0   2   0  13  32   0   2   1   2   4   0  1.37 0.67
   65 G   -5 -8 -6 -7 -8 -8 -8  8 -8 -9 -9 -7 -8 -7 -8 -6 -7 -8 -9 -9    0   0   0   0   0   0   0  98   0   0   0   0   0   0   0   0   0   0   0   0  3.02 1.15
   66 Y   -8 -8 -8 -9 -9 -8 -8 -9 -2 -8 -7 -8 -7 -2 -9 -6 -8 -4 10 -8    0   0   0   0   0   0   0   0   1   0   0   0   0   1   0   1   0   0  96   0  3.97 1.44
   67 D   -8 -8 -5  9 -9 -6 -5 -5 -7 -9 -9 -7 -9 -9 -7 -5 -7 -10 -9 -9    0   0   0  97   0   0   0   1   0   0   0   0   0   0   0   1   0   0   0   0  3.32 1.26
   68 I   -4 -8 -8 -8 -5 -8 -8 -8 -8  7 -4 -8 -4 -5 -7 -7 -4 -8 -6  5    1   0   0   0   0   0   0   0   0  57   0   0   0   0   0   0   1   0   0  40  2.20 0.88
   69 R    3  0 -5 -5 -4 -3 -3 -5 -6 -4 -6 -4 -4 -7 -6  6  0 -8 -6 -4   21   5   0   0   0   1   1   0   0   1   1   1   0   0   0  62   5   0   0   1  1.49 0.79
   70 D   -7 -7  4  8 -4 -6 -4 -6 -4 -9 -9 -6 -9 -9 -7 -4 -7 -10 -9 -9    0   0  19  77   0   0   0   0   0   0   0   0   0   0   0   1   0   0   0   0  2.67 1.09
   71 Y   -8 -8 -8 -9 -6 -6 -8 -9  3 -7 -6 -8 -3  5 -5 -8 -8 -4  9 -7    0   0   0   0   0   0   0   0   6   0   0   0   1  18   1   0   0   0  73   0  3.06 1.18
   72 Y   -5  4 -2 -3  4  1  0 -5 -3 -4 -2  2 -1 -1 -6 -4  2 -5  4 -3    0  22   1   2   9   7   5   0   0   1   3  12   1   2   0   0  15   0  15   2  0.71 0.45
   73 S    2 -2  2  5 -6  0  1  0 -3 -6 -6  1 -3 -7 -5  1 -2 -7 -6 -5   17   2   8  32   0   4   7   6   1   0   0   9   1   0   0  10   3   0   0   1  0.72 0.44
   74 I   -6 -9 -9 -9 -7 -8 -9 -9 -9  7 -3 -8 -4 -5 -6 -8 -5 -8 -7  5    0   0   0   0   0   0   0   0   0  62   1   0   0   0   0   0   0   0   0  36  2.33 0.94
   75 Y   -1 -4  2  7 -8 -1 -2 -5  4 -7 -5 -6  3 -6 -7 -3 -6  0  0 -7    5   1  10  55   0   3   2   1   9   0   1   0   6   0   0   2   0   1   4   0  1.54 0.74
   76 P   -1 -3 -5 -1 -8 -3  0 -5 -3 -8 -8 -1 -8 -9  8 -1 -4 -5 -5 -7    5   2   0   4   0   1   6   1   1   0   0   3   0   0  69   6   1   0   0   0  2.04 0.94
   77 E   -2  1 -2  1 -3  0  3 -5 -3  2  1 -1  2 -4  0 -1  0 -5 -4  1    2   9   1   8   0   5  17   0   0  13  14   3   6   0   5   3   5   0   0   8  0.27 0.24
   78 Y   -7 -9 -9 -10 -5 -9 -9 -9 -3 -5 -2 -9 -2  8 -10 -8 -6 -5  7 -7    0   0   0   0   0   0   0   0   1   0   4   0   1  60   0   0   1   0  32   0  2.76 1.08
   79 G   -6 -9 -7 -8 -9 -8 -9  8 -9 -10 -10 -8 -9 -10 -9 -5 -8 -9 -10 -10    0   0   0   0   0   0   0  99   0   0   0   0   0   0   0   1   0   0   0   0  3.16 1.23
   80 T   -5 -5  1  1 -5 -5 -5 -4 -5 -7 -7 -5 -5 -6 -7  2  7 -8 -7 -6    0   1   5   8   0   0   0   2   0   0   0   1   0   0   0  14  68   0   0   0  1.89 0.93
   81 M   -6 -6 -1 -4 -7 -6 -4 -8 -7  0  4 -5  9 -3 -7 -6 -5 -5 -6 -1    0   0   4   1   0   0   1   0   0   5  41   1  40   1   0   0   0   0   0   4  1.80 0.82
   82 E    3 -3  0  4 -7  1  5 -3 -3 -6 -7  0 -4 -7 -5 -2 -2 -8 -7 -5   23   1   3  22   0   5  31   2   1   0   0   5   0   0   0   3   2   0   0   1  0.94 0.56
   83 D   -3 -7 -4  8 -10 -3  0 -6 -5 -6 -7 -6 -7 -10 -8 -6 -3 -10 -9 -5    2   0   1  86   0   1   5   1   0   0   1   0   0   0   0   0   1   0   0   1  2.68 1.11
   84 F   -2 -8 -7 -9 -3 -8 -8 -9 -5 -2  1 -8  4  8 -9 -8 -7  3 -2  1    4   0   0   0   1   0   0   0   0   2  12   0   9  58   0   0   0   3   1  11  1.97 0.83
   85 E   -5 -1 -2  6 -8  0  4 -6 -1 -5 -5  2 -4 -5 -7 -4 -5 -9 -5 -5    1   3   1  47   0   4  24   0   1   1   2  12   0   1   0   1   0   0   0   1  1.44 0.72
   86 R    1  3  1  0 -5  2  4 -4  0 -4 -2  1 -2 -6 -5 -1 -1 -6 -4 -2   13  15   7   5   0   7  26   0   2   1   5   6   1   0   0   4   4   0   0   3  0.49 0.36
   87 L   -7 -8 -9 -10 -7 -8 -9 -10 -9 -3  7 -8  4  0 -9 -8 -7 -7 -6 -2    0   0   0   0   0   0   0   0   0   1  86   0   7   4   0   0   0   0   0   2  2.27 0.96
   88 V   -4 -3 -8 -8 -4 -5 -7 -8 -7  6  3 -5  0 -2 -7 -4 -3 -7 -6  4    1   2   0   0   0   0   0   0   0  38  28   1   2   2   0   1   1   0   0  25  1.33 0.61
   89 S    3  1 -1  2 -5  1  2 -2  0 -5 -4  2 -4 -6 -5  0  0 -7 -5 -4   27   8   3  10   0   5  14   2   2   0   1  14   0   0   0   7   5   0   0   1  0.51 0.37
   90 E    1  1 -4 -1 -5  1  5  0 -3 -6 -4  3 -4 -7 -6 -3 -1 -7 -6 -4   14   6   0   4   0   6  39   6   1   0   2  15   0   0   0   1   4   0   0   1  0.85 0.53
   91 A    6 -7 -7 -6  3 -6 -6 -4 -7 -2  1 -6  2 -3 -6 -3 -1 -7 -5  0   59   0   0   0   6   0   0   1   0   2  12   0   5   1   0   2   4   0   0   7  1.28 0.68
   92 H   -3 -1 -1 -4 -9 -4 -3 -4 10 -10 -9  4 -8 -7 -8 -5 -6 -9 -5 -9    2   3   3   1   0   0   1   2  63   0   0  23   0   0   0   1   0   0   0   0  2.74 1.11
   93 K    2  2 -1  1 -5  2  3 -3 -2 -6 -5  4 -4 -6 -5  1 -3 -7 -4 -5   15   9   3   7   0   7  19   2   1   0   1  25   0   0   0   8   1   0   0   0  0.66 0.44
   94 R   -3  7 -2 -7 -8 -3 -4 -8  2 -4  2  1 -2 -5 -7 -4 -6 -3 -2 -4    2  52   2   0   0   1   1   0   4   1  22   9   1   0   0   1   0   0   2   1  1.41 0.70
   95 D   -6 -4  3  3 -8 -3 -3  6 -2 -9 -9 -3 -8 -9 -8 -4 -7 -9 -8 -9    0   1  13  16   0   1   2  63   1   0   0   2   0   0   0   1   0   0   0   0  1.81 0.83
   96 L   -7 -8 -9 -9 -7 -8 -9 -9 -8  6  3 -8  7 -4 -9 -8 -7 -8 -7 -2    0   0   0   0   0   0   0   0   0  43  28   0  27   0   0   0   0   0   0   2  2.07 0.88
   97 K   -6  5 -5 -4 -9 -3 -4 -3  0 -9 -7  7 -7 -7 -7 -5 -5 -8 -1 -8    0  31   0   1   0   1   1   2   2   0   0  57   0   0   0   1   1   0   3   0  1.97 0.91
   98 V   -6 -8 -9 -9 -4 -8 -8 -9 -8  5  3 -8 -2 -3 -8 -7 -5 -8 -5  5    0   0   0   0   0   0   0   0   0  31  26   0   1   1   0   0   1   0   0  40  1.65 0.73
   99 V   -5 -8 -5 -9 -7 -8 -8 -9 -8  7  2 -8  5 -3 -8 -7 -4 -8 -7  3    0   0   1   0   0   0   0   0   0  48  16   0  13   1   0   0   1   0   0  20  1.73 0.75
  100 M   -6 -8 -8 -9 -4 -7 -8 -8 -6  3  4 -8  8  1 -8 -7 -4 -3 -5  0    0   0   0   0   0   0   0   0   0  14  39   0  33   5   0   0   1   0   0   7  1.70 0.77
  101 D   -9 -9 -6  9 -11 -7 -4 -6 -8 -10 -11 -8 -10 -11 -9 -7 -8 -12 -10 -10    0   0   0  99   0   0   0   1   0   0   0   0   0   0   0   0   0   0   0   0  3.54 1.40
  102 L   -7 -7 -8 -8 -7  0 -6 -7 -7  1  5 -6  4  5 -8 -7 -5 -2  1 -2    0   0   0   0   0   5   0   0   0   7  46   0   9  25   0   0   0   1   4   2  1.40 0.67
  103 V   -4 -9 -9 -5 -7 -8 -9 -9 -9  0 -5 -9 -6 -7 -3 -8 -5 -9 -8  8    1   0   0   1   0   0   0   0   0   4   0   0   0   0   2   0   0   0   0  91  2.70 1.12
  104 V   -3 -7 -8 -7 -7 -7 -7 -7 -7  2  2 -7  0  1  6 -6 -6  0 -2  3    2   0   0   0   0   0   0   0   0  10  19   0   2   5  38   0   0   2   1  20  1.28 0.66
  105 N   -5 -7  9 -5 -1 -5 -5 -5 -4 -9 -10 -7 -9 -9 -7  0 -5 -10 -9 -9    1   0  87   0   1   0   1   1   0   0   0   0   0   0   0   7   1   0   0   0  3.03 1.27
  106 H   -6 -7 -7 -8 -10 -5 -7 -9 12 -10 -10 -8 -9 -8 -9 -8 -7 -9 -3 -8    1   0   0   0   0   0   0   0  97   0   0   0   0   0   0   0   0   0   1   0  4.57 1.64
  107 T   -5 -7 -6 -7  3 -7 -7 -7 -8 -6 -7 -7 -7 -8 -7  3  7 -8 -8 -3    1   0   0   0   5   0   0   0   0   0   0   0   0   0   0  20  71   0   0   2  2.26 1.08
  108 S   -4 -7 -6 -7 -8 -7 -7 -7 -8 -9 -9 -7 -8 -9 -7  8 -5 -9 -8 -8    1   0   0   0   0   0   0   0   0   0   0   0   0   0   0  98   0   0   0   0  3.00 1.35
  109 T   -5 -6  2  7 -8 -6 -2 -5  1 -2 -7 -4 -6 -6 -7  0  1 -6 -5 -4    1   0  10  60   0   0   3   1   3   3   0   1   0   0   0   7   7   0   0   2  1.64 0.79
  110 E   -3  1 -3 -2 -5  6  6 -7 -2 -7 -3  1 -4 -7 -7 -4 -5 -8 -6 -6    2   6   1   2   0  32  41   0   1   0   3   7   0   0   0   1   0   0   0   0  1.46 0.78
  111 H   -6 -7 -3 -8 -1 -7 -7 -9 11 -8 -8 -8 -7 -8 -9 -2 -6 -9 -5 -10    1   0   2   0   2   0   0   0  90   0   0   0   0   0   0   4   1   0   0   0  4.11 1.52
  112 K    1 -1 -3 -1 -7  0  4 -6 -2 -4 -6  0 -5 -6  6 -3 -4 -4 -4 -3   10   3   1   3   0   4  25   0   1   1   0   5   0   0  39   2   1   0   1   2  1.16 0.66
  113 W   -8 -9 -11 -11 -10 -9 -10 -10 -10 -10 -8 -10 -9 -4 -11 -10 -10 13 -2 -8    0   0   0   0   0   0   0   0   0   0   0   0   0   1   0   0   0  96   1   0  5.42 1.90
  114 F   -9 -9 -9 -10 -5 -10 -10 -10 -8 -7 -5 -10 -7 10 -10 -9 -9 -6 -3 -8    0   0   0   0   0   0   0   0   0   0   1   0   0  98   0   0   0   0   0   0  3.88 1.42
  115 R   -3  1 -2 -5 -6  5 -1 -5 -3  2  0  4 -3 -6 -6 -5 -2 -7 -5  1    2   8   2   0   0  25   4   1   0  13  10  21   0   0   0   0   2   0   0  10  0.75 0.49
  116 E    1 -1 -2  1 -8  2  6 -6 -5 -7 -4  4 -4 -8 -6 -2 -4 -4 -6 -7   10   3   2   6   0   8  42   0   0   0   2  22   1   0   0   3   1   0   0   0  1.13 0.65
  117 A    4 -7 -6 -7 -7 -6 -6 -6 -7 -8 -6 -6 -7 -5 -7  7 -5 -5 -6 -6   30   0   0   0   0   0   0   0   0   0   1   0   0   1   0  67   0   0   0   0  2.07 1.05
  118 I   -2  6 -5 -5  0 -3 -1 -6 -4  1  2  2  0 -5 -6 -3 -4 -6 -4  1    4  38   0   0   2   1   4   0   0   7  18  10   2   0   0   2   1   0   1   9  0.84 0.47
  119 S    2  0  1 -3 -5  2 -1 -4 -2 -4 -3  4 -4 -5 -5  4 -2 -6 -5 -4   16   5   6   2   0   9   4   1   1   1   2  21   0   0   0  28   2   0   0   1  0.66 0.45
  120 S   -1  0  3  3 -4 -4 -4  2 -3 -6 -6 -1 -6 -6 -4  5 -4 -6 -6 -6    4   5  12  14   0   0   1  15   1   0   1   3   0   0   1  41   1   0   0   0  0.98 0.57
  121 I   -3  5 -3 -4 -3 -2 -2 -4 -4  0 -3  4 -2 -5  3 -3 -2 -4 -5 -1    2  29   1   1   1   2   3   1   0   6   3  24   1   0  16   1   3   0   0   5  0.86 0.47
  122 D   -2 -3  2  6 -6 -1  3 -1  1 -5 -6 -2 -6 -6 -5 -1  1 -7 -4 -5    4   1   8  41   0   3  16   4   3   1   1   3   0   0   0   4  10   0   1   1  0.99 0.54
  123 S   -1 -5  6  0 -5 -4  0  1 -1 -6 -6 -1 -6 -6  0  3 -4 -4 -6 -5    5   0  36   4   0   1   5  11   2   1   1   4   0   0   5  23   1   0   0   1  1.00 0.56
  124 P   -1 -3 -3 -1 -5 -2  0 -2 -2 -5 -6  2 -6 -7  7 -2 -4 -8 -3 -5    5   1   1   4   0   2   7   4   1   1   1  11   0   0  55   3   1   0   1   1  1.46 0.76
  125 Y   -4 -1 -7 -8 -7 -5 -1 -8  1 -8 -7  5 -6  1 -8 -6 -4 -3  8 -8    2   4   0   0   0   0   4   0   3   0   0  29   0   5   0   0   1   0  51   0  2.12 0.99
  126 R    1  7 -3 -2 -7 -1 -1 -2  3 -6 -6  1 -5 -5 -5 -1  0 -8 -4 -6   11  47   1   3   0   2   5   4   7   0   1   7   0   1   0   5   6   0   1   0  1.11 0.62
  127 D   -3 -6  2  8 -9 -4 -1 -6 -4 -9 -9 -4 -5 -9 -7 -3 -6 -10 -6 -9    2   0   9  76   0   1   4   1   0   0   0   1   0   0   0   2   0   0   0   0  2.39 1.06
  128 F   -9 -1 -9 -10 -7 -8 -9 -9 -3 -8 -6 -9 -6  4 -10 -9 -7 10  8 -8    0   4   0   0   0   0   0   0   1   0   1   0   0  14   0   0   0  35  44   0  3.07 1.26
  129 Y   -9 -9 -10 -10 -10 -9 -9 -10 -4 -9 -8 -9 -8  3 -10 -9 -9 -5 10 -9    0   0   0   0   0   0   0   0   0   0   0   0   0   9   0   0   0   0  90   0  3.91 1.55
  130 I   -6 -7 -8 -9 -5 -5 -8 -9  1  6 -1 -8  0  1 -8 -7 -4 -3  2  5    0   0   0   0   0   0   0   0   4  45   5   0   2   6   0   0   1   0   6  30  1.57 0.73
  131 W   -10 -10 -11 -11 -10 -10 -10 -10 -10 -3 -6 -10 -6  3 -11 -6 -10 13 -5 -10    0   0   0   0   0   0   0   0   0   2   1   0   0  11   0   1   0  84   0   0  4.71 1.76
  132 K    2  6 -3 -4 -5  0 -2 -5  4 -5 -4  3 -4 -4 -6 -2 -2 -7 -5 -2   16  40   1   1   0   4   3   1   8   0   2  14   0   1   0   2   2   0   0   3  1.08 0.60
  133 K   -5 -3  0  7 -8 -4  1 -6 -4 -8 -8  2 -8 -9  3 -3 -5 -1 -7 -7    1   2   5  54   0   1   7   0   0   0   0  11   0   0  16   2   1   1   0   0  1.65 0.83
  134 P    2 -6 -3 -4 -1 -2 -3  5 -5 -6 -6 -1 -5 -7  5 -2 -4 -7 -6 -6   15   0   1   1   1   2   2  36   0   1   1   3   0   0  30   3   1   0   0   1  1.21 0.64
  135 Q    0  3 -1 -2 -5 -1 -1 -1 -2 -2 -4  5 -4 -3 -2 -1 -1 -5 -3 -3    8  14   3   3   0   2   4   4   1   3   2  39   0   1   2   5   4   0   1   2  0.69 0.41
  136 E    0 -2  0  0 -4 -1  2  3 -2 -2 -4 -1 -3 -3  4 -2 -1 -4  0 -1    7   2   4   6   0   2  12  19   1   2   2   4   1   1  21   3   3   0   3   5  0.43 0.28
  137 N   -4 -1  5  5 -4 -1  0  1 -1 -4 -5  0 -4 -4 -2 -2 -1 -5 -5 -3    2   3  23  34   0   3   5   9   1   1   2   5   0   1   2   3   4   0   0   2  0.87 0.45
  138 G   -2  3 -1 -1 -4 -3 -2  6 -2 -4 -4 -1 -3 -5  0 -2 -3 -5 -5 -5    3  16   3   3   0   1   3  49   1   1   2   4   1   1   4   2   2   0   0   1  1.00 0.49
  139 S   -1  0  0 -1 -2  2  1  1  1 -1 -2  2 -2 -4 -3  1  2 -4 -3 -2    5   5   4   3   1  10   8  13   4   4   3  12   1   1   1   9  13   0   1   3  0.23 0.20
  140 V   -1 -3 -6 -6 -4 -4  1 -7 -5 -4 -2 -3 -4 -5  8 -5 -4 -5 -3 -1    5   2   0   0   0   1  10   0   0   1   5   2   1   1  63   1   1   0   1   5  1.81 0.88
  141 P   -8 -9 -7 -8 -9 -8 -6 -9 -9 -8 -5 -6 -9 -10  9 -8 -7 -10 -9 -8    0   0   0   0   0   0   0   0   0   0   2   0   0   0  95   0   0   0   0   0  3.53 1.50
  142 T   -7 -7  9 -5 -3 -7 -7 -7 -4 -9 -9 -6 -9 -6 -8  0  2 -10 -5 -9    0   0  79   0   1   0   0   0   0   0   0   0   0   0   0   6  12   0   1   0  2.80 1.23
  143 N   -7 -4  9  0 -10 -6 -4 -5 -7 -10 -9 -5 -9 -10 -9 -6 -6 -10 -9 -10    0   1  89   5   0   0   1   1   0   0   0   1   0   0   0   0   0   0   0   0  3.19 1.35
  144 W   -8 -9 -11 -11 -10 -8 -9 -10 -6 -5 -4 -9 -4 -5 -11 -10 -6 13 -3 -8    0   0   0   0   0   0   0   0   0   1   2   0   0   1   0   0   1  92   1   0  5.12 1.90
  145 E   -1  3 -2 -3 -3  2  1 -1 -2  1  2  1 -1 -4 -3 -3  0 -5 -4  1    4  14   2   1   0   9   8   6   1   7  19   7   1   0   1   1   5   0   0  11  0.25 0.23
  146 S    0 -4 -2 -5 -2 -3 -6 -1 -8 -9 -9 -7 -5 -8 -8  7 -3 -10 -9 -8    8   1   2   1   1   1   0   4   0   0   0   0   0   0   0  80   1   0   0   0  2.19 1.12
  147 K    0 -3 -1 -3  0 -1 -3 -4  2  2 -1 -1  1  3 -4 -2 -1  0  2  3    7   2   3   1   2   2   2   1   4  12   6   4   3  13   1   2   3   2   7  23  0.36 0.25
  148 F   -7 -10 -7 -7 -9 -8 -9 -4 -8 -4 -2 -10 -2  9 -6 -6 -4 -1 -2 -5    0   0   0   0   0   0   0   2   0   1   3   0   1  86   1   1   1   1   1   1  3.16 1.27
  149 G   -3  0  0 -2 -4 -2 -3  7 -1 -9 -8 -3 -4 -9 -8  1 -2 -5 -3 -8    2   5   4   3   0   2   2  64   2   0   0   2   1   0   0   9   3   0   1   0  1.50 0.76
  150 G   -7 -6 -2 -3 -4 -4 -2  7 -3 -4 -9 -3 -7 -4 -5 -6 -3 -9 -4 -8    0   0   2   1   0   1   3  82   1   2   0   2   0   1   1   0   2   0   1   0  2.21 1.01
  151 S   -4 -3 -3 -4 -6 -6 -5 -4 -6 -7 -9 -3 -8 -9  4  7 -3 -10 -7 -7    1   2   1   1   0   0   1   1   0   0   0   2   0   0  22  66   2   0   0   0  1.94 1.04
  152 A    7 -8 -8 -7 -1 -6 -7 -2 -8 -6 -8 -7  0 -6 -7 -2 -1 -9 -8  1   77   0   0   0   1   0   0   3   0   0   0   0   3   0   0   3   3   0   0   8  1.95 0.97
  153 W   -11 -11 -12 -13 -11 -10 -11 -11 -11 -11 -10 -11 -10 -5 -12 -11 -11 13 -6 -7    0   0   0   0   0   0   0   0   0   0   0   0   0   0   0   0   0  99   0   0  5.74 2.10
  154 E   -3 -2 -3 -4 -6  2  5 -8  0 -6 -8  1 -5 -9 -7  0  5 -4 -6 -7    2   2   1   1   0  10  32   0   3   0   0   7   0   0   0   6  36   0   0   0  1.28 0.76
  155 L   -6  0 -9 -9 -7 -4 -7 -8 -4 -8 -1  0 -5  3 -3 -7 -9 10  7 -9    1   6   0   0   0   1   0   0   0   0   6   5   0   9   2   0   0  38  30   0  2.44 1.09
  156 D   -4 -4  4  6  0 -4  0 -6  2 -3 -4 -5 -4 -4 -5  0 -3 -6 -3  1    2   1  16  45   2   1   5   0   4   2   2   0   0   1   1   7   1   0   1  10  1.18 0.65
  157 E    0 -3 -3  2 -8 -1  6 -2 -3 -7 -7 -1 -5 -9  4 -1 -3 -8 -6 -6    7   1   1   9   0   3  41   3   1   0   0   4   0   0  21   5   2   0   0   0  1.12 0.67
  158 A    1  1  0  0 -5  2  3  0  1 -2 -3  2 -3 -5 -2 -1  1 -5 -5 -1   11   7   4   5   0   8  17   7   3   2   3  12   1   0   2   5  10   0   0   4  0.27 0.25
  159 S   -4  6 -2 -5 -5 -3 -4 -4 -6 -4 -2 -4 -2 -7 -3  1  5 -8 -7 -4    1  40   2   1   0   1   1   1   0   1   4   1   1   0   2   8  34   0   0   1  1.37 0.75
  160 G   -5  0  2  3 -6  4  1  4 -2 -8 -7  2 -5 -8 -5 -3 -5 -8 -7 -8    1   5  10  13   0  20   8  29   1   0   0  10   0   0   0   1   1   0   0   0  1.00 0.59
  161 Q   -2 -2 -6 -3 -6  8  4 -8 -4 -9 -4  0 -1 -9 -8 -4 -6 -5 -4 -8    4   2   0   1   0  56  25   0   0   0   2   5   2   0   0   1   0   0   1   0  1.97 1.01
  162 Y   -7 -9 -10 -8 -1 -7 -9 -10 -3 -9 -7 -9 -6  4 -10 -7 -9  7  9 -8    0   0   0   0   1   0   0   0   0   0   0   0   0  12   0   0   0  15  69   0  3.23 1.34
  163 Y   -5 -6 -8 -11 -7 -7 -10 -9 -4 -9 -7 -9 -9 -1 -10 -9 -9 -3 10 -7    1   0   0   0   0   0   0   0   0   0   0   0   0   3   0   0   0   0  93   0  3.92 1.58
  164 L   -7 -7 -9 -10 -3 -8 -9 -10 -3 -5  6 -9  1  3 -9 -7 -8 -1  4 -6    0   0   0   0   1   0   0   0   1   0  70   0   3  11   0   0   0   1  13   0  1.96 0.91
  165 H   -4 -3 -4 -9 -4 -7 -8 -6 11 -11 -10 -4 -9 -9 -10 -4 -4 -10 -5 -10    2   2   1   0   1   0   0   1  89   0   0   1   0   0   0   2   2   0   0   0  4.06 1.57
  166 L   -1 -4  1 -5 -2  4 -4 -6 -1  0  3 -3  0 -3 -5  1  0 -6  0 -1    5   1   7   1   1  21   0   0   2   5  31   2   2   1   0  11   6   0   3   3  0.59 0.43
  167 F   -8 -10 -7 -5 -5 -10 -10 -9 -3 -8 -7 -10 -7 10 -11 -8 -9 -3  3 -6    0   0   0   1   0   0   0   0   1   0   0   0   0  87   0   0   0   0   9   1  3.46 1.36
  168 D    3 -5 -3  2  0 -4 -3 -2  1 -4  3 -4 -2 -1 -6  2  1 -6 -2 -1   20   0   1  10   2   0   2   3   4   0  26   1   1   2   0  15   8   0   1   3  0.46 0.37
  169 V    0  1 -3 -1 -7 -3  0 -6 -3 -2 -7  5 -6 -7  5 -1 -1 -5 -2  0    7   6   1   3   0   1   5   0   1   3   0  31   0   0  23   5   4   0   2   8  0.82 0.53
  170 T   -2 -1 -3 -2 -2  2  5 -1  0 -8 -8  3 -7 -2 -6  1 -1 -2 -3 -6    3   3   1   2   1   9  36   6   3   0   0  18   0   2   0  10   4   1   1   1  0.87 0.56
  171 Q   -9 -5 -8 -8 -11  9 -5 -10 -7 -10 -7 -7  4 -11 -9 -8 -9 -10 -9 -10    0   1   0   0   0  91   1   0   0   0   0   0   8   0   0   0   0   0   0   0  3.56 1.58
  172 A    0 -10 -10 -9 -6 -9 -9 -10 -10 -4 -10 -9 -2 -11  9 -8 -9 -11 -11 -4    8   0   0   0   0   0   0   0   0   1   0   0   1   0  88   0   0   0   0   2  3.22 1.44
  173 D   -5 -8 -3  9 -4 -5 -3 -8 -5 -10 -10 -5 -10 -10 -8 -5 -6 -11 -10 -10    1   0   1  92   1   1   2   0   0   0   0   1   0   0   0   1   1   0   0   0  3.14 1.32
  174 L   -8 -9 -10 -10 -5 -9 -9 -10 -9 -3  7 -9 -3  1 -9 -9 -7 -4 -7 -2    0   0   0   0   0   0   0   0   0   1  90   0   0   5   0   0   0   0   0   2  2.41 1.05
  175 N   -9 -6  9 -1 -10 -6 -7 -8 -4 -10 -10 -6 -9 -10 -9 -7 -7 -11 -9 -10    0   0  94   4   0   0   0   0   0   0   0   0   0   0   0   0   0   0   0   0  3.55 1.47
  176 W   -7 -9 -10 -11 -6 -9 -10 -8 -6 -6 -2 -10 -3  3 -10 -9 -9 12  5 -5    0   0   0   0   0   0   0   0   0   0   5   0   1  10   0   0   0  63  17   1  3.61 1.44
  177 E   -2  6  0  1 -8 -1  4 -5  3 -8 -7 -1 -7 -5 -7 -1 -2  0 -2 -7    4  34   4   9   0   2  27   1   7   0   0   3   0   1   0   4   2   1   1   0  1.11 0.63
  178 N   -8 -6  9 -3  1 -5 -4 -7  2 -10 -8 -6 -9 -9 -9 -1 -6 -10 -6 -8    0   0  82   2   3   0   1   0   4   0   0   0   0   0   0   5   0   0   0   0  2.89 1.26
  179 E   -2 -4 -5 -3 -9 -2  2 -6 -3 -7 -6 -2 -5 -9  8 -2 -5 -6 -9 -6    4   1   1   2   0   2  14   1   1   0   1   3   0   0  67   3   1   0   0   0  2.08 1.04
  180 E    3  0  0  2 -6  1  4 -3 -3 -5 -3  3 -4 -7 -3 -3 -3 -5 -5 -4   20   4   4  11   0   6  29   2   1   1   2  15   1   0   1   2   1   0   0   1  0.70 0.47
  181 V   -5 -9 -9 -9  0 -8 -9 -9 -9 -2  1 -8  2 -7 -9 -8 -2 -5 -7  7    1   0   0   0   2   0   0   0   0   1  14   0   4   0   0   0   2   0   0  75  2.18 0.98
  182 R   -4  7 -4 -7 -8  2 -4 -5 -1 -2 -2  1 -2 -4 -5 -6 -5 -3 -5  2    1  54   1   0   0   9   1   1   1   3   4   7   1   1   1   0   1   0   0  14  1.44 0.75
  183 K    1  1  1  1 -8  4  4 -5 -1 -8 -5  3 -5 -8 -6 -2 -4 -5 -5 -6   13   7   6   9   0  17  27   1   2   0   1  14   0   0   0   3   1   0   0   0  0.87 0.55
  184 H    5 -5 -6  0 -7 -3  6 -7 -5 -7 -8 -2 -6 -7 -7 -3 -5 -4 -6 -6   37   1   0   4   0   1  49   0   0   0   0   3   0   0   0   2   1   0   0   1  1.67 0.90
  185 V   -4 -8 -9 -9 -3 -6 -9 -8 -5  4  2 -8  8  2 -9 -7 -4 -8 -4  3    2   0   0   0   1   0   0   0   0  21  17   0  35   8   0   0   1   0   0  15  1.67 0.78
  186 Y   -1 -2 -2  0 -5 -1  0 -6  2 -1  1  3  0  3 -6 -4 -2  1  5 -3    6   2   2   5   0   3   7   0   4   4  12  17   2   9   0   1   2   2  22   1  0.57 0.38
  187 D    0  0  3  6 -8  0  2 -2 -2 -8 -7  2 -7 -8 -7 -1 -4 -9 -6 -8    8   4  13  38   0   3  13   3   1   0   0  11   0   0   0   5   1   0   0   0  1.07 0.61
  188 M    0 -7 -4 -5 -5 -6 -5 -8 -6  5 -3 -8  6 -6 -8 -4  0 -8 -7  5    7   0   1   1   0   0   1   0   0  26   2   0  18   0   0   1   5   0   0  37  1.46 0.73
  189 M    0 -8 -8 -9  0 -6 -7 -5 -8  4  4 -7  7 -2 -8 -6 -3 -7 -4  2    9   0   0   0   2   0   0   1   0  18  32   0  23   2   0   0   2   0   0  11  1.26 0.64
  190 H   -4  6  3 -1 -3 -1  0 -5  0 -4 -3  3 -5 -6 -7 -3 -1 -6 -7 -3    2  44  12   4   1   3   6   1   2   1   2  14   0   0   0   1   4   0   0   2  1.14 0.63
  191 F   -9 -3 -9 -9 -7 -7 -5 -6 -2 -7 -6 -10 -6  9 -11 -8 -6  7  3 -8    0   2   0   0   0   0   1   1   1   0   1   0   0  72   0   0   1  11  10   0  2.93 1.21
  192 W   -11 -12 -13 -13 -11 -11 -12 -11 -11 -11 -9 -12 -10 -5 -13 -12 -11 13 -2 -12    0   0   0   0   0   0   0   0   0   0   0   0   0   0   0   0   0  98   1   0  5.70 2.09
  193 F   -3 -5 -9 -9 -4 -7 -9 -7 -6  1  6 -5  3  0 -9 -6 -3 -6 -2 -2    3   1   0   0   0   0   0   0   0   6  71   1   7   4   0   1   2   0   1   3  1.62 0.78
  194 E   -1 -2  1  7 -9 -1  3 -3 -7 -9 -8  1 -6 -9 -7 -2 -6 -10 -9 -8    5   3   5  53   0   3  18   2   0   0   0   8   0   0   0   3   0   0   0   0  1.58 0.81
  195 K   -5  6 -5 -7 -8 -1 -4 -8 -1 -5  1  6  1 -3 -7 -6 -5 -8 -6 -7    1  34   0   0   0   2   1   0   2   1  12  41   4   1   0   0   1   0   0   0  1.58 0.80
  196 G   -7 -9 -4 -5 -9 -9 -7  8 -9 -10 -10 -5 -9 -10 -9 -7 -8 -5 -10 -10    0   0   1   1   0   0   0  96   0   0   0   1   0   0   0   0   0   0   0   0  3.06 1.29
  197 I   -1 -9 -9 -9  0 -8 -9 -9 -9  4 -4 -8 -5 -6 -9 -7 -5 -9 -8  7    6   0   0   0   2   0   0   0   0  21   1   0   0   0   0   0   0   0   0  69  2.17 0.96
  198 D    0 -4 -3  8 -3 -5 -4 -2 -3 -8 -9 -2 -7 -7 -7 -1 -6 -9 -4 -6    8   1   1  72   1   0   1   4   1   0   0   3   0   0   0   5   0   0   1   1  2.11 0.98
  199 G   -4 -9 -7 -8 -9 -8 -8  8 -8 -10 -10 -8 -9 -9 -8 -7 -8 -9 -9 -9    1   0   0   0   0   0   0  97   0   0   0   0   0   0   0   0   0   0   0   0  3.11 1.29
  200 F   -8 -9 -9 -9 -9 -9 -9 -9 -8 -3 -2 -9 -3 10 -9 -9 -8 -3 -1 -4    0   0   0   0   0   0   0   0   0   2   5   0   1  87   0   0   0   0   2   2  3.29 1.28
  201 R   -8  9 -7 -8 -10 -5 -7 -9 -5 -9 -9 -5 -8 -5 -9 -6 -8 -9 -8 -7    0  96   0   0   0   0   0   0   0   0   0   0   0   1   0   1   0   0   0   1  3.45 1.42
  202 L   -4 -7 -8 -8  1 -6 -6 -7 -7  4  3 -7  5  2 -7 -7 -5 -4 -5  4    1   0   0   0   3   0   0   0   0  22  28   0  14   7   0   0   0   0   0  23  1.23 0.59
  203 D   -8 -8 -4  9 -9 -7 -6 -5 -8 -9 -9 -7 -9 -9 -8 -6 -7 -10 -5 -9    0   0   1  95   0   0   0   1   0   0   0   0   0   0   0   1   0   0   1   0  3.35 1.38
  204 V    5 -7 -7 -7 -3 -5 -7 -6 -7 -2 -5 -7 -2 -7 -5 -2  0 -8 -7  5   47   0   0   0   1   0   0   0   0   2   1   0   1   0   1   3   7   0   0  37  1.51 0.78
  205 I    1 -8 -8 -8  0 -7 -8 -6 -8  6 -1 -7 -1  2 -5 -4 -4 -7 -6  4   12   0   0   0   2   0   0   0   0  44   5   0   1   7   1   1   1   0   0  25  1.39 0.66
  206 N   -1 -3  6  0 -5 -1 -4 -2  3 -1 -6 -2 -2 -5  2  0 -1  1 -3 -5    5   2  38   6   0   3   1   3   7   4   0   3   1   1  12   8   5   2   1   1  0.90 0.55
  207 L   -1 -2 -1 -6  0 -2 -4 -2  7 -3  2 -2  1  4 -5 -2 -1  2  3 -3    5   2   3   0   2   2   1   4  23   1  16   3   3  13   0   2   4   2  10   2  0.73 0.43
  208 I   -3 -8 -8 -9 -3 -8 -8 -7 -4  6  4 -8  3 -1 -8 -6 -5 -7  4 -1    2   0   0   0   1   0   0   0   0  37  35   0   6   3   0   0   1   0  11   3  1.44 0.69
  209 S    0 -5 -4 -3 -1 -4 -4  0 -3 -1 -2  0  1  5 -6  3 -2 -2  3  0    7   0   1   1   1   1   1   8   1   4   4   7   3  21   0  24   2   0   8   7  0.55 0.39
  210 K   -6 -4 -6 -6 -3 -3  4 -7  3 -9 -7  7 -8 -6 -6 -6 -6 -4 -6 -4    1   1   0   0   1   1  27   0   5   0   1  60   0   0   0   0   0   0   0   1  2.05 1.00
  211 D   -1 -2  0  7 -4 -2 -1 -6  2 -5 -6 -2 -4 -6  1 -2 -1 -8 -6  0    6   2   4  51   0   2   4   0   4   1   1   2   0   0   8   3   4   0   0   6  1.17 0.63
  212 Q    0 -1 -2  1 -5  2  3 -3 -2 -1 -2  0 -1 -3  5 -2  0 -1 -5 -3    8   3   2   7   0   8  18   2   1   3   4   6   2   1  24   3   6   1   0   2  0.48 0.36
  213 R   -1  0  1  3 -5  1  2  2  0 -4 -2 -1 -1 -4 -2  1  0 -3 -2 -3    4   6   6  18   0   6  12  16   3   1   5   3   2   1   2   9   5   0   1   1  0.31 0.25
  214 F   -5 -4 -4 -5 -3 -5 -6 -7 -3 -3  5 -6 -1  7 -7 -6 -6  2  3 -4    1   1   1   1   1   1   1   1   1   1  42   1   1  35   0   1   0   2   8   1  1.53 0.71
  215 P   -2  5 -3 -3 -6 -1 -1 -5 -3 -4 -2 -1 -5 -5  6 -3  0 -3 -3 -4    4  26   1   2   0   2   4   1   1   1   4   3   0   0  39   2   5   0   1   1  1.16 0.64
  216 N   -6 -5  4  8 -6 -4 -3 -6 -4 -6 -6 -3 -6 -8 -4 -2 -6 -5 -8 -6    1   1  16  69   0   1   1   1   0   1   1   2   0   0   1   3   0   0   0   1  2.19 0.98
  217 A    2 -3  5  1 -3 -2  3  0 -3 -4 -2 -2 -1 -4 -1  0 -3 -2 -3 -1   16   1  23   8   1   1  18   8   0   1   4   2   2   1   3   5   1   1   1   4  0.50 0.36
  218 E   -4 -3 -1  1 -6 -4  2 -5 -4 -5 -5 -1 -5 -5  7 -3 -1 -1  0 -5    2   2   3   7   0   1  11   1   0   1   2   3   0   1  56   2   4   1   3   1  1.53 0.79
  219 E   -1  0  0  2 -5 -2  1 -1 -2  1 -1 -1 -2  0  4 -2 -2 -1  1  0    5   4   5  11   0   1   8   5   1   7   7   4   1   3  18   2   2   1   6   8  0.22 0.19
  220 G    0  0  1 -1 -3  1 -1  2  0 -1 -2  0 -1 -2  0  1  1 -1  0 -2    8   6   8   3   0   7   4  15   3   3   3   5   1   2   6  10   8   1   4   3  0.12 0.12
  221 D   -2  0  1  5 -3  1  0 -3 -2 -3 -1 -1 -2 -4  3 -1  0 -1 -1 -3    3   4   6  27   0   7   6   2   1   2   7   4   1   1  14   4   5   1   2   1  0.47 0.33
  222 G    1 -1  1  2 -3 -1  0  4  0 -4 -4 -2 -4 -2  3 -1 -2 -1 -4 -3    9   4   6  11   1   3   5  26   2   1   1   3   0   2  15   4   2   1   1   2  0.46 0.31
  223 R   -2  1 -1  0 -5  0  0 -2  7 -3 -2  1 -1 -2  0 -1 -2  1  1 -4    4   8   3   6   0   3   6   4  29   2   4   8   2   2   5   6   3   2   4   1  0.65 0.40
  224 S   -1  1  0  0 -2  1  2 -2  1  2 -1  1 -1 -3  1  0  0 -2 -2  0    3   9   4   5   1   6  12   3   3  12   4  10   1   1   7   7   5   0   1   6  0.13 0.14
  225 F   -3 -3 -3 -4 -1 -2 -4 -5  4 -1 -1 -2  1  3  1 -4 -4  0  7 -2    2   2   1   1   1   2   1   1  10   4   7   3   4  11   7   1   1   1  37   3  1.11 0.58
  226 Y   -3 -3  0  1 -1 -2 -4 -5  2 -2 -3 -3  0  3 -5 -1  4  1  5 -1    2   1   4   8   2   2   1   1   5   3   3   1   2  12   1   4  22   2  21   4  0.69 0.45
  227 T    1  0 -1 -2  1  1 -1 -1  0  0 -1  1  1  0 -2  0  1  1 -1  0   12   6   3   2   3   5   3   4   3   5   6  10   5   4   1   7  11   2   2   7  0.06 0.10
  228 D   -5 -4  7  5 -1 -2 -2 -2  1 -7 -7 -5 -1 -4 -6 -1 -4 -2  0 -6    1   1  43  29   1   2   2   3   3   0   1   0   2   1   0   4   1   1   4   0  1.49 0.76
  229 G   -4  2 -1 -2 -4  5 -4  4  1 -5  1 -3 -2 -4 -5 -4 -3 -2 -2 -1    1  10   3   3   0  25   1  29   3   1  13   1   1   1   1   1   2   1   2   4  0.75 0.50
  230 P   -2 -4 -2  0 -6 -3  0 -6 -3 -5 -6 -1 -8 -8  8 -3 -4 -3 -3 -6    4   1   2   6   0   1   5   0   1   1   1   5   0   0  67   2   1   1   1   1  1.97 0.99
  231 R   -3  4  0  0 -7  0  4  2  2 -5 -3  1 -3 -5 -3 -4 -3 -5 -2 -5    2  18   3   5   0   3  29  15   5   1   3   8   1   0   1   1   2   0   1   1  0.69 0.45
  232 V   -2 -4  1 -4 -1 -5 -5 -5 -3  3  2 -6  1 -3 -4 -1  3 -7 -4  4    3   1   6   1   1   0   0   1   1  17  18   0   4   1   1   5  17   0   0  23  0.66 0.41
  233 H   -5 -3 -3 -2 -4 -1 -2 -4  9 -1  0 -3 -3  1 -3 -5 -4  0  4 -3    1   2   1   2   0   3   3   2  44   4   8   2   1   6   2   1   1   1  13   2  1.52 0.73
  234 E   -1 -2 -1  5 -6  1  5 -2 -3 -3 -5  0 -5 -6  0 -3 -1 -8 -5 -3    6   3   3  25   0   5  34   3   1   2   1   5   0   0   5   2   4   0   0   2  0.84 0.53
  235 F   -4 -4 -7 -8 -3 -2 -5 -7  1  2  0 -4  2  5 -7 -6 -4  2  7  1    2   1   0   0   1   2   1   0   3  11  10   1   5  18   0   0   1   3  31   9  1.18 0.60
  236 L   -2 -5 -7 -5 -2 -7 -7 -7 -1  3  5 -7  2 -1 -7 -5 -2  0  0  2    3   1   0   1   1   0   0   0   2  15  51   0   4   2   0   1   2   1   3  12  1.12 0.57
  237 H   -1  5 -1 -3 -6  3  0 -3  3 -6 -6  3 -3 -5 -4 -1 -2 -1  2 -5    5  26   3   1   0  13   6   2   7   0   1  18   1   0   1   4   2   1   7   1  0.80 0.50
  238 E   -3  2 -1  2 -8  2  6 -2  0 -6 -5 -1 -3 -4 -5 -2 -4 -6 -6 -5    2   9   2  10   0   7  50   3   2   0   1   3   1   1   1   4   1   0   0   1  1.14 0.66
  239 M   -7 -4 -7 -8 -8 -2 -7 -7 -7  2  3 -6  7  3 -8 -6 -6  8 -4 -3    0   1   0   0   0   2   0   0   0  11  26   0  23  12   0   0   0  20   0   2  1.70 0.80
  240 N   -3  6  3 -4 -1 -4 -5 -3  4 -4 -5  1 -3 -3 -7 -2 -2  0  0 -3    2  46  14   1   1   1   0   3   7   1   1   7   1   1   0   3   2   2   4   2  1.18 0.64
  241 E    1  4 -1  1 -4  2  3 -3  0 -4 -4  2 -4 -6 -4  0  0 -6 -4 -3   13  18   3   8   0   9  16   2   2   1   1  12   0   0   1   7   5   0   1   2  0.49 0.36
  242 K    0  0  0  0 -4  0  2 -4  0  1  1  1  0 -1 -3 -3 -1 -4 -1  2    6   6   5   4   0   4  15   0   2   7  16   9   2   3   1   1   3   0   2  14  0.18 0.18
  243 V    0 -6 -5 -5  1 -5 -5 -5 -5  3  3 -5  2 -1 -6 -2  1 -6 -2  4    8   0   0   1   3   0   1   1   0  12  22   0   4   2   0   3  10   0   2  30  0.73 0.42
  244 F   -3 -2  1  5 -4 -4 -1 -4 -1 -4  2 -1  0  5 -6 -5 -4  1 -1 -5    2   3   6  29   0   1   5   2   1   1  18   4   2  20   0   1   1   2   2   1  0.77 0.46
  245 S    0  0  0  3 -3  1  3  0 -1 -4 -4  2 -4 -7 -3  2 -1 -7 -6 -4    8   4   3  17   0   6  18   6   1   1   1  11   0   0   1  16   4   0   0   1  0.49 0.36
  246 H   -5  1  0  0 -7 -1  1 -1  3 -4 -4  3 -5  0  1 -3 -3 -3  7 -4    1   6   4   5   0   2   8   5   7   1   2  15   0   3   7   2   2   0  30   1  0.80 0.49
  247 Y   -4  0  0 -1 -6 -3 -2  1  2 -5 -5  0 -6  0  4 -1 -2 -2  7 -5    1   6   4   4   0   1   3   9   4   1   1   6   0   3  17   4   3   0  30   1  0.84 0.52
  248 D   -4 -2  2  6 -8 -1  2  1 -1 -6 -8 -2 -7 -8  0 -3 -2 -8 -3 -7    1   2  10  47   0   3  11  10   1   1   0   3   0   0   5   2   2   0   1   0  1.22 0.66
  249 S    2  4 -3 -3  2 -3 -3 -3 -3  2  0  0  0 -2 -2 -1  1 -2 -4  1   14  24   1   1   4   0   1   2   1  11   7   5   2   2   2   3   8   1   0   9  0.38 0.29
  250 M   -2 -1 -5 -7 -3 -5 -6 -6 -6  2  1 -1  6  5 -5 -5 -2 -5  1  3    3   4   0   0   1   0   0   0   0  12  13   5  16  19   0   1   2   0   5  18  0.84 0.46
  251 T   -1 -5 -4 -5 -4 -5 -5 -5 -3  0  3 -4  4 -2 -5  0  5 -7 -3  0    6   0   1   1   0   0   0   1   1   4  24   1   9   2   1   7  35   0   1   6  0.86 0.54
  252 V   -3 -5 -6 -5 -4 -6 -6 -5 -8  4  1 -6  4 -3 -8 -7 -4 -8 -7  6    2   1   0   1   0   0   0   1   0  18  14   0  10   1   0   0   1   0   0  49  1.46 0.70
  253 G    1 -6 -6 -6 -3 -7 -6  6 -6 -1 -4 -6  2 -2 -7 -4  0 -8 -4 -2   10   0   0   0   1   0   0  64   0   3   2   0   5   2   0   1   6   0   1   4  1.50 0.75
  254 E   -6 -5 -5 -3 -5 -4  8 -6 -3 -5 -7 -5 -4 -7 -8 -5  0 -9 -3 -6    1   1   0   1   0   1  84   1   1   1   0   0   1   0   0   1   5   0   1   1  2.46 1.17
  255 M    2 -4 -3 -3  1 -3  1 -2 -3  2  0 -3  3 -1 -4 -1  2 -5 -2  2   20   1   1   2   3   1   8   2   1  10   7   1   8   3   1   4  11   0   1  16  0.34 0.27
  256 S    1 -4  0 -3 -2 -4 -4  1  0 -3 -4 -3  0  1  3  1 -2  6  4 -2   12   1   5   2   1   1   1  11   2   1   2   1   3   5  13  12   2  10  14   3  0.56 0.39
  257 S    0 -2  0  0 -1 -1 -1  3  0 -2 -1 -3 -1  0 -2  2 -1 -1  2 -1    6   2   4   5   2   2   4  24   2   2   6   1   2   4   2  14   4   1   8   6  0.24 0.21
  258 T    1 -1 -1  2 -2 -2  0 -2 -2  1 -1 -1 -1 -2  0  0  3 -5 -3  2   14   3   3  11   1   1   5   2   1   7   4   3   2   2   5   6  17   0   1  14  0.21 0.20
  259 T   -2 -2  1  4 -6 -2 -2 -1  1 -2 -2  0 -3 -3  2  1  3 -2 -3 -2    2   2   6  22   0   1   2   5   3   2   4   5   1   1  10  12  17   1   1   3  0.44 0.34
  260 V    0 -2 -1  0 -2 -2  0 -4 -2  1  1 -2  1 -1  4 -2  0  0 -1  0    8   2   2   6   1   2   6   1   1   9  15   2   4   3  19   3   5   1   2   8  0.27 0.22
  261 D    0 -1  0  4 -7  1  5 -2 -1 -3 -4  1 -3 -5 -2 -1 -1 -7 -3 -4    7   3   4  19   0   5  33   3   1   1   2   8   1   1   2   4   4   0   1   2  0.65 0.43
  262 H   -2  2  1  2 -4  2  2 -3  1  0 -1  0  1 -3 -4 -1  1 -4 -2  0    3  10   7  10   0   8  16   1   3   6   7   5   4   1   0   3   9   0   1   6  0.23 0.21
  263 C    3 -3 -4 -4  1 -2 -4 -2 -3  2  2 -4  4 -1 -5 -1  1  1 -2  2   23   1   1   1   2   1   1   3   1  10  16   0  10   2   0   3   7   2   1  12  0.43 0.31
  264 I    2  1 -1 -2 -3  0 -1 -2 -1  1  1  1  4 -3 -2 -1 -2 -4 -3  0   17   7   3   3   0   3   3   2   1   8  16  10  10   1   2   4   2   0   1   6  0.20 0.19
  265 R   -1  3 -1  0 -6  1  1 -3 -1 -3  0  3  0 -2 -1  0 -2  0  2 -3    6  15   3   6   0   7   9   1   1   2  10  17   2   1   3   6   3   1   7   1  0.28 0.25
  266 Y   -3 -5 -6 -7 -4 -7 -5 -7 -2 -4 -1 -5 -2  3 -8 -4 -5  4  9 -4    2   1   0   0   0   0   1   0   1   1   6   1   1  11   0   2   1   4  65   1  2.37 1.06
  267 T   -1 -5 -5 -5  1 -3 -5  0 -1  0 -1 -5 -2  0 -6  0  3 -4  5  3    6   1   0   0   2   1   1   8   1   6   5   1   1   3   0   6  18   0  20  20  0.65 0.43
  268 N    0  1  2  1 -3 -2 -2  4  2 -4 -4 -1 -2 -3 -4  1  0 -6 -1 -3    8   7   9   7   1   2   2  32   4   1   2   3   1   1   1  10   5   0   2   2  0.48 0.32
  269 P    0 -1  0  0 -2  0  2  0 -2 -3 -3 -1 -3 -3  4  0  0 -1  0 -3    9   4   5   5   1   4  13   7   1   1   3   4   1   1  22   8   5   1   3   2  0.34 0.26
  270 D   -1 -1  1  5 -6  0  3  1 -2 -3 -5  1 -4 -5 -3  1  0 -3 -3 -4    5   3   5  29   0   3  15  11   1   2   1   7   0   0   1   9   5   0   1   1  0.57 0.37
  271 N   -1  4  3  2 -4  1  0  1  1 -4 -3  0 -3 -4 -2  0  0 -5 -2 -3    5  21  12   9   0   5   6  12   3   1   2   5   1   1   2   6   6   0   2   2  0.38 0.27
  272 K   -2  1  2  2 -4  0  0  3  3 -4 -3  2 -4 -3  1 -1 -1 -4 -1 -4    3   6   9  10   0   4   6  19   6   1   3  14   0   1   6   5   3   0   2   1  0.33 0.23
  273 E   -2  1 -2 -2 -3  1  5  2  1 -2 -2 -1 -1 -3 -1 -2 -3 -5 -1 -2    3   7   1   2   1   5  39  14   3   2   5   4   1   1   3   3   1   0   3   3  0.61 0.39
  274 L    1 -4 -6 -7  1 -3 -6 -4 -5 -1  5 -5  1  3 -5 -3 -4 -6 -2 -1   10   1   0   0   2   1   0   2   0   3  55   1   3  10   1   2   1   0   2   4  1.01 0.53
  275 D   -3 -3  4  4 -5  2 -3 -2  7 -5 -7 -4 -4 -6 -5  2 -1 -7 -5 -5    3   1  15  24   0   8   1   4  22   1   1   1   0   0   1  14   4   0   0   1  1.13 0.62
  276 M   -1 -5 -5 -6 -2  0 -5 -6 -4 -1  2 -5  9  2 -4  0  0 -6 -3 -2    5   0   0   1   1   4   1   1   0   3  14   1  41   8   1   8   6   0   1   3  1.28 0.66
  277 T    2 -5 -4 -4  1 -3 -5 -2  1  3 -2 -5  0 -4  4 -2  0 -4 -4  3   16   0   1   1   3   1   0   3   3  15   4   0   2   1  20   3   6   0   0  21  0.63 0.41
  278 F   -6 -9 -7 -9 -7 -7 -7 -7 -5  0 -2 -9  0  9 -7 -7 -5 -3  3 -4    1   0   0   0   0   0   0   0   0   6   5   0   2  72   0   1   1   0  10   1  2.56 1.05
  279 S   -3 -5  6  1 -3  3 -2 -4  3 -4 -3 -4 -1 -4  0  0  1 -3 -2 -5    3   0  38   7   1  12   3   1   6   1   3   0   1   1   5   7   8   0   2   1  0.93 0.57
  280 F   -4 -6 -9 -8 -9 -6 -8 -6 -4 -6 -3 -8  0  9 -6 -5 -7 -4  0 -7    2   1   0   0   0   0   0   1   0   0   3   0   2  84   1   1   0   0   3   0  3.04 1.22
  281 H   -1  0  2  4 -2  1  3  0  2 -4 -3 -2 -2 -1 -3  0 -3 -3  0 -3    5   5  10  20   1   6  20   6   5   1   3   1   1   2   1   6   1   0   3   2  0.44 0.32
  282 H   -3 -5 -3 -6 -5 -4 -5 -6  7 -1  3 -6  0  5 -2 -4 -3 -2  1 -2    3   0   1   0   0   1   0   1  26   4  29   0   2  18   2   1   2   1   5   3  1.17 0.59
  283 L   -2 -4 -3 -4  0 -3 -4 -3 -1  3  3 -5  5  0 -3 -3 -1 -1 -3  3    4   1   1   1   2   1   1   2   2  14  30   0  12   4   1   2   3   1   1  16  0.65 0.36
  284 K   -1 -1  1  2 -2  0  1  1  0 -2 -1  1  0  0 -2  1  1  2  0 -3    4   3   8  12   1   4   8  10   2   2   5   7   2   4   2   9   9   3   3   1  0.13 0.12
  285 V    0 -2 -1 -1  0 -1 -2 -2 -2  3  2 -2  2  0 -2 -1  0 -1 -1  1    7   2   3   3   2   2   3   4   1  16  24   3   5   3   2   3   5   1   2  10  0.19 0.12
  286 D   -2 -2  1  5 -3 -2  0  1 -1 -2 -1 -2 -1 -1 -2  0  1  1 -2 -2    3   2   7  30   1   2   6  11   1   2   6   2   2   2   2   5   8   2   2   3  0.40 0.22
  287 Y   -1  1  1  0  0  1  0  0  1 -1 -1  0  0  0  0  0  0  2  2 -1    4   7   8   6   3   7   5   8   4   4   7   5   2   3   4   6   5   3   7   4  0.05 0.05
  288 P    0 -1  0  0 -2  0  0  1 -1 -1 -1  1 -1 -2  2  0  0 -1 -1 -1    6   3   4   6   1   4   7  13   1   3   8   9   2   2   9   8   7   1   2   6  0.08 0.06
  289 N   -1 -1  3  1 -1 -1  0  0  0 -2 -2  1 -2 -1  2  0  0 -1 -1 -2    5   4  15   9   1   3   7   8   2   3   4   7   1   3   9   7   6   1   2   3  0.17 0.12
  290 G    0  0  2  0 -2  0  0  3  0 -2 -1  0 -2 -1 -1  1  0  0 -1 -1    7   4  10   5   1   4   6  20   2   3   5   6   1   3   3   9   4   2   2   4  0.13 0.09
  291 E   -1  0  1  1 -2  0  1  2  1 -2 -2  0 -1  0 -1  0 -1  0 -1 -1    5   5   6  10   1   4   9  16   3   3   4   7   2   4   3   7   3   1   2   4  0.10 0.07
  292 K   -1  2 -1 -1 -2  0  0 -1 -1 -2 -1  4 -1  0 -1  0 -1  2 -1 -2    4  11   3   4   1   3   5   4   2   3   6  27   1   3   3   8   4   3   2   3  0.29 0.16
  293 W   -2 -1  0 -1 -1 -1 -1  0  1 -1 -1 -1  0  2 -1 -1 -1  7  2 -2    4   3   4   4   2   3   4   8   3   4   6   5   2  10   3   5   5  15   7   3  0.36 0.17
  294 A    1  0  0  1 -1  0  0  0  0  0  0  0  0 -1 -1  1  1 -1 -1 -1   12   4   4   9   1   4   6   5   3   5   8   5   2   3   3  11   8   1   2   5  0.04 0.04
  295 L   -1  1  0  0 -1  0  0 -1  1  0  0  0  0  0  2  0  0  0  1  0    4   7   4   4   1   4   4   5   4   4  12   6   2   4  10   5   5   1   5   7  0.05 0.03
  296 A    1  1  0 -1  0  1  0  0  1  0 -1  1 -1 -2  0  0  1  0  0 -1   11  10   3   3   2   6   5   6   3   5   5  10   1   2   3   7   7   1   3   5  0.06 0.05
  297 P   -1  1 -2  1 -3 -1  1 -1 -1 -3 -3  2 -3 -3  5 -1 -1 -3 -2 -3    5   8   2   7   1   3   8   5   1   2   3  12   1   2  29   5   3   0   2   2  0.51 0.27
  298 F   -3 -3 -3 -4  1 -3 -4 -4 -1 -1  2 -3  0  5 -1 -2 -1  9  1 -3    3   1   2   1   3   1   2   2   1   4  16   2   2  20   3   4   4  24   4   2  1.04 0.45
  299 D   -3 -1  3  4 -3 -2  0 -4 -1 -5 -4  1 -4 -3 -1  2  2 -4 -4 -4    2   4  14  25   1   2   7   1   1   1   2   8   0   1   3  14  14   0   1   1  0.63 0.39
  300 F    4 -4 -4 -4 -4 -4 -4 -2 -4  1  3 -4 -1  1  1 -3 -2 -3 -2  1   30   1   1   1   0   1   1   4   0   6  26   1   1   6   8   2   2   0   2   8  0.56 0.34
  301 L    1  1  0  1 -3  1  1 -2  0 -1 -1  1 -2 -3  2  1  0 -4 -2  0   11   8   3   6   0   5   7   3   2   3   6  10   1   1   9  11   6   0   1   6  0.12 0.13
  302 K    1  1 -1  4 -1  0  3 -1  1 -4 -3  2 -3 -3 -4 -1 -2 -3 -2 -2   13   6   3  22   2   5  16   4   3   1   2  11   0   1   1   4   3   0   1   3  0.41 0.29
  303 L   -5 -6 -6 -7 -5 -4 -7 -7 -6  3  4 -7  2  6 -6 -6 -4  3  1  1    1   0   0   0   0   1   0   1   0  12  35   0   5  26   0   0   1   4   5   8  1.19 0.56
  304 K   -1  4 -3 -3 -3 -1 -3 -5 -1 -4 -4  6 -2 -3 -6 -4 -3 -4 -1 -2    6  22   1   1   1   3   2   1   2   1   2  47   1   1   0   1   2   0   2   4  1.19 0.64
  305 E    1  3  1  2 -4  1  2 -2 -1 -5 -5  3 -4 -3 -4  0  0 -3 -2 -5   11  14   7  10   0   6  15   3   2   1   1  15   0   1   1   7   6   0   2   1  0.43 0.32
  306 I    2 -2 -1 -4 -1 -2 -2 -4 -2  3  0 -3  0 -1 -5 -1  1 -2  0  3   14   2   4   1   1   2   3   1   1  19   9   2   2   3   0   4  10   1   3  19  0.36 0.25
  307 L   -3 -7 -7 -8 -4 -3 -6 -8 -3  6  2 -7  3  2 -7 -6 -2 -2  0  3    2   0   0   0   0   1   0   0   1  36  21   0   6   8   0   0   2   1   3  17  1.14 0.55
  308 S    1  0  2  3 -4  0  2 -2 -1 -3 -2  0  0 -1 -4  1  1 -5 -3 -2   10   6   8  16   0   4  12   3   2   2   4   5   2   3   0  11   8   0   1   3  0.25 0.22
  309 D   -1  4  1  1 -6  0  3 -3  1 -5 -4  4 -5 -5 -4 -1  0 -7 -3 -5    5  19   5   8   0   4  15   2   4   1   2  20   0   0   1   5   6   0   1   1  0.59 0.39
  310 W   -3 -3 -4 -6 -6 -2 -5 -6 -4 -2 -3 -6 -1  2 -5 -1 -1 11  3 -3    2   2   1   1   0   2   1   1   1   2   3   1   2   6   1   6   5  54   8   2  2.43 1.04
  311 Q   -4 -4 -3 -2 -5  7  1 -5 -1  0  2 -4  4 -1 -4 -4 -4 -5  1 -2    2   1   2   2   0  39   9   1   1   4  16   1   8   3   1   1   1   0   5   3  1.02 0.59
  312 T    0  2  2  2 -5  1  2 -3  1 -2 -2  1 -3 -5 -4  0  2 -4 -2 -2    7  10   9  10   0   5  13   2   3   2   5   9   1   0   0   8  13   0   1   2  0.30 0.24
  313 G    2 -1  2 -1 -2 -1  0  1  0 -2 -1  0 -1  1 -3  0  0 -2  1 -2   19   2   9   4   1   3   5  11   2   3   7   7   1   7   1   5   5   0   5   3  0.13 0.13
  314 M    0 -2 -2 -3  0 -2 -3 -3 -1  2  3 -2  6  1 -5 -2 -1 -4 -2  1    7   2   2   2   2   2   2   2   2  10  25   3  17   5   1   3   5   0   2   9  0.47 0.29
  315 H   -1 -1  0  0 -4  1  0 -2  2 -2  0 -1 -2 -1  5 -2 -2 -3  1 -1    5   3   4   5   0   7   7   3   4   3  10   3   1   3  27   3   2   0   5   4  0.41 0.29
  316 A    1  0  0  1 -3  0  3  0 -1 -2 -3  2 -3 -4  2  1 -1 -4 -2 -3   12   4   4   6   0   3  17   8   1   2   3  12   1   1  11   8   3   0   1   2  0.27 0.22
  317 G   -1  0  2  1 -4  0  1  3  1 -2 -3 -1 -3 -3  1 -1  1 -3 -3 -1    4   6  10   7   0   4   7  24   3   2   3   4   0   1   7   4   7   0   1   4  0.28 0.21
  318 G   -1  0  1  2 -2  0 -1  3  2 -3 -4  2 -3 -3 -2 -1 -2 -1  0 -2    5   6   7  12   1   4   4  23   4   1   2  12   0   1   2   4   3   1   3   4  0.32 0.23
  319 G    3 -3 -3 -4  0 -2 -4  5  0 -2 -4 -3 -5 -2 -5  0  0 -5 -2 -1   20   2   1   1   2   2   1  41   2   3   2   2   0   2   1   7   5   0   1   5  0.78 0.45
  320 W    0 -5 -5 -7 -4 -3 -6 -6 -3 -2 -3 -6  0 -1 -1 -3 -2 12  0 -4    7   1   1   0   0   2   1   1   1   2   3   1   2   3   4   2   4  61   3   1  2.81 1.19
  321 N   -2 -7  6 -4 -3 -4 -5 -3  0 -3 -2 -6  0 -3  6 -1 -1 -4 -3 -3    4   0  30   1   1   1   1   3   2   2   4   0   2   1  36   4   4   0   1   2  1.25 0.72
  322 A    3 -5  4 -5  3 -5 -5 -3 -5 -4 -5 -5 -3 -5 -3  2  4  3 -5 -1   21   1  18   0   6   0   1   3   0   1   1   0   1   0   2  16  20   4   0   4  0.84 0.52
  323 L   -5 -8  1 -9 -5 -5 -8 -9 -3  0  3 -8 -4  0 -5 -4 -3 10  1  1    1   0   6   0   0   1   0   0   1   6  26   0   0   4   1   1   2  35   5  11  1.76 0.84
  324 F    0 -8 -3 -8 -2 -5 -7 -7 -4 -2 -4 -8 -3  6 -7 -3  0 -2  5  5    8   0   1   0   1   1   0   0   0   2   2   0   0  26   0   2   5   1  18  32  1.32 0.67
  325 W   -4 -6 -7 -8 -1 -4 -7 -5 -5  2  5 -6  3  4 -6 -5 -2  6 -2 -1    2   0   0   0   1   1   0   1   0   9  45   0   6  13   0   1   3  10   1   4  1.21 0.59
  326 C   -4 -7  2 -1  0 -5  4  5 -5 -9 -6 -7 -5 -9 -8  3 -4 -9 -9 -9    1   0   9   3   2   0  23  35   0   0   1   0   0   0   0  23   1   0   0   0  1.26 0.73
  327 N   -9 -9  9 -5 -6 -8 -8 -7 -5 -11 -12 -8 -10 -11 -10  0 -4 -12 -10 -11    0   0  90   1   0   0   0   0   0   0   0   0   0   0   0   8   1   0   0   0  3.41 1.48
  328 H   -6 -9 -8 -10 -12 -5 -9 -11 12 -12 -8 -10 -10 -10 -11 -10 -11 -11 -7 -12    1   0   0   0   0   0   0   0  98   0   1   0   0   0   0   0   0   0   0   0  4.85 1.86
  329 D   -10 -10 -7  9 -12 -9 -5 -10 -9 -12 -12 -9 -12 -12 -10 -9 -9 -13 -12 -12    0   0   0  99   0   0   1   0   0   0   0   0   0   0   0   0   0   0   0   0  3.72 1.57
  330 Q   -3  1  4 -4 -4  6 -2 -5  1 -1 -2 -1  1 -1 -7 -2 -1 -5 -3  1    2   6  15   1   0  31   3   1   4   4   5   4   3   3   0   4   3   0   1   9  0.73 0.50
  331 P    0  0 -2 -5 -5 -3 -4 -1  2 -3 -6 -4 -2 -5  7  1 -2 -4 -6 -1    7   4   2   1   0   1   1   5   5   2   1   1   1   1  48  11   3   0   0   5  1.19 0.70
  332 R   -10  9 -9 -10 -12 -7 -8 -11 -6 -11 -10 -6 -10 -11 -10 -9 -9 -3 -7 -11    0  99   0   0   0   0   0   0   0   0   0   0   0   0   0   0   0   0   0   0  3.74 1.57
  333 V    2 -5 -5 -6 -1 -2 -4 -3  2  3  0 -5  3 -1 -2  2 -1 -5 -4  3   15   0   0   0   1   2   1   2   5  13  10   0   6   2   2  18   3   0   0  18  0.49 0.36
  334 V    4 -3 -5 -7 -6 -5 -7 -2 -7  3  0 -5 -1 -4 -1 -1 -2 -2 -4  5   27   2   1   0   0   0   0   4   0  12   8   0   2   1   4   4   2   1   1  32  0.83 0.50
  335 S   -4 -7  0 -1 -4 -4 -7 -5 -4 -8 -8 -5 -6 -9 -5  7  4 -5 -5 -7    1   0   5   4   0   1   0   1   0   0   0   0   0   0   1  62  23   0   0   0  1.81 0.99
  336 R   -7  8 -4 -8 -10 -3 -7 -9  0 -7 -5  1 -8 -5 -9 -6 -3 -5 -4 -5    1  79   1   0   0   1   0   0   2   0   2   9   0   1   0   1   2   0   1   1  2.57 1.16
  337 Y   -6 -5 -6 -9 -4 -7 -8 -7 -3 -1  1 -8  1  7 -9 -8 -5  7  5 -1    1   1   0   0   0   0   0   0   1   4  13   0   3  38   0   0   1  13  19   4  1.78 0.81
  338 G    1 -3 -3 -4 -1 -4 -5  6 -4 -2 -3 -4 -5 -3 -3 -2 -2 -7 -5 -4   10   2   2   1   1   1   1  63   1   2   4   1   0   1   2   4   3   0   1   2  1.34 0.67
  339 D   -1 -1  3  4 -4 -2  0  0 -1 -4 -3 -1 -3 -4  3  1 -2 -5 -3 -3    5   3  15  19   0   2   7   8   2   1   3   3   1   1  13  11   3   0   1   2  0.45 0.30
  340 D   -2 -3  1  6 -3 -1  3  0  0 -4 -4 -1 -4 -4  0 -1 -1 -5 -4 -3    3   2   5  36   1   2  15   7   2   1   2   4   0   1   5   5   4   0   1   2  0.71 0.38
  341 G    0  0  0  0 -2  0  1  2  0 -2 -2  0 -1 -1  2  1  0 -2 -1 -2    6   5   3   6   1   4   8  16   3   2   5   7   2   2  10  11   4   1   2   3  0.14 0.11
  342 A    1  0  0  1 -2  0  3 -2 -1 -1 -2  1 -2 -2  0 -1 -1 -3 -2  0   12   5   4   8   1   4  19   3   1   3   5   9   1   2   6   5   4   0   1   7  0.17 0.14
  343 Y   -2  0 -1  2 -3 -1 -2 -1  3 -2  0 -2 -1  2 -2 -2 -2  4  6 -2    3   5   3  10   1   3   3   5   6   3   8   2   2   7   2   3   3   4  23   3  0.44 0.24
  344 R   -2  6  0 -1 -3  0 -2  1  2 -3 -2 -1 -2 -2 -1 -2 -1  4 -1 -3    3  35   5   4   1   4   2  10   4   2   5   3   1   2   3   4   4   6   2   2  0.61 0.32
  345 V    1  0  0  1 -2  0  1 -2 -1  0 -1  1 -1  0 -1 -1  0 -1  0  1   11   6   4   7   0   4   9   3   1   6   6   7   1   4   3   4   4   1   4  14  0.05 0.07
  346 K    2  2  0  2 -4  2  3 -3 -1 -2 -1  1 -2 -3 -2 -2 -1 -4 -1 -2   14  11   3  10   0   8  19   2   1   2   5   7   1   1   2   2   3   0   3   4  0.29 0.22
  347 S    1  2 -3 -4  0  1 -3  0 -3 -1 -1 -1  0  0 -3  4 -2 -5 -1 -3   11  12   1   1   2   6   1   7   0   4   6   4   2   4   1  33   2   0   2   2  0.46 0.34
  348 A    6 -4 -5 -5 -3 -2 -4  0 -4 -1 -2 -3  2 -4 -5 -2 -2 -6 -3  0   58   1   1   1   1   2   1   7   0   4   4   2   4   1   1   3   2   0   1   6  1.09 0.58
  349 K   -3  4  1  1 -3 -2 -3 -5 -2 -4 -3  6 -3 -5 -4 -2  1 -6 -5 -4    3  17   7   7   1   1   2   1   1   1   3  43   1   0   1   3   8   0   0   1  1.01 0.54
  350 M    3 -6 -5 -6  0 -2 -4 -4 -6 -1  3 -6  7 -3 -6 -2 -1 -6 -6  0   24   0   1   0   2   2   1   1   0   3  21   0  29   1   0   3   4   0   0   6  1.10 0.59
  351 L    1 -7 -6 -7 -3 -6 -7 -5 -3  1  5 -6  3  2 -7 -5 -4 -1 -2 -2   10   0   1   0   0   0   0   1   1   7  58   0   7   6   0   1   1   1   2   3  1.23 0.61
  352 A    5 -6  3 -6  0 -3 -5 -1  0 -2 -1 -5  1 -2 -4 -1 -1 -7 -5 -3   50   0  13   0   2   1   1   5   2   3   8   0   3   2   1   3   3   0   0   2  0.95 0.57
  353 T    2 -6 -4 -7 -2 -5 -6 -3 -5  1  2 -6  7 -2 -6 -4  4 -6 -4  1   14   0   1   0   1   1   0   2   0   6  16   0  22   2   0   1  24   0   1   8  0.98 0.56
  354 A   -2 -6 -6 -7 -1 -6 -7 -6 -4  2  5 -5  6  2 -7 -4 -2  0 -2  1    3   0   0   0   1   0   0   1   0   8  46   1  15   7   0   2   3   1   1   9  1.11 0.55
  355 I   -3 -5 -1 -5 -3  3 -2 -5  0  0  4 -4  4 -1 -6 -2  0 -5  1 -1    2   0   3   0   1  11   2   1   2   6  41   1  10   2   0   3   5   0   5   5  0.73 0.43
  356 H    0 -6 -5 -6  0 -2 -6 -3  4 -1  4 -5  4  3 -5 -3 -1 -5  1 -2    7   0   0   0   2   2   0   2   8   4  41   1   8  10   1   2   4   0   5   2  0.80 0.45
  357 M   -1 -6 -5 -6  2 -6 -6 -1 -6 -3  2 -6  3  2 -6  1  5 -6 -5 -3    6   0   0   0   4   0   0   5   0   1  19   0   6   8   0  10  37   0   0   1  0.92 0.57
  358 M   -3 -6 -6 -9 -4  2 -7 -8 -2 -4  6 -8  5 -4 -7 -5 -5 -8 -7 -4    3   0   0   0   0   9   0   0   1   1  69   0  11   1   0   1   1   0   0   1  1.78 0.88
  359 Q   -4  5 -6 -7 -5  1 -6 -3 -3 -6 -8  2 -4 -3  6 -1 -2  0 -3 -7    1  30   0   0   0   7   0   2   1   0   0  11   0   1  34   5   3   1   1   0  1.33 0.76
  360 G   -5 -8 -7 -7 -10 -9 -9  8 -9 -11 -11 -9 -10 -10 -9 -7 -9 -10 -10 -10    1   0   0   0   0   0   0  97   0   0   0   0   0   0   0   0   0   0   0   0  3.18 1.35
  361 T   -2 -8 -3 -6 -5 -5 -8 -6 -6  2 -4 -7 -1 -8 -7  0  7 -9 -7  2    3   0   2   0   0   1   0   1   0  11   2   0   2   0   0   6  60   0   0  12  1.65 0.88
  362 P    2 -7 -7 -7 -3 -4 -5 -4 -8 -2  0 -7 -2 -5  7 -2 -3 -7 -5  0   14   0   0   0   1   1   1   2   0   2   9   0   1   1  53   4   2   0   0   7  1.50 0.83
  363 Y   -7 -8 -6 -9  3 -6 -9 -8 -7  2 -2 -8 -2  7 -9 -5  1 -4  5  3    0   0   0   0   6   0   0   0   0   9   3   0   1  38   0   1   7   0  17  16  1.54 0.74
  364 I   -6 -8 -5 -8 -1 -8 -8 -9 -8  6  3 -8  1 -4 -8 -5  3 -5 -5  3    0   0   1   0   1   0   0   0   0  36  22   0   3   0   0   1  18   0   0  16  1.35 0.67
  365 Y   -10 -10 -8 -11 -11 -10 -10 -11 -3 -9 -5 -10 -9  1 -11 -10 -10 -4 10 -9    0   0   0   0   0   0   0   0   0   0   2   0   0   5   0   0   0   0  93   0  4.03 1.64
  366 Q   -5 -7  2 -8 -7  8 -4 -9 -6 -10 -9 -7  1 -3 -9 -8 -8 -7  7 -9    1   0  10   0   0  56   1   0   0   0   0   0   3   1   0   0   0   0  28   0  2.51 1.22
  367 G   -6 -10 -8 -9 -6 -9 -8  8 -10 -11 -11 -9 -10 -11 -10 -8 -9 -10 -11 -11    0   0   0   0   0   0   0  99   0   0   0   0   0   0   0   0   0   0   0   0  3.28 1.38
  368 E   -7 -7 -7  4 -11  5  7 -6 -7 -10 -10 -6 -7 -10 -8 -5 -7 -10 -9 -10    0   0   0  20   0  20  58   1   0   0   0   0   0   0   0   1   0   0   0   0  2.20 1.09
  369 E   -8 -8 -8 -6 -11 -6  8 -10 -8 -11 -8 -7 -10 -11 -8 -8 -7 -11 -10 -10    0   0   0   0   0   0  99   0   0   0   0   0   0   0   0   0   0   0   0   0  3.38 1.49
  370 L   -7 -6 -10 -10 -5 -8 -7 -8 -9  7  4 -9 -3 -2 -9 -8 -7 -9 -5 -3    0   1   0   0   0   0   0   0   0  56  39   0   0   2   0   0   0   0   1   1  2.12 0.93
  371 G   -1 -8 -6 -7 -7 -9 -9  8 -9 -11 -7 -9 -10 -10 -8 -7 -9 -10 -10 -7    5   0   0   0   0   0   0  93   0   0   1   0   0   0   0   0   0   0   0   0  2.89 1.24
  372 M   -4 -8 -10 -11 -4 -2 -8 -8 -9 -3  3 -9 10 -5 -10 -8 -5 -9 -9 -4    1   0   0   0   0   3   0   0   0   2  21   0  70   0   0   0   1   0   0   1  3.08 1.30
  373 T   -2  0 -4 -2 -4 -1  2 -3  0  0 -2  0 -3 -6  2 -1  4 -7 -5  0    3   6   1   2   0   2  14   2   2   6   5   5   1   0  10   4  29   0   0   7  0.48 0.38
  374 N   -6 -6  7  5 -9  0  1 -3 -2 -9 -9 -6 -9 -9 -8 -3 -4 -10 -9 -8    1   0  49  31   0   4   8   2   1   0   0   0   0   0   0   2   1   0   0   0  1.99 0.95
  375 P    2 -2 -1 -4  0 -3 -3  1 -2  0 -1 -2 -2  0  3 -1  1 -4  1  2   14   2   3   0   2   1   2  10   1   5   6   2   1   3  13   3   8   0   6  17  0.25 0.22
  376 K   -1  2  1  2 -4  0  2 -3  2 -3 -4  1 -2 -4  2 -1  0  2  0 -1    4  11   6  11   0   4  11   2   5   2   2   8   1   0  12   3   7   3   4   4  0.28 0.23
  377 F   -3 -3 -2  1 -4 -5 -2 -4 -3  3  1 -3  0  5 -2 -2 -2  0  2  2    2   1   2   7   0   0   3   2   0  16  13   1   2  21   2   3   2   1   7  13  0.52 0.31
  378 T    0 -2 -1  1 -4 -1  0 -3 -1  1 -1  0 -1 -2  3  0  2  6 -2 -1    6   3   3   7   0   3   6   2   2   7   5   6   1   1  12   7  11  11   1   4  0.29 0.21
  379 D   -3  2  0  2 -3 -2 -1 -1 -2 -5 -5  1 -5 -4  4  4  0 -5 -4 -5    2  11   4   9   1   1   3   5   1   0   1   7   0   1  19  27   7   0   1   1  0.64 0.42
  380 I   -1 -2 -3 -2 -2 -3 -2 -4 -3  4  1 -2  0  2  0 -3 -3  6  2  0    5   2   1   3   1   1   3   1   1  27  11   2   3   9   5   2   1  10   8   5  0.58 0.30
  381 S    0 -3  1  4 -5 -1  5 -2 -2 -6 -7 -2 -6 -7 -4  1 -2 -7 -6 -5    7   2   5  21   0   3  39   3   1   1   0   3   0   0   1  10   3   0   0   1  1.01 0.57
  382 S   -1  0 -2  5 -6  4  4 -5 -2 -6 -4  0 -2 -5 -4 -2 -4 -3 -4 -3    5   5   2  28   0  16  26   1   1   0   2   5   1   1   1   3   1   0   1   2  0.95 0.55
  383 Y   -2 -2 -4 -4 -3 -4 -4 -3 -1  1  2 -5  1  3 -5 -2  2  1  5  0    3   3   1   1   1   1   1   2   1   8  16   1   3  12   1   3  15   2  22   6  0.64 0.37
  384 R   -4  4  1  1 -4  4 -1 -5 -2 -2 -3  3 -4 -5 -4 -4 -3 -6 -4  1    1  23   6   8   0  19   3   1   1   2   3  17   0   0   1   1   2   0   0  10  0.76 0.46
  385 D   -6 -6 -5  9 -5 -6 -3 -7 -6 -7 -7 -7 -8 -8 -2 -6 -5 -6 -8 -7    1   1   0  90   0   0   1   0   0   0   1   0   0   0   2   1   1   0   0   1  2.99 1.23
  386 V   -3 -4 -4 -5 -2 -2 -4 -6 -6  4 -1 -4 -5 -5  6 -5 -2 -7 -4  3    2   1   1   1   1   2   1   1   0  17   6   1   0   0  41   1   2   0   1  20  1.30 0.66
  387 E    1 -2 -1  0 -3  3  4 -3 -2 -2 -2 -2 -1  0 -2  0 -2  2  1 -1   12   2   3   5   0  12  26   2   1   2   3   2   1   5   3   6   2   3   4   5  0.37 0.28
  388 S    3 -4 -3 -2  0 -4 -3  4 -3 -2 -4 -4 -3 -4 -3  2  3 -4 -4 -2   22   1   1   2   2   1   2  25   1   3   2   1   1   1   2  15  17   0   1   4  0.63 0.39
  389 L   -3  2 -3 -3  4  1 -3 -4  1  3  2  2 -1  0 -2 -3 -2 -3 -2  0    2  10   1   2   9   6   1   1   4  18  19  12   1   3   2   1   2   0   1   5  0.42 0.25
  390 N   -1  2  6 -1 -5  0 -2 -1  0 -2 -2 -1 -1 -2 -4 -2 -1 -1 -1 -4    6  11  41   4   0   4   3   5   2   2   4   4   2   2   1   3   4   1   2   1  0.80 0.42
  391 M    1 -1  0 -2 -1  0 -1 -1  1 -1  0 -1  1  3 -3 -1  0  1  3 -1   10   3   5   3   1   5   3   4   4   3   9   3   3  15   1   4   6   2  12   5  0.19 0.14
  392 Y   -3 -2 -1 -1 -1 -3 -3  1 -1 -1 -2 -4 -3  1 -1 -2 -3  7  7 -2    3   2   3   4   1   1   2  11   1   4   4   1   1   6   3   3   2  16  30   3  0.99 0.45
  393 H   -1  2  1  0 -3  1  1 -2  1 -3 -3  2 -3 -3  4 -1 -1 -1 -2 -4    6  10   6   6   1   7   8   3   3   2   2  12   1   1  20   3   4   1   2   1  0.40 0.25
  394 A    0  0 -1  1 -2  1  2 -1 -1  0  0  0  0  0 -1 -1  0 -1 -1 -1   10   5   3   7   1   5  18   4   2   6   9   6   2   4   3   4   5   1   2   5  0.09 0.08
  395 F    1  0 -1 -1 -1 -1  0  0  1  0  1 -1  1  1 -1 -1 -1  2  1  0   13   5   2   2   1   3   5   8   3   5  14   3   4   8   3   4   3   3   5   7  0.04 0.05
  396 K   -1  1  0 -1 -1  0  0 -1  0  0  1  1  0 -1  0 -1  0 -1 -1  0    5   9   4   3   1   4   6   4   2   6  15  12   2   3   4   3   5   1   2   8  0.05 0.04
  397 E    1  0  0  1 -2  1  3 -1  0 -1 -1  1 -2 -2 -1  0 -1 -2 -2 -2   10   6   4   8   1   7  18   4   2   3   6   8   1   2   3   7   4   1   2   3  0.15 0.09
  398 K    1  1  0  0 -2  1  1 -1  0 -2 -1  2  0 -1  0  0  0 -2 -1 -2   10   7   4   4   1   7   9   5   2   3   6  14   2   2   4   8   6   1   2   3  0.10 0.07
  399 G   -1 -1 -1 -1 -1 -1 -1  5  1 -2 -1  0 -1 -2 -1 -1 -1 -1  0 -2    4   4   3   3   1   2   3  39   3   3   5   5   1   2   3   4   5   1   3   4  0.44 0.17
  400 M    0  0  0  0 -1  0  0  0  1  0  0  0  0  0  0  0  0 -1  1  0    7   5   3   5   1   3   6   7   4   7   8   8   4   5   5   4   4   1   6   6  0.01 0.01
  401 A    0 -1  0  2 -1  0  0  0 -1 -1 -1  0 -1 -1  1  2  1 -1 -2 -1    6   4   5  14   2   3   5   7   2   3   5   4   2   3   7  16   8   1   2   4  0.12 0.08
  402 D    0 -1  0  2 -1  0  2 -1  2 -1 -1  0  0 -2  2 -1 -1 -2 -1 -1    6   4   4  11   1   3  15   4   5   4   6   7   3   2  10   4   4   1   2   5  0.14 0.07
  403 Q    0 -1  0  2 -1  1  3 -1 -1 -2 -2  1 -1 -1  0  0 -1  0 -1 -1    9   3   4  10   1   7  19   4   2   3   5   8   1   2   4   6   4   1   2   4  0.18 0.10
  404 D    0  0  0  1 -2  1  3 -1 -1 -2 -1  1 -1 -1 -1 -1  0 -1  0 -1    8   4   3   8   1   5  22   4   1   3   6   7   2   3   4   5   5   1   3   4  0.16 0.09
  405 I    1  0  0 -1  0 -1 -1 -1 -3  1  0 -1  1  2 -1 -1 -1  2  0  1   16   6   4   4   2   2   3   3   0   9   8   3   4   8   3   3   4   3   3  11  0.08 0.11
  406 T   -2  0 -1 -1  1 -1 -1 -3  0 -1  2 -1  4  0  0 -1  0  2 -1 -1    2   5   3   4   3   2   5   2   2   3  23   4  13   4   5   5   5   3   2   4  0.21 0.22
  407 A    1  1  1  1 -4  1  2 -1  1 -2 -2  2 -1 -1 -1  0 -1  1 -1 -2   10   7   5   8   0   6  12   5   3   3   3  12   2   2   3   7   4   2   2   3  0.13 0.15
  408 I    0  0  0 -1 -1  0  0  0  0  1  0  0  0 -1 -1  0  0  1  0  1    8   7   5   4   1   3   5   7   2   9   8   6   2   3   3   6   5   2   3  10 -0.00 0.01
  409 L   -1 -3 -6 -4  0 -2 -4 -2 -2  3  2 -4  1  2 -2 -4 -1  0  4  2    6   2   0   1   2   2   2   4   1  16  17   1   3   7   2   2   3   1  14  11  0.48 0.30
  410 Q    0  2  3 -2 -1  3 -1 -2  2 -2 -1  1  0 -2 -1 -1 -3  2  1 -4    8  12  12   2   1  11   4   4   5   3   6   7   3   2   3   5   2   3   4   2  0.25 0.23
  411 A    1  1  1 -2 -1  1  1  0  1  0  0  1  1 -1 -2  0 -1  1  0 -2   10   8   6   3   1   7   8   6   3   5   8  10   3   3   2   7   4   2   3   2  0.08 0.09
  412 K   -1  2  0 -2 -1 -2 -2 -2  0 -1  0  3  2  1 -4 -1  0  0  1  0    5  12   4   3   1   1   2   3   2   4   9  19   5   6   1   4   6   1   4   6  0.26 0.21
  413 S    1 -5  0 -2  1 -8 -5  3 -1 -5 -6 -5  0 -5 -4  5  0 -9 -3 -3   12   1   5   2   3   0   1  19   2   1   1   1   2   1   1  38   6   0   1   3  0.92 0.60
  414 R   -5  9 -10 -11 -12 -9 -4 -5 -10 -2 -11 -2 -11 -11 -11 -4 -10 -11 -11 -11    2  87   0   0   0   0   2   1   0   3   0   3   0   0   0   2   0   0   0   0  3.16 1.47
  415 D   -9 -9 -3  8 -10 -4 -2 -6 -8 -2 -6 -5  0 -4 -4 -8 -3 -10 -9 -9    0   0   1  83   0   1   2   1   0   3   1   1   2   1   1   0   2   0   0   0  2.70 1.26
  416 N   -1 -3  5 -4 -1 -4 -4  0  5 -6 -4 -2 -2 -2  5 -3 -1 -3 -1 -3    5   2  27   1   1   1   1   8  12   1   2   2   1   2  23   2   3   0   2   2  0.98 0.61
  417 S    5 -5 -2 -6  4 -1  2 -1 -2 -7 -6 -6  0 -4 -4  2 -3 -8 -3 -1   38   1   2   0   9   3  13   5   1   0   1   0   2   1   1  16   1   0   1   4  0.91 0.60
  418 R   -8  9 -8 -8 -9 -1 -7 -3 -2 -9 -9 -3 -8 -9 -9 -8 -4 -9 -8 -9    0  88   0   0   0   3   0   3   1   0   0   2   0   0   0   0   2   0   0   0  3.07 1.30
  419 T   -1 -3 -4 -7 -3 -5 -7  1 -1 -2 -1 -5 -2 -5 -7  0  7 -8 -5 -1    5   2   1   0   1   1   0  11   2   2   6   1   1   1   0   7  56   0   1   4  1.30 0.73
  420 P   -3 -3 -5 -9 -10 -3 -8 -6 -9 -3 -6 -4 -2 -10  9 -5 -4 -1 -5 -5    3   2   1   0   0   1   0   1   0   2   1   1   1   0  82   1   1   1   1   1  2.74 1.28
  421 V   -8 -8 -5 -9 -8 -5 -4 -9 -4  0 -1 -8 10  4 -3 -8 -7 -8 -1 -1    0   0   1   0   0   1   2   0   1   4   6   0  63  13   2   0   0   0   3   5  2.62 1.12
  422 Q   -3  0 -5 -1 -5  8 -5 -8  1 -5 -5 -5 -3 -9  3 -4 -5 -3 -4 -6    2   5   0   4   0  61   0   0   3   1   2   1   1   0  15   1   1   1   1   1  1.97 1.01
  423 W   -3 -9 -10 -10 -9 -9 -9 -9 -9 -9 -5 -9 -8 -3 -10 -9 -9 13 -5 -9    3   0   0   0   0   0   0   0   0   0   2   0   0   1   0   0   0  93   0   0  5.13 1.82
  424 D   -3 -4  4  6 -4 -3 -1 -5 -2 -7 -6 -3 -7 -6 -3  3  1 -8 -7 -7    2   1  18  41   1   1   3   1   1   0   1   1   0   0   2  18  10   0   0   0  1.27 0.66
  425 A    3 -3  3  4  1 -2 -2  0 -2 -4 -6 -2 -4 -6 -2  2 -1 -7 -3 -5   24   1  11  24   3   2   3   6   1   1   0   2   0   0   2  14   3   0   1   0  0.68 0.44
  426 T    0 -3 -1  0 -4  0  2  2 -2 -5 -5 -1 -5 -6 -1  4  2 -6 -6 -2    6   1   2   5   0   4  13  14   1   0   1   3   0   0   3  29  13   0   0   3  0.54 0.41
  427 E    0 -1 -2  0 -6  1  1 -4 -1 -2 -2  2 -2 -5  5 -2  0 -6 -4 -1    9   4   2   5   0   5  10   1   2   2   4  14   1   0  27   3   6   0   1   4  0.54 0.37
  428 N   -4 -4  7 -3 -2  0 -4  0  5 -5 -6 -3 -3  1 -2 -1 -4 -1  3 -7    1   1  44   1   1   4   1   8  11   1   1   1   1   6   3   5   1   1   9   0  1.22 0.65
  429 G    6 -3 -3 -5 -3 -5 -4  3 -1 -6 -4 -5 -4  0 -5 -1 -4 -6 -1 -4   56   2   1   1   1   0   1  22   2   0   2   1   0   4   1   3   1   0   2   1  1.21 0.64
  430 G   -5 -5 -4 -2 -8 -7 -5  8 -7 -8 -8 -7 -8 -4 -7 -5 -7 -7 -8 -8    1   1   1   2   0   0   1  91   0   0   0   0   0   1   0   1   0   0   0   0  2.64 1.06
  431 F   -7 -8 -8 -8 -8 -8 -8 -8 -7 -6 -6 -8 -6 10 -8 -4 -5  1 -2 -7    0   0   0   0   0   0   0   0   0   0   0   0   0  92   0   1   1   2   1   0  3.43 1.23
  432 T   -3 -6 -2 -5  1 -5 -5 -2 -6 -5 -6 -4 -4 -5 -4  6  5 -7 -6 -5    2   0   2   1   3   0   1   4   0   1   0   1   0   0   1  47  36   0   0   1  1.51 0.78
  433 T   -1 -2  1  2 -3 -1  0 -2 -2 -4 -3  1 -4 -4 -1  2  4 -6 -5 -2    4   2   7  10   0   3   7   2   1   1   2   8   0   1   3  16  30   0   0   3  0.52 0.38
  434 G    3 -3  1 -3 -3 -3 -2  5  1 -4 -5 -2 -4 -6 -3  1 -1 -4 -4  1   21   1   6   1   0   1   2  35   3   1   1   2   0   0   1  10   3   0   1  10  0.67 0.41
  435 T   -1  1 -1  0 -5  0  3 -3 -3 -4 -5  4 -3 -6 -2  0  3 -6 -5 -2    6   5   2   5   0   4  17   2   1   1   1  28   1   0   2   5  18   0   0   3  0.62 0.41
  436 P   -3 -7 -4 -6 -4 -6 -5 -6 -4 -6 -6 -5 -7 -5  8 -1  3 -3 -7 -7    3   0   1   0   0   0   1   1   1   0   1   1   0   1  67   5  18   1   0   0  2.19 0.98
  437 W   -8 -8 -8 -9 -3 -5 -6 -8 -4 -6 -5 -6 -7 -5 -8 -7 -8 13 -2 -6    0   0   0   0   1   1   1   0   1   1   2   1   0   0   0   1   0  90   1   1  4.76 1.62
  438 I   -4 -5 -3 -7 -5 -3 -6 -7 -5  3  5 -5  5 -1 -4 -3 -4 -6 -4 -3    1   1   1   0   0   1   0   0   0  16  57   1  13   2   1   2   1   0   0   1  1.30 0.62
  439 P   -3  3 -3 -2 -5 -3 -2 -1 -1 -6 -5  2 -3 -5  7 -3 -3 -1 -4 -4    3  13   1   2   0   1   2   6   2   0   1  11   1   0  49   2   2   1   0   2  1.27 0.65
  440 V   -1 -4 -5 -5 -3 -1 -4 -3 -3  2  1 -4  3 -1 -2 -3 -2  0 -1  5    5   1   0   1   1   3   1   2   1  11  12   1   8   3   2   1   2   1   2  42  0.76 0.42
  441 A    0 -4  6 -1 -5 -3 -3  0  4 -5 -5 -2 -2 -4  3  0 -3 -3 -3 -5    8   0  39   3   0   1   2   8  10   0   1   2   1   1  12   6   2   0   1   1  0.97 0.54
  442 G   -1 -2 -1  4 -6  0  1 -2 -1 -4 -4  0 -4 -6  5  0 -1 -6 -4 -3    6   2   3  19   0   5   9   3   1   1   2   5   0   0  31   7   3   0   1   2  0.74 0.45
  443 N   -1 -1  6  4 -3 -2  1 -1 -2 -5 -5 -2 -4 -5 -3  0 -2 -1 -3 -4    4   4  34  24   1   1   7   4   1   1   1   3   0   0   2   6   3   1   1   1  0.91 0.50
  444 Y   -1 -3 -3 -3 -4 -3 -2 -4  4 -5 -4 -2 -5  2 -3 -1 -1  5  8 -3    5   2   1   1   0   2   3   2   9   0   2   2   0   7   2   5   3   6  45   2  1.35 0.65
  445 R    1  1  0  0 -4  1  1 -1  1 -2 -1  3 -3 -3  1 -1  0  1 -2 -1   10   9   4   4   0   7   7   4   3   2   5  19   0   1   7   4   6   2   1   4  0.19 0.18
  446 E    0  0 -1  1 -4  1  3 -1  2 -1 -2  0  0 -4 -2  0  3 -1 -2 -2    6   5   2   9   0   6  20   4   4   3   4   4   2   1   2   6  16   1   1   3  0.26 0.24
  447 I   -4  1 -2 -3  2 -2 -4 -5  0  4  1 -2 -1  0 -4 -3 -1  3  1  2    1   8   2   1   4   2   1   0   2  27  15   2   1   3   1   1   3   4   4  15  0.53 0.31
  448 N    0 -6  8 -2  0 -6 -6 -5 -2 -8 -7 -5 -7 -8 -5  0  0 -8 -7 -7    7   0  70   2   2   0   0   1   1   0   1   1   0   0   1   7   6   0   0   0  2.18 0.99
  449 A    3 -5 -8 -6 -6 -5 -5 -6 -5 -2 -1 -7 -2 -4 -8 -6 -4 -2 -3  7   20   1   0   0   0   1   1   1   0   2   7   0   1   1   0   0   1   1   1  64  1.64 0.81
  450 E    4 -2 -3  1 -6  1  5 -4 -1 -5 -3  2 -4 -6 -6 -1 -2 -7 -6 -4   30   2   1   8   0   5  30   1   1   0   3  10   0   0   0   4   2   0   0   1  0.82 0.53
  451 A    2  1  1  2 -2  1  0 -3 -1 -3 -1  1 -2 -4 -4  1  1 -4 -3  0   21   8   6  11   1   6   6   1   1   1   6   7   1   0   0  11   7   0   1   7  0.24 0.24
  452 A   -1 -5 -3 -1 -6  8  3 -7 -6 -8 -5 -5 -3 -9 -4 -3 -7 -8 -7 -7    5   0   1   3   0  69  15   0   0   0   1   0   1   0   1   2   0   0   0   0  2.26 1.11
  453 L   -2  1 -2 -1 -2  2  3 -4 -3  1  2  2  2 -4 -5 -1 -1 -3 -3 -1    3   9   2   3   1   9  18   1   0   7  20  11   5   0   0   4   4   0   0   4  0.32 0.27
  454 R    2  0  1  1 -3  1  1  0  1 -4 -3  2 -3 -5 -3  0  0 -6 -2 -3   19   5   8   7   1   5  10   8   3   1   2  14   1   0   1   8   5   0   1   1  0.31 0.26
  455 D    0 -1  2  7 -4 -1  0 -6 -2 -4 -6 -3 -4 -7 -5  0 -4 -4 -5 -4    7   3   7  58   0   3   5   0   1   1   1   2   1   0   0   6   1   0   0   2  1.44 0.73
  456 Q    0 -2 -2 -1 -5  0  2 -4 -2 -4 -5  1 -6 -6  6  0 -2 -8 -4 -3    7   3   2   4   0   5  11   2   1   1   1   8   0   0  43   6   3   0   1   2  1.02 0.60
  457 N   -1  1  4  4 -3  0  0  1  2 -5 -4  0 -3 -3 -4 -1  0 -3 -2 -3    4   7  16  24   0   3   6  10   5   0   2   6   1   1   0   5   7   0   1   2  0.48 0.34
  458 S   -4 -5 -5 -7 -5 -7 -5 -3 -7 -9 -9 -7 -8 -9 -6  8 -2 -9 -8 -8    1   1   0   0   0   0   0   2   0   0   0   0   0   0   0  92   2   0   0   0  2.64 1.26
  459 V   -4 -6 -4 -6 -3 -5 -6 -7  5  4  1 -6  3 -1 -2 -4  1 -2 -3  4    1   0   1   0   1   0   0   0  13  23  12   0   7   2   2   1   7   1   1  26  0.93 0.51
  460 F   -7 -6 -7 -9 -5 -6 -8 -9 -3 -3  6 -8 -2  4 -9 -8 -5  5  4 -4    0   0   0   0   0   0   0   0   1   1  60   0   1  14   0   0   1   8  13   1  1.73 0.81
  461 Y    0 -1  5 -4 -2  0 -1 -4  5 -7 -5  1 -4 -5 -6  2  0 -1  1 -5    9   3  25   0   1   4   4   1  15   0   1  10   0   0   0  16   5   1   4   0  0.78 0.50
  462 H   -4 -4 -3 -4 -2 -5 -6 -6  3  0  2 -5  0  6 -7 -5 -1  2  5  0    2   1   1   1   1   0   0   0   6   4  17   1   2  32   0   1   4   3  16   8  1.02 0.53
  463 Y   -4 -8 -7 -9 -3 -8 -9 -9 -2 -6 -5 -8 -5  3 -9 -6 -1  6  9 -2    1   0   0   0   1   0   0   0   1   0   1   0   0  11   0   1   4  10  66   3  2.67 1.16
  464 Q   -4  6 -5 -6 -6  4 -5 -6 -3 -7 -7  5 -4 -9 -7 -4 -5 -8 -7 -6    2  44   0   0   0  15   0   0   1   0   0  34   0   0   0   1   1   0   0   1  1.83 0.90
  465 K    1  4  0  0 -4  2  1 -3 -1 -5 -5  4 -3 -4 -5  1  0 -4 -3 -5   11  21   4   4   0  10   8   2   2   0   1  22   0   1   0   8   5   0   1   0  0.60 0.42
  466 L    0 -5 -8 -8 -2 -7 -8 -4 -4  0  6 -6  5  0 -8 -5 -5 -7 -5  0    9   0   0   0   1   0   0   2   0   5  61   0  12   3   0   1   0   0   0   5  1.38 0.69
  467 I   -1 -5 -6 -8 -5 -5 -7 -7 -7  6  4 -6  0 -2 -7 -3 -1 -4 -6  1    6   1   0   0   0   1   0   0   0  38  36   0   2   1   0   3   3   0   0   8  1.20 0.60
  468 Q    3  3  0 -1 -6  2  1 -2  2 -5 -4  3 -3 -5 -5  0 -1  0 -4 -4   25  13   4   2   0   9   9   3   4   0   1  16   1   0   0   6   4   1   0   1  0.50 0.38
  469 I   -3 -5 -6 -7 -4 -4 -6 -7 -5  1  6 -5  1  2 -8 -6 -3  3 -3  0    2   1   0   0   0   1   0   0   0   8  63   1   3   8   0   1   2   3   1   5  1.33 0.66
  470 R   -7  9 -6 -7 -9 -5 -6 -8 -2 -8 -6  1 -5 -8 -8 -6 -7 -8 -5 -8    0  88   0   0   0   0   0   0   1   0   1   7   0   0   0   0   0   0   1   0  2.94 1.22
  471 K   -2  4 -1 -5 -7  1 -3 -5  1 -6 -6  6 -5 -7 -5 -2 -4 -7 -5 -6    3  22   3   0   0   6   1   1   4   1   1  52   0   0   0   3   1   0   0   0  1.48 0.74
  472 M    1  1  1  0 -2  3  3 -2 -1 -4 -4  1 -3 -5 -4  1  1 -4 -3 -3   10   7   6   5   1  14  22   3   1   1   1   7   0   0   0   9   9   0   1   1  0.43 0.34
  473 Y   -3  0  3 -1 -4  1  1 -4  6 -3 -1 -1 -2 -1 -3  1  0 -1  2 -3    2   5  14   3   0   5   9   1  18   2   8   3   1   3   1  11   6   1   7   2  0.45 0.31
  474 D    0  0 -2  3 -6 -1  2 -4 -3 -5 -3  0 -4 -5  6  0 -2 -6 -4 -4    6   4   2  14   0   3  13   1   1   0   3   6   0   0  34   7   2   0   1   1  0.81 0.50
  475 I    3 -4 -4 -2  2 -2 -2 -2 -3  1  1 -4 -2 -2 -3  0  1 -4 -3  3   27   0   0   2   4   1   3   2   1   9  11   0   1   2   1   6  10   0   1  20  0.43 0.32
  476 V   -4 -5 -6 -6 -3 -5 -7 -7 -5  2  5 -6  1  5 -4 -7 -4 -1 -3 -1    1   1   0   0   1   0   0   0   0  11  50   0   3  24   1   0   1   1   1   4  1.33 0.64
  477 T    0  2 -2 -3 -2  1 -2 -2  1  2 -1  0  0 -3 -4  0  2 -5 -2  2    7  12   1   1   1   8   2   2   3  11   6   6   2   0   0   7  11   0   1  17  0.24 0.23
  478 E   -1  0  0  1 -2  0  1 -2  3 -3 -2  0 -1  1 -3  0 -1  0  6 -3    4   5   5   7   1   4  10   3   6   1   3   6   1   4   1   6   4   1  24   2  0.41 0.31
  479 G   -2 -5 -4 -5 -5 -8 -5  8 -8 -9 -6 -6 -2 -9 -6 -4 -4 -9 -9 -9    3   1   1   1   0   0   1  88   0   0   1   0   1   0   1   2   1   0   0   0  2.47 1.08
  480 T    0  0  1  4 -4 -1  1 -1 -1 -4 -4  0 -2 -5 -1  2  2 -2 -4 -3    6   4   7  24   0   2  10   4   2   1   1   6   1   0   2  15  10   1   1   2  0.45 0.34
  481 Y   -3 -6 -5 -6 -1 -3 -4 -6 -2  2  2 -6  1  6 -5 -5 -1  3  6 -1    2   0   0   0   1   2   1   1   1  10  16   0   4  28   0   1   4   3  22   5  1.07 0.55
  482 E   -1  2 -1  1 -2  1  4 -3  1 -1 -4  2 -3 -4 -5 -1  1 -4 -3 -1    5  11   2   6   1   7  25   2   4   3   2  11   1   1   0   5  11   0   1   4  0.43 0.33
  483 I   -1 -2 -3 -1 -2 -2 -1 -4 -3  1  2 -4  2  3  1  0  0  4 -1  1    4   2   1   3   1   1   5   1   0   8  19   0   4  13   8   6   6   6   2   8  0.28 0.22
  484 I   -2 -2 -5 -5 -2 -3 -2 -5 -1  3  4 -2  0  0 -3 -4 -2  2  1  2    2   2   0   1   1   1   3   1   2  14  37   3   2   4   1   1   2   3   4  15  0.59 0.35
  485 A    1 -2  0  3 -1 -1  1 -2  0 -1  0 -1 -1 -1  0  0  0 -3  1 -1   12   2   4  19   1   2   9   3   3   3   9   4   1   2   5   6   4   0   5   5  0.15 0.15
  486 K    0 -1 -1 -1 -2  0  1 -1  0  0  0 -1 -1 -1  2  0  1 -2 -1  1    9   2   2   3   1   3   9   4   2   6  12   4   1   2  12   7   9   1   2   9  0.09 0.10
  487 D    0 -1  1  3 -1 -1  2  0 -2 -2 -1  0 -3 -3  0  1  0 -4 -2 -1    8   3   7  16   1   3  15   8   1   2   6   4   0   1   5  10   5   0   1   5  0.20 0.18
  488 D   -2 -2  4  4 -3 -2  0  1  4 -5 -5 -2 -4 -5  1  1 -2 -4 -3 -5    4   2  17  24   1   1   5  10  11   0   1   2   0   0   8   9   3   0   1   1  0.67 0.42
  489 P   -1 -1  0  2 -3  0  3  0 -3 -4 -4  1 -4 -5  4  0 -1 -2 -3 -4    6   4   4  10   1   4  22   7   1   1   2   9   0   0  19   6   4   1   1   1  0.48 0.34
  490 N   -1  0  3  3 -4  2  1  1  2 -4 -4  0 -3 -3 -2  0  0  0 -1 -4    5   5  15  18   0  10   8   9   4   1   2   4   1   1   2   5   5   1   2   1  0.39 0.28
  491 I   -3 -5 -6 -8  1 -6 -7 -8 -3  4  2 -7 -1 -3 -7 -5 -2 -7 -2  6    2   1   0   0   3   0   0   0   1  21  18   0   1   1   0   1   3   0   2  47  1.32 0.64
  492 F   -6 -7 -8 -8 -3 -7 -8 -7 -6  2  4 -7  1  6 -8 -6 -5  3  4 -1    0   0   0   0   1   0   0   1   0   9  34   0   3  31   0   0   1   4  12   5  1.40 0.67
  493 A    5 -4 -5 -5  2 -2 -4  0 -3  0 -3 -5  0 -5 -6  1  0 -5 -3  2   44   1   0   1   4   2   1   7   1   5   3   0   2   0   0   9   5   0   1  15  0.78 0.50
  494 Y   -6 -7 -7 -9 -4 -8 -8 -8 -6  0 -2 -8 -3  6 -9 -8 -8  2  8 -2    1   0   0   0   1   0   0   0   0   6   4   0   1  31   0   0   0   2  51   3  2.36 1.03
  495 L   -2  3 -3 -2 -3  1  1 -5 -2  1  0  1 -1 -2 -5  0  3 -1 -2  1    3  15   1   1   0   5  11   0   1   7   9  10   2   1   0   6  17   1   2   8  0.29 0.27
  496 R   -7  9 -5 -7 -9 -6 -6 -8 -3 -6 -7  0 -4 -9 -8 -6 -6 -9 -8 -8    0  90   0   0   0   0   0   0   1   1   0   5   1   0   0   1   0   0   0   0  3.05 1.29
  497 H   -1  1  0 -1 -1  1  2 -1  1  0 -2  1 -2 -1 -3  1  2  1  0 -1    4   9   3   3   1   6  13   5   3   5   2   7   1   2   1  12  13   2   3   4  0.17 0.18
  498 G    0 -2 -1  1 -1 -2 -2  0  2 -1  2 -2 -1  1 -2  0  0  1  3 -2    7   2   3   9   1   1   2   7   5   2  22   3   2   5   2   8   7   2   9   1  0.15 0.17
  499 S   -1 -1  1  3 -3  1  3  3 -1 -5 -5  1 -4 -5 -1 -1 -3 -6 -5 -4    5   3   7  15   1   6  19  24   1   1   1   8   0   1   4   3   2   0   0   1  0.55 0.36
  500 N   -2 -1  3  4 -3 -1  0  3  1 -5 -5  0 -3 -4 -3  1  0 -4 -4 -4    3   3  13  20   1   2   7  23   4   0   1   6   1   1   1   8   5   0   0   1  0.54 0.35
  501 E   -2  0  0  2 -3  3  4  0  1 -5 -5  1 -4 -5  0  0 -1 -6 -4 -4    4   5   4  11   1  12  25   6   3   1   1  10   0   0   5   6   5   0   0   1  0.49 0.36
  502 K   -1  2 -1 -1  0  1  1 -1  0 -2 -4  2 -2 -4 -2  2  3 -5 -3 -2    5  12   2   4   2   6   9   4   2   3   1  13   1   0   2  13  16   0   1   3  0.29 0.26
  503 L    1 -3 -6 -6 -1 -6 -6 -5 -3  2  3 -5  0  3 -6 -4 -2  2  4  2   11   2   0   0   1   0   0   1   1  11  24   1   2  11   0   1   2   2  14  16  0.69 0.41
  504 L   -1 -2 -5 -5 -2 -3 -4 -5 -3  2  4 -5  0  0 -7 -4 -1  1  1  3    5   3   0   1   1   1   1   1   1  12  40   0   2   4   0   1   5   2   5  16  0.71 0.42
  505 V   -2 -8 -8 -8  5 -8 -8 -7 -8  4 -1 -8 -1 -1 -8 -4  0 -8 -4  6    4   0   0   0  10   0   0   0   0  19   5   0   1   2   0   1   6   0   0  51  1.49 0.73
  506 I    2 -6 -7 -7  0 -6 -3 -6 -4  3  2 -6  1 -1 -7 -5 -2 -1  0  5   16   0   0   0   2   0   2   0   0  15  20   0   3   3   0   1   2   1   3  33  0.88 0.50
  507 N    1 -6 -3 -7  5 -6 -6 -4 -4  3  3 -6  2  3 -6 -3 -1 -6 -3  2   12   0   1   0  10   0   0   1   1  13  26   0   5  11   0   2   3   0   1  15  0.72 0.42
  508 N   -8 -8  9 -3 -4 -5 -7 -7 -1 -10 -10 -7 -9 -10 -9 -3 -6 -11 -6 -8    0   0  93   1   0   0   0   0   1   0   0   0   0   0   0   2   0   0   0   0  3.38 1.44
  509 F   -4 -7 -6 -9 -3 -8 -8 -8 -4 -1  3 -6  2  8 -5 -6 -2  1 -1  0    1   0   0   0   1   0   0   0   0   3  27   0   5  48   1   0   3   2   2   6  1.62 0.76
  510 Y   -1 -2 -1 -2 -3 -4 -4  4 -4 -7 -6 -3 -5 -3 -6  5  2 -7 -3 -5    5   2   2   2   1   0   1  26   0   0   1   2   0   2   0  42  11   0   1   1  1.04 0.64
  511 G    0 -1  2  4 -3 -1  2  1 -2 -5 -5  0 -5 -5  0  1 -1 -6 -4 -4    9   3  11  23   1   2  11  12   1   0   1   6   0   1   4  11   4   0   1   1  0.49 0.35
  512 T   -1  2  1  1 -3  2  3 -2  1 -4 -4  2 -3 -4 -5  0  1 -2 -2 -3    5   9   6   7   1   8  22   3   3   1   2  14   1   1   0   6   9   1   2   1  0.42 0.32
  513 E    0 -1 -1  1 -4  0  3 -3 -1 -2 -3  0 -3 -4  4  0  1 -6 -2 -3    9   3   3   7   0   4  21   2   1   2   2   6   1   1  19   6   9   0   2   2  0.46 0.35
  514 A    1  0 -3 -2 -1  3  1 -4 -1  1 -1 -1 -2 -4 -3 -1  1 -3 -3  3   12   5   1   2   1  16   8   1   2   7   5   4   1   0   1   4   7   0   1  21  0.33 0.28
  515 A    0  1  0 -1 -3  0  1 -3  0 -1 -2  1 -3 -3  1  1  3 -3 -2  0    8   7   4   3   0   5  10   2   2   3   3   7   0   1   8   9  20   0   1   6  0.23 0.22
  516 F   -2 -4 -4 -5 -2 -4 -4 -4 -2  2  2 -5 -2  3 -5 -4 -3  5  2  4    4   1   1   1   1   1   1   1   1  12  17   1   1  13   1   1   2   8   7  26  0.74 0.39
  517 T   -1 -1  2  3 -3 -1  2 -3  0 -3 -4  0 -3 -5  2  1  1 -4 -3 -1    4   3  11  19   1   2  12   2   2   2   2   5   1   0  11   8  10   0   1   4  0.38 0.28
  518 L   -2 -3 -2 -3  0 -2 -4 -2 -3  2  4 -3  1  1 -1 -2 -2 -1 -1  1    4   2   2   1   2   2   1   3   1  11  42   1   3   5   3   3   2   1   2  10  0.50 0.28
  519 P   -1 -2 -1  0 -4  0 -2 -3 -2 -2 -2 -2 -3 -2  6  1  0 -4 -2 -1    6   2   3   6   0   3   3   2   1   2   5   3   1   2  37  10   7   0   2   4  0.66 0.36
  520 D    1  0  0  2 -3  1  2  1 -1 -2 -2  0 -1 -2  0  0 -1 -2 -1 -2   11   5   4  11   1   6  15   9   2   3   4   7   1   2   4   7   4   0   2   2  0.14 0.11
  521 S   -1 -1  1  1 -2  0  1  1  1 -1 -1  0 -1 -1  1  0  0 -1 -1 -1    5   3   6  10   1   4  10  10   4   4   8   4   1   3   6   9   4   1   3   5  0.06 0.06
  522 L    0  0 -1 -1 -1 -1 -1 -1 -1  1  1  0  0  1  0 -1  0  0  1  1    7   5   2   4   1   3   4   4   1   8  16   5   3   7   4   4   5   1   5  10  0.02 0.03
  523 A    0  0  0  0 -2  0  0  0  1 -1  0  0 -1 -1  1  0  0  0 -1 -1    9   6   6   5   1   5   6   5   4   3   9   7   1   3   6   8   7   2   2   5  0.04 0.04
  524 P    0 -1  0  0 -1 -1  0  0 -1  0  0  0 -1  0  2  0  0 -1 -1  0    6   3   6   6   1   3   5   8   1   8  10   4   1   4  10   7   5   1   2   7  0.05 0.04
  525 D    0  0  0  1 -1  0  1  0  0 -1  0  0 -1 -1  0  0  0 -1 -1  0    7   5   5  11   1   4   9   7   2   5   9   7   2   3   3   9   5   1   2   6  0.04 0.03
  526 E    0  0  0  0 -2  0  1  0  0 -1  0  0 -1  1  1  0  0  0  0 -1    6   5   5   5   1   3  11   8   2   4   9   7   1   6   7   7   4   1   3   4  0.04 0.04
  527 W    0  0  0  0 -1  0  0  0 -1 -1  0  0  0  0  0  0  0  4  1  0    8   6   4   4   1   3   5   9   2   4   8   5   2   5   5   9   4   6   5   6  0.05 0.05
  528 K   -1  1  1  0 -1  1  1  1  0 -1 -2  2 -1 -2  0  0  0 -2 -1  0    5   7   8   4   1   6   9  10   2   3   4  12   2   2   4   6   7   0   2   6  0.09 0.09
  529 A    2 -2 -2 -2  0 -2 -2  3 -2 -2  0 -1  0 -1 -1  0  0  1  1  1   15   2   1   2   2   1   2  23   1   2   9   4   2   3   2   6   5   2   5   9  0.21 0.17
  530 E   -2  2 -1  1 -4  0  3 -2  0 -1 -2  2 -2 -3 -3 -1  1 -4 -2  0    3  10   2   7   0   4  22   3   3   4   4  13   1   1   1   5   9   0   2   6  0.29 0.23
  531 V   -3 -3 -2 -5  1 -3 -4 -6 -5  3  3 -3 -1 -2 -3 -3 -1 -5  0  5    2   2   2   1   3   1   1   1   0  16  23   2   1   1   1   3   3   0   3  33  0.72 0.39
  532 L   -1 -2 -3 -5 -3 -3 -2 -5 -3  2  4 -3  0 -2 -4 -2 -3 -3  0  3    6   2   1   1   1   1   3   1   1  12  37   2   2   2   1   4   2   0   3  20  0.62 0.36
  533 L   -1 -4 -3 -4 -1 -3 -4 -3 -4  3  4 -4  1  1 -4  1 -1 -3  0  1    5   1   2   1   1   1   1   2   0  16  33   1   2   6   1  10   4   0   3  11  0.52 0.32
  534 T    1 -2  2 -1 -1 -1 -2  1  0 -3 -4 -2 -3 -2 -4  5  1 -5 -2 -1    9   2   8   3   1   2   2  10   2   1   2   2   1   2   1  35  10   0   1   4  0.53 0.40
  535 N   -3 -4  7 -3 -5 -2 -3 -1 -1 -5 -6 -3 -4 -5 -5  3  3 -6 -4 -4    2   1  42   1   0   2   2   6   2   1   1   1   1   1   1  18  18   0   1   1  1.24 0.70
  536 D   -2 -1  0  1 -2 -1  0  0  3 -3 -2 -2  0 -2 -2  1  0 -3  6 -2    4   4   5   8   1   2   5   8   6   2   4   2   2   2   2  10   6   0  24   3  0.40 0.31
  537 E   -1  0  1  2 -4  0  2  1  0 -3 -3  0 -1 -3  3  1  0 -4 -3 -3    5   6   6  10   0   4  14  11   2   2   3   5   1   1  12   9   5   0   1   2  0.24 0.21
  538 A    0  0  1  2 -1  0  1  0 -1 -1 -2  0 -2 -1  0  1  0 -2  0  0    9   6   6  11   1   3   8   8   1   3   4   5   0   2   4  12   7   0   3   6  0.08 0.09
  539 R   -1  3  0  0 -4  1  1 -1  2 -1 -2  2 -1 -3  0  0  0 -4 -1  0    5  16   4   6   0   5   8   4   4   3   3  12   1   1   4   7   6   0   2   8  0.18 0.17
  540 E    0 -1  0  1  0  1  2 -1 -1  0 -1  0 -1 -2  0  0  0 -4 -1  1    6   3   5   9   2   6  14   4   1   7   5   5   1   1   5   7   6   0   3  10  0.08 0.10
  541 G    0 -1  1  2 -3  0  0  3  0 -1 -2  0 -3 -3  0  0  0 -4 -3 -2    7   3   7  12   0   3   5  22   2   4   5   6   1   1   5   7   5   0   1   4  0.21 0.17
  542 L    0 -1  0  1 -3 -1  0  1 -1  0  1 -1  0 -1  1  1  1 -3 -2 -1    7   3   4   9   0   3   6  10   2   5  15   2   2   3   6  10   9   0   1   4  0.07 0.09
  543 Q    0  0  2  2 -3  1  1  2  0 -4 -4  1 -4 -2 -2  1  0 -2 -3 -3    7   5   9  11   1   6  10  15   2   1   2   8   0   2   2  12   5   1   1   2  0.27 0.22
  544 N    0  0  2  1 -1  1  1  0  0 -2 -3  1 -2 -4 -1  2  1 -4 -2 -2    6   5  10   8   1   7   7   8   3   3   3  10   1   1   3  13   8   0   1   3  0.18 0.16
  545 M   -3 -3 -2 -3 -3 -3 -3 -1 -2  4  3 -3  1  1 -3 -2 -2 -2 -2  3    2   2   2   2   0   1   2   5   1  22  23   1   3   6   2   3   2   1   1  18  0.48 0.27
  546 T   -1  0 -1 -1 -3  0  1 -4  1  0 -1  2 -1 -2 -1  0  3 -2 -1  1    5   6   2   3   0   4   8   1   3   5   6  12   2   1   3   7  20   1   2  10  0.20 0.21
  547 L   -8 -9 -10 -8 -8 -7 -9 -10 -9 -1  7 -9  2 -1 -7 -9 -6 -8 -5 -2    0   0   0   0   0   0   0   0   0   4  85   0   4   3   0   0   0   0   0   3  2.24 1.02
  548 R    1  4 -2 -1 -5  2  1  1 -2 -6 -2  2 -3 -5  2  0 -3 -7 -4 -5   11  23   2   4   0   8   8   9   1   0   4  10   1   0   9   7   1   0   1   1  0.47 0.36
  549 P    1 -4 -9 -7 -10 -7 -5 -1 -5 -10 -9 -4 -9 -11  8 -4 -7 -11 -7 -6   12   1   0   0   0   0   1   5   0   0   0   2   0   0  75   1   0   0   0   1  2.53 1.23
  550 Y   -3 -3  0 -2 -2 -4 -5 -1  2 -8 -4 -1 -4  4 -8 -4 -6  8  7 -7    3   2   5   2   1   1   1   6   5   0   2   5   0  14   0   1   0  16  36   0  1.59 0.80
  551 E    0 -6 -5  0 -5  4  7 -1 -5 -9 -9 -5 -3 -6 -7 -1 -4 -9 -8 -6    7   0   0   5   0  15  58   6   0   0   0   0   1   1   0   5   1   0   0   1  1.59 0.88
  552 S    5 -7 -6 -6  1 -7 -7  4 -7 -3 -5 -7 -4 -2 -7  1 -1 -8 -6  0   42   0   0   0   3   0   0  28   0   2   1   0   0   2   0  11   4   0   0   6  1.15 0.67
  553 I   -1  3 -4 -6  1 -3 -6 -5 -3  3  3 -3  0  0 -7 -5 -3 -2 -2  4    5  14   1   0   3   1   0   1   1  15  22   1   2   4   0   0   1   1   2  25  0.69 0.41
  554 V   -3 -9 -9 -9 -4 -8 -9 -9 -9  5  2 -8 -2 -5 -9 -8 -5 -3 -5  6    2   0   0   0   0   0   0   0   0  31  15   0   1   0   0   0   0   0   0  49  1.77 0.82
  555 Y   -3 -7 -8 -8 -4 -7 -7 -3 -4  3  4 -7 -2  3 -8 -7 -6  2  6  1    3   0   0   0   0   0   0   2   0  13  34   0   1  12   0   0   0   3  22  10  1.17 0.61
  556 R   -2  4 -4 -1 -5  3  3 -5 -2 -3 -1  4 -4 -7 -6 -1 -3 -7 -6 -5    4  23   0   3   0  10  18   1   1   2   7  26   0   0   0   4   1   0   0   0  0.83 0.51
  557 L   -2 -4 -6 -7 -1 -5 -6 -7 -6  4  4 -4 -2  2 -6 -3 -1 -5 -2  3    2   1   0   0   1   0   0   0   0  22  39   1   0   7   0   2   4   0   1  19  0.91 0.46
  558 T    1 -1  2  1 -4 -1  0 -3 -2 -2 -3  0 -3 -4 -1  2  3 -5 -3  0   14   3  12   6   0   1   5   1   1   1   2   6   0   0   2  20  17   0   1   8  0.30 0.26
  559 K   -3  3 -3 -2 -5  1  1 -1 -3 -5 -5  4 -4 -6  3  3 -3 -6 -5 -5    0  13   0   1   0   7   7   4   0   0   0  28   0   0  16  23   0   0   0   0  0.75 0.41
  560 P    0 -3  2 -2 -3 -2 -1 -1 -3 -4 -4 -2 -4 -5  5  4  2 -5 -4 -2    6   0  10   0   0   0   2   4   0   0   0   1   0   0  27  37  11   0   0   2  0.76 0.31
  561 C    4 -3 -3 -4  7 -3 -3 -2 -4 -3 -3 -3 -2 -4 -3 -1  3 -4 -3 -2   46   0   0   0  32   0   0   0   0   0   0   0   0   0   0   0  22   0   0   0  0.93 0.27

                      K         Lambda
Standard Ungapped    0.1351     0.3178
Standard Gapped      0.0410     0.2670
PSI Ungapped         0.2134     0.3177
PSI Gapped           0.0653     0.2670
