
Last position-specific scoring matrix computed, weighted observed percentages rounded down, information per position, and relative weight of gapless real matches to pseudocounts
           A  R  N  D  C  Q  E  G  H  I  L  K  M  F  P  S  T  W  Y  V   A   R   N   D   C   Q   E   G   H   I   L   K   M   F   P   S   T   W   Y   V
    1 M   -5 -6 -6 -7 -6 -5 -6 -7 -6 -3 -2 -6 11 -4 -7 -6 -5 -6 -5 -3    0   0   0   0   0   0   0   0   0   0   0   0 100   0   0   0   0   0   0   0  3.51 1.06
    2 K   -3  3 -2 -3 -7  5  2 -5 -1 -4 -4  5 -4 -6 -5 -2 -4 -6 -4 -5    1  15   1   1   0  25  13   0   1   1   1  38   0   0   0   2   0   0   1   1  1.14 0.61
    3 T   -1 -4  1 -4 -4  8  1 -3 -3 -2 -5 -1 -4 -7 -3 -2 -2 -7 -4 -4    6   0   6   1   0  63   7   2   0   3   1   3   0   0   2   2   3   0   1   1  1.58 0.87
    4 Y   -8 -8 -5 -9 -9 -8 -8 -9 -5 -7 -5 -8 -7  2 -9 -8 -8 -4 10 -7    0   0   1   0   0   0   0   0   0   0   1   0   0   6   0   0   0   0  92   0  3.68 1.47
    5 L   -4  0 -2 -5 -2  0 -3 -5  1  1  5  0 -1 -3 -5 -3 -3 -6 -4 -3    1   5   2   1   1   5   2   1   4   7  62   5   1   1   1   2   1   0   0   1  0.97 0.58
    6 D   -1  0  4  5 -3  1  2 -2 -3 -5 -4  0 -6 -5 -5  0 -2 -7 -3 -5    5   5  16  36   1   5  11   3   1   0   1   6   0   0   0   6   2   0   1   0  0.82 0.51
    7 L   -1 -3 -4 -6 -4 -1 -6 -3 -1  2  5 -6  3 -1 -7 -5 -2 -2 -3 -1    5   1   1   0   0   3   0   2   1   9  61   0   7   2   0   1   2   0   1   4  1.08 0.60
    8 L   -1 -6 -7 -7  4 -5 -6 -4 -7  3  4 -6  2 -3 -7 -4 -3 -6 -4  3    4   0   0   0   9   0   0   1   0  16  44   0   5   1   0   1   1   0   0  16  1.05 0.57
    9 E   -1  4  0 -1 -4  2  2 -3  1 -4 -3  4 -3 -4 -5  0 -1 -2 -3 -4    4  26   5   4   0  10  11   1   3   1   2  22   1   1   0   6   3   1   1   1  0.65 0.45
   10 K   -2  2  1  3 -6  0  2 -4  4 -6 -3  2 -3 -2 -5 -1 -1 -3  1 -5    2  13   7  18   0   4  15   1   9   0   3  14   1   2   0   3   4   0   4   0  0.56 0.40
   11 V   -3 -4 -8 -8 -1 -7 -8 -8 -8  7  0 -7 -4 -5 -8 -7 -2 -8 -6  4    2   1   0   0   1   0   0   0   0  63   7   0   0   0   0   0   3   0   0  23  1.91 0.88
   12 M   -4 -1 -5 -7 -4 -4 -5 -7 -1  3  5 -3  4  0 -6 -5 -4 -1  0 -1    1   4   0   0   0   0   0   0   1  15  55   2   8   3   0   1   1   1   3   4  1.07 0.61
   13 T   -1  0  1  4 -4  0  4 -4 -1 -4 -3  1 -2 -4 -5  0  1 -6 -3 -3    4   5   7  21   0   4  26   1   1   1   2  10   1   1   0   7   7   0   1   1  0.57 0.42
   14 K   -4  0  5 -1 -2  1  2 -4  5 -5 -4  1 -5 -4 -3  0  0 -4  0 -4    1   5  30   3   1   5  13   1  12   1   2   9   0   1   1   6   6   0   3   1  0.73 0.50
   15 G   -4 -5 -6 -4 -3 -4 -5  8 -7 -8 -8 -7 -8 -8 -4 -4 -7 -8 -4 -8    1   1   0   1   1   1   1  91   0   0   0   0   0   0   1   1   0   0   1   0  2.56 1.15
   16 E   -1  0  0  0 -2  0  3 -3  2  0 -3  0 -2 -2 -2 -1  2 -1  0  2    5   5   4   6   1   3  18   1   5   6   1   4   1   1   1   4  11   1   3  18  0.21 0.24
   17 V   -2  1 -2  2 -4  0  1 -4  1 -1 -1  1  0  0  0 -2 -1  5  2  0    3   9   2  13   0   3  10   1   4   2   7   9   2   3   4   2   3   8   7   7  0.23 0.22
   18 K   -3  5 -2 -1 -6  0  0 -5 -2  0 -4  4 -3 -3 -5 -2  0  0 -1  1    2  28   2   3   0   4   4   0   1   5   1  26   1   1   0   3   6   1   2  10  0.67 0.47
   19 K   -2 -1  1  2 -3  0  3  1  0 -2 -4  1 -2 -3  3  0 -1 -5 -2 -2    2   3   8  10   1   4  18   9   2   3   1   9   1   1  13   8   4   0   1   3  0.30 0.27
   20 D   -3 -5  4  6 -6 -3 -1  0 -1 -5 -7 -3 -6 -7  0  0  1 -7 -6 -6    1   0  20  42   0   1   4   8   1   1   0   1   0   0   5   5   9   0   0   0  1.12 0.66
   21 R   -5  8 -3 -4 -7 -1 -3  0 -3 -3 -5 -1 -6 -5 -1 -3 -4 -1 -6 -7    1  73   1   1   0   2   2   8   0   2   1   2   0   1   3   2   1   1   0   0  1.86 0.94
   22 T   -2 -3  1 -3 -5  1 -2 -3  1 -5 -5 -1 -2 -2 -3  0  7  0 -2 -4    2   1   7   1   0   6   2   2   3   0   1   3   1   2   1   6  59   1   2   0  1.18 0.72
   23 N   -2 -3  1 -1 -7 -3 -1  6 -3 -5 -6 -1 -6 -7  0 -2 -3 -7 -7 -4    2   1   8   3   0   1   5  63   1   1   1   3   0   0   6   2   1   0   0   2  1.34 0.73
   24 T    1 -4 -4 -1 -4 -2 -1 -3 -1  2 -2 -1  0 -3 -1 -1  4 -5 -1  3   11   0   0   3   0   1   5   1   1  10   2   4   2   1   4   3  29   0   2  21  0.47 0.39
   25 G   -2  0  1  1 -5 -2 -1  5  0 -4 -4  0 -2 -4 -1 -1 -2 -2  1 -3    2   6   6   9   0   2   4  42   2   1   1   6   1   1   3   3   2   0   5   2  0.62 0.41
   26 T    0 -2 -4 -4  5 -6 -6 -5 -6 -2 -5 -6 -2 -4 -6  0  7 -2 -3 -1    6   3   1   1   9   0   0   1   0   3   1   0   1   1   0   5  62   1   1   4  1.52 0.88
   27 I   -4  3 -3 -5 -3 -2 -3 -5 -1  3  2  2  0 -1 -4 -3 -2  1  1  0    1  17   1   0   1   1   1   0   2  19  23  12   2   2   1   1   2   2   5   6  0.50 0.38
   28 S    0  0 -3 -3 -3 -2 -3 -1  0 -6 -6  1 -1 -2 -3  5  3 -6 -2 -3    7   4   1   1   1   2   1   4   2   0   0   7   1   2   1  48  14   0   2   2  0.83 0.61
   29 Y   -2 -2 -3 -4  0 -3 -4 -3 -3  4  2 -1  0 -2 -3 -2  0 -5  0  3    2   2   1   1   2   1   1   2   1  24  22   5   2   1   2   3   6   0   4  21  0.47 0.33
   30 F   -3 -4 -3 -6 -2 -4 -3 -4 -3  0 -2 -6 -1  8  2 -2 -2  1 -2 -2    2   1   1   0   1   1   2   1   1   5   4   0   1  58  10   3   3   2   1   3  1.49 0.76
   31 G    0 -4  1 -3 -1 -2 -4  6  0 -4 -4 -3 -3 -2 -1 -1 -2 -6 -3 -4    7   1   6   2   1   2   1  59   2   1   1   1   1   2   3   5   2   0   1   1  1.11 0.61
   32 T    1  1 -1 -2  1  1  0 -2  3 -1 -2 -1  0 -2  1 -2  0  0  3  1   12   7   2   2   3   6   6   3   9   3   3   4   3   1   6   2   6   1  10  11  0.14 0.19
   33 Q   -2 -1  0 -1 -1  5 -1 -4  2 -1 -2  0  3 -1 -1  0  2 -5 -4 -1    2   3   4   3   1  31   3   1   6   4   4   5   6   2   3   6  11   0   0   5  0.51 0.43
   34 S   -2 -2 -1 -3 -1 -2 -2 -3  0  1  2 -3  6  2 -4 -2 -1  2  2  0    3   2   3   2   1   1   3   1   2   7  22   1  21   8   0   3   3   3   7   6  0.42 0.31
   35 R   -2  5 -2 -2  0  1  2 -4  1 -2 -3  2 -4 -5 -4 -1  0 -5 -2 -1    3  39   2   2   2   4  12   0   3   3   2  11   0   0   0   3   6   0   1   5  0.66 0.43
   36 Y   -2 -4 -4 -5  1 -4 -5 -5  2  1  1 -4  1  6 -5 -2 -4  2  4 -1    3   0   0   0   3   0   0   0   5  10  10   0   3  36   0   3   0   3  16   4  0.90 0.46
   37 D   -1  0  2  4  1  0  0 -1  1 -3 -2  1 -3  0  0  0 -1 -4  0 -2    4   4  10  25   3   4   5   4   4   0   4   7   0   6   4   7   3   0   3   3  0.23 0.23
   38 L    0 -2  0  0  2  1  0  0  1  0  0  0  1  0  1  0  0 -3 -2  0    6   0   6   6   6   6   6   6   6   6   6   6   6   6   6   6   6   0   0   6  0.04 0.09
   39 R    0  3  0  0  1  0  1 -1  1 -2 -2  0  0 -1 -3  2  0  3 -2 -3    6  17   4   5   3   4   9   4   3   3   3   4   3   3   0  16   5   4   0   0  0.17 0.23
   40 E   -1  0  2  2  1  1  2 -1  1 -3 -2  1 -3 -3 -1 -1 -1  4  0 -2    5   5  11  14   3   5  13   4   3   0   3  12   0   0   3   3   3   6   3   3  0.23 0.23
   41 G   -1 -1  1  0  0 -1  0  5 -1 -4 -5 -1 -4 -2  0  0 -1 -4 -1 -3    4   4   7   5   2   2   6  44   2   0   1   3   0   2   5   7   3   0   2   2  0.57 0.37
   42 F    0  0 -2  0  3 -1  0 -3  2  0  0 -1  2  1 -2 -1  0 -2  2  0    8   8   0   8   7   0   8   1   7   8   8   0   7   7   0   1   8   0   7   8  0.08 0.13
   43 P   -3 -6 -6 -6 -6 -5 -5 -3 -6 -6 -4 -5 -6 -7  8 -2 -5 -7 -2 -6    2   0   0   0   0   0   0   3   0   0   2   0   0   0  86   3   0   0   2   0  2.73 1.07
   44 L    1 -3 -5 -5 -2 -4 -5 -5 -5  3  5 -5  1  0 -3 -2 -2 -1 -4  0   10   1   0   0   1   0   0   0   0  15  51   0   3   3   1   3   2   1   0   6  0.78 0.45
   45 L   -3 -4 -3 -3  1 -2 -3 -3 -2  3  4 -4  2  0  0 -3 -1 -4 -2  1    1   0   1   1   3   1   2   2   1  16  41   0   4   4   5   1   4   0   1  11  0.56 0.36
   46 T   -2 -3 -3 -5 -5 -1 -5 -3 -2 -5 -4 -3 -5 -6 -2  0  7 -1 -3 -3    3   1   1   0   0   2   0   2   1   0   1   2   0   0   2   6  73   1   1   1  1.67 0.88
   47 T   -2 -2 -1 -2  2 -2  0 -2 -1  0  0 -3 -1 -4 -4  0  6 -5 -3  0    2   2   2   2   4   1   5   3   1   4  10   1   1   0   0   7  46   0   1   5  0.66 0.48
   48 K   -5  5 -2 -5 -6 -1 -4 -5 -5 -6 -6  6 -5 -6 -5 -2 -5  1 -5 -6    0  33   2   0   0   2   0   0   0   0   0  53   0   0   0   3   0   2   0   0  1.70 0.86
   49 K   -3  3  0  0 -6  0 -2 -4  0 -3 -4  6 -5 -1  0 -2 -3  1 -1 -6    2  14   4   6   0   5   3   1   2   1   2  41   0   3   5   3   1   2   2   0  0.80 0.54
   50 M   -2 -2 -1 -5  0 -2 -5 -3 -5  2  2 -2  4 -1 -5 -2  1 -5 -4  4    4   2   3   0   2   2   0   2   0  12  16   2  10   2   0   4   9   0   0  29  0.56 0.38
   51 A    1 -1  0 -3 -5 -2 -2 -2  3 -3 -1 -2  0  4  2  0 -2  3  2 -2   12   4   6   1   0   1   2   3   8   1   5   2   2  19  11   7   2   4   6   3  0.36 0.31
   52 W   -3 -3 -6 -6 -6 -3 -4 -4  0  0  1 -3  0  5  0 -3 -1  9  2  0    3   1   0   0   0   1   2   2   2   5  11   2   2  19   6   3   4  23   7   7  1.00 0.56
   53 K   -2  3 -1  0 -7  0 -1  1  1 -2 -2  3  0 -1 -1 -2 -2  2  1 -2    4  15   3   5   0   5   4  10   3   3   4  19   3   3   3   3   3   3   4   3  0.32 0.25
   54 A    0 -1  1 -1  1  0 -2  2  0 -2 -2 -1  2  0 -1  2  1  2  0 -2    7   4   6   3   3   4   3  15   3   3   5   4   4   3   3  13   8   3   4   3  0.13 0.13
   55 I    2 -4 -4 -4  2 -3 -2 -1 -4  3  0 -3  0 -1  0 -1 -2 -4 -2  3   20   1   0   1   5   0   3   4   0  21   5   1   2   2   4   3   2   0   1  23  0.38 0.26
   56 C    0 -2 -1 -3 -1 -2 -2 -3  0  3  1 -2  0  2 -3 -1 -1 -3  1  3    8   2   3   0   1   2   1   1   3  21  11   2   2  10   0   5   3   0   4  19  0.25 0.19
   57 H    1  0  0  0 -2  0  2  1  2 -2 -1  0 -1 -2 -2  0  0  0  1 -1   13   5   5   3   1   3  16  10   6   2   4   6   1   1   1   6   5   2   7   4  0.11 0.11
   58 E   -4 -4 -4 -1 -6 -2  7 -5 -4 -5 -2 -1 -5 -5 -4 -4 -4 -5 -5 -2    1   0   0   3   0   0  81   1   0   0   5   3   0   0   0   1   1   0   0   3  1.89 0.80
   59 L   -2 -2 -3 -5  0 -3 -3 -5  1  2  5 -3  3  1 -5 -4 -2  0 -1  0    3   2   1   0   2   1   1   0   3   9  53   1   6   5   0   0   3   1   2   4  0.70 0.38
   60 L   -1 -2 -2 -1  0 -1 -2 -3 -1  2  4 -1  1  1 -4 -2 -2  1  0  0    4   2   2   3   2   3   3   2   1  12  43   3   3   7   0   1   2   2   2   2  0.32 0.25
   61 W    1 -2 -5 -5  1 -2 -4 -1 -4 -4 -2 -1 -1  2 -5 -2 -2 11 -2 -3   11   2   0   0   3   2   0   6   0   0   3   5   2   9   0   4   2  48   0   2  1.70 0.69
   62 F   -3 -3 -3 -1 -3 -3 -3 -4  1  2  0 -2  3  6 -4 -1 -1 -2  2 -1    1   0   0   4   0   0   0   1   3  14   4   3   8  44   0   6   3   0   5   3  0.71 0.39
   63 L   -1  0 -1 -3  1  0 -3 -3 -2  2  2 -1  2  1 -3 -2 -1  4  1  1    4   4   4   0   3   4   0   0   0  16  24   4   5   7   0   0   4   6   5   8  0.21 0.19
   64 K   -1  2  1  1  1  2  0 -1  1 -1 -1  1  2 -3 -2  0  0 -3 -2 -2    5  14   7   7   4  10   4   4   5   3   6  10   7   0   0   8   5   0   0   0  0.15 0.16
   65 G   -1  0 -3  0 -5  1  0  5  2 -5 -5  0 -4  0 -4 -1 -3 -5 -4 -1    5   5   0   6   0   6   5  44   5   0   1   6   0   4   0   5   0   0   0   5  0.66 0.37
   66 D   -1  0  0  1  1  1  1 -1  0 -1 -2  1 -2 -1  1  1  0 -3  0 -1    4   5   3  10   3   7   8   4   3   3   4   9   0   3   8  13   4   0   4   4  0.11 0.11
   67 T    0  0  0  0  2  1  0  0  2  0 -1  0 -1 -2  1  0  0 -3  1  0    6   6   6   6   6   6   6   6   6   6   6   6   0   0   6   6   6   0   6   6  0.05 0.08
   68 N   -1  0  3  2 -3 -1  0 -1  3 -3 -2  0  0 -1 -3  1  0  2  0 -2    4   5  15  11   0   0   6   5   9   0   4   5   3   3   0  11   7   3   3   3  0.18 0.22
   69 I   -1  0  0  0  2  0 -1 -1  2  0 -1  0  2  0  0 -1  0  3  1 -1    5   5   5   5   5   5   5   5   5   5   5   5   5   5   5   5   5   5   5   5  0.03 0.09
   70 K   -1  1  2  1 -1  0  0 -3  1 -2 -2  3 -1 -2  0 -2 -2  0 -2 -2    6   8   9   8   1   4   7   2   3   3   5  18   1   2   5   3   3   1   1   3  0.19 0.21
   71 Y   -2 -1  1  3 -4  0  1 -2  0 -1 -2 -1  0 -1 -1 -1  0  3  0  0    3   3   7  21   0   4  10   3   3   3   3   3   3   3   3   3   6   4   4   6  0.17 0.23
   72 L    0  0  0  0 -2 -1  0  0 -1  0  0 -1  1  1  1  0 -1 -2  1  0    7   7   7   7   0   0   7   7   0   7   7   0   6   6   7   7   0   0   6   7  0.01 0.10
   73 V   -1  2  1 -1 -1  1  1 -2  1 -1  0  1  1 -3  0  0 -1  0 -3 -1    5  12   6   2   2   7   9   3   4   2  11  10   3   0   3   7   2   1   0   5  0.07 0.16
   74 D    0  1 -1  3 -4  0  3 -1  1 -4 -3  1 -1 -2 -1 -1 -1 -4 -1 -3    9   7   2  15   0   4  20   4   4   0   2  10   2   2   3   3   4   0   2   2  0.23 0.27
   75 H    0  0  0  0 -3  0  0 -1  1  0 -1  0  1  0 -3  0  0  3  1  0    5   5   5   5   0   5   5   5   5   5   5   5   5   5   0   5   5   5   5   5  0.03 0.10
   76 N   -1  0  2  0 -4  0 -1  3  1 -1 -4  0 -3 -1 -3  0 -1 -4  0 -2    4   4  10   5   0   4   4  28   4   3   1   7   0   3   0   5   4   0   4   4  0.24 0.26
   77 V    0  0  0 -2  2  0  0 -1  1  0 -1  0  1  0  0  0  0 -2  1  0    5   5   5   0   5   5   5   5   5   5   5   5   5   5   5   5   5   0   5   5  0.01 0.09
   78 N   -2  0  2 -1  0  1 -1  1  5 -4 -4  2 -1  0  1  0  0 -4 -1 -3    2   5   9   2   3   5   2   9  18   0   1  12   2   5   8   6   6   0   2   0  0.31 0.26
   79 I   -2 -1 -3 -4  0 -1 -2 -4 -3  5  0  1  0  1 -4 -2  1  4  1  0    3   3   0   1   2   2   3   1   0  38   5  10   2   5   1   3   8   6   4   4  0.45 0.31
   80 W   -5  0 -5 -1 -5 -4 -2 -5 -5 -5 -5 -1 -4  2 -5 -2 -5 12  1 -5    1   6   0   5   0   0   4   1   0   1   1   4   0   7   1   4   1  62   4   1  2.60 0.92
   81 N   -2  2  2  5 -4  0  0 -1  0 -3 -2  0 -1 -1 -3  0  0  0 -1 -2    3  11  11  32   0   3   3   4   2   1   4   4   2   3   1   5   7   1   2   2  0.40 0.28
   82 E    1 -1 -1  2 -1  0  3  0 -1 -1 -2  1 -1 -1  1  0 -1 -3 -2 -3   11   3   2  10   1   4  20   7   1   4   2   7   1   3   8   8   3   0   1   1  0.18 0.18
   83 W   -2 -2  4  1 -4 -2  0 -2  0 -4 -2 -2 -4  0 -4 -3 -2  9  1 -4    3   2  18   9   0   1   7   2   2   1   4   3   0   3   1   1   2  33   5   1  1.17 0.57
   84 P    2 -1 -1 -1  2 -1 -1  0 -1 -1  0 -1 -1 -1  0  0  0  0 -1  0   19   4   2   4   6   2   4   8   1   4  10   3   1   2   5   6   7   1   1   6  0.04 0.08
   85 Y   -1 -1  1  1 -1 -1  0 -1 -1  0 -1  0  0  0 -2  1  2  2  1  0    3   3   9   7   2   2   4   4   1   5   6   4   3   5   1  11  14   3   6   5  0.06 0.11
   86 E    0  0  0  0 -2  0  0  0  1  0 -1  0 -1  0  1  0  0 -2  1  0    6   6   5   6   0   5   6   6   5   6   6   6   0   5   6   6   6   0   5   6  0.01 0.06
   87 A    0  1  1  1 -3  0  1  0  1 -1 -2  0 -2 -1  0  0  0  2  0 -1    8   8   7   7   0   4  11   6   4   3   4   6   0   3   5   4   6   3   3   3  0.05 0.11
   88 F   -1 -1 -1 -1 -3  1 -1 -1  2  0 -2  0  0  2  0 -1  0  3  4  0    3   3   3   3   0   6   4   6   4   7   2   5   2  10   4   4   5   4  14   5  0.12 0.19
   89 K    0  0  0  0  1  0  0  0  0  0  0  0  0 -1 -1  0  0  2  0  0    7   4   4   4   4   4   5   7   3   5  13   7   2   2   2   4   5   4   3   6 -0.01 0.04
   90 K    0 -1 -1  3  0  0  0 -2 -1 -1  0  2  0  0 -1 -2 -2  4 -1 -2    8   3   2  15   2   4   7   2   1   4   8  13   2   3   3   2   2   6   3   3  0.16 0.21
   91 S   -1  1  0 -1 -6 -2  0  0  1 -2 -1  1 -1 -2  0  3 -2  1  1 -2    6   8   5   3   0   2   6   8   3   3   6   9   2   2   5  18   3   2   4   2  0.12 0.19
   92 N   -1  1  2 -1  0  0 -1 -1  2 -2 -1  0  0  0  1  0  1  0  0 -1    6   8  10   4   2   5   5   5   5   2   5   4   2   4   7   6   8   1   3   4  0.06 0.11
   93 D   -1 -3  2  2 -1 -2  0  3 -1 -2 -3 -1 -1 -2  2 -1 -3 -6 -2 -2    5   2   9  11   2   2   7  24   2   3   4   3   2   2   9   5   2   0   2   3  0.32 0.29
   94 F   -1  0  0  0  2  0  0 -1  2  0 -1  0  2  1  0 -1  0  4  1 -1    5   5   5   5   5   5   5   5   5   5   5   5   5   5   5   5   5   5   5   5  0.09 0.08
   95 K    0  0  0  0 -3  0  0  0  2  0 -1  0 -1  0  1  0  0  3  1  0    6   6   5   6   0   5   6   6   5   6   6   6   0   5   6   6   6   5   5   6  0.06 0.08
   96 G   -1  0  1  2  0  0  0  2  2 -1 -2  0 -2  0  0 -1 -1  2  0 -1    5   6   5  12   3   4   4  15   6   3   4   5   0   3   6   4   3   3   4   3  0.12 0.13
   97 E   -2  1  2  0  1  0  2 -2  1 -1 -1  0  1  1  1 -1 -2  3  1 -2    3   7  11   4   3   4  13   4   4   4   5   6   3   5   7   4   3   3   5   3  0.17 0.15
   98 S    0  0  1  1  1  2  0  0 -5 -1 -2 -1  0 -1 -1  0  0  4  1 -2    7   4   6   8   3   8   7   8   0   3   3   4   3   3   4   8   7   5   4   4  0.13 0.14
   99 L   -3  1 -3  0 -6  0  0 -3  1  0  1  1  2  0 -6  1 -1  6  2  0    2   7   1   5   0   5   7   3   3   5  12   7   5   3   0   9   4   9   7   6  0.29 0.22
  100 Q   -1  4 -1  0 -1  0  0  0 -1 -2 -2  2  0 -1 -1 -2  0  1 -1 -3    6  20   3   6   1   5   6   8   1   3   4  12   2   3   4   3   5   2   2   2  0.28 0.22
  101 D   -2 -1  1  4 -1  0  3 -1  3 -1 -3 -1 -1 -1 -2 -3 -2  1  0 -2    4   4   7  23   1   4  18   4   5   4   3   4   2   3   2   2   3   2   3   3  0.46 0.31
  102 F   -1  0  0  0  2  0  0 -1  2  0 -1  0  2  1  0 -1  0  4  1 -1    5   5   5   5   5   5   5   5   5   5   5   5   5   5   5   5   5   5   5   5  0.09 0.08
  103 V    0  0  0 -1  0  0  0  0 -2  0  1  0  1  0  1  0  0 -2  0  0    6   5   6   3   3   3   8   7   0   7  14   4   5   3   6   5   4   0   4   9  0.02 0.04
  104 E    0  0  0  0 -2  1  0  0  1  0 -1  0 -1  0  1  0  0 -2  1  0    6   6   6   6   0   6   6   6   6   6   6   6   0   6   6   6   6   0   6   6  0.04 0.06
  105 K   -1  2  0 -1 -3  0  1  0 -2 -2 -1  3  1 -1 -1  0 -1  0  1 -2    5   9   4   2   0   4   8   8   1   3   5  20   3   3   3   8   4   1   5   3  0.17 0.15
  106 I   -1  0 -1 -1  0 -1 -1  1 -2  2  0 -1  0  0  0 -1 -1  0  2  1    5   5   3   3   2   3   5  13   1  15   9   4   2   3   4   4   3   1   7   9  0.07 0.08
  107 K   -1  0 -1  1 -1  0  0  2  0 -1 -1  1 -1 -1  0  0 -1  2  0  0    5   5   3   7   2   4   5  15   2   5   7  10   2   3   4   5   4   3   4   6  0.06 0.06
  108 T    0 -1  1 -1 -2  0  1 -1 -1 -1  2 -1  0  0 -1  0  1  0 -1 -1   10   3   6   3   0   5   9   6   2   3  20   2   2   5   2   5  10   2   1   5  0.08 0.10
  109 D   -1  0  1  3 -1  1  0  1  0 -2 -2  0  0 -2 -1  0 -1  3  0 -1    4   6   6  19   2   6   7  11   2   2   4   5   3   2   3   6   3   4   3   4  0.19 0.15
  110 N   -1  0  3  1 -3 -1  1  1  3 -1 -2  0  0 -3  1  0 -1 -3 -2 -2    6   5  12   9   0   3   9  11   7   3   3   6   2   1   7   8   3   0   1   2  0.19 0.16
  111 Q   -1  1  0  0 -3  0  1 -1  1  0  0  1  0  0  1 -1 -1  0  0 -1    4   9   3   5   0   4  11   4   4   5  10   9   3   5   6   4   3   1   4   5  0.06 0.06
  112 F   -2 -3  0  0 -1 -1 -1 -1  1  0  0 -1  2  4 -1 -1  0  1  3 -1    4   1   5   5   2   2   4   5   3   4  10   3   5  18   3   4   5   2  12   4  0.27 0.18
  113 A    3  0 -1  0 -1 -2 -1  2  0 -2 -2 -1  0  0  0  0 -1  3 -1 -2   23   5   3   5   1   2   4  14   2   2   4   4   2   4   5   6   4   4   2   3  0.25 0.19
  114 Q    0  2  0  2 -4  1  0  0  1 -2 -1  1  0  1 -2 -1 -2  0  2 -2    6  12   5  11   0   6   6   6   3   2   5   8   2   7   2   4   2   1   8   3  0.14 0.15
  115 Q   -1  0 -1  1 -1  2  3  0  1 -2 -4  1 -1 -2  0 -1 -2  2 -2  0    6   6   4   7   1  10  18   6   3   2   2   9   1   2   4   5   3   3   2   6  0.24 0.22
  116 Y   -1 -1  1  1 -5  0  1 -1  1 -2 -2  0  1  0  0 -2 -1  5  4 -1    5   2   6   7   0   4  11   6   3   2   3   6   4   4   4   2   3   7  14   4  0.25 0.24
  117 G   -2  0  0  0 -7 -6 -1  5  1 -2 -2 -1  1 -1 -1 -1 -1  2  0 -1    4   6   4   5   0   0   5  34   3   3   4   4   3   3   4   4   4   3   3   4  0.47 0.31
  118 K   -1  0  0  0  2  0  0 -1  2  0 -1  0  2  1  0 -1  0  4  1 -1    5   5   5   5   5   5   5   5   5   5   5   5   5   5   5   5   5   5   5   5  0.09 0.08
  119 L   -1 -2  0  0  2  0  0 -1  2  0 -1  0  1  0  0  0  0  3  1  0    5   0   5   5   5   5   5   5   5   5   5   5   5   5   5   5   5   5   5   5  0.07 0.11
  120 G   -1 -2  1 -2 -5 -4 -2  5  1 -2 -3 -1 -1 -1  0 -1 -1  4  0 -1    4   2   7   2   0   0   3  41   3   3   3   3   2   2   5   3   3   5   4   4  0.58 0.42
  121 P    1  0  0 -1  1  0  0 -1  1  0 -2  0  0 -1  3 -1  0 -4  0 -1   10   6   4   3   3   3   7   4   4   5   4   6   3   3  17   4   5   0   4   4  0.16 0.16
  122 V    0  0  0  0  1  0  0 -1  1  1  0  0  0 -1  0  0  0 -3  0  1    9   6   5   6   3   4   7   4   3  11   6   4   3   3   4   4   5   0   3  11  0.02 0.05
  123 Y   -3 -2 -5 -2  1 -1 -2 -3  2 -2 -2 -2 -5  2 -2 -2 -1  2  8 -1    2   2   0   2   2   3   3   2   4   2   3   3   0   8   2   4   4   3  46   4  1.15 0.67
  124 G    0  0  1  0 -2  1  0  0  2  0 -1  0 -1 -2  1  0  0 -2  1  0    6   6   6   6   0   6   6   6   6   6   6   6   0   0   6   6   6   0   6   6  0.06 0.07
  125 K   -1  0  0  0  2  0  0 -1  2  0 -1  0  2  1  0 -1  0  4  1 -1    5   5   5   5   5   5   5   5   5   5   5   5   5   5   5   5   5   5   5   5  0.09 0.08
  126 Q    0  0  0  0  2  0  0 -1  1  0 -1  0  1  0  0  0  0 -2  1  0    5   5   5   5   5   5   5   5   5   5   5   5   5   5   5   5   5   0   5   5  0.03 0.05
  127 W   -2  0  0  0 -5 -1 -2 -2  1 -1 -1 -1  2  1 -1 -2 -2  9  1  1    4   4   4   5   0   3   3   3   3   3   5   4   6   5   3   4   2  25   5   9  0.69 0.45
  128 R    0  0  0  0  2  1  0  0  2  0 -1  0  1 -2  1  0  0 -3  1  0    6   6   5   6   5   5   6   6   5   6   6   6   5   0   6   6   6   0   5   6  0.04 0.08
  129 D   -1  0  1  1  2  0 -1 -1  4 -1 -2  2  1 -1 -1 -1 -1 -5  1 -1    5   5   6   9   3   4   4   6  11   4   4  11   3   3   4   5   4   0   5   5  0.19 0.15
  130 F   -1  0  0  0  2  0  0 -1  2  0 -1  0  2  1  0 -1  0  4  1 -1    5   5   5   5   5   5   5   5   5   5   5   5   5   5   5   5   5   5   5   5  0.09 0.08
  131 N    0  0  0  0 -3  0  0  0  2  0 -1  0 -1  0  1  0  0  3  1  0    6   6   5   6   0   5   6   6   5   6   6   6   0   5   6   6   6   5   5   6  0.06 0.08
  132 G    0 -1 -1  0  1  0  0  2  0 -1 -1  0  0 -1 -1  0  1  0  0 -1    8   3   2   5   4   4   7  19   3   2   5   6   3   3   2   3  10   1   5   5  0.08 0.10
  133 V    0  0 -1  0  0 -1  0 -1  1  1 -1  0  1  1  1  0  0 -2  1  0   10   4   0   6   2   0   7   3   4  10   4   5   5  10   5   7   6   0   4   7  0.03 0.07
  134 D   -1 -1  2  5 -4  0  1 -1  0 -1 -3 -1 -3 -1 -3  0 -1  3  0 -3    3   3  10  38   0   2   6   3   2   6   1   3   0   3   0   6   3   5   4   1  0.48 0.30
  135 Q   -2  0  0 -2 -3  4  0 -1  2 -1  0  1  1 -3  0 -1 -1 -3 -2 -1    1   4   4   1   0  29   5   4   5   4  10   9   3   0   5   4   4   0   0   5  0.23 0.23
  136 I    0 -2  1  0 -2 -1 -2 -2 -2  1  0  0  2  1 -2 -1  0  4  2  0    8   0   8   8   0   0   0   1   0   8   8   8   8   8   0   1   8   8   8   8  0.13 0.13
  137 E    1  1  1  0 -3  2  1 -1  0 -2 -1  1  0 -1 -1  0  0 -3  0 -1   14   8   6   6   0   9   9   3   2   2   5  10   3   2   2   8   4   0   4   3  0.11 0.14
  138 W   -1  0  1  0 -3  1  1  0  1  0 -1  0  0 -1 -3  0  0  2  1  0    4   6   8   5   0   8  10   6   3   6   3   5   3   3   0   5   5   3   6   6  0.06 0.11
  139 V    0  0 -1  0  2 -1 -1  0 -2  0  0  0  1  1 -2  0  0 -2 -1  0    7   7   0   7   7   0   0   7   0   7   7   7   7   7   0   7   7   0   0   7  0.00 0.10
  140 I   -3 -1 -1 -1  1  0 -1 -4 -3  4  1 -1  1  1 -4 -3 -3  3  1  1    1   4   4   4   4   5   4   1   0  24  16   4   4   6   0   1   1   4   4  11  0.30 0.23
  141 N    0  0  0  0 -3  1  0  0  2 -2 -1  0  1  1  0  0  0  3  1 -1    6   6   5   6   0   5   6   6   5   0   6   6   5   5   6   6   6   5   5   6  0.08 0.12
  142 E    0  0  2  1 -3  1  1  0  2 -1  0  1  1 -2 -2  0  0 -3 -2 -2    7   4  10  10   0   9   6   6   5   5   9  10   4   0   0   5   8   0   0   1  0.11 0.09
  143 I    1 -2  1 -2 -1 -1 -2  1 -2  1  1 -1  2 -1 -2  0  1 -2 -2  1   12   1  12   1   0   0   1  12   0  12  12   1  11   0   1   1  12   0   0  12  0.09 0.07
  144 K   -1  2  0 -1  1  1  0 -1  1 -1 -2  4  0 -3 -3  0 -1 -4 -3 -1    4  12   3   3   3   4   5   4   4   5   4  32   3   0   0   4   4   0   0   4  0.29 0.27
  145 T    0  0  1  0 -2  1  0  0  2  0  0  0  1 -2 -2  0  0 -2  1  0    6   6   6   6   0   6   6   6   6   6   6   6   6   0   0   6   6   0   6   6  0.05 0.09
  146 N   -1  1  3  1  1  0  0  1  2 -1 -1 -1  0 -1  0  0 -1 -4  0 -1    3   7  15   8   4   3   5  11   5   3   6   3   3   3   4   8   3   0   3   3  0.12 0.15
  147 P    0  0  1  0 -3  1  0  0  2  0 -1  0  1 -2  1  0  0 -2  1  0    6   6   6   6   0   6   6   6   6   6   6   6   6   0   6   6   6   0   6   6  0.05 0.08
  148 F    0  0  1  0 -3  1  0  0  2 -2 -1  0  1  1 -3  0  0  3  1 -1    6   6   6   6   0   6   6   6   6   0   6   6   6   6   0   6   6   6   6   6  0.09 0.12
  149 S   -1 -1  1  2  1  0 -2 -1 -3 -1 -2 -1  0 -3 -1  4  0  2  0 -1    4   3   5  13   3   3   0   4   0   3   4   3   3   0   3  33   4   3   3   3  0.29 0.32
  150 R   -2  7 -1 -4  0  0 -1 -2  1 -2 -3  0 -4 -5 -1 -2 -1 -5 -1 -4    3  57   3   0   2   4   2   3   4   3   3   4   0   0   3   3   3   0   2   0  1.03 0.61
  151 R   -2  1  1  0 -3  1  0  0  2 -2 -1  0  1 -2 -3  0  0  4  1  0    0   7   7   7   0   7   7   7   6   0   7   7   6   0   0   7   7   6   6   7  0.12 0.15
  152 L    0 -1  0 -2  1  0  0 -1  4  2  0 -1  1 -2 -3 -1  0  2  1  0    7   3   4   1   3   3   5   5  12  18   8   4   4   0   1   4   5   3   5   5  0.12 0.16
  153 I   -1 -1 -3 -3  1  1 -1  0  0  3  1 -1  3  0 -3 -1  0  2  0  1    3   3   0   0   3   6   3   7   3  23   9   3   9   3   0   5   5   3   3   7  0.15 0.18
  154 V    0 -2 -2  0  2  1  0 -3 -2  0  0 -2  2  1 -3  0  0  4  1  0    7   0   0   7   7   7   7   0   0   7   7   0   7   7   0   7   7   7   7   7  0.13 0.15
  155 S   -1 -1  2  0  3  0  0 -2  1 -1 -1 -2  0 -3 -3  2  2 -3  0  0    4   3  10   4   8   5   4   0   4   4   4   0   3   0   0  21  12   0   3   8  0.18 0.21
  156 A    0 -2  0  0  2  0  0 -1  2  0 -1 -2  1  1  0  0  0  3  1  0    6   0   5   6   5   5   6   6   5   6   6   0   5   5   6   6   6   5   5   6  0.08 0.13
  157 W   -2 -1 -5 -6  3  0 -5 -5  2 -1 -2 -5 -4  2 -6 -5 -1 10  4 -5    4   4   0   0   5   4   0   0   4   4   5   0   0   8   0   0   4  38  12   0  1.54 0.69
  158 N   -2  0  6  2  1  1 -1 -4  2 -1 -1 -1 -1 -2 -4 -2 -1 -5 -1 -1    2   4  40  10   3   7   2   0   4   4   6   2   2   2   0   2   2   0   2   4  0.64 0.43
  159 P   -2 -2 -1 -2  0 -4 -2 -5  1 -1 -3 -4 -4  0  7 -2 -2  0 -1  1    3   3   4   2   2   0   3   0   4   4   2   0   0   5  50   2   2   2   2   9  1.09 0.57
  160 G    0  0  0  0  2  0  0 -1  1  0 -1  0  1  0  0  0  0 -2  1  0    5   5   5   5   5   5   5   5   5   5   5   5   5   5   5   5   5   0   5   5  0.03 0.05
  161 E    0 -2  0  4  0  2  1 -2  0 -2 -3 -1 -1 -1 -2 -1 -1  1  2 -2    7   2   4  26   2   8   9   3   2   2   3   4   2   3   2   4   4   2   8   2  0.33 0.31
  162 I    0 -2  0 -2  1 -1 -2 -5 -4  2  3 -2  2  2 -2 -2  0 -4 -1  1    7   3   5   2   3   3   2   0   0  11  30   2   4   7   2   3   5   0   2   9  0.29 0.24
  163 K   -1  0  0  0  2  0  0 -1  2  0 -1  0  2  1  0 -1  0  4  1 -1    5   5   5   5   5   5   5   5   5   5   5   5   5   5   5   5   5   5   5   5  0.09 0.08
  164 E   -1  1  1  1  0  1  1 -1  1 -1 -1  2  0 -1  0  0  0 -4 -1 -1    3   8   6   9   2   7  10   3   3   2   7  11   3   2   4   6   5   0   2   5  0.11 0.13
  165 M    0  0  0  0  2  1  0  0 -2  0 -1  0  1 -2  1  0  0  3 -2  0    6   6   6   6   6   6   6   6   0   6   6   6   6   0   6   6   6   6   0   6  0.08 0.11
  166 A    1  0 -1  0  1  0  0 -1  2 -1 -1  1 -2 -1  0  0  0 -3  1  1   16   4   3   5   3   3   4   4   6   3   4  11   0   3   3   7   5   0   5  11  0.06 0.12
  167 L   -1  0 -3 -4  2 -1 -1 -1 -1  0  3 -2  0  0 -1 -1 -1 -3  0  0    5   6   0   0   6   3   3   5   2   4  35   2   2   3   3   3   4   0   4   6  0.18 0.23
  168 P   -1 -2  0 -2  0  0 -2 -1  1 -1 -1  0 -1  0  5  0 -1  1 -1 -1    5   2   5   2   2   4   2   5   4   3   7   5   2   4  29   8   3   2   2   5  0.37 0.28
  169 P    0  0  0 -2  4  0 -1  0  1 -1  0 -2  0 -1  4  0  0 -3 -2  0    8   5   4   0  10   3   4   8   4   3   9   0   3   3  19   5   4   0   0   5  0.23 0.19
  170 C    0  0 -2  0  2  0 -1  0  2  0  0  0  1  1  1 -1  0 -2  1  0    6   6   0   6   6   6   0   6   6   6   6   6   6   6   6   0   6   0   6   6  0.05 0.12
  171 H    0  0 -2  0  2  0  0 -1  2  0 -1 -2  1  1  0  0  0  3  1  0    6   6   0   6   5   5   6   6   5   6   6   0   5   5   6   6   6   5   5   6  0.07 0.13
  172 S   -1 -1 -1 -1  4 -5 -2  0  4 -1 -1 -1  3  2 -1 -1  0  3  3 -1    5   3   4   4   8   0   3   6   8   4   5   4   7   7   4   5   6   4   9   5  0.30 0.21
  173 F   -1  0  0  0  2  0  0 -1  2  0 -1  0  2  1  0 -1  0  4  1 -1    5   5   5   5   5   5   5   5   5   5   5   5   5   5   5   5   5   5   5   5  0.09 0.08
  174 F   -1 -2  0  0  2  0  0 -1  2  0 -1  0  1  0  0  0  0  3  1  0    5   0   5   5   5   5   5   5   5   5   5   5   5   5   5   5   5   5   5   5  0.07 0.11
  175 Q   -1 -1 -1  0  1  3 -1 -2  2  1 -1 -1  1  0 -1 -1  0 -4  0  1    4   3   3   5   3  18   3   3   5   9   6   4   4   4   3   4   7   0   3  10  0.13 0.19
  176 F    0  0  0 -2  2  0  0 -1  2  0 -1  0  1  1 -3  0  0  3  1  0    6   6   5   0   5   5   6   6   5   6   6   6   5   5   0   6   6   5   5   6  0.08 0.12
  177 F   -1 -1  1  0  1 -1 -3 -2  1  1  0 -1  0  3 -1  0  0  4  2  0    4   4   6   5   3   3   0   3   4   8   7   4   3  12   3   7   6   7   8   5  0.16 0.17
  178 V   -1  0  0 -2  1 -1 -2 -2  0  1 -1 -2  0  0 -1 -1  0  1  1  4    5   5   5   3   3   2   2   3   2   9   5   2   2   3   3   5   7   2   4  28  0.19 0.20
  179 N   -1  0  0  0  2  0  0 -1  2  0 -1  0  2  1  0 -1  0  4  1 -1    5   5   5   5   5   5   5   5   5   5   5   5   5   5   5   5   5   5   5   5  0.09 0.08
  180 E    0  0  1  1  0  0  2  0  0 -1 -1  0 -1 -1  2  0  0  0  0 -1    7   4   7   7   2   3  14   9   2   3   5   5   2   2  10   5   5   2   3   5  0.10 0.11
  181 K   -1  0  1  2 -3  0  1  1  1 -1 -1  1  0 -1  1  0  0 -3  0 -1    3   5   6  11   0   4   9  10   3   3   6   9   4   3   9   4   4   0   4   3  0.10 0.12
  182 Y    0  0  1  0  2  1  0  0  2 -1 -1  0 -1  0  1  0  0 -2  1 -2    6   6   6   6   6   6   6   6   6   6   6   6   0   6   6   6   6   0   6   0  0.05 0.09
  183 E   -1  0 -1  0  2  1  2  0  1 -2 -2  2 -1  0 -1  0  0  0  1 -1    3   5   2   4   6   5  16   6   3   2   4  14   1   3   2   7   5   2   7   4  0.14 0.15
  184 I   -3 -3 -1 -4  3 -3 -4 -1 -4  2  4 -4  3  1 -4 -3 -3 -3 -2  1    1   1   4   1   6   0   1   5   0  10  50   1   7   5   1   1   1   0   0   6  0.60 0.32
  185 S   -3 -1  3  1  1  0 -1 -3  4 -2 -2 -1  0 -1 -1  2 -1  2  0 -2    0   3  16   9   3   3   3   0  10   3   3   3   3   3   3  19   4   3   3   3  0.27 0.28
  186 L    0  0  1 -2  3 -2 -2  0 -2  0  0 -2  2  1 -3  0  0  4 -1  0    8   8   7   0   7   0   0   8   0   8   8   0   7   7   0   8   8   7   0   8  0.11 0.13
  187 Q   -1  0  0 -2  2  0  0 -1  1  0 -1  0  1  0  0  0  0  3  1  0    5   5   5   0   5   5   5   5   5   5   5   5   5   5   5   5   5   5   5   5  0.03 0.11
  188 L    0  0  0 -2  2  0  0 -1  2  0 -1 -2  1  1  0  0  0  3  1  0    6   6   5   0   5   5   6   6   5   6   6   0   5   5   6   6   6   5   5   6  0.08 0.13
  189 Y   -2 -1  0 -1  2  1 -1 -4  3  0 -2 -1  2  2 -1 -1  0  3  4  0    3   3   4   3   5   7   3   0   6   4   3   3   6   7   3   3   5   4  16   8  0.29 0.26
  190 Q    0 -1  0 -1  1  6 -1 -2  1  0 -2 -1  3  0 -5  0 -4  4 -4 -1    7   3   4   3   3  32   4   3   3   5   4   3   6   3   0   6   0   5   0   4  0.55 0.45
  191 R    0  0 -1  0 -3  1 -1  0  2  0  0  0  1  1  1  0 -1 -2  1  0    7   7   0   7   0   7   0   7   6   7   7   7   6   6   7   7   0   0   6   7  0.05 0.11
  192 S    0  1 -1 -2  3  1 -1 -2 -1  0 -2  1 -1 -1  2  1  1 -2  2 -1   10  10   0   0   9   9   1   1   0  10   1  10   0   0  10  10  10   0   9   1  0.16 0.12
  193 G    1  0  0  1  3  1 -1  0 -2  0  0 -1  2  0 -2  0  0  2 -2  0   13   5   4   8   7   8   0   7   0   8   6   0   8   5   0   5   5   3   0   6  0.07 0.11
  194 D   -4  0  0  6 -5  1  0 -4 -3  0 -2 -1 -4 -4 -4 -3  1 -5 -1 -4    1   6   4  51   0   5   5   1   0   5   5   4   0   0   0   1  10   0   3   0  0.88 0.44
  195 L   -1  0  0  0  2  1  0 -3  2  0 -1  0  1  1 -3  0  0  3  1  0    6   6   5   6   5   5   6   0   5   6   6   6   5   5   0   6   6   5   5   6  0.09 0.13
  196 F    0  0  0  0  2 -1  0  0 -2  0  0  0  1  0  1  0  0 -2  1  0    6   6   6   6   6   0   6   6   0   6   6   6   6   6   6   6   6   0   6   6  0.03 0.07
  197 L   -1  0 -1 -3  3 -2 -3 -1  0  1  2 -1  1  0 -1  0  0 -3  0  0    5   6   3   0   6   0   0   3   3   8  26   4   3   4   3   9   4   0   4   7  0.12 0.16
  198 G    1 -3 -2  0 -4  0  0  5  1  0 -2 -3 -3 -4 -4  0  0 -4 -4 -3   11   0   0   6   0   4   6  45   3   7   4   0   0   0   0   7   5   0   0   0  0.60 0.36
  199 V   -1  0  0  0  2  0  0 -1  2  0 -1  0  2  1  0 -1  0  4  1 -1    5   5   5   5   5   5   5   5   5   5   5   5   5   5   5   5   5   5   5   5  0.09 0.08
  200 P    0  0  0 -2  2  0 -1  0  2  0 -1  0 -1  1  1  0  0 -2  1  0    6   6   6   0   6   6   0   6   6   6   6   6   0   6   6   6   6   0   6   6  0.05 0.10
  201 F    0 -2  0 -2  2  0 -2  0  2  0  0 -2  2  1 -3  0  0  4  1  0    7   0   7   0   6   7   0   7   6   7   7   0   6   6   0   7   7   6   6   7  0.13 0.16
  202 N   -1 -3  7  2 -5 -3 -1 -3  1 -5 -5 -1 -4  0 -1 -1 -1  2  0 -5    4   0  52  10   0   0   3   0   4   0   1   4   0   4   4   3   4   3   3   0  0.97 0.54
  203 I    0  0  0 -2  2  1  0 -3 -2  0  0  0  1  1  1  0  0  4  1  0    6   6   6   0   6   6   6   0   0   6   6   6   6   6   6   6   6   6   6   6  0.09 0.14
  204 A    1 -3 -1 -3  2  0 -2 -1 -3  1  0 -2  2  1  1  0  0  3  0  1   13   0   3   0   4   5   0   4   0  11   7   0   6   7   7   8   4   4   4   9  0.13 0.17
  205 S    0 -1  0  0  1  3  1  0  1 -1  0 -1  1 -1 -3  1  0 -3 -2 -1    8   3   4   4   3  16   8   6   4   4   9   0   4   4   0  13   5   0   0   4  0.12 0.19
  206 Y    0 -2 -2  0  2  0  0  0  2  0  0 -2  1  1  1  0  0  4  1  0    6   0   0   6   6   6   6   6   6   6   6   0   6   6   6   6   6   6   6   6  0.09 0.15
  207 S    0  0  1  0 -3  1  0  0  2  0 -2  0 -2  1  1  0  0  3  1 -1    6   6   6   6   0   6   6   6   6   6   1   6   0   6   6   6   6   6   6   6  0.09 0.12
  208 L    0 -1 -2 -1  1 -2 -1 -1  0  1  2 -1  1  1 -3 -1  0  2  1  0    7   4   0   3   4   0   3   4   3  11  21   5   4   7   0   3   8   3   4   5  0.09 0.10
  209 L    0 -2 -2 -2 -2  1  0 -3 -2  1  0 -2  2  2 -2 -1  0  5  2  1    9   0   0   0   0   9   9   1   0   9   9   0   9   9   0   1   9   8   9   9  0.17 0.14
  210 L    0  0  0 -2  2  1 -2  0  2  0  0  0  1  1 -3  0  0 -2  1  0    6   6   6   0   6   6   0   6   6   6   6   6   6   6   0   6   6   0   6   6  0.05 0.11
  211 L    0  0  0  0  2  0  0  0  1  0 -1  0  1  0 -2  0  0 -2  1  0    6   6   5   6   5   5   6   6   5   6   6   6   5   5   0   6   6   0   5   6  0.03 0.07
  212 M   -1 -3  0  0  1 -1 -1 -1 -3  2  1 -1  5  0 -4 -1 -1  3  0  0    4   0   6   6   3   3   3   4   0  13  12   3  19   4   0   3   3   5   3   3  0.22 0.25
  213 V    0 -2 -2 -2 -2  1 -1  0  2  0  0 -2  2  1 -2  0  0 -2  2  0    8   0   0   0   0   7   0   8   7   8   8   0   7   7   0   8   8   0   7   8  0.03 0.12
  214 A    4 -1 -3 -1  3 -3 -1  0  1 -1 -2 -3 -3 -4  0  0 -1 -4 -3 -1   48   4   0   3   6   0   5   6   4   3   4   0   0   0   5   6   3   0   0   3  0.48 0.38
  215 Q   -1  0  0  0  2  0  0 -1  2  0 -1  0  1  0 -3  0  0  3  1  0    5   5   5   5   5   5   5   5   5   5   5   5   5   5   0   5   5   5   5   5  0.06 0.10
  216 V   -1  0 -2  0  2  0  0 -1  2  0 -1  0  1  0  0  0  0  3  1  0    5   5   0   5   5   5   5   5   5   5   5   5   5   5   5   5   5   5   5   5  0.06 0.10
  217 T    0 -1 -1 -4  5 -1 -1 -4  1  0  0 -1  1  0 -1  0  3 -4  1  0    9   3   3   0  13   3   3   0   3   4   9   3   3   4   3   5  18   0   5   8  0.28 0.26
  218 G   -2 -1  3  3  0  0  0  4  1 -4 -5 -1 -4 -4 -4 -1 -1 -4  0 -2    3   3  12  15   3   3   5  33   3   0   1   4   0   0   0   4   3   0   4   3  0.51 0.36
  219 L   -2  0  1 -2  2  1 -2 -3  2  0  0  0  2  1 -3  0  0  4  2  0    0   7   7   0   6   7   0   0   6   7   7   7   6   6   0   7   7   6   6   7  0.14 0.17
  220 K    0  0  0  0 -3  1  0  0  2  0 -1  0  1 -2  0  0  0  3  1  0    6   6   5   6   0   5   6   6   5   6   6   6   5   0   6   6   6   5   5   6  0.07 0.10
  221 P    0  0 -2 -2  2  1  0  0 -2  0  0 -1  1  1  1  0  0 -2  1  0    7   7   0   0   6   7   7   7   0   7   7   0   6   6   7   7   7   0   6   7  0.06 0.11
  222 A   -1  0  0 -1 -4  0 -1  4  1 -3 -2  0  0 -1 -3 -1  0  2  0 -1    4   4   4   4   0   4   4  37   3   0   4   7   3   3   0   3   5   3   3   4  0.35 0.27
  223 E   -2  0 -1  2 -1  0  4 -2  0 -2 -3  1 -1 -2 -4  0  0  0  2 -2    2   5   2  10   2   2  32   3   2   2   2  10   2   2   0   6   5   2   7   2  0.39 0.32
  224 F    0  0 -2 -3  2 -2 -2  0 -2  0  0 -2  2  1  1  0  0  4  1  0    7   7   0   0   7   0   0   7   0   7   7   0   7   7   7   7   7   7   7   7  0.13 0.15
  225 I   -1  0  0  0  2 -2  0 -1  2  0 -1  0  1  0  0  0  0  3  1  0    5   5   5   5   5   0   5   5   5   5   5   5   5   5   5   5   5   5   5   5  0.05 0.09
  226 H   -2 -3 -4 -5 -1 -2 -4 -2  8  2 -1 -5  2  0 -5 -3 -3  6  3 -1    3   2   0   0   2   2   0   4  35  10   7   0   5   3   0   2   2   9   9   4  1.13 0.63
  227 T   -1 -1  1  0  0  0 -1 -1  0  0 -2 -1  0  1 -1  1  2  3  1  1    3   3   6   6   3   4   2   3   2   4   3   3   3   6   2  12  17   4   4  10  0.12 0.18
  228 I    0 -2 -1 -4  0 -2 -3  0  0  3  1 -3  2  1 -1 -1 -1  2  0  1    6   2   4   0   2   2   0   8   2  21  16   0   6   7   3   5   4   3   3   7  0.20 0.21
  229 G    0 -1  1 -1  1 -1 -2  4  0 -1 -2 -2  0 -4 -4  0  0 -4  0  0    7   3   7   3   3   3   2  32   3   4   3   2   3   0   0   6   5   0   4   9  0.30 0.26
  230 D    0  1  1  1  2  1  1 -2  2 -2 -1  1 -1 -2 -2  0  0 -2  1  0    7   7   7   7   7   7   7   0   7   0   7   7   0   0   0   7   7   0   7   7  0.10 0.12
  231 T    2 -2 -1 -2  3  1 -1 -1  0  0  0 -2  0  0  0  0  1 -3  0  0   20   0   3   0   7   7   3   4   3   3   7   0   3   3   5   7  11   0   3   9  0.11 0.15
  232 H   -4  0  1  0 -5  1  1 -4  9 -5 -2  0 -4 -3 -4 -3 -4 -4  2 -5    1   4   7   4   0   6   7   1  53   0   4   5   0   0   0   1   0   0   7   0  1.37 0.57
  233 I   -1 -4 -4 -4  1 -3 -4 -4 -3  4  2 -3  1  2 -4 -3  0 -3  0  2    4   0   0   0   3   0   1   1   0  30  18   0   3  11   0   1   5   0   3  17  0.47 0.24
  234 Y   -5 -5 -2 -6  0 -5 -5 -6  1 -5 -5 -5 -5  0 -2 -5 -5 -2 10 -3    1   0   2   0   2   0   1   1   2   0   1   0   0   3   2   1   0   0  80   2  2.66 0.96
  235 S   -1  0  1  2  0  0  3 -2  1 -2  0  2 -1 -1 -3  0 -1 -4 -2 -2    5   5   6  11   2   4  19   1   4   1  11  12   1   4   0   8   3   0   1   3  0.19 0.17
  236 N   -1  1  6  2 -4  1 -1 -1 -1 -3 -3 -1 -2  0 -2 -1  0 -4 -3 -3    6   7  37  12   0   5   3   3   1   1   3   2   1   5   1   4   6   0   0   2  0.57 0.34
  237 H   -3 -4  0 -2 -2  4 -3 -4 10 -5 -4 -4 -5 -5 -5 -2 -2 -5 -3 -2    2   0   3   3   1  16   1   1  60   0   2   0   0   0   0   3   2   0   0   4  2.02 0.78
  238 L   -2 -2 -3 -3 -2 -2 -1 -4 -2  4  1 -2  1  2 -4 -3 -1  0  1  3    2   3   1   1   1   1   4   1   1  26  12   3   3   7   0   1   3   1   5  23  0.43 0.26
  239 E   -2  1  0  3 -5 -1  5 -3 -1 -4 -4  1 -3 -2  1  1 -1 -2 -4 -4    3   7   4  15   0   1  35   2   1   1   1   8   1   2   6  10   3   1   0   0  0.59 0.37
  240 Q    2 -2 -1 -2 -2  4 -1  0 -1 -1  0 -1 -1 -3  3 -1 -2 -4 -2 -2   21   1   3   1   1  22   2   7   1   3  10   4   2   1  15   3   1   0   1   2  0.38 0.30
  241 V    2 -3 -5 -5  1 -4 -4 -4 -4  2  3 -4  1 -1 -2 -3 -1 -4 -1  3   18   1   0   0   2   0   0   0   0  10  33   0   3   2   1   1   2   0   2  23  0.56 0.33
  242 K   -2  2  1 -1 -2  3  2 -3  0 -3 -1  4  1 -2 -3 -2 -2 -2 -2 -2    2  11   6   3   1  13  13   1   2   1   8  24   3   1   1   2   2   0   1   2  0.40 0.29
  243 I   -2 -2 -3 -1 -3  1  5 -3 -2  0 -1  0 -1  0 -3 -2  1 -2 -4 -1    3   2   1   3   1   6  43   1   1   7   6   5   1   5   1   1   7   1   0   5  0.59 0.39
  244 Q   -4 -3 -3 -5 -6  8 -3 -6 -2 -1  1 -4  2 -3 -5 -4 -4 -1  0 -2    1   1   1   0   0  63   1   0   1   4  14   0   5   1   0   0   1   1   3   2  1.62 0.79
  245 L   -3 -4 -6 -5 -1 -4 -6 -7 -3  3  6 -6  2 -1 -3 -5 -4 -5 -1 -1    2   1   0   1   1   0   0   0   1  13  66   0   5   2   1   1   1   0   2   4  1.24 0.59
  246 Q    0  0  0 -1 -2  4  2 -2 -2 -4 -2  2 -2 -5 -3  2  1 -5 -3 -3    8   5   4   2   1  19  11   3   0   0   3  14   1   0   1  17   8   0   1   2  0.40 0.33
  247 R   -5  8  0 -5 -7 -3 -5 -5 -3 -3 -6  1 -3 -5 -6 -4 -3 -7 -6 -5    1  79   4   1   0   1   0   1   1   2   1   6   1   1   0   1   2   0   0   1  2.19 0.94
  248 E   -2 -1 -2  1 -4  1  5 -4 -1 -2 -2  1 -3 -3  0  0  2 -5 -2 -2    3   2   2   7   0   4  35   1   1   2   5   9   0   1   5   6  11   0   2   3  0.47 0.36
  249 P   -2 -5 -6 -2  1 -3 -3 -5 -4 -1 -4 -6 -3 -4  8 -2 -1 -3 -5 -2    3   0   0   2   3   1   2   1   0   4   2   0   1   1  68   3   5   0   0   3  1.88 0.86
  250 K   -4  5 -1 -2 -4 -1 -1 -5  1 -3  0  3  1  1 -4 -3 -2 -4  4 -3    1  28   3   2   0   3   3   1   3   1   9  18   3   6   0   2   2   0  16   1  0.70 0.44
  251 K    0 -1 -1  0 -2 -1  2 -2  1 -4 -4  1 -3 -5  6 -1 -1 -6 -4 -3    7   3   3   4   1   3  11   3   3   1   2   9   1   0  38   5   3   0   1   1  0.78 0.47
  252 L    0 -3 -2 -4 -5 -2 -3 -4 -2 -2  3 -1 -1  6 -1 -1 -3  0  0 -2    7   2   2   1   0   2   2   1   1   1  27   3   1  34   3   5   1   1   2   2  0.70 0.42
  253 P   -4 -6 -7 -5  2 -5 -5 -4 -4 -7 -6 -5 -7 -8  9 -4 -5 -8 -4 -5    1   0   0   0   4   0   1   1   0   0   1   1   0   0  85   1   1   0   1   1  2.84 1.20
  254 K   -3  2 -1 -2 -4  1  0 -3 -3  1 -3  4 -2 -4 -4 -1  3 -5 -3  0    2  11   2   2   0   6   6   1   0   8   1  27   1   1   0   3  21   0   1   6  0.55 0.40
  255 V   -5 -5 -5 -5 -3 -6 -6 -7 -6  2  6 -6  3  0 -5 -5 -4 -5 -2  2    1   1   0   1   0   0   0   0   0   9  63   0   7   4   1   1   1   0   1  11  1.29 0.62
  256 T   -2  3  0 -2 -5 -1  2 -4  1  0 -2  4 -2 -2 -4 -1  1  3 -1  0    2  14   4   2   0   1  13   1   3   6   3  26   1   1   0   3   7   4   2   6  0.39 0.30
  257 L   -4 -6 -7 -7 -5 -6 -5 -7 -6  6  3 -6  1  2 -6 -4 -4 -2 -2  1    1   0   0   0   0   0   1   0   0  48  26   0   3   9   0   1   1   1   1   8  1.32 0.62
  258 N   -1  0  5  2 -3 -2 -1 -3 -2 -3  0  2 -3 -4 -2  1  0 -6 -5 -3    4   4  33  11   1   1   3   2   1   2  10  11   0   1   2  10   6   0   0   2  0.56 0.40
  259 P   -1  3  0  1 -2  0  0 -2 -1 -4 -5  1 -3 -5  5 -1 -2 -2 -2 -5    4  19   4   9   1   3   7   3   2   1   1   7   1   0  32   4   2   1   1   0  0.75 0.46
  260 D   -2  1  2  3 -5  0  3 -1 -1 -4 -4  3 -4 -5 -2  0  0 -3 -3 -3    3   8   8  15   0   3  19   4   1   1   2  20   0   0   2   6   5   0   1   1  0.48 0.34
  261 I   -1  0 -4 -3 -3 -3 -3 -2 -2  3  0  2 -2  1  1 -3 -2  1 -1  3    4   4   0   1   0   1   1   3   1  20   7  12   0   5   8   1   1   2   2  24  0.37 0.29
  262 K   -2  0  1  2 -3  0  2 -2 -1 -3 -4  5 -5 -6 -2 -1  2 -2 -4 -2    3   4   6  10   1   3  14   2   2   1   1  33   0   0   2   4  12   1   0   2  0.58 0.42
  263 N   -3 -3  2  5 -3 -1  0 -2 -2 -4 -4 -1 -4 -4 -1  3  2 -2 -3 -4    2   1  10  30   1   2   5   3   1   1   1   4   0   1   3  23  10   1   1   1  0.68 0.47
  264 I   -6 -4 -6 -7 -6 -6 -7 -7 -7  7  2 -3  1  3 -3 -6 -5  0 -1 -1    0   1   0   0   0   0   0   0   0  52  20   2   3  13   2   0   0   1   2   3  1.41 0.67
  265 F   -3 -3  1  5 -4 -3  2 -3  0 -5 -2 -2 -2  4 -4 -1 -1  0  2 -4    1   1   6  31   0   0  14   1   2   0   4   2   1  19   1   4   3   1   6   1  0.75 0.47
  266 D   -1 -2  1  7 -3 -1  1 -1 -2 -7 -5 -1 -6 -6 -4  1 -2 -7 -6 -5    6   2   6  52   1   2  10   4   1   0   1   3   0   0   0   9   3   0   0   1  1.16 0.63
  267 F   -5 -5 -7 -7 -4 -6 -7 -6 -1  1  2 -6  2  7 -6 -6 -6  3  4 -2    1   1   0   0   0   0   0   1   1   7  17   0   4  48   0   0   0   3  13   2  1.55 0.72
  268 R   -2  3 -1  0 -3  0  2 -3 -2 -4 -3  3 -3 -3 -4 -1  4 -2 -5  0    3  13   3   5   1   4  13   2   1   0   2  19   0   1   0   3  23   1   0   7  0.48 0.38
  269 F    2 -2 -3 -3 -2 -3 -2 -3 -3  0  0 -2  0  3  3 -1 -1  2  2  0   18   2   1   1   1   1   3   1   0   5   9   2   3  13  14   4   4   3   8   8  0.31 0.26
  270 E   -2 -4  0  5 -7 -1  5 -2 -2 -3 -6 -1 -6 -7 -4  1 -1 -7 -3 -5    4   0   3  26   0   2  40   3   1   2   0   3   0   0   0  10   3   0   1   0  1.04 0.61
  271 D   -5 -5  0  8 -4 -2 -2 -5  4 -4 -7 -4 -3 -6 -6 -2 -5  0 -2 -6    1   0   4  71   0   2   2   1   8   1   0   1   1   0   0   3   0   2   2   1  1.97 0.92
  272 I   -5 -7 -7 -8 -3 -7 -7 -8 -6  4 -1 -7 -1  8 -7 -6 -3 -2 -1  1    1   0   0   0   1   0   0   0   0  19   6   0   1  58   0   1   2   0   1  10  1.86 0.82
  273 S   -2  0 -1 -2 -5  2  4 -4  1  0 -3  3 -2 -3 -4  0  1 -2 -4  0    3   4   3   2   0   8  29   1   3   6   1  17   1   1   0   6   7   1   0   7  0.48 0.38
  274 L   -5 -5 -8 -8 -6 -7 -7 -8 -7  4  5 -7 -1 -2 -5 -6 -4 -6 -3  3    0   1   0   0   0   0   0   0   0  22  56   0   1   1   0   0   1   0   1  16  1.43 0.69
  275 E   -2 -1 -1 -1 -2  0  4 -4 -1  2 -1  0 -1 -2 -4 -1  0 -4 -2  2    2   3   3   3   1   4  30   1   1  12   5   7   1   2   0   4   6   0   1  15  0.38 0.32
  276 N   -4 -4  5  5 -5 -4 -2  5 -3 -8 -8 -4 -7 -6 -6 -4 -5 -7 -4 -7    1   1  26  27   0   0   2  39   1   0   0   1   0   0   0   1   0   0   1   0  1.50 0.75
  277 Y   -8 -5 -8 -9 -9 -8 -8 -9 -4 -8 -6 -8 -7 -2 -6 -8 -8 -4 10 -7    0   1   0   0   0   0   0   0   0   0   1   0   0   1   1   0   0   0  97   0  3.89 1.51
  278 E   -3 -1  3  4 -4  3  2 -3  2 -4 -4  2 -3 -3 -4 -1 -1 -6 -2 -2    2   3  16  20   0  11  13   1   4   1   2  13   0   1   0   3   4   0   1   4  0.56 0.38
  279 H   -1 -4 -2 -6  3 -5 -5 -6  6 -7 -7 -4 -6 -2  7  2 -3 -7  1 -6    5   1   2   0   5   0   0   0  17   0   0   1   0   2  47  15   1   0   4   0  1.59 0.80
  280 H   -2 -4 -1 -1 -2  1 -3 -1 10 -7 -3 -2 -1 -3 -7 -5 -5 -2  2 -7    3   1   3   3   1   5   1   6  59   0   3   3   2   1   0   0   1   1   7   0  2.02 0.89
  281 D   -1 -4 -2  0 -7  0  1  1 -6 -6 -6  0 -6 -8  7 -2 -3 -8 -7 -6    4   0   2   4   0   4   7  10   0   0   1   6   0   0  56   3   1   0   0   0  1.48 0.75
  282 P    2 -1 -1 -3 -4  0 -2 -2  2 -2 -3  3 -4  0  3  1  1 -2 -2 -2   19   3   2   1   0   3   1   3   5   2   2  18   0   4  16   8   8   1   1   3  0.37 0.32
  283 I   -5 -6 -4 -8 -6 -7 -8 -8 -7  8  0 -7  2 -2 -7 -5 -5 -7 -2  0    0   0   1   0   0   0   0   0   0  75   9   0   5   2   0   1   0   0   1   5  2.03 0.86
  284 K   -1  1 -1 -2 -7 -1  1 -5 -3 -5 -6  6 -6 -4  0  0 -2 -2 -3 -5    5   7   3   2   0   2   7   0   1   0   0  56   0   1   5   6   2   1   1   1  1.13 0.64
  285 G    4 -4 -5 -6 -3 -5 -5  0 -5  0 -2 -5  7  3 -5 -4 -2 -5  3 -2   30   1   0   0   1   0   0   8   0   6   3   0  24  13   0   0   2   0   9   2  0.95 0.57
  286 K   -2 -2 -3  0 -7  0  4 -6 -4 -6 -7  3 -5 -8  6 -3 -4 -8 -7 -5    4   1   1   5   0   3  25   0   0   0   0  19   0   0  37   2   1   0   0   0  1.29 0.69
  287 V   -5 -6 -7 -8 -6 -5 -7 -8 -7  3  1 -6  8  0 -4 -5 -4 -6 -5  5    0   0   0   0   0   0   0   0   0  12   9   0  39   4   1   0   1   0   0  33  1.67 0.77
  288 A    6 -6 -2 -6 -5 -4 -3 -4 -4 -4 -5 -5 -5 -7 -4  2 -2 -7 -6 -1   72   0   2   0   0   0   1   1   0   1   0   0   0   0   1  16   2   0   0   4  1.56 0.79
  289 V   -5 -7 -8 -8 -6 -7 -7 -8 -8  3 -4 -7 -4 -5 -7 -7 -5 -8 -6  8    0   0   0   0   0   0   0   0   0  13   0   0   0   0   0   0   0   0   0  87  2.38 0.94

                      K         Lambda
Standard Ungapped    0.1384     0.3204
Standard Gapped      0.0410     0.2670
PSI Ungapped         0.1195     0.3172
PSI Gapped           0.0366     0.2670
