
Last position-specific scoring matrix computed, weighted observed percentages rounded down, information per position, and relative weight of gapless real matches to pseudocounts
           A  R  N  D  C  Q  E  G  H  I  L  K  M  F  P  S  T  W  Y  V   A   R   N   D   C   Q   E   G   H   I   L   K   M   F   P   S   T   W   Y   V
    1 M   -3 -3 -4 -5 -3 -2 -4 -4 -3  0  2 -3  8  3 -4 -3 -2 -2 -1  0    0   0   0   0   0   0   0   0   0   2  19   0  61  15   0   0   0   0   0   2  1.03 0.26
    2 S    3 -3 -1 -2 -3 -2 -1 -2 -3 -3 -4 -2 -3 -4  5  3  1 -4 -3 -3   27   0   1   0   0   0   2   0   0   1   0   0   0   0  31  29   9   0   0   0  0.79 0.25
    3 F   -1  0 -1 -3  2 -2 -2 -3  2  1  1 -2  3  2 -3 -2 -1 -2  3  1    6   7   3   0   5   0   1   1   6  11  11   1  13  10   0   0   4   0  12   8  0.19 0.12
    4 E   -1  3 -1 -2 -3  0  1 -3  1 -3 -3  2 -2 -4 -2  1  3 -4 -3 -2    1  24   2   1   0   3  11   0   3   0   1  17   0   0   1  10  25   0   0   3  0.45 0.20
    5 I   -3 -4 -5 -5 -3 -3 -5 -5 -4  5  2 -4  6  0 -2 -4 -3 -4 -2  1    0   0   0   0   0   1   0   0   0  39  18   0  31   2   2   0   0   0   1   6  0.96 0.33
    6 S   -1 -3  0  4 -3 -2  0 -1 -2 -4 -4 -1 -3 -4  3  3  2 -5 -3 -3    1   0   2  26   0   0   5   4   1   0   0   3   0   0  14  32  11   0   1   0  0.61 0.25
    7 R   -3  7 -3 -3 -6 -1 -2 -4  4 -5 -3  0 -4 -5  0 -3 -4 -5 -4 -5    1  78   0   0   0   1   0   1  10   0   2   2   0   0   4   0   0   0   0   0  1.59 0.46
    8 E    1  1 -1  1 -4  2  4 -3  1 -3 -3  1 -3 -3 -1  0 -1 -4 -2 -3   15   8   1   6   0   9  35   0   3   0   2   8   0   1   1   7   1   0   1   1  0.43 0.20
    9 Q    2  0  0  1 -2  1  2 -1 -1 -2 -1  0 -2 -2 -1  0  1 -3 -2 -1   29   4   3  10   0   7  15   3   1   2   4   4   0   1   1   4   8   0   0   5  0.18 0.12
   10 Y   -5 -2 -5 -6 -5 -4 -5 -6  1 -4 -4 -4 -4  1 -6 -4 -2 -1  9 -4    0   2   0   0   0   0   0   0   3   0   0   0   0   2   0   0   2   0  92   0  2.52 0.61
   11 A    5 -2 -2 -3 -1 -3 -3 -2 -3 -1 -1 -1 -1 -2 -3  0  0 -4 -3  1   66   2   1   0   1   0   0   1   0   3   4   2   1   1   0   2   6   0   0   9  0.66 0.29
   12 G    1  0  3  2 -2  0  1  0 -1 -2 -2 -1 -2 -3 -2  1  0 -4 -2 -2   16   4  16  15   1   4   9   6   1   1   4   2   0   0   0  15   4   0   0   2  0.24 0.12
   13 M   -1  0 -2 -3 -3 -1 -3 -4 -1  3  2 -2  6 -1 -4 -1 -1 -3 -2  0    4   7   1   0   0   2   0   0   2  18  19   1  35   0   0   3   3   0   0   3  0.48 0.22
   14 F   -3 -3 -2 -4 -3 -3 -3 -4  3 -2 -2 -3 -2  5 -4 -2 -3  0  7 -2    1   1   1   1   0   0   1   1   6   1   1   1   0  24   1   3   1   0  57   1  1.25 0.30
   15 G   -1 -3 -2 -3 -4 -3 -3  7 -3 -4 -4 -3 -4 -4 -3 -2 -3 -4 -4 -4    1   1   0   1   0   0   1  90   0   1   1   1   0   0   1   1   1   0   0   1  1.62 0.35
   16 P   -1 -3 -3 -3 -4 -2 -3 -3 -3 -3 -3 -3 -3 -4  8 -2 -2 -4 -4 -3    3   1   0   1   0   2   1   1   0   1   2   1   0   0  83   1   2   0   0   1  2.10 0.41
   17 T   -1 -1 -1  0 -2 -2 -2 -2 -3 -2 -3 -2 -2 -3 -1  0  6 -3 -3 -2    4   3   0   7   0   0   1   2   0   1   1   1   0   0   2   3  73   0   0   1  0.92 0.31
   18 T    1 -2 -2 -3 -2 -2 -1 -3 -1  0  0 -1 -1 -3 -3  0  4 -3 -3  3    9   1   0   0   0   0   3   1   1   3   8   3   0   0   0   2  41   0   0  26  0.44 0.23
   19 G   -2 -2 -1 -1 -4 -3 -3  6 -3 -5 -5 -2 -4 -4 -4 -2 -3  4 -4 -4    1   1   1   4   0   0   0  81   0   0   1   1   0   0   0   1   0   6   0   0  1.49 0.39
   20 D   -3 -3 -1  7  1 -2 -1 -2 -3 -4 -5 -3 -4 -5 -3  0 -1 -5 -4 -4    1   0   0  81   3   0   0   2   0   0   1   0   0   0   0   5   3   0   0   0  1.57 0.44
   21 S    0  4 -1  0 -2  1 -1 -2 -1 -1  0  3 -1 -3  0  0 -1 -3 -2 -1    7  29   0   6   1   4   0   1   1   3  10  20   1   0   3   8   1   0   0   4  0.28 0.15
   22 I   -2 -4 -4 -4 -3 -3  0 -4 -4  4  0 -3  1  0 -4 -3 -2 -4 -2  5    1   0   0   0   0   0   7   0   0  24   4   0   2   3   0   0   0   0   0  55  0.73 0.29
   23 R   -2  7 -2 -3 -2  0  1 -3 -1 -4 -2  0 -3 -4 -2 -2 -1 -4 -2 -3    2  71   0   1   1   3   7   1   1   1   3   2   0   0   1   1   3   0   1   2  1.14 0.36
   24 L   -1 -3 -4 -4 -3 -3 -4 -4 -4  0  5 -3  1 -1 -4 -3 -2 -3 -2  1    5   1   0   1   0   0   1   1   0   1  78   1   2   0   1   1   1   0   0   6  0.92 0.31
   25 G    3 -3 -2 -3 -3 -3 -3  6 -3 -4 -4 -3 -3 -4 -3  0 -2 -4 -4 -3   27   1   0   1   0   0   1  61   0   1   1   1   0   0   1   4   1   0   0   1  1.05 0.31
   26 D   -2 -3  0  7 -4 -2  0 -3 -1 -4 -3 -2 -2 -4 -3  0 -1  3 -3 -4    2   1   3  73   0   0   2   1   1   1   2   1   1   0   1   5   3   4   0   1  1.31 0.38
   27 T   -1 -3 -2 -3 -3 -2 -2 -3 -3 -1 -3 -2  2 -3 -3  2  6 -4 -3 -2    2   1   0   1   0   0   1   1   0   2   1   1   6   0   1  15  67   0   0   1  1.01 0.37
   28 N   -1  0  3  4 -1  0  2  0 -1 -3 -3 -1 -2 -3  1  0 -1 -4 -3 -3    4   5  15  27   1   3  18   8   0   1   2   1   1   0   6   5   2   0   0   1  0.40 0.16
   29 L   -3 -3 -4 -4 -3 -1 -4 -4 -4  1  5 -3  2 -2 -4 -1 -2 -3 -3  0    1   0   0   0   0   3   0   1   0   5  72   0   5   0   0   6   0   0   0   5  0.85 0.37
   30 F   -2  1 -4 -4  0 -3 -2 -4  1  1  0 -3 -1  2 -4 -2  0  8  2  1    3  11   0   0   2   0   2   0   3   8   6   0   1   9   0   2   6  26   5  13  0.73 0.32
   31 A    1 -2 -3 -3  0 -2 -3 -3 -3  3  1  0  0  0 -3 -1  0 -3 -2  3   15   0   0   0   2   0   1   1   0  26   9   6   2   3   0   3   7   0   0  23  0.27 0.18
   32 K    0  2  0 -1 -1  3  3 -2 -1 -3 -2  1  1 -3 -2  0  0 -3 -1 -2    7  11   3   0   2  17  29   2   0   0   2   9   4   0   0   3   4   0   2   3  0.36 0.22
   33 I    0 -3 -3 -3 -2 -3 -3 -3  2  3  0 -3 -1 -2  2  0 -1 -3 -2  4    6   0   0   0   0   0   1   1   7  23   6   1   0   0  10   7   1   0   0  36  0.42 0.24
   34 E   -1  0 -2  1 -4  1  5 -1 -3 -4 -2 -2 -3 -4  0  0  0 -4 -4 -4    5   5   0   7   0   5  45   6   0   0   5   0   0   0   5   8   6   0   0   0  0.60 0.36
   35 K    0  0  1  0 -3  1  0  0  2 -2 -1  0 -1  1 -2  0  0  4  1 -1    6   6   6   6   0   6   6   6   6   0   6   6   0   6   0   6   6   6   6   6  0.10 0.12
   36 D   -3  0 -2  6 -4  1  1 -4 -3  0 -1 -2 -3 -4  1  0 -3 -5 -4 -3    1   6   0  50   0   6   6   1   0   7   7   0   0   0   7   7   0   0   0   1  0.83 0.39
   37 M    0  1 -2 -1  0 -2 -1 -3  2 -1  1 -2  0  3 -3  0 -2  2  2  1    8   9   0   5   3   0   3   1   6   0  12   0   3  17   0   9   0   3   8  12  0.16 0.16
   38 T    1 -1 -1 -3  1  1 -3 -1 -3 -1 -2 -2 -1 -4 -2  1  5  2 -3  0   15   3   2   0   3   7   0   3   0   3   3   0   2   0   2  10  38   3   0   5  0.48 0.36
   39 V    0  0  0  0  2  0  0 -1  1  0 -1  0  1  0  0  0  0 -2  1  0    5   5   5   5   5   5   5   5   5   5   5   5   5   5   5   5   5   0   5   5  0.03 0.05
   40 Y    1  0 -1 -2 -2 -1  0  1  1 -1 -2  0 -2  1  2  0  0 -1  3 -2   14   6   0   1   0   0   5  15   4   4   1   5   0   4   9   6   5   0  19   1  0.19 0.11
   41 G    1 -2 -1  2 -2 -1 -1  1 -2 -1 -2 -1 -1 -2  3  0  1 -3 -2  0   15   1   1  15   0   1   1  15   0   1   1   1   0   1  15   1  15   0   0  15  0.21 0.05
   42 D   -2  0  2  5 -4  0  2 -3 -2 -4 -4 -2 -4 -2  2 -2 -1 -4  0 -4    3   4   8  42   0   4  14   0   0   0   1   0   0   2  12   0   4   0   4   0  0.72 0.33
   43 E   -1  1 -2 -1 -5  1  6 -2 -2 -4 -4 -1 -4 -5  0 -1 -3 -4 -4 -2    4   6   0   0   0   3  68   3   0   0   1   0   0   0   5   3   0   0   0   4  1.09 0.48
   44 S    1 -1  0 -2  4 -1 -2 -2 -3  0  0 -2  0  0  3  0  1 -3 -2  1   12   3   4   0  13   3   1   1   0   4   7   0   3   4  15   8   9   0   0  13  0.25 0.16
   45 K    0  0 -1  0 -2  0  0 -2 -2  1  1  1  1 -2 -2  0  1 -3 -2  1    8   3   3   4   0   4   6   1   0   7  18   9   3   0   0   7  12   0   0  14  0.09 0.11
   46 F   -1  0 -2 -1 -3 -2 -1 -1  1  0  1 -1 -1  4 -1 -1  0  2  1  0    6   5   0   5   0   0   5   4   5   3  14   3   0  26   3   4   5   3   3   5  0.20 0.17
   47 G    0  0  0  0 -4 -3 -3  5 -3 -4 -4 -3 -4 -4  2  0 -3  3 -4 -1    7   5   5   6   0   0   0  43   0   0   1   0   0   0  12   6   0   5   0   6  0.68 0.33
   48 G    0  0 -2 -3  2  0 -2  0 -2  0  0 -2  1  1  1  0  0  4  1  0    7   7   0   0   6   7   0   7   0   7   7   0   6   6   7   7   7   6   6   7  0.12 0.15
   49 G    1 -1  2  2 -2 -1 -1  1 -1 -2  0 -1 -1 -2  2  1  0 -3 -2 -1   13   1  13  13   0   1   1  13   0   1  14   1   0   0  13  13   1   0   0   1  0.20 0.06
   50 K   -1  1  1 -1 -3  2  1  1  3 -3 -3  1 -2 -3  2  1  1 -3 -2 -2    1  10   9   0   0   9  10  10   9   0   1  10   0   0  10  10  10   0   0   1  0.25 0.12
   51 C    0 -1  0 -2  1 -2 -1 -1 -2  1 -1 -2 -1  1  0  0  2 -2  1  1    8   4   5   0   4   0   5   4   0   7   5   0   0   7   5   8  18   0   5  14  0.09 0.15
   52 L    0  0 -2  0  2 -1 -2  0 -2  0  0  0  1 -1  1  0  0  3  1  0    6   6   0   6   6   0   0   6   0   6   6   6   6   0   6   6   6   6   6   6  0.05 0.14
   53 R    0  5 -2 -3 -4 -1  0  1 -2 -3 -3  1 -3 -3  2  0 -2 -3  1 -1    7  36   0   0   0   0   6  11   0   0   1   8   0   0   9   7   0   0   7   6  0.47 0.30
   54 D   -1 -1  1  4  0  1  2  0  0 -3 -3  0 -3 -1  0  1  0 -4 -3 -1    3   3   4  27   2   5  15   5   3   0   1   6   0   4   4   9   4   0   0   5  0.30 0.22
   55 G    0  1  0  1  2  0  0  3 -2 -1 -1 -1 -2 -3  0  0  0 -3 -3 -1    4  10   4   7   5   4   4  33   0   4   5   0   0   0   4   6   5   0   0   4  0.25 0.19
   56 M    0 -2  1 -1 -2  1  0  0 -1  0  0 -1  1 -1  1  0  0 -2  1  0    8   0   7   0   0   7   8   8   0   8   8   0   7   0   8   8   8   0   7   8  0.07 0.11
   57 G    0  0 -1  0  2 -1  0  0  2  0  0 -1  1  1 -2  0  0 -2  1  0    7   7   0   7   6   0   7   7   6   7   7   0   6   6   0   7   7   0   6   7  0.04 0.11
   58 Q   -1  0  0  0  2  0  0 -1  2  0 -1  0  1  0  0  0 -2  3  1  0    5   5   5   5   5   5   5   5   5   5   5   5   5   5   5   5   0   5   5   5  0.06 0.11
   59 S    0  0  0  0  2  0  0 -1  1  0 -1  0  1  0  0  0  0 -2  1  0    5   5   5   5   5   5   5   5   5   5   5   5   5   5   5   5   5   0   5   5  0.03 0.05
   60 A    0  0  0  0  1  2  0  0 -2 -1 -1  0  0 -1  2  1  0 -3 -3  0    8   4   4   4   4  12   3   6   0   4   4   4   3   3  11  13   6   0   0   6  0.13 0.17
   61 T    0  0  0 -2  2  0  0  0 -1  0  0  0  1  0  1  0  0 -2  1  0    6   6   6   0   6   6   6   6   0   6   6   6   6   6   6   6   6   0   6   6  0.04 0.08
   62 E    1  0  0 -1  1  0  0 -1  2 -1  0 -1  0 -2  0  0  0  2  0  0   12   6   4   3   3   4   4   5   7   3   9   3   3   0   4   7   7   3   4   7  0.06 0.10
   63 L    0  0  0  0  2  0  0 -1  1  0 -1  0  1  0  0  0  0  3 -2  0    5   5   5   5   5   5   5   5   5   5   5   5   5   5   5   5   5   5   0   5  0.05 0.09
   64 R    0  1  1  1 -3  1  0  0  2 -2 -1  0 -2  1  1  0  0 -2  1 -2    7   7   7   7   0   7   7   7   6   0   7   7   0   6   7   7   7   0   6   0  0.10 0.11
   65 R    1  4 -1 -1 -3  0  0 -1  0 -2 -2  1  0 -1 -1  0  0 -3  1 -1   12  25   3   3   0   3   7   4   2   3   4   7   2   3   3   5   4   0   5   4  0.21 0.21
   66 D    0  1  0  1  1  1  0  0  1 -3 -2  0  0 -1  3  1  0 -3  0 -2    5   8   5   8   3   6   6   7   3   0   4   4   3   3  14  10   4   0   4   3  0.15 0.16
   67 N    0  0  0  0  2  1  0  0  1  0 -1  0  1 -2  1  0  0 -3  1  0    6   6   5   6   5   5   6   6   5   6   6   6   5   0   6   6   6   0   5   6  0.04 0.08
   68 P    0  0  0  0  2  1  0  0  2 -2 -1  0  1  0  0  0  0 -2  1 -1    6   6   5   6   5   5   6   6   5   0   6   6   5   5   6   6   6   0   5   6  0.05 0.09
   69 K    0  0  0  1  0  1  1  1  0 -2 -2  1 -1 -1  0  0  0 -3 -1 -1    5   6   4   7   2   8  12  14   2   2   3   7   2   3   5   6   8   0   2   4  0.12 0.14
   70 V    1 -1  0  0  2  0 -1 -1 -3 -1 -1 -1  3  0  0  0  1  2  0  0   15   3   5   4   4   4   3   4   0   3   4   3  10   4   4   7   8   3   4   7  0.10 0.16
   71 V    0  0  0 -2  2  0  0  0  1  0 -1  0  1  0  0  0  0 -2  1  0    6   6   5   0   5   5   6   6   5   6   6   6   5   5   6   6   6   0   5   6  0.04 0.08
   72 D    1 -1  2  2 -2  0  1 -1 -1 -1 -2 -1 -1 -2  2  1  1 -3 -2  0   12   1  12  12   0   0  12   1   0   1   1   1   0   0  12  12  12   0   0  12  0.21 0.08
   73 L   -1 -2 -3 -3  1 -1 -3 -3 -3  1  3 -1  2  0  0 -1  1  3  1  0    3   0   0   0   3   3   1   1   0   9  32   4   5   3   4   3  14   4   5   6  0.25 0.18
   74 I   -1 -1 -1  1  1  0 -1 -1 -3  1  0 -1  1  0 -3 -1  0 -3 -2  3    4   3   3  11   3   3   4   4   0   8   8   4   3   3   1   4   4   0   0  30  0.14 0.12
   75 I   -1 -2 -2 -3  4 -2 -2 -3 -2  2  2 -2  2  2 -2 -2 -1 -1  0  1    1   1   1   1  15   1   1   1   0  15  16   1  15  15   1   1   1   0   0  15  0.21 0.06
   76 T    0  1  0  0  1  0  0 -2  1 -1 -1  2  0 -3 -2  0  2 -3 -2 -1    5   9   4   4   4   4   4   1   4   4   4  19   3   0   1   7  18   0   0   4  0.17 0.13
   77 S   -2 -2  7  0 -5 -2 -2  3 -1 -5 -5 -2 -4 -5 -4  0 -3 -5 -4 -5    3   1  52   3   0   1   1  26   1   0   1   2   0   0   0   6   0   0   0   0  1.21 0.53
   78 A    4 -5 -4 -2  2 -4 -4  4 -5 -1 -3 -4 -4 -5 -2 -1  0 -5 -5  0   33   0   0   2   5   0   0  36   0   3   3   0   0   0   2   3   6   0   0   6  0.82 0.44
   79 V   -1  2  0 -1 -1  0 -1 -1 -1  0  1  1  1 -1 -3 -1  2  0 -1  1    2  15   3   3   1   3   2   5   1   5  13   9   4   2   0   2  14   1   1  13  0.12 0.15
   80 I   -1 -1  0 -5  0 -4 -5 -5 -5  5  0 -4  1 -3 -5 -4 -1 -5 -4  4    4   4   5   0   2   0   0   1   0  34   7   0   2   0   0   1   3   0   0  35  0.92 0.46
   81 L    0 -4 -1 -5  2 -4 -4 -4  1  2  1 -4  1  2 -4 -3 -3  4  1  4    8   0   3   0   5   0   0   0   3  10  10   0   4   7   0   0   0   7   6  33  0.57 0.36
   82 D   -1 -1  1  3  1 -2  0 -1  1 -1 -1 -1  0  0 -3  0  2 -4  0 -1    3   3   7  22   3   0   5   5   3   3   6   4   3   4   0   4  17   0   4   3  0.22 0.24
   83 Y   -1  0  0  0 -3  0  1  0  3 -1 -2  0  0 -3  3  0  0  2  0 -1    5   6   4   6   0   3   9   9   8   3   4   4   3   0  15   5   6   4   4   4  0.18 0.18
   84 T    1 -1  0  2 -1  0  1  1 -1 -2 -2 -1 -1 -3 -2  1  2  2  1 -1   10   3   5  11   1   4  10   9   2   2   3   2   2   0   2   9  13   4   5   3  0.15 0.18
   85 G   -1  0  1  1 -5  0  0  4  1 -5 -5  0  2 -5  0  0 -1 -5 -4 -5    5   6   6   7   0   4   6  35   4   0   1   5   5   0   4   7   4   0   0   0  0.52 0.34
   86 I    0  0  0  0  0 -1  0 -1  0  2  0 -1  1 -1 -1  0  1  2 -2  1    6   5   3   7   3   3   5   4   3  15   7   3   4   3   3   5  11   3   0   9  0.05 0.09
   87 Y   -1  0 -4 -3 -2 -1 -3 -1  1  0 -1 -2 -1  4 -3 -2 -1  1  5  1    5   6   0   2   1   3   1   4   4   4   5   1   1  21   1   3   3   1  20  12  0.43 0.29
   88 K   -1  3 -1  0 -2  0  2 -3  1 -3 -2  4 -2 -2  0  0 -1 -4  0 -2    3  18   2   3   1   3  12   1   4   1   4  28   1   2   4   5   2   0   4   2  0.37 0.27
   89 A    4 -2 -2 -4  2 -2 -1  3 -4 -4 -2 -3 -1 -4  0 -1 -1  0 -2 -2   49   1   1   0   5   1   4  20   0   0   2   0   1   0   4   2   4   1   1   3  0.63 0.39
   90 D   -2  0  1  6  2 -3  0  0  0 -5 -5 -3 -5 -5 -4 -1 -2  0 -2 -2    2   6   5  57   4   0   4   6   2   0   0   0   0   0   0   4   2   2   2   3  0.99 0.48
   91 I   -1 -4 -4 -4 -3 -1 -2 -4  1  5  2 -3  2 -2 -4 -3 -2 -4 -3  3    3   0   0   0   0   4   3   0   4  37  16   0   5   0   0   0   0   0   0  24  0.63 0.33
   92 G    3  0 -2 -3 -1 -2 -2  4 -3 -2  0 -1  0 -1 -3  0 -1  0 -1 -1   27   6   0   0   1   0   2  32   0   2   8   2   2   2   0   5   2   1   2   3  0.36 0.24
   93 I   -2  1 -2 -1 -3 -3 -3 -4 -4  4  0 -3  0 -1 -4 -3 -1 -4 -3  4    2   9   2   4   0   0   0   0   0  31   5   0   2   2   0   0   2   0   0  38  0.62 0.34
   94 R   -1  4  0  0 -1  1  1 -2  1 -2 -2  3 -1 -3 -3  0  0 -4 -2 -2    4  26   3   5   1   4   8   2   3   1   3  22   1   0   0   6   6   0   1   2  0.37 0.23
   95 D   -2 -1  3  4 -4  1  1  1  0 -4 -4 -1 -3 -1 -3  0  0 -4 -1 -4    2   2  14  31   0   5  10  13   2   0   1   3   0   3   0   6   5   0   3   0  0.49 0.27
   96 G   -1 -2 -1  0 -4 -2 -1  6 -1 -5 -4 -2 -4 -4  0 -1 -2 -4 -2 -4    2   2   2   4   0   2   4  70   1   0   1   2   0   0   4   3   2   0   1   1  1.15 0.45
   97 K   -2  4  0 -2 -2  1 -1 -3  1 -1  0  3  1 -2 -3 -1 -1 -3 -1  0    1  23   4   0   1   4   2   1   4   3   8  27   4   1   0   3   3   0   2   7  0.36 0.24
   98 I   -4 -6 -6 -6 -4 -5 -6 -6 -6  8 -1 -5 -2 -2 -1 -5 -4 -5 -4  1    0   0   0   0   0   0   0   0   0  85   2   0   0   2   3   0   0   0   0   5  1.95 0.73
   99 V    3 -2 -3 -2  0 -1  0 -3  0  0 -2 -2 -1 -2 -3  0  0 -2 -2  4   32   2   0   2   2   2   6   1   3   3   1   2   1   1   0   4   4   1   1  33  0.42 0.32
  100 A    2  0 -1 -1  0  0  1  0 -2 -1 -1  0  0 -1 -2  1  0  1 -1  0   28   6   2   3   2   3  11   6   0   2   4   4   2   2   0  10   3   2   2   6  0.14 0.17
  101 I   -1  0 -3 -3 -2 -2 -2 -3  1  2  1 -1  1  0 -3  0  0  5 -1  2    4   8   0   0   0   0   0   0   4  18  12   4   4   4   0   8   4   9   0  19  0.23 0.19
  102 G    0  0 -1 -1 -2 -2 -2  4 -2  0 -1 -1  0  0  1  0  0 -3 -2 -1    7   6   1   4   0   0   1  36   0   5   5   4   4   5   8   5   4   0   0   5  0.26 0.17
  103 N    1  1  0  0  0  0  1 -1  0 -1 -2  2 -2 -2  0  1  0 -3 -1 -1   12  10   5   4   2   3   8   3   2   6   1  16   0   0   4  13   6   0   2   3  0.13 0.11
  104 G    2  0  0  0 -1  0  0  1  0 -1 -1  0 -2 -2  2  0  0  0 -1 -1   21   5   5   5   1   4   5  11   3   6   5   4   0   1   9   7   3   1   2   3  0.11 0.10
  105 G    0  0 -1  0 -2 -1 -1  4  0  0  0  0 -2  0 -1  0 -1 -2 -1 -2    7   4   2   4   0   2   4  33   2   7   9   5   0   4   3   6   4   0   2   1  0.22 0.15
  106 N    0 -1  3  2 -2 -1  1 -1  1 -2 -1  0 -2 -1 -1  0  1 -2 -2 -1    6   3  21  10   1   1   8   5   4   1   6   4   1   3   3   7  12   0   1   4  0.20 0.14
  107 P    0 -1 -1  0 -2 -1 -1 -1  0 -1  0 -1 -1  0  5  0 -1 -2 -2 -2    8   3   3   7   1   1   3   4   2   4   9   3   2   4  33   6   4   0   1   2  0.45 0.19
  108 S    0  0  1  0  2  1  0  0  2 -2 -1  0 -2  0  1  0  0 -2  1 -2    6   6   6   6   6   6   6   6   6   0   6   6   0   6   6   6   6   0   6   0  0.09 0.11
  109 I    0  0  0  0  2  0  0  0  1  0 -1  0  1  0  1  0  0 -3 -1  0    6   6   5   6   5   5   6   6   5   6   6   6   5   5   6   6   6   0   0   6  0.03 0.07
  110 M    0 -1  1 -2  3  1 -1 -2  2  0  0  0  2 -2  1  0  1 -3 -2  0    8   0   7   0   7   7   0   1   7   8   8   8   7   0   8   8   8   0   0   8  0.11 0.13
  111 D    0 -1  1  5 -3  0  0 -1  0 -3 -2 -1 -2  0  1  0  0 -3 -2 -3   10   3   7  37   0   3   5   4   2   1   4   1   0   4   8   5   4   0   1   1  0.40 0.24
  112 N    0  0  1  1  1  0  0  2 -2 -2 -1  0  0  0  1  0  0 -2 -2 -2    7   6   7   8   3   4   6  19   0   1   5   5   4   4   6   6   6   0   0   1  0.12 0.10
  113 V    0  1 -1  1 -2 -1  0  0 -2  0  0  0  1 -2  1  0  0 -3 -2  0    8   8   0   8   0   0   8   8   0   8   8   8   7   0   8   8   8   0   0   8  0.07 0.08
  114 D   -1  1  1  2 -3  0  1  0  2 -2 -3  0 -2 -2  0  0  1 -3  0 -1    4   9   7  16   0   4   9   6   6   0   1   5   0   0   4   7  10   0   4   6  0.17 0.13
  115 F   -1 -1 -1  0  0 -1  0 -1  0  1  2  0  3  0 -1 -1 -1 -2 -1  0    5   4   3   5   2   3   6   4   3   8  22   5   8   3   3   5   4   0   2   5  0.08 0.08
  116 I    0  0 -1 -1  0  0  0 -1  0  1  0  0  0  0  0  0  0  1  0  1    7   4   3   3   2   5   6   4   2  10  11   6   3   3   4   7   4   2   2  10  0.01 0.02
  117 V    0 -1  0  0  0  0 -1  0  0  1  0 -1  0  0  1  0  0 -3 -2  1    9   4   5   5   2   4   4   7   2   9  10   2   3   4   6   6   7   0   0  11  0.03 0.05
  118 G    1 -1 -1  0  0 -1  0  3  0 -2 -2 -1 -3 -4  3  0 -1  2 -1 -2   12   3   2   5   2   3   8  22   2   3   4   2   0   0  15   5   4   3   2   3  0.29 0.27
  119 S    1  0  0  1 -2 -1  2  1 -1 -2 -3 -1 -3 -2  3  1  0 -4 -2 -1   11   5   3   7   1   2  12  11   1   2   2   3   0   1  13  13   6   0   1   5  0.21 0.21
  120 S    2 -1  1  1  0 -1 -1  2  0 -2 -3 -1 -3 -1 -1  1  0 -4 -1 -1   24   3   8   8   3   2   3  16   3   2   1   3   0   2   2   8   5   0   2   3  0.22 0.22
  121 T    1  0  0  0  0 -1  1 -1  0 -2 -2  0  0 -3 -1  0  4 -4 -1 -1   10   6   4   6   2   2   8   5   2   2   2   5   2   0   2   5  30   0   2   4  0.25 0.27
  122 E    0  0  1  0 -3  1  0  0  2  0 -1  0 -1 -2 -2  0  0  3  1  0    6   6   6   6   0   6   6   6   6   6   6   6   0   0   0   6   6   6   6   6  0.08 0.11
  123 A   -1  0 -3 -1  1 -2  1 -2  0  1 -1 -1  0 -1  0 -1  1 -3  0  3    5   6   0   2   3   0  10   4   2  10   3   3   3   2   5   3   9   0   3  28  0.16 0.21
  124 L   -2 -1 -4 -4 -3 -3 -2 -5  1  5  1 -2  1  1 -4 -1 -1  3  0  2    2   4   0   0   0   0   3   0   4  39  10   2   3   5   0   4   3   4   3  14  0.53 0.37
  125 S    1 -1  1  5 -1 -1  0 -2  0 -4 -4 -1 -1 -4  0  1  0 -5 -1 -2   13   3   5  37   2   2   4   2   2   0   0   4   2   0   5   9   4   0   2   2  0.50 0.37
  126 G    5 -4 -4 -4  2 -4 -4  4 -4 -1 -2 -4 -4 -4 -4 -1 -3 -5 -2 -2   47   0   0   0   5   0   0  33   0   3   3   0   0   0   0   2   0   0   2   3  0.99 0.53
  127 E   -1  1  0  2 -2  1  4 -2  0 -3 -4  1 -3 -3 -2  0  0 -1 -1 -3    5   8   3  10   1   4  35   2   2   1   1   8   0   1   1   6   7   1   3   1  0.47 0.33
  128 G   -2 -2 -1 -1 -5 -4 -3  6  2 -6 -6 -2 -5 -6 -5 -2 -3 -6 -5 -6    2   3   3   3   0   0   2  74   6   0   0   3   0   0   0   2   2   0   0   0  1.60 0.69
  129 L    0  0  1  0  2  1 -1  0  2 -2 -1  0  1  1 -3  0  0  4  1 -2    6   6   6   6   6   6   0   6   6   0   6   6   6   6   0   6   6   6   6   0  0.12 0.17
  130 I   -1  0 -2 -3 -2  0 -2 -1  2  3  1  0  1  0 -3 -1 -1  2  1  1    4   4   0   0   0   3   0   5   6  25  14   7   4   4   0   4   4   4   5   6  0.15 0.16
  131 V    0  1  0 -3  2 -2 -3 -3 -3  1  1 -2  1  0  0 -2  0 -3  0  3    5   9   6   0   4   0   0   1   0   7  10   0   4   4   4   0   4   0   4  34  0.26 0.23
  132 T    0  0 -2 -3  3 -2 -2 -1 -3  0  1 -2  1  0 -3  0  4 -3 -2  0    5   6   0   0   8   0   1   4   0   6  16   1   4   4   0   4  37   0   0   3  0.33 0.25
  133 A    2  1 -1 -3 -4 -2 -3 -3  2 -4 -2 -2 -3 -4  6 -1 -1 -4 -1 -2   22   9   3   0   0   0   0   0   5   0   3   0   0   0  46   3   3   0   2   3  0.99 0.42
  134 G    1  1  0  2  4 -1 -1  1  3 -2 -2  0 -2 -2 -2  0 -1 -2 -1 -2   15  15   1  15  15   1   1  15  15   1   1   1   0   1   1   1   1   0   0   1  0.21 0.06
  135 G    1  0 -2 -3  0 -1 -2  3 -1  0 -1 -2  2  2 -2 -1  0  0 -1  0   15   7   0   0   2   2   0  24   2   6   5   0   7  11   2   2   8   1   0   5  0.16 0.15
  136 I   -2  0 -4 -4  0 -3 -4 -4 -4  5  0 -3  1  1 -4 -3 -1  3 -2  3    2   6   0   0   2   0   0   0   0  48   3   0   2   5   0   0   2   5   0  19  0.69 0.33
  137 D   -2 -3  0  7 -4 -2  0 -3  0 -4 -4 -1 -4 -2  0 -1 -1 -5 -4 -3    3   0   2  67   0   0   5   1   2   0   1   2   0   2   5   2   4   0   0   2  1.19 0.46
  138 T    0  0  1  0  2  1  0  0  2  0  0 -1  1 -2  1  0  0 -3 -2  0    6   6   6   6   6   6   6   6   6   6   6   0   6   0   6   6   6   0   0   6  0.06 0.11
  139 H   -1  0  1 -1  1  0 -2  0  7 -4 -1 -2 -3 -2 -3 -1 -3 -3  3 -3    4   5   7   4   4   3   0   9  40   0   7   0   0   0   0   4   0   0  10   0  0.76 0.41
  140 V    1 -1 -1  0  0 -1  1 -1 -2  0 -1  0 -1  0  0  0  1 -3 -2  2   14   2   2   6   2   0   9   3   0   5   3   5   0   4   4   7   9   0   0  23  0.08 0.13
  141 H   -2 -1 -2 -1  2  1  0 -3  7 -3 -2  0  0 -2  1 -1 -2 -3  2 -1    1   3   0   4   5   8   7   1  33   0   4   5   3   0   7   4   0   0   9   7  0.58 0.35
  142 F   -1 -3 -1  0  0 -3 -3 -3 -1  1  1 -3  1  4 -1  1 -1  1  1  0    4   0   2   5   2   0   0   1   2   7  11   0   4  27   4  14   2   2   5   7  0.27 0.23
  143 I   -1  1 -1  0 -1  0  0  0  1  1 -1 -1  0  1  0  0  0  1  0  0    4   8   2   5   1   4   5   6   6  17   5   1   1   7   5   6   7   2   4   5  0.03 0.08
  144 T   -1  0  0  0  2  0  0 -1  2  0 -1  0  2  1  0 -1  0  3  1 -1    5   5   5   5   5   5   5   5   5   5   5   5   5   5   5   5   5   5   5   5  0.09 0.08
  145 P    0  0  0  0 -2  1  0  0  1  0 -1  0  1  0  1  0  0 -2  1  0    6   6   5   6   0   5   6   6   5   6   6   6   5   5   6   6   6   0   5   6  0.03 0.06
  146 A    0  0  0  0  2  0  0  0 -1  0  0  0  1  0  1  0  0 -2  1  0    6   6   5   6   5   5   6   6   0   6   6   6   5   5   6   6   6   0   5   6  0.03 0.06
  147 I   -1  0  0  0  1  1  0  1  1  0  0 -1  1  0  0  0  0 -2  0  0    4   4   4   4   3  10   4  10   3   6  12   3   5   6   3   5   5   0   4   4  0.02 0.07
  148 A    1 -1 -1 -1  2 -1 -1  0  0  1 -1 -2  2 -1  0 -1  1  3  0  1   14   3   3   4   4   3   4   6   3   8   5   3   4   3   4   5   7   4   3  10  0.09 0.09
  149 Y   -1  0  0  1  1 -1  2 -1  2  0 -2 -1  0 -1  0 -1 -1  2  2 -1    5   5   5   9   3   3  15   5   4   6   3   3   3   3   4   4   5   3   8   4  0.16 0.15
  150 S   -1  1 -1  2 -2 -2  4 -4  1 -4 -3  1 -7 -2  2  0  0  0 -7 -2    6   8   3  10   1   1  23   1   3   1   3   9   0   2   9   7   7   1   0   3  0.43 0.35
  151 A    4 -2 -3 -2  0 -4  2  0 -2 -8 -3 -2 -1  1 -7  2  0 -2 -1 -4   34   2   1   2   2   1  14   6   1   0   3   2   2   6   0  12   6   1   3   1  0.63 0.46
  152 L    0 -3 -2  3  1 -2  0 -1 -1  1  2 -3  1  0 -2 -1  0  1  0 -1    8   2   2  15   3   2   5   4   1   8  18   2   3   5   2   4   6   2   3   4  0.16 0.15
  153 E    1  0 -1  3  1  0 -2 -3  1 -3 -4 -3  2  1 -2  1  1  4  1 -1   10   5   3  17   3   4   3   3   3   2   2   2   4   5   2  10   8   5   5   5  0.31 0.26
  154 N    0 -3  1 -1 -1  0 -1  2  5 -8 -5 -3 -1  3 -7  3 -1  1 -2 -3    8   2   5   4   1   4   4  14  10   0   2   2   2  10   0  21   4   2   2   2  0.52 0.41
  155 G    0  0  0  0  2  0  0 -1  1  0 -1  0 -2  0  0  0  0  3  1 -1    5   5   5   5   5   5   5   5   5   5   5   5   0   5   5   5   5   5   5   5  0.06 0.08
  156 T   -1  0  0  0  2  0  0 -1  2  0 -1  0  1  0 -3  0  0  3  1  0    5   5   5   5   5   5   5   5   5   5   5   5   5   5   0   5   5   5   5   5  0.06 0.10
  157 T    1  0 -1 -2  2 -3 -1  0 -4 -2 -2 -2  0 -4 -3  0  5 -4 -1 -1   12   4   2   2   4   0   3   8   0   2   2   2   3   0   0   6  42   0   2   5  0.51 0.42
  158 T    2 -1 -1 -3  1  0  0  0  0 -3 -3 -3 -1 -4  0  1  4  1 -3 -1   18   4   2   0   3   3   5   6   2   0   0   0   2   0   3   9  34   2   0   5  0.44 0.38
  159 I    1 -1 -1 -3  1  0 -1 -1  1  0  0 -1  4  0 -3 -1 -1  2  1  1   15   4   3   0   3   3   4   5   5   4   8   4  16   4   0   3   4   3   4   9  0.16 0.21
  160 I    1 -1 -3 -1  1 -2 -3  0  1  1  0 -1  1  1 -3  0 -1  2  0  2   13   4   0   4   4   0   0   7   3  11   9   3   4   6   0   5   4   3   3  14  0.10 0.14
  161 G    0  0  0  0  2  0  0  0  1  0 -1  0  1  0  1  0  0 -3 -1  0    6   6   5   6   5   5   6   6   5   6   6   6   5   5   6   6   6   0   0   6  0.03 0.07
  162 G    1 -1  0  0  1  0 -3  4  1 -1 -2 -3  0  0 -1 -1 -1 -3  1 -1   10   4   3   7   3   4   0  30   4   3   4   0   3   4   3   4   4   0   6   3  0.25 0.25
  163 G    0  0  2  0  1  0  0  2  0 -1 -1 -1  0  0  0  0 -1 -3 -1  0   10   6  11   6   3   3   5  16   2   3   3   2   3   5   4   6   3   0   2   8  0.08 0.11
  164 T    0 -1 -1 -2  4 -1 -3  2  0 -1 -1 -1 -2  1 -2 -1  2  2 -1  1    8   4   2   2  11   2   0  16   3   4   5   3   0   6   2   3  15   3   2   9  0.22 0.23
  165 G    0  0  0  0  2  0  0  0 -2  0  0 -1  1  0  1  0  0 -2  1  0    6   6   6   6   6   6   6   6   0   6   6   0   6   6   6   6   6   0   6   6  0.03 0.09
  166 P   -1 -4  0 -1  2 -3 -1 -1  1  0 -1 -3  1  1  3  0  1  2  0  1    4   0   4   4   4   0   3   5   4   7   5   0   4   5  15   7  11   3   3  11  0.20 0.22
  167 A    0  0  0  0  0  0 -1  0  0  0 -1 -1  1  0  1  1  1 -3  0  0    6   6   4   6   3   3   4   5   3   5   4   3   5   4   5  11  12   0   4   7  0.04 0.08
  168 D    0 -1 -1  2  0 -1  0 -1  0 -1 -1 -1  0  0  1  0  2  2 -1  0    6   3   3  13   2   2   7   4   3   3   5   2   3   4   6   6  15   3   2   6  0.11 0.14
  169 G    0 -1  0  0 -3 -1 -1  1  0  0  0 -2  1  2  0  0  0  2  0  0    6   3   3   6   0   3   3  15   3   8   7   0   4  10   4   5   4   3   3   9  0.05 0.10
  170 T    0 -1  0 -1  1  0 -1 -1  1  0 -1 -2  1 -1  3  0  1 -4 -2  1    5   3   3   4   4   3   4   5   4   6   6   0   5   3  15   7  11   0   0  11  0.15 0.17
  171 N   -1 -1  2  1  1  0  0  0  1  1 -1 -1  1  0  0  0  0  1  0 -1    3   2  10   9   4   3   5   6   4   9   6   3   6   4   5   6   5   2   2   4  0.03 0.09
  172 S    3 -1 -1 -1  0  0 -2 -1 -1 -1 -1 -2  2  0  1  0  0  0  0 -1   24   3   3   3   2   4   2   4   2   3   5   2   6   4   8   7   5   1   4   5  0.17 0.21
  173 A    0  0  0  0  2  0  0 -1  1  0 -1  0  1  0  0  0  0 -2  1  0    5   5   5   5   5   5   5   5   5   5   5   5   5   5   5   5   5   0   5   5  0.03 0.05
  174 T   -1  0  0  0  2  0  0 -1  2  0 -1  0  2  1  0 -1  0  3  1 -1    5   5   5   5   5   5   5   5   5   5   5   5   5   5   5   5   5   5   5   5  0.09 0.08
  175 S   -1  0  0  1  3  2 -1  0  1 -1 -1  0  0 -1  1  0  1 -5  0 -1    5   5   4   7   7   8   4   6   3   4   5   5   3   3   8   8   8   0   3   5  0.11 0.11
  176 T   -1  1 -1  0  2  0  0 -1  1 -1 -1 -1  1 -1  1 -1  3  2  0 -1    6   7   3   5   4   5   7   4   3   3   6   4   3   3   7   5  16   3   3   5  0.13 0.14
  177 P   -1  0  0  1  0 -1  0  0  0 -1 -2  0  0 -5  4  0  0 -5 -1 -2    6   4   5   9   2   3   6   8   2   4   3   5   3   0  24   6   5   0   2   3  0.34 0.30
  178 G    0  0  0  0 -3  1  0  0  2  0 -1  0  1 -2  0  0  0  3  1  0    6   6   5   6   0   5   6   6   5   6   6   6   5   0   6   6   6   5   5   6  0.07 0.10
  179 A    0  1  0  0  0  0  0  0  0  0  0  0  0 -2  2  0  0 -3  0  0   10   9   3   5   3   4   6   7   3   6   7   4   3   0  10   4   5   0   3   8  0.06 0.07
  180 W   -1  0  0  0 -3  0  0 -1  1  0 -1  0  1  0  0  0  0  3  1  0    5   5   5   5   0   5   5   5   5   5   5   5   5   5   5   5   5   5   5   5  0.06 0.08
  181 N   -1 -1  2 -1  1  0 -1 -1  4 -1  0 -1  0  0 -1  0  0  2  2 -2    6   4   8   4   3   5   4   4  11   3   8   3   3   4   4   6   7   3   6   3  0.17 0.14
  182 I   -1  0  0  0 -3  0  0 -1  1  0 -1  0  1  0  0  0  0  3  1  0    5   5   5   5   0   5   5   5   5   5   5   5   5   5   5   5   5   5   5   5  0.06 0.08
  183 H    1  2  0  1 -3  1  1 -1  1 -1 -1  0  0  0  0  0 -1  2  0 -1   13  13   5   7   0   6   8   4   3   3   6   6   4   3   3   5   3   3   3   4  0.08 0.12
  184 Q   -1  0  0  0 -3  0  0 -1  1  0 -1  0  1  0  0  0  0  3  1  0    5   5   5   5   0   5   5   5   5   5   5   5   5   5   5   5   5   5   5   5  0.06 0.08
  185 M   -1  0  0  0  2  0  0 -1  2  0 -1  0  1  0 -3  0  0  3  1  0    5   5   5   5   5   5   5   5   5   5   5   5   5   5   0   5   5   5   5   5  0.06 0.10
  186 L   -1  1 -1 -2  0  0  0 -1  0  1  2  0  1  0 -1 -1 -1  1 -1  0    6   7   2   2   2   3   5   4   3   7  24   6   5   4   2   4   3   2   2   8  0.06 0.10
  187 R    0  2  0  0 -4  2  3 -1  0 -1 -1  0  0 -4 -1 -1 -1  1 -1 -2   10  10   4   6   0  12  20   4   2   3   6   6   2   0   2   4   3   2   3   3  0.22 0.24
  188 A    3  0 -1 -1  1  0 -1  0  0 -1  0  1  0 -1 -3  1 -1 -4 -3  0   30   6   2   3   3   4   4   5   2   3   8   8   3   2   0   9   2   0   0   6  0.21 0.24
  189 A    2  0 -1 -2  1 -1  0 -1 -3  0  0  0  0  0 -1 -1  0  3  0  1   21   5   3   2   3   2   6   4   0   5   8   4   2   4   3   4   7   4   2  10  0.11 0.15
  190 E   -1  0  0  0  2  0  0 -1  2  0 -1  0  2  1  0 -1  0  3  1 -1    5   5   5   5   5   5   5   5   5   5   5   5   5   5   5   5   5   5   5   5  0.09 0.08
  191 G   -1  0  1  3 -6  0 -1  1  2 -2 -2  1  0  0 -1 -1 -1  2  0 -1    5   5   7  17   0   5   4  10   4   3   3   8   3   4   4   4   3   3   4   4  0.20 0.17
  192 M    0  0 -2 -2  2  0  0 -1  2  0 -1  0  1  1  0  0  0  3  1  0    6   6   0   0   5   5   6   6   5   6   6   6   5   5   6   6   6   5   5   6  0.08 0.13
  193 P   -1  0  0  0  2  0  0 -1  2  0 -1  0  2  1  0 -1  0  3  1 -1    5   5   5   5   5   5   5   5   5   5   5   5   5   5   5   5   5   5   5   5  0.09 0.08
  194 V    0 -1 -1 -1  1  0 -2  0  1  0  1 -1  1  1  0  0  0 -2  0  1    8   3   3   3   3   3   0   7   5   5  16   3   6   8   5   5   4   0   3  10  0.03 0.08
  195 N    0  0  0  0 -2  1  0  0  2  0 -1  0  1 -2  1  0  0 -2  1  0    6   6   6   6   0   6   6   6   6   6   6   6   6   0   6   6   6   0   6   6  0.05 0.08
  196 M    1 -1  0 -1  1 -1  0 -2  2  0  0 -1  1  1  0  0  0  2  1  1   11   4   4   3   3   3   6   3   5   4   9   3   3   7   4   7   5   2   5   9  0.07 0.07
  197 G    1 -1 -1 -1  0 -1 -3  3  0  0  0 -3  2 -1 -4 -1 -1  1 -1  0   13   4   2   4   2   3   0  27   2   5  11   0   5   3   0   3   4   2   2   6  0.22 0.23
  198 I    0  0  0  0  2  0  0 -1  1  0 -1  0  1  0  0  0  0 -2  1  0    5   5   5   5   5   5   5   5   5   5   5   5   5   5   5   5   5   0   5   5  0.03 0.05
  199 Q   -1  0  0  0  2  0  0 -1  2  0 -1  0  2  1  0 -1  0  3  1 -1    5   5   5   5   5   5   5   5   5   5   5   5   5   5   5   5   5   5   5   5  0.09 0.08
  200 G    0  0  0  0  2  0  0 -1  1  0 -1  0  1  0  0  0  0  3 -2  0    5   5   5   5   5   5   5   5   5   5   5   5   5   5   5   5   5   5   0   5  0.05 0.09
  201 K    0  0  0 -1  1  0  0  1 -1  0  0  1  0 -1  0  0  0  1 -2  0    9   5   4   3   3   3   7  11   2   7   7  11   3   2   6   5   4   3   0   6  0.05 0.07
  202 A    1 -1 -1 -1  1 -1 -2  2  0  0  0 -2  0  0 -1 -1  0  3  0  0   10   3   3   4   3   3   3  15   3   5   9   3   3   4   4   4   5   5   3   8  0.10 0.08
  203 G   -1  0  1 -1  1  0  0 -1  1  1 -2 -1 -5  0  0  0  0  7  0 -1    5   5   7   4   3   5   6   6   3   7   3   3   0   3   5   8   7  13   3   5  0.31 0.24
  204 G    0  0  1  2  0  0  0  0  0 -1 -3 -1 -1 -2  3  0  0  1 -1 -2    8   6   6  10   2   5   6   9   2   3   2   4   2   2  12   8   7   2   2   3  0.16 0.17
  205 A    0 -1 -2  1  0 -2  1  0  0 -2 -2 -1  0  0 -1  2  0  7  0 -1    8   4   2   7   2   2   8   7   2   2   5   4   2   4   3  14   5  12   3   4  0.30 0.25
  206 I    0  0  0  0  2  0  0 -1  1  0 -1  0  1  0  0  0  0 -2  1  0    5   5   5   5   5   5   5   5   5   5   5   5   5   5   5   5   5   0   5   5  0.03 0.05
  207 M   -1  0  0  0  2  0  0 -1  2  0 -1  0  2  0  0 -1  0  3  1 -1    5   5   5   5   5   5   5   5   5   5   5   5   5   5   5   5   5   5   5   5  0.03 0.09
  208 D    0  0  0  0 -2  1  0  0  1  0 -1  0 -1  0  1  0  0 -2  1  0    6   6   6   6   0   6   6   6   6   6   6   6   0   6   6   6   6   0   6   6  0.04 0.06
  209 T    0  0  0  0  2  0  0 -1  1  0 -1  0 -2  0  0  0  0  3  1 -1    5   5   5   5   5   5   5   5   5   5   5   5   0   5   5   5   5   5   5   5  0.06 0.08
  210 T    0  0  0  0 -2  1  0  0 -1  0  0  0  1  0  1  0  0 -2  1  0    6   6   6   6   0   6   6   6   0   6   6   6   6   6   6   6   6   0   6   6  0.03 0.06
  211 A    0  1  0 -1 -3  0  1 -1  1  0 -1  0  0  0  1  0  0  2  1  0    8  10   3   3   0   4   8   4   4   5   6   6   3   5   6   5   4   3   6   7  0.05 0.07
  212 E    0  1  0  1 -4  0  3 -1  0 -1 -1  0  0 -1 -1 -1 -1 -4  0 -1    6   8   5   7   0   4  27   5   2   3   7   6   2   2   3   3   3   0   3   4  0.21 0.23
  213 Q    0 -2 -1 -1 -1  3  0 -2  0  1  1 -1  4  0 -2 -1 -2 -4  1  0    6   1   3   3   1  17   5   2   3   7  15   3  11   4   2   4   2   0   4   6  0.25 0.26
  214 I    0 -1 -1 -2 -1 -1 -1 -1 -1  2  1 -1  1 -1  1 -1 -1  0 -1  1    9   2   3   2   1   3   5   6   2  17  15   2   3   2   6   3   3   1   2  12  0.09 0.12
  215 E    0  0  0  0 -3  1  0  0  1  0 -1  0  1  0  0  0  0  3 -1  0    6   6   5   6   0   5   6   6   5   6   6   6   5   5   6   6   6   5   0   6  0.06 0.09
  216 A    3 -1 -1  0  1 -1  0  0  1 -1 -3 -1  0 -1  0 -1 -1  2 -1 -1   27   3   3   5   3   3   6   7   3   3   3   4   3   3   5   5   4   3   3   4  0.23 0.20
  217 G   -1 -1 -1 -2  0 -4 -2  5  0 -2 -3 -1 -1 -5 -2 -1 -1  2 -5 -1    4   4   3   2   2   0   3  49   2   3   3   4   2   0   2   4   4   3   0   4  0.76 0.49
  218 A    2 -1 -1 -1  3 -1 -1 -1  1  0 -2 -2  1  0 -1 -1 -1  2  0  2   20   3   3   4   6   3   4   6   3   6   4   3   3   4   3   4   3   3   4  12  0.19 0.15
  219 M    0  0  0  0  2  0  0 -1  1  0 -1  0  1  0  0  0  0 -2  1  0    5   5   5   5   5   5   5   5   5   5   5   5   5   5   5   5   5   0   5   5  0.03 0.05
  220 A    0  0  0  0  2  0 -1  0 -2  0  0  0  1  0  1  0  0 -2  1  0    6   6   6   6   6   6   0   6   0   6   6   6   6   6   6   6   6   0   6   6  0.03 0.08
  221 L    0  0  0 -2 -2  1  0  0  2  0  0  0  1  1  1  0  0 -2  1  0    6   6   6   0   0   6   6   6   6   6   6   6   6   6   6   6   6   0   6   6  0.04 0.08
  222 K    0  0  0  0  2  1  0  0 -1 -2 -1  0  1  0  1  0  0 -2  1  0    6   6   6   6   6   6   6   6   0   0   6   6   6   6   6   6   6   0   6   6  0.05 0.09
  223 V    0  0  0  0  2  0  0 -1  1  0 -1  0  1  0  0  0  0 -2  1  0    5   5   5   5   5   5   5   5   5   5   5   5   5   5   5   5   5   0   5   5  0.03 0.05
  224 H   -1  0  0  0  2  0  0 -1  2  0 -1  0  2  1  0 -1  0  3  1 -1    5   5   5   5   5   5   5   5   5   5   5   5   5   5   5   5   5   5   5   5  0.09 0.08
  225 E    0  0  0 -1 -6  0  2  0  1 -1 -2 -1  4  1  1 -1  0  3  0 -1    8   4   4   4   0   4  12   6   3   3   4   4  11   5   7   5   5   4   3   4  0.20 0.19
  226 D    0  0  0  2  0  0  0  0  1 -1 -1 -1  0  0 -1  0  0 -3  1  0   10   5   4  13   2   5   6   6   3   3   5   2   3   4   3   6   7   0   6   7  0.07 0.10
  227 W   -1  0  0  0  2  0  0 -1  2  0 -1  0  2  1  0 -1  0  3  1 -1    5   5   5   5   5   5   5   5   5   5   5   5   5   5   5   5   5   5   5   5  0.09 0.08
  228 G   -1  1  0  0 -6  0 -1  3  1 -1 -2 -1  1  1  1  0 -1 -6  0 -1    5   7   5   4   0   5   3  22   3   3   5   4   4   6   7   6   4   0   3   4  0.20 0.17
  229 A    0  0  0  0  2  0  0 -1  1  0 -1  0  1  0  0  0  0 -2  1  0    5   5   5   5   5   5   5   5   5   5   5   5   5   5   5   5   5   0   5   5  0.03 0.05
  230 T   -1  1  1  0  1  0  0  0  1 -1 -1  0  0  0  0  0  1 -3  0 -1    5   7   6   6   3   4   5   8   4   4   7   3   3   4   4   6  13   0   4   3  0.04 0.08
  231 L   -1 -1  0  2 -5 -1 -2 -1  1 -2 -1 -1  0 -1  5 -1 -1 -5 -1 -2    6   3   4  12   0   2   3   5   3   2   5   3   3   2  33   3   4   0   2   3  0.54 0.40
  232 S    2  1 -1  0  0 -1  0  0 -1 -1 -2  0  1 -1 -1  1  0  2  0 -1   17   7   3   5   2   2   7   7   2   3   3   7   4   2   3  10   4   3   3   5  0.08 0.12
  233 C    2 -1 -1 -1 -1  0  0  0 -1 -1 -1 -1  2  0  1  0  0 -4 -3  1   21   3   2   3   1   5   6   8   1   3   5   3   5   4   7   6   7   0   0   9  0.12 0.16
  234 I   -2 -2 -2  1 -4 -2 -3 -3 -4  5  2 -2  2  0 -5 -1 -2 -4  1  0    3   2   2   7   0   2   2   2   0  33  19   2   5   4   0   4   2   0   6   6  0.53 0.36
  235 D   -3  0 -1  5 -1 -1  0 -2  0 -2  1 -1 -1  1 -2 -2 -2 -5  2 -2    2   5   2  37   1   2   5   3   2   2  12   3   2   5   2   3   2   0   6   2  0.56 0.42
  236 H    1  2  2  1  1  1  2 -1  0 -3 -2  0  0 -3 -2  0  1 -4 -2 -2   12  10   8   6   3   5  16   4   3   1   3   5   3   1   1   5   9   0   1   2  0.21 0.22
  237 A   -1  0  0  0  2  0  0 -1  2  0 -1  0  2  1  0 -1  0  3  1 -1    5   5   5   5   5   5   5   5   5   5   5   5   5   5   5   5   5   5   5   5  0.09 0.08
  238 L    0  0  0 -2  2  0  0 -1 -2  0 -1  0  1  1  0  0  0  3  1  0    6   6   5   0   5   5   6   6   0   6   6   6   5   5   6   6   6   5   5   6  0.06 0.11
  239 E    0  1  0  1 -3  1  1  0  1 -1 -1  1  1 -1  0  1  1 -3  0 -1    7  10   5   7   0   6   8   5   3   4   4   7   4   3   3  10   8   0   3   4  0.08 0.10
  240 T    0  0  0  0 -2  0  0  0  0  0  0 -1  1  0  0 -1  0 -2  1  1    8   6   3   5   0   4   5   6   3   7   6   3   4   5   3   4   4   0   5  13 -0.01 0.06
  241 A    2 -1 -2 -1  2 -1 -1 -1  0  0 -1 -1  0 -1  0  0  0  2  1  0   20   3   0   4   6   3   4   5   3   6   6   3   3   3   4   4   5   3   4   6  0.04 0.14
  242 D    1  1  1  2 -3  0  1  0  1 -1 -2  0  0 -1 -1  0  0 -4 -3 -1   12   8   7  15   0   4   7   7   3   3   3   5   2   2   2   5   4   0   0   5  0.10 0.17
  243 K   -1  0  0  0  2  0  0 -1  2  0 -1  0  2  1  0 -1  0  3  1 -1    5   5   5   5   5   5   5   5   5   5   5   5   5   5   5   5   5   5   5   5  0.09 0.08
  244 Y    0  1  0 -1  0  0  0 -1  2 -1  0 -1  0  1 -1 -1  0  1  3 -1    7   8   4   4   2   3   7   5   7   3  11   3   3   5   3   3   8   2  11   3  0.07 0.12
  245 D    0 -1  0  4  0 -1  0  2  1 -2 -2 -1  1 -1 -4  0 -2 -5 -4 -2    6   3   4  26   2   3   7  18   4   2   4   4   4   3   0   5   2   0   0   3  0.36 0.31
  246 V    0  0  0  0  2  0  0  0  1  0 -1  0  1  0  1  0  0 -3 -1  0    6   6   5   6   5   5   6   6   5   6   6   6   5   5   6   6   6   0   0   6  0.03 0.07
  247 Q    0  1  0  0  1  2  0 -1  1  0  0  0  1 -2  0  0  0 -3  0  0    8   7   3   5   4  13   4   5   3   6  10   4   4   0   5   5   4   0   3   9  0.05 0.11
  248 V    1 -1 -2 -3  2 -1  0 -1  0  0  0 -1  1 -1 -1 -1  0 -3  0  3   11   3   1   0   5   2   8   4   2   5  10   4   4   2   3   4   6   0   3  23  0.12 0.17
  249 S    2  0  0 -2  0  0  0  0  0 -1  0  0  1  0 -1  0  0  0 -1  0   20   4   4   1   2   4   4   6   3   3  10   6   6   3   2   7   6   1   1   5  0.06 0.12
  250 L    0  1  0 -1 -2  0  0 -1 -2  1  0  0  1  0  1  0  0  2 -2  0    9   8   6   3   0   3   4   4   0   8  11   4   5   5   6   5   7   3   0   9  0.04 0.08
  251 H    0  0  0  0 -2  1  0  0  1  0 -1  0  1  0  1  0  0 -2  1  0    6   6   5   6   0   5   6   6   5   6   6   6   5   5   6   6   6   0   5   6  0.03 0.06
  252 S   -1  0  0  0  2  0  0 -1  2  0 -1  0  2  1  0 -1  0  3  1 -1    5   5   5   5   5   5   5   5   5   5   5   5   5   5   5   5   5   5   5   5  0.09 0.08
  253 D   -1  0  1  2 -6  0  2  0  1 -1 -2 -1  1 -1  0  0  1 -6 -5  0    5   4   5  12   0   4  12   7   3   3   5   4   4   3   6   7  10   0   0   6  0.17 0.16
  254 T    0  0  1  1 -3  0  0  0  1  0 -2 -1  0 -1  0  0  2 -3  0 -1   10   6   8   9   0   3   6   7   3   6   3   3   3   2   5   6  13   0   3   3  0.09 0.13
  255 L   -1  0  0  0  2  0  0 -1  2  0 -1  0  2  1  0 -1  0  3  1 -1    5   5   5   5   5   5   5   5   5   5   5   5   5   5   5   5   5   5   5   5  0.09 0.08
  256 N   -1  0  0  0 -3  0  0 -1  1  0 -1  0  1  0  0  0  0  3  1  0    5   5   5   5   0   5   5   5   5   5   5   5   5   5   5   5   5   5   5   5  0.06 0.08
  257 E   -1  0  0  0  2  0  0 -1  2  0 -1  0  2  1  0 -1  0  3  1 -1    5   5   5   5   5   5   5   5   5   5   5   5   5   5   5   5   5   5   5   5  0.09 0.08
  258 T    1  0 -1 -1  3 -1  0 -1  0  2 -1 -1  1 -1 -1  1  0 -5  0  0   11   4   3   4   6   3   5   4   3  12   6   4   4   3   4  10   5   0   3   6  0.09 0.09
  259 G    0  0 -1  0  1  1  0  2  0 -1 -1 -1  0  1  0  0  1 -3 -1 -1    8   6   3   4   3   6   6  18   2   2   6   3   3   6   5   4   8   0   2   4  0.08 0.11
  260 F   -1  0  0  0  2  0  0 -1  2  0 -1  0  2  1  0 -1  0  3  1 -1    5   5   5   5   5   5   5   5   5   5   5   5   5   5   5   5   5   5   5   5  0.09 0.08
  261 V    0  0  0 -5  1  0 -1 -2  2  1  2 -1  2  1 -1 -1 -1 -5  1  2    8   4   4   0   3   4   4   3   4   6  18   3   5   5   3   4   3   0   5  13  0.18 0.13
  262 E    0  1 -1  1  0  0  4 -2  0 -1 -3 -1  0 -2 -1 -1  1 -5 -1 -1    9   6   3   7   2   4  28   2   3   3   3   3   2   2   3   4   8   0   2   5  0.29 0.29
  263 D    0  0  0  0  2  0  0 -1  1  0 -1  0  1  0  0  0  0 -2  1  0    5   5   5   5   5   5   5   5   5   5   5   5   5   5   5   5   5   0   5   5  0.03 0.05
  264 T   -1  1  0 -1  1  0  0 -3  0 -1  0  0  1  0 -1  0  3  2  0  0    5   8   4   4   3   3   5   0   3   3   9   5   4   4   3   5  20   3   3   5  0.12 0.18
  265 I   -1  0 -1 -1 -3 -2 -1 -2  2  2  1 -1  1  1  0 -1 -1  2  2  0    5   5   3   3   0   0   4   3   6  13  14   4   5   5   6   5   4   3   7   6  0.08 0.12
  266 K    1  1  0  0  0  0  0  0  1 -1 -1  0  0 -1  0  0 -1  2 -2 -1   12   7   5   5   3   5   7   7   4   4   6   7   3   3   5   5   3   3   0   5  0.04 0.06
  267 S    0  0  0  0 -2  1  0  0 -1  0  0  0  1  0  1  0  0 -2  1  0    6   6   6   6   0   6   6   6   0   6   6   6   6   6   6   6   6   0   6   6  0.03 0.06
  268 I    0  0  0  0  2  0  0 -1  1  0 -1  0  1  0  0  0  0 -2  1  0    5   5   5   5   5   5   5   5   5   5   5   5   5   5   5   5   5   0   5   5  0.03 0.05
  269 G   -1  0  0  0  2  0  0 -1  2  0 -1  0  2  1  0 -1  0  3  1 -1    5   5   5   5   5   5   5   5   5   5   5   5   5   5   5   5   5   5   5   5  0.09 0.08
  270 G    0  0  0  0  2  0  0  0  1  0 -1  0  1  0  0  0 -1 -2  1  0    6   6   5   6   5   5   6   6   5   6   6   6   5   5   6   6   0   0   5   6  0.03 0.08
  271 R    0  0  0  0  2  0  0  0  1  0 -1  0 -1  0  1  0  0 -2  1  0    6   6   5   6   5   5   6   6   5   6   6   6   0   5   6   6   6   0   5   6  0.03 0.06
  272 C    1  0  0  1  1  0  0  0  2  0 -1  0 -2 -1  0  0  1 -3 -2  0   13   4   5   8   3   3   4   7   6   6   4   4   0   3   5   8  10   0   0   6  0.06 0.10
  273 I    0  0 -1 -1  1  0  0 -1 -2  1  0 -1  1  0  1  0  0  2  0  0    9   5   3   3   3   4   5   4   0  11   8   3   4   5   9   7   5   3   3   8  0.05 0.07
  274 H    0  0  0  0  2  0  0 -1  1  0 -1  0  1  0  0  0  0 -2  1  0    5   5   5   5   5   5   5   5   5   5   5   5   5   5   5   5   5   0   5   5  0.03 0.05
  275 S    1  0  0 -1  0 -1 -1 -1  0  0 -1 -1  0  1  0  0  1  3  1  0   15   7   5   4   2   3   3   4   2   5   4   2   2   7   4   7   9   4   6   6  0.08 0.12
  276 Y    0 -1 -1 -2  0 -1 -2 -5  4  0 -1 -2  0  3  0 -1 -1  3  4  0    6   3   3   2   2   2   3   0   9   5   6   2   2  12   4   5   4   3  16   7  0.32 0.27
  277 H   -1  0  0  0  2  0  0 -1  2  0 -1  0  2  1  0 -1  0  3  1 -1    5   5   5   5   5   5   5   5   5   5   5   5   5   5   5   5   5   5   5   5  0.09 0.08
  278 T    0  1 -1  0  3  0  1 -1  3  0  0 -1  1 -5 -1  0  0  2  0 -1    7   6   3   5   6   4   8   4   8   4  10   4   3   0   3   7   6   3   3   5  0.12 0.12
  279 E   -1  0  0  0  2  0  0 -1  2  0 -1  0  2  1  0 -1  0  3  1 -1    5   5   5   5   5   5   5   5   5   5   5   5   5   5   5   5   5   5   5   5  0.09 0.08
  280 G    0  0  0  0  2 -1  0  0  1  0 -1  0 -1  0  1  0  0 -2  1  0    6   6   6   6   6   0   6   6   6   6   6   6   0   6   6   6   6   0   6   6  0.03 0.07
  281 A    0  0 -1 -1  1  0 -1 -1  1  0 -1  0  0 -1  3 -1  0 -3  1  0   10   6   3   4   3   4   3   4   4   7   6   5   3   3  15   4   5   0   5   6  0.11 0.11
  282 G    1 -1  1 -1  0  0  0  2  0  0 -1 -1  0 -3  1  0  0  2 -1  0   13   3   6   3   2   3   6  19   2   6   4   2   2   0   6   5   5   4   2   6  0.12 0.14
  283 G    1  0 -1  0 -1  0  0  3 -1  0 -1 -1  0  0 -3  0  0  0 -1 -1   12   4   2   4   2   4   6  27   1   5   5   3   2   3   0   5   5   2   2   5  0.19 0.19
  284 G    1  1  0  0  1 -1  0  2  0 -1 -2 -1 -1 -1 -1  1  1 -3  0  0   11   9   4   4   4   2   5  16   3   2   3   2   1   3   3  10   9   0   3   6  0.12 0.15
  285 H    0  0  0  0  2  0  0 -1  1  0 -1  0  1  0  0  0  0 -2  1  0    5   5   5   5   5   5   5   5   5   5   5   5   5   5   5   5   5   0   5   5  0.03 0.05
  286 A    0  0  0  0  2  0  0 -1  1  0 -1  0  1  0  0  0  0 -2  1  0    5   5   5   5   5   5   5   5   5   5   5   5   5   5   5   5   5   0   5   5  0.03 0.05
  287 P   -1 -1  0 -1  1  0  1 -1  1  0 -1 -3  1  0  4 -1 -1 -4  0  0    6   3   5   3   3   3  10   4   3   5   5   0   4   4  21   4   4   0   3   7  0.25 0.24
  288 D    0  0  0  0  2  1  0  0  1  0 -1  0  1 -2  1  0  0 -3  1  0    6   6   5   6   5   5   6   6   5   6   6   6   5   0   6   6   6   0   5   6  0.04 0.08
  289 L   -1  0  0 -1  1  0 -1 -1  1  2  0 -1  1  0  0 -1  0  2  1  1    5   5   4   3   3   4   4   6   4  13   9   3   3   4   4   4   5   3   5   9  0.06 0.05
  290 M   -1 -1  0 -1  3 -1 -2 -2  3  3  1 -2  2  0 -1  0 -1  2  0  0    6   4   4   4   5   3   3   3   8  14  11   3   5   4   3   6   3   3   3   5  0.18 0.12
  291 K    0  0  0  0 -2  1  0  0  1  0 -1  0  1  0  1  0  0 -2  1  0    6   6   5   6   0   5   6   6   5   6   6   6   5   5   6   6   6   0   5   6  0.03 0.06
  292 V    0  0 -2  0  2  0  0 -1  2  0 -1 -2  1  1  0  0  0  3  1  0    6   6   0   6   5   5   6   6   5   6   6   0   5   5   6   6   6   5   5   6  0.07 0.13
  293 A    2 -2 -2 -1  3 -1 -1 -2  1  1  0 -3  0 -1 -1  1 -1  1  1  2   16   2   2   3   6   3   4   3   4   7   8   2   2   2   3   9   3   2   4  13  0.19 0.15
  294 S    0  3 -1  0  0  1  1  2  0 -3 -3  0  2 -1 -2  0 -1  2 -1 -3    8  15   3   5   2   6   8  13   2   2   3   5   5   3   2   8   4   3   2   2  0.22 0.19
  295 K   -3 -1 -2  0 -1  0  2 -3  1  0  1  0  1  1  0  0 -1 -5  1 -1    2   3   2   5   2   3  14   2   4   6  14   6   3   6   6   8   4   0   5   5  0.15 0.14
  296 N    0  0  0  0 -2  1  0  0  1  0 -1  0  1  0  1  0  0 -2  1  0    6   6   5   6   0   5   6   6   5   6   6   6   5   5   6   6   6   0   5   6  0.03 0.06
  297 N   -2  0  4  0  1 -1  0 -1  3 -1 -2 -1  1  0 -1  0 -1  2  0 -1    4   5  22   5   3   3   7   5   6   3   4   4   3   3   4   6   3   3   4   4  0.31 0.23
  298 I   -1  0  0  0  2  0  0 -1  2  0 -1  0  2  1  0 -1  0  3  1 -1    5   5   5   5   5   5   5   5   5   5   5   5   5   5   5   5   5   5   5   5  0.09 0.08
  299 I    0 -1 -1 -2  1 -2 -1 -1  0  2  1 -1  1  0  0 -1  1 -3 -1  1    8   4   2   2   3   0   4   3   3  12  15   4   5   4   5   3  10   0   2  10  0.07 0.11
  300 P   -1  0  0  0  0 -1  0  2  2 -1 -1 -3  0 -1  3  0 -1 -4 -1 -1    5   5   5   4   2   2   5  15   5   4   7   0   3   3  18   6   3   0   3   4  0.20 0.21
  301 S    1 -3 -2 -2  1 -2 -1  0  0  1 -2 -2  2 -2 -2  2  2  0  0  0   12   2   2   2   3   2   4   7   3   7   5   3   5   2   2  17  11   1   4   7  0.21 0.19
  302 S    0  1 -1 -2  1 -2  0 -1  1  0 -2  0 -4  1  0  3  1  0 -2 -2    8   8   3   2   3   2   6   4   3   5   3   6   0   7   4  23   7   2   1   3  0.19 0.23
  303 T   -1  0 -2 -3  3 -3 -2 -3 -1  0  1 -3  1 -1 -3 -2  4  1 -1  1    6   5   2   1   6   1   3   3   2   6  15   2   4   3   2   3  24   2   2   8  0.40 0.29
  304 S    2 -1  2 -3  0 -2  0 -2  6 -2 -1 -2 -2 -1  0 -1  1 -5  2 -1   15   3  11   1   2   1   6   3  17   3   5   2   1   3   4   4   8   0   6   5  0.38 0.32
  305 P    0  0  0  0  2  0  0 -1  1  0 -1  0  1  0  0  0  0 -2  1  0    5   5   5   5   5   5   5   5   5   5   5   5   5   5   5   5   5   0   5   5  0.03 0.05
  306 T    0  0  0  0  2  0  0 -1  1  0 -1  0  1  0  0  0  0 -2  1  0    5   5   5   5   5   5   5   5   5   5   5   5   5   5   5   5   5   0   5   5  0.03 0.05
  307 N   -1  0  0  0  2  0  0 -1  2  0 -1  0  2  1  0 -1  0  3  1 -1    5   5   5   5   5   5   5   5   5   5   5   5   5   5   5   5   5   5   5   5  0.09 0.08
  308 P    0 -2 -2 -1 -6 -1 -1  1  1  1  0 -1  1 -1  4  0 -1 -7 -6  0    8   3   2   3   0   2   5   9   3   7   9   4   4   2  19   7   5   0   0   7  0.26 0.22
  309 Y   -1  0  0  0  2  0  0 -1  2  0 -1  0  2  1  0 -1  0  3  1 -1    5   5   5   5   5   5   5   5   5   5   5   5   5   5   5   5   5   5   5   5  0.09 0.08
  310 T    0  0  0  0  2  0  0  0  1  0 -1  0  1  0  1  0  0 -3 -1  0    6   6   5   6   5   5   6   6   5   6   6   6   5   5   6   6   6   0   0   6  0.03 0.07
  311 V   -1  0  0  0  2  0  0 -1  2  0 -1  0  2  1  0 -1  0  3  1 -1    5   5   5   5   5   5   5   5   5   5   5   5   5   5   5   5   5   5   5   5  0.09 0.08
  312 D    0  0  5  1 -7  0  1 -2  2 -1 -3 -1 -6 -1 -1 -1 -1  2  0 -2    7   6  26   6   0   4   9   4   4   4   3   4   0   3   3   4   4   3   3   3  0.45 0.32
  313 I    2  0 -3 -1  1 -1 -1  0  1 -1 -1 -1  0 -4 -4  0  4 -5 -4 -1   20   5   0   3   3   3   4   7   3   3   7   4   3   0   0   7  24   0   0   4  0.30 0.30
  314 L    0  0  0 -2  2  0  0  0 -1  0  0  0  1  0  1  0  0 -2  1  0    6   6   5   0   5   5   6   6   0   6   6   6   5   5   6   6   6   0   5   6  0.00 0.09
  315 P    1 -1  0  3  1  0  1 -1  0 -1 -2  0 -2 -1  0  0  0 -3  0  0   14   3   4  19   3   5   7   4   3   4   3   4   0   3   4   5   5   0   4   6  0.12 0.15
  316 E   -1  0 -1  0  1  0  4 -1  1 -2 -2 -1  0 -2  0  0 -2  2  0 -2    4   6   2   6   3   4  32   4   3   2   3   4   2   2   4   6   2   3   3   3  0.36 0.34
  317 H   -1 -2 -1 -2 -4 -1 -1  0  5  1  1 -1  0  0  0 -1 -1 -4  1  0    5   2   2   2   0   2   3   7  18   8  16   4   2   3   6   5   3   0   5   5  0.25 0.24
  318 L    0  1 -1 -2  0  0 -1 -1  3  0  1  0  1  0 -1 -1 -1 -3  1  0    8   7   2   2   2   3   4   4   8   6  18   4   5   5   3   5   4   0   5   5  0.07 0.11
  319 D    0  0  0  0  2  0  0 -1  1  0 -1  0 -2  0  0  0  0  3  1 -1    5   5   5   5   5   5   5   5   5   5   5   5   0   5   5   5   5   5   5   5  0.06 0.08
  320 M    0  0  0  0  2  0  0 -1  1  0 -1  0  1  0  0  0  0  3 -2  0    5   5   5   5   5   5   5   5   5   5   5   5   5   5   5   5   5   5   0   5  0.05 0.09
  321 L   -1  0  0  0  2  0  0 -1  2  0 -1  0  2  1  0 -1  0  3  1 -1    5   5   5   5   5   5   5   5   5   5   5   5   5   5   5   5   5   5   5   5  0.09 0.08
  322 M   -1  0  0  0 -3  0  0 -1  1  0 -1  0  1  0  0  0  0  3  1  0    5   5   5   5   0   5   5   5   5   5   5   5   5   5   5   5   5   5   5   5  0.06 0.08
  323 V    0  0  0 -2  1  0  0 -1  1  0  0 -1  1  0  0  0  0 -3  0  1    9   6   4   0   3   4   5   5   4   5  10   3   3   4   4   8   7   0   4  11  0.03 0.07
  324 C    0  0  0  0  2  0  0 -1  1  0 -1  0 -2  0  0  0  0  3  1 -1    5   5   5   5   5   5   5   5   5   5   5   5   0   5   5   5   5   5   5   5  0.06 0.08
  325 H   -1  0  0  0  1  0  0 -1  6 -1 -1  0  1  1  0 -1 -1 -4  2 -2    5   5   3   6   3   3   5   4  21   4   5   5   4   5   6   4   3   0   7   3  0.30 0.27
  326 H    0  0  1  1  0 -1  0  0  5 -1 -1 -1 -1 -1  0 -1  0  1  1 -1    6   5   7   8   2   2   5   6  16   3   5   3   2   2   5   3   5   2   5   6  0.18 0.19
  327 L    0  0  0  0  2  0  0 -1  1  0 -1  0  1  0  0  0  0 -2  1  0    5   5   5   5   5   5   5   5   5   5   5   5   5   5   5   5   5   0   5   5  0.03 0.05
  328 D   -1  0  0  0 -3  0  0 -1  1  0 -1  0  1  0  0  0  0  3  1  0    5   5   5   5   0   5   5   5   5   5   5   5   5   5   5   5   5   5   5   5  0.06 0.08
  329 P    0  0  0  0 -3 -1  0  0  1  0 -1  0  1  1  0  0  0  3  1  0    6   6   5   6   0   0   6   6   5   6   6   6   5   5   6   6   6   5   5   6  0.06 0.09
  330 K    0  0  0  0 -2  1  0  0  1  0 -1  0  1  0  1  0  0 -2  1  0    6   6   5   6   0   5   6   6   5   6   6   6   5   5   6   6   6   0   5   6  0.03 0.06
  331 I    0  0 -1 -1  0 -2 -3  1 -2  3  1 -1 -1  0 -2 -1  1  0 -1  1    6   6   3   4   2   1   0  10   1  19  12   3   1   3   1   3   9   1   1  10  0.13 0.16
  332 P    2 -2 -2 -1 -5 -1  0 -1  0 -2 -1 -1 -1  1  5 -2 -1  0 -1 -2   15   2   2   3   0   2   5   5   2   2   7   4   2   6  28   2   5   1   2   3  0.44 0.36
  333 E    0  1  1  0 -5  0  4 -1  1 -2 -2  1  0 -1 -1  0  0 -5 -1 -2    9   7   5   5   0   2  27   5   3   3   4   7   2   2   2   7   4   0   2   3  0.25 0.26
  334 D    1 -1  1  5  1 -3  0 -1  1  0 -1 -2 -1  0 -2 -2 -2  0  0 -2   13   3   5  31   3   0   5   6   3   5   5   2   2   3   2   3   2   1   4   3  0.39 0.34
  335 V    1  0 -1 -2  0 -1  0  0 -1  0  0  0  0 -1 -1  0 -1  4  0  1   12   5   2   2   2   3   5   8   2   4  10   5   2   2   3   7   4   6   4  13  0.06 0.09
  336 R    2  0 -1  0  0 -1 -1 -1  1  0  0  0  0 -2  1  0  0  2 -3  0   21   5   2   4   2   3   4   5   4   5   8   7   2   1   6   5   4   3   0   7  0.09 0.14
  337 F   -1  0  0  0 -3  0  0 -1  1  0 -1  0  1  0  0  0  0  3  1  0    5   5   5   5   0   5   5   5   5   5   5   5   5   5   5   5   5   5   5   5  0.06 0.08
  338 A    3 -1 -2 -2  0 -3 -2 -1  1  0 -1 -2  0 -1  1 -1 -1  1  2  0   28   4   2   2   2   0   2   4   4   5   7   2   3   3   8   4   4   2   7   6  0.21 0.24
  339 D    0  1  0  1  2  1  2 -2  0 -3 -2  1  0 -2  2 -1 -1  1  0 -1    7   9   5   6   5   6  14   3   2   0   4  10   2   2  11   4   2   2   3   4  0.19 0.21
  340 S    1 -1 -1  0 -3 -1  0  0 -3 -1  0 -1  0 -1  2  2  0  2  0 -1   10   3   2   6   0   2   7   6   0   3  10   2   2   3   9  19   5   3   4   4  0.12 0.18
  341 R   -1  4 -1  0 -1 -1  1 -1  0 -2 -1 -1  0 -1  1 -1  0  0 -1 -2    5  28   2   5   1   3  10   6   2   3   6   2   2   3   8   3   5   1   2   2  0.31 0.30
  342 I    0  0  0  0 -2  1  0  0  1  0 -1  0  1  0  1  0  0 -2  1  0    6   6   5   6   0   5   6   6   5   6   6   6   5   5   6   6   6   0   5   6  0.03 0.06
  343 R   -1  3  1 -1 -4  0  0 -2  1 -1 -1  1  0  0  1  0  0  2  0 -1    5  17   7   3   0   4   7   3   3   3   6   7   3   4   6   6   4   3   4   4  0.12 0.14
  344 K    0  0  0  0  2  0  0 -1  1  0 -1  0  1  0  0  0  0 -2  1  0    5   5   5   5   5   5   5   5   5   5   5   5   5   5   5   5   5   0   5   5  0.03 0.05
  345 Q    0  0  0  0 -2  1  0  0  1  0 -1  0  1  0  1  0  0 -2  1  0    6   6   5   6   0   5   6   6   5   6   6   6   5   5   6   6   6   0   5   6  0.03 0.06
  346 T   -1  0  0  1 -3  1  0 -1  1  0 -1  0 -2 -3  1  0  3  2 -3  0    5   6   5   7   0   6   5   3   3   7   6   4   0   0   6   5  22   3   0   7  0.16 0.20
  347 I    0  0 -1 -2  0  1 -1 -2  0  3  1 -1  3 -1  0 -3 -2 -3  0  1   10   5   2   2   2   6   4   2   3  17  12   4  10   2   5   0   0   0   3   9  0.17 0.21
  348 A    3  0 -2 -1 -3  0  0  0  0 -2 -3 -1 -1  0 -1  1  0  0  1 -1   34   6   2   4   0   3   5   5   3   2   2   3   1   3   2  10   5   2   5   4  0.26 0.28
  349 A    4 -1  0 -1  0  0 -1 -1 -3 -1  1 -2  0 -1 -1 -1 -1 -4 -3  0   36   3   6   4   2   4   3   4   0   3  13   2   2   2   3   3   2   0   0   7  0.26 0.29
  350 E    0 -1 -1 -1 -4  1  5 -2 -3 -4 -2 -1  2 -4  0 -1  0  4 -2 -2    8   2   3   3   0   6  37   3   0   0   3   3   5   0   4   4   6   7   1   3  0.52 0.42
  351 D    0  0  0  0 -2  1  0  0 -2  0 -1  0 -1  0  1  0  0  3 -1  0    6   6   6   6   0   6   6   6   0   6   6   6   0   6   6   6   6   6   0   6  0.07 0.09
  352 V    0  0 -2  0  2 -1  0 -1  2  0 -1  0  1  1  0  0  0  3  1  0    6   6   0   6   5   0   6   6   5   6   6   6   5   5   6   6   6   5   5   6  0.06 0.11
  353 L    0  0 -2  0 -2  0 -2  0 -2  0  0 -1  1  1  1  0  0  4  1  0    7   7   0   7   0   7   0   7   0   7   7   0   6   6   7   7   7   6   6   7  0.09 0.13
  354 Q   -1  0  0  0  2  0  0 -1  2  0 -1  0  2  1  0 -1  0  3  1 -1    5   5   5   5   5   5   5   5   5   5   5   5   5   5   5   5   5   5   5   5  0.09 0.08
  355 D    0  1  2  4 -5  0  1 -2  0 -4 -2 -1  2 -1 -4 -1  0  2  0 -2    7   7  10  28   0   3   9   3   3   0   3   3   5   2   0   3   5   3   3   3  0.42 0.34
  356 M    0  0  0  0  2  1  0 -3  2  0 -1  0  1  1 -3  0  0  3  1  0    6   6   5   6   5   5   6   0   5   6   6   6   5   5   0   6   6   5   5   6  0.09 0.13
  357 G    0  0  0  0  2 -1  0  0  2  0 -1 -2 -2 -2  1  0  0  3  1  0    6   6   6   6   6   0   6   6   6   6   6   0   0   0   6   6   6   6   6   6  0.08 0.13
  358 A    1 -1 -2 -1  1  0 -1 -1 -2  0  0 -2  1  1  2 -1  0  2  0  0   15   4   0   3   4   4   4   5   0   4  12   0   4   6  13   4   5   3   3   7  0.12 0.15
  359 L   -1  0  1 -1 -3 -2 -2 -3  1  3  1 -2  1  2  1 -1  0 -3  1  1    4   7   7   4   0   0   0   0   3  20  12   0   3  10   6   4   4   0   5   8  0.16 0.19
  360 S    0  0  0  1 -3  0 -2  0  2 -3 -1 -1 -2 -3  2  2  1  1 -3 -1    7   5   3   9   0   4   0   6   7   0   8   4   0   0  12  18   9   3   0   5  0.21 0.24
  361 I    0  0  0  0  2  0  0 -3 -2  0 -1  0  1  1  0  0  0  3  1  0    6   6   5   6   5   5   6   0   0   6   6   6   5   5   6   6   6   5   5   6  0.08 0.12
  362 M   -1  0  0  0  2  0  0 -1  2  0 -1  0  2  1  0 -1  0  3  1 -1    5   5   5   5   5   5   5   5   5   5   5   5   5   5   5   5   5   5   5   5  0.09 0.08
  363 S    0 -1  1 -1  1  0 -1  1  2 -1 -2  0  1  0 -1  2  1 -6 -5 -1    6   4   5   4   3   4   4  12   5   4   4   6   3   4   3  16   8   0   0   4  0.16 0.15
  364 S   -1 -1  0 -3 -4  0 -1 -1  2 -1 -1 -2  2 -1  0  4  0  2  0 -1    4   2   5   0   0   3   4   4   4   4   5   2   5   2   5  35   5   3   3   4  0.34 0.36
  365 D    0 -1 -3  5 -5 -1  1  0 -4 -2 -4  1 -4 -1  1  1 -1  1 -4 -1    6   3   0  33   0   3   7   7   0   3   1   8   0   3   6  10   4   2   0   5  0.49 0.37
  366 T    0 -2  0  2  1  0 -1 -2  5 -1 -2 -2 -1 -4 -1  3  0 -5 -1 -2    9   2   3  10   3   3   3   3  15   3   5   2   1   0   3  25   4   0   2   3  0.40 0.34
  367 M    2  0 -1 -1  1  3 -1  0  0  0 -1  0  1 -1 -1  0 -1  2 -1 -1   17   6   2   3   3  14   4   6   2   5   6   4   4   3   3   6   3   3   2   4  0.13 0.17
  368 A    2  0 -3 -1 -4  0 -1  1 -4 -1 -1  0 -4 -4  4  0  0  2  0 -1   15   6   0   3   0   3   4  11   0   3   6   5   0   0  19   8   5   2   3   5  0.28 0.26
  369 M   -1  0 -2  0  2  0  0 -1  2  0 -1  0  1  0  0  0  0  3  1  0    5   5   0   5   5   5   5   5   5   5   5   5   5   5   5   5   5   5   5   5  0.06 0.10
  370 G    0  0  0  0  2  1  0  0  1  0 -1  0 -1  0  1  0  0 -3 -1  0    6   6   6   6   6   6   6   6   6   6   6   6   0   6   6   6   6   0   0   6  0.04 0.07
  371 R    0  3 -1  0  0  0  0 -1  1 -1 -1  1  0  0  0  0  0 -3 -1 -1    9  18   3   4   2   4   6   4   4   3   7   9   2   5   4   5   4   0   2   3  0.10 0.13
  372 I    0  0  0  0  2 -1  0  0  1  0  0  0  1  0  1  0  0 -3 -1  0    6   6   6   6   6   0   6   6   6   6   6   6   6   6   6   6   6   0   0   6  0.03 0.08
  373 G    1  0  0  0 -3  0  1  2  1 -1 -1  0  0  0  0  0  0 -3  0 -1   12   4   4   6   0   3  10  17   4   3   5   5   3   4   4   6   5   0   3   3  0.08 0.10
  374 E   -1  1  1  2 -4  1  3 -1  2 -3 -2  2 -1 -4  0 -1  0 -4 -1 -2    4   6   7   9   0   5  21   5   5   0   3  12   2   0   4   4   6   0   2   3  0.26 0.24
  375 V    0  0  0  0 -2  1  0  0  1  0  0  0  1  0  1  0  0 -3 -1  0    6   6   6   6   0   6   6   6   6   6   6   6   6   6   6   6   6   0   0   6  0.04 0.07
  376 I    0 -2  0  0  2  0  0  0 -2  0 -1  0  1  1  0  0  0  3  1  0    6   0   5   6   5   5   6   6   0   6   6   6   5   5   6   6   6   5   5   6  0.06 0.11
  377 M    0  0  0  0  2  0  0 -1  1  0 -1  0  1  0  0  0  0  3 -2  0    5   5   5   5   5   5   5   5   5   5   5   5   5   5   5   5   5   5   0   5  0.05 0.09
  378 R   -1  4  0  0  2  1 -1  0  1 -1 -1  0 -3 -1  0  0 -1 -4 -3 -2    4  25   5   6   5   8   3   8   4   3   5   5   0   3   4   6   4   0   0   3  0.26 0.26
  379 S    0  0  0 -2  2 -1 -1 -2  0  1  0 -1  1 -1  1  0  3  2 -1  0    9   4   5   2   4   2   3   3   3   8   7   2   4   2   8   5  18   3   2   5  0.14 0.17
  380 W   -6  1  0 -2  0 -2  0 -1 -6 -2 -3 -3 -5  3 -2 -3 -2 10  0 -3    0   7   5   2   2   2   5   5   0   3   3   2   0  11   3   2   3  37   3   2  1.43 0.76
  381 Q    0  0  1  1 -4  4  1  1  1 -4 -3  0  0 -1 -1 -1 -1 -4 -4 -2    8   5   6   7   0  24   9  12   3   0   3   6   2   3   2   4   4   0   0   2  0.34 0.32
  382 L    0 -2 -2 -2 -1 -1 -1  0 -1  0  1 -3  2 -1 -1 -1  3  0  0  1    8   2   2   2   1   3   4   9   1   5  13   0   5   2   3   4  22   1   3   9  0.19 0.22
  383 A    4 -1 -1 -1 -3  0  0 -1 -3 -1 -1 -1  1 -4  2 -1 -1 -4 -4 -1   37   4   3   4   0   4   7   3   0   4   5   3   3   0  10   3   4   0   0   4  0.34 0.33
  384 D    0  1  1  3  1  0 -1  0  6 -7 -7 -1  1  0  1 -1 -1 -7 -6 -2    8   6   6  14   3   4   4   9  15   0   0   4   3   3   6   6   4   0   0   4  0.47 0.31
  385 K   -1  0  0  0  2  0  0 -1  2  0 -1  0  2  1  0 -1  0  3  1 -1    5   5   5   5   5   5   5   5   5   5   5   5   5   5   5   5   5   5   5   5  0.09 0.08
  386 M    0 -2  0  0  2  0  0 -1  0  1  0 -2  2  0  0  0  0 -3 -2  0   10   0   6   5   5   5   5   4   3  12   7   0  10   4   3   8   5   0   0   8  0.06 0.12
  387 K    1  0 -2 -1 -2  1  1 -1  0  0 -1  1 -1 -2  1  0  0  2 -2  1   12   5   0   4   0   5   8   5   3   7   5  12   0   0   6   4   6   4   0  13  0.09 0.13
  388 K    0  0  0  0 -2  1  0  0  1  0  0  0  1  0  1  0  0 -3 -1  0    6   6   6   6   0   6   6   6   6   6   6   6   6   6   6   6   6   0   0   6  0.04 0.07
  389 Q    0  1 -1 -2  0  2 -1 -2  1  0  0 -1  2  0 -1 -1  0  3  1  0    6   9   2   2   2  14   4   2   3   4  10   2   7   3   3   4   7   4   7   5  0.12 0.18
  390 R   -1  4 -3 -4  1  1 -1  0 -3 -1  0 -1  2  1 -1 -1 -1  1  0  0    4  27   0   0   3   6   3   7   0   3  11   3   6   6   2   5   2   2   3   6  0.28 0.29
  391 G    0  0  0  0 -2  1  0  0  1  0 -1  0  1 -2  1  0  0 -2  1  0    6   6   5   6   0   5   6   6   5   6   6   6   5   0   6   6   6   0   5   6  0.02 0.08
  392 P    0  1 -1  0 -3  0 -1 -1  0  0  0  0  1 -1  2  0  0  1  0  0    5   8   3   5   0   4   3   5   3   7   8   6   4   3   9   7   4   3   3   9  0.05 0.08
  393 L   -2 -2 -5 -2  1 -1 -2 -2  0  0  4 -2  2  0 -2 -2 -1 -5 -1  0    4   3   0   2   3   3   3   4   2   5  42   2   5   3   3   3   4   0   2   7  0.44 0.35
  394 E   -1 -1 -1  0 -5 -1  0 -1  1 -1 -1  0  3  3  2 -1  0  2  1 -1    5   3   3   5   0   3   6   5   3   3   6   6   7  10  10   5   6   3   4   5  0.12 0.15
  395 G   -2 -1 -1  0  1  0  3  1  1 -1 -1 -1  1 -1  0  0 -1  2 -1 -1    4   4   3   6   3   4  17  10   3   4   5   4   3   3   6   8   5   3   3   4  0.12 0.14
  396 D   -2 -1  0  4 -5  0  2 -1  0 -2 -2 -1  0 -1 -1  0  1 -5  0 -2    3   3   3  24   0   4  15   4   3   2   5   3   2   3   4   7   9   0   3   2  0.32 0.30
  397 S    1 -1  0  0 -3  0  1  2  0 -1 -2 -1  0 -1  0  1  1 -4 -3 -1   14   3   3   5   0   4   8  20   3   4   4   4   3   3   3   9   8   0   0   3  0.16 0.19
  398 E    0 -1  0  0  1  0  0  0  1 -1 -2 -1  1 -1  1  0  0  3  0  1    9   4   4   5   4   4   7   7   4   4   3   4   3   3   6   5   7   4   3  11  0.07 0.08
  399 Y    0  0  0  0 -2  1  0  0  1  0 -1  0  1  0  1  0  0 -2  1  0    6   6   5   6   0   5   6   6   5   6   6   6   5   5   6   6   6   0   5   6  0.03 0.06
  400 I    1  0  3  0  1  0 -1  0  2 -1 -1  1  0 -1  0  0  0 -4 -2 -1   12   5  18   4   3   4   3   6   5   3   4   7   3   4   4   5   5   0   0   4  0.12 0.16
  401 D   -1  0  1  5 -4 -3  0  2 -3 -4 -5 -1 -4 -5 -1 -1 -1  2 -4 -2    5   4   6  39   0   0   4  14   0   0   1   4   0   0   4   5   4   3   0   3  0.65 0.43
  402 N    0  1  1  1 -2  1  1  0  2 -2 -1  1 -1 -3  1  0  0 -3 -2 -1    7   7   7   7   0   7   7   7   7   0   7   7   0   0   7   7   7   0   0   7  0.11 0.09
  403 N    0  0 -1 -1  0  0 -1  0  0  0  0 -1  0  1  0  0  0  1  1  0    7   4   3   4   2   4   4   7   2   9  11   3   2   8   4   7   4   2   8   7  0.01 0.03
  404 R    0  0  0  0  2 -1  0  0 -1  0 -1  0 -1  0  1  0  0 -2  1  0    6   6   6   6   6   0   6   6   0   6   6   6   0   6   6   6   6   0   6   6  0.03 0.07
  405 I    1 -1 -3 -1 -2 -2 -1 -2 -3  1  2 -2  1  1  1  0 -1  2 -2  1   11   3   0   3   0   0   4   3   0  11  23   0   3   5   9   6   4   3   0  12  0.16 0.17
  406 K   -1  1  2  0  0  0  1 -1 -2 -1  0  1  1 -2  1  0  0 -3 -1 -1    4   7  12   6   2   3   8   3   0   3  12  10   6   0   8   5   4   0   3   2  0.10 0.13
  407 R    0  0 -1  0  2  1  0  0  2 -2 -1  0 -2  0  1  0  0  3 -1 -1    6   6   0   6   6   6   6   6   6   0   6   6   0   6   6   6   6   6   0   6  0.09 0.13
  408 Y    0  0  0  0  2  0  0 -1  2  0 -1 -2  1  1 -3  0  0  3  1  0    6   6   5   6   5   5   6   6   5   6   6   0   5   5   0   6   6   5   5   6  0.07 0.12
  409 I    0  1 -4 -4 -3 -3  0 -4 -4  3  1  0  2  1 -4 -3  0 -4 -3  3    8   7   0   0   0   0   6   0   0  17  15   5   6   6   0   0   5   0   0  24  0.37 0.25
  410 S    1  1 -2  0  1  0  0 -2 -2 -2  0  1 -1  0  0  0  1 -2  1  0   14  10   0   4   4   4   7   0   0   0   8  10   0   5   4   6   9   0   6   6  0.10 0.14
  411 K    0  0  0 -2 -2  1  0 -1  2  0  0  1  2  0 -2  0  0  2 -1  0    6   5   4   1   0   6   5   4   6   3   8  14   7   4   1   7   5   3   0  10  0.07 0.12
  412 Y   -1 -1  0 -3  1 -1 -2 -1  0  1  1 -2  2  0  0 -1  0 -2  2  1    3   3   7   0   3   3   0   6   3   6  14   0   7   3   4   3   8   0  11  13  0.08 0.15
  413 T    1 -3  1 -3  3 -3 -3  0  2 -3  0 -3  2 -4 -3  2  4 -4 -3 -3   10   0   6   0   6   0   1   7   6   0   9   0   6   0   0  15  32   0   0   1  0.50 0.33
  414 I    0  0  0 -2  2 -1  0  0  2  0 -1  0  1 -2  1  0  0  3  1  0    6   6   6   0   6   0   6   6   6   6   6   6   6   0   6   6   6   6   6   6  0.08 0.13
  415 N    0  0  6  0  1  0  1 -1 -2 -4 -2 -2 -3 -4 -3  1  0 -4 -3 -3    7   4  46   3   3   3  11   4   0   0   4   0   0   0   0   9   3   0   0   0  0.64 0.37
  416 P    0 -1  1  1 -2  1 -1 -2  2  0 -1  0 -1  1  1 -1  1 -2 -1  0    9   0   9   9   0   9   1   1   9   9   1   9   0   9   9   1   9   0   0   9  0.10 0.11
  417 A    2  0 -1 -2 -2  1  0  1 -2  0 -2 -1 -1 -2  1  1  0 -3 -2  1   30   6   0   0   0   7   8   9   0   6   1   1   0   0   6   8   5   0   0  11  0.16 0.13
  418 I    0  1 -2 -2 -2  1  0 -3 -2  1  0  1  2  1  1 -1 -1  4 -1  0    8   8   0   0   0   8   8   1   0   8   8   8   8   8   8   1   0   8   0   8  0.15 0.13
  419 A    0  1 -2 -2  2  1  0 -2 -2  0  0  0  1  1  1  0  0 -2 -1  0    7   7   0   0   7   7   7   0   0   7   7   7   7   7   7   7   7   0   0   7  0.08 0.11
  420 E    0 -2  0 -3  2  1 -1 -3  5 -1  0 -1  1  3 -3 -1 -1  1  1 -1    8   0   5   0   6   7   3   1  17   2  11   4   4  17   0   3   3   2   3   3  0.25 0.20
  421 G   -1  0  1  0 -3 -1 -2  4  2  0  0  0 -2 -2 -2 -1  0 -3 -2 -2    1   6   7   6   0   0   1  40   6  10  10   6   0   0   0   1   6   0   0   1  0.29 0.16
  422 I    0  1  1 -2  3 -1 -2 -2 -2  1  0  0  2  1 -2  0 -1 -2 -1  1    9   9   9   0   8   0   1   1   0   9   9   9   9   9   0   9   0   0   0   9  0.07 0.10
  423 S    0  0  0  0 -3  1  0  0  2  0 -1  0 -1  1  1  0 -1  3  1  0    6   6   6   6   0   6   6   6   6   6   6   6   0   6   6   6   0   6   6   6  0.07 0.10
  424 D   -2  1  0  3 -4  1  0 -1  6 -4 -3  0 -3  0  1 -1 -1 -4 -1 -4    3   7   5  17   0   8   6   4  21   0   3   5   0   4   7   3   4   0   2   1  0.44 0.29
  425 Y   -1  2 -2 -1 -1  0  1  0  2 -1 -1  1  1 -1  1 -1 -1  1  2  0    2  12   0   3   2   3  10   7   5   2   5   7   5   2   7   2   2   2   9   7  0.08 0.15
  426 V    0 -1 -2 -2  2 -1  0  1  1  0  0  0  0  0 -2 -1  0 -2 -1  1    9   0   0   0   7   0   6  13   6   6   7   9   4   4   0   1   4   0   0  13  0.01 0.10
  427 G    0  1 -1 -1 -2  0  1  0  2 -1  0  1 -1  1 -2 -1 -1 -2 -1  0   10  10   0   0   0   0  10  10   9   0  10  10   0   9   0   1   1   0   0  10  0.01 0.08
  428 S    0 -1  1  1  0  1 -1 -1  0 -2 -3 -1 -2 -3 -1  3  1 -3 -2 -2    5   3   7   8   2   7   1   3   2   2   1   2   0   0   2  35   8   0   0   3  0.23 0.23
  429 I    0 -3 -3 -3 -2 -3 -3 -3 -3  3  2 -3  1  0  0 -2  0 -3 -2  2    6   0   0   0   0   0   1   1   0  25  24   1   3   4   6   1   5   0   0  13  0.27 0.22
  430 E    1  1  0 -1 -2  1  2 -2  0 -2  0  0  0 -2 -2  0  1 -3 -1 -1   14   7   3   2   0   7  20   1   2   0   9   3   2   0   0   4  12   0   2   2  0.11 0.16
  431 E    0 -2 -3 -3 -3 -1 -1 -2 -3  1  0 -1 -1 -3  3 -2  0 -4 -3  4    5   1   0   0   0   3   5   2   0   6   6   5   0   0  16   2   5   0   0  36  0.31 0.27
  432 G   -1 -3 -1 -2 -4 -3 -2  6 -1 -4 -4 -2 -4 -4 -3 -1 -2 -4 -4 -2    2   0   2   2   0   0   2  68   2   0   1   2   0   0   0   4   2   0   0   4  1.06 0.49
  433 K    0  1 -1 -2 -1 -1 -2 -2  0 -3 -3  5 -1 -2 -3  1 -1 -1 -1 -3    9   5   2   0   1   1   0   1   2   0   1  48   2   1   0  11   2   1   2   0  0.50 0.38
  434 Y    0  0  0  0 -2  1  0 -2 -1  0  0 -1  1  1 -2  0 -1  4  1  0    7   7   7   7   0   7   7   0   0   7   7   0   6   6   0   7   0   6   6   7  0.06 0.15
  435 A    3 -1 -1 -1 -1 -1 -1  1 -2  0 -1 -1 -1 -2 -1  0  1 -2 -1  1   43   1   1   1   0   1   1  10   0   1   2   1   0   1   1   1  13   0   1  14  0.13 0.04
  436 D   -1 -1  2  2  4  2  2 -1  0 -2 -2  0 -2 -3 -1  0 -1 -2 -2 -2    1   1  17  18  17  17  18   1   0   1   2   1   0   1   1   1   1   0   1   1  0.31 0.05
  437 L   -1 -2 -3 -3  1 -2 -3 -3 -3  2  3 -2  1  1  0 -2 -1 -2 -1  1    4   1   0   1   3   0   1   1   0  18  49   1   3   5   5   1   1   0   0   8  0.32 0.11
  438 V    0 -2 -2 -3  1 -2 -2 -3 -3  2  0 -2  2  0 -2 -1  1 -3 -1  4    5   1   1   1   4   0   1   1   0   4   4   1   8   3   1   1  12   0   0  54  0.31 0.15
  439 L    0 -2 -2 -2  3 -1 -2 -2  2  1  1 -2  2  1 -2  0 -1 -2  0  1   11   1   0   1  10   0   1   1  10  11  11   1  10  10   1  11   1   0   0  11  0.13 0.10
  440 W   -2 -3 -3 -3  2 -2 -3  0 -2  0  0 -3 -1  2  1 -2 -2  8  3  0    1   1   0   1   5   0   1   7   0   6  11   1   0  11   8   1   1  26  13   6  0.61 0.19
  441 E   -2  1  1  1 -3  1  1 -3  2 -2 -1  1  1 -2  1  0  0  4  1 -2    1   7   7   7   0   7   7   0   7   0   7   7   7   0   7   7   7   7   7   0  0.19 0.18
  442 P    0  0 -1  0 -2  1  0  0 -2  0  0 -1  1  1  1  0  0 -2 -1  0    7   7   0   7   0   7   7   7   0   7   7   0   7   7   7   7   7   0   0   7  0.05 0.09
  443 A    1  0  0  2 -3  0  1  0  2 -1 -1  0  0 -1  0  0  0 -3 -2 -1   12   5   5  12   0   4   8   6   7   3   5   7   3   3   4   7   4   0   0   5  0.08 0.09
  444 M    0  0  0  0  2  1  0  0  2 -3 -1  0  1  1  0  0  0  3  1 -2    6   6   5   6   5   5   6   6   5   0   6   6   5   5   6   6   6   5   5   0  0.11 0.15
  445 F   -1  0 -3 -2 -3 -2  1 -3 -2  1  0 -1  1  3  0 -1  0  4  2  0    4   5   0   0   0   0  15   0   0   8   6   4   4  19   4   5   5   7   7   7  0.22 0.21
  446 G    0  1 -2 -1  1  0  0  1  1 -3 -3  0 -2  1  0  0  0  2  4 -3    6  11   0   4   3   4   7  12   3   0   1   4   0   5   3   8   7   4  18   0  0.22 0.21
  447 A    1  1 -2 -3 -2 -2 -2 -1 -3  1  1 -2  1 -2  0  0  1 -3 -2  3   17   8   0   0   0   0   1   4   0   7  10   0   4   0   4   7   9   0   0  27  0.20 0.19
  448 K   -1  1  0  0 -1  1  0 -2 -1  0  0  3  0 -3 -2  0  0 -3 -3  0    5   6   3   5   1   6   4   2   2   6   9  30   1   0   0   6   5   0   0   8  0.19 0.19
  449 P    2 -2 -3  0 -1  0 -1 -1  0 -1 -2 -2 -3 -4  6  0 -1 -4 -4 -1   19   2   0   6   2   5   3   3   2   3   3   0   0   0  38   6   2   0   0   5  0.70 0.37
  450 K    1 -1 -1  1  1  1  4 -3  1 -3 -2 -1 -3 -2  0  1 -1 -4 -1  0   16   1   2   6   4   6  31   0   3   0   3   2   0   2   5  10   2   0   2   6  0.32 0.27
  451 M    0  0 -2  0  1  0  0 -1 -2  1  0  0  3  1 -3  0  0 -2  2  0    8   4   0   4   3   5   7   4   0   8   7   5  12   8   0   6   6   0   7   4  0.07 0.12
  452 I   -1  1  1  1 -2 -1  1  0 -1  1  0  1  1 -2 -2 -1  0 -3 -2  0    1   9   9   9   0   0   9   9   0   9   9   9   9   0   0   1   9   0   0   9  0.07 0.09
  453 L    0 -2 -2 -2 -2  1 -2 -2 -2  1  0 -2  2  2 -2  0  1  4  2  1    9   0   0   0   0   9   1   1   0   9   9   0   9   9   0   9   9   8   9   9  0.18 0.13
  454 K    0  1 -1 -2 -2  2 -1 -2  1  1  0  2  1 -2 -2  0 -1 -3 -2  1    7   9   0   0   0  13   1   1   5   8   5  21   5   0   0   5   1   0   0  16  0.16 0.14
  455 S    0  1  1  1  2  1  1  0 -1 -2 -2  1  1 -3  1  0  0 -3 -2 -2    8   8   7   8   7   7   8   8   0   0   1   8   7   0   8   8   8   0   0   0  0.17 0.14
  456 G    0 -1  0  0 -2  0  2  3 -1 -2 -2  0 -2 -2 -1  2  0 -2 -2 -2    2   1   1   1   0   1  27  27   1   1   2   1   1   1   1  27   1   0   1   2  0.25 0.01
  457 M    0  0  1  0 -2  1  0  0  2  0  0 -1  1  1 -2  0  0 -2  1  0    6   6   6   6   0   6   6   6   6   6   6   0   6   6   0   6   6   0   6   6  0.04 0.09
  458 I    0 -2 -2 -2  2  1 -1  0  2  0  0  0  1  1  1  0  0 -2 -1  0    7   0   0   0   7   7   0   7   7   7   7   7   7   7   7   7   7   0   0   7  0.07 0.12
  459 A    0  0  0 -2  2  1 -2  0 -1  0  0 -1  1  1 -2  0  0 -2  1  0    7   7   7   0   7   7   0   7   0   7   7   0   7   7   0   7   7   0   7   7  0.06 0.12
  460 Y    0  0  0 -2  2  0  0 -1  2  0 -1 -2  1  1  0  0  0  3  1  0    6   6   5   0   5   5   6   6   5   6   6   0   5   5   6   6   6   5   5   6  0.08 0.13
  461 G    4 -3  0  0  2  0  0  0  1 -3 -4  0 -3 -4 -3  1  0 -4  1 -1   36   0   4   6   4   4   5   7   4   0   1   4   0   0   0   8   4   0   5   5  0.38 0.31
  462 V    0  0  0  0  2  0  0 -1  1  0 -1  0  1  0  0  0  0 -2  1  0    5   5   5   5   5   5   5   5   5   5   5   5   5   5   5   5   5   0   5   5  0.03 0.05
  463 M    0  0  0  0  2  1  0  0  1  0  0  0  1  0 -2  0  0 -3 -1  0    6   6   6   6   6   6   6   6   6   6   6   6   6   6   0   6   6   0   0   6  0.03 0.08
  464 G    0  1  0  1 -4  0 -2  4 -3 -3 -1  1  1  0 -3  0  0 -4 -3 -1    6   7   4   8   0   4   0  34   0   0   5   9   4   4   0   5   6   0   0   4  0.33 0.25
  465 D   -1 -3  0  5 -4  0  1 -2 -3 -1 -2 -1  1 -4  0 -1 -1  1 -1 -2    5   0   4  42   0   5   8   2   0   4   3   3   4   0   6   4   2   2   2   2  0.56 0.38
  466 S    0  0  1 -1 -2  1  0  0 -1  0  0 -1 -1 -1  1  0  0 -2  1  0    8   8   7   0   0   7   8   8   0   8   8   0   0   0   8   8   8   0   7   8  0.07 0.09
  467 N    0  1  1  1 -2  1  1  0  2 -1 -1  1  1 -2 -2  0  0 -3 -2  0    7   7   7   7   0   7   7   7   7   0   7   7   7   0   0   7   7   0   0   7  0.09 0.10
  468 A    1  0  1  0 -2 -1  0  1 -2 -1 -1  0  1  0  0  0  0 -2  1  0   19   5   8   4   0   0   4  10   0   0   6   7   5   3   5   6   4   0   7   7  0.07 0.12
  469 S    1  1  0 -1  1  1  0 -1  2 -3 -1  0  0 -1  1  2  0 -3 -2 -2   13   7   2   3   3   5   5   4   7   0   6   3   2   3   7  23   5   0   0   0  0.17 0.19
  470 I   -1 -3 -2  2 -3 -2 -1 -1 -3  3  1 -1 -1 -2 -1  0  2 -4 -3  1    4   0   0  12   0   0   4   5   0  20  15   3   0   0   3   6  14   0   0  11  0.21 0.22
  471 P    1  1  0  1 -3 -2  0 -3 -2 -2 -1 -1  0 -1  3  1  0 -3  0  0   14   8   4   7   0   0   4   0   0   0   6   3   4   3  18  13   4   0   4   7  0.23 0.21
  472 T   -1  0  0  0  2  0 -2 -1  2  0 -1  0  1  0  0  0  0  3  1  0    5   5   5   5   5   5   0   5   5   5   5   5   5   5   5   5   5   5   5   5  0.06 0.11
  473 T    1 -1  0  0  3 -2 -1  0  1 -1 -1 -3  0 -3  2  0  0 -4  0  0   13   4   5   6   8   0   4   8   4   4   5   0   3   0   9   8   7   0   3   9  0.14 0.17
  474 Q   -1  1 -1 -3 -5  5  4 -2  1 -5 -2 -1  1 -5 -1  0 -3  4 -4 -4    4   8   3   0   0  28  24   4   3   0   5   3   3   0   3   6   0   5   0   0  0.66 0.48
  475 P   -1 -1  0 -1 -5 -2 -2 -4  1 -4 -1 -2 -4 -5  6  0  0 -5 -4 -2    4   4   5   3   0   2   3   0   4   0   6   2   0   0  50   7   6   0   0   3  1.07 0.55
  476 R    0  0  0  0  2  0 -1  0 -1  0  0  0  1  1 -2  0  0 -2  1  0    6   6   6   6   6   6   0   6   0   6   6   6   6   6   0   6   6   0   6   6  0.03 0.09
  477 T   -1  1 -1 -1  1  0 -1 -3  2  1  0  0  1  1  1 -1  0  3  2  0    3   8   3   3   3   3   3   0   6  10   8   4   4   7   6   4   5   4   6   7  0.11 0.13
  478 M    0  0 -2  0 -3  0  0  0  2  0  0 -1  1  1  1  0  0  3  1  0    6   6   0   6   0   6   6   6   6   6   6   0   6   6   6   6   6   6   6   6  0.08 0.12
  479 R    0  0 -1  0 -3  1  0  0  2  0 -1  0 -1  1  1  0  0  4  1 -2    6   6   0   6   0   6   6   6   6   6   6   6   0   6   6   6   6   6   6   0  0.09 0.12
  480 E   -1  0  0  1 -4  1  1 -1  1 -1 -1  1  0 -1  4 -1 -1 -3  0 -3    4   4   4   7   0   7  10   4   5   4   5   9   4   3  20   4   3   0   4   0  0.26 0.22
  481 L    0  0  0  0  2  0 -1  0  2  0  0  0  1  1 -2  0  0 -2  1  0    6   6   6   6   6   6   0   6   6   6   6   6   6   6   0   6   6   0   6   6  0.04 0.09
  482 F    0  0 -3 -2 -3 -1 -3 -3  0  0  0 -1 -2  4 -1  0 -2  6  3  0    7   5   0   3   0   3   0   0   2   4  10   5   0  21   4   7   0  12   9   6  0.38 0.28
  483 G    0  0 -2  0  2 -1  0  0  2  0  0 -2  1  1  1  0 -1  4 -1  0    7   7   0   7   6   0   7   7   6   7   7   0   6   6   7   7   0   6   0   7  0.09 0.14
  484 L    0  0  0  0  2  0  0 -1  1  0 -1  0  1  0  0  0  0 -2  1  0    5   5   5   5   5   5   5   5   5   5   5   5   5   5   5   5   5   0   5   5  0.03 0.05
  485 T   -1  1 -1 -3  1  1 -1 -3  2 -1  1  0  1  2  1  0  1 -3  2 -1    5   7   3   0   4   6   3   0   6   3  14   5   4  10   6   6   8   0   7   3  0.14 0.17
  486 G    0  0 -2 -1 -4 -1 -1  4  0 -1 -2  0 -3 -4  1  0  0 -4 -4 -1    7   4   0   4   0   3   4  37   2   4   4   6   0   0   6   5   6   0   0   4  0.38 0.30
  487 K    0  2  0 -1 -1  1 -1  0  1 -2 -2  2 -3 -2  1  0 -1  2 -1 -2    8  12   3   4   1   5   3   8   3   2   3  16   0   2   9   6   3   4   2   2  0.16 0.19
  488 S    4 -1  1 -1  0  0 -1  0  0 -2 -2 -1 -3 -4 -3  1  0  1 -4 -1   36   3   6   2   2   5   2   6   2   3   4   2   0   0   0  13   4   2   0   4  0.34 0.37
  489 R    0  2 -1 -1  1  0 -1 -1  0  0  0  1  0 -1  2 -1 -1 -4 -3  0    9  14   3   3   3   3   3   4   3   4   8  10   3   3  10   3   3   0   0   9  0.09 0.15
  490 Q    1  0  1 -1  1  2 -1  0  1 -1 -2  0  0 -1  2  0  0 -3  0 -1   11   5   6   3   3   9   3   9   3   3   3   6   3   3   9   8   7   0   3   3  0.10 0.12
  491 H    0  0  0  0 -2  1  0  0  1  0 -1  0  1  0  1  0  0 -2  1  0    6   6   5   6   0   5   6   6   5   6   6   6   5   5   6   6   6   0   5   6  0.03 0.06
  492 V    0  0  1 -1  2  1  0  0  2  0 -1  0 -1 -2  1  0  0 -3 -2  0    7   7   7   0   6   7   7   7   6   7   7   7   0   0   7   7   7   0   0   7  0.07 0.10
  493 N    0  1  1 -2  3  1 -1  0  2 -2 -1  1 -1  1 -2  0  0 -2 -1 -2    8   8   8   0   8   8   0   8   8   0   8   8   0   8   0   8   8   0   0   0  0.10 0.12
  494 M    0  0 -2 -2  2 -1 -2  0  2  0  0  0  1  1 -2  0  0 -2  1  0    7   7   0   0   7   0   0   7   7   7   7   7   7   7   0   7   7   0   7   7  0.07 0.12
  495 T    1 -1  0 -1  2 -2 -2 -1  1  1  0 -2  1  0 -2  0  2 -2  0  1   14   4   4   4   5   0   1   4   4  11   5   1   5   4   1   7  18   0   3   8  0.09 0.10
  496 F   -3  1 -4 -4 -4 -3 -4 -4  3 -2  0 -3 -2  7 -4 -4 -3  5  0  0    1   8   0   1   0   0   1   1   8   1   8   1   0  52   1   1   1   9   0   8  1.14 0.39
  497 V    0 -3 -3 -3 -2 -2 -2 -3 -2  2  1 -2  1  1  1 -1  0 -2  1  3    7   0   0   0   0   0   1   1   0   9  15   0   5   6   7   5   5   0   7  29  0.21 0.15
  498 S    1  0  0 -2  3 -1 -2  0  2 -2  0 -1 -1  0  0  3  0 -3 -2 -1   11   5   4   0   9   0   0   4   6   0   9   0   0   4   4  30   4   0   0   5  0.19 0.17
  499 T    0  1  0  2  2  2  1  0  0 -2 -2  1 -2 -3  2  0  1  2 -2 -2    9   7   2  12   5  10   6   5   2   0   3   8   0   0   9   6   8   4   0   3  0.17 0.13
  500 Y    0  0  0  0 -2  1  0  0  1  0 -1  0  1  0  1  0  0 -2  1  0    6   6   5   6   0   5   6   6   5   6   6   6   5   5   6   6   6   0   5   6  0.03 0.06
  501 A    4 -1 -3 -4  3  0 -3  1 -4 -3 -4 -1 -3  0 -3  1  0 -4 -4  0   41   4   0   0   7   5   0   9   0   0   1   4   0   4   0  12   5   0   0   7  0.56 0.39
  502 Y    0  0 -1  0  2  1  0  0  2  0  0  0  1  1 -2  0  0 -2  1  0    6   6   0   6   6   6   6   6   6   6   6   6   6   6   0   6   6   0   6   6  0.04 0.09
  503 E    1 -1  1  3 -4  0  3 -1  0 -4 -4  0 -3 -4 -3  0 -1 -4  0 -2   13   3   5  21   0   4  25   4   3   0   0   5   0   0   0   7   4   0   3   3  0.44 0.32
  504 H    1  1  1  1  0  0  1  0  1 -1 -1  1 -2 -1 -2  1  0 -3 -2 -1   15   7   9   8   2   4   8   5   5   3   5   9   0   2   0  12   4   0   0   3  0.12 0.13
  505 N   -1 -1  0  1 -2 -2 -1  5 -4 -5 -3 -2 -1 -5 -1 -1 -3 -1 -2 -3    5   3   5   8   1   2   3  54   0   0   2   2   1   0   3   4   1   1   2   1  0.86 0.50
  506 I    0 -1  0 -1 -3 -1 -1 -1  0  2  0 -1  0  0 -3  0  0 -3 -1  2    7   3   4   3   0   2   3   6   2  17  10   3   3   5   0   8   6   0   2  16  0.10 0.13
  507 K    1  0  0 -1  1  0 -1 -1  1  0 -1  1  0 -1  1 -1 -1  2  0  1   10   4   5   3   3   3   3   6   4   5   5  10   3   3   8   4   4   3   3  12  0.06 0.07
  508 E    0  1  1  1 -2  1  0  0  2  0 -1  0 -1 -2  1  0  0 -3 -2  0    7   7   7   7   0   7   7   7   6   7   7   7   0   0   7   7   7   0   0   7  0.08 0.08
  509 E    0  3  1  0 -3  1  0  0  1 -2 -1  1 -2 -2  0  1  0 -3 -2 -2    7  17   5   6   0   5   6   6   4   2   5   9   0   2   5  12   6   0   0   2  0.16 0.16
  510 L    0 -4 -1 -4 -4 -3 -4 -1  1  0  2 -4  3  1  0  0 -3  4  4 -1    7   0   4   0   0   0   0   5   4   5  21   0   7   4   5   7   0   7  18   4  0.42 0.31
  511 G    0  0  0  0  2  1  0  0  2  0 -2  0  1  0  0  0  0 -2  1  0    6   6   5   6   5   5   6   6   5   6   0   6   5   5   6   6   6   0   5   6  0.05 0.10
  512 L   -3 -1 -4 -2  1 -1 -1 -4 -4  1  4 -1 -1 -2 -2 -2  1 -3 -1  0    0   3   0   2   4   3   3   0   0   8  53   3   0   0   2   3   8   0   2   5  0.50 0.35
  513 E    0  2  1  1 -1  1  1  0  0 -3 -2  2 -2 -2 -2  0  0 -3 -1 -2    7  13   6   6   2   7  11   6   2   0   3  17   0   2   0   5   6   0   2   3  0.19 0.16
  514 R   -2  4 -1 -3  0 -2 -2 -2  1 -4 -3  5 -3 -4 -3  1 -1 -5 -4 -2    3  21   3   0   3   0   0   2   3   0   3  44   0   0   0  10   4   0   0   2  0.78 0.47
  515 N    0  3  0  0 -3  2  0 -2  0 -2  0  1  0 -3  1  0  0  0 -3 -2    6  20   3   4   0  11   6   3   2   2   9   9   3   0   7   5   7   1   0   2  0.20 0.19
  516 V   -1 -1 -3 -3  1 -2 -3 -2 -3  3  1 -1  1  1 -1 -1  0  1  0  2    4   4   0   0   4   0   0   3   0  21  16   3   3   6   3   3   6   2   3  18  0.21 0.18
  517 L    0  0 -2 -1  1  0  1 -1 -2  1  0 -1  0 -1 -2  0  0 -2  1  2    8   4   0   3   4   3  10   6   0   5   9   3   3   2   0   5   4   0   6  25  0.08 0.14
  518 P    3 -1 -3 -1 -3 -2 -1  0  0 -1 -2 -1  1 -4  4  0  0 -4 -3  0   31   3   0   3   0   0   3   5   3   3   3   3   4   0  22   4   5   0   0   8  0.41 0.31
  519 V   -1 -4 -4 -5  1 -4 -4 -4 -5  3  0 -4 -2 -3 -4 -3 -1 -4 -3  6    5   0   0   0   3   0   1   1   0  12   5   0   0   0   0   1   3   0   0  65  1.09 0.50
  520 H   -1  2  0  0  1  1  1 -1  1 -1 -1  2 -2  0 -2  1  0 -3 -2 -1    5  13   4   4   3   6   9   4   4   4   5  17   0   5   1  10   4   0   0   4  0.13 0.12
  521 N    0  1  1  1 -3  1 -1  0  2 -2 -2  1 -2 -2  1  0 -1  4 -1 -1    8   8   8   8   0   8   0   8   8   0   1   8   0   0   8   8   0   8   0   8  0.19 0.14
  522 V    0 -3 -1 -3  6 -1 -3 -3 -3  1 -1 -1  0  0 -3 -1  3 -3 -2  1    6   0   2   0  26   4   1   1   0   8   2   4   2   4   0   2  24   0   0  13  0.51 0.30
  523 R   -2  7  0 -3 -4  1 -2 -2 -2 -2 -3  1 -3 -4 -1 -1 -1 -4 -3 -4    3  65   4   0   0   5   1   3   0   2   3   5   0   0   3   4   2   0   0   1  1.05 0.47
  524 T    0  1  1  0 -2  1  0  1  0 -2 -2  0  0 -3 -2  1  2  1 -2 -1    5   6   7   5   0   6   3  13   3   0   3   7   2   0   0  13  18   3   0   4  0.16 0.15
  525 V   -1  0 -3 -3 -2 -2 -3 -3 -3  3  2 -1  0  0 -3 -1  0 -3 -2  3    5   5   0   0   0   0   0   1   0  22  25   4   0   4   0   4   6   0   0  22  0.32 0.22
  526 T    0  1  1  1  2  1  0  0  2 -1 -2  0 -2  0 -2  0  0 -3 -1 -2    7   7   7   7   6   7   7   7   6   7   1   7   0   6   0   7   7   0   0   0  0.05 0.13
  527 K   -2  3  0 -3  0 -1 -2 -3  1 -4 -2  6 -3 -4  0 -1 -1 -4 -3 -2    3  14   4   0   2   0   0   0   3   0   3  54   0   0   5   3   3   0   0   3  0.81 0.45
  528 K    2  1  0  0 -2  1  0 -1  0 -1 -1  2 -1 -2  0  1  0 -3 -2 -2   20   9   2   6   0   4   6   4   3   3   6  18   2   2   3   9   4   0   0   1  0.15 0.14
  529 D    0  0  2  6 -4  1  0 -1  2 -4 -4 -2 -4 -4 -3  0 -2 -4 -1 -2    6   4   8  51   0   5   3   3   4   0   1   0   0   0   0   7   0   0   2   3  0.82 0.42
  530 M   -3 -3 -3 -4  3 -3 -4 -4  3  1  2 -3  7  1  0  0 -3 -3 -2 -2    1   0   0   0   6   0   0   1  10   7  17   0  36   6   6   7   0   0   0   0  0.78 0.40
  531 K   -1  0 -2 -1 -3  0 -1  0  3  1  0  1  3 -2  0 -1 -2  2 -2  1    4   4   0   3   0   3   3   6   9  12   4  10  11   0   4   3   0   3   0  14  0.10 0.15
  532 F    0  0  0 -2 -3  0 -1  0  5 -2  1 -1 -1  3 -3 -1 -2  2  2 -2    7   7   5   0   0   3   3   8  17   0  18   3   0  14   0   3   0   4   7   0  0.25 0.21
  533 N   -4 -3  7 -2 -5  1 -3 -2  1  0 -5 -3 -4 -5  1 -1 -1 -5 -4 -4    1   0  66   0   0   6   0   3   3   7   1   0   0   0   6   3   3   0   0   0  1.40 0.61
  534 S    1  0  3  3 -1 -1  0  0  2 -3 -3  0 -3 -2 -3  1  0 -4 -3 -2   14   6  14  22   2   0   4   6   6   0   1   7   0   2   0  10   5   0   0   2  0.32 0.22
  535 E    3  0  0  1 -1 -1 -1  0 -1 -1 -1 -1  0  0 -2  0  0  0  1 -1   29   5   6   8   1   1   3   5   1   2   6   3   3   4   0   7   4   1   7   2  0.11 0.15
  536 T   -1  0 -1 -3  2 -1 -3 -3 -3  0  2 -2  2  0 -3 -1  3  2 -2  0    4   7   2   0   5   2   0   1   0   3  23   1   8   3   0   4  24   3   0   7  0.26 0.23
  537 P   -2 -4 -4 -1 -5 -1 -3  1 -4 -5 -2 -3 -5 -3  8 -2 -4 -5 -5 -5    3   0   0   3   0   2   1  10   0   0   4   1   0   1  70   2   0   0   0   0  1.83 0.67
  538 K   -1  2  0  2 -2  2  1 -2  2 -3 -3  3 -3 -3  1 -1  0 -4 -3 -2    3  12   3  11   1   9  10   1   5   0   1  24   0   1   7   3   5   0   0   4  0.36 0.23
  539 I   -3 -2 -2 -2 -3 -4 -4 -5 -4  6  0 -4  4 -1 -4 -4 -2 -4 -3  3    0   3   2   2   0   0   0   0   0  50   5   0  12   2   0   0   2   0   0  20  0.95 0.44
  540 E   -1  1 -1  2 -4  0  5 -3  1 -3 -4  1 -3 -4 -3  0  2 -1 -3 -2    3   6   1  11   0   2  41   0   3   1   0   8   0   0   0   6  15   1   0   2  0.62 0.37
  541 I   -3 -5 -6 -3 -4 -5 -5 -6 -5  2 -1 -5 -2  0 -5 -4 -3 -5  1  7    0   0   0   2   0   0   0   0   0   9   1   0   0   3   0   0   0   0   4  80  1.47 0.60
  542 D   -2 -4  3  7 -2 -3 -1 -2  0 -6 -6 -3 -5 -6 -1  0 -3 -7 -5 -6    2   0  12  71   1   0   1   2   2   0   0   0   0   0   3   6   0   0   0   0  1.57 0.60
  543 P    0 -2 -4 -2 -5 -3 -2 -4  0 -5 -3 -3 -5 -5  7  0 -2 -6 -1 -5    9   2   0   2   0   1   2   1   2   0   2   0   0   0  68   8   2   0   3   0  1.70 0.60
  544 L   -2  2  0  2 -5  3  5 -2 -2 -3 -4  0 -3 -5 -3  0 -1 -5 -4 -4    2  10   3  13   0  13  42   1   0   1   1   5   0   0   0   5   4   0   0   0  0.73 0.37
  545 T   -2 -2  1  0 -3 -1 -3 -1 -3 -4 -4 -1 -3 -5 -1  2  6 -5 -4 -3    1   2   7   5   0   2   0   3   0   0   0   3   0   0   3  14  61   0   0   0  0.96 0.49
  546 Y   -1 -2 -1 -1 -4 -1 -3  1  0 -3 -2 -3 -3  4 -4 -3 -3 -1  7 -3    4   3   3   5   0   2   0  13   2   0   2   0   0  16   0   0   0   0  47   1  0.98 0.43
  547 D    0  1 -1  0 -3  1  3 -2  0 -1 -1  0 -2 -3  0  0  1 -3 -1  0    9   6   1   4   0   7  28   2   2   3   7   5   0   0   4   4  12   0   2   6  0.21 0.17
  548 V   -2 -5 -5 -6 -3 -5 -5 -6 -6  2 -2 -5  1 -3 -5 -3  0 -5 -4  7    1   0   0   0   0   0   0   0   0   7   0   0   2   0   0   1   4   0   0  84  1.52 0.59
  549 T   -1  3 -2 -2 -1 -1  0 -2  1 -2 -2  2 -1  0 -3  1  3  1  0 -2    3  23   0   1   1   1   5   2   3   2   3  11   1   5   1   9  23   2   3   1  0.32 0.24
  550 V    4 -2 -4 -3 -1 -3 -1 -3 -4  2  1 -3 -2 -1 -3 -2 -2 -4 -1  3   42   1   0   1   1   0   3   0   0  10  11   0   0   3   0   1   1   0   1  25  0.52 0.33
  551 D   -3 -2  2  7 -6 -3  0  0 -3 -5 -6 -3 -2 -5 -4 -3 -3 -6 -2 -5    1   2  10  73   0   0   3   7   0   0   0   0   1   0   0   0   0   0   1   0  1.59 0.57
  552 G   -2 -3 -2 -1 -5 -4 -3  7 -4 -5 -5 -3 -5 -5 -4 -3 -4 -5 -5 -5    0   1   1   4   0   0   2  86   0   0   1   1   0   0   0   0   0   0   0   0  1.80 0.56
  553 K   -2  1 -1  0 -4  2  4 -3  0 -1 -3  1  0 -3 -3 -2 -2 -4  0  1    1   9   3   3   0   8  37   2   2   4   1   8   3   0   0   1   1   0   4  13  0.42 0.28
  554 L    0 -1 -2 -2 -2 -2  0 -3  1  0  2  0 -1 -1  2 -1  0 -2 -2  2    7   3   0   2   1   0   6   1   5   2  28   7   0   1  10   5   5   0   0  16  0.17 0.16
  555 I    0 -4 -4 -4  3 -3 -4 -4  0  2  4 -4  1  0 -3 -3 -1 -1 -2  2    7   0   0   0   8   1   0   0   3  11  45   0   2   4   1   0   2   1   0  13  0.54 0.28
  556 T    1  0  1  1 -2 -1  0 -1  0 -1 -3 -1 -3 -3  0  0  4 -2 -2  0   10   4   5   9   1   2   7   3   3   2   0   2   0   1   5   3  35   0   1   7  0.31 0.25
  557 C    1 -2 -2 -4  8 -3 -2 -2 -2 -1 -1 -3  0 -3 -1  1 -1 -4 -1  1   13   3   1   0  34   0   2   2   1   3   6   0   3   0   3  11   2   0   3  13  0.70 0.35
  558 D    0 -2 -1  1 -5  1  5 -1  1 -4 -4  0 -4 -4  2  1 -1 -5 -2 -3    6   0   1   8   0   4  41   4   3   0   1   6   0   0  10  10   2   0   1   1  0.58 0.33
  559 P    0 -5 -3 -5 -6 -4 -2 -5 -1 -6 -4 -4 -5 -3  8 -2 -4 -6  0 -4    8   0   1   0   0   0   2   0   2   0   2   0   0   1  76   3   0   0   4   1  2.13 0.73
  560 A    5 -4 -4 -4 -3 -2 -3 -3 -4 -2 -2 -3  0 -3  0  0  0 -5 -2  3   53   0   0   0   0   1   0   0   0   1   3   0   2   0   5   4   4   0   2  25  0.76 0.43
  561 R    0 -1 -1  3 -4  1  2 -2 -1 -3 -3  0 -2 -4 -2  1  3  3 -3 -2    6   3   1  21   0   6  16   2   1   1   0   4   1   0   1   8  23   4   0   2  0.43 0.28
  562 E   -1  1 -1  1 -2  0  3 -3  0 -2 -3  0 -3 -4 -2  1  2 -4 -1  0    3   8   1   6   1   3  26   1   3   2   1   5   0   0   0  14  15   0   3  10  0.30 0.24
  563 L   -1 -5 -6 -6 -4 -5 -5 -6 -5  1  5 -5 -1 -3 -5 -3 -2 -5 -4  4    5   0   0   0   0   0   0   0   0   3  61   0   0   0   0   1   2   0   0  29  1.10 0.48
  564 P   -2 -4 -3 -5 -6 -5 -3 -3 -5 -6 -4 -4 -6 -7  8  0 -3 -7 -6 -4    3   1   1   0   0   0   1   1   0   0   1   0   0   0  82   7   1   0   0   1  2.40 0.79
  565 L   -4 -4 -6 -6 -4 -4 -5 -6 -5 -1  6 -5  6 -1 -4 -5 -3 -4 -4 -1    0   1   0   0   0   0   0   0   0   1  73   0  21   1   1   0   1   0   0   1  1.49 0.58
  566 A    4 -2  1 -2 -1 -1 -2  0 -3 -1 -4 -2 -1 -4 -3  3  3 -5 -4 -3   38   1   7   1   1   2   2   6   0   3   0   0   1   0   0  21  18   0   0   0  0.56 0.34
  567 Q   -3  4 -2 -4 -6  7 -2 -3 -2 -6 -3  0 -4 -4 -4 -3 -2 -1 -4 -5    2  25   1   0   0  60   0   2   1   0   2   4   0   1   0   0   2   1   0   0  1.51 0.63
  568 R   -2  6  2 -1 -2 -2 -1 -4 -3 -3  2  0 -2 -2 -4 -2 -2 -4 -2 -3    2  47  10   3   1   0   2   0   0   0  24   4   1   1   0   2   1   0   1   0  0.73 0.37
  569 Y   -4 -5 -5 -6 -5 -4 -5 -6  3 -4 -4 -5 -4  2 -6 -5 -5  0  9 -4    1   0   0   0   0   0   0   0   6   0   0   0   0   7   0   0   0   1  82   0  2.54 0.76
  570 L   -4 -4 -5 -5 -4 -4 -5 -5  3  0  1 -5  1  7 -5 -4 -3  1  3 -3    0   0   0   0   0   0   0   0   7   5  11   0   4  63   0   0   1   1   7   0  1.41 0.46
  571 Y   -4 -4 -5 -5 -4 -4 -3 -5 -1 -1  5 -4  0  3 -5 -4 -3 -3  1 -1    0   0   0   0   0   0   2   0   2   0  76   0   0  12   0   0   0   0   6   1  1.10 0.40
  572 T    3  3 -2 -2 -2 -1 -1 -2 -2 -1 -2  0 -1 -3 -2  1  1 -3 -2  1   33  29   0   0   0   0   0   0   0   0   0   0   0   0   0   7  12   0   0  17  0.30 0.13
  573 N    1  1  4  0 -2  0  0 -1  0 -2 -2  0 -1 -2 -1  1  2 -3 -2 -1   13  14  34   1   0   1   1   1   0   1   1   1   0   0   1  13  17   0   0   1  0.26 0.02
  574 L    1 -1 -1 -1 -1 -1 -1 -1 -1  0  2 -1  1 -1 -1  1  0 -1 -1  0   19   2   1   2   1   1   2   2   1   2  39   2   1   1   2  17   2   0   1   2  0.08 0.01
  575 D    1 -1 -1  2 -2  2  0 -1 -1  1  1  0  0 -1 -1  0 -1 -2 -1  0   17   1   1  17   0  21   1   1   0  16  18   1   0   1   1   1   1   0   1   1  0.08 0.01
  576 K    1  0 -2 -2 -2 -1 -1 -2 -2  2  1  2  0 -1 -2 -1 -1 -3 -2  1   15   0   0   0   0   0   0   0   0  35  16  33   0   0   0   0   0   0   0   0  0.12 0.02
  577 I   -1 -3 -3 -4  6 -2 -3 -3 -3  2  1 -3  4 -1 -3 -2 -1 -2 -2  1    0   0   0   0  33   0   0   0   0  31   0   0  35   0   0   0   0   0   0   0  0.44 0.04
  578 N    2 -2  2 -1  5 -2 -2  2 -1 -2 -2 -2 -1  2 -2  0 -1 -2 -1 -1   30   0  16   0  20   0   0  16   0   0   0   0   0  17   0   0   0   0   0   0  0.23 0.02
  579 I   -2 -3 -4 -4 -1 -3 -3 -4 -3  3  3 -3  2  0 -3 -3 -1 -2 -1  2    0   0   0   0   0   0   0   0   0  49  51   0   0   0   0   0   0   0   0   0  0.41 0.03
  580 L   -2 -2 -3 -4 -2 -2 -3 -4 -3  1  4 -2  4  0 -3 -2 -1 -2 -1  1    0   0   0   0   0   0   0   0   0   0  80   0  20   0   0   0   0   0   0   0  0.47 0.04
  581 V   -1  2 -2 -3 -1 -1 -2 -3 -2  2  1 -1  1 -1 -3 -2 -1 -3 -1  3    0  20   0   0   0   0   0   0   0   0  19   0   0   0   0   0   0   0   0  61  0.22 0.02
  582 Y   -1 -2 -2 -3  5 -2 -2 -2  1 -2 -2 -2 -1  2 -3  1 -1  1  6 -1    0   0   0   0  23   0   0   0   0   0   0   0   0   0   0  19   0   0  59   0  0.53 0.03
  583 Y   -1 -2 -3 -4 -2 -2 -3 -3 -1  1  2 -2  1  4 -3 -2 -1  0  4  1    0   0   0   0   0   0   0   0   0   0  24   0   0  24   0   0   0   0  26  25  0.33 0.00
  584 K   -1  0  5  1 -3  0  0 -1  0 -3 -3  2 -2 -3 -2  0  0 -4 -2 -3    0   0  74   0   0   0   0   0   0   0   0  26   0   0   0   0   0   0   0   0  0.56 0.01
  585 K   -1  1 -1 -1 -3  1  0 -2 -1 -1  0  4  3 -2 -2 -1 -1 -3 -2 -1    0   0   0   0   0   0   0   0   0   0   0  67  33   0   0   0   0   0   0   0  0.27 0.01
  586 I   -1  0 -2 -2 -2 -1 -1 -3 -2  3  0  2  0 -1 -2 -1 -1 -3 -2  2    0   0   0   0   0   0   0   0   0  34   0  33   0   0   0   0   0   0   0  33  0.16 0.00
  587 T    0 -1  0 -1 -1 -1 -1 -2 -2 -1 -1 -1 -1 -2 -1  1  5 -3 -2  0    0   0   0   0   0   0   0   0   0   0   0   0   0   0   0   0 100   0   0   0  0.49 0.01

                      K         Lambda
Standard Ungapped    0.1344     0.3159
Standard Gapped      0.0410     0.2670
PSI Ungapped         0.0823     0.3177
PSI Gapped           0.0252     0.2670
