
Last position-specific scoring matrix computed, weighted observed percentages rounded down, information per position, and relative weight of gapless real matches to pseudocounts
           A  R  N  D  C  Q  E  G  H  I  L  K  M  F  P  S  T  W  Y  V   A   R   N   D   C   Q   E   G   H   I   L   K   M   F   P   S   T   W   Y   V
    1 M   -1 -2 -3 -4 -1 -2 -3 -3 -3  2  2 -2  4  0 -3 -2 -1 -2 -1  3    0   0   0   0   0   0   0   0   0  12  27   0  26   0   0   0   0   0   0  34  0.34 0.03
    2 F   -4 -5 -5 -6 -5 -5 -5 -6 -2 -3 -3 -5 -3  7 -6 -3 -4 -1  7 -3    0   0   0   0   0   0   0   0   0   0   0   0   0  53   0   2   0   0  45   0  1.97 0.57
    3 F   -5 -5 -6 -6 -5 -6 -6 -6 -4 -3 -1 -6 -1  8 -6 -5 -5  1  1 -2    0   0   0   0   0   0   0   0   0   0   2   0   1  90   0   0   0   2   2   2  2.29 0.67
    4 R    0  0 -1  1 -4  1  0 -2 -3 -4 -3  1 -2 -4  6  0  0 -1 -4 -2    5   4   2   7   0   6   4   1   0   0   2   8   1   0  45   7   4   1   0   2  0.87 0.32
    5 N   -2 -3  2  2 -4  1  1  5  0 -5 -5 -1 -4 -3 -3 -1 -1 -4 -4 -4    1   0  10  12   0   8   9  48   2   0   0   2   0   1   0   2   4   0   0   0  0.73 0.31
    6 I   -3 -3 -5 -5 -3 -3 -5 -5 -5  6  1 -3 -1  0 -2 -3 -2 -4 -3  3    0   2   0   0   0   1   0   0   0  64   6   1   0   3   2   1   1   0   0  19  1.01 0.41
    7 G   -1 -2  0  3 -4  0  0  2 -1 -4 -4  0 -4 -5  4  1 -1 -5 -4 -4    2   0   3  20   0   5   6  17   1   0   0   4   0   0  26  13   3   0   0   0  0.63 0.27
    8 M   -2  3 -1 -2 -5  1  0 -4 -1 -4 -4  5 -2 -5  2 -2 -1 -5 -3 -3    1  20   2   0   0   5   3   0   1   0   0  51   1   0  10   1   4   0   0   1  0.88 0.39
    9 I   -3 -4 -5 -5 -3 -4 -5 -6 -5  6  0 -4  2 -2 -5 -3 -2 -5 -3  3    0   1   0   0   0   0   0   0   0  68   2   0   5   0   0   2   1   0   0  21  1.24 0.48
   10 E    0  2 -1 -1 -1  1  3 -1  0 -3 -3  3 -1 -4  1 -1  0 -4 -3 -3    6   9   2   1   1   3  29   4   2   1   1  27   2   0   7   0   5   0   0   1  0.44 0.25
   11 Y   -5 -5 -5 -3 -5 -5 -5 -6 -2 -4 -2 -5 -3  6 -6 -5 -4 -1  8 -4    0   0   0   2   0   0   0   0   0   0   2   0   0  30   0   0   0   0  66   0  2.09 0.66
   12 E   -1  1  1 -1 -1  1  5 -2  0 -3 -3  2 -3 -4 -3 -2 -2 -5 -3 -1    4   6   5   1   2   4  50   2   2   1   1  16   0   0   0   0   0   0   0   5  0.67 0.35
   13 G   -2 -2  0 -1 -1  0 -2  5 -3 -4 -4 -1 -3 -4  4 -1 -2 -4 -4 -4    1   2   5   2   1   5   1  55   0   0   1   2   0   0  20   2   2   0   0   1  0.93 0.34
   14 A    2  1 -1  0 -3  0  0 -2 -2 -1 -2  0 -2 -3  5  0 -1 -4 -3 -2   26   7   2   6   0   3   4   1   0   4   2   6   0   0  29   5   3   0   0   1  0.50 0.22
   15 D   -1 -1  1  2 -3  1  1  3 -2 -3 -3  1 -2 -3  0  1  0 -3 -2 -2    3   3   8  15   0   5  11  25   0   0   1   8   0   0   3   8   6   0   1   1  0.31 0.15
   16 S    0 -2 -1 -1  0 -2 -2  1 -3 -2 -1 -1 -2 -3  3  4  2 -4 -3 -1    7   0   0   2   2   0   0  11   0   1   6   2   0   0  13  39  13   0   0   3  0.42 0.25
   17 E    0  1  0  2 -3  0  1  0 -2 -3 -2  3 -2 -3  2  0  1 -3 -3 -2    5   5   3  12   0   1  11   6   0   1   2  25   0   1   9   4  12   0   0   1  0.28 0.17
   18 N   -2 -1  6  3 -4  0  2 -1 -2 -4 -4 -1 -3 -4 -1  0 -1 -4 -3 -4    2   3  47  16   0   3  14   3   0   0   1   2   0   0   2   4   1   0   0   1  0.82 0.34
   19 P    0 -2 -2 -2 -3 -1 -1 -1 -2 -2 -2 -1 -1 -3  5  1  2 -4 -3  0    6   1   1   2   0   2   2   4   1   1   4   2   1   0  37   9  18   0   0   9  0.66 0.27
   20 Y   -2 -3 -2 -3 -3 -1 -3 -2 -3  0  4 -3  3  3 -2 -1  0 -2  0 -1    1   0   1   0   0   3   0   3   0   0  49   0  11  14   1   5   7   0   3   0  0.46 0.25
   21 A    4 -1 -2 -3  3 -2 -2 -1 -3  0 -2 -2 -2 -1 -1  1  0 -3 -1  1   45   3   1   0   7   0   0   2   0   6   1   0   0   2   2  11   3   0   2  11  0.36 0.23
   22 F   -3  0 -4 -4 -4 -3 -4 -4  1 -3 -2 -1 -2  7 -4 -3 -3 -1  6 -3    1   6   0   0   0   0   0   1   3   0   1   4   0  52   0   1   0   0  29   0  1.35 0.45
   23 K   -2  5 -1 -3 -4  0 -1 -1  2 -4 -4  5 -3 -4 -3 -1 -1 -4 -3 -4    2  38   2   0   0   2   0   3   5   0   1  39   0   0   0   2   2   0   0   0  0.90 0.39
   24 Y   -3  0 -2 -3  0 -1 -1 -1  6 -3 -3 -3 -3  2 -4 -2 -2  6  5 -1    1   5   0   0   3   2   3   5  28   0   1   0   0   7   0   1   1  13  25   5  0.94 0.39
   25 Y   -4 -4 -1 -5  0 -4 -4 -5  2 -4 -3 -4 -3  1 -5 -4 -4  4  9 -4    0   0   3   0   2   0   0   0   3   0   1   0   0   2   0   0   0   5  79   0  2.10 0.68
   26 N   -2 -1  5  3 -1 -1  0 -2  0 -4 -3  0 -3 -4 -3  1 -1 -4 -3 -3    2   2  42  22   1   2   3   2   1   1   2   4   0   0   1  10   2   0   0   1  0.71 0.31
   27 P    3  1 -2 -1 -3 -2  0 -2  0  0 -3 -1 -3 -4  4 -1 -2 -4 -3 -1   33  10   0   2   0   0   8   1   2   6   1   3   0   0  26   3   1   0   0   2  0.56 0.30
   28 D   -1 -2  2  4 -4  1  3  0 -2 -4 -4  0 -3 -4 -3  1  0 -4 -3 -2    4   0  12  29   0   7  18   5   0   0   1   4   0   0   0  10   4   0   0   3  0.52 0.27
   29 E   -1  3 -2  0  1  1  5 -3  0 -4 -3  2 -3 -2  0 -2 -2 -4 -3 -4    3  18   0   5   3   6  41   1   2   0   3  10   0   2   3   1   0   0   0   1  0.64 0.34
   30 F    0  1 -1  0 -2  0  0 -1 -1  1  0  0  1  0 -2 -1  1 -3 -2  2    5   8   2   7   0   4   4   5   2   9   7   6   3   4   0   2  10   0   0  20  0.07 0.10
   31 V    0 -1  1 -4 -3 -3 -4 -4 -4  4  1 -3 -1  0 -4 -3  0 -4 -3  4    7   5   7   0   0   0   0   0   0  27  11   0   0   4   0   0   4   0   0  32  0.58 0.33
   32 G   -1  0 -1 -1  1  0 -1  1  3 -2  1 -2  1  2 -1 -1 -2  2  0  0    4   7   3   3   3   4   4  13  11   0  15   0   3   9   3   3   0   3   3   7  0.12 0.16
   33 G    0  0  0  0 -4 -2  1  4 -3 -1 -1  0 -3 -4 -3  0  0  3 -3 -3    6   5   4   5   0   0   9  39   0   4   6   6   0   0   0   5   6   4   0   0  0.45 0.29
   34 K   -1  2  2 -1 -2  2  0 -2  3 -2 -2  1 -1  1 -2  0  1 -2  0 -2    1  13  13   1   0  13   1   1  13   1   1  13   0  13   1   1  13   0   0   1  0.20 0.08
   35 T    0  1  1 -1 -2  1 -1 -2 -1  0 -1  1 -1  1  1  1  1 -2 -1  0    9   9   9   0   0   9   1   1   0   9   1   9   0   9   9   9   9   0   0   9  0.11 0.10
   36 M   -3 -3 -3 -4  2  0 -1 -4  3  0  0  1  7 -3  2 -3  0 -4 -3  0    0   0   0   0   4   5   5   0   7   5   7   8  38   0   9   0   5   0   0   5  0.76 0.45
   37 K    0  0  1  0 -2  1  0  0  2  0 -1  0 -1  1 -2  0  0 -2  1  0    6   6   6   6   0   6   6   6   6   6   6   6   0   6   0   6   6   0   6   6  0.04 0.07
   38 E    0  1 -1  1 -2  1  1  0 -1 -2 -2  1 -1  1  1  0  1 -2 -1  0    8   8   0   8   0   8   8   8   0   0   1   8   0   8   8   8   8   0   0   8  0.12 0.10
   39 H   -1 -1 -1  0  1  0  1 -1  4 -1 -1 -1  1 -1  0 -1  1  6  0 -2    3   3   2   6   4   3  10   5  11   4   5   3   4   2   5   3  11  13   3   0  0.29 0.24
   40 L   -1 -2 -2  0  2  1 -1 -3  2  0  0 -2  1  1  1  0  0 -2  1  0    1   0   0   7   7   7   0   0   7   7   7   0   7   7   7   7   7   0   7   7  0.06 0.16
   41 R   -1  1  1  1  2  1  0  0  2  0 -1  0 -1 -2  1  0 -1 -3 -2  0    1   7   7   7   7   7   7   7   7   7   7   7   0   0   7   7   0   0   0   7  0.09 0.11
   42 F    0 -2 -2 -3  3 -2 -2 -3  2  1  1 -2  2  2  2 -1 -1 -1  2  1   10   0   0   0   9   0   1   1   9  10  10   1   9   9  10   1   1   0   9  10  0.18 0.12
   43 A    2 -2  0  0  2 -1  0  0  1 -1 -2 -1  1 -2 -2  2  1 -3 -2 -1   25   0   5   6   6   0   7   7   4   5   1   1   5   0   0  21   6   0   0   1  0.18 0.14
   44 V    0 -2 -2 -2  2 -1 -2  0 -2  1  0  0  1  1 -2  0  0 -2  1  0    8   0   0   0   7   0   0   8   0   8   8   8   7   7   0   8   8   0   7   8  0.03 0.11
   45 A    2 -1  0 -3  4 -2 -2  1 -3  0 -1 -2 -1  0  2  1 -1 -3 -2  0   22   5   5   0  14   0   0  11   0   9   6   0   0   5   9  10   0   0   0   5  0.22 0.19
   46 Y    0  0  0  0  2 -2  0  0  2  0 -1 -2  1  1  1  0 -2  4  1  0    6   6   6   6   6   0   6   6   6   6   6   0   6   6   6   6   0   6   6   6  0.09 0.16
   47 W   -4 -4 -4 -5 -4 -1 -4  1 -4 -1 -3 -1 -3  2 -1 -4 -2 10  2 -4    1   0   0   0   0   4   1  10   0   4   1   3   0   9   3   1   3  52   6   1  1.89 0.62
   48 H   -3 -2  2 -2  3  0 -2  0  7 -1 -2 -1 -3 -3 -1 -1  2 -4 -2 -3    1   0  12   0   7   5   0   8  36   4   3   4   0   0   3   3  13   0   0   0  0.72 0.38
   49 T    0 -2  0 -1 -2  0 -1 -3  1  1 -1 -2  1  1  0  0  3 -3 -2  1    6   0   5   4   0   4   4   0   3   7   5   0   4   6   5   7  25   0   0  14  0.17 0.21
   50 F    0  0 -2  0  2  0 -2  0  2  0  0 -2  1  1  1 -2 -2  4  1  0    7   7   0   7   6   7   0   7   6   7   7   0   6   6   7   0   0   6   6   7  0.12 0.17
   51 D   -1  2  2  1  3  0 -1  2  2 -3 -3  0 -3 -4  0  0  1 -4 -3 -1    5  12   9   8   9   5   3  17   5   0   1   4   0   0   4   6   8   0   0   4  0.27 0.23
   52 A    0  0  2 -1 -3  0 -1  2 -2 -1 -2 -1  1  0  0 -1 -1  5  1 -1    9   4  10   4   0   5   3  17   0   3   4   3   4   4   5   4   4   8   6   3  0.19 0.20
   53 D    0  0  0  0 -2  1  0  0 -1  0  0  0  1  0  1  0  0 -2 -1  0    6   6   6   6   0   6   6   6   0   6   6   6   6   6   6   6   6   0   0   6  0.04 0.06
   54 G    0  0 -2 -3  2 -3 -1  4 -3 -3 -1 -3 -3  0  1  0  0 -4 -3 -1    6   5   0   0   5   0   5  41   0   0   8   0   0   5   6   6   5   0   0   6  0.44 0.28
   55 K    1  1  0 -1  1  0 -1  1  0 -1 -2  0 -2 -1 -1  1  0 -3  0 -1   17  11   3   2   4   5   3  11   2   3   3   4   0   3   3  10   6   0   4   5  0.10 0.12
   56 D    0  1  1  1 -2  1  1  1 -1 -3 -2  0 -2  1  2  1 -1 -2 -1 -2   10  10   9  10   0   9  10  10   0   0   1   1   0   9  10  10   1   0   0   1  0.18 0.10
   57 P    0  1 -1  0 -3  0 -1 -1  1 -1 -1  0  2 -2  3  0  0 -2  2 -1    6   8   3   4   0   2   0   5   3   4   3   7   8   0  20   9   4   0   9   4  0.22 0.16
   58 F   -2  1 -2 -3  3 -2 -2  0  2  0  0 -2  2  2  1 -2 -2  4  2 -1    1   9   0   0   8   0   1   9   9   9   9   0   9   9   9   1   0   8   9   1  0.22 0.16
   59 G    0  1  1 -2 -2 -1  0  0 -1 -1  0  0 -1  1 -2  0  0  4  1  0    8   8   7   0   0   0   8   8   0   0   8   8   0   7   0   8   8   7   7   8  0.10 0.11
   60 D    0  0  0  2  1  0  0  1  1 -1 -1  0  0  0  1  0 -1 -3 -2 -1    7   5   5  14   3   4   6  10   4   4   7   3   3   4   8   6   3   0   0   4  0.08 0.10
   61 G    0  0 -2  0  2  0  0 -1 -2  0 -1  0  1  1  0  0  0  3  1  0    6   6   0   6   5   5   6   6   0   6   6   6   5   5   6   6   6   5   5   6  0.06 0.10
   62 T    1 -3  0 -3 -3 -3 -3  1 -3  0  0  0 -2  0  0  0  4 -4  0  0   10   0   5   0   0   0   0  10   0   5   9   6   0   5   5   5  30   0   4   5  0.31 0.28
   63 M   -1  0  0  0  2  0  0 -1  2  0 -1  0  1  0  0  0  0  3  1 -2    5   5   5   5   5   5   5   5   5   5   5   5   5   5   5   5   5   5   5   0  0.08 0.12
   64 F    0  0  1  1 -3  1  0 -2  2  0 -1  0  0  1  0  0  0 -2  0  0    7   5   6  11   0   9   6   2   6   7   5   4   2   6   5   5   4   0   3   5  0.07 0.09
   65 R   -2  5 -1 -3 -4 -1 -1  0  0 -4 -1 -1  0  2 -1 -3 -1  4  1 -2    2  39   2   0   0   2   4   9   2   0   5   2   2   8   4   1   3   7   4   2  0.59 0.41
   66 A    1  0 -3 -1  1 -1 -2 -1  1 -2 -2 -1 -3 -1  5 -1  0 -4  0 -3   14   6   0   3   3   2   2   5   4   3   4   3   0   2  35   5   6   0   3   0  0.61 0.40
   67 W    0  0 -4 -5 -4 -1 -2  0 -4 -1 -2 -4 -4  2  1 -1 -2  9  2 -2    9   5   0   0   0   3   3   6   0   3   3   0   0   7   7   5   3  36   5   3  1.17 0.60
   68 N    0 -1  1  2 -3  1  0 -1  2 -2 -1  0  1  0 -1 -1 -1  3  0 -1    7   3   7  16   0   6   5   5   5   0   8   4   4   5   3   3   4   6   4   4  0.13 0.16
   69 R   -1  0  0  2  1  2  0  0  2 -1 -1  0 -2 -3  0  0  0 -3  0 -1    4   3   5  17   4  10   5   9   5   3   7   6   0   0   5   5   4   0   4   4  0.14 0.17
   70 L    0  0  0  0  2  0  0  0 -2  0 -1  0 -1  0  0  0  0  3  1  0    6   6   5   6   5   5   6   6   0   6   6   6   0   5   6   6   6   5   5   6  0.05 0.08
   71 T    0  0  0  0  2  0  0  0  1 -1 -1  0 -1  0  0  1  1 -3  0 -1    6   4   3   6   6   4   7   9   3   4   7   5   0   4   4  12   9   0   4   4  0.05 0.08
   72 H    0 -2  3  4 -4  0  1  1  1 -1 -3 -2 -3 -1 -2  0  0 -4 -2 -2    7   2  13  29   0   3   7   9   4   3   2   1   0   3   1   6   5   0   2   3  0.41 0.30
   73 P    1  0 -2 -1  0 -3 -2 -2  0 -2 -4 -2 -1 -4  5  2  1  0  0 -2   14   6   1   3   2   0   3   3   2   2   1   2   2   0  29  16   8   2   3   2  0.56 0.41
   74 L   -1 -2 -3 -4 -3 -2 -1 -2 -3  0  2 -1  5  1  0 -1  0  2 -1  1    6   2   0   0   0   2   4   3   0   4  24   3  19   5   4   6   5   3   2   9  0.34 0.29
   75 D    0 -1  0  2 -4  0  3 -1 -3 -3 -2 -1  0 -1  0  0  2 -4 -3  0    9   3   3  14   0   4  20   5   0   0   2   3   2   2   5   5  12   0   0   9  0.24 0.25
   76 K    0  4  2 -1  0 -1 -1 -1  0 -1 -1 -1  1 -1 -1 -1  0  3  0 -1    7  24  11   3   2   2   3   4   3   3   6   3   4   3   3   5   6   4   3   3  0.24 0.25
   77 A    4  0 -1 -1  1 -3 -2 -2  0 -2 -1 -2  0  0  0  0 -1 -4  0 -1   41   5   2   3   3   0   3   3   2   2   6   2   2   4   4   5   4   0   3   4  0.40 0.37
   78 K    0  0 -2  0 -3  1  0 -3  2  0 -1  0  1  1  0  0  0  3  1  0    6   6   0   6   0   5   6   0   5   6   6   6   5   5   6   6   6   5   5   6  0.05 0.14
   79 A    0  1  0  0  0  1  0  0  0  0  0  0  0 -1  0  0  0 -3 -2 -1    8   8   6   5   3   6   6   9   3   7  11   5   3   3   4   4   5   0   0   4  0.02 0.04
   80 R    0  0  0  0  2  1  0  0  1  0 -1  0  1 -2  1  0  0 -3 -2  0    6   6   6   6   6   6   6   6   6   6   6   6   6   0   6   6   6   0   0   6  0.06 0.09
   81 A   -1  0  0  0  2  0  0 -1  2  0 -1  0  2  0  0 -1  0  3  1 -1    5   5   5   5   5   5   5   5   5   5   5   5   5   5   5   5   5   5   5   5  0.08 0.08
   82 E   -1  0  0  0  2  0  0 -1  1  0 -1  0  1 -2  0  0  0  3  1 -1    5   5   5   5   5   5   5   5   5   5   5   5   5   0   5   5   5   5   5   5  0.03 0.11
   83 A    3 -1 -1  0  1  0  1 -1  0 -1 -2 -1  0 -3 -1  0  0  1  0  0   25   4   3   5   3   3  10   3   3   4   3   3   3   0   3   6   4   3   3   8  0.13 0.22
   84 A    0  0  0  0  0  1  0  0  1  0 -1  1  0  0  0  0  0 -3 -1  0   10   5   5   7   3   7   5   7   4   7   6   8   3   5   3   5   5   0   0   5  0.02 0.04
   85 F    0  0 -2  0  2 -1  0  0 -2  0  0 -1  1  1 -2  0 -1 -2  1  0    8   8   0   8   7   0   8   8   0   8   8   0   7   7   0   8   0   0   7   8  0.05 0.10
   86 E   -1  1  1  0 -4  0  3 -1  1  0 -1  1 -3  0 -1  0 -2  2  0 -1    4   7   6   5   0   4  19   6   4   6   5   9   0   4   3   5   0   3   3   5  0.15 0.18
   87 F   -1  0  0  0  2  0  0 -1  2  0 -1  0  1  0 -3  0  0  3  1  0    5   5   5   5   5   5   5   5   5   5   5   5   5   5   0   5   5   5   5   5  0.06 0.10
   88 F    0  0 -1  0  2 -1  0  0 -2  0  0  0  1  1 -2  0  0 -2  1  0    7   7   0   7   6   0   7   7   0   7   7   7   6   6   0   7   7   0   6   7  0.03 0.09
   89 E    1  1  0  0  1  1  0 -1  0 -1 -1  1 -2 -2  0  0  1  2  0  0   11   6   3   7   4   6   7   3   3   3   6   9   0   0   3   7   9   3   3   7  0.07 0.10
   90 K    0  0  1  0 -2  1  0 -2 -2  0  0  0  1  0  1  0  0 -3 -1  0    7   7   7   7   0   7   7   0   0   7   7   7   6   6   7   7   7   0   0   7  0.06 0.09
   91 L    0 -1 -2 -1  0  0 -1  0  1  0  2 -1  1  0 -1 -1  0  2  1 -1    9   4   0   4   3   5   3   8   5   4  22   4   3   3   3   3   4   3   6   4  0.07 0.11
   92 G    0 -3  0  1  1  0 -1  4  2 -1 -3  0  2 -4  0 -1 -2 -4 -3  0    7   0   5   7   3   4   3  31   6   4   0   5   7   0   4   4   0   0   0   7  0.30 0.29
   93 V    0  0  0  0  2  1  0 -2 -1  0  0  0  1  0  1  0  0 -2  1  0    6   6   6   6   6   6   6   0   0   6   6   6   6   6   6   6   6   0   6   6  0.05 0.09
   94 P   -1  0  0  2 -4  1  1  1  1 -4 -2  1 -3 -1  3  0  0  2  0 -3    4   5   3  14   0   5   8   9   3   0   4  10   0   2  15   5   5   3   4   0  0.27 0.24
   95 Y   -1  0  0  0  2  0  0 -1  2  0 -1  0  1  0 -3  0  0  3  1  0    5   5   5   5   5   5   5   5   5   5   5   5   5   5   0   5   5   5   5   5  0.06 0.10
   96 F   -1  0 -4 -1  1 -4  0 -5 -4  1 -1 -4  2  2 -5 -1  1  7  2  1    4   6   0   4   3   0   6   0   0   8   6   0   6   8   0   4   9  16   8  11  0.53 0.35
   97 C    0  1  1 -1  2  1  0  0 -1  0  0  0 -1  0 -2  0  0 -2 -1  0    7   7   7   0   7   7   7   7   0   7   7   7   0   7   0   7   7   0   0   7  0.04 0.08
   98 F    1  0 -3 -3 -3 -3 -3  0  1  0  1 -1 -1  2  0  0  0  3  1  2   11   5   0   0   0   0   0   8   4   5  12   4   0   9   4   7   5   5   4  16  0.15 0.18
   99 H   -1  2  0 -1 -4  1  1 -1  4 -1 -2  0  1  0 -3 -1 -1  3  1 -1    4  14   3   4   0   7   9   5  14   4   4   3   4   4   0   4   4   5   4   3  0.24 0.22
  100 D    0  0  1  0 -2  1  0  0 -2  0  0  0  1 -2  1  0  0 -3 -2  0    7   7   7   7   0   7   7   7   0   7   7   7   6   0   7   7   7   0   0   7  0.07 0.08
  101 V    0  0  0  0 -3  0  0  0 -2  0 -1  0  1  0  0  0  0  3  1  0    6   6   5   6   0   5   6   6   0   6   6   6   5   5   6   6   6   5   5   6  0.06 0.08
  102 D   -1 -3  0  4 -4  0  1 -1  1 -1 -2 -1  1 -3 -3  0  1  3  0 -1    4   0   4  30   0   4   7   6   3   4   5   4   4   0   0   5   9   4   4   4  0.35 0.30
  103 I   -1  0 -1  0 -3 -2 -1  0 -3  2  1 -1  1  1  0 -1 -2 -3  0  2    5   7   3   5   0   0   4   7   0  13  14   4   4   7   5   4   0   0   4  14  0.10 0.14
  104 V    0  0  0  0  2  0  0 -1 -2  0 -1  0  1  0  0  0  0  3  1  0    5   5   5   5   5   5   5   5   0   5   5   5   5   5   5   5   5   5   5   5  0.05 0.08
  105 D    0 -2 -2  3 -5 -1 -2  0 -5 -2 -2 -1  0 -2  6 -3 -2 -6 -2 -1    7   2   2  14   0   3   2   8   0   2   4   3   3   2  37   1   2   0   2   4  0.76 0.52
  106 E   -1 -1  0  3 -4  0  2 -1  0 -1 -1  0  0  0  1 -1 -1  2  0 -1    4   3   4  19   0   4  18   4   3   4   5   4   2   5   6   3   3   3   3   5  0.22 0.23
  107 G   -1 -1  0  1  1 -3 -1  4  1 -1 -1 -3  1 -1 -1 -1  0 -4  0 -1    5   3   5   9   3   0   3  33   4   4   5   0   4   3   3   4   5   0   3   4  0.33 0.28
  108 A    0  0  0  0  2  0  0 -1  1  0 -1  0  1  0  0  0  0 -2  1  0    5   5   5   5   5   5   5   5   5   5   5   5   5   5   5   5   5   0   5   5  0.03 0.05
  109 T   -1 -1  0  1  2 -1  0 -1  1 -1 -2  0  1 -6  3  2  1  2 -6 -2    5   4   5   8   4   3   7   4   3   4   3   6   3   0  12  13   9   3   0   3  0.23 0.22
  110 L   -1  0  0  0  2  0  0 -1  2  0 -1  0  2  1  0 -1  0  3  1 -1    5   5   5   5   5   5   5   5   5   5   5   5   5   5   5   5   5   5   5   5  0.09 0.08
  111 R    0  0  0  0  2  0  0 -1  1  0 -1  0  1  0  0  0  0 -2  1  0    5   5   5   5   5   5   5   5   5   5   5   5   5   5   5   5   5   0   5   5  0.03 0.05
  112 E   -1  0  0  0  2  0  0 -1  2  0 -1  0  2  1  0 -1  0  3  1 -1    5   5   5   5   5   5   5   5   5   5   5   5   5   5   5   5   5   5   5   5  0.09 0.08
  113 T   -2  0  1 -1  0 -3 -1 -2  0 -2 -2 -2  0  0  4  1  2 -4  3 -1    3   6   6   3   2   0   3   3   2   2   3   2   2   4  23  10  11   0   9   4  0.37 0.34
  114 F    0  0  2  0 -3  1  0 -1  1 -1 -1  0  0  1  0  0  0  3  1 -1    6   4  12   5   0   5   6   3   4   4   4   5   3   7   4   5   6   5   5   4  0.10 0.14
  115 T    0  0  0  0 -3  0  0 -1  1  0 -1  0  1  0  0  0  0  3  1  0    5   5   5   5   0   5   5   5   5   5   5   5   5   5   5   5   5   5   5   5  0.06 0.08
  116 Y   -1  1  2 -1  0 -1 -1  0  3  1 -1 -1 -1  2 -1 -2 -2  1  1  1    5   8  10   4   2   3   4   6   7   7   6   3   2   9   4   3   2   2   4  10  0.15 0.12
  117 L   -1 -1  1  0  0 -1  0  0  1  0  1 -1  1  0 -1 -1  0  2  0  0    4   3   8   6   3   3   7   7   3   6  14   3   4   4   3   5   4   3   3   6  0.04 0.05
  118 D   -1  0  0  0  2  0  0 -1  1  0 -1  0  1  0  0  0  0  3 -2  0    5   5   5   5   5   5   5   5   5   5   5   5   5   5   5   5   5   5   0   5  0.02 0.10
  119 Q    0  0 -1  2 -4  1  2 -1  1 -1 -2  1 -1  1 -1 -1  0 -4 -1 -1   10   5   2  12   0   7  17   4   4   3   3   7   2   6   2   4   6   0   2   3  0.16 0.18
  120 M   -1  0  3  0  2  0  0 -2 -3  1 -1 -1  2 -1 -1  1  0 -4 -1  0    3   6  16   6   5   4   4   2   0  11   5   3   6   3   4   9   6   0   3   6  0.13 0.18
  121 S    1  0 -1 -2  1  0 -1 -2  0  1 -1 -1  1 -1  0 -1  0  2  0  2   10   6   3   3   3   4   4   3   3   8   6   4   3   3   5   5   6   3   4  17  0.10 0.09
  122 S    0  0  0  0 -2  1  0  0  2  0 -1  0  1 -2  1  0  0 -2  1  0    6   6   6   6   0   6   6   6   6   6   6   6   6   0   6   6   6   0   6   6  0.05 0.08
  123 F    0  0  0  0  1  1  1 -1  1  0  0  0  0  0 -2  0  0 -2  1  0    6   5   3   5   3   7  14   3   4   4  12   5   3   3   0   5   4   0   5  10  0.05 0.09
  124 L    0  0 -2 -2  3 -1  0 -3 -2  1  0 -2  2  1 -2  0  0  4  2  0    8   8   0   0   7   0   8   1   0   8   8   0   7   7   0   8   8   7   7   8  0.14 0.15
  125 K    0  2 -1 -1  0  0  1 -1 -3 -1 -1  4  1 -3 -3 -1  0 -4 -1 -1    9  13   3   2   2   4   7   3   0   2   5  27   4   0   0   4   4   0   3   5  0.28 0.28
  126 E    0  1  0  0  0  1  2  0  0 -1 -2  1 -2 -1  0  0  0 -3  0 -1    7   8   4   6   3   7  15   7   3   3   4  11   0   4   3   5   4   0   3   3  0.11 0.13
  127 M    0  0  0 -2  2  1  0 -3  2  0  0  0  1  1 -3  0  0  3  1  0    6   6   6   0   6   6   6   0   6   6   6   6   6   6   0   6   6   6   6   6  0.11 0.15
  128 M   -1 -2  0 -3  1  2 -1  0  1  0  2 -1  2  0 -3 -1 -1 -3  0  0    5   0   6   0   4  12   3   6   3   5  24   4   8   3   0   4   3   0   3   5  0.14 0.20
  129 E    0  0  0  0  2  1  0  0  2  0 -1  0 -1 -2 -2  0  0  3  1  0    6   6   6   6   6   6   6   6   6   6   6   6   0   0   0   6   6   6   6   6  0.08 0.11
  130 T    0  1  0  3  2  1  2 -1  1 -6 -3  1 -6  0 -6  0 -1 -6  0  0    8   7   4  14   5   6  13   6   3   0   3   8   0   3   0   6   4   0   3   6  0.27 0.21
  131 S   -1  0  0  0  2  0  0 -1  2  0 -1  0  2  1  0 -1  0  3  1 -1    5   5   5   5   5   5   5   5   5   5   5   5   5   5   5   5   5   5   5   5  0.09 0.08
  132 H   -1  1  1  1 -3  1  1  0  2 -2 -2  1  1  1 -2  0  0 -2 -1 -2    1   8   8   8   0   8   8   8   8   0   1   8   8   8   0   8   8   0   0   0  0.15 0.13
  133 V   -1 -1 -3 -4 -3 -1 -3 -2 -3  3  3 -1  3  0 -3 -2 -1  2 -2  1    3   3   0   0   0   3   0   3   0  17  37   4   7   4   0   3   3   3   0   8  0.36 0.27
  134 Q    0  1  0 -1  0  1  0  0  1 -1 -2  2 -2 -1 -1  0  0 -3  1 -1    5   8   3   4   3   5   5   7   3   4   3  20   0   3   3   5   5   0   7   4  0.09 0.14
  135 L    0  0 -2 -2  3 -2 -2  0 -2  1  0 -1  2  1  1  0  0 -2 -1  0    8   8   0   0   8   0   0   8   0   8   8   0   8   8   8   8   8   0   0   8  0.09 0.11
  136 L    0 -1  0 -1  1 -2  0  0  0  0  0 -1  0  0  0  2  0  2  0  0    8   3   4   3   3   0   6   6   3   5  10   3   3   3   5  18   5   3   3   8  0.05 0.11
  137 W    0 -2  0  0  2  0  0  0  2  0  0 -2  1  1 -3  0  0  3  1  0    6   0   6   6   6   6   6   6   6   6   6   0   6   6   0   6   6   6   6   6  0.09 0.14
  138 N    0 -2  0 -2  2 -1  0  0 -2  0  0 -2  1  1  1  0  0 -2  1  0    7   0   7   0   6   0   7   7   0   7   7   0   6   6   7   7   7   0   6   7  0.03 0.12
  139 T    1 -1  2 -1  2  0  0 -1  0  0 -1 -1  0 -1  0  0  2 -3  0 -1   12   3  10   3   6   3   5   5   3   6   4   3   3   3   4   5  17   0   3   4  0.12 0.14
  140 A    0  0 -2 -2  2  1 -2  0 -2  0  0 -1  1  1  1  0  0 -2 -1  0    8   8   0   0   7   7   0   8   0   8   8   0   7   7   8   8   8   0   0   8  0.08 0.11
  141 N   -1  1  3  1  1  0  0  0  1 -3 -2 -1  2 -1  0  0 -1  2  0 -2    5   9  17   8   3   3   6   6   4   0   3   3   6   3   6   6   3   3   4   3  0.19 0.22
  142 M   -1 -1 -1 -1  1  0 -1 -2  1  1  2 -3  1  0  0 -1  0 -3  1  0    5   4   3   3   3   4   3   3   3   8  28   0   4   4   4   4   6   0   6   5  0.14 0.17
  143 F   -2  0 -1 -2  2 -6 -2 -2  2 -1 -3  0  0  5 -1 -1 -1  6  2  0    3   5   3   3   3   0   3   3   4   4   3   6   3  22   4   4   4   9   7   5  0.58 0.36
  144 T   -1  0  0  0  2  0  0 -1  2  0 -1  0  2  1  0 -1  0  3  1 -1    5   5   5   5   5   5   5   5   5   5   5   5   5   5   5   5   5   5   5   5  0.09 0.08
  145 H    0  0  0  0  2  1  0  0  2 -1 -1  0 -1  0  1  0  0 -2  1 -2    6   6   6   6   6   6   6   6   6   6   6   6   0   6   6   6   6   0   6   0  0.05 0.09
  146 P   -1  1 -1 -1 -4  1  0 -1  0 -2 -3  1  0 -2  5 -1 -1  2 -1 -2    4   8   3   4   0   8   7   4   2   3   3   9   2   2  26   5   4   3   3   3  0.41 0.30
  147 R   -1  3  0  0  1  0  0 -2  2 -1 -1  0  1  1 -1  0 -1  2  0 -1    5  16   4   5   3   5   5   3   4   4   7   5   4   7   3   6   4   3   3   4  0.15 0.11
  148 Y   -1  0  0 -8 -8  0 -2 -8  2 -7 -2 -1  2  5 -8 -7  0  6  5 -1    5   5   4   0   0   5   4   0   4   0   5   4   5  24   0   0   5   9  15   4  1.02 0.51
  149 V    0  2 -1 -3 -1  1 -1  0  1  0 -1  2  3 -2 -1  0 -1  0  0  0    8  10   2   0   2   7   4   7   3   5   4  14   8   2   4   6   2   1   4   7  0.13 0.16
  150 H    0  0  0  0 -3  1  0  0  2  0 -1  0  1  1  0  0  0  3  1 -2    6   6   5   6   0   5   6   6   5   6   6   6   5   5   6   6   6   5   5   0  0.08 0.12
  151 G    0  1 -1  1 -2  1  1  0 -1  0  0  1 -1 -2  2  0 -1 -3 -2 -1    9   9   0   9   0   9   9   9   0   9   9   9   0   0   9   9   0   0   0   1  0.12 0.08
  152 A    1  1  1  1 -2  0  1  1 -1 -1 -2  0 -2 -3  2  0  0 -3 -2 -1   15  12   6   8   0   4  10  10   0   4   1   4   0   0   9   6   6   0   0   4  0.16 0.11
  153 A    0  0  0 -2  2  0 -2  0 -2  0  0  0  1  1  1  0  0  3  1  0    6   6   6   0   6   6   0   6   0   6   6   6   6   6   6   6   6   6   6   6  0.08 0.13
  154 T    0  0  0  0  2  1  0  0  1  0  0  0  1  0 -2  0  0 -3 -1  0    6   6   6   6   6   6   6   6   6   6   6   6   6   6   0   6   6   0   0   6  0.03 0.08
  155 S    0  1  1  1  2  1  1  0  2  0 -2  0 -2  0 -2  0  0 -3 -1 -2    7   7   7   7   7   7   7   7   7   7   1   7   0   7   0   7   7   0   0   0  0.10 0.12
  156 C   -1 -1  1 -1  4  0 -1 -1  2 -3 -1 -1 -3 -1  4  0  0  2  0 -1    4   4   8   4   9   4   3   3   5   0   6   4   0   3  20   8   4   3   3   4  0.29 0.23
  157 N    0  0  0  0  2  0  0  0  1  0 -1  0 -1  0  1  0  0 -2  1  0    6   6   5   6   5   5   6   6   5   6   6   6   0   5   6   6   6   0   5   6  0.03 0.06
  158 A    2  0 -2 -1  1  0  0  0 -1 -2 -1  1 -1  0  4  0 -1 -3 -1 -1   18   4   0   3   3   4   7   6   2   2   5   8   1   4  21   4   3   0   1   4  0.26 0.22
  159 D    0  1  0  2 -3  1  2  1  2 -2 -3  2 -3 -4 -1  0 -1  0 -3 -2   10   9   4  12   0   6  15   9   5   2   2  12   0   0   1   5   3   1   0   2  0.23 0.21
  160 V   -1 -1 -1  0  0 -2 -1 -2 -3  2  1 -1  0 -2 -1  0  0 -3 -1  3    3   2   2   5   3   0   3   3   0  15  10   3   2   0   3   6   6   0   2  29  0.18 0.21
  161 Y   -1  4  0 -3  1  0 -2 -3  1 -1 -1  0 -2  2 -3 -1 -1  2  1  0    4  32   3   0   3   4   0   0   3   4   5   4   0  11   0   5   4   3   6   7  0.34 0.30
  162 A    0  0  1  0  2  1  0  0  2  0 -1  0 -1 -2  1  0  0 -3 -2  0    6   6   6   6   6   6   6   6   6   6   6   6   0   0   6   6   6   0   0   6  0.07 0.08
  163 Y    0  1 -1  0  1  1  1 -2  2 -1  0  1  0  1 -3 -1 -1  3  2 -1    6   7   3   6   3   7   8   3   7   3   8   8   3   5   0   3   3   5  10   3  0.13 0.15
  164 A    6 -2 -2 -3 -4 -2 -4 -2 -5 -3 -3 -4 -4 -3 -2 -1 -2 -6 -1 -1   70   2   2   1   0   1   0   3   0   1   2   0   0   1   2   4   3   0   2   4  1.28 0.74
  165 A    2 -2 -2 -4  0 -2 -2  0  0  4  1 -2  1 -2 -2 -2 -2  0 -2  2   21   2   2   0   2   1   2   6   2  24  10   1   4   1   1   1   2   1   1  13  0.34 0.29
  166 A    3  1 -1  3 -4  1  3 -2  0 -3 -3  0 -2 -4 -1 -1 -1  0 -2 -2   23   7   2  16   0   6  18   2   2   1   2   4   1   0   3   4   3   2   1   3  0.38 0.33
  167 K   -2  2 -2 -2 -5  5  0 -5  2 -1  2  1  1  0 -4 -2 -2  0  1 -2    2  11   2   2   0  25   5   0   4   4  17   7   3   5   0   2   2   1   5   2  0.44 0.37
  168 V    0 -4 -2 -4  2 -2 -2 -1 -2  2  1 -3  0 -1 -4  0  2 -1 -2  4    9   0   1   0   5   1   2   4   1   9  11   0   3   3   0   6  12   1   1  30  0.35 0.30
  169 K   -1  2  0 -1  0  0 -1 -3 -1 -1  0  5  0 -2 -4 -2 -1 -5 -2 -2    4   9   4   3   2   3   2   2   1   4  10  42   3   1   0   2   3   0   1   3  0.55 0.42
  170 K    0  0  1  0 -2  1  0  0  2  0 -1  0 -1  0 -2  0  0 -2 -1  0    7   7   7   7   0   7   7   7   6   7   7   7   0   6   0   7   7   0   0   7  0.04 0.07
  171 G    3 -2  0 -2  3  0 -2  1  1 -1 -1 -1  1 -2 -2  0  0  2  0  0   31   0   5   0   7   3   0  10   3   4   4   4   4   0   0   6   5   4   3   4  0.21 0.23
  172 L    1 -2 -3 -3  4 -2 -3 -1 -3  1  1  0  3  0 -3 -1  0 -3 -2  1   11   0   0   0  11   0   0   6   0  11  17   8  12   5   0   5   5   0   0  10  0.20 0.18
  173 D   -1  1  1  4 -4  1  2 -1  1 -3 -2  0 -2 -3 -2  0 -2 -3  0 -1    5   7   5  32   0   6  15   5   4   0   4   6   0   0   0   4   0   0   4   4  0.36 0.21
  174 I    1 -2 -2 -3  0 -1 -3 -1 -1  2  1 -2  1  0 -3 -1 -1  4  0  1   15   2   2   0   2   2   0   6   2  20  12   0   4   4   0   2   4   7   3  13  0.18 0.16
  175 A    4  0 -1 -3  2 -2 -2  0 -3 -1 -2 -2  0 -3 -1  0  1 -4 -3  0   46   6   3   0   5   0   0   6   0   2   3   0   3   0   2   4  12   0   0   7  0.41 0.31
  176 K    0  0  0  0  2  1  0  0  1  0 -1  0  1 -2  1  0  0 -3  1  0    6   6   5   6   5   5   6   6   5   6   6   6   5   0   6   6   6   0   5   6  0.04 0.08
  177 E    1  2 -2  0 -3  1  2 -1  0 -1 -2  1 -2  0 -1  0  0 -3  0 -1   11  11   0   4   0   5  16   5   2   3   3  11   0   6   3   6   5   0   4   4  0.13 0.16
  178 L    0  0  0 -3  2 -2 -2 -3  2  0  0 -2  2  1  1 -1  0  4  2  0    7   7   7   0   7   0   0   0   7   7   7   0   7   7   7   0   7   7   7   7  0.16 0.17
  179 G    0  0  1  1 -3 -1  0  3  1 -3 -1  0 -2 -3  0  0 -1 -3 -2 -2    5   4   8   7   0   0   5  33   4   0   8   7   0   0   4   9   0   0   0   0  0.25 0.17
  180 A    0  1  1 -1  3 -1  0  0 -2  0 -2  1 -1 -2 -2  0  1  4 -2  0    8   8   8   0   8   0   8   8   0   8   1   8   0   0   0   8   8   8   0   8  0.13 0.13
  181 E   -1  1  1  2 -2  0  3  0 -1 -2 -3  1 -3 -3  1  0  0 -4 -2 -3    5   8   8  11   1   4  22   6   1   3   2   8   0   1   7   7   5   0   1   1  0.27 0.22
  182 N    0  0  2  0  2  0  0 -1  1 -1  0  0  0  0 -2  0  1  0  1  0    6   3  12   6   5   2   8   4   5   3  10   5   2   3   1   5   8   2   5   6  0.04 0.07
  183 Y    0 -4 -4 -4  0 -4 -4 -4  0  2  2 -4  2  3 -4 -1 -2 -3  2  3    7   0   0   0   2   0   0   0   2  12  17   0   5  16   0   4   2   0   8  24  0.47 0.30
  184 V   -1  0  1 -2 -1 -2 -2 -1 -1  1  0 -1  1 -1 -3  0  2 -3 -1  3    4   5   9   2   1   1   0   4   2   6   9   4   3   2   0   7  13   0   2  27  0.16 0.19
  185 F   -2 -4 -4 -4  1 -3 -4 -4 -3  3  3 -4  1  4  0 -2  0 -2  2  1    3   0   0   0   3   0   0   0   0  16  26   0   3  17   4   2   5   0   6  11  0.46 0.28
  186 W   -2  0 -5 -3  4 -5 -5 -2 -5 -5 -3 -5 -4  1 -2 -3 -2 11 -2 -2    3   5   0   2   9   0   0   4   0   0   3   0   0   5   2   2   3  58   0   3  2.31 0.90
  187 G   -1 -3  0  0 -4 -1 -3  2  1 -1  0 -3  2 -1  4  0  0 -4 -3 -1    3   0   5   6   0   2   0  14   4   4  10   0   6   3  27   8   5   0   0   3  0.43 0.31
  188 G    1 -1 -3 -3 -4  0 -2  4  0 -2 -1 -3  0 -1  0 -1 -2  1  0 -2   14   4   0   0   0   4   2  41   2   3   6   0   2   3   5   4   2   2   3   2  0.50 0.36
  189 R   -1  2  0 -1 -4  2 -1  0  1 -1 -2 -1  0  1 -1  2  1  2  0 -2    4  10   5   3   0  10   3   6   3   3   3   3   3   6   3  18   9   3   3   3  0.16 0.19
  190 E    0  0  1  1  2 -1  0  0 -2 -2 -1  0 -2  1  1  0  0  4 -1 -2    7   7   7   7   7   0   7   7   0   0   7   7   0   7   7   7   7   7   0   0  0.12 0.13
  191 G    0  0  0 -2 -3 -2  0  4 -2  0 -1 -2 -2  0  1 -1  0 -3 -2 -1    7   6   6   1   0   0   6  38   0   8   5   1   0   5   6   1   5   0   0   5  0.31 0.20
  192 Y    0 -2  0 -2  2  0  0  0  2  0  0 -2  1  1 -3  0  0  4  1  0    6   0   6   0   6   6   6   6   6   6   6   0   6   6   0   6   6   6   6   6  0.11 0.15
  193 E    0  0  1  0 -3  1  0  0  2 -2 -1  0  1  0  1  0  0 -2  1 -1    6   6   6   6   0   6   6   6   6   0   6   6   6   6   6   6   6   0   6   6  0.05 0.09
  194 T    0 -2  0  0  2  0  0  0  2  0  0 -2  1  1 -2  0  0 -2  1  0    6   0   6   6   6   6   6   6   6   6   6   0   6   6   0   6   6   0   6   6  0.05 0.11
  195 L    0  0  0  0  2  0  0  0  1  0 -1 -1  1  0  0  0  0 -2  1  0    6   6   5   6   5   5   6   6   5   6   6   0   5   5   6   6   6   0   5   6  0.03 0.09
  196 L    0 -2 -1 -4  0 -1 -1 -1  1 -1  2 -3  1  4 -1 -1 -2  1  0 -1    9   2   3   0   2   2   5   5   3   3  19   0   4  25   3   5   2   2   3   3  0.29 0.26
  197 N    2 -1  2 -1  0  4  1  0  0 -1 -2 -1 -3 -4 -3  1  0 -4 -3 -1   16   2  13   3   2  19   7   5   2   5   3   2   0   0   0   9   5   0   0   5  0.29 0.29
  198 T    0  0  0  0  2  0  0 -1  1  0 -1  0  1  0  0  0  0  3 -2  0    5   5   5   5   5   5   5   5   5   5   5   5   5   5   5   5   5   5   0   5  0.05 0.09
  199 D   -1  0  2  5  1  0  0 -1  1 -1 -2  0 -3 -4  0  0 -2 -5 -4 -3    4   6  11  34   4   4   6   4   4   4   5   5   0   0   5   5   0   0   0   0  0.46 0.32
  200 M    0  0 -2 -2  2  0  0  0  2  0  0 -2  1  1  1  0  0  3  1  0    6   6   0   0   6   6   6   6   6   6   6   0   6   6   6   6   6   6   6   6  0.09 0.15
  201 K    0  2 -1  0 -3  0  0  0  0 -1 -1  2 -1 -1  0  0  0  0  0  0    6  14   2   5   0   4   6   7   2   3   7  14   2   3   4   5   4   2   3   7  0.08 0.11
  202 L    0  3  0  1 -4  1  2 -2  0 -2 -1  2 -1 -2 -3  0  0  1 -1 -1    9  16   3   7   0   8  13   3   3   2   7  11   2   2   0   4   5   2   2   3  0.19 0.20
  203 E    2  0 -1  0  0  0  3 -1  0 -1 -1 -1  2 -2 -3  0  0 -4 -1 -1   23   4   2   4   2   5  19   3   3   3   5   3   6   2   0   6   5   0   2   4  0.21 0.25
  204 L   -3  0 -2 -3 -4 -1 -2 -3 -1 -1  2 -1  0  0 -5 -3 -1  9  2 -2    2   6   2   2   0   2   3   2   2   3  19   3   2   4   0   2   3  32   7   3  1.09 0.60
  205 E    0  1  1  4 -4  1  2 -2  0 -3 -3  2  0 -4 -2 -1 -1 -4 -1 -2    6   8   5  22   0   7  12   3   2   2   2  15   2   0   2   4   3   0   2   3  0.36 0.30
  206 N   -3  3  2 -1 -1  2 -1 -2  4 -3 -1 -2  0 -1 -5 -2 -2  7  2 -4    2  16  12   3   1   8   3   2  11   2   7   2   2   2   0   3   2  15   6   0  0.64 0.46
  207 L    0 -1 -1 -4  1  0 -1 -2  1  0  2 -3  3  2 -1 -1 -1  2  1 -1    7   3   3   0   3   4   4   3   3   5  22   0  10   8   3   5   4   3   6   3  0.19 0.21
  208 S    1  1 -1 -1  1 -1 -1 -1  1  1 -1 -1  1 -1 -3  0 -1  2  0  2   13   8   3   3   3   3   3   4   4  10   5   3   4   3   0   6   3   3   3  17  0.08 0.13
  209 S    0  0  0  0  2  1  0  0  1  0 -1  0  1 -2  1  0  0 -3  1  0    6   6   5   6   5   5   6   6   5   6   6   6   5   0   6   6   6   0   5   6  0.04 0.08
  210 F    0  0  0 -2  2  0  0 -1  2  0 -1  0  1  1 -3  0  0  3  1  0    6   6   5   0   5   5   6   6   5   6   6   6   5   5   0   6   6   5   5   6  0.08 0.12
  211 Y    0  0  0 -2  2  0 -2 -3  2  0  0 -2  1  1 -3  0  0  4  1  0    6   6   6   0   6   6   0   0   6   6   6   0   6   6   0   6   6   6   6   6  0.09 0.18
  212 R    0  3  2  0 -1  1  0 -1  1 -1 -2  2  0 -2  0 -1 -1 -3 -1 -1    9  16  13   5   2   7   3   3   3   3   3  12   3   2   3   3   3   0   2   4  0.18 0.18
  213 M    1 -1 -1  0 -3  0  3 -1 -2  0  0  0  3 -1 -3 -1 -1  0  0 -1   11   3   2   5   0   3  23   4   0   6  10   6   9   3   0   3   4   2   3   2  0.19 0.21
  214 A    0 -2 -2  0  2  0 -2  0 -2  0  0 -2  2  1 -3  0  0  4  1  0    7   0   0   7   7   7   0   7   0   7   7   0   7   7   0   7   7   7   7   7  0.12 0.15
  215 V    2 -1 -1 -3  3 -2 -1  0  0  1  0 -1  1  0 -1  0  0 -3  0  1   19   4   3   0   7   0   3   7   3   8   7   3   3   3   3   4   4   0   3  15  0.09 0.14
  216 E    1  1  0  3  0  1  2  0  0 -2 -2  0 -1 -4 -1  0 -1 -4 -3 -1   11   7   3  22   2   5  12   8   3   3   4   5   2   0   2   4   3   0   0   3  0.22 0.20
  217 Y    0  0  0  0 -3  1  0  0  2  0 -1  0 -1  1 -2  0  0  3  1  0    6   6   6   6   0   6   6   6   6   6   6   6   0   6   0   6   6   6   6   6  0.07 0.09
  218 A    1  1  0  0  1  0 -1 -1  0  0 -1  1  1 -1 -1  0 -1 -3  0  1   14   7   4   5   4   4   3   4   3   5   5  10   4   3   3   5   3   0   3  12  0.04 0.08
  219 R    0  2  0  0  1  0  0 -1  1 -1 -1  1  0 -4  3 -1 -1 -4 -3 -1    7  12   3   7   3   4   5   4   4   4   7  10   3   0  14   4   4   0   0   3  0.18 0.18
  220 E    0  1  1  1  1  0  1 -1  1 -3 -2  1 -2 -1  0  1  0 -3  0 -3   10   7   7   9   3   4   9   5   3   0   4  11   0   3   5  10   6   0   3   0  0.14 0.15
  221 I   -1  0  0  0  3  1  0 -1  1  2  0  0  0  0 -2  0 -1 -3  0  1    5   4   4   4   8   7   7   3   4  15   7   6   3   3   0   5   3   0   3   8  0.06 0.10
  222 G   -1 -1  2  0  1 -1 -1  4  2 -2 -3 -1 -1  0  0 -1 -2  1 -3 -2    4   4  10   5   3   3   3  34   6   2   3   4   2   5   4   4   1   2   0   2  0.36 0.27
  223 F   -1  1 -2 -1 -3  0  0 -1  0 -1 -1 -1  0  2  3  0  0  2  2 -1    6   7   1   3   0   3   7   4   2   3   4   3   3  10  16   7   5   3  10   5  0.19 0.17
  224 D    0  1  1  3 -3  0  0  0 -1 -2 -1  1 -1 -3  0  0  0 -4 -3 -1    7   7   6  23   0   3   6   8   1   2   5   9   2   0   4   6   5   0   0   4  0.23 0.19
  225 G    0  0  0 -2  2  0  0  0 -2  0 -1  0  1  1  0  0  0  3  1  0    6   6   5   0   5   5   6   6   0   6   6   6   5   5   6   6   6   5   5   6  0.06 0.11
  226 Q    0  0  0  0 -2  1  0  0  1  0 -1  0  1  0  1  0  0 -2  1  0    6   6   5   6   0   5   6   6   5   6   6   6   5   5   6   6   6   0   5   6  0.03 0.06
  227 F    0  0  1 -2 -2 -1  0  0  2  0  0 -1  1  1 -3  0 -1  4  2  0    7   7   7   0   0   0   7   7   7   7   7   0   7   7   0   7   0   7   7   7  0.10 0.14
  228 L    0  0  1  0  2 -1  0  0  2 -2 -1 -2  1  1 -3  0  0  4  1  0    6   6   6   6   6   0   6   6   6   0   6   0   6   6   0   6   6   6   6   6  0.10 0.15
  229 I   -1 -3  0 -3  0 -2 -2 -1 -3  3  2 -1  3  1 -3 -2 -1  2  0  0    3   0   6   0   2   0   2   5   0  25  26   3   8   5   0   1   3   3   2   4  0.25 0.20
  230 E   -1  0 -2  1 -4  1  5 -1 -2 -3 -1  0  1 -4 -1  0 -2 -4 -3 -3    3   4   0   7   0   5  48   5   0   0   8   6   4   0   3   5   0   0   0   0  0.55 0.35
  231 P    0 -3 -3 -1  2 -2 -2 -3  1  0 -1 -2  0  1  5  0  0  2  1 -1    8   0   0   4   5   0   0   0   4   5   5   0   3   6  33   6   6   3   6   4  0.51 0.29
  232 K   -1  1  0 -2 -3  1  0 -1 -2 -2 -1  4 -2  0 -2  0  0 -3  2  0    4   4   4   0   0   7   4   4   0   0   4  37   0   4   0   7   5   0   7   7  0.29 0.25
  233 P    0  0  0 -3  2  0 -2 -1  2  0 -1  0  1  1  0  0  0  3  1  0    6   6   5   0   5   5   0   6   5   6   6   6   5   5   6   6   6   5   5   6  0.08 0.13
  234 K   -1  1  1 -1  1  1  0 -1  1 -3 -2  2  0  1  0  1  0  2  1 -2    3   8   8   3   3   5   5   5   3   0   3  15   3   6   4   9   6   3   4   3  0.13 0.17
  235 E   -1  1  1  1 -4  0  3 -1  1 -3 -1 -1 -3  0  1  0  0 -4  0 -3    4   9   6   9   0   4  27   4   4   0   7   0   0   4   6   5   6   0   4   0  0.28 0.26
  236 P   -1  0 -1  0  3  0  2 -2  1 -3 -2  0 -3 -3  3 -1 -1  4  1  0    3   5   3   4   6   3  19   3   3   0   3   5   0   0  16   3   3   6   6   6  0.31 0.26
  237 T   -1  3 -1 -3  0 -1 -1 -2  1  0 -1 -1  1 -1 -1  1  3 -4 -3  0    4  23   3   0   2   2   2   3   3   4   7   2   4   2   3   9  20   0   0   6  0.26 0.27
  238 K    0  1  1  0 -1  0 -1  0  0 -1 -2  0  0 -1  1  0  1  0  0  0    8  11   7   5   1   4   3   8   2   3   2   7   4   2   8   6  10   1   3   6  0.08 0.10
  239 H   -2  2  1  0 -1 -2 -2  0  6 -2 -1 -1 -3  2 -4 -2 -2  3  3 -3    4  11   6   6   1   2   2   6  21   3   5   4   0  10   0   2   3   4  10   2  0.49 0.36
  240 Q    0  0  0 -2  2  2 -2 -3  1  1 -1 -2  4  1  0  0  0 -4  1 -1    8   7   5   1   5  11   1   1   3  10   4   0  11   5   4   9   6   0   5   4  0.18 0.24
  241 Y    0  0  0  0 -3  1 -2 -3  2  0  0 -2  1  1  1  0  0  4  1  0    6   6   6   6   0   6   0   0   6   6   6   0   6   6   6   6   6   6   6   6  0.11 0.15
  242 D   -1 -2 -1  1  1 -1 -1 -1  2  1  1 -2  1  1 -1 -2  0  2  1  1    4   0   3  11   3   3   3   5   7  11  12   0   4   5   3   0   4   4   7  10  0.09 0.14
  243 F    0  0  1  2  0 -1 -1  1 -2 -1 -2 -2  0 -1  2  0 -1  4  0  0    7   5   6  12   3   2   2  10   0   3   3   0   2   3  13   8   2   7   4   7  0.18 0.19
  244 D   -1 -1  2  3  0 -1 -1 -1  0 -4 -4 -1  0  0  0  2  2 -4 -3 -3    3   3  10  19   2   3   3   4   2   0   0   2   3   5   6  17  17   0   0   0  0.37 0.33
  245 A    0 -2 -2  0  2  0 -2  0 -2  0  0  0  1  1  1  0  0  4  1  0    6   0   0   6   6   6   0   6   0   6   6   6   6   6   6   6   6   6   6   6  0.09 0.14
  246 A    2 -2 -3  0 -4  0 -1  3 -3 -3 -2 -3  1 -1 -1 -1  1  2 -1 -1   23   2   0   5   0   4   4  28   0   0   4   0   4   3   3   4   8   3   3   3  0.37 0.32
  247 T    0  1  0  0 -3  0  0 -1  3 -1 -2  1  0 -1 -1  1  2  1  0 -1    9   7   3   4   0   3   4   5  10   3   2   7   2   2   3  11  17   2   2   3  0.16 0.19
  248 T    2 -3 -1 -2  3 -3 -2  0  0  0 -1 -1  1  0 -1  0  2 -3 -1  2   17   0   2   2   6   0   2   6   2   3   6   2   5   5   3   5  16   0   2  16  0.17 0.21
  249 I    0  0  0  0  2 -2 -2  0  2  0  0 -2  1  1 -3  0  0  4  1  0    6   6   6   6   6   0   0   6   6   6   6   0   6   6   0   6   6   6   6   6  0.09 0.14
  250 A    1  0  0 -1  1  0 -1  2  0 -1  0 -1  1  0 -3  1 -1  2  1 -1   10   4   5   3   3   3   4  15   3   3   9   3   5   3   0  11   3   3   6   3  0.08 0.12
  251 F   -1 -3 -3 -3 -3  0 -3 -1  2  1  2 -3  2  3  0 -1 -1  2  1  0    6   0   0   0   0   6   0   4   5   8  20   0   7  15   5   4   4   4   4   8  0.23 0.22
  252 L    0 -1 -2  0  3 -2 -1 -1  2  2  1 -1  0  0  0  0 -1  2 -2  0    7   3   0   6   8   0   3   3   6  18  12   3   3   3   4   7   3   3   0   6  0.08 0.15
  253 E    0  2  1  0 -1  2  1 -2  2 -3 -1  2  0 -3 -1 -1 -1 -3  1 -2    9  10   9   4   2  11  11   2   5   0   7  11   2   0   3   3   2   0   5   2  0.19 0.20
  254 T    0  1  0  1 -1  2  2 -2  1 -2 -2  2  0 -3 -3  0  0  0  0 -2    8   7   3   7   2  12  17   2   3   2   3  12   2   0   0   7   6   2   4   2  0.22 0.22
  255 Y   -1 -2  0  0  1  0  0 -3  1  1  1 -1  2  0  0 -1  0 -2  1  1    4   0   4   4   4   3   8   0   4   9  18   3   6   4   4   4   6   0   5   9  0.07 0.12
  256 G    0  1  1  1 -2  1  0  0  2  0 -1  0 -1 -2  1  0  0 -3 -2  0    7   7   7   7   0   7   7   7   6   7   7   7   0   0   7   7   7   0   0   7  0.08 0.08
  257 L   -1  0  0  0  0  0 -1  0  2 -1  2 -1  0 -1 -1 -1 -1  1  0 -1    4   6   5   7   3   4   3   7   5   3  29   2   2   2   4   4   2   2   4   4  0.10 0.16
  258 K    0  1 -1  1 -4  1  2 -1  1 -1 -2  1  0 -1  4 -1 -1 -4 -3 -2    7   8   3   6   0   6  12   4   4   3   4   8   3   2  20   3   4   0   0   3  0.30 0.24
  259 D    0  1  1  1  2  1  0  0  2 -2 -2  0 -2 -2  1  0  0 -3  1 -1    7   7   7   7   6   7   7   7   6   0   1   7   0   0   7   7   7   0   6   7  0.12 0.13
  260 H   -1  1  3  1 -3  1  1 -3  2 -1  0  0  1  0 -3 -2 -1  2  0 -1    3   7  18   8   0   6   7   0   6   4   8   4   6   4   0   0   4   3   4   5  0.15 0.21
  261 F   -1 -2 -4 -4  2 -3 -4 -1 -3  1  0 -2  1  5 -4 -2 -1  3  2  2    5   3   0   0   5   0   0   6   0   6   6   2   5  29   0   2   2   5   6  17  0.44 0.32
  262 K    0  0  1  0  2  1  0  0 -2 -1 -1  0  1 -2  1  0  0 -3 -2  0    7   7   7   7   6   7   7   7   0   0   7   7   6   0   7   7   7   0   0   7  0.09 0.11
  263 L    0 -2 -2 -2  3  1 -2  0 -2  1  1 -2  2  1 -2 -1  1 -2 -1  1   10   0   0   0   9   9   1  10   0  10  10   1   9   9   0   1  10   0   0  10  0.10 0.10
  264 N   -1 -2  4  0  2  0 -2 -2  1 -1  0 -1  0 -2 -3  0  1  3  0  0    5   0  27   4   5   3   0   1   3   4  10   3   3   0   0   4  11   4   4   6  0.22 0.22
  265 L   -1 -3 -2 -1 -3 -1 -3 -2 -3  3  2 -2  1  0  2 -2 -1 -3 -3  2    3   0   1   4   0   3   0   2   0  21  26   2   4   3  11   2   4   0   0  13  0.32 0.24
  266 E   -2 -1  2  4 -4  0  4 -3  0 -4 -2 -1 -3 -4 -1  0 -1 -4 -1 -2    3   3   8  27   0   4  27   1   2   0   4   3   0   0   3   5   3   0   3   3  0.53 0.35
  267 A    0 -1 -1 -2  0  0 -1 -1 -2 -1  0 -1  0  2  3  0  0  2  1  0    8   4   2   0   2   5   2   5   0   3   9   2   2   9  17   8   6   3   7   6  0.16 0.15
  268 N    0 -2  1 -2  2  1  0  0  2  0  0 -1 -1  1  1  0 -1 -2  1  0    7   0   7   0   7   7   7   7   7   7   7   0   0   7   7   7   0   0   7   7  0.07 0.12
  269 H   -1  0  0  1 -3 -2  0  0  7 -3 -3 -2 -3  0 -3 -2  0  2  1  0    6   4   4   7   0   0   4   6  35   0   1   0   0   5   0   1   6   4   4   7  0.54 0.36
  270 A    1  1  0  0  0  0  0 -1  1 -1 -1  0  1  1 -1  0  0 -2  1  0   15   8   3   6   2   2   7   3   3   4   3   4   7   7   2   7   5   0   5   6  0.04 0.09
  271 T   -1  0 -1 -3 -3  0 -1 -2  3  1  2 -1  3  1 -1 -2  0  1  0 -1    4   6   2   0   0   5   4   2   9   9  23   3   7   5   2   2   7   2   3   2  0.19 0.20
  272 L    0 -4  1 -4  1  0 -1 -2 -4  1  2 -4  7  1 -1 -4 -3 -4  2  0    7   0   6   0   3   4   5   3   0   7  16   0  28   5   4   0   0   0   6   5  0.62 0.44
  273 A    0  0  0  0  2  0  0 -1  2  0 -1  0  1 -2  0  0  0  3  1  0    5   5   5   5   5   5   5   5   5   5   5   5   5   0   5   5   5   5   5   5  0.07 0.11
  274 G    0 -1  1 -1 -4  0  0  4  1  0 -2  0  0 -1 -1 -1 -1 -4  0 -3    6   4   7   3   0   3   7  30   4   5   3   7   3   3   3   4   4   0   3   0  0.28 0.25
  275 H   -1 -1 -1 -1  0  0  4  0  4 -2 -1 -1  0 -2 -4 -1  0 -4 -3 -1    4   3   2   3   3   4  33   7  10   2   7   3   2   2   0   4   5   0   0   5  0.36 0.34
  276 T   -1 -1  4  2 -1  0  0 -2 -1 -3 -4 -1  0 -4 -1  2  1  0  0 -2    5   3  26  10   1   3   6   3   1   2   0   3   2   0   3  14  11   1   3   2  0.41 0.36
  277 F    0 -2  0 -2  2 -1 -2  0  2  0  0  0  1  1  1  0  0 -2  1  0    7   0   7   0   6   0   0   7   6   7   7   7   6   6   7   7   7   0   6   7  0.07 0.12
  278 E    1 -1  0  0 -3  0  1 -1  2  1 -1 -1  1  0  0  0  0 -3  1  0   18   3   3   4   0   4  13   5   7   9   3   0   4   3   4   5   4   0   5   5  0.09 0.15
  279 H   -1 -1 -1  1 -5  1  2 -2  7 -4 -1 -2  0 -1 -4 -1 -1  3  0 -2    6   3   3   7   0   7  12   3  30   0   6   2   2   3   0   3   3   4   3   2  0.62 0.43
  280 E    2 -1 -1  1  0  0  2 -1  0 -1 -3 -1 -1 -2 -1  1 -1  3 -1 -1   17   2   3  10   2   2  18   5   2   4   0   3   2   2   2  13   3   4   2   5  0.21 0.23
  281 L    1 -4 -4 -5  2 -4 -4 -4 -4  2  2 -4  2  1 -4 -2  0 -4  0  3   14   0   0   0   4   0   0   0   0  14  20   0   5   5   0   2   4   0   3  27  0.52 0.34
  282 R   -1  0  0  0  2  0  0 -1  2  0 -1  0  1  0 -3  0  0  3  1  0    5   5   5   5   5   5   5   5   5   5   5   5   5   5   0   5   5   5   5   5  0.06 0.10
  283 V   -1 -1 -1 -1 -3  1  0 -4  0  1  2 -1  3  1 -4 -1  0  2  1  0    4   4   3   3   0   6   5   0   3   6  18   4   8   6   0   4   7   3   6   8  0.16 0.18
  284 A    3 -4 -4 -4  3 -1 -1 -1 -4  1  1 -3  1  0 -1  0 -1  2  0  0   25   0   0   0   6   3   4   4   0   7  15   0   4   4   3   7   4   3   3   6  0.27 0.25
  285 A   -1  0  0  0  2  0  0 -1  2  0 -1  0  1  0 -3  0  0  3  1  0    5   5   5   5   5   5   5   5   5   5   5   5   5   5   0   5   5   5   5   5  0.06 0.10
  286 L    0  3  0  1 -3  0  0 -1  1 -1 -1  0  1 -1 -3  0 -1  2  1 -1   10  17   4   9   0   4   7   4   3   5   4   6   4   3   0   5   3   3   5   4  0.13 0.16
  287 H    1  1  1 -1  0 -1  0 -2  4 -3  0 -1  0  2 -3  0 -1 -3  3 -2   11   9   7   3   2   2   7   1  11   0   9   3   3   9   0   7   3   0  10   1  0.20 0.22
  288 D   -2 -2  1  0 -5 -1 -2  5 -1 -3 -3  0 -1 -5 -2 -1 -3 -5 -5 -3    1   2   8   6   0   3   2  54   2   2   3   6   2   0   2   4   1   0   0   2  0.90 0.53
  289 M   -1  1  0 -2  1 -1 -1  0  1  0  0  1  3  1 -2 -1  0 -2  0  0    5   7   6   0   4   0   5   8   3   6   9  10  12   6   0   4   4   0   4   7  0.05 0.12
  290 L    0  0  1  0 -2  1 -1  0  2  0  0  0  1  0  1  0 -1 -3 -1  0    7   7   7   7   0   7   0   7   6   7   7   7   6   6   7   7   0   0   0   7  0.05 0.10
  291 G   -1  0  0  0  2  0 -2 -1  2  0 -1  0  1  0  0  0  0  3  1  0    5   5   5   5   5   5   0   5   5   5   5   5   5   5   5   5   5   5   5   5  0.06 0.11
  292 S   -1 -1  1 -1  1  1 -1  1  5 -3  0 -3  1  1 -1  0  0 -4  2 -2    5   4   6   3   3   6   4  12  14   0  10   0   3   6   3   7   5   0   6   3  0.21 0.23
  293 I   -3 -4  0 -4 -4 -1 -4 -5 -4  3  1 -4  3  3 -4 -1  0 -4  0  3    0   0   5   0   0   3   0   0   0  20  14   0   7  12   0   4   6   0   3  22  0.52 0.33
  294 D   -1 -2  1  1 -3  1  0  0  2  0 -2 -1 -1  1  1  0  0 -2  1  0    1   0   7   8   0   7   8   8   7   8   1   0   0   7   8   8   8   0   7   8  0.10 0.13
  295 A    1  0 -2 -2  0 -2 -2 -1  2  1  2 -1  1  1 -3 -1 -1  1  0  1   14   5   0   2   2   0   0   4   6   9  22   2   5   6   0   3   2   2   3  10  0.12 0.15
  296 N   -2 -1  4  0  0 -2  1  0  3 -2 -2 -1 -3  1  0  0  0 -4 -2 -2    2   3  30   3   2   0   9   5   9   2   3   3   0   7   5   7   6   0   0   2  0.35 0.30
  297 Q   -1 -1  0  3 -3 -1  0  1  1 -2 -2 -1  0  1 -1  0  1  0  1 -2    3   4   4  22   0   2   4  11   3   2   4   3   2   8   2   6   9   1   4   3  0.17 0.18
  298 G   -1 -1  2 -1  0  1 -1  4 -2 -3 -3  1 -1 -3 -3  0 -1  0  1 -2    3   3  12   3   2   7   4  36   0   1   1   8   2   1   1   6   2   2   5   4  0.42 0.29
  299 D   -2 -1  0  4 -4  1  0 -1  1 -3 -2  0 -2  0  1  0  0  2  2 -3    2   4   3  32   0   6   5   3   3   1   4   5   1   5   6   5   5   3   7   2  0.39 0.29
  300 L   -1  0  2 -1 -3  0 -1  1 -1  0  0 -1  0  0  2  0  0 -3  0 -1    3   5  13   2   0   3   3  10   1   5  11   3   2   4  13   8   7   0   4   2  0.13 0.14
  301 L   -1  1  0  0  1  2 -1  0  2 -1  0 -1  0  0 -1 -1 -1  2  2 -1    4   8   4   5   2  11   4   8   4   4   9   4   3   4   4   4   3   3   7   4  0.11 0.11
  302 L   -1  0  0  0  2  0 -2 -1  2  0 -1  0  1  0  0  0  0  3  1  0    5   5   5   5   5   5   0   5   5   5   5   5   5   5   5   5   5   5   5   5  0.06 0.11
  303 G    0  0  0  0  2  0  0  0  1  0 -1  0  1  0 -2  0  0 -2  1  0    6   6   5   6   5   5   6   6   5   6   6   6   5   5   0   6   6   0   5   6  0.03 0.07
  304 W   -1 -1 -1  2  1  0 -1  0  1 -2 -2 -4  1  2 -1 -2 -1  8  1 -2    5   4   3  11   3   4   3   8   3   3   3   0   3   7   3   3   4  23   5   3  0.63 0.43
  305 D    0  0 -1  1  2  1  0  0 -1  0 -1 -1 -1  1 -2  0  0 -2  1  0    8   8   0   8   7   7   8   8   0   8   1   0   0   7   0   8   8   0   7   8  0.07 0.11
  306 T   -2 -2 -1  4  0  0 -2 -1  3 -2  1 -2  1  0  0 -1  1  1  0 -2    3   2   2  25   2   4   2   4   6   2  12   2   4   4   5   4   9   2   3   2  0.31 0.26
  307 D   -1 -1  0  4 -4 -3 -3  0  1  2  0  0  2 -1 -1 -2  0  0 -1 -2    4   4   5  26   0   0   0   6   3  11  11   5   5   2   3   2   5   2   2   2  0.31 0.25
  308 E   -1  1 -1  0 -1  0  0 -2  0  0  0 -1  3  1  1 -1 -1  2 -2  1    6   9   2   5   1   4   6   2   3   6  10   3   8   5   8   4   4   4   0  11  0.11 0.13
  309 F    0 -1 -2 -2  2 -4 -3  2 -4  1  0 -4  1  5 -1 -1 -2 -3  1  0    8   3   1   2   4   0   2  17   0   8   7   0   4  24   3   4   2   0   4   7  0.37 0.29
  310 P    0 -3 -3  0 -1 -2 -2  3 -1 -1 -1 -3  0 -1  4  1 -1  0 -4  0    8   1   0   5   1   2   2  20   1   3   5   0   2   3  22  12   4   1   0   7  0.40 0.33
  311 T    0 -1 -1 -2  0 -2 -2  2  0  1 -1 -1  0  0  0  0  1 -3  0  1    7   2   2   2   2   1   2  20   3  10   5   3   2   4   4   9  11   0   3  10  0.12 0.14
  312 D   -1 -1  2  3  1  1 -1 -1  2 -1 -1 -1 -5 -1 -1  1  0 -6  0  0    6   3   9  15   3   5   4   5   4   4   6   4   0   3   3  11   5   0   3   6  0.18 0.16
  313 L   -2 -2  3  1  1 -1 -1 -2  3  0 -1 -2  0  1  0 -1  0  2  0  2    3   3  13   8   3   3   4   3   7   5   5   3   3   5   5   4   6   3   3  13  0.23 0.17
  314 Y   -1  1  0 -2 -4  0 -1 -2  3  0  1 -1  0  2  1 -1 -1  3  2 -1    4   7   5   2   0   4   5   3   7   5  13   3   3   8   7   5   3   4   8   4  0.13 0.15
  315 S   -1  1  0  1 -4  1  3 -2  0 -1  0  1  1  0  1 -1 -1  3 -1 -2    3   7   4   8   0   5  18   2   2   4   9   8   4   4   6   3   4   4   2   3  0.17 0.19
  316 A   -1  0  0  0  2  0  0 -1  2  0 -1  0  2  1  0 -1  0  3  1 -1    5   5   5   5   5   5   5   5   5   5   5   5   5   5   5   5   5   5   5   5  0.09 0.08
  317 V    2 -1 -1 -1  1 -1  1 -2 -5  0  0 -2  1  0 -1 -2  3  2  1  0   14   3   3   3   3   3  11   3   0   4   8   3   3   4   3   3  15   3   4   5  0.19 0.18
  318 L   -2 -2 -1 -2 -5 -1  0 -3 -1  0  3 -3  2  4 -3 -2 -2  2  2 -1    4   2   3   2   0   3   7   2   1   4  32   1   4  17   1   2   2   3   7   3  0.48 0.37
  319 A    0 -1  0 -1  0  0  2 -2  0  1  0 -1  1  1 -3 -1  0  2  0  1   10   2   5   2   2   4  14   3   2   8  10   2   5   8   0   3   4   3   2  11  0.09 0.14
  320 M    0 -3 -1 -1  1  0  0 -1  1  1  0 -1  5  2 -4 -1 -1 -4  0  0    6   0   3   3   3   4   8   4   3   7   9   3  20   9   0   3   4   0   3   7  0.29 0.28
  321 Y   -1  0  0  0  2  0  0 -1  2  0 -1  0  1  0 -3  0  0  3  1  0    5   5   5   5   5   5   5   5   5   5   5   5   5   5   0   5   5   5   5   5  0.06 0.10
  322 E   -1  0 -1 -1  1  0  0 -2  1  0 -1  0  1  2 -4 -1 -1  6  3  0    4   6   3   4   3   4   6   3   3   4   6   7   4   8   0   5   4  12  10   6  0.25 0.22
  323 I    0  0  0  0 -3  1  0 -3  2  0  0  0  1  1 -3  0  0  3  1  0    6   6   6   6   0   6   6   0   6   6   6   6   6   6   0   6   6   6   6   6  0.09 0.13
  324 L   -1 -1 -3 -1 -3  0 -1 -4 -3  1  3  0  2  1 -3 -1 -1  3  1  1    5   4   0   4   0   3   4   0   0   8  30   5   5   5   0   5   4   5   5   8  0.21 0.20
  325 K    0  0  0  0 -2  1  0  0  2  0  0  0  1  0 -2  0  0 -2  1  0    6   6   6   6   0   6   6   6   6   6   6   6   6   6   0   6   6   0   6   6  0.04 0.07
  326 A    0  3  1  1  1  1  0 -2  1 -2 -3  1  1 -1 -2 -1 -1  4  1 -2    7  13   7   7   3   6   7   4   4   3   3   7   4   3   3   4   3   5   5   3  0.20 0.16
  327 G    0  0  0  0  2  1  0  0  2  0 -1  0  1 -2 -3  0  0  3  1  0    6   6   5   6   5   5   6   6   5   6   6   6   5   0   0   6   6   5   5   6  0.07 0.12
  328 G   -1  0  2  0 -3 -2 -1  3 -2 -1 -1  0  0  0 -3  0  0  2  0 -1    4   5  11   4   0   0   4  27   0   4   6   5   3   4   0   5   5   3   4   5  0.21 0.21
  329 F    0  0  0  0 -3  0  0 -1  1  0 -1  0  1  0  0  0  0  3  1  0    5   5   5   5   0   5   5   5   5   5   5   5   5   5   5   5   5   5   5   5  0.06 0.08
  330 K    0  0 -3  0 -4  1 -1 -1  1 -3 -3 -1  1  1  0  0  0  4  4 -1    8   5   0   5   0   6   4   5   4   0   1   4   3   6   5   7   5   7  18   5  0.32 0.29
  331 T   -1  0  0  2 -3  0  1  0  0 -1 -2  0 -1 -3  2  0  1 -4 -1 -1    5   4   4  11   0   4  12   8   3   4   4   4   2   0  12   6  12   0   3   3  0.17 0.17
  332 G   -1  0 -1 -2 -5 -4 -2  6 -1 -5 -3 -1 -4 -5 -1 -1 -2 -5 -5 -2    3   6   3   2   0   0   2  62   2   0   3   3   0   0   3   3   2   0   0   3  1.08 0.57
  333 G    0  0 -2  0 -3 -1  0  0  2  0  0  0  1  1  1  0  0  3  1  0    6   6   0   6   0   0   6   6   6   6   6   6   6   6   6   6   6   6   6   6  0.06 0.11
  334 I   -1  0  0  0  2  0  0 -1  2  0 -1  0  2  1  0 -1  0  3  1 -1    5   5   5   5   5   5   5   5   5   5   5   5   5   5   5   5   5   5   5   5  0.09 0.08
  335 N   -1  1  3 -1  1  0 -1 -1  2 -1 -2 -1  0  0 -1  1  0 -6  2 -2    5   7  14   4   3   5   5   5   5   3   4   3   3   4   3  11   7   0   7   3  0.19 0.18
  336 F   -2 -4 -3 -2 -4 -1 -1 -2  1  1  1 -3  2  4 -1 -2  0  4  3  0    3   0   0   3   0   3   4   3   3   8  15   0   5  21   3   3   6   5   9   7  0.35 0.28
  337 D   -2  0  0  5  1  0 -1 -1 -4 -2 -1 -1  0 -1  0 -1 -1  2  0 -2    3   5   3  33   3   4   3   6   0   3   6   4   3   3   6   4   3   3   3   3  0.38 0.32
  338 A    0 -3 -1 -1  1 -1 -1  1  1  0  1 -2  0  1  0  0  0 -3  2  0    8   0   3   4   4   3   4  14   3   6  12   0   3   5   5   5   6   0   8   5  0.08 0.12
  339 K   -1  0  0  1 -4  1  0 -2  3  0 -1  1  1  3 -1 -1 -1  1  2 -1    6   5   4   8   0   6   4   2   8   5   5  10   4  13   3   3   2   2   7   3  0.15 0.17
  340 V    0  0  1  0  2  1 -1 -2  2  0  0  0  1  0  1  0  0 -3 -1  0    6   6   6   6   6   6   0   0   6   6   6   6   6   6   6   6   6   0   0   6  0.06 0.11
  341 R   -2  3 -1 -1 -4  1 -1 -2  3  0 -1 -1  1  0 -1  0 -1  2  3 -1    3  19   3   3   0   6   3   3   9   5   6   3   3   4   4   6   4   3  11   4  0.24 0.23
  342 R    0  0  0  0 -3  0 -1  0  2  0 -1  0 -1  1  1  0  0  3  1  0    6   6   6   6   0   6   0   6   6   6   6   6   0   6   6   6   6   6   6   6  0.07 0.10
  343 P    0  0  0  0 -3  1  2 -1 -2 -1 -1  0  2 -3  3  0  1 -4 -3 -1    6   4   4   6   0   5  15   4   0   5   4   4   8   0  18   5   8   0   0   4  0.27 0.23
  344 S    0  2  0  1  0  0  0  0 -2 -1 -2  0 -2 -2  1  2  0 -3  1 -1    6  13   3   9   2   3   7   5   0   4   4   3   0   0   6  20   5   0   5   3  0.15 0.18
  345 F    0  0  0  0  2  0  0 -1  1  0 -1  0  1  0  0  0  0 -2  1  0    5   5   5   5   5   5   5   5   5   5   5   5   5   5   5   5   5   0   5   5  0.03 0.05
  346 A   -1  0  1  3 -4  1  2 -1  1 -3 -4  0  1 -4 -1  0  1 -4  1  0    5   4   5  17   0   6  15   4   3   0   1   5   5   0   4   6   9   0   5   7  0.27 0.26
  347 D    0  0  0  0 -2  1  0  0  1  0 -1  0  1  0  1  0  0 -2  1  0    6   6   5   6   0   5   6   6   5   6   6   6   5   5   6   6   6   0   5   6  0.03 0.06
  348 E   -1  0  0  0  2  0  0 -1  2  0 -1  0  2  1  0 -1  0  3  1 -1    5   5   5   5   5   5   5   5   5   5   5   5   5   5   5   5   5   5   5   5  0.09 0.08
  349 D    0  0  0  0  2  0  0 -1  1  0 -1  0  1  0  0  0  0 -2  1  0    5   5   5   5   5   5   5   5   5   5   5   5   5   5   5   5   5   0   5   5  0.03 0.05
  350 L    1 -1 -2 -1 -1  0 -1 -1  0  1  0 -1  1  0  3 -1 -1 -3 -1  1   11   3   2   2   2   3   4   4   3   8  11   3   5   5  14   4   3   0   2  12  0.12 0.14
  351 F    0 -1 -6 -6  1 -1 -2 -2  1  1 -1 -1  1  3  0  0 -1  4  0  3    6   4   0   0   3   3   3   3   3   6   6   5   4  12   5   6   4   6   3  17  0.31 0.21
  352 H    1  0  0  1  0  0  0 -2  3  0 -1  0  0 -1 -1 -1 -1  2  1  0   10   6   5   9   2   4   6   3   7   5   6   6   3   3   4   4   4   2   4   6  0.09 0.08
  353 A    2  0  0  0  1  0  1 -1  1 -1 -1  0  1  0  0  0  0 -3 -2  0   19   6   3   4   3   4   9   5   4   4   4   4   4   5   4   6   7   0   0   5  0.07 0.12
  354 H    0  0  0 -2  2 -1  0  0  2  0  0  0  1  1 -3  0  0  3  1  0    6   6   6   0   6   0   6   6   6   6   6   6   6   6   0   6   6   6   6   6  0.08 0.13
  355 I    0  1  1  0 -2  0  1 -1 -2  1  0  0  1  0  0  0  0 -3 -2  0    7  10   7   5   0   4   9   4   0  11   7   5   5   6   4   6   4   0   0   9  0.04 0.09
  356 A    0  1  0 -1  0  1  0  0  1  0  0  0  0 -1 -2  0  0  1  0  0   10  10   4   3   3   6   5   7   5   5   8   4   3   2   0   5   7   2   3   7  0.04 0.07
  357 G    0  0  0  0  2 -1  0  0  2  0  0 -2  1  1 -3  0  0  3  1  0    6   6   6   6   6   0   6   6   6   6   6   0   6   6   0   6   6   6   6   6  0.07 0.13
  358 M    0  0  1  0  2  1 -1 -2 -1  0  0  0  1  1 -2  0  0 -2  1  0    7   7   7   7   6   7   0   0   0   7   7   7   6   6   0   7   7   0   6   7  0.06 0.11
  359 D   -1  2  0  2 -3  1  3 -1 -2 -1 -2  0 -2 -1 -3 -1 -1  3  0 -1    4  11   5  15   0   4  22   4   0   4   4   5   0   3   0   4   3   4   3   4  0.24 0.22
  360 T    0  0  0  0  2  1  0  0 -2  0  0  0  1  0 -2  0  0  3 -1  0    6   6   6   6   6   6   6   6   0   6   6   6   6   6   0   6   6   6   0   6  0.06 0.10
  361 Y   -1 -1 -1 -1  2 -1 -3 -3 -2  1  1 -1  2  3 -3 -1  0  2  2  1    4   3   3   3   5   3   0   0   0   7  17   3   6  16   0   4   5   4   7   8  0.20 0.20
  362 A   -1  0  0  0  2  0  0 -1  2  0 -1  0  2  1  0 -1  0  3  1 -1    5   5   5   5   5   5   5   5   5   5   5   5   5   5   5   5   5   5   5   5  0.09 0.08
  363 V   -1  2  0 -1  1  1  0 -1  1 -1  0  1  1  0 -3 -1 -1  4  0 -1    6  13   5   3   3   5   5   3   4   4   9  10   3   4   0   3   3   7   4   3  0.14 0.16
  364 G    1  0  0 -1  1 -2 -1  1  0  0  1 -1  2  0 -3  0 -1  2  0 -1   12   6   4   4   3   0   3  12   3   6  15   3   6   5   0   5   3   3   3   3  0.07 0.12
  365 L    0 -1 -2 -2  0 -1 -1 -4 -4  0  3  0  1  0 -1 -2 -2  5  0 -1    8   3   2   2   2   2   3   0   0   4  35   6   4   4   3   3   2   8   4   4  0.34 0.31
  366 K   -2  2 -1  1  1  0  2 -2  2 -1  0  2  1 -1 -1 -2 -2  2 -1 -1    4  10   3   8   3   4  13   3   4   4   8  12   3   3   3   3   3   3   3   5  0.16 0.14
  367 V    0  0  0  0 -3  1  0  0  2  0 -1  0  1  1 -3  0  0  3  1  0    6   6   5   6   0   5   6   6   5   6   6   6   5   5   0   6   6   5   5   6  0.06 0.10
  368 A    3 -1 -3 -1  1 -2 -1  0  1  1 -1 -1  1 -3 -3  0  0 -4  0  1   32   4   0   3   3   0   4   6   4  10   5   4   4   0   0   4   4   0   3   9  0.23 0.25
  369 S    2  1  0  1  1  0  2 -1  0 -2 -1 -1 -2 -1 -3 -1 -1  3 -1  0   18   7   5  10   4   4  14   5   2   2   5   2   0   2   0   4   3   4   2   6  0.15 0.19
  370 R    0  4  0  0 -1  2  1 -2  0 -2 -2  3 -1 -4 -3 -1 -1  1 -1 -3    8  21   4   6   2   7   8   3   2   2   3  23   2   0   0   4   2   2   2   0  0.40 0.32
  371 L    0  0  0  0 -2  1  0  0 -1  0  0  0  1  1 -2  0  0  3  1  0    6   6   6   6   0   6   6   6   0   6   6   6   6   6   0   6   6   6   6   6  0.06 0.10
  372 L    0  0  0  0 -3  0  0 -1  1  0 -1  0  1  0  0  0  0  3  1  0    5   5   5   5   0   5   5   5   5   5   5   5   5   5   5   5   5   5   5   5  0.06 0.08
  373 E    0  0  0  0 -3  1  0  0  2  0 -1  0  1 -2  0  0  0  3  1  0    6   6   5   6   0   5   6   6   5   6   6   6   5   0   6   6   6   5   5   6  0.07 0.10
  374 D    0  0  1  0 -3  1  0  0  2  0 -1  0  1 -2  1  0  0 -2  1 -1    6   6   6   6   0   6   6   6   6   6   6   6   6   0   6   6   6   0   6   0  0.07 0.11
  375 K    0  0  1  0 -2  1  0  0 -1  0  0  0  1 -2  1  0  0 -2  1  0    6   6   6   6   0   6   6   6   0   6   6   6   6   0   6   6   6   0   6   6  0.05 0.08
  376 A    0  0  0  0  0  0  1  0  0  0  0  1  0  0  1 -1  0  1  0  0    7   4   4   6   3   3   9   7   3   4   8   8   3   5   7   3   4   3   3   6  0.03 0.03
  377 L    0  0 -2  0 -3  1  0 -3  2  0  0  0  1  1  1 -1  0  4  1  0    6   6   0   6   0   6   6   0   6   6   6   6   6   6   6   0   6   6   6   6  0.11 0.15
  378 D    0  0  0  0  2  0  0 -1  1  0 -1  0  1  0  0  0  0 -2  1  0    5   5   5   5   5   5   5   5   5   5   5   5   5   5   5   5   5   0   5   5  0.03 0.05
  379 Q    0  0  0  1  1  2  2 -1  1  0 -2  1  0 -4 -1  0 -1 -4 -3 -1    9   6   5   9   3   8  15   5   3   6   4   9   3   0   3   5   4   0   0   3  0.15 0.17
  380 V   -1  0  0  0  2  0 -2 -1  2  0 -1  0  1  0  0  0  0  3  1  0    5   5   5   5   5   5   0   5   5   5   5   5   5   5   5   5   5   5   5   5  0.06 0.11
  381 I   -1  2 -1 -3 -3  0 -1 -2  1  2  1  0  1  1 -4 -1  0 -4 -2  2    4  11   3   0   0   5   4   4   3  12  17   5   4   5   0   4   4   0   0  14  0.16 0.17
  382 E    2  1  0  0 -3  3  1 -1  1 -2 -2  2  1 -4 -3  0  0 -4 -3 -3   19   6   3   5   0  14  10   4   3   3   3  13   5   0   0   5   6   0   0   0  0.25 0.25
  383 E    0  1  1  1 -4  2  3  0  0 -2 -3  2  0 -2 -3 -1 -1  1 -3 -2    7   6   6   6   0  12  21   6   2   2   0  13   3   2   0   3   3   2   0   3  0.29 0.26
  384 R   -1  6  0  0 -5  0 -1 -4  1 -2 -2  1 -3 -4 -4 -1 -3 -4 -1 -3    4  56   4   6   0   4   2   1   4   2   3   6   0   0   0   3   0   0   2   2  1.00 0.55
  385 Y   -3 -2 -2  2 -1  0 -2 -3  2 -2 -3 -2 -4  0 -5 -3 -2 -2  8 -3    2   2   2  11   1   5   3   2   4   2   2   2   0   2   0   2   2   0  54   2  1.31 0.68
  386 E    3 -1 -1  0 -3  1  0 -1 -1 -2  0 -1 -1 -4 -1  2 -1 -4 -3 -1   29   3   2   5   0   8   4   4   1   1  10   2   1   0   2  20   2   0   0   4  0.28 0.29
  387 S    0  1  1  1 -2  1  1  0 -1  0 -1  0 -1 -2  1  0  0 -3 -2  0    7   7   7   7   0   7   7   7   0   7   7   7   0   0   7   7   7   0   0   7  0.08 0.07
  388 Y    0  0  0  0 -3  1  0  0  2  0 -1  0  1  1 -3  0 -1  3  1  0    6   6   6   6   0   6   6   6   6   6   6   6   6   6   0   6   0   6   6   6  0.07 0.11
  389 T    1  0  1  2 -3  0  0  0  1 -1 -1  0  0 -2  0  1  0 -3  0 -1   11   4   6  13   0   4   4   6   5   3   6   5   3   0   4  11   6   0   3   4  0.10 0.12
  390 K    0  0  0  0  2  0  0 -1  1  0 -1  0  1  0  0  0  0 -2  1  0    5   5   5   5   5   5   5   5   5   5   5   5   5   5   5   5   5   0   5   5  0.03 0.05
  391 G   -1  0  0  0 -4  0  0  3 -3 -4 -1 -1  2  0  2 -1 -1 -4  0 -4    5   6   4   4   0   4   8  28   0   0   6   3   5   5  10   4   4   0   3   0  0.32 0.27
  392 I    0  0  0  0 -3  0  0 -1  1  0 -1  0  1  0  0  0  0  3  1  0    5   5   5   5   0   5   5   5   5   5   5   5   5   5   5   5   5   5   5   5  0.06 0.08
  393 G    0 -2  1  1 -2  1 -1  0 -2  0  0 -1  1 -2  1  0  0  4 -2  0    8   0   7   8   0   7   0   8   0   8   8   0   7   0   8   8   8   7   0   8  0.12 0.13
  394 L    0  2 -2 -1 -3  2  1 -2  1 -1  0  1  1  0 -1 -1 -1  2  0 -1    8  10   0   4   0  14   8   3   3   3  12   8   3   4   3   3   4   3   3   3  0.12 0.15
  395 E    0  2 -1  0 -3  2  1 -1  2 -1  0  2  0 -3 -2 -1  0 -3 -2 -1    9  12   2   4   0  10  11   3   5   3  10  14   3   0   0   3   6   0   0   3  0.18 0.18
  396 I    1 -3 -3 -2  0 -2 -1  0 -3  4  1 -2  2  1 -3 -1 -1 -3 -1  1   15   0   0   2   2   0   5   8   0  29  10   3   5   5   0   3   2   0   2   8  0.22 0.22
  397 K    0  0 -1 -1 -3  0  2 -1 -2  0  1  0  1 -1  0 -1 -1  2 -2  0   11   4   2   2   0   5  15   5   0   4  19   7   5   2   4   4   2   3   0   7  0.09 0.14
  398 E    1  0  1  1 -3  1  1 -1 -1 -3 -2  0 -1  0 -3  0  0 -2  3 -3   14   6   8   7   0   6  11   3   0   0   3   7   2   5   0   8   6   0  15   0  0.20 0.21
  399 G   -1  1 -1 -2 -4 -1 -3  6 -4 -5 -5 -2 -4 -5 -4  1 -2  2 -4 -3    3   7   2   2   0   3   0  60   0   0   0   2   0   0   0  12   2   3   0   2  1.03 0.51
  400 R    0  2  0  1 -3  1  2 -1 -2 -3 -3  2 -2 -3 -1  1  0 -3  0 -2    9  10   4   7   0   6  16   4   0   0   2  19   0   0   3   9   4   0   5   2  0.26 0.21
  401 T    2  0 -1  0 -1 -1  1 -1  0  0  1 -1  2 -1 -1  0  1 -3 -1  0   25   4   2   4   1   2   9   2   3   4  13   2   6   2   2   5   8   0   1   5  0.09 0.14
  402 D    0  0  0  2 -1  0 -2  0  1 -2 -1  0 -3 -4 -2  3  3 -4 -3 -2    5   4   5  13   1   3   0   5   3   2   6   5   0   0   1  25  19   0   0   2  0.30 0.28
  403 L    2 -4 -5 -5 -3 -4 -2 -3 -4 -1  4 -4  2  3 -2 -2 -3  2  0 -1   17   0   0   0   0   0   2   2   0   1  48   0   4  15   2   2   0   3   3   1  0.64 0.41
  404 K    1  0 -1  3 -4  1  4 -3 -1 -4 -4  2 -4 -5 -2 -1 -1 -5 -4 -3   15   4   1  15   0   5  37   0   1   0   1  12   0   0   1   3   2   0   0   1  0.63 0.40
  405 K    1 -1 -1  3 -4  1  3 -1 -2 -3 -3  0  0 -3 -1  1  0  0 -2 -2   11   2   2  18   0   5  24   3   0   0   2   5   3   1   3  10   6   2   1   2  0.33 0.26
  406 L   -1 -1 -5 -5  4 -4 -5 -5 -5  2  5 -2  1 -1 -5 -3 -3 -4 -3  0    5   3   0   0   9   0   0   0   0   9  62   2   2   2   0   1   0   0   0   5  0.92 0.48
  407 A    3  2 -2 -1 -4  0  3 -1  0 -4 -2  1 -3 -4 -1 -1 -1 -4 -1 -2   33  11   0   2   0   2  25   4   2   0   3   7   0   0   2   3   3   0   2   2  0.43 0.34
  408 A    2  1  0  3 -4  0  2  0 -2 -3 -3  2 -3 -4 -2 -1 -1 -4 -4 -2   25   9   4  17   0   2  17   6   0   1   1  11   0   0   1   3   2   0   0   2  0.38 0.29
  409 Y   -1  0 -3 -2 -4  1  0 -3  3  0  0  1  0  2 -2 -2 -2  0  5 -3    4   5   0   1   0   7   6   2   9   5   8   9   2   6   2   1   1   1  30   0  0.47 0.33
  410 A    4 -1 -3 -2 -3 -1  0 -1 -3  1 -1 -2  0 -3 -1  1 -1 -4 -2  1   41   3   0   2   0   2   7   2   0   8   4   2   3   0   3   8   1   0   1  13  0.34 0.30
  411 L    1  0 -2 -3 -2 -1  0 -3  0  0  2  1  1  3 -3 -1 -1 -2 -1  0   14   4   1   0   1   3   8   0   3   5  20   8   5  19   0   2   2   0   0   5  0.20 0.21
  412 E   -1  0  0  4 -4  2  2 -1 -1 -4 -4  2 -3 -4 -2  0 -1 -4 -2 -4    6   5   3  29   0  11  15   4   1   0   0  13   0   0   1   6   4   0   2   0  0.51 0.31
  413 N    0  2  3 -2 -1  0 -1 -1  2 -1  0  1 -1 -2 -1 -1  0  2 -2 -1    7  14  18   0   2   4   3   4   5   2  12   9   1   1   2   3   4   4   1   6  0.14 0.16
  414 D   -1 -2 -1  2 -4 -2  1  4 -1 -2 -2 -1 -3 -4  2 -1 -1 -5 -4 -1    3   1   2  12   0   1   9  39   1   2   4   3   0   0   9   3   3   0   0   6  0.47 0.31
  415 H    2 -1  1  2 -4  2  3 -2  0 -3 -3  0 -2 -2 -2  1 -1 -4 -3 -2   17   2   8   9   0   8  28   2   3   1   1   5   1   2   2   8   3   0   0   2  0.38 0.29
  416 I   -1 -3 -3  0 -4 -3 -2 -3 -4  1  2 -3  0 -4  6 -1 -3 -5 -3  0    4   1   1   5   0   1   2   2   0   9  18   1   2   0  44   3   1   0   1   5  0.91 0.48
  417 E    1  1  0  0 -1  2  1  0 -1 -3 -2  2 -1 -2 -1  0  1 -4 -3 -1   15   8   5   4   1  12  11   7   1   1   2  12   1   2   2   5   8   0   0   3  0.19 0.18
  418 N    1 -1  2 -2 -4  2  0 -2  2 -1 -1 -1  0 -2  4 -1 -1 -4 -3  1   13   3  13   2   0  10   4   2   5   2   8   2   3   1  20   1   2   0   0  11  0.31 0.26
  419 Q    0  4 -3 -3 -4  1  0 -2  0  0 -3  1 -3 -4  1 -1  1 -4 -3  0    9  31   0   1   0   8   5   2   3   6   1   7   0   0   7   3  11   0   0   8  0.41 0.32
  420 S    0  2 -2 -4 -1 -3 -4  2 -4 -6 -5 -2 -5 -5 -4  6 -2 -5 -1 -5    5  10   1   0   1   0   0  13   0   0   0   2   0   0   0  65   0   0   2   0  1.21 0.68
  421 G   -1 -4 -3 -1 -4 -2 -4  6 -4 -4  0 -4  0 -4 -4  0 -3 -4  1 -2    4   0   0   4   0   2   0  58   0   0  12   0   3   0   0   8   0   0   6   3  0.95 0.49
  422 R    1  5 -2 -3 -5  1 -1 -2  3 -5 -3  3 -4 -5  1 -3 -3 -5 -4 -4   10  36   1   0   0   7   3   3   8   0   2  22   0   0   6   0   0   0   0   0  0.82 0.47
  423 Q   -4 -1 -4 -4 -6  7 -1 -5 -1 -2 -1 -1 -4  0 -3 -2 -3 -4  5 -5    1   2   0   0   0  53   2   0   1   3   6   3   0   3   1   2   1   0  23   0  1.34 0.71
  424 E   -2 -2 -2 -2 -7  0  7 -6 -4 -6 -4 -2 -5 -7 -5 -4 -4 -7 -6 -3    3   2   1   0   0   2  87   0   0   0   2   1   0   0   0   0   0   0   0   2  2.02 0.88
  425 R   -1  4 -3 -4 -4  0 -1 -4  4 -2  1  0  3 -1 -4 -2 -2  1  3 -2    5  28   0   0   0   4   2   0  12   1  18   4   8   1   0   1   2   2  11   1  0.55 0.38
  426 L   -1 -5 -6 -6 -1 -5 -5 -6 -1  1  5 -5 -1  1 -5 -5 -4  4  3 -1    6   0   0   0   1   0   0   0   1   6  62   0   0   4   0   0   0   6  12   2  1.03 0.51
  427 K   -4 -3 -2  5 -7 -1  6 -4 -4 -6 -4  0 -5 -6 -4 -3 -4 -6 -5 -6    0   0   1  33   0   1  56   1   0   0   1   6   0   0   0   0   0   0   0   0  1.56 0.68
  428 A    1 -2  4 -1 -1  4 -2 -1  1 -1 -2 -2  2 -4 -4  1  0 -5 -3 -2   13   1  23   3   1  24   0   4   4   3   4   0   7   0   0   8   5   0   0   2  0.48 0.36
  429 T   -3  0 -5 -4 -3 -3 -3 -5 -4  3  4 -3  2 -1 -5 -4  0 -2 -3  2    0   5   0   1   0   1   2   0   0  19  44   1   6   1   0   0   7   1   0  14  0.67 0.37
  430 V    1 -4 -4 -5 -1 -4 -4 -4 -4  3  2 -4  0  3 -4 -3  1 -3 -2  3   11   0   0   0   1   0   0   0   0  19  16   0   1  17   0   0   8   0   0  27  0.58 0.33
  431 N   -1 -2  6 -2 -4  1 -2 -3 -3 -1 -3 -3  2  0 -4  0  0 -5 -4  0    6   2  52   0   0   7   2   0   0   4   1   0   7   4   0   5   4   0   0   7  0.87 0.48
  432 R   -3  4  0  2 -5  2  2 -3  3 -4 -4 -1  0 -3 -2  0 -2 -3 -1 -4    1  30   4  13   0  12  16   0   7   0   0   1   2   1   1   6   2   0   2   0  0.61 0.36
  433 Y   -1 -3 -4 -5 -4 -3 -4 -3  4  1  1 -3 -3  3 -5 -4 -4 -2  7 -1    4   1   0   0   0   1   0   2  10   9  11   1   0  10   0   0   0   0  46   4  1.12 0.50
  434 L   -3 -5 -5 -6 -3 -4 -5 -6 -5  4  4 -5  2 -2 -4 -4 -2 -4 -3  2    0   0   0   0   0   0   0   0   0  26  53   0   4   0   1   1   2   0   0  13  0.99 0.43
  435 L   -3 -4 -4 -2 -3 -2 -4 -5 -3  1  4 -4  0  4 -4 -3 -1  3  3  0    0   0   0   3   0   2   0   0   0   5  46   0   1  18   0   0   3   5  13   5  0.65 0.29
  436 N   -1 -1  1  0 -4  0  1  5  0 -4 -3 -1 -3 -4 -3  1  0 -4 -4 -4    2   2   5   4   0   4   9  50   2   0   2   1   0   0   0  13   6   0   0   0  0.65 0.26
  437 A    3 -3  0 -1 -2 -2 -2 -1 -3  0 -1 -2 -1 -3 -3  0  2 -4 -3  3   30   0   4   3   0   0   0   3   0   4   0   0   0   0   0   4  19   0   0  34  0.36 0.22
  438 L   -2 -2  2  0 -2 -2 -2 -3 -2  1  3 -2  1  1 -3 -2 -1 -2 -1  1    0   0  16   6   0   0   0   0   0   6  55   0   0   5   0   0   0   0   0   8  0.26 0.07
  439 R    2  2  1  1 -2  2  0 -1 -1 -2 -2  2 -1 -3 -1  1  0 -3 -2 -2   25  13   6   7   0  10   0   0   0   0   1  17   0   0   0  17   0   0   0   0  0.24 0.05
  440 E   -1  0  0  2 -3  2  4 -2 -1 -3 -3  3 -2 -3 -1  0  1 -3 -2 -2    0   0   0  11   0   9  40   0   0   0   0  28   0   0   0   0  11   0   0   0  0.47 0.05
  441 A    3 -2 -1 -2 -1 -1 -1  4 -2 -2 -2 -1 -2 -3 -1  1 -1 -3 -2 -1   60   0   0   0   0   0   0  40   0   0   0   0   0   0   0   0   0   0   0   0  0.49 0.02
  442 P    0 -2 -1 -1 -2 -1 -1  3 -2 -3 -3 -1 -2 -3  5  2  0 -3 -3 -2    0   0   0   0   0   0   0  30   0   0   0   0   0   0  41  30   0   0   0   0  0.77 0.00
  443 A    3  3 -1 -2 -1  0 -1  0 -1 -2 -2  0 -1 -2 -1  1  0 -3 -2 -1   70  30   0   0   0   0   0   0   0   0   0   0   0   0   0   0   0   0   0   0  0.31 0.01
  444 G   -1  3  0  0 -3  1  2  3 -1 -3 -3  1 -2 -3 -2  0 -1 -3 -2 -3    0  30   0   0   0   0  30  41   0   0   0   0   0   0   0   0   0   0   0   0  0.44 0.00
  445 K   -1  3  0  3 -3  1  1 -2 -1 -3 -3  3 -2 -3 -2  0 -1 -3 -2 -3    0  30   0  30   0   0   0   0   0   0   0  41   0   0   0   0   0   0   0   0  0.45 0.00
  446 E   -1  0  0  2 -4  2  5 -2  0 -3 -3  1 -2 -3 -1  0 -1 -3 -2 -3    0   0   0   0   0   0 100   0   0   0   0   0   0   0   0   0   0   0   0   0  0.75 0.01
  447 T    0 -1  0 -1 -1 -1 -1 -2 -2 -1 -1 -1 -1 -2 -1  1  5 -3 -2  0    0   0   0   0   0   0   0   0   0   0   0   0   0   0   0   0 100   0   0   0  0.48 0.00
  448 H   -2  0  1 -1 -3  0  0 -2  7 -3 -3 -1 -1 -1 -2 -1 -2 -2  2 -3    0   0   0   0   0   0   0   0   0   0   0   0   0   0   0   0   0   0   0   0  0.00    0.00

                      K         Lambda
Standard Ungapped    0.1361     0.3195
Standard Gapped      0.0410     0.2670
PSI Ungapped         0.0849     0.3178
PSI Gapped           0.0260     0.2670
