
Last position-specific scoring matrix computed, weighted observed percentages rounded down, information per position, and relative weight of gapless real matches to pseudocounts
           A  R  N  D  C  Q  E  G  H  I  L  K  M  F  P  S  T  W  Y  V   A   R   N   D   C   Q   E   G   H   I   L   K   M   F   P   S   T   W   Y   V
    1 M   -3 -3 -4 -5 -3 -2 -4 -5 -3  0  2 -3  9 -2 -4 -3 -2 -3 -3  0    0   0   0   0   0   0   0   0   0   0  10   0  87   0   0   0   0   0   0   3  1.62 0.37
    2 S    1 -1  3 -1 -3  3 -1  2 -2 -3 -3  2 -2 -4 -1  2  1 -4 -3 -3   11   0  16   0   0  16   1  14   0   0   1  14   0   0   1  18   7   0   0   0  0.36 0.21
    3 K   -1 -2  0  2 -4  0  5 -1 -1 -4 -3  1 -3 -4 -2  0  1 -4 -4 -2    5   0   2   9   0   0  52   5   1   0   2   6   0   0   1   6   8   0   0   2  0.64 0.31
    4 Y   -3 -4 -5 -5 -3 -4 -5 -5  2 -1 -1 -3 -3  6 -5 -4 -4 -1  7 -3    1   0   0   0   1   0   0   0   5   2   3   1   0  46   0   0   0   0  40   0  1.59 0.52
    5 F   -5 -5 -5 -6 -5 -5 -6 -6 -4 -3 -1 -5 -1  8 -6 -5 -4  1  1 -2    0   0   0   0   0   0   0   0   0   0   3   0   1  88   0   0   0   2   2   3  2.19 0.64
    6 E    0 -1 -1  1 -4  1  0 -2 -3 -4 -3  1 -2 -4  6  0  0 -1 -4 -2    5   3   2   9   0   7   5   1   0   0   2   8   1   0  41   8   5   1   0   2  0.74 0.28
    7 K   -2 -2  2  2 -4  2  1  5  0 -5 -5 -1 -4 -3 -3 -1 -1 -4 -4 -4    1   0   9  14   0  10   9  45   2   0   0   2   0   1   0   2   4   0   0   0  0.68 0.29
    8 V   -3 -2 -3 -5 -3 -3 -4 -5 -5  6  1 -3  0  0 -2 -2 -2 -4 -3  3    0   3   1   0   0   1   0   0   0  60   7   1   1   4   2   2   1   0   0  18  0.88 0.38
    9 S   -1 -2  0  3 -4  0  1  2 -1 -4 -4  0 -4 -5  4  1 -1 -5 -4 -4    2   0   4  21   0   5   6  16   1   0   0   5   0   0  25  11   3   0   0   0  0.61 0.26
   10 K   -2  3 -1 -2 -5  1  0 -4 -1 -4 -4  5 -3 -5  2 -2 -1 -5 -3 -3    1  19   2   0   0   5   3   0   1   0   0  51   0   0  10   1   4   0   0   1  0.88 0.38
   11 I   -3 -4 -5 -5 -3 -4 -5 -6 -5  6  0 -5  2 -2 -5 -3 -2 -5 -3  3    0   1   0   0   0   0   0   0   0  65   2   0   6   0   0   1   1   0   0  23  1.23 0.47
   12 K    0  2 -1 -1 -1  1  3 -1  0 -3 -3  3 -1 -4  1 -1  0 -4 -3 -3    6   9   2   1   1   4  28   4   2   1   1  27   1   0   7   0   5   0   0   1  0.43 0.24
   13 Y   -5 -5 -5 -3 -5 -5 -5 -6 -2 -3 -2 -5 -3  6 -6 -5 -4 -1  8 -4    0   0   0   2   0   0   0   0   0   0   2   0   0  31   0   0   0   0  64   0  2.07 0.64
   14 E   -1  1  1 -1 -4  1  5 -2 -1 -3 -4  2 -3 -4 -3 -1 -2 -5 -3 -1    5   6   6   1   0   5  50   2   1   1   0  13   0   0   0   3   0   0   0   6  0.66 0.33
   15 G   -2 -2  1 -1 -1 -1 -3  6 -3 -4 -3 -1 -3 -4  2 -1 -2 -4 -4 -4    1   2   6   2   1   3   1  64   0   0   3   3   0   0  10   2   2   0   0   1  0.98 0.35
   16 P    1  1 -1 -1 -3 -1  0 -3 -1 -1 -2  0  0 -4  5  0 -1 -4 -3 -2   15   7   3   2   0   2   5   0   1   4   2   6   3   0  39   6   3   0   0   1  0.66 0.25
   17 K    0  0  2  2 -3  1  1  2 -1 -3 -3  1 -2 -3 -2  1  0 -3 -2 -2    5   2  10  13   0   8  10  21   0   0   1  10   0   0   0   7   7   0   1   1  0.29 0.14
   18 S    1 -2 -1 -1  0 -1  0  0 -2 -1 -2 -2 -2 -3  1  4  2 -4 -3 -2   11   0   0   2   2   2   4   7   0   5   3   0   0   0   8  43  12   0   0   1  0.42 0.25
   19 N    0  1  1  1 -3  0  1 -1 -2 -1 -2  3 -2 -2  1  0  1 -3 -2 -1    4   5   5  10   0   1   8   4   0   4   2  25   0   1   7   6  12   0   0   4  0.20 0.13
   20 N   -2  0  6  3 -4 -1  1 -1 -2 -4 -4 -1 -3 -4 -1  1 -1 -4 -3 -4    2   3  45  17   0   2  11   4   0   0   1   2   0   0   2   9   1   0   0   0  0.76 0.32
   21 P    1  0 -2 -2 -3 -1 -1 -2 -2 -2 -2 -1 -1 -3  6  0  2 -4 -3  0   10   5   1   1   0   2   2   3   1   1   3   2   1   0  40   8  13   0   0   7  0.69 0.26
   22 Y   -2 -3 -2 -4 -3 -1 -3 -2 -3  0  4 -3  4  3 -2 -2 -2 -2  0 -1    1   1   1   1   0   3   1   3   0   1  52   1  16  14   1   2   1   0   3   1  0.58 0.27
   23 A    4 -2 -2 -2  3 -2 -2  0 -2 -2 -2 -2 -2 -1 -1  1  0 -3  0  1   51   1   1   1   8   1   1   4   0   1   1   1   0   2   2  10   4   0   3  10  0.44 0.24
   24 F   -3 -3 -4 -4 -4 -3 -4 -4  1 -2 -2 -1 -2  7 -4 -3 -3 -1  6 -3    1   1   0   1   0   0   1   1   3   1   1   4   0  56   1   1   1   0  27   1  1.40 0.44
   25 K   -2  5 -1 -2 -4  1 -1 -1  2 -4 -3  4 -3 -4 -3 -1 -1 -4 -3 -3    2  35   2   1   0   4   1   4   5   1   1  38   0   0   1   2   2   0   0   1  0.77 0.31
   26 F   -3 -2 -2 -3  0 -1 -1  0  6 -3 -3  0 -2  1 -3 -2 -2  6  5 -1    1   1   0   1   3   2   3   6  27   1   1   6   0   5   1   2   2  12  23   5  0.79 0.31
   27 Y   -3 -3 -4 -4  1 -3 -4 -4  2 -3 -3 -4 -3  1 -4 -3 -3 -1  8  0    1   1   0   1   3   0   1   1   4   1   1   1   0   3   1   1   1   0  76   6  1.84 0.59
   28 N   -2 -1  6  3 -1 -1  0 -2  0 -4 -3  0 -3 -4 -3  1 -1 -4 -3 -4    2   2  49  19   1   2   3   2   1   0   2   5   0   0   0   8   2   0   0   0  0.82 0.36
   29 P    3  1 -2 -1 -3 -2  0  0  0 -1 -3 -1 -3 -4  5  0 -2 -4 -3 -2   28   9   0   2   0   0   8   5   2   5   1   3   0   0  29   4   0   0   0   2  0.54 0.28
   30 E   -1 -2  2  4 -4  0  2  0 -2 -3 -4  1 -3 -4 -2  0  0 -4 -3 -2    4   0  12  29   0   3  18   6   0   0   1  10   0   0   0   8   4   0   0   3  0.49 0.26
   31 E   -1  3 -2  1 -4  1  4 -3  0 -4 -2  2 -3 -4  0 -2 -2  3 -3 -4    3  20   0   6   0   5  39   1   2   0   3  10   0   0   4   0   0   4   0   0  0.65 0.35
   32 V   -1  1 -1 -3 -2  0 -1 -1 -1  1  0  0  1 -1 -3 -1  1  2 -2  2    4   8   2   0   0   3   4   5   2  11   7   7   5   2   0   2  13   4   0  21  0.13 0.15
   33 I    0 -1 -3 -3 -2 -3 -3 -1 -3  3  1 -3 -1  0  0 -2  0 -3 -2  3    8   4   0   0   0   0   0   5   0  23  11   0   0   5   6   0   5   0   0  31  0.31 0.22
   34 D   -1  0  0  1  1  0  0  1  3 -2  1 -2  1 -2 -1 -1 -2  2  0  0    4   6   3  10   3   4   4  14  12   0  14   0   4   0   3   3   0   4   3   7  0.12 0.16
   35 G    0 -3  0  0 -4 -2  1  4 -3 -1 -1  0 -3 -4 -3  0  0  3 -3 -3    6   0   5   5   0   0   8  41   0   5   5   7   0   0   0   5   5   4   0   0  0.48 0.29
   36 K   -1  1  1 -1 -3  2  1 -2  3 -2 -2  1 -2  1  2 -1  1 -2 -1 -2    1  11  10   1   0  10  11   1  10   1   1  11   0  10  11   1  11   0   0   1  0.23 0.11
   37 T    0  1  1 -1 -2  1  0 -2 -1  0 -1  1  1  1  1  0  0 -2 -1  0    8   8   7   0   0   7   8   1   0   8   1   8   7   7   8   8   8   0   0   8  0.09 0.12
   38 M   -3 -3 -4 -4  1  0 -1 -4  2  0  0  0  7  1  0 -3 -1 -4  0  0    0   0   0   0   4   4   4   0   5   4   6   7  41   6   5   0   4   0   4   4  0.77 0.49
   39 E    0  0  1  0 -2  1  0  0  2  0 -1  0 -1  1 -2  0  0 -2  1  0    6   6   6   6   0   6   6   6   6   6   6   6   0   6   0   6   6   0   6   6  0.04 0.07
   40 E    0  0 -1  0 -2  1  0  0 -2  0  0  0 -1  0  1  0  0 -2 -1  0    7   7   0   7   0   7   7   7   0   7   7   7   0   7   7   7   7   0   0   7  0.05 0.07
   41 H    0 -1 -1 -1  4  0  0 -1  4 -1 -2  0 -3 -1  0 -1  0  7  0 -3    7   3   3   4   8   3   6   5  10   3   3   6   0   3   4   5   7  15   3   0  0.40 0.28
   42 L   -1  0 -1  0  2  1 -1 -2  2  0  0 -1  2  1 -2  0  0 -2  2 -1    1   8   0   8   7   7   0   1   7   8   8   0   7   7   0   8   8   0   7   0  0.06 0.16
   43 R    0  0  1  0  2  1  0  0  2  0 -1  0 -1 -2  1  0 -1 -3 -2  0    7   7   7   7   6   7   7   7   6   7   7   7   0   0   7   7   0   0   0   7  0.07 0.10
   44 F    0 -2 -2  0  3 -2 -2 -2 -2  1  1 -2  2  2  2 -1 -1 -1  2  1   10   0   0  10   9   0   1   1   0  10  10   1   9   9  10   1   1   0   9  10  0.15 0.11
   45 S    2 -1  0  0  2 -1 -1  0  1 -1 -2  0 -1  1 -2  2  0 -2 -1 -1   24   1   5   6   5   0   1   6   6   5   1   6   0   9   1  17   6   0   0   1  0.13 0.12
   46 I    0 -2 -2  0  2  0 -1  0 -2  0  0 -2  1  1 -2  0  0 -2  1  0    7   0   0   7   7   7   0   7   0   7   7   0   7   7   0   7   7   0   7   7  0.02 0.12
   47 A    1 -1  0 -2  4 -2 -2  1  2  0 -1 -2 -2  0  1  1 -1 -3 -2  0   16   4   4   0  14   0   0  13   7   9   5   0   0   4   7   9   0   0   0   4  0.19 0.18
   48 Y    0 -3 -2 -1  0 -3 -2 -2  1 -1  1 -1 -1  4  0 -1 -2  2  5 -1    9   0   1   3   2   0   1   2   4   3  14   5   1  18   5   3   0   3  22   4  0.36 0.26
   49 W   -4 -4 -5 -5 -5  1 -4  0 -4 -2 -4 -1 -4  2 -2 -4 -4 11  1 -4    1   0   0   0   0   6   1   8   0   3   1   4   0   8   2   1   0  59   5   1  2.29 0.75
   50 H    0 -2  2 -2  4 -2 -2  0  7 -1 -3  1 -3 -3 -1 -1  1 -4 -2 -3    6   1  12   1   9   0   1   6  34   3   2   8   0   0   3   2  10   0   0   1  0.68 0.37
   51 T    0 -1  1 -1  1  0 -1 -3 -2  1  0 -2  1 -2  0  0  3  3 -2  2    5   4   7   3   4   3   3   0   0   7   6   0   3   0   4   8  21   5   0  16  0.17 0.21
   52 F    0  0 -2 -2  2  1  0  0  2  0  0 -2  1  1  1 -2 -2  4  1  0    7   7   0   0   6   7   7   7   6   7   7   0   6   6   7   0   0   6   6   7  0.13 0.17
   53 T   -1  2  2  0  4  0 -1  1  2 -3 -3  0  0 -1 -1  0  1 -4 -3 -1    4  14  14   6  11   3   3  11   5   0   1   3   2   2   3   5   9   0   0   4  0.24 0.23
   54 A    0  0  1  0 -3  0  0  2 -2 -3 -1 -2  1  0  0 -1 -1  5  1 -1    6   4   9   5   0   5   8  18   0   0   4   0   4   4   5   4   4   9   5   4  0.21 0.21
   55 D    0  0  1  0 -2  1  0  0 -1  0  0  0  1 -2  1  0  0 -2  1  0    6   6   6   6   0   6   6   6   0   6   6   6   6   0   6   6   6   0   6   6  0.05 0.08
   56 G    0  0  0 -3  1 -1 -1  4  2 -1 -1 -1 -3  1  0  0 -2 -3  0 -1    5   5   3   0   3   3   3  36   5   3   5   4   0   6   4   6   0   0   3   3  0.33 0.28
   57 T    1  0  0  0  1  1  0  1  1 -1 -1  0 -1  0 -2  1  1 -3  0  0   12   5   3   4   4   8   3  10   4   3   3   4   0   3   0  10  10   0   4   8  0.07 0.11
   58 D   -1  1  1  1 -3  1  1  0  2 -2 -1 -1 -1  1  1  0  0 -2 -1 -2    1   8   8   8   0   8   8   8   8   0   8   0   0   8   8   8   8   0   0   0  0.13 0.12
   59 Q    0  0  0  0 -2  1  0  0  1  0 -1  0  1  0  1  0  0 -2  1  0    6   6   5   6   0   5   6   6   5   6   6   6   5   5   6   6   6   0   5   6  0.03 0.06
   60 F   -1  1 -3 -3  1 -2 -3  0  1  0  0  0 -1  4  0 -2 -2  5  2  0    4   8   0   0   4   0   0   7   4   6   7   6   0  24   4   1   0  12   7   6  0.33 0.19
   61 G    0 -2  1  1 -2 -1 -1  1 -1 -2  0 -1 -1 -1 -2  1  1  5  2 -2   11   1  10  11   0   0   1  11   0   1  11   1   0   0   1  11  11  10  10   1  0.19 0.10
   62 K    0  0  0  1  1  0  0  0  0 -1 -1  0  0  0  3  0  0 -3 -2 -1    7   6   5   8   3   4   6   9   3   4   5   4   3   4  14   6   4   0   0   4  0.11 0.11
   63 A    0  0 -2 -2  2  1  0  0 -2  0 -2  0  1  1  1  0  0  4  1  0    6   6   0   0   6   6   6   6   0   6   1   6   6   6   6   6   6   6   6   6  0.10 0.15
   64 T    0 -1  1  0 -2 -1 -1  0 -1  0  0  0  1 -1  1  0  0 -2  1  0    8   0   7   8   0   0   0   8   0   8   8   8   7   0   8   8   8   0   7   8  0.06 0.10
   65 M    1  2 -1 -1  0 -1 -1 -2  2 -1  0  1  2  2 -3 -2 -1  0  3 -1   11  15   2   3   3   2   2   3   5   3   8   8   6   9   0   0   3   1  11   3  0.19 0.21
   66 Q    0  2  1  1 -3  1  0 -1  2  0  0  1  0 -1  0 -1 -1 -3 -1 -1    7  12   8   8   0   6   6   4   5   7  10   7   2   3   3   4   2   0   2   5  0.07 0.09
   67 R   -2  5  0 -2  0  0 -1  0  0 -1 -2  0 -1  1 -4 -1 -2  4  0 -4    3  38   5   2   2   4   2   7   2   3   4   5   2   6   0   5   2   6   3   0  0.52 0.36
   68 P    0  0 -1  0 -4  0 -1 -2  2 -4 -2 -1 -3 -1  5 -1  0 -4  1 -3    8   5   3   5   0   4   4   3   7   0   3   4   0   3  37   4   5   0   5   0  0.66 0.37
   69 W   -4 -1 -4 -1 -4 -1  1  0 -3 -4 -1 -1 -3  3 -4 -2 -1  9  2 -1    0   3   0   3   0   3  10   6   0   0   5   3   0  12   0   3   4  35   6   4  1.09 0.54
   70 N    0  0  0  0 -2  1  0  0  1  0  0  0  1  0  1  0  0 -3 -1  0    6   6   6   6   0   6   6   6   6   6   6   6   6   6   6   6   6   0   0   6  0.04 0.07
   71 H    0  0  0  0  2  1  0  0  2  0 -2  0 -2  0  1  0  0  3 -1  0    6   6   6   6   6   6   6   6   6   6   1   6   0   6   6   6   6   6   0   6  0.09 0.13
   72 L    0  0  0  0  2  0  0  0 -1  0 -1  0 -1  0  1  0  0 -2  1  0    6   6   6   6   6   6   6   6   0   6   6   6   0   6   6   6   6   0   6   6  0.03 0.06
   73 T    0  0  0  0  2  0  0  1  1 -1 -1  0 -2 -1  0  1  1 -3  0 -1    5   4   3   6   6   4   7  10   3   3   4   5   0   3   5  13  10   0   4   4  0.07 0.11
   74 D    0  0  1  0 -2  1  0  0  1  0 -1  0 -1  0  1  0  0 -3 -1  0    6   6   6   6   0   6   6   6   6   6   6   6   0   6   6   6   6   0   0   6  0.05 0.06
   75 P    1 -1 -2  0  3 -2  0 -1 -1 -1 -1 -1  0 -3  4  2  1  1 -2 -1   10   2   0   4   6   0   5   5   1   5   5   4   2   0  19  15   9   2   1   3  0.28 0.25
   76 M   -1 -2 -1  0 -3 -2 -2 -1 -3  1  2 -3  5  1 -1 -1 -2  2 -1  1    5   2   2   6   0   2   2   4   0   8  23   1  16   7   3   4   2   3   2   8  0.27 0.25
   77 D    1 -1 -1  3 -4  1  3 -1 -2 -2 -2 -1 -3 -2 -1  0  0 -4  1 -1   10   2   2  15   0   5  25   5   0   2   4   3   0   2   2   7   6   0   5   4  0.28 0.27
   78 I    0  2  2 -2  0  0 -1  0  1  0  0  0  2 -1  1 -1  0  1  0 -1    7  12  10   1   2   5   2   8   4   5   8   4   6   2   7   4   4   2   3   4  0.08 0.12
   79 A    3 -1 -2 -1  1  1 -1 -1  1 -1 -1 -1 -2  0  0  0  0 -3  0  0   29   3   0   3   4   6   4   4   3   4   4   4   0   4   4   8   4   0   4   9  0.15 0.20
   80 K    0  0  0  0  2  0  0  0  1  0 -1  0  1  0  0  0  0 -3 -1  0    5   5   5   5   5   5   5   5   5   5   5   5   5   5   5   5   5   0   0   5  0.00 0.07
   81 A    0  3  0  0  1  0  0 -1  0  0  0  1  1  0 -3  0  0 -3 -2  0    8  19   5   4   4   3   4   3   3   7   9   7   5   3   0   4   6   0   0   6  0.08 0.12
   82 R    0  0 -1  0  2 -1  0  0  2  0 -1  0 -1 -2  1  0  0 -3 -2  0    7   7   0   7   7   0   7   7   7   7   7   7   0   0   7   7   7   0   0   7  0.07 0.09
   83 V    0  0  0  0 -2  1  0  0 -1  0  0  0  1  0  1  0  0 -2 -1  0    6   6   6   6   0   6   6   6   0   6   6   6   6   6   6   6   6   0   0   6  0.04 0.06
   84 E    0  1  0  2  0  0  2 -2  0 -1 -1 -1  1 -3  0 -1  0  2 -1  0    6   9   4  11   3   3  15   3   3   4   6   3   4   0   4   3   4   4   3   7  0.10 0.16
   85 A    3 -1 -3 -1  1 -1  0 -1  1 -3 -2 -1  0 -1  0  0 -1  2  0  1   27   3   0   4   3   3   6   4   4   0   4   3   3   3   4   7   3   3   3  10  0.17 0.26
   86 A    0  0  0 -2  2  1 -1  0  2  0  0  0  1  1  1  0 -1 -3 -1  0    7   7   7   0   6   7   0   7   6   7   7   7   6   6   7   7   0   0   0   7  0.06 0.12
   87 F   -1 -3 -3 -4  1 -3 -3 -1 -3  1  1 -1  1  5  0 -1 -2 -2  2  1    5   0   0   0   4   0   0   4   0   7  16   5   4  28   4   5   0   0   5  10  0.33 0.24
   88 E   -1  0 -1  2 -3  1  3 -1  3  0 -2  0 -2 -3  0  0  0  2  0 -2    4   5   0  11   0   5  24   4   9   7   4   4   0   0   4   4   7   3   3   0  0.24 0.21
   89 F    0  1 -2 -2  2  1  0  0 -1  0  0  0  1  1 -2 -1  0 -2  1 -1    8   8   0   0   7   7   8   8   0   8   8   8   7   7   0   1   8   0   7   0  0.07 0.12
   90 F   -1 -1 -3 -4  2 -3 -4 -2  1  1  1 -3  3  4 -4 -1  0 -2  1  0    4   3   0   0   5   0   0   3   4   7  16   0  10  25   0   5   6   0   5   5  0.40 0.30
   91 D    1  1  0  1  1  0  0 -1  1 -1 -2  1 -2 -2  0  0  0  2  0 -1   14   8   3   8   4   5   6   4   3   3   3  10   0   0   4   8   6   3   4   4  0.10 0.12
   92 K    0  0 -1  0 -2  1  0  0 -2  0  0  0  1  0  1  0  0 -2 -1  0    7   7   0   7   0   7   7   7   0   7   7   7   6   6   7   7   7   0   0   7  0.05 0.08
   93 I    0 -1 -2 -1  1  0 -2 -3  3  0  2 -2  1  0  0  0  0 -2  0  0    9   4   0   5   4   4   0   1  10   5  28   0   4   3   4   6   4   0   3   5  0.13 0.17
   94 N   -1 -3  1  2  1  0 -3  5 -1 -3 -4 -1 -1 -4 -1 -1 -1 -4 -4 -4    2   0   5  13   3   4   0  50   2   2   0   3   2   0   2   4   2   0   0   0  0.75 0.44
   95 A    1  0  0  0  1  0 -2 -3 -2  1 -1 -2  1  2 -3  0  0 -3  0  2   15   6   4   5   4   6   0   0   0   9   5   0   5   9   0   6   4   0   4  18  0.14 0.19
   96 P    0  0  1  0 -3  1  0  0  2 -2 -1  0  1  1  1  0  0  3  1 -2    6   6   6   6   0   6   6   6   6   0   6   6   6   6   6   6   6   6   6   0  0.11 0.14
   97 F    0  0  1  0  2  1 -2  0  2  0 -1  0  1  1 -3  0 -2  4  1 -2    6   6   6   6   6   6   0   6   6   6   6   6   6   6   0   6   0   6   6   0  0.10 0.16
   98 F   -2 -2 -2 -2  2  1  0 -3  2  0  0 -2  2  1  1  0  0  4  2  0    1   0   0   0   7   7   7   0   7   7   7   0   7   7   7   7   7   7   7   7  0.17 0.18
   99 C    0  0  1  0  2  1  0 -2 -2  0  0  0  1 -2  1  0  0 -3 -2  0    7   7   7   7   6   7   7   0   0   7   7   7   6   0   7   7   7   0   0   7  0.09 0.11
  100 F    1  0 -2  0 -3  0  0 -1 -2  0  0  0 -1  2 -3  0 -1  4  0  1   14   6   0   6   0   4   4   5   0   4  11   5   0  11   0   7   3   6   3  11  0.09 0.14
  101 H    0  0  0  0 -3  1  0  0  2 -2 -1  0  1  1 -3  0  0  3  1 -1    6   6   6   6   0   6   6   6   6   0   6   6   6   6   0   6   6   6   6   6  0.09 0.12
  102 D    0  0  0  0 -2  1  0  0  1  0 -1  0 -1  0  1  0  0 -2  1  0    6   6   6   6   0   6   6   6   6   6   6   6   0   6   6   6   6   0   6   6  0.04 0.06
  103 R    0  0  0  0 -2  1  0  0 -2  0  0  0  1  0  1  0  0  3 -1  0    6   6   6   6   0   6   6   6   0   6   6   6   6   6   6   6   6   6   0   6  0.06 0.09
  104 D    0  1  1  0 -2  1  0  0  2  0  0  0  1 -2  1  0 -1 -3 -2  0    7   7   7   7   0   7   7   7   6   7   7   7   6   0   7   7   0   0   0   7  0.07 0.10
  105 I    0 -2 -4 -2 -3 -3 -2 -1 -4  3  3 -3  1  1 -1 -2 -1 -3 -2  2    8   2   0   3   0   0   2   4   0  18  26   0   3   7   3   2   3   0   0  18  0.34 0.26
  106 A    1 -1 -3 -2  2 -1 -1 -2 -3  2  0 -3  0  0  0  0 -1  0 -1  3   15   3   0   2   4   2   4   2   0  10   7   0   2   4   4   6   2   1   2  27  0.20 0.22
  107 P   -1 -4 -1  2 -5 -2  0 -1 -4 -5 -2 -2  0 -1  6 -2 -2 -5 -5 -5    5   0   2  12   0   2   7   6   0   0   4   2   3   3  48   2   2   0   0   0  1.08 0.61
  108 E   -1 -1  0  2 -4  0  3 -1  0 -1 -1 -1  0  1  0 -1 -1 -3  0 -1    6   4   4  14   0   3  21   5   3   5   6   3   3   7   5   2   3   0   4   3  0.17 0.19
  109 G    0 -1  0  1  1  0 -1  4  1  0 -2 -1  0 -3 -3 -1 -1 -4  0 -1    6   3   4   7   3   4   3  34   4   6   4   4   3   0   0   3   4   0   4   3  0.30 0.26
  110 D    0 -1  1  2  0  0  1 -1  1 -1 -1  0  0 -2  0  0  0 -3  1 -1    9   3   9  12   3   4  12   4   3   4   4   4   4   0   4   5   4   0   7   5  0.10 0.13
  111 T    0  0  0  0  2  0  0 -1 -2  0 -1  0  1  0  0  0  0  3  1  0    5   5   5   5   5   5   5   5   0   5   5   5   5   5   5   5   5   5   5   5  0.05 0.08
  112 L    0 -2  0  0  2 -1  0  0 -2  0  0  0  1  1  1  0  0  3  1  0    6   0   6   6   6   0   6   6   0   6   6   6   6   6   6   6   6   6   6   6  0.07 0.11
  113 R    0  0  1  0 -2  1  0  0  2  0 -1  0 -1 -2  1  0  0 -2  1  0    6   6   6   6   0   6   6   6   6   6   6   6   0   0   6   6   6   0   6   6  0.06 0.07
  114 E   -1 -1  0  1 -4  1  3 -3  2 -1 -2 -1  0  0  0  0  1 -3  1 -1    4   3   4   8   0   7  23   0   4   4   4   3   3   4   3   5   8   0   6   4  0.21 0.24
  115 T    0  0  0  0  2 -1  0  0  1  0 -1  0  1  0  0  0  0 -2  1  0    6   6   5   6   5   0   6   6   5   6   6   6   5   5   6   6   6   0   5   6  0.03 0.07
  116 N   -1  1  2  1  0  2  1 -1  1 -1 -1  0 -2  0  0  0  0 -3  0 -1    5   6  12   6   3   9  13   3   4   4   8   4   0   4   4   4   4   0   4   3  0.10 0.14
  117 K    0  0  0  0 -3  1  0  0  2  0 -1  0  1 -2  0  0  0  3  1  0    6   6   5   6   0   5   6   6   5   6   6   6   5   0   6   6   6   5   5   6  0.07 0.10
  118 N   -2  1  4 -1 -1  0 -1 -1  2  1 -1 -1 -1  0 -3 -1  0 -1  0  0    3   8  25   2   2   4   4   6   6   9   5   4   1   4   0   3   5   1   3   7  0.25 0.24
  119 L   -1 -2  1 -2 -1 -1 -2 -3 -1  1  3 -3  1  2  0 -2 -1  2 -1  1    4   2   7   3   1   2   3   2   1   9  32   0   3   8   5   2   4   3   2   7  0.23 0.22
  120 D    0  0  0  5 -5  0  2 -2  0 -3 -3  0  1 -5 -2 -2 -1  0 -5 -5    7   5   4  38   0   3  12   3   3   2   2   5   3   0   2   3   4   2   0   0  0.66 0.48
  121 I    1  0 -1  2  0  2  2 -1  0 -1 -2  1  0  0 -1 -1  0 -4 -1 -2   13   5   2  11   2   9  16   5   3   4   4   7   2   4   2   3   5   0   2   3  0.14 0.18
  122 I   -1 -1  2  1  1  0 -1 -2  0  2 -1 -1  1 -1 -1 -1  0 -3  0  1    3   3  12   8   3   3   3   3   3  15   5   4   4   3   3   5   5   0   3  10  0.09 0.14
  123 V    0  0  0  0 -3  0  0  0 -2  0 -1  0  1  0  0  0  0  3  1  0    6   6   5   6   0   5   6   6   0   6   6   6   5   5   6   6   6   5   5   6  0.06 0.08
  124 A    1  0  0  2 -3  0  2 -1  1 -1 -3  0  0 -3  0  0  0 -3  0 -1   11   6   5  16   0   4  14   5   4   4   0   6   3   0   5   5   4   0   3   4  0.17 0.18
  125 M    0  0  0  0 -2  1  0  0  2  0  0  0  1  0 -2  0  0 -2  1  0    6   6   6   6   0   6   6   6   6   6   6   6   6   6   0   6   6   0   6   6  0.04 0.07
  126 I    0  0 -2 -3  2  1 -2 -3 -2  0  0  0  2  1 -3  0  0  4  1  0    7   7   0   0   7   7   0   0   0   7   7   7   7   7   0   7   7   7   7   7  0.14 0.15
  127 K    0  3  0 -1  0  1  1  0 -2 -1 -1  3  0 -3 -3 -1 -1 -4 -1 -1    8  15   3   3   3   4   8   6   0   2   6  25   2   0   0   4   2   0   2   5  0.24 0.25
  128 D    0  1  0  0 -3  1  2  0  1 -1 -1  1 -2 -1  0  0  0 -3  0 -1    7   8   4   5   0   7  15   8   3   3   4  11   0   4   3   5   4   0   4   4  0.11 0.13
  129 Y    0  0  0 -2  2  0  0 -1  2  0 -1  0  1  1 -3  0  0  3  1  0    6   6   5   0   5   5   6   6   5   6   6   6   5   5   0   6   6   5   5   6  0.08 0.12
  130 L   -1 -2 -3 -1  1  2 -1 -1  0  0  2 -1  2  0 -3 -1 -1  4  0  0    4   0   0   4   3  13   4   4   3   5  24   3   8   3   0   4   3   6   3   5  0.19 0.23
  131 K    0  0  1  0 -2  1  0  0  2  0 -1  0 -1  1 -2  0  0 -2  1  0    6   6   6   6   0   6   6   6   6   6   6   6   0   6   0   6   6   0   6   6  0.04 0.07
  132 T    1  1  0  2 -3  1  2  0  1 -3 -2  1 -3 -1 -3  0  0 -4 -1 -1   12   8   4  15   0   6  15   5   3   0   3  10   0   2   0   5   4   0   2   5  0.21 0.21
  133 S   -1  0  0  0  2  0  0 -1  2  0 -1  0  1  0 -3  0  0  3  1  0    5   5   5   5   5   5   5   5   5   5   5   5   5   5   0   5   5   5   5   5  0.06 0.10
  134 K    0  1  1  0 -2  1  0  0  2  0  0  0  1 -2 -2  0  0 -3 -2  0    7   7   7   7   0   7   7   7   6   7   7   7   6   0   0   7   7   0   0   7  0.06 0.09
  135 T   -1 -1 -4 -4  0 -1 -3 -2  0  2  3 -2  3  0 -4 -2 -1  1 -2  1    6   3   0   0   2   2   0   3   2  14  35   3  10   4   0   3   3   2   0   7  0.36 0.27
  136 K    0  1  0 -1  2  1  0 -1  0  0 -2  3 -2 -1 -1  0  0 -3  0 -1    6   8   3   3   5   6   5   5   3   5   3  22   0   3   3   4   5   0   3   5  0.12 0.16
  137 V    0  1 -2 -2  3 -1 -2  0 -2  1  0  0  2  1  1 -1  0 -2 -1  0    8   8   0   0   8   0   0   8   0   8   8   8   8   8   8   1   8   0   0   8  0.08 0.10
  138 L    0 -1  0 -1  1 -2  0 -1  0  0  0 -1  0  0  0  1  0  2  0  0    8   3   4   3   3   0   6   5   3   5  10   3   3   3   5  16   5   3   3   9  0.05 0.10
  139 W    0 -2  0  0  2  0  0  0  2  0  0 -2  1  1 -3  0  0  3  1  0    6   0   6   6   6   6   6   6   6   6   6   0   6   6   0   6   6   6   6   6  0.09 0.14
  140 G    0 -2  0 -2  2 -2 -2  0 -2  1  0 -2  1  1 -2  0  0 -2  1  0    8   0   7   0   7   0   0   8   0   8   8   0   7   7   0   8   8   0   7   8  0.04 0.12
  141 T    1 -2  1  0  2 -2  0  0  1 -1 -1 -1 -2 -1  0  0  2  2  0  0   14   0   9   4   5   0   5   5   4   4   4   3   0   3   4   5  20   3   3   5  0.13 0.17
  142 A    0  0 -2 -2  2  1 -2  0 -2  0  0 -1  1  1  1  0  0 -2 -1  0    8   8   0   0   7   7   0   8   0   8   8   0   7   7   8   8   8   0   0   8  0.08 0.11
  143 N   -1  1  3  1  1  0  0  0  1 -3 -2  0  1 -1  0  0 -1  2  0 -2    5   7  17   9   3   4   6   6   3   0   4   4   4   3   5   5   3   3   4   3  0.16 0.19
  144 L    0  0  0  0  2  0  0  0  1  0 -1 -1  1  0  0  0  0 -2  1  0    6   6   5   6   5   5   6   6   5   6   6   0   5   5   6   6   6   0   5   6  0.03 0.09
  145 F   -2  0 -1 -7  2 -6 -2 -2  2 -1 -2  0  1  5 -1 -1 -1  6  2 -1    3   5   3   0   4   0   3   3   5   4   4   7   3  23   3   4   4  10   7   4  0.68 0.39
  146 S   -1  0  0  0  2  0  0 -1  2  0 -1  0  2  1  0 -1  0  3  1 -1    5   5   5   5   5   5   5   5   5   5   5   5   5   5   5   5   5   5   5   5  0.09 0.08
  147 N   -1  1  1  3 -5  1  1 -1  5 -2 -3  0 -4 -1 -1 -1 -1 -5  0 -2    4   7   7  18   0   7   9   5  15   2   3   5   0   2   3   4   3   0   3   2  0.39 0.32
  148 P   -1  1 -1 -1 -7  0  0 -2 -6 -2 -3  1  1 -1  5 -1 -1  2  0 -2    5   7   3   4   0   4   6   3   0   3   3   9   3   3  29   4   4   3   4   3  0.52 0.39
  149 R   -1  0  0  0  2  0  0 -1  2  0 -1  0  2  1  0 -1  0  3  1 -1    5   5   5   5   5   5   5   5   5   5   5   5   5   5   5   5   5   5   5   5  0.09 0.08
  150 F    0  1  1 -2 -3  1  0 -3  2 -1  0  0  2  1 -2 -1  0  4  2  0    7   7   7   0   0   7   7   0   7   0   7   7   7   7   0   0   7   7   7   7  0.14 0.16
  151 V   -1  0  0 -2  2  0  0 -1  2  0 -1  0  1  0  0  0  0  3  1  0    5   5   5   0   5   5   5   5   5   5   5   5   5   5   5   5   5   5   5   5  0.07 0.11
  152 H    0  0  0  0 -3  1  0  0  2  0 -1  0  1  1  0  0  0  3  1 -2    6   6   5   6   0   5   6   6   5   6   6   6   5   5   6   6   6   5   5   0  0.08 0.12
  153 G    0  1  1  1 -3  1  1  1 -1 -3 -2  1 -2  1  2  1 -1 -2 -1 -2    9   9   9   9   0   9   9   9   0   0   1   9   0   9   9   9   0   0   0   1  0.18 0.10
  154 A    0  1  1  1 -2  1  1  0 -2  0 -2  0 -2 -2  1  0  0  4 -2  0    7   7   7   7   0   7   7   7   0   7   1   7   0   0   7   7   7   7   0   7  0.13 0.12
  155 S    0 -2  1 -1  1 -1 -2  0 -2  0  1 -1  0  2 -1  0  0  2  1 -1    7   0   7   3   4   3   0   9   0   5  13   3   3  14   3  10   4   3   4   4  0.08 0.13
  156 T    0  0  1  0  2  1  0  0  2  0  0 -1  1 -2  1  0  0 -3 -2  0    6   6   6   6   6   6   6   6   6   6   6   0   6   0   6   6   6   0   0   6  0.06 0.11
  157 S    0  0  1  0  2  1  0  0  2  0 -1  0 -1  0 -2  0  0 -3 -1 -1    7   7   7   7   6   7   7   7   6   7   7   7   0   6   0   7   7   0   0   0  0.06 0.10
  158 C    0  0  0  0  2  1  0  0  2 -2 -1  0 -2  0  0  0  0  3  1 -1    6   6   5   6   5   5   6   6   5   0   6   6   0   5   6   6   6   5   5   6  0.08 0.12
  159 N    0  0  0  0  2  0  0  0  1  0 -1  0 -1  0  1  0  0 -2  1  0    6   6   5   6   5   5   6   6   5   6   6   6   0   5   6   6   6   0   5   6  0.03 0.06
  160 A    2  0 -1 -1  1  0  0  0  0 -3 -2  0 -1  0  4  0 -1 -3 -1 -1   19   4   3   3   3   4   7   5   2   0   4   7   1   4  20   4   3   0   2   4  0.26 0.22
  161 D    0  1  0  2 -3  1  2  0  2 -1 -2  1 -2 -3 -1  0  0  1 -2 -1    8   8   4  11   0   5  14   8   5   3   3  11   0   0   2   5   6   2   0   3  0.16 0.15
  162 V   -1 -1 -1 -1  1 -2 -1 -1 -3  2  0 -1  1 -2 -1 -1  0 -3  0  3    4   3   3   4   4   0   4   4   0  17   7   3   3   0   3   4   5   0   3  26  0.15 0.19
  163 F    0  0  0 -2  2  1 -2 -2  2  0  0  0 -1  1 -3  0  0  4  1  0    7   7   7   0   6   7   0   0   6   7   7   7   0   6   0   7   7   6   6   7  0.12 0.15
  164 A    0  0  1  0  2  1  0  0  2  0 -1  0 -1 -2  1  0  0 -3 -2  0    6   6   6   6   6   6   6   6   6   6   6   6   0   0   6   6   6   0   0   6  0.07 0.08
  165 Y   -1  0 -1  0  1  1  1 -2  2 -1  0  1  0  0 -3 -1 -1  3  2 -1    6   6   3   6   3   6   8   3   6   3  10   8   3   5   0   3   3   5  10   3  0.12 0.14
  166 S    6 -1 -2 -2 -4 -1 -4 -1 -5 -2 -3 -4 -4 -2 -2 -1 -2 -5 -1 -1   61   3   2   2   0   2   0   4   0   2   2   0   0   2   2   5   3   0   2   5  1.02 0.62
  167 A   -1  0  0 -2  2  0  0 -1  2  0 -1  0  1  0  0  0  0  3  1  0    5   5   5   0   5   5   5   5   5   5   5   5   5   5   5   5   5   5   5   5  0.07 0.11
  168 A    2  1 -1  3 -4  1  3 -1  0 -2 -3  0 -1 -4 -1 -1 -1  1 -1 -2   18   7   3  16   0   6  18   4   3   2   2   4   2   0   2   4   3   2   2   2  0.29 0.28
  169 Q   -2  2 -1 -1 -4  4  0 -4  1 -1  1  1  1  0 -4 -2 -1  1  1 -1    2  10   2   3   0  22   5   0   4   4  16   8   4   4   0   2   3   2   5   3  0.32 0.32
  170 V    0 -4 -1 -2  3 -2 -2 -2 -4  1  1 -2  1 -1 -4 -1  2  0 -1  3    9   0   2   2   6   2   2   3   0   8  12   2   4   2   0   4  13   2   2  27  0.32 0.29
  171 K   -2  1  0 -2  1  1 -1 -2  0  0  0  5  1 -2 -4 -2 -1 -5 -1 -1    3   7   5   2   3   5   2   2   2   5  10  37   4   2   0   2   3   0   2   3  0.44 0.37
  172 K    0  3  1  1 -5  2  3 -2  1 -2 -3  2 -4 -3 -4 -1  0 -5 -4 -3    7  18   7   7   0   7  18   2   4   2   2  15   0   1   0   3   5   0   0   1  0.44 0.36
  173 A    4 -4  0 -4  4 -2 -3  1 -2 -2 -3 -3  0 -3 -4  1  0 -5 -2 -2   44   0   4   0  10   2   1  11   1   2   3   1   2   1   0   8   7   0   1   2  0.67 0.50
  174 L    0 -2 -2 -3  4  0 -2 -1  1  1  1  0  3  0 -3 -1  0 -3 -2  1    9   0   0   0  11   4   0   5   4  10  14   8  12   4   0   4   4   0   0  10  0.15 0.16
  175 E   -1  1  1  4 -3  1  2  0 -2 -3 -2  0 -2 -3 -2  0 -2 -3  0 -1    5   6   5  28   0   8  15   9   0   0   5   6   0   0   0   4   0   0   4   4  0.31 0.20
  176 I    1  0 -2 -3  0 -1 -2 -1 -1  2  1 -2  1  0 -3 -1 -1  4  0  1   15   6   2   0   2   2   2   6   2  18  12   0   4   4   0   2   3   6   3  12  0.15 0.16
  177 T    4 -1 -1 -3  2 -3 -3  0  1 -1 -2 -3  0 -1 -1  0  2 -4 -3  0   42   3   3   0   6   0   0   7   5   2   2   0   2   3   2   4  12   0   0   7  0.40 0.32
  178 K    0  0  0  0  2  1  0  0  1  0 -1  0  1 -2  1  0  0 -3  1  0    6   6   5   6   5   5   6   6   5   6   6   6   5   0   6   6   6   0   5   6  0.04 0.08
  179 E    1  2 -2  1 -3  1  2 -2  0 -1 -2  1 -2  0 -1  0  0 -3  0 -1   11  12   0   6   0   5  17   3   2   3   3   8   0   6   3   6   6   0   4   5  0.14 0.17
  180 L    0  0  0 -3  2 -2 -2 -3  2  0  0 -2  2  1  1 -2  0  4  2  0    7   7   7   0   7   0   0   0   7   7   7   0   7   7   7   0   7   7   7   7  0.16 0.17
  181 G    0  1  1  1 -3  1  1  0  2 -3 -3  1 -2 -3  1  0 -1 -3 -2 -2    8   8   8   8   0   8   8   8   8   0   1   8   0   0   8   8   0   0   0   0  0.17 0.12
  182 G    4 -1 -2 -4  5 -4 -2  2 -5 -2 -4 -4 -4 -5 -4  0  1  1 -5 -1   40   3   2   0  12   0   3  18   0   2   0   0   0   0   0   5   8   2   0   4  0.79 0.47
  183 Q   -1  2  1  2 -1  0  2 -1  1 -2 -2  1 -3 -2  1  0  0 -4 -1 -2    5  10   7  11   2   4  14   5   3   2   5   7   0   2   8   7   5   0   2   3  0.17 0.17
  184 N    0  0  1  0  0  0  0 -1  1  0  0  0  0  1 -1  0  0  1  2  0    6   4  10   4   3   3   4   5   4   4   9   4   4   7   2   5   7   2   8   6  0.03 0.06
  185 Y   -1 -4 -4 -5  1 -1 -4 -2  0  2  1 -4  3  3 -4 -1 -1 -3  2  3    5   0   0   0   3   3   0   3   3  12  15   0   8  11   0   4   3   0   7  22  0.44 0.32
  186 V   -1 -1  2 -1  1 -1 -3 -1  0  1 -1 -1  1 -1 -4  0  2 -4 -1  3    3   3  10   3   2   2   0   4   2   6   5   4   3   2   0   7  15   0   2  23  0.20 0.24
  187 F   -2 -4 -4 -2  1 -4 -4 -4 -3  2  2 -4  1  4  0 -2 -1 -3  2  1    3   0   0   3   3   0   0   0   0  15  25   0   4  17   4   2   3   0   7  12  0.43 0.28
  188 W   -3  0 -5 -2  4 -5 -2 -5  1 -5 -2 -5 -1  1 -3 -3 -2 11 -2 -3    3   5   0   3   7   0   3   0   3   0   4   0   2   5   2   2   3  55   0   2  2.20 0.89
  189 G   -1 -3  1 -1 -4 -1 -1  1  0 -1  0 -3  2 -1  4  1  0 -4 -4 -1    5   0   6   4   0   2   3  14   2   4   9   0   5   3  25   9   5   0   0   3  0.39 0.29
  190 G    1 -1 -1 -4 -4 -1 -2  5  0 -2 -1 -3  0 -1 -1  0 -2  1 -1 -2   12   3   3   0   0   3   2  42   2   3   6   0   2   2   4   6   2   2   3   2  0.52 0.35
  191 R   -1  2 -1 -1 -4  1 -1 -2  1 -1 -2 -1  0  1 -1  3  1  3  0 -2    4  13   3   3   0   6   3   3   3   3   3   3   3   7   3  22  10   4   3   3  0.22 0.22
  192 E    0  1  1  1  3 -1  0  0 -2 -2 -1  0 -1  1 -2  0 -1  4 -1 -2    8   8   8   8   8   0   8   8   0   0   8   8   0   8   0   8   0   8   0   0  0.13 0.13
  193 G    0  0  0  0 -3 -2  0  4 -2  0 -1 -2 -2  0  1  0 -1 -3 -2 -1    4   5   4   7   0   0   6  37   0   8   4   0   0   5   6   4   4   0   0   4  0.27 0.18
  194 Y    0  0  0 -2  2  0  0 -1  2  0 -1 -2  1  1  0  0  0  3  1  0    6   6   5   0   5   5   6   6   5   6   6   0   5   5   6   6   6   5   5   6  0.08 0.13
  195 E    0  0  1  0 -3  1  0  0  2 -2 -1  0  1  0  1  0  0 -2  1 -1    6   6   6   6   0   6   6   6   6   0   6   6   6   6   6   6   6   0   6   6  0.05 0.09
  196 T    0 -2  0  0  2  0  0  0  2  0  0 -2  1  1 -2  0  0 -2  1  0    6   0   6   6   6   6   6   6   6   6   6   0   6   6   0   6   6   0   6   6  0.05 0.11
  197 L    0  0  0  0  2  0  0  0  1  0 -1 -1  1  0  0  0  0 -2  1  0    6   6   5   6   5   5   6   6   5   6   6   0   5   5   6   6   6   0   5   6  0.03 0.09
  198 L    0 -2 -3 -2  0 -1 -1 -1  0 -1  2 -3  1  5 -2 -1 -2  2  0 -1   10   2   0   2   2   2   5   4   2   3  19   0   4  25   2   5   2   3   3   3  0.30 0.27
  199 N    0  0  1  0  2  1  0  0  2  0 -1  0 -1 -2 -2  0  0 -3 -2  0    7   7   7   7   6   7   7   7   6   7   7   7   0   0   0   7   7   0   0   7  0.07 0.09
  200 T    0  0 -1 -1  3  0 -2 -2  2  0 -2  1  1 -1 -1 -1  3  2  0  1    9   4   3   3   6   5   3   3   4   5   4   8   3   3   3   5  16   3   3   8  0.18 0.14
  201 D   -1  0  2  4  1  0  1 -1  1 -1 -2  0 -3 -4  0  0 -2 -4 -3 -3    4   6  11  32   4   4   6   4   4   4   5   5   0   0   6   5   0   0   0   0  0.39 0.28
  202 M    0  0 -2 -2 -3  1  0  0  2  0  0 -1  1  1  1  0  0  4  1  0    6   6   0   0   0   6   6   6   6   6   6   0   6   6   6   6   6   6   6   6  0.09 0.14
  203 E    0  1  0  0 -3  0  0  0  0 -1 -1  1  0 -1  1  0  0  2  0  0    6  10   3   5   0   4   6   7   3   4   5  11   3   3   6   5   5   3   4   7  0.06 0.08
  204 L    0  2  0  1 -3  1  1 -1  1 -1 -1  1  0 -1 -3  0  0  2  0 -1    9  12   3   8   0   7  10   5   3   3   5  11   3   3   0   5   5   3   3   3  0.12 0.15
  205 E    2  0 -1 -1 -1  1  3 -2  0 -1  0 -1  2 -2 -3 -1 -1 -4 -1 -1   23   4   2   3   1   5  21   3   3   4   9   3   6   1   0   4   3   0   2   3  0.24 0.28
  206 L   -3  0 -2 -3 -5 -1 -2 -3 -1  0  1 -2  0  1 -6 -3 -1 10  2 -2    2   5   2   2   0   3   3   2   2   4  15   2   2   5   0   2   4  36   7   2  1.28 0.69
  207 D   -1  2  1  4 -4  1  1 -2  0 -2 -3  2  0 -4 -1 -1 -1 -4 -1 -2    4  10   6  25   0   7  10   3   2   2   2  13   2   0   2   4   3   0   2   2  0.37 0.31
  208 N   -2  2  2 -1  0  1 -2 -2  4 -2  0 -1  0 -1 -4 -1 -1  7  1 -2    3  13   9   4   2   8   2   2  10   2   8   2   2   2   0   4   3  15   4   3  0.47 0.36
  209 F    0 -2 -1 -3  0 -1  0 -1  0  1  2 -3  3  1 -3  0  0  1  1  0    6   2   2   0   2   2   6   4   2   8  24   0   8   7   0   7   7   2   6   4  0.16 0.19
  210 A    0  0 -2 -2  2  1  0  0  2  0  0  0  1  1 -2  0  0 -2  1  0    6   6   0   0   6   6   6   6   6   6   6   6   6   6   0   6   6   0   6   6  0.05 0.11
  211 R   -1  1  1  2  1  0  3 -1  1 -1 -2  0  0 -3 -3  0 -1 -4  0 -1    5   7   5  13   3   4  28   4   3   3   3   4   3   0   0   4   4   0   3   3  0.27 0.26
  212 F    1 -2  0 -2  1  0 -1  2  0 -1 -1  0  0  1 -3  0  0  2  1 -1   15   0   3   0   4   3   3  17   3   3   4   7   3   8   0   6   8   3   4   4  0.11 0.13
  213 L    0  0 -2 -3  3 -2 -2 -2 -2  1  0 -2  2  1 -2 -1  0  4  2  1    8   8   0   0   8   0   0   1   0   8   8   0   8   8   0   1   8   8   8   8  0.13 0.15
  214 H    1  2  2  0  0  1  0  0  1 -1 -2  1 -2 -1  0  0  0 -3 -1 -1   12  12  12   4   2   7   3   6   4   4   3   8   0   2   5   4   4   0   2   6  0.11 0.12
  215 M    1  0 -1 -1 -3  1  3 -2 -2  1 -1  1  3 -1 -1 -1  0 -3  0 -1   11   4   2   3   0   5  22   2   0   9   6   9   9   3   2   3   4   0   3   3  0.17 0.21
  216 A    0 -2  1  0  2 -2 -2  0 -2  0  0 -2  1  1 -3  0  0  4  1  0    7   0   7   7   7   0   0   7   0   7   7   0   7   7   0   7   7   7   7   7  0.12 0.14
  217 V    2 -1 -1 -3  3 -2 -1  0  0  0  0 -1  1 -2 -1  0  0 -3  0  1   28   3   3   0   9   0   3   6   3   5   8   3   4   0   2   5   4   0   4  11  0.16 0.20
  218 D    1  0  0  3 -3  1  2 -1  0  0 -2  0  0 -3 -2  0 -1 -4 -3 -1   12   6   3  24   0   5  13   4   3   6   4   6   2   0   0   5   3   0   0   4  0.23 0.20
  219 Y   -1  0  0  0  2  0  0 -1  2  0 -1  0  1  0 -3  0  0  3  1  0    5   5   5   5   5   5   5   5   5   5   5   5   5   5   0   5   5   5   5   5  0.06 0.10
  220 A    1  1  0  0  1  0  0 -1  0  0 -1  1  0 -1 -1  0 -1 -3  0  1   14   8   5   6   3   4   3   4   3   7   4   9   3   3   3   5   3   0   3  10  0.04 0.08
  221 K   -1  2  0 -1  1  0  0 -1  1 -1 -1  1  0 -4  4 -1 -1 -4  0 -1    4  10   4   4   3   5   5   5   4   4   6  10   3   0  19   4   4   0   3   3  0.23 0.22
  222 E    0  1  0  3  1  0  2 -1  0 -2 -4  1 -3 -1 -1  0  0 -4 -1 -4    7   7   4  19   4   4  15   4   2   2   0  11   0   3   3   7   4   0   2   0  0.29 0.26
  223 I   -1  0  0 -3  2  2  0 -2  0  3  1  0  1 -1 -3 -1 -1 -3 -1  1    5   4   4   1   4  12   5   2   2  18  11   7   3   3   1   4   2   0   2  10  0.14 0.17
  224 G   -1  0  1 -1  1 -1 -2  5  2 -2 -3  0 -1 -1 -3 -1 -2  1 -3 -1    3   4   7   3   3   3   3  41   5   3   2   6   2   2   1   3   2   2   1   4  0.49 0.30
  225 F    0  0 -2 -2 -2 -1 -1 -1  0 -1 -1 -1 -2  4 -1 -1  0  1  4 -1    7   6   1   2   0   3   5   6   3   3   7   3   1  19   3   4   6   2  16   3  0.25 0.19
  226 E   -1  1  1  2 -3  1  1 -1  2 -1 -1  1  0 -3  0  0  0 -3 -2 -1    5   8   5  15   0   5   8   5   6   4   5   7   3   0   4   6   8   0   0   4  0.13 0.14
  227 G    0  0  0 -2  2  0  0  0 -2  0 -1  0  1  1  0  0  0  3  1  0    6   6   5   0   5   5   6   6   0   6   6   6   5   5   6   6   6   5   5   6  0.06 0.11
  228 Q    0  0  0  0 -2  1  0  0  1  0 -1  0  1  0  1  0  0 -2  1  0    6   6   5   6   0   5   6   6   5   6   6   6   5   5   6   6   6   0   5   6  0.03 0.06
  229 F    0  0 -2 -2 -2 -1 -2  0  2  1  0 -1  2  1 -2  0  0 -2  2  0    8   8   0   0   0   0   0   8   8   8   8   0   8   8   0   8   8   0   8   8  0.07 0.11
  230 L    1 -2  0 -2  4 -2 -1 -1  1 -1  0 -2  1  0 -2  0  1  2  0  0   12   0   6   0  15   0   4   5   4   0  12   0   4   4   0   8   8   4   4   8  0.15 0.15
  231 I   -1 -3 -3 -3 -2 -2 -1 -1 -3  3  2 -2  1  1 -3 -2  1 -2  0  2    5   1   0   1   0   0   4   5   0  31  17   1   4   5   1   1  10   0   4  10  0.24 0.18
  232 E   -1  0 -2  1 -4  2  5 -1 -2 -3 -2  0  0 -4 -3  0 -2 -4 -3 -1    3   3   0   7   0   7  51   5   0   0   3   3   3   0   0   7   0   0   0   4  0.60 0.34
  233 P    0 -2 -2 -2  2 -2  0  0  2  0  0 -2  1  1  1  0  0  4  1  0    7   0   0   0   6   0   7   7   6   7   7   0   6   6   7   7   7   6   6   7  0.13 0.16
  234 K   -1  0  0 -2 -3  1  0 -1 -2 -3 -2  4 -2 -1  1  1  0 -3  0 -1    4   4   4   0   0   5   4   4   0   0   4  38   0   4   7  10   5   0   4   4  0.33 0.29
  235 P   -1  0  0  0  2  0 -2 -1  2  0 -1  0  1  0  0  0  0  3  1  0    5   5   5   5   5   5   0   5   5   5   5   5   5   5   5   5   5   5   5   5  0.06 0.11
  236 K   -1  1  1 -1  1  1  0 -1  2 -3 -2  2  0  0  0  0  0  2  1 -2    3   8   8   3   3   6   4   4   6   0   3  15   3   5   4   8   6   3   4   3  0.14 0.18
  237 E   -1  1  1  2 -4  0  5 -1  1 -4 -4 -1 -3 -1 -1  0 -2 -4 -1  0    3   8   5  11   0   3  42   3   3   0   0   0   0   3   3   5   0   0   3   7  0.53 0.38
  238 P    0  0 -1  0 -4  0  2 -1 -3 -3 -1  0 -3 -4  5 -1  0 -4 -4 -1    6   4   3   4   0   3  18   4   0   0   7   5   0   0  32   3   5   0   0   5  0.54 0.33
  239 T    0  3  0 -1  0  0 -1 -2  1  0  0  0  1 -2  0  1  1 -3  1 -1    5  19   3   2   2   2   3   3   4   5   7   2   5   0   5  10  13   0   7   3  0.12 0.16
  240 K    0  2  0 -1 -1  0  0  0  0 -1 -1  0  1  0  1  0  1 -3  0  0    5  12   5   4   1   4   4   6   2   4   3   6   4   4   6   8  12   0   3   7  0.07 0.09
  241 H   -2  2  0  1 -1 -1 -2  0  6 -2 -3  0 -4  2 -4 -2 -2  2  3 -3    3  11   4   7   1   2   2   9  23   2   2   4   0  10   0   2   2   3   9   2  0.59 0.38
  242 Q    0  0  1 -2  3  2 -2 -3  1  1 -1 -2  3  0 -1  1  0  0  1 -1    8   5   9   2   7  12   1   1   3   8   4   0   8   4   3  11   4   1   6   2  0.19 0.23
  243 Y    0 -2  1  0 -2  1  0 -2  2  0  0 -2  1  1 -3  0  0  4  1  0    7   0   7   7   0   7   7   0   6   7   7   0   6   6   0   7   7   6   6   7  0.12 0.15
  244 D   -1 -3 -1  2  1 -1 -1 -2  1  2  0 -3  1  1 -1 -1 -1  2  2  1    4   0   3  13   3   3   3   3   3  16  10   0   4   5   3   3   4   4   7   9  0.13 0.16
  245 F    0  0  1  1  0 -1 -1  2 -3 -1 -1 -1  0 -1  2  1 -1  4  0 -1    8   4   6   9   2   2   3  14   0   3   5   2   2   3  12  10   2   6   4   4  0.18 0.19
  246 D   -3 -1  2  3  1 -1 -1 -2  0 -5 -5 -3  0  0  0  2  3 -5 -4 -4    0   3  12  20   3   2   4   3   3   0   0   0   3   5   6  16  19   0   0   0  0.52 0.41
  247 V    2 -3 -3 -1  1 -3 -3 -1 -3  1  0 -3  1  0  0  0  1  2  0  2   21   0   0   4   4   0   0   4   0   7   6   0   5   5   4   7   8   4   4  17  0.19 0.22
  248 A    0  0  0  0 -3  1  0  0  2 -2 -1 -1  1  1  1  0  0  3  1 -1    6   6   6   6   0   6   6   6   6   0   6   0   6   6   6   6   6   6   6   6  0.09 0.14
  249 N    0  0 -1  0 -1 -1  0 -1  4 -2 -3  0 -1 -2 -1  1  3  1 -1 -2    9   6   3   6   2   1   5   4  12   2   2   6   2   1   2   9  23   2   1   2  0.28 0.28
  250 V    1 -2 -1 -1  2 -2 -1 -1  0  0  0 -1  1  0 -3  0  1  2  1  2   14   0   3   4   4   0   3   5   3   4   8   3   4   4   0   4  10   3   5  17  0.08 0.13
  251 L    0  0 -2 -3  2 -2 -2  0  2  0  0 -2  2  1 -3  0  0  4  2  0    7   7   0   0   7   0   0   7   7   7   7   0   7   7   0   7   7   7   7   7  0.13 0.15
  252 A    1  0  0 -1  1  0 -1  2  1 -1  0 -1  1  0 -3  1 -1  2  0 -1   12   5   5   3   4   3   3  17   3   3   8   3   5   4   0  10   3   3   3   4  0.10 0.12
  253 F    0  0 -2 -2 -2  1 -2  0  2  0  0 -1  2  1 -3  0  0  4  2  0    7   7   0   0   0   7   0   7   7   7   7   0   7   7   0   7   7   7   7   7  0.12 0.15
  254 L    0 -1 -2 -1  3 -2 -1 -1  2  2  1 -1  1  0 -3  0 -1  2 -2  0    7   3   0   4   8   0   3   3   6  18  15   3   3   3   0   7   3   3   0   5  0.10 0.17
  255 R    0  1  1  0  0  2  1 -2  2 -2 -1  2 -1 -3 -1 -1  0 -3  1 -2    7  10   8   5   2  11   8   3   5   2   6  14   2   0   2   3   4   0   5   2  0.16 0.18
  256 K    0  1  0  0 -1  2  2 -2  0 -2 -2  2  1 -3 -3  0  0  0  0 -2    9   7   3   5   2  12  14   2   3   2   4  14   4   0   0   7   6   2   3   2  0.21 0.22
  257 Y   -1 -1  0 -1  1  0 -1 -1  1  1  1 -2  1  1 -3 -1  0 -2  1  0    4   3   4   4   4   6   4   3   5   9  19   0   4   8   0   4   6   0   5   7  0.06 0.11
  258 D    0  0  1  0 -3  1  0  0  2  0 -2  0  1  0  1  0  0 -3 -1  0    6   6   6   6   0   6   6   6   6   6   1   6   6   6   6   6   6   0   0   6  0.06 0.10
  259 L   -1  1 -1  1  0  0 -1 -2  1 -1  2  0  0 -1  0 -1 -1  1 -1 -1    4   7   3   9   3   5   2   3   4   2  29   7   2   2   4   3   2   2   2   3  0.12 0.17
  260 D   -1  2 -2  1 -3  1  2 -1  1  0 -1  0  0 -1  2 -1  0 -3 -2 -1    5  11   0   9   0   8  14   4   3   6   5   5   3   3  11   4   5   0   0   4  0.16 0.17
  261 K    0  0  0  0 -2  1  0  0  1  0 -1  0 -1  0  1  0  0 -2  1  0    6   6   6   6   0   6   6   6   6   6   6   6   0   6   6   6   6   0   6   6  0.04 0.06
  262 Y   -1  0  0  0  2  0  0 -1  1  0 -1  0  1  0 -3  0  0  3  1  0    5   5   5   5   5   5   5   5   5   5   5   5   5   5   0   5   5   5   5   5  0.03 0.10
  263 L   -1 -4 -4 -1  3 -4 -4 -2 -3  0  0 -2  2  5 -4 -2 -1  3  2  2    4   0   0   4   7   0   0   3   0   4   8   3   6  28   0   3   3   4   7  16  0.51 0.36
  264 K    0  0  1  0  2  1  0  0 -2  0  0  0  1 -2 -2  0  0 -3 -2  0    7   7   7   7   6   7   7   7   0   7   7   7   6   0   0   7   7   0   0   7  0.06 0.09
  265 V    0 -2 -2 -2  3  1 -2  0 -2  1  0 -2  2  1 -2  0  1 -2 -1  1    9   0   0   0   8   9   1   9   0   9   9   0   9   9   0   9   9   0   0   9  0.09 0.11
  266 N   -1 -2  4  0  2  0 -2 -2  1 -1  0 -1  1  1 -3  0  1 -3  0  0    5   0  27   3   4   3   0   1   3   4   8   3   4   7   0   4  10   0   3   5  0.20 0.22
  267 I   -1 -3 -2 -2  2 -3 -3 -4 -3  3  2 -1  2  0  1 -2  0 -3 -2  2    3   0   2   3   5   0   1   1   0  23  22   3   5   3   8   2   4   0   0  15  0.31 0.23
  268 E   -2 -1  0  4 -4  1  4 -3  0 -3 -2 -1  0 -4 -1 -1 -1 -4 -1 -2    3   3   3  27   0   5  31   1   2   1   4   3   2   0   3   3   3   0   3   3  0.56 0.36
  269 A   -1 -2 -1 -3  0 -1 -1  0 -2  0  0 -1  0  2  3  0  1  2  1  0    4   0   2   0   3   2   3   6   0   4   9   2   2  11  19   7   9   3   5   8  0.21 0.18
  270 N    0  1  1 -2  2  1 -1  0  2 -2 -1  0 -1  1  1  0 -1 -2  1  0    7   7   7   0   7   7   0   7   7   0   7   7   0   7   7   7   0   0   7   7  0.08 0.13
  271 H   -1  1  0 -1 -4 -2  0 -4  8  0 -4 -1 -3 -1 -4 -3 -3  4 -1 -4    5   8   4   3   0   0   5   0  51   6   1   4   0   3   0   0   0   6   0   0  1.20 0.57
  272 A    2  0 -1  1  0  0  1  0  0  0 -1 -1  1 -2 -1  1  0 -3 -2  0   22   5   0   8   3   4  11   6   2   8   4   0   6   0   3   9   3   0   0   5  0.10 0.13
  273 T    0  2  0 -2 -3  0 -1 -2  1  0  1  0  0  1  0 -1  1  0 -1 -1   10  14   3   0   0   4   2   2   4   4  17   7   3   6   5   3  10   2   2   4  0.08 0.12
  274 L   -1 -4 -1 -4  1  0 -4 -2  0  1  3 -4  6  0 -4 -3 -3 -3  1 -1    5   0   4   0   3   4   0   4   3   9  28   0  26   4   0   0   0   0   5   3  0.60 0.38
  275 A    0 -2  0 -2  2  0  0 -1  2  0 -1  0  1  1  0  0  0  3  1  0    6   0   5   0   5   5   6   6   5   6   6   6   5   5   6   6   6   5   5   6  0.08 0.13
  276 A    0  0  0  0 -3  1  0  0  2  0 -1  0  1  0  1  0  0 -2  1 -1    6   6   6   6   0   6   6   6   6   6   6   6   6   6   6   6   6   0   6   0  0.05 0.09
  277 H   -1 -1  0  0  1  0  4 -1  4 -1 -1  0  0 -4  0  0 -1 -4 -3 -1    4   3   4   4   3   4  29   3  11   3   5   5   3   0   5   7   4   0   0   4  0.29 0.28
  278 D   -1  0  4  2  0  0  0 -1  0 -2 -3 -1  0 -3 -1  1  1  1  0 -1    5   6  22  10   2   3   6   5   2   2   0   3   3   0   3  10   8   2   4   4  0.23 0.24
  279 F    0 -2  0 -2  2  0 -2  0  2  0  0  0  1  1  1  0  0 -2  1  0    6   0   6   0   6   6   0   6   6   6   6   6   6   6   6   6   6   0   6   6  0.06 0.12
  280 Q    2  0 -1  0 -3  1  2 -1  2 -1 -1 -1  1 -1  0  0 -1 -3  1  0   18   3   3   3   0   7  13   4   6   5   3   3   4   3   5   6   4   0   5   5  0.11 0.16
  281 H    0 -2 -1  1 -5  1  2 -2  7 -4 -1 -1  0  0 -4 -2 -2  2  1 -1    7   1   2   7   0   7  15   2  27   0   7   3   2   3   0   2   3   3   4   4  0.61 0.41
  282 E    2 -1 -2  1 -1 -1  3 -1  0 -1 -4 -1 -1 -4  0  2  0 -4 -2 -1   19   2   1   9   2   2  20   5   2   4   0   3   1   0   4  15   4   0   1   4  0.29 0.28
  283 L    2 -1 -6 -7  2 -6 -6 -1 -6  3  2 -6  3  2 -6 -1  0 -6  1  2   14   4   0   0   4   0   0   4   0  14  17   0   6   7   0   5   5   0   4  13  0.53 0.26
  284 R   -1  0  0  0  2  0  0 -1  2  0 -1  0  2  1  0 -1  0  3  1 -1    5   5   5   5   5   5   5   5   5   5   5   5   5   5   5   5   5   5   5   5  0.09 0.08
  285 Y    0  0  0 -2 -3  1  0 -3  2  0  0  0  1  1 -3  0  0  4  1  0    6   6   6   0   0   6   6   0   6   6   6   6   6   6   0   6   6   6   6   6  0.11 0.14
  286 A    3 -1 -3 -3  3 -1 -1 -1 -3  0  1 -3  0 -1 -1  0 -1 -3 -1  0   32   3   0   0   6   2   4   3   0   5  18   0   2   3   3   4   4   0   2   7  0.27 0.28
  287 R    0  1  0  0  0  0 -1  0  0  0  1  0  1  0 -2  0 -1  1  0 -1   10   8   5   4   2   4   2   6   3   8  18   7   3   4   0   6   2   2   3   3  0.02 0.07
  288 I   -1  0  0  0  2  0  0 -1  2  0 -1  0  1  0 -3  0  0  3  1  0    5   5   5   5   5   5   5   5   5   5   5   5   5   5   0   5   5   5   5   5  0.06 0.10
  289 N    1  1  1 -1  2  0  1 -2  4 -1 -1  0  0  1 -4 -1 -1  1  2 -2   12   7   7   3   4   3   8   2  13   4   5   4   3   5   0   4   3   2   8   2  0.19 0.20
  290 G   -2 -1  2  0 -5 -1  0  5  0 -2 -3  1 -5 -5 -1 -1 -2 -6 -5 -2    2   4  10   6   0   3   7  40   3   2   3   7   0   0   3   4   2   0   0   3  0.60 0.42
  291 V    0  0  0 -1  2 -1 -1 -3  0  0  0  1  2  1 -3  0  0  2  1  0    5   7   5   4   5   0   4   0   3   6  10  10   8   5   0   5   5   3   5   9  0.07 0.12
  292 L    0  0  1  0 -2 -1  0 -2  2  0  0  0  1  0  1  0  0 -3 -1  0    7   7   7   7   0   0   7   0   6   7   7   7   6   6   7   7   7   0   0   7  0.06 0.09
  293 G   -1  0  0  0  2  0  0 -1  2  0 -1  0  2  1  0 -1  0  3  1 -1    5   5   5   5   5   5   5   5   5   5   5   5   5   5   5   5   5   5   5   5  0.09 0.08
  294 S   -1 -6  1 -1  1  1 -5  1  5 -6 -1 -1  1  2  0  0  1 -6  2 -2    5   0   6   4   3   6   0  11  13   0   6   3   3   7   5   8   9   0   7   3  0.38 0.26
  295 I   -2 -2 -4 -5 -3 -1 -4 -5  1  3  2 -2  3  2 -4 -2  0 -4  0  3    3   3   0   0   0   3   0   0   3  20  16   3   8   8   0   3   5   0   3  22  0.45 0.32
  296 D    0  1  1  1 -3  1  0  0  2 -2 -2  0  1  1 -2  0  0 -2  1  0    7   7   7   7   0   7   7   7   6   0   1   7   6   6   0   7   7   0   6   7  0.09 0.12
  297 A    0  0 -2  1  1 -2 -1 -1 -2  1  1 -1  2  2 -1 -1 -1  2 -1  1    6   5   0  10   3   0   4   3   0   9  12   3   8  10   3   4   3   3   0  12  0.08 0.13
  298 N   -2  0  5  0  0  0 -1  0  4 -3 -2 -1 -3 -3 -3  0  0 -4  1 -1    0   4  31   3   2   3   3   8  14   0   5   3   0   0   0   8   7   0   4   5  0.45 0.35
  299 T   -1 -1  1  2  0 -1  0 -2 -2  0 -1 -1  0  1 -1  1  1  0  1 -1    4   4   7  14   2   2   4   2   0   8   5   3   2   8   2  10  12   1   6   3  0.08 0.13
  300 G   -1  0  2  1 -3  1 -1  3 -2 -1 -2  0  0 -3  0 -1 -1  0 -3 -1    3   5  12   7   0   7   4  30   0   3   3   6   3   1   4   3   2   1   0   6  0.29 0.22
  301 D    0  0  0  5 -3 -1 -1 -2  0 -3 -3 -1 -3  1 -2  0  1  2  1 -2    7   6   3  37   0   3   2   2   3   1   1   4   0   6   2   6   8   3   4   2  0.47 0.33
  302 M    0  1  1 -1 -1  1  0  1 -1 -1 -1  0  1 -1  2  0 -1 -2  0 -1    9   8   9   2   2   6   4  11   1   2   5   6   6   3  11   6   3   0   4   3  0.11 0.11
  303 L   -1  1  0  0  0  2  0  1  2  0 -1  0  0  0 -1 -1 -1  2  2 -2    6   7   5   4   3  11   4  10   5   7   7   4   3   4   3   3   4   3   7   0  0.08 0.13
  304 L    0  0  0  0  2 -1  0  0  1  0 -1  0 -2  0  0  0  0  3  1  0    6   6   5   6   5   0   6   6   5   6   6   6   0   5   6   6   6   5   5   6  0.06 0.09
  305 G   -1  0  1  2  1  0 -1  2  1 -1 -2  0  0  0 -1 -1 -1 -3  1 -2    5   5   6  16   3   3   4  19   4   3   4   5   3   4   3   3   3   0   5   3  0.16 0.17
  306 W    0  0  0  2 -3  2  0  1  1  0 -1 -1  0  0 -2 -1  0  4  0 -1    6   7   3  12   0  10   4  12   3   6   4   1   3   5   1   4   4   7   3   4  0.13 0.15
  307 D   -1 -1  0  5 -4  1  1 -1  2 -4 -4  0  1  0 -4 -1 -1 -4  1 -2    4   3   3  37   0   5   8   4   6   0   0   4   4   4   0   4   4   0   4   4  0.52 0.37
  308 T   -1 -2 -1  5 -4  0 -1  0  2 -2  0 -3  1 -1  0 -1  1  1 -1 -2    4   1   2  33   0   4   3   7   6   2   9   0   4   2   4   4   8   2   2   3  0.38 0.34
  309 D   -2 -1  1  5  1 -3 -2  1 -1 -1 -1 -1 -1 -1  1 -1 -2  0  0 -4    3   4   5  36   4   0   0  10   1   4   7   4   2   3   7   3   2   1   3   0  0.47 0.37
  310 Q    0  1 -1  0 -1  0 -1 -1  0  0  1  0  3 -1  1 -1 -1  2 -2  0    6   9   2   5   1   5   3   4   3   6  15   4  12   2   7   4   3   3   0   7  0.10 0.15
  311 F   -1 -2 -3 -4  1 -4 -3 -1 -4  2  0 -4  2  5 -2 -1 -2 -3  2  1    5   2   1   0   3   0   2   6   0  11   9   0   6  29   2   4   2   0   5  12  0.48 0.34
  312 P    1 -2 -1 -1  0 -3 -1  3 -3 -1 -1 -3  1 -1  4 -1 -1  1 -3 -1   10   2   3   4   2   0   4  25   0   3   5   0   4   3  20   5   3   2   0   5  0.36 0.29
  313 T    0 -1  0 -1  0 -1 -1  2  0  0 -1 -1  1  0 -1  1  1 -3 -1  0    5   2   4   2   2   3   3  22   2   4   5   2   4   4   3  10  11   0   2   8  0.11 0.15
  314 D    0  0  1  0  2  1  0  0  1  0 -1  0 -1  0 -2  0  0 -3 -1  0    6   6   6   6   6   6   6   6   6   6   6   6   0   6   0   6   6   0   0   6  0.04 0.07
  315 I   -2 -1  2  1  1 -1  0 -1  3  0 -1 -1  0  0 -1 -1 -1  2  0  2    3   4   9   9   3   3   5   4   8   6   6   3   3   4   4   4   3   3   3  14  0.16 0.12
  316 R   -1  1  1 -1 -4 -1 -1 -2  3  1  0 -1  0  1  2 -1 -1  2  2 -1    3   8   6   3   0   2   2   3   9   9  10   4   2   6  10   4   3   3   7   4  0.16 0.17
  317 M   -1  1  0  1 -4  0  2 -2  0 -1  0  1  1  2  0 -1 -1  2 -1 -2    3   6   5   8   0   4  17   2   2   4  11   8   4   9   4   3   4   3   2   3  0.15 0.17
  318 T   -1  0  0  0  2  0  0 -1  2  0 -1  0  2  1  0 -1  0  3  1 -1    5   5   5   5   5   5   5   5   5   5   5   5   5   5   5   5   5   5   5   5  0.09 0.08
  319 T    2 -1 -1  0  1  0  2 -2 -5 -1 -1 -1  1  0 -1 -1  2  3  0 -1   14   3   3   6   3   5  11   3   0   4   6   3   3   4   3   4  14   3   3   5  0.18 0.18
  320 L   -1 -2 -1 -2 -4 -1 -1 -3 -1 -1  3 -2  1  3 -2 -2 -1  2  2  0    6   2   3   2   0   3   5   2   1   3  30   2   4  14   2   2   5   3   7   5  0.33 0.27
  321 A    1 -2  0 -1  2  0  1 -2 -3  1  1 -3  0  2 -4 -1 -2  1  0  1   13   2   5   2   4   3  11   2   0   8  14   0   2   9   0   4   2   2   3  11  0.16 0.19
  322 M    0 -2  0  0  2  0  0  0  2  0  0 -2  1  1 -2  0  0 -2  1  0    6   0   6   6   6   6   6   6   6   6   6   0   6   6   0   6   6   0   6   6  0.05 0.11
  323 Y   -1 -1 -1 -1 -3 -1 -2 -1  1  0  1 -1  2  2 -3 -1 -1  2  2  1    5   4   3   3   0   3   0   4   4   5  17   5   6   9   0   4   4   3   8  13  0.11 0.14
  324 E   -1  0 -1  0  1  0  1 -2  0  0  0  0  0  1 -3  0  0  4  2  0    5   6   2   6   3   3   9   2   3   5   8   5   3   5   0   6   5   8   7   7  0.11 0.13
  325 V    0  0  0  0 -3  1  0  0  2  0 -1  0  1  1 -3  0  0  3  1  0    6   6   5   6   0   5   6   6   5   6   6   6   5   5   0   6   6   5   5   6  0.06 0.10
  326 I    0  0 -2  0  2  0  0  0 -2  0  0  0  1  1 -3  0  0  3  1  0    6   6   0   6   6   6   6   6   0   6   6   6   6   6   0   6   6   6   6   6  0.07 0.11
  327 K    0  0  0  0 -2  1  0  0  2  0  0  0  1  0 -2  0  0 -2  1  0    6   6   6   6   0   6   6   6   6   6   6   6   6   6   0   6   6   0   6   6  0.04 0.07
  328 M   -1  0  0  0  2  0  0 -1  2  0 -1  0  1  0 -3  0  0  3  1  0    5   5   5   5   5   5   5   5   5   5   5   5   5   5   0   5   5   5   5   5  0.06 0.10
  329 G   -1  0  0  0  2  0  0 -1  2  0 -1  0  2  1  0 -1  0  3  1 -1    5   5   5   5   5   5   5   5   5   5   5   5   5   5   5   5   5   5   5   5  0.09 0.08
  330 G   -1  1  3  0 -1 -1 -1  4 -1  0 -2 -1  0 -2 -4 -1  0  1 -1 -1    3   7  12   5   1   2   3  28   1   5   3   4   2   2   0   5   5   2   3   5  0.31 0.27
  331 F   -2 -2  1  0 -5 -1 -2  0  1 -1  0 -1  1  2 -2 -2 -2  4  5 -2    3   2   6   6   0   2   3   8   3   3   9   4   3   9   3   3   2   5  23   2  0.43 0.35
  332 D    0 -1 -1  2 -5  1  0  0  0 -2 -2 -2 -1  1  0  0 -1  4  5 -2    7   3   2  12   0   7   6   7   2   2   3   2   1   5   5   7   4   5  18   2  0.31 0.29
  333 K   -1  0  0  1 -4  0  1  2  1 -2 -3  0 -1 -2  2  0  1 -4 -1 -1    4   6   5   8   0   5  10  17   3   2   2   6   1   2  10   6   8   0   2   4  0.18 0.18
  334 G    0  0  1  0 -3 -1  0  0  2 -2 -1  0 -2 -2  1  0  0  4  1 -1    7   7   7   7   0   0   7   7   6   0   7   7   0   0   7   7   7   6   6   7  0.11 0.12
  335 G   -1  0  0  0  2  0  0 -1  2  0 -1  0  2  1  0 -1  0  3  1 -1    5   5   5   5   5   5   5   5   5   5   5   5   5   5   5   5   5   5   5   5  0.09 0.08
  336 L   -1  0  0  0  2  0  0 -1  2  0 -1  0  2  1  0 -1  0  3  1 -1    5   5   5   5   5   5   5   5   5   5   5   5   5   5   5   5   5   5   5   5  0.09 0.08
  337 N   -1  0  3 -1  1  1 -1 -1  2 -1 -2 -2  1  1 -6  1  0  3  2 -1    5   5  14   3   3   5   4   5   5   3   5   3   3   6   0   9   6   4   6   5  0.22 0.18
  338 F   -1 -3 -3  2 -3 -1 -1 -1 -3  1  1 -3  2  2  0 -1  0  4  2  0    4   0   0  13   0   3   4   4   0   9  12   0   6  11   4   4   7   5   8   5  0.21 0.21
  339 D   -1  0  0  4 -4  0  0  0 -3 -1 -1  0  0 -1  0  0  0  2  0 -1    4   5   3  26   0   4   3   7   0   3   7   6   3   3   4   7   4   3   3   4  0.20 0.20
  340 A    0 -3 -1 -1  3  0 -1 -1  1  1  0 -3  1  1  0 -1  0 -3  2  1    8   0   3   4   6   5   3   5   4  10   8   0   4   8   5   4   5   0   7   9  0.09 0.13
  341 K   -1  0 -1  1 -4  1 -1 -2  3 -1 -2  1  0  3  1 -1 -1  2  1 -1    5   5   3   7   0   6   4   3   8   5   3  10   3  14   6   4   3   3   5   4  0.15 0.17
  342 V    0  0  0  0  2  0 -1  0  1  0 -1  0  1  0  0  0  0 -2  1  0    6   6   5   6   5   5   0   6   5   6   6   6   5   5   6   6   6   0   5   6  0.03 0.08
  343 R   -2  4  0 -1 -4  0 -1 -4  3 -1 -1  0  1  1  0 -1 -1  2  2 -1    3  26   5   3   0   3   3   0   7   3   4   4   5   6   5   4   3   3   7   4  0.31 0.30
  344 R   -1  5  1  0 -4  0  0 -2  1 -4 -2 -2  1 -4  1 -1 -1 -4 -1 -2    4  34   8   5   0   4   7   3   3   0   4   0   5   0   9   5   3   0   3   3  0.49 0.39
  345 A    0 -1  0  2 -3  0  2 -1 -2 -1 -1 -1  1 -1 -1  0  1 -3 -1 -1    6   3   3  13   0   4  18   3   0   4   7   3   5   3   2   7  11   0   2   4  0.15 0.18
  346 S    0  1  0  2 -3 -1  1  0 -1 -2 -3 -1 -1 -4  2  2  0  1 -2 -2    6   9   3  11   0   2  11   8   1   2   2   3   1   0  12  20   4   2   2   2  0.26 0.25
  347 F   -1  0  0  0  2  0  0 -1  2  0 -1  0  2  1  0 -1  0  3  1 -1    5   5   5   5   5   5   5   5   5   5   5   5   5   5   5   5   5   5   5   5  0.09 0.08
  348 E   -1  0  1  4 -6  1  2 -2  3 -6 -2  0  1 -6 -1 -1  0 -6 -6 -2    5   5   6  23   0   6  13   4   6   0   4   7   4   0   4   4   6   0   0   4  0.48 0.31
  349 P    0  0  0  0 -3  0  0 -1  0  0 -1  0  0 -1  2  0  0 -3  0  0   10   5   4   7   0   3   6   4   3   7   6   7   3   3  12   6   5   0   3   7  0.08 0.08
  350 E   -1  0  0  0  2  0  0 -1  2  0 -1  0  2  1  0 -1  0  3  1 -1    5   5   5   5   5   5   5   5   5   5   5   5   5   5   5   5   5   5   5   5  0.08 0.08
  351 D    0  1  1  1 -2  1  1  0 -1 -2 -2  1  1  0  1  0  0 -3 -2  0    7   7   7   7   0   7   7   7   0   0   1   7   7   7   7   7   7   0   0   7  0.09 0.11
  352 L    0 -1  0 -1 -2  0  0 -1  1  1  0 -1  2  1  0  0  0 -2  1  1    7   4   4   3   0   6   6   3   4   9   8   0   8   8   4   7   4   0   4  11  0.04 0.09
  353 F    1  0 -1 -3  0 -3 -2 -2 -3  1 -1 -3  1  3 -1  1  0  3  0  1   14   5   3   0   2   0   2   2   0  10   4   0   5  15   3  10   4   5   2  12  0.22 0.23
  354 L    0  0  0  0  1  0  0  0  1  1 -1  0  2  0  0 -1  0 -3  1  0    5   5   3   5   3   3   8   6   5   8   5   5   7   3   5   4   5   0   5   9  0.02 0.07
  355 G    0  0  0  0  2  1  0  0  1  0 -1  0  1 -2  0  0  0  3 -2  0    6   6   5   6   5   5   6   6   5   6   6   6   5   0   6   6   6   5   0   6  0.07 0.11
  356 H    1  0  0 -1  2  0  0 -1  2 -2 -1 -2  0  1 -1  0  0 -3  0  1   12   6   5   3   6   3   6   4   8   0   6   0   3   8   3   6   5   0   3  11  0.07 0.14
  357 I    0  0  0  0  2  1  0 -3  2  0 -1  0  1  0  0  0  0 -2  1  0    6   6   5   6   5   5   6   0   5   6   6   6   5   5   6   6   6   0   5   6  0.05 0.09
  358 A    0  1  0  0  1  1  1  0  1 -1 -1  0  0 -1 -2  0  0 -3  0 -1    9  10   5   4   3   7  11   6   3   4   5   6   3   3   0   5   6   0   4   4  0.06 0.09
  359 G    2 -1  1 -1  1 -1 -1  2  0 -2 -2 -1  0  0 -2  1 -1  1  0 -1   16   3   9   3   3   2   3  18   2   3   3   2   2   4   2  12   4   2   4   4  0.17 0.19
  360 M    0  0  0 -2  2  0 -2  0 -2  0  0 -2  1  1  1  0  0  4  1  0    6   6   6   0   6   6   0   6   0   6   6   0   6   6   6   6   6   6   6   6  0.10 0.14
  361 D   -1  1  0  2 -3  1  2 -3 -2 -1 -1  1 -2  0 -3  0 -1  4  0  0    4   8   5  15   0   7  13   0   0   4   5  10   0   4   0   4   4   7   3   7  0.21 0.20
  362 A    1  1  1  0  0  0  0 -1  0 -1 -1  0  0 -1 -2  0  1  1 -1  0   18   7   9   6   2   3   5   2   3   3   7   7   3   2   0   3   9   3   2   6  0.07 0.12
  363 F    0  0 -2  0  2  1  0 -3 -2  0  0  0  1  1 -3  0  0  4  1  0    6   6   0   6   6   6   6   0   0   6   6   6   6   6   0   6   6   6   6   6  0.10 0.14
  364 A    0  0  0  0 -3  1  0  0  2  0 -1  0  1  1 -3  0  0  3  1  0    6   6   5   6   0   5   6   6   5   6   6   6   5   5   0   6   6   5   5   6  0.06 0.10
  365 K    0  3  0  0  0  1  0 -1  1 -1 -1  1  1 -1 -3 -1 -1  3  0 -1    6  16   4   7   3   6   6   5   3   4   7   9   3   3   0   3   3   5   3   3  0.14 0.15
  366 G    0  0  0 -2  2  1  0  0 -1  0  0  0  1  1 -2  0  0 -2  1  0    6   6   6   0   6   6   6   6   0   6   6   6   6   6   0   6   6   0   6   6  0.04 0.09
  367 F   -1 -1 -1 -3  1 -2 -1 -3 -3  0  3 -1  2  1 -1 -1  0  3  1  0    4   4   4   0   4   0   4   0   0   5  34   4   5   5   3   3   5   5   6   4  0.22 0.23
  368 K   -1  2  0  0  0  0  1 -1  1  0  0  2  1 -1 -1 -1 -1 -3 -2  0    4  12   3   6   3   4  10   4   4   5  10  13   6   3   3   3   3   0   0   5  0.08 0.12
  369 V    0  1  1 -1 -3  0  0 -1  1  1  0  0  2  0 -3 -1  0 -3  0  1   11  10   7   3   0   5   4   4   3   9   5   6   6   3   0   4   5   0   3  11  0.06 0.11
  370 A    0  0  0  0  2 -1  0  0 -1  0  0  0  1  1 -2  0  0 -2  1  0    6   6   6   6   6   0   6   6   0   6   6   6   6   6   0   6   6   0   6   6  0.03 0.08
  371 Y   -1  0  0  0  2  0  0 -1  2  0 -1  0  1  0 -3  0  0  3  1  0    5   5   5   5   5   5   5   5   5   5   5   5   5   5   0   5   5   5   5   5  0.06 0.10
  372 K    0  2  0  0 -4  1  1 -1  1 -3 -1  2  1 -3 -3 -1 -1  2  0  0    8  14   4   6   0   6   9   4   4   0   8  14   3   0   0   3   4   3   3   6  0.18 0.20
  373 L    0  0  0 -2  2  1  0  0 -2  0  0  0  1  0 -2  0  0 -2 -1  0    7   7   7   0   6   7   7   7   0   7   7   7   6   6   0   7   7   0   0   7  0.04 0.09
  374 V    0  0  0  0 -3  1  0  0  2  0 -1  0  1  1 -3  0  0  3  1  0    6   6   5   6   0   5   6   6   5   6   6   6   5   5   0   6   6   5   5   6  0.06 0.10
  375 K    0  0  1  0  2  1  0  0  2  0 -1  0 -1 -2  1  0  0 -3 -2  0    6   6   6   6   6   6   6   6   6   6   6   6   0   0   6   6   6   0   0   6  0.07 0.08
  376 D    0  0  1  0 -3  1  0  0  2  0 -2  0  1 -2  1  0  0 -3  1  0    6   6   6   6   0   6   6   6   6   6   1   6   6   0   6   6   6   0   6   6  0.08 0.11
  377 A    0  0  0  0 -4  0  0  3  1  0 -1  0  0 -4  0  0 -1 -4 -3 -1    9   6   4   5   0   5   5  24   3   5   5   6   3   0   4   7   4   0   0   4  0.19 0.18
  378 E    0  0  0  1  0  0  1 -1  0  0  0  0  0  0  0  0  0 -2  0  0    7   6   4   8   3   4   9   4   3   5  11   7   3   4   5   4   4   0   3   6  0.02 0.02
  379 F    0  0 -2  0 -3  0  0  0  2  0  0 -1  1  1  1  0  0  3  1  0    6   6   0   6   0   6   6   6   6   6   6   0   6   6   6   6   6   6   6   6  0.08 0.12
  380 D    1  0  0  3  1  1  1 -1  1 -3 -2  0 -2 -1  1  0  0 -3  0 -1   15   4   3  18   3   8   6   3   3   0   4   7   0   3   6   7   4   0   3   3  0.16 0.18
  381 K    0  0  0  0  2  0  0 -1  1  0 -1  0  1  0  0  0  0  3 -2  0    5   5   5   5   5   5   5   5   5   5   5   5   5   5   5   5   5   5   0   5  0.05 0.09
  382 F   -1 -1  1 -2  1 -1 -1 -2  1  1  1 -1  4  2 -1 -2 -2  3  0 -1    5   3   8   3   3   3   4   3   4   9  14   4  10   8   3   3   3   3   3   5  0.19 0.15
  383 I    0  2  0 -4 -4 -1 -1 -2 -4  2  1 -1  1 -1 -4 -1 -1 -5 -4  3    8  14   4   0   0   3   3   3   0  12  16   3   4   3   0   4   4   0   0  18  0.29 0.25
  384 E    0  1  1  0 -2  1  0  0  2  0  0  0  1 -2 -2  0  0 -3 -2  0    7   7   7   7   0   7   7   7   6   7   7   7   6   0   0   7   7   0   0   7  0.06 0.09
  385 E    0  0  1  1 -3  2  2  0  1 -2 -1  1  0 -3  0  0  0  2 -2 -1    7   4   7   8   0   9  15   8   4   0   5   9   4   0   3   4   5   3   0   4  0.16 0.16
  386 R   -1  6 -2  0 -4  0  0 -4  0 -2 -1  1 -3 -1 -1 -2 -1 -4  0 -3    4  49   0   5   0   4   5   0   3   3   7   6   0   3   3   0   3   0   3   0  0.69 0.43
  387 Y   -2 -3 -1 -1  0 -3 -1 -4  0  0 -1 -1  0 -1 -1 -3  0  3  7  0    3   0   3   3   2   0   4   1   2   6   4   4   2   0   3   1   8   4  44   5  0.74 0.45
  388 A    3  0 -1 -1 -2  2  0  0  0  0 -1 -1 -1 -3 -2  2 -1 -3 -3 -1   30   6   2   2   0  12   6   5   2   5   6   2   1   0   0  15   2   0   0   3  0.22 0.24
  389 S    0  1  1  1 -2  1  1  0 -1  0 -2  1 -2 -3  1  1  1 -3 -2 -1    8   8   8   8   0   8   8   8   0   8   1   8   0   0   8   8   8   0   0   0  0.16 0.10
  390 Y    0  1  1  0 -2  1 -1 -2 -1  0  0  0 -1  1 -2  0  0  4  1  0    7   7   7   7   0   7   0   0   0   7   7   7   0   7   0   7   7   7   7   7  0.10 0.12
  391 K    0  1  1  1 -3  2  0 -1  2  0 -1  0 -2 -2  0  1  0 -3  0 -2   10   6   6  11   0  11   4   4   8   7   4   6   0   0   5   9   4   0   3   0  0.14 0.15
  392 D    0  0  1  0  2  1  0  0  2 -2 -1  0  1  0  1  0  0 -2  1 -2    6   6   6   6   6   6   6   6   6   0   6   6   6   6   6   6   6   0   6   0  0.08 0.12
  393 G    0  0 -1  1 -4 -1  2  4 -3 -4 -2 -1 -4 -1  1 -1  0 -4 -4 -4    7   5   3   9   0   2  15  34   0   0   3   2   0   3   8   2   6   0   0   0  0.47 0.32
  394 I    0 -1  0 -1 -3 -1  0 -1  0  1  0  0  0  3  0  0 -1  2 -1  0    7   3   4   4   0   3   5   3   3  13  11   5   3  15   4   7   3   3   0   5  0.07 0.11
  395 G    0 -4 -3 -1 -4  0 -3  5 -4 -1 -2 -1  1 -4  0  0  0  3 -4 -1    6   0   0   4   0   4   0  44   0   4   4   4   5   0   4   6   5   4   0   5  0.60 0.38
  396 A    2  2 -2  1 -3  3  0 -1 -2 -1 -2  1  0 -4  0  0  0 -4 -3 -1   26  11   0   7   0  15   4   4   0   3   3   8   2   0   4   4   4   0   0   3  0.26 0.26
  397 D    1  3 -1  0 -3  1  1 -2  0 -1 -2  2  1 -3 -1  0  0 -4 -3 -2   15  20   2   6   0   8   8   2   3   3   3  15   4   0   2   4   4   0   0   2  0.25 0.22
  398 I    0 -2 -3 -2  1 -3 -2 -2 -3  4  0 -2  1  2 -1 -1 -1 -3  0  2    9   2   0   2   3   0   3   2   0  27   8   2   3  12   2   4   4   0   3  14  0.26 0.23
  399 V    1  0 -1 -1 -3 -1  3 -3 -3  0  2 -1  2 -1 -2 -1 -2  0 -2  0   12   6   2   2   0   1  24   1   0   6  24   2   5   2   1   3   1   2   0   5  0.22 0.23
  400 S    1  1  2  0 -3  1  1  0 -2 -3 -1  2  0 -2 -2  1  0 -3 -3 -2   16   7  10   6   0   5  10   7   0   0   7  14   3   2   0   9   4   0   0   0  0.17 0.18
  401 G   -1 -1  0 -1  0 -1 -2  6 -3 -4 -3 -2 -4 -2 -4 -1 -3  2 -1 -3    5   4   4   3   2   3   3  58   0   0   2   2   0   2   0   4   0   4   2   2  0.90 0.47
  402 K    0  2  0  1 -4  2  2 -1  0 -4 -3  3 -3 -4 -1  1  0 -4 -1 -3    6  10   4   9   0   7  15   5   2   0   3  20   0   0   2   9   5   0   2   0  0.31 0.24
  403 A    1 -1 -1 -2 -1 -1  0  0  0  0  1  0  1  0  0  0  0 -2  0  0   19   3   3   0   1   1   6   6   3   4  18   5   6   3   3   5   5   0   4   6  0.05 0.11
  404 D    0 -2  0  3 -1 -2 -1  0 -3 -4 -2 -2 -4 -5 -1  3  3 -5 -4 -3    5   2   3  21   1   1   2   7   0   0   3   1   0   0   3  30  20   0   0   1  0.55 0.42
  405 F    0 -2 -5 -5 -4 -4 -3 -5 -4 -1  4 -4  1  5 -2 -4 -2  2  2 -1    8   3   0   0   0   0   2   0   0   1  43   0   2  24   2   0   2   3   6   3  0.71 0.42
  406 K    1  1 -2  1 -5  1  5 -4 -1 -5 -3  2 -4 -5 -2  0 -1 -5 -4 -3   10   7   1   8   0   5  44   0   1   0   2  11   0   0   1   6   3   0   0   1  0.69 0.44
  407 S    1  0 -1  3 -4  0  3 -1 -1 -4 -3  1  0 -3 -3  1  1 -4 -3 -2   12   5   2  17   0   3  27   4   1   0   1   6   2   1   0   9   7   0   1   2  0.39 0.29
  408 L   -1 -3 -5 -6  4 -4 -5 -6 -5  2  5 -5  2 -3 -5 -3 -3 -4 -4  0    4   2   0   0   9   0   0   0   0  10  65   0   4   0   0   2   0   0   0   4  1.07 0.53
  409 E    3  2 -2  1 -1  1  4 -2  0 -4 -2  0 -1 -4 -1 -1 -2 -4 -1 -2   25  10   0   6   1   5  31   2   3   0   3   3   2   0   2   2   2   0   3   2  0.44 0.35
  410 K    2  0  0  2 -4  2  2 -1 -2 -3 -3  2 -1 -4 -2 -1 -1 -4 -3 -3   24   5   3  10   0   9  18   5   0   1   2  15   2   0   1   3   2   0   0   0  0.36 0.28
  411 Y   -1 -1 -3 -2 -4  0  0 -4  3  0  0  1 -1  1 -2 -2 -1  2  6 -2    5   3   0   1   0   4   7   0   9   5  11   8   2   4   2   1   3   2  31   2  0.47 0.33
  412 A    4 -1 -2 -2 -3 -3 -2 -1 -3  1 -2 -2  1 -2 -2  0 -1 -4 -2  2   43   4   1   2   0   0   2   3   0  10   2   2   4   1   1   7   3   0   1  13  0.40 0.34
  413 L    0  1 -2 -2 -2 -1  0 -4  0  0  2  0  3  3 -2 -2 -1 -3 -1  0    8   8   1   1   1   2   7   0   2   4  25   7   9  13   2   2   2   0   1   5  0.20 0.20
  414 E    0  1  0  4 -4  1  3 -1 -1 -4 -4  2 -4 -4 -2  0 -1 -5 -2 -4    9   7   2  26   0   7  18   3   1   0   0  16   0   0   1   5   3   0   2   0  0.52 0.34
  415 H    0  2  2 -1  0  1 -1 -2  4 -2  0  1 -1 -2 -1 -1 -1  3  0 -1    6  12  12   2   2   6   2   2  14   2   8  10   1   1   3   3   3   4   2   4  0.21 0.20
  416 S    1 -2 -1  1 -4 -1 -1  5 -2 -3 -4 -1 -4 -5  1  0 -2 -5 -3 -1   11   2   3  10   0   2   3  43   1   2   1   4   0   0   7   6   2   0   1   4  0.58 0.35
  417 E    1 -2  1  2 -4  2  4 -2 -1 -4 -2  1 -2 -3 -1  0 -1 -5 -4 -4   12   0   8   9   0   8  33   1   1   0   3   9   1   1   3   8   2   0   0   0  0.49 0.36
  418 I    0 -2 -3 -3 -4 -2 -3 -5 -4  1  1 -4  1 -4  6 -2 -2  0 -1  1    7   2   1   1   0   2   1   0   0   8  14   0   3   0  43   2   2   2   2   9  0.88 0.47
  419 V    1  0  0 -1 -1  2  1  1 -1 -1 -1  1  0 -2  1  0  1 -4 -3 -1   11   5   5   2   1  11   8   9   1   2   5  10   3   1   8   6   9   0   0   5  0.12 0.13
  420 T    1 -1  0 -2 -3  3 -1 -2  1 -1  0  0  0 -2  4 -1 -1 -4 -3  1   11   2   6   2   0  15   3   2   3   3   8   5   2   1  21   4   2   0   0  10  0.30 0.24
  421 N    0  3  0 -2 -4  1  1 -1  2  0 -3  1 -2 -4  1  0  1 -4 -3  0    8  23   3   0   0   7   8   3   5   7   1   7   0   0   6   5  12   0   0   6  0.27 0.24
  422 Q    0  1 -2 -1 -1  1 -2  0 -4 -6 -4 -2 -5 -5 -4  6 -2 -6 -3 -5    5   9   1   3   1   7   1   7   0   0   2   1   0   0   0  63   0   0   1   0  1.05 0.65
  423 V   -1 -4 -1 -2 -5  0 -4  5 -4 -2  0 -2 -4 -2 -5  1 -3 -5  0 -2    4   0   2   2   0   4   0  54   0   2  11   2   0   2   0  11   0   0   4   2  0.84 0.47
  424 D   -1  5 -2 -1 -5  1 -1  0  1 -5 -3  3 -4 -2  2 -3 -2 -5 -4 -5    6  37   1   3   0   5   2   6   4   0   2  22   0   2   9   0   1   0   0   0  0.75 0.45
  425 K   -3  0 -4 -4 -6  7  0 -5  0 -2 -2 -2 -4 -4 -3 -1 -3 -4  5 -5    1   5   0   0   0  54   5   0   2   2   4   1   0   0   1   4   1   0  19   0  1.32 0.71
  426 K   -2 -2 -4  0 -7  0  7 -5 -4 -6 -6 -1 -5 -6 -5 -1 -4 -6 -2 -3    3   2   0   3   0   2  81   0   0   0   0   2   0   0   0   5   0   0   1   2  1.80 0.82
  427 C   -1  4 -3 -4 -2  0 -1 -3  4 -2  2  0  2 -1 -4 -2 -3  3  3 -1    5  25   0   0   1   5   4   1  11   1  19   3   7   1   0   1   0   5  10   3  0.47 0.34
  428 L   -1 -5 -6 -6 -1 -5 -5 -6 -1  2  5 -5 -1  1 -5 -5 -4  3  3  0    5   0   0   0   1   0   0   0   1  11  58   0   0   4   0   0   0   4  11   5  0.94 0.48
  429 N   -4 -3  0  4 -7 -1  6 -2 -4 -6 -4  1 -5 -6 -4 -3 -2 -6 -5 -6    0   0   4  24   0   1  59   3   0   0   2   7   0   0   0   0   1   0   0   0  1.41 0.66
  430 Q    1  1  4  0 -1  4 -2 -1  1 -3 -3 -2  2 -4 -4  1  0 -5 -4 -3   10   6  25   3   1  22   0   4   3   1   1   0   6   0   0  12   5   0   0   1  0.51 0.37
  431 Y   -3  0 -4 -4 -3 -2 -2 -5  0  3  3  0  2 -2 -4 -3  1 -1 -1  2    0   5   0   0   0   1   2   0   2  20  34   6   5   1   0   0   8   1   1  15  0.47 0.30
  432 S    0 -4 -4 -4 -3 -4 -4 -2 -4  3  1 -4  0  3 -4 -1  1 -3 -2  3    6   0   0   0   0   0   0   2   0  22  14   0   1  15   0   3   8   0   0  27  0.52 0.31
  433 I   -1 -1  6 -2 -4  1 -3 -3 -3 -1 -4 -3  1  0 -4 -1  0 -5 -1  0    5   2  54   0   0   6   0   0   0   4   0   0   4   5   0   3   4   0   2   9  0.93 0.50
  434 Q   -3  4  0  2 -5  3  2 -3  3 -4 -4 -1  0 -3 -2  1 -2 -3 -1 -4    1  28   4  10   0  18  14   0   7   0   0   0   2   1   1   9   1   0   2   0  0.63 0.39
  435 Y   -1 -3 -5 -6 -5 -3 -5 -6  2  1  1 -4 -3  2 -6 -3 -4 -2  8 -1    5   1   0   0   0   1   0   0   4   8  12   1   0   8   0   2   0   0  54   4  1.33 0.58
  436 L   -4 -5 -6 -6 -4 -5 -5 -6 -2  4  5 -5  2 -2 -5 -5 -3 -4 -3  2    0   0   0   0   0   0   0   0   1  27  56   0   4   0   0   0   0   0   0  11  1.11 0.47
  437 F   -3 -4 -5 -5 -3 -4 -5 -5 -3  1  4 -4  0  4 -5 -4 -3  3  4 -1    0   0   0   0   0   0   0   0   0   5  50   0   1  24   0   0   0   5  14   1  0.92 0.34
  438 T    1  1 -1 -1 -2  1 -1 -1 -2 -3 -3  1 -2 -3 -2  4  3 -3 -2 -2   12   6   0   0   0   5   0   0   0   0   0   7   0   0   0  46  24   0   0   0  0.43 0.13
  439 E   -1  0  0  3 -4  1  4 -2 -1 -3 -3  2 -2 -3 -1  0 -1 -3 -2 -3    0   0   0  25   0   0  50   0   0   0   0  24   0   0   0   0   0   0   0   0  0.56 0.02

                      K         Lambda
Standard Ungapped    0.1369     0.3202
Standard Gapped      0.0410     0.2670
PSI Ungapped         0.0834     0.3180
PSI Gapped           0.0255     0.2670
