
Last position-specific scoring matrix computed, weighted observed percentages rounded down, information per position, and relative weight of gapless real matches to pseudocounts
           A  R  N  D  C  Q  E  G  H  I  L  K  M  F  P  S  T  W  Y  V   A   R   N   D   C   Q   E   G   H   I   L   K   M   F   P   S   T   W   Y   V
    1 M   -2 -3 -3 -4 -2 -2 -3 -4 -3  1  2 -3  7 -1 -3 -2 -1 -3 -2  2    0   0   0   0   0   0   0   0   0   4  11   0  65   0   0   0   0   0   0  20  0.74 0.16
    2 D   -1 -2  0  3 -5  0  6 -3 -2 -5 -5 -1 -4 -5 -3  0 -1 -5 -4 -4    3   0   4  12   0   0  70   1   0   0   0   0   0   0   0   7   3   0   0   0  1.09 0.38
    3 Y   -3 -4 -5 -5 -3 -4 -5 -5  2 -1 -1 -5 -2  7 -5 -4 -4 -1  7 -3    1   0   0   0   1   0   0   0   4   2   4   0   0  47   0   1   0   0  41   0  1.61 0.50
    4 F   -5 -5 -6 -6 -5 -6 -6 -6 -4 -3 -1 -6 -1  8 -6 -5 -5  2  1 -2    0   0   0   0   0   0   0   0   0   0   2   0   1  89   0   0   0   2   2   3  2.20 0.63
    5 E   -1 -1 -2  1 -4  1  0 -2 -3 -4 -4  1 -2 -5  6  0  0 -5 -4 -2    5   3   1   7   0   6   5   2   0   0   0   8   1   0  49   8   4   0   0   2  0.99 0.35
    6 N   -2 -3  2  2 -4  1  1  5  0 -5 -5 -2 -4 -3 -3 -1 -1 -4 -4 -4    1   0  10  11   0   8   9  51   2   0   0   1   0   1   0   2   4   0   0   0  0.76 0.31
    7 V   -3 -4 -5 -5 -3 -3 -5 -5 -5  6  1 -3  0  0 -2 -3 -2 -4 -3  3    0   0   0   0   0   1   0   0   0  59   6   1   1   4   2   1   1   0   0  24  0.98 0.40
    8 P   -1 -3  0  3 -4  0  0  2 -1 -4 -4  0 -4 -5  5  1 -1 -5 -4 -4    2   0   4  18   0   3   6  15   1   0   0   4   0   0  31  13   3   0   0   0  0.69 0.28
    9 K    0  3 -1 -2 -5  1 -1 -3 -1 -4 -4  5 -3 -5  2 -2 -1 -5 -3 -3    6  19   2   0   0   5   2   0   1   0   0  50   0   0   9   1   4   0   0   1  0.81 0.37
   10 V   -1 -4 -5 -5 -3 -4 -5 -5 -5  6  0 -4  2 -2 -4 -2 -2 -5 -3  3    5   1   0   0   0   0   0   0   0  64   2   0   5   0   0   2   1   0   0  20  1.05 0.44
   11 Q    0  1 -1 -1 -1  1  3  1  0 -3 -3  3 -3 -4  1 -1  0 -4 -3 -3    6   8   2   1   1   4  27   9   2   1   1  26   0   0   7   0   4   0   0   1  0.41 0.24
   12 Y   -4 -4 -5 -3 -5 -4 -5 -6  2 -3 -2 -5 -3  6 -6 -4 -4 -1  8 -4    0   0   0   2   0   0   0   0   5   0   2   0   0  30   0   0   0   0  61   0  1.92 0.62
   13 E   -1  1  1 -1 -4  1  5 -2 -1 -3 -3  2 -3  0 -3 -1 -2 -4 -3 -1    4   7   6   1   0   5  47   2   1   1   1  12   0   5   0   2   0   0   0   5  0.57 0.32
   14 G    0 -3  0 -2 -1 -1 -3  5 -3 -4 -3  0 -3 -4  3 -1 -2 -4 -4 -3    5   0   4   1   1   2   0  53   0   0   2   5   0   0  19   2   2   0   0   0  0.84 0.32
   15 K    1  0 -1  1 -3  1  1 -2 -2 -1 -2  1  0 -3  5  0 -1 -4 -3 -2   11   6   2   7   0   7   8   1   0   4   2   7   3   0  33   5   2   0   0   1  0.54 0.22
   16 N    1 -1  2  2 -3  1  1  2 -1 -3 -3  1 -2 -3 -2  1  0 -3 -2 -2   18   2  10  16   0   5   9  15   0   0   1   7   0   0   0   7   6   0   1   1  0.25 0.14
   17 A    1 -2 -1 -2  0 -1 -2  2 -2 -3 -2 -1  1 -3  1  4  2 -3 -3 -1    8   0   0   0   2   2   0  16   0   0   3   2   5   0   6  40  12   0   0   3  0.41 0.25
   18 K   -1  1  0  2 -3  0  1 -1 -2 -3 -3  3 -2 -3  3  0  1 -4 -3 -3    4   5   3  16   0   2   7   3   0   1   1  24   0   1  16   4  11   0   0   0  0.38 0.20
   19 S   -1 -1  5  3 -4  0  2  1 -2 -4 -4 -1 -3 -4 -1  0 -1 -4 -3 -4    4   3  40  16   0   2  12  10   0   0   1   1   0   0   2   4   2   0   0   0  0.62 0.28
   20 K   -1 -2 -2 -1 -3 -1  1 -1 -1  0 -2 -1 -1 -3  6  0  1 -4 -3 -1    5   1   1   3   0   2   8   4   1   5   3   2   1   0  40   6  13   0   0   4  0.67 0.26
   21 Y   -2 -3 -2 -3 -2 -1 -3 -4 -3  1  4 -3  3  3 -2 -2  0 -2  0  0    1   0   1   1   0   2   0   1   0   5  50   0  11  12   1   3   6   0   2   3  0.47 0.24
   22 A    4 -3 -1 -3  3 -2 -2 -1 -3 -2 -2 -2 -2 -1 -1  1  0 -3 -1  1   51   0   2   0   7   0   0   3   0   0   1   0   0   2   2  12   3   0   2  13  0.48 0.27
   23 F   -3 -3 -4 -4 -4 -3 -4 -4  1 -2  0  0 -2  6 -4 -3 -3 -1  5 -3    1   0   0   0   0   0   0   1   3   0  10   8   0  48   0   1   0   0  27   0  1.15 0.40
   24 R   -2  5  1 -2 -4  2 -1 -1  2 -4 -4  4 -3 -4 -3 -1 -1 -4 -3 -4    2  33   7   0   0   8   0   3   5   0   1  35   0   0   0   2   2   0   0   0  0.74 0.31
   25 H   -3  0 -2 -3  0 -1 -1 -1  6 -3 -3 -2 -3  1 -4 -2  0  6  5 -1    1   5   0   0   3   1   3   5  29   0   1   0   0   5   0   1   6  11  23   5  0.82 0.33
   26 Y   -4  1 -4 -5  0 -3 -4 -5  2 -4 -3 -3 -3  1 -5 -3 -1 -1  8 -3    0   9   0   0   2   0   0   0   3   0   1   0   0   2   0   0   5   0  74   0  1.80 0.61
   27 N   -2 -1  5  4 -1 -1  0 -2  0 -1 -3  0 -3 -3 -3  0 -1 -4 -3 -3    2   2  38  24   1   2   3   2   1   5   2   5   0   0   1   8   2   0   0   1  0.59 0.27
   28 P    3  2 -2 -1 -3 -2  0 -2  0  0 -3  0 -2 -3  5  0 -2 -4 -3 -1   29  13   0   3   0   0   6   1   2   6   1   3   0   0  29   4   1   0   0   2  0.56 0.28
   29 E    0 -2  2  4 -4  0  3 -1 -2 -3 -4  0 -3 -4 -2  0  0 -4 -3 -2    8   0   9  31   0   4  20   4   0   0   1   6   0   0   0   8   4   0   0   3  0.51 0.26
   30 E   -1  3 -2  1 -4  1  4 -3  0 -4 -2  2 -3 -4  0 -2 -2 -4 -3 -3    4  19   0   6   0   6  39   1   2   0   4  11   0   0   4   1   1   0   0   1  0.65 0.33
   31 I   -1  1 -1 -2 -2  1  0 -3  0  1  0  1  2 -1 -3 -1  1  2 -2  2    4   8   2   0   0   8   4   1   2   9   8   8   6   2   0   2   8   4   0  21  0.14 0.15
   32 I    1 -3 -3 -3 -2 -3 -3 -3 -3  3  1 -3  2  0 -3  0  0 -3 -2  3   12   0   0   0   0   0   1   1   0  23  13   0   6   5   0   7   5   0   0  26  0.39 0.24
   33 M   -1 -1  0  1  1  0  0  1  3 -2  1 -2  2 -2 -1 -1 -2  2  0  0    4   3   3   7   3   5   5  14  10   0  17   0   6   0   3   3   0   4   3   8  0.12 0.18
   34 G    0  0  1  1 -3 -1  0  0 -1  0 -2  0 -2  1  1  0  0  4  1 -2    7   7   7   7   0   0   7   7   0   7   1   7   0   7   7   7   7   7   7   0  0.12 0.13
   35 K   -1  1  1 -1 -3  2  1 -2  3 -2  0  1 -1  1 -2 -1  1 -2 -1 -2    1  11  10   1   0  10  11   1  10   1  11  11   0  10   1   1  11   0   0   1  0.15 0.10
   36 P    0  1  1 -2 -2  1 -1 -2 -1 -2 -2  1  2  1  1  1  1  4 -1 -2    9   9   9   0   0   9   1   1   0   0   1   9   9   9   9   9   9   8   0   1  0.20 0.15
   37 M   -1  0 -4 -4  1  0 -1 -4  2  0 -1  1  7 -3 -1 -1 -1 -4 -4  0    5   4   0   0   3   4   4   0   5   4   5   9  40   0   4   4   4   0   0   5  0.77 0.51
   38 K    0  0  0  0 -2  1  0  0  1  0 -1  0 -1  0  1  0  0 -2  1  0    6   6   6   6   0   6   6   6   6   6   6   6   0   6   6   6   6   0   6   6  0.04 0.06
   39 D    0 -1 -1  1 -2  1  1  0 -1  0 -1  0 -1  1 -2  0  0 -2  1  0    8   0   0   8   0   8   8   8   0   8   1   8   0   8   0   8   8   0   8   8  0.07 0.09
   40 H   -1  0  0  1  3  1  1  0  4 -1 -2 -1 -2 -1  0 -2  1  4  0 -3    3   6   4   7   7   6   8   6  13   4   3   4   0   3   4   0  10   6   4   0  0.22 0.20
   41 L    0  0 -2 -2  2  1 -2 -2 -1  0  0 -1  1  1  1  0  0 -2  1 -1    8   8   0   0   7   7   0   1   0   8   8   0   7   7   8   8   8   0   7   0  0.06 0.14
   42 R    0  1  1  1 -2 -1  0  0  2  0 -1  0 -1 -2  1  0 -1 -3 -2  0    8   8   7   8   0   0   8   8   7   8   8   8   0   0   8   8   0   0   0   8  0.08 0.08
   43 F    0 -2 -2 -3  3 -2 -2 -2 -1  1  1 -2  2  2  2 -1 -1 -1  2  0   12   1   0   1  11   0   1   1   0  12  12   1  11  12  12   1   1   0  11   1  0.20 0.10
   44 S    0  1  1 -1 -2 -1  0  0  2  0 -2 -1 -1  1  1  1  1 -2 -1 -1    9   9   9   0   0   0   9   9   9   9   1   0   0   9   9   9   9   0   0   1  0.11 0.11
   45 V    0 -2 -2 -2  3  1 -2 -2 -1  1  1 -2  2  1 -2 -1  0 -1  2  1    9   0   0   0   8   9   1   1   0   9   9   0   9   9   0   1   9   0   9   9  0.07 0.12
   46 A    0  0  1 -2  2 -1 -2  0  2  0  0  0 -1  1  1  0 -1 -2 -1  0    8   8   7   0   7   0   0   8   7   8   8   8   0   7   8   8   0   0   0   8  0.06 0.10
   47 F    0 -3  0 -1  1 -3 -3 -2  1  0  0 -3  1  3  1 -1 -2  3  4 -1    8   0   5   3   3   0   0   3   4   4  11   0   3  16   7   3   0   4  20   4  0.34 0.27
   48 W    1 -1 -4 -5 -4  0 -4 -1 -4 -4 -4 -1 -4  0 -1 -4 -4 11  1 -4   12   4   0   0   0   4   1   5   0   0   1   4   0   3   3   1   0  57   3   1  2.12 0.69
   49 H   -1 -2  3  0  3 -2 -2 -3  7 -3 -2 -1 -3  0  1 -2  1 -3  2 -3    5   1  15   4   7   0   1   1  30   1   4   4   0   4   6   1   9   0   7   1  0.63 0.37
   50 T    0 -2  0 -1 -2  0 -1 -1 -2  1  0 -2  1  1  0  1  2 -3 -2  1    7   0   5   4   0   4   4   4   0  13   9   0   3   6   5   9  19   0   0   8  0.12 0.16
   51 M    0 -2  0 -2  2  0 -2  0  2  0  0 -2  1  1  1  0  0  4  1  0    6   0   6   0   6   6   0   6   6   6   6   0   6   6   6   6   6   6   6   6  0.12 0.16
   52 T   -1  2  2  0  5  0  0  2  1 -3 -2 -1  0 -4 -1 -1  1 -4 -3 -1    4  11  11   4  13   5   5  14   3   0   3   3   3   0   3   4   9   0   0   3  0.27 0.26
   53 E    0  0  2  0 -4  1  0  2  1 -3 -2 -1  1  0 -1 -1 -1  5  1 -2    6   5  10   6   0   8   5  17   4   0   3   3   4   3   3   4   3   8   5   3  0.22 0.22
   54 D    0  0  0  0 -3  1  0  0  2  0 -1  0  1 -2  0  0  0  3  1  0    6   6   5   6   0   5   6   6   5   6   6   6   5   0   6   6   6   5   5   6  0.07 0.10
   55 G    0  0  0  0  0  0 -1  4  1 -1 -2 -1 -3  0 -1  0 -1 -3 -3 -2    7   5   4   6   3   4   4  34   4   4   5   3   0   4   3   5   2   0   0   3  0.28 0.21
   56 S    0  0  0  0  1  0 -1  1  0  0 -1 -1  1  1 -2  1  1 -3  0 -1    9   7   3   7   3   3   3   9   3   7   3   3   4   8   0  12   9   0   3   3  0.05 0.09
   57 D   -1  1  1  1 -3 -1 -1  0  2 -1  0  0 -1  1 -2  0 -1  4  2  0    1   8   8   8   0   0   0   8   8   0   8   8   0   8   0   8   0   8   8   8  0.14 0.13
   58 P    1 -1 -1  0 -2  0 -1  0  1 -1 -1 -1  1 -1  3  1  0 -2  0  0   13   3   3   4   0   4   1   5   4   3   6   1   5   3  17  12   6   0   3   7  0.16 0.13
   59 F   -2  0 -2  0  1 -2 -2 -1  1 -2  0 -2 -1  4  0 -1  0  6  2 -2    1   6   1   6   4   1   1   5   4   1   7   1   0  21   6   5   8  14   8   1  0.34 0.21
   60 G    0 -2  1  1  3 -1  1  0 -2 -2 -2  0 -2  1  1  0  0  4 -1 -2    8   0   8   8   8   0   8   8   0   0   1   8   0   8   8   8   8   8   0   0  0.19 0.14
   61 D    0  0  1  2 -3  0  0  1  0  0 -2  0 -1 -1  0  0  1 -3  0 -1    6   3   5  15   0   4   4  12   2   6   2   7   2   2   5   7   8   0   4   4  0.10 0.11
   62 G    0  0  0 -3  0  0  0  2 -3 -2 -3  0 -1 -1  4  0 -1  1  1 -2    8   5   4   0   2   4   8  15   0   3   1   4   2   2  22   8   2   2   7   2  0.32 0.25
   63 T    0  0 -1  0 -2 -1  0  0  2  0  0  0 -1  1  1  0  0 -2  1  0    7   7   0   7   0   0   7   7   6   7   7   7   0   6   7   7   7   0   6   7  0.04 0.08
   64 Y    0  0  0  0  2  1  0  0  2  0 -1  0  1  1 -3  0 -2  3  1 -2    6   6   6   6   6   6   6   6   6   6   6   6   6   6   0   6   0   6   6   0  0.10 0.15
   65 Q   -1  1  1  0 -3  1  0  0  1  0 -1  1  0  0  2  0 -1 -3 -1  0    4   9   8   6   0   8   3   6   4   7   7   8   2   4   9   4   3   0   2   6  0.07 0.09
   66 R   -1  4 -3  0 -4  0 -2 -1  1 -3 -2  1  0  1  0 -3 -1  5  1  0    4  26   0   5   0   4   0   5   4   0   4   7   3   7   4   0   3   9   6   7  0.36 0.31
   67 N    0  0  0  0  2  0  0  0  1  0  0 -1  1  0  1  0  0 -3 -1  0    6   6   6   6   6   6   6   6   6   6   6   0   6   6   6   6   6   0   0   6  0.04 0.09
   68 W   -1  1 -1  1 -2 -1 -1  0  3 -2  0 -1 -1  2 -2  0  1  5  2 -2    1  10   0  10   0   0   1  10   9   0  10   1   0   9   0  10  10   9   9   1  0.18 0.13
   69 E    0  0  0  0 -2  1  0  0  1  0  0  0  1  0  1  0  0 -3 -1  0    6   6   6   6   0   6   6   6   6   6   6   6   6   6   6   6   6   0   0   6  0.04 0.07
   70 G    0  0  0  1  1  1  0  1  1 -3 -3  0 -2  1  1  0  0  2 -2 -1   10   5   5   7   4   6   7   9   5   0   0   5   0   8   8   6   7   3   0   4  0.12 0.15
   71 S    0  0  0  0  2  0  0  0 -1  0  0  0  1  0  1  0  0 -2  1  0    6   6   5   6   5   5   6   6   0   6   6   6   5   5   6   6   6   0   5   6  0.03 0.06
   72 T   -1  0  2  4 -4  0  1  1 -3  0 -2  0 -3 -4 -3  0  1 -4 -4 -3    6   5  10  24   0   4   8  10   0   8   5   5   0   0   0   7   8   0   0   0  0.32 0.25
   73 P    0 -1  0 -1  1 -2  0  0  1 -1 -3 -1 -3 -1  4  1  1 -3  1 -1    9   3   4   4   4   0   5   6   3   4   0   3   0   3  23  10   9   0   5   4  0.31 0.26
   74 M    0  0  0  0 -3  0  0  0 -2  0  0 -1  1  1  1  0  0  3  1  0    6   6   6   6   0   6   6   6   0   6   6   0   6   6   6   6   6   6   6   6  0.06 0.11
   75 E    0  0  0  0 -2  1  0  0 -1  0  0  0  1  0  1  0  0 -3 -1  0    6   6   6   6   0   6   6   6   0   6   6   6   6   6   6   6   6   0   0   6  0.04 0.06
   76 T    0  3  3  0 -1 -1 -1 -2  0 -2 -2 -1  1 -1  0  1  0  1 -1 -1    7  20  14   5   1   2   4   2   2   2   4   2   4   2   4   9   6   2   2   4  0.21 0.23
   77 A    3  0 -1 -1  1 -2 -1 -2  1  0 -2 -1 -1  0 -1  0  0 -3  1  0   33   4   3   4   3   0   3   2   4   6   3   3   2   4   3   6   7   0   4   5  0.20 0.24
   78 K    0  1 -2  0 -4  0  1 -3  1  0  0  3  0  0  1 -1 -1  0 -3 -1    8   6   0   6   0   3  12   0   4   6  11  21   2   4   6   3   3   2   0   3  0.15 0.21
   79 N    0  2  0  0 -1  0  1 -2 -1  0  0  0  0  0  0  0  0 -3 -2 -1    8  16   3   5   1   5  12   2   2   5  10   3   3   4   4   6   7   0   0   4  0.09 0.13
   80 R   -1  3 -2  0  0  0 -1 -1  0 -2 -2  3 -1 -4  1  0 -1 -4 -3 -1    5  21   0   6   3   3   4   4   2   2   4  21   2   0   6   7   4   0   0   3  0.29 0.28
   81 V    0  1 -2 -2  3 -1 -2 -2 -2  1  0  0  2  1  1  0 -1 -2  2  0    8   8   0   0   8   0   0   1   0   8   8   8   8   8   8   8   0   0   8   8  0.11 0.12
   82 D    0  0  0  0  2  0  0 -1  2  0 -1  0  1 -2  0  0  0  3  1  0    5   5   5   5   5   5   5   5   5   5   5   5   5   0   5   5   5   5   5   5  0.07 0.11
   83 A    3  0 -3 -1  1  0  1 -1  1 -1 -2 -1  0 -4  0  0 -3  2  0  1   28   5   0   4   3   3   9   4   3   3   3   4   3   0   4   7   0   3   3   9  0.19 0.27
   84 F    3 -2 -1 -3  0  0 -2 -1  0  0 -1  1  0  1  0 -1 -1 -3  0  0   30   0   3   0   2   6   1   3   3   7   5  12   2   8   5   3   3   0   3   4  0.16 0.21
   85 F    0  0 -2 -1  1 -2  0  0 -2  1  0 -1  0  2 -3  0 -1 -2  0  1    5   7   0   3   4   0   7   7   0   9  10   4   2  14   0   7   3   0   3  15  0.06 0.12
   86 E    0  1 -2  0 -3  1  3 -1  1  0 -1  1  0 -3  0  0  0 -3  0 -1    7   9   0   4   0   6  22   3   5   6   4   8   3   0   5   4   5   0   3   5  0.16 0.17
   87 I   -1  0  0 -3  2 -2 -1  0  2  0  1  0  1  2  1 -2 -1 -2 -1  0    5   6   5   0   6   0   4   6   6   5  16   6   4  14   6   0   4   0   0   6  0.09 0.15
   88 L   -1 -1 -1 -1  2 -2 -1 -1  0  1  1 -1  3  3 -4 -1 -1 -2  1  0    5   4   2   3   5   0   3   4   2   6  17   4  10  17   0   6   2   0   4   4  0.19 0.21
   89 E    1  0  0  2  0  1  2 -1  1 -2 -2  0 -2 -3 -1  1  0  2  0 -1   11   4   3  12   2   7  14   5   3   2   2   6   0   0   3   9   6   3   3   4  0.14 0.16
   90 K    0  0  0  0 -2  1  0  0 -1  0  0  0  1  0  1  0  0 -3 -1  0    6   6   6   6   0   6   6   6   0   6   6   6   6   6   6   6   6   0   0   6  0.04 0.06
   91 L    0 -1 -1 -2  1 -1 -2 -1  2  0  2 -2  2 -1  0  0  0 -3  1  0    6   3   3   2   3   2   2   5   6   5  26   0   6   2   5   8   6   0   7   4  0.12 0.17
   92 G   -1 -3  1  1  1 -1 -1  3  1 -1 -1 -1  1 -3 -1 -1 -1  2 -1 -1    5   0   7   7   3   3   4  29   3   3   8   3   4   0   3   3   3   3   3   3  0.20 0.21
   93 A    0  0  0 -2  2  1  0  0 -2  0  0 -1  1  1  1 -1  0 -2 -2  0    7   7   7   0   7   7   7   7   0   7   7   0   7   7   7   0   7   0   0   7  0.06 0.11
   94 E   -1  0  0  2 -4  0  1 -1  1 -1 -2  0  0  0  3  0 -1  3  1 -3    5   5   4  16   0   3   7   4   3   4   3   7   3   3  14   5   4   4   5   0  0.22 0.21
   95 Y    0  1  1  0 -3  1  0  0  2 -2 -1  0 -2  1 -2  0  0  4  1 -2    7   7   7   7   0   7   7   7   6   0   7   7   0   6   0   7   7   6   6   0  0.13 0.14
   96 F   -2 -3 -1 -1  1  0 -3 -1 -2  0  0 -1  1  1 -3 -1  0  7  2  1    0   0   4   4   3   4   0   5   0   7   8   5   5   6   0   4   6  18   9  11  0.37 0.27
   97 C    0  0  0  0  2  1  0  0 -2  0 -1  0 -1  0  1  0  0 -3 -2  0    6   6   6   6   6   6   6   6   0   6   6   6   0   6   6   6   6   0   0   6  0.04 0.06
   98 F    1  0 -2 -3 -2  0 -1  0 -2  1  1 -1 -1  2 -3  0  0  2  1  1   13   4   0   0   0   4   5   6   0   7  17   4   0  10   0   7   4   3   4  11  0.10 0.14
   99 H    0  0  1  0 -3  1  0  0  2  0 -2  0  1  1 -3  0  0  3  1  0    6   6   6   6   0   6   6   6   6   6   1   6   6   6   0   6   6   6   6   6  0.09 0.13
  100 D    0  0  0  0 -2  1  0  0 -1  0  0  0 -1  1  1 -1  0 -2  1  0    7   7   7   7   0   7   7   7   0   7   7   7   0   6   7   0   7   0   6   7  0.04 0.07
  101 V    0  0  0  0 -2 -1  0  0 -2  0  0  0  1  0  1  0  0  3 -1  0    6   6   6   6   0   0   6   6   0   6   6   6   6   6   6   6   6   6   0   6  0.06 0.10
  102 D   -1  0  0  4 -4  0  1  1 -3 -1 -1  0  1 -3 -3 -2  0  2 -3 -1    5   4   4  33   0   4   6  11   0   4   5   5   4   0   0   0   5   4   0   4  0.36 0.28
  103 I    0  0 -1  0 -2 -1  0  0  2  0  0 -1  1  1 -2  0 -1  4 -1  0    8   8   0   8   0   0   8   8   7   8   8   0   7   7   0   8   0   7   0   8  0.09 0.13
  104 A    2 -1 -3 -2  1 -3 -1 -2 -1  1  0 -1  0 -1  0  0  0  0 -1  3   16   3   0   2   3   0   4   2   2   9   7   3   2   3   4   8   4   1   2  27  0.23 0.24
  105 P   -1 -5 -1  2  1 -1  0  1 -5 -6 -6 -2 -5  0  6 -2 -1 -6 -5 -3    5   0   3  11   3   2   6  10   0   0   0   2   0   4  44   2   3   0   0   2  1.05 0.62
  106 Q   -1  0  0  2 -4  1  2 -2  1 -1 -1 -1  0  1  0 -2 -1  2  2 -1    6   5   4  14   0   6  16   2   3   3   6   4   2   6   5   2   3   3   7   4  0.18 0.21
  107 G   -1 -2  0  2  0  0  0  3  0  0 -1 -3  0 -1  0 -1  0 -4 -1  0    4   2   3  15   2   3   5  24   2   5   5   0   3   2   5   2   7   0   2   7  0.20 0.22
  108 D    0  0  1  2  0  0  1  0  0 -2 -1  0  0  0  0  1  0 -3  1 -1   10   4   8  12   2   2   8   6   2   2   5   5   3   4   4   9   4   0   5   4  0.08 0.10
  109 S    0  0  0  0  2 -1  0  0 -2  0  0  0  1 -2  1  0  0 -2  1  0    6   6   6   6   6   0   6   6   0   6   6   6   6   0   6   6   6   0   6   6  0.04 0.09
  110 L   -1 -1 -1  1  1 -2 -1 -1  1  0  1 -1  1  1  0 -1 -1  4  1  0    5   3   3   9   3   0   4   5   5   6  19   3   3   5   5   3   3   6   5   5  0.10 0.13
  111 K    0  0  1  0 -2  1  0  0  1  0 -1  0 -1  0  1  0  0 -3 -1  0    6   6   6   6   0   6   6   6   6   6   6   6   0   6   6   6   6   0   0   6  0.05 0.06
  112 E   -2 -3  1  1 -5  1  5 -3  1 -2 -2 -1 -4 -2 -4 -2 -1 -5 -4  1    3   0   6   6   0   5  46   2   4   3   3   3   0   2   0   2   4   0   0  10  0.70 0.50
  113 F   -1  1  1 -1  1 -2 -1 -3  2  0 -1 -1  0  2  0  1  2  1  3  0    3   7   9   2   3   0   2   0   5   5   4   2   2   8   4  12  12   2  11   6  0.18 0.23
  114 L   -1  0  2  1 -3  0  0 -1  1 -1 -1  0  0  0  1 -1 -1  3  0 -1    5   4  13  10   0   4   7   5   4   4   6   6   3   4   7   4   3   4   3   4  0.11 0.13
  115 E    0  0  0  0 -3  1  0  0  2  0 -1  0  1 -2  1  0  0  3 -2  0    6   6   6   6   0   6   6   6   6   6   6   6   6   0   6   6   6   6   0   6  0.08 0.11
  116 N   -1  0  3  0 -3  0  0 -1  2  0 -2  0  0  0  0  1 -1  2  0  0    4   6  16   4   0   4   5   3   6   6   4   4   3   3   4  10   3   3   3   8  0.12 0.15
  117 I    0  0  0  0 -2  1 -1 -2 -2  0  0 -1  1  1  1  0  0  4  1  0    7   7   7   7   0   7   0   0   0   7   7   0   6   6   7   7   7   6   6   7  0.10 0.14
  118 D    0  0  0  4 -4  0  2 -1  1 -2 -3  0 -1 -4 -1  0  0  0 -1 -2    8   4   4  24   0   2  15   5   4   2   2   7   2   0   3   5   6   2   2   3  0.29 0.26
  119 V    1  0 -1  1  0  0  2 -2  1 -1 -2  1 -2  0  0 -1  0 -3 -1 -1   15   5   2  10   2   4  19   2   3   3   3   8   0   6   3   3   6   0   2   3  0.15 0.18
  120 M   -1  0  1  0  1  0  0 -2  0  2  0  0  2 -2 -3  1  0 -3 -1  0    3   6   8   5   3   3   4   3   2  18   6   4   7   0   0  11   4   0   3   7  0.09 0.16
  121 T    1  0 -1 -1  1 -2 -1 -1  0  1  0 -1  2  0  0 -1  1 -3  0  2   11   5   3   3   3   0   3   3   3   9   5   3   6   3   4   3   8   0   3  21  0.09 0.15
  122 D    0  0  1  0  2  1  0  0  2  0 -2  0  1 -2  1  0  0 -3  1  0    6   6   6   6   6   6   6   6   6   6   1   6   6   0   6   6   6   0   6   6  0.07 0.12
  123 Y    0  0 -1  0  1  0  1 -1  1 -1  1  0  0  0 -3 -1 -1  2  2 -1    8   5   3   4   3   5  12   4   3   3  16   5   3   3   0   4   4   3   8   5  0.07 0.10
  124 I    0 -2  0 -2  2  1  0 -2 -2  0  0 -2  2  1 -3  0  0  4  1  0    7   0   7   0   7   7   7   0   0   7   7   0   7   7   0   7   7   7   7   7  0.13 0.16
  125 K    0  2  0  0 -3  1  1 -1 -2 -1  0  3 -2 -3  0  0 -1 -3  0 -1    8  16   4   3   0   4   7   4   0   4   9  20   0   0   3   4   4   0   3   5  0.16 0.18
  126 G    0  0  1  0 -2  1  0  0  1  0 -1  0 -1  0  1  0  0 -3 -1  0    6   6   6   6   0   6   6   6   6   6   6   6   0   6   6   6   6   0   0   6  0.05 0.06
  127 K    1  1 -1 -3  0  0 -1 -3  0  0  2  1  2  0 -3 -1 -1  3  0 -1   12   8   2   0   3   4   4   0   3   3  21  11   6   4   0   3   4   4   3   3  0.12 0.18
  128 M    0  0 -2 -2  2  1  0  0  2  0  0  0  1  1 -3  0  0  3  1  0    6   6   0   0   6   6   6   6   6   6   6   6   6   6   0   6   6   6   6   6  0.09 0.13
  129 D    0  1  1  0 -2  1  0  0  2  0 -1  0 -1 -2 -2  0  0 -2  1  0    7   7   7   7   0   7   7   7   6   7   7   7   0   0   0   7   7   0   6   7  0.06 0.08
  130 K    0  1  1  0 -2  1  0  0  2 -2 -1  0  1 -2 -2  0  0 -2  1  0    7   7   7   7   0   7   7   7   6   0   7   7   6   0   0   7   7   0   6   7  0.07 0.11
  131 T    0 -1  2 -1 -1  0 -1 -2  3 -3 -2 -1  0 -1 -3  0  3  3  3 -2   10   3  10   2   2   3   4   2   7   0   4   2   3   3   0   7  20   4  13   2  0.28 0.27
  132 G   -3  1  2  0 -5  0 -1  5  3 -5 -3  1  1 -5 -4 -1 -2 -5 -4 -4    0   9   9   5   0   4   3  43   7   0   3   7   4   0   0   3   2   0   0   0  0.69 0.40
  133 V   -2 -1 -1 -4  0 -1 -4 -3  0  2  4 -2  3  0 -4 -2 -1  2 -2  1    3   3   3   0   2   2   0   2   2  13  40   2   8   4   0   2   2   3   0   8  0.42 0.30
  134 K    0  1  0  0  0  1  0 -1  0  0 -2  3 -2 -1 -1  0  0 -3  0 -1    6   7   3   4   3   6   6   5   3   7   3  21   0   3   3   5   5   0   3   5  0.09 0.13
  135 L    0  0 -2 -2  3 -2 -2  0 -2  1  0 -1  2  1  1 -1  0 -2 -1  1    9   9   0   0   8   0   1   9   0   9   9   0   9   9   9   1   9   0   0   9  0.10 0.10
  136 L    0 -1  0 -1  1 -2  0  0  0  0  0 -1  0  0  0  2  0  2  0  0    8   3   4   3   3   0   6   5   3   5   9   3   3   3   5  18   5   3   3   8  0.05 0.11
  137 W    1 -4  0  0  3 -1 -1  1  1 -1 -2 -3  4  0 -4  0  0  5  0 -1   14   0   6   5   6   3   3  10   3   4   3   0  11   5   0   6   6   8   3   3  0.28 0.27
  138 N    0 -2  0 -2  2 -2 -2  0 -2  0  0 -2  1  1  1  0  0 -2  1  0    7   0   7   0   7   0   0   7   0   7   7   0   7   7   7   7   7   0   7   7  0.05 0.12
  139 T    1  0  1 -1  3  0  0  0  1 -1 -2 -1 -2 -1  0  0  2 -3  0 -1   11   4   9   3   7   4   5   7   3   4   3   3   0   3   4   4  19   0   3   4  0.13 0.16
  140 A    0  0 -2 -2  2  1 -2  0 -2  0  0 -1  1  1  1  0  0 -2 -1  0    8   8   0   0   7   7   0   8   0   8   8   0   7   7   8   8   8   0   0   8  0.08 0.11
  141 N   -1  2  4  2  1  0  1 -1  2 -5 -4 -2  0 -2  0  0 -2  0  0 -3    5  12  23  11   3   5   8   5   4   0   2   2   2   2   4   6   2   1   3   2  0.40 0.33
  142 M   -1 -4 -2 -1  1 -1 -4 -2  1  2  3 -4  3  2 -2 -2  0 -3  1  1    4   0   2   3   3   2   0   3   3  11  28   0   7   9   2   3   5   0   5   8  0.30 0.25
  143 F   -2  0 -1 -2  1 -7 -2 -2  2 -1 -6  0  1  5 -1 -1 -1  6  3 -1    3   6   3   3   3   0   3   4   4   3   0   6   3  25   3   5   4  10   8   4  0.72 0.42
  144 T    0  0  1 -1  3  0  0  1  1 -2 -2 -1  1  0 -1  1  2  2  1 -1    8   4   6   3   7   4   5  10   3   3   4   3   3   4   3  10  11   2   4   4  0.13 0.12
  145 H   -1  1  1  2  0  1  2 -1  5 -2 -2 -1 -4 -2  0  0  0 -4  0 -4    5   7   6  13   2   5  11   4  14   2   4   4   0   2   5   6   5   0   4   1  0.31 0.25
  146 P   -1  0 -1  0 -5  1  1 -1  0 -2 -2  1  0 -2  5 -1 -1  1 -1 -2    6   6   2   5   0   5   7   4   2   2   5   9   2   2  26   5   4   2   2   2  0.37 0.28
  147 T   -1  4 -1  1  0  0  1 -2  3 -2 -2  2  0 -2 -1 -1 -1  1 -1 -1    4  20   3   7   2   5  10   2   7   2   4  11   2   2   3   4   3   2   2   4  0.26 0.23
  148 F    0 -2  1  1 -3  1  0 -2  2 -1  0 -2  2  1 -2 -1  0  4  2  0    8   0   7   8   0   7   8   1   7   0   8   0   7   7   0   1   8   7   7   8  0.15 0.16
  149 V   -1  0  0 -2  2  0  0 -1  2  0 -1  0  1  0  0  0  0  3  1  0    5   5   5   0   5   5   5   5   5   5   5   5   5   5   5   5   5   5   5   5  0.07 0.11
  150 N    0  0  0  0 -3  1 -1  0  2  0 -1  0  1  1  1  0  0  3  1 -2    6   6   6   6   0   6   0   6   6   6   6   6   6   6   6   6   6   6   6   0  0.09 0.14
  151 G    0  1 -1  1 -2  1  1  1 -1  0 -2  1 -1 -3 -2  1  1 -3 -2 -1   10  10   0  10   0   9  10  10   0  10   1  10   0   0   0  10  10   0   0   1  0.14 0.09
  152 A    1  2  1  1 -2  0  1  1 -1 -1 -2  0 -2 -3  1  0  0 -3 -2 -1   14  13   6   9   0   4   9  14   0   4   1   4   0   0   6   7   5   0   0   4  0.16 0.10
  153 A    0 -2 -2  0  2  0 -2  0 -2  0  0  0  1  1  1  0  0  4  1  0    6   0   0   6   6   6   0   6   0   6   6   6   6   6   6   6   6   6   6   6  0.09 0.14
  154 T    0 -1  1  1  2 -1  0  0  2  0  0  0  1 -2 -2  0  0 -3 -2  0    7   0   7   7   7   0   7   7   7   7   7   7   7   0   0   7   7   0   0   7  0.06 0.10
  155 T    0  0  3  0 -3  2 -1  0  3 -1 -3  0 -2  0 -2  2  0 -3 -2 -2    8   6  16   4   0  11   0   5   9   4   1   5   0   6   0  20   4   0   0   0  0.24 0.22
  156 N    0  0  0  0  2  1  0  0  2 -2 -1  0 -2  0  0  0  0  3  1 -1    6   6   5   6   5   5   6   6   5   0   6   6   0   5   6   6   6   5   5   6  0.08 0.12
  157 N    0  0  0  0  2  0  0  0  1  0 -1  0 -1  0  1  0  0 -2  1  0    6   6   5   6   5   5   6   6   5   6   6   6   0   5   6   6   6   0   5   6  0.03 0.06
  158 A    1  0 -2 -1  1  0  1 -1 -1 -2 -1  1 -1  0  4  0 -1 -4 -2 -1   16   4   0   4   3   3   8   4   2   2   5   8   1   4  23   6   3   0   1   4  0.29 0.23
  159 D    1  1  0  2 -3  1  2  0  1 -2 -2  1 -2 -3 -1  0  0  0 -2 -2   11   6   4  11   0   6  17   8   5   3   2  10   0   0   3   5   4   2   0   2  0.19 0.17
  160 V   -1 -1 -1 -1  1 -2 -1 -2 -3  3  1 -1  1 -2 -1 -1  0 -3 -1  3    4   2   2   4   3   0   3   3   0  18  11   3   2   0   3   4   7   0   2  29  0.22 0.22
  161 Y   -1  4  0 -3  1  0 -1 -3  1 -3 -1  0 -2  2 -3 -1 -1  2  2  0    4  31   3   0   3   3   4   0   4   0   6   4   0  11   0   4   4   3   6   7  0.35 0.30
  162 S    2  2  0  1  1  0  0 -1  0 -1 -1  1 -2 -3  0  0  0 -3 -2 -1   19  11   4   9   4   4   5   4   3   4   4   9   0   0   4   6   4   0   0   4  0.12 0.14
  163 M    0  1 -1  1  0  1  1 -2  2 -1  0  0  0  0 -3 -1 -1  2  3 -1    8   7   2  10   2   6   7   2   6   2   9   6   2   4   0   2   3   4  12   2  0.14 0.17
  164 A    5 -2 -1 -2 -4 -1 -4 -1 -4 -2 -2 -4 -4 -1 -1 -1 -1 -5 -1 -1   57   3   3   3   0   3   0   5   0   3   3   0   0   3   3   4   4   0   3   4  0.81 0.55
  165 A    1 -1 -1 -3  1 -1 -1  0  0  2  0 -1  1 -1 -1 -1 -1  2  0  1   16   3   3   0   3   3   4   9   3  13   7   3   5   3   3   3   3   3   3  11  0.09 0.13
  166 A    2  0  0  2 -4  1  2 -1  1 -1 -2  0  0 -4 -1 -1 -1  2  0 -1   20   6   3  12   0   6  14   4   4   3   3   5   3   0   3   4   3   3   3   3  0.20 0.23
  167 Q   -2  2 -1 -1 -4  4  0 -4  2  0  1  1  1  0 -4 -2 -1  1  1 -1    3  10   3   3   0  21   5   0   4   4  16   8   4   4   0   2   3   2   5   3  0.30 0.30
  168 V    0 -4 -2 -4  3 -2 -2 -2 -1  2  1 -2  1 -1 -4 -1  2 -4 -1  3    9   0   2   0   6   2   2   3   2   9  10   2   4   2   0   5  13   0   2  27  0.33 0.29
  169 K   -2  2  0 -1  1  0 -1 -2  0  0  0  5  1 -1 -4 -2 -1 -4 -1 -1    3   9   5   3   3   4   2   2   2   6   9  37   3   2   0   2   3   0   2   3  0.43 0.36
  170 K    0  3  1  1 -5  2  3 -2  1 -2 -3  2 -4 -3 -4 -2  0 -1 -4 -3    6  17   5   8   0   9  19   2   3   3   1  14   0   1   0   2   5   1   0   1  0.42 0.35
  171 G    4 -4 -1 -4  4 -2 -4  2 -2 -2 -3 -3  0 -3 -4  1  1 -5 -2 -2   42   0   3   0  10   1   0  13   1   2   2   1   2   1   0   9   7   0   1   3  0.69 0.50
  172 L    0 -2 -3 -3  4  0 -3 -1 -3  2  1  0  3  0 -3 -1  0 -3 -2  1   10   0   0   0  10   4   0   5   0  12  16   8  11   5   0   4   5   0   0   9  0.19 0.19
  173 D   -1  0  1  4 -4  2  2 -1  1 -3 -2  0 -3 -3  0  0 -2 -4  0 -2    5   6   4  29   0  10  13   4   3   0   4   6   0   0   4   4   0   0   3   4  0.34 0.22
  174 V    1 -2 -2 -3  1 -1 -3  0 -1  2  1 -2  1  0 -3 -1 -1  4  0  2   15   2   2   0   4   2   0   8   2  16  12   0   4   4   0   2   3   6   3  14  0.17 0.16
  175 S    4  0 -1 -3  3 -2 -3  0 -3 -1 -2 -2  0 -1 -3  0  1 -4 -3  0   43   5   3   0   7   0   0   6   0   2   3   0   2   3   0   4  11   0   0   8  0.39 0.30
  176 K    0  2  0 -1 -3  1  0 -1  3 -1 -2  2  0 -3  0 -1 -1 -3 -1  0   10  16   4   3   0   8   6   3  11   5   3  13   3   0   4   3   2   0   2   8  0.18 0.17
  177 K    1  2 -2  0 -3  1  3 -2 -1 -2 -2  2 -1  0 -1  0  0 -3  0 -1   13  11   0   4   0   5  24   1   1   2   2  11   1   4   2   4   4   0   4   5  0.23 0.21
  178 L    0  0  1 -3  3 -2 -2 -3  2  1  0 -2  2  1 -3 -1  0  4  2  0    8   8   7   0   7   0   0   1   7   8   8   0   7   7   0   1   8   7   7   8  0.17 0.17
  179 N    0  1  1  1 -3  1  1  0  2 -3 -3  1 -2 -3  1  0 -1 -3 -2 -2    8   8   8   8   0   8   8   8   8   0   1   8   0   0   8   8   0   0   0   0  0.17 0.12
  180 G    4 -2 -1 -4  5 -4 -2  2 -4 -3 -4 -3 -4 -5 -2  0  0  1 -3 -1   45   2   3   0  12   0   2  14   0   1   0   0   0   0   1   6   7   2   1   3  0.75 0.48
  181 E    0  1  1  2 -2  0  3 -1  1 -2 -4  1 -3 -3  1  0 -1 -4 -2 -3    6   7   8  13   1   4  23   5   3   2   0   7   0   1   8   7   4   0   1   1  0.31 0.24
  182 N    0  0  2  0  2 -1  0 -2  1 -1  0  0  0  0 -2  0  1 -1  1  0    5   4  12   5   6   2   7   2   4   3   8   5   4   5   1   5   9   1   5   8  0.05 0.09
  183 Y    0 -4 -4 -4 -1 -2 -4 -4  0  1  1 -4  2  4 -4 -1 -2 -2  2  3    9   0   0   0   1   2   0   0   2   8  16   0   5  21   0   4   2   0   8  21  0.45 0.31
  184 V   -1  1  1 -2 -1 -2 -3 -2 -1  1  0 -1  1 -3 -3  0  2 -4 -3  3    3   7   9   2   1   1   0   3   1   6   9   3   4   0   0   6  14   0   0  29  0.24 0.25
  185 F   -1 -4 -4 -3  1 -3 -4 -4 -3  2  2 -4  1  4  0 -2  0 -3  2  2    4   0   0   2   3   0   0   0   0  14  22   0   3  17   5   3   7   0   6  12  0.39 0.27
  186 W   -2  0 -5 -2  4 -4 -2 -2  2 -5 -3 -5 -4  0 -3 -1 -2 11 -2 -3    3   5   0   3   7   0   2   3   5   0   3   0   0   3   2   5   3  53   0   2  2.05 0.87
  187 G   -1 -4  0  0 -4 -2 -2  2  0 -1  0 -3  2 -1  5  0 -1 -5 -4 -1    4   0   4   6   0   2   3  14   2   4   9   0   6   3  29   7   3   0   0   4  0.49 0.35
  188 G    1 -1 -3 -2 -4 -1 -2  4  0 -2 -1 -3  0 -2 -1  0 -2  1  0 -2   14   3   0   2   0   3   2  40   2   3   6   0   2   2   3   8   2   2   3   2  0.48 0.36
  189 R    0  2 -1 -1 -4  2 -1 -2  1 -1 -2 -1  0  1 -1  2  1  4  0 -2    7  11   3   3   0   9   3   3   4   3   3   3   3   6   3  16   9   7   3   3  0.21 0.22
  190 E    0  0  1  1  2 -1  0  0 -2  0 -1  0 -1  1 -2  0  0  4 -1 -1    7   7   7   7   7   0   7   7   0   7   7   7   0   7   0   7   7   7   0   0  0.09 0.12
  191 G   -1  0  0 -2 -3 -2  0  4 -2  0 -1 -2 -2 -2  1  0  0 -3  1 -1    1   7   5   0   0   0   7  37   0   8   5   0   0   0   6   8   5   0   6   5  0.31 0.22
  192 Y    0 -2  0 -2  2 -2  0  0  2  0  0 -2  1  1 -3  0  0  4  1  0    7   0   7   0   6   0   7   7   6   7   7   0   6   6   0   7   7   6   6   7  0.11 0.15
  193 E    0  0  1  0 -3  1  0  0  2 -2 -1 -1  1  1  1  0  0 -2  1  0    6   6   6   6   0   6   6   6   6   0   6   0   6   6   6   6   6   0   6   6  0.06 0.11
  194 N    0 -2  0  0  2  0  0 -1  1  0 -1 -2  0  0 -3  1  1 -2  2  0    4   0   5   5   5   4   4   4   5   5   4   0   3   4   0  14  12   0  11   9  0.12 0.18
  195 L    0  0  0  0  2  0  0  0  1  0 -1 -1  1  0  0  0  0 -2  1  0    6   6   5   6   5   5   6   6   5   6   6   0   5   5   6   6   6   0   5   6  0.03 0.09
  196 L    0 -3  0 -3  1 -1 -1 -1  0  0  1 -2  1  3 -1 -1 -1  2  2 -1    9   0   5   0   3   3   5   4   3   5  16   0   5  17   3   5   3   3   6   4  0.15 0.18
  197 N    1  0  2  0  1  2  0  0  1  0 -1  0 -2 -3 -3  0  1 -3  0  0   15   3  14   3   3  12   4   6   3   5   5   3   0   0   0   7   7   0   3   5  0.13 0.17
  198 T    0  1 -1 -1  1  0 -1 -2  0  0 -2  2  0 -2 -1  0  3  1 -1  0    8   6   2   2   4   4   2   3   2   5   3  16   2   2   2   7  19   2   2   6  0.16 0.20
  199 D   -1  0  2  5  2  0  1 -3  1 -1 -2  0 -3 -4  0  0 -3 -5 -4 -4    4   5  10  36   4   4   6   0   4   4   5   5   0   0   5   5   0   0   0   0  0.54 0.35
  200 M    0  0 -2 -2  2  0  0  0  2  0  0 -2  1  1  1  0  0  3  1  0    6   6   0   0   6   6   6   6   6   6   6   0   6   6   6   6   6   6   6   6  0.09 0.15
  201 N    0  2 -1  0 -3  0  0  0  0 -1 -1  2 -1 -1  1  0  0  0  0  0    6  13   3   4   0   3   5   8   2   4   7  13   2   2   6   5   5   2   3   7  0.07 0.09
  202 F    0  3 -1  1 -4  1  2 -1  0 -2 -1  2 -1 -1 -3 -1  0  1 -1 -1    7  16   3   8   0   8  13   3   2   2   6  11   2   3   0   3   5   2   2   5  0.18 0.20
  203 E    2  0 -1  0  0  1  3 -2  0 -1 -1 -1  2 -2 -3  0  0 -4 -1 -1   22   4   2   5   2   7  19   3   2   3   6   3   6   2   0   6   5   0   2   4  0.21 0.25
  204 L   -2  0 -2 -3 -5 -1 -2 -3 -1  0  1 -2  0  0 -6 -3 -2  9  2  0    3   5   2   2   0   2   2   2   2   4  12   2   2   4   0   2   3  34   7   8  1.15 0.63
  205 D   -1  2  1  4 -5  1  2 -2  0 -4 -3  2 -4 -5 -2 -1 -1 -5 -1 -3    6   9   7  25   0   6  11   3   2   0   2  14   0   0   2   4   4   0   2   2  0.44 0.34
  206 N   -2  3  2 -1 -1  2 -2 -3  5 -3 -1 -2  0 -2 -5 -2 -2  7  1 -5    3  16  10   3   1   9   2   2  15   2   7   2   2   2   0   2   2  16   4   0  0.75 0.50
  207 L   -1  0  0 -2  2  0  0 -1  2  0 -1  0  1  0  0  0  0  3  1  0    5   5   5   0   5   5   5   5   5   5   5   5   5   5   5   5   5   5   5   5  0.07 0.11
  208 A    0  0  0  0  2  0  0  0  1  0 -1  0  1  0 -2  0  0 -2  1  0    6   6   5   6   5   5   6   6   5   6   6   6   5   5   0   6   6   0   5   6  0.03 0.07
  209 R   -1  1  0  2  1  0  3 -1  1 -1 -1  0  1 -3 -3 -1 -1 -4  0 -1    5   6   4  11   3   4  27   3   3   4   7   4   4   0   0   4   4   0   3   3  0.23 0.25
  210 F    0 -2  1 -2  2  1  0  0  2 -2  0 -2  1  1 -3  0  0  4  1  0    7   0   7   0   6   7   7   7   6   0   7   0   6   6   0   7   7   6   6   7  0.13 0.17
  211 Y   -1 -4 -2 -5  3 -2 -4 -5  0  2  3 -1  2  3 -4 -4 -1  1  0  0    5   0   2   0   6   2   0   0   2  10  32   4   6  12   0   0   3   2   3   7  0.42 0.31
  212 Q    0  2  3  0 -1  1  0 -1  1 -2 -1  1  0 -2 -1  0 -1 -4 -1 -2    7  14  15   4   2   7   6   4   4   2   5  11   2   2   3   5   3   0   2   2  0.18 0.17
  213 M    1 -1 -1 -1 -4  0  3 -2 -1  0  0  0  3 -1 -3  1  0  1 -1 -2   13   3   2   2   0   3  22   2   1   7   7   5   8   3   0  10   6   2   2   2  0.20 0.23
  214 V    0 -2 -2  0  3 -2 -2  0 -2  1  0 -2  2  1 -3  0  0  4  2  0    8   0   0   8   7   0   0   8   0   8   8   0   7   7   0   8   8   7   7   8  0.13 0.14
  215 I    3 -1 -1 -1  3 -1 -1  0  0  0 -1 -1  0 -3 -1  0 -1  1  0  1   29   3   3   3   7   2   3   6   2   4   5   3   2   0   2   4   3   2   3  12  0.15 0.19
  216 D    1  0  0  3 -3  1  2  0  0 -2 -2  0  0 -4 -3  1 -1 -4 -3 -1   11   5   3  22   0   5  13   7   3   2   3   5   3   0   0  10   3   0   0   4  0.26 0.23
  217 Y    0  0  0  0  2  1  0 -3  2  0 -1  0  1  1 -3  0  0  3  1  0    6   6   5   6   5   5   6   0   5   6   6   6   5   5   0   6   6   5   5   6  0.09 0.13
  218 A    1  2  0 -1  1  0 -1 -1  0  0 -1  1  0 -1 -1 -1 -1 -3  0  0   15  12   5   3   3   4   3   5   3   4   5  10   3   3   2   3   2   0   4  10  0.07 0.12
  219 Q   -1  1  0  0  0  0  0 -1  1 -1 -1  1  0 -4  4 -1 -1 -4 -1 -2    5   9   5   5   2   3   5   5   4   4   6  11   3   0  22   4   3   0   2   2  0.29 0.25
  220 K    0  0  0  0  2  1  0  0  2  0 -1  0  1 -2 -2  0  0 -2  1  0    6   6   6   6   6   6   6   6   6   6   6   6   6   0   0   6   6   0   6   6  0.05 0.09
  221 I    0  0  0 -2  2  1  0  0  2  0  0  0  1  1 -2  0  0 -2  1  0    6   6   6   0   6   6   6   6   6   6   6   6   6   6   0   6   6   0   6   6  0.04 0.09
  222 D    0  0  1  1  1  0  0  2  1  0 -3  0 -2 -3  0  0 -2  3 -2 -1    5   5   8   8   4   5   5  21   5   7   1   5   0   0   5   5   1   4   0   5  0.17 0.16
  223 Y    0  1 -2 -1 -3  0  0 -1  1 -1 -1  0  0  2  2  0  0 -2  3 -2    8  11   1   4   0   4   6   4   4   3   5   7   3  10   9   5   4   0  12   1  0.14 0.15
  224 H    0  0  2  2 -3  0  1  1  0 -2 -2  1 -1 -3  0  0  0 -3 -3 -2    7   6  13  16   0   4   7  10   2   2   3  10   2   0   5   5   4   0   0   2  0.19 0.15
  225 P   -1  0  0 -2  2  0  0 -1  2  0 -1  0  1  0  0  0  0  3  1  0    5   5   5   0   5   5   5   5   5   5   5   5   5   5   5   5   5   5   5   5  0.07 0.11
  226 Q    0  0  0  0  2  0  0 -1  1  0 -1  0  1  0  0  0  0 -2  1  0    5   5   5   5   5   5   5   5   5   5   5   5   5   5   5   5   5   0   5   5  0.03 0.05
  227 F    0 -2 -2 -2 -2 -1 -2  0  2  1  0  0  2  1 -2  0 -1  4  2  0    8   0   0   0   0   0   0   8   8   8   8   8   8   8   0   8   0   8   8   8  0.14 0.14
  228 L    0 -2  1  0  2 -2 -2  0  2  0  0 -2  1  1 -3  0  0  4  1  0    7   0   7   7   6   0   0   7   6   7   7   0   6   6   0   7   7   6   6   7  0.12 0.15
  229 I   -1 -3 -3 -3 -2 -2 -2 -1 -3  3  2 -1  1  1 -3 -2 -1  2  0  1    4   0   0   0   0   0   3   6   0  29  25   3   4   5   0   1   4   4   3   8  0.26 0.19
  230 E   -1  0 -2  0 -4  1  5 -1 -2 -3 -2  1  1 -4 -3 -1 -2 -4 -3 -1    6   3   0   4   0   6  53   5   0   0   3   6   5   0   0   3   0   0   0   4  0.63 0.37
  231 P    0 -2  0 -2  2 -2 -2 -3  2  0  0  0  1  1  1  0  0  4  1  0    7   0   7   0   6   0   0   0   6   7   7   7   6   6   7   7   7   6   6   7  0.14 0.16
  232 K   -1  0  0 -2 -3  1  0 -1 -2 -1 -3  4  2 -3  1  0  0 -3  0 -1    4   4   4   0   0   5   4   4   0   4   1  38   7   0   7   7   5   0   4   4  0.34 0.30
  233 P   -1  0  0 -2  2  0  0 -1  2  0 -1  0  1  0  0  0  0  3  1  0    5   5   5   0   5   5   5   5   5   5   5   5   5   5   5   5   5   5   5   5  0.07 0.11
  234 K   -1  1  1 -1  1  1  0 -1  1 -3 -2  2  0  1  0  0  0  2  1 -2    5   9   8   3   3   6   4   5   3   0   3  15   3   6   4   8   6   3   4   3  0.13 0.17
  235 E   -4 -1  0  3 -6  0  6 -1  1 -5 -5 -1 -5 -1 -1 -1 -4 -5  1 -2    0   3   4  13   0   3  46   4   3   0   1   3   0   3   3   4   0   0   5   3  0.91 0.57
  236 P   -2 -1 -5 -1  1 -1  2 -1 -5 -5 -6 -1 -5 -6  7 -2 -2 -6 -6 -1    3   4   0   3   3   2  15   4   0   0   1   4   0   0  49   3   3   0   0   4  1.25 0.66
  237 T    0  4  0 -3 -1 -1 -2 -2  0 -1 -1 -1  1 -1  0  0  2 -4 -2 -1    7  30   4   0   1   2   2   4   3   4   6   2   4   3   4   8  12   0   1   4  0.34 0.29
  238 K    0  1  0 -1 -1  0 -1 -1  0 -1 -1  1  1 -1 -1  0  1 -1  0  0    6   9   5   3   1   5   3   5   2   4   5  11   5   3   3   7  12   1   3   7  0.07 0.10
  239 H   -2  3  0  0 -2 -1 -2 -3  7 -2 -2 -1 -4  2 -5 -2 -1  0  3 -3    3  14   5   6   1   3   2   2  27   2   4   4   0   7   0   2   4   1  11   1  0.75 0.45
  240 Q    0  1  0 -3  3  3 -2 -2  0  1 -1 -3  2  0  0  1  0 -1  0 -1    7   7   4   1   7  13   1   3   2  10   5   0   6   3   4  12   6   1   4   4  0.19 0.23
  241 Y    0 -2  0  0 -3  1  0 -3  2  0  0 -2  1  1  1  0  0  4  1  0    6   0   6   6   0   6   6   0   6   6   6   0   6   6   6   6   6   6   6   6  0.11 0.15
  242 D   -1 -3 -1  1  1 -1 -1 -1  1  2  0 -2  1  1 -1 -1  0  2  1  1    4   0   3  12   3   3   3   6   3  14  10   0   4   6   3   3   4   4   7   8  0.09 0.14
  243 Y    0  0  1  2  0  0 -1  1  0 -1 -1 -1 -1 -1  2  1 -1  4  0 -1    7   4   6  11   2   4   2  11   2   3   5   2   2   3  11   9   2   6   4   5  0.15 0.16
  244 D   -4 -1  2  4  1 -1 -1 -2 -4 -5 -5 -4  0  0  0  2  3 -6 -5 -5    0   3  11  22   3   3   4   3   0   0   0   0   3   5   6  16  19   0   0   0  0.62 0.45
  245 A    0 -2 -2  0  2  0 -2  0 -2  0  0 -2  1  1  1  0  0  4  1  0    7   0   0   7   6   7   0   7   0   7   7   0   6   6   7   7   7   6   6   7  0.11 0.15
  246 A    0  0 -2  0 -2  1  0  0 -2  0  0 -1  1  1  1  0  0  4  1  0    6   6   0   6   0   6   6   6   0   6   6   0   6   6   6   6   6   6   6   6  0.08 0.12
  247 T    0  1  0  0 -3 -1  0 -1  3 -2 -2  1  0 -2  1  1  2  1 -2 -2    7   7   3   4   0   2   5   4  10   2   2   9   2   2   6  13  17   2   0   3  0.20 0.23
  248 A    0 -2  0  0  2 -1  0  0  1  0  0  0  1  1  1  0  0 -2  1  0    6   0   6   6   6   0   6   6   6   6   6   6   6   6   6   6   6   0   6   6  0.04 0.09
  249 M    0 -2  1  0  2 -2 -2 -2  2  0  0 -2  2  1 -3  0  0  4  2  0    7   0   7   7   7   0   0   0   7   7   7   0   7   7   0   7   7   7   7   7  0.15 0.16
  250 A    1 -1  0 -1  1 -1 -1  2  0 -1  0 -1  0  0 -3  0 -1  2  1 -1   12   3   5   3   3   3   3  18   3   3  10   3   3   3   0   8   3   3   7   4  0.10 0.12
  251 F    0  0  0  0 -3  0 -1  0  2  0  0  0  1  1 -3  0  0  3  1  0    6   6   6   6   0   6   0   6   6   6   6   6   6   6   0   6   6   6   6   6  0.07 0.12
  252 I    0 -1 -2 -1  3 -2 -2 -1  1  2  1 -1  1  0 -3  0 -1  2 -2  1    9   3   0   4   6   0   0   4   4  19  15   3   3   3   0   7   4   3   0   7  0.12 0.18
  253 Q    0  0  0  0  2  1  0  0  1  0 -1  0  1 -2  1  0  0 -3  1  0    6   6   5   6   5   5   6   6   5   6   6   6   5   0   6   6   6   0   5   6  0.04 0.08
  254 K    0  0  0  0 -3  1  0  0  2  0 -1  0  1 -2 -2  0  0  3  1  0    6   6   6   6   0   6   6   6   6   6   6   6   6   0   0   6   6   6   6   6  0.08 0.11
  255 Y   -1 -2  0  0  2  0  1 -1  1  0  1 -2  1  1 -1 -1  0 -2  1  0    4   0   4   5   5   6  10   4   4   7  15   0   4   7   3   4   5   0   5   8  0.06 0.12
  256 N   -1  0  1  1  1  0  0  3  1  0 -1  0  0 -1 -1 -1  0 -3 -3  0    4   4   8   7   3   4   4  24   3   5   4   6   3   3   3   4   4   0   0   6  0.13 0.15
  257 L   -1  0 -1  1 -1  0 -1  0  1 -1  2  0  0 -1  0 -1 -2  2  0 -1    5   5   3   9   1   3   2   9   5   1  28   6   2   2   4   3   2   3   3   4  0.11 0.17
  258 E   -1  2 -2  1  0  1  2  0  1 -2 -2  0 -1 -2  4 -1 -1 -4 -3 -1    4  14   0   8   2   5  14   6   3   2   3   5   2   2  18   2   3   0   0   4  0.32 0.27
  259 D    0  0  1  0 -2  1  0  0  2  0 -1  0 -1 -2  1  0  0 -2  1  0    6   6   6   6   0   6   6   6   6   6   6   6   0   0   6   6   6   0   6   6  0.06 0.07
  260 S   -1  0  0  0  2  0  0 -3  2  0 -1  0  1  1 -3  0  0  3  1  0    5   5   5   5   5   5   5   0   5   5   5   5   5   5   0   5   5   5   5   5  0.05 0.14
  261 F   -1 -4 -4 -1  2 -4 -4 -1 -3  1  0 -1  2  4 -4 -1 -1  3  2  2    6   0   0   4   4   0   0   4   0   8   6   4   6  22   0   4   4   5   7  17  0.41 0.31
  262 K    0  0  0  0  2  1  0  0  1  0 -1  0  1 -2  1  0  0 -3 -2  0    6   6   6   6   6   6   6   6   6   6   6   6   6   0   6   6   6   0   0   6  0.06 0.09
  263 L    0 -1 -2 -2  3  1 -1  0 -2  1  0  0  2  1 -2  0  1 -2 -1  0    8   0   0   0   8   8   0   8   0   8   8   8   8   8   0   8   8   0   0   8  0.07 0.11
  264 N    0 -1  4  0  3 -1 -2 -3  0  0 -1 -1 -1  0 -3  0  1 -3 -1  0    6   2  26   4   8   1   0   0   3   4   7   2   1   4   0   6  11   0   2   9  0.26 0.26
  265 L   -1 -3 -2 -2  2 -3 -3 -4 -4  3  2 -2  2 -1  3 -1 -1 -4 -3  2    5   0   2   3   4   0   0   0   0  22  19   2   5   2  14   3   4   0   0  15  0.36 0.27
  266 E   -2 -1  0  4 -4  0  4 -3  0 -4 -1  0  1 -4 -1  0 -2 -4 -1 -2    3   2   3  30   0   3  29   1   2   0   6   3   4   0   3   5   0   0   3   2  0.57 0.38
  267 A    0 -3 -2 -3  0  0 -2 -1 -2  1  0 -2  0  2  3 -1  0  1  1  1    6   0   2   0   2   4   2   6   0   8   8   2   1  13  16   5   5   2   4  13  0.20 0.18
  268 N    0  0  0 -2  2  1  0  0  2  0  0 -1 -1  1  1  0 -1 -2  1  0    7   7   7   0   6   7   7   7   6   7   7   0   0   6   7   7   0   0   6   7  0.06 0.11
  269 H   -1 -1  0  0 -4 -2 -1  0  7 -3 -2 -1 -3  0 -3 -2  0  2  1  0    4   3   4   7   0   0   4   7  36   0   4   4   0   3   0   0   7   3   3   7  0.58 0.42
  270 A    1  0 -1  0  0  0  1 -1  0 -1 -1 -1  1  1  0  1  0 -2  1 -1   16   7   0   7   2   5   8   3   2   2   4   1   6   6   3  12   5   0   6   4  0.08 0.14
  271 T    0  0 -1 -3 -3  0 -1 -2  3  1  2 -1  1  1 -1 -1  0  1  0 -1    7   5   3   0   0   5   3   2   8   9  25   4   4   5   2   2   7   2   3   2  0.13 0.17
  272 L   -1 -4  0 -4  1  0 -4 -2  0  1  2 -4  6  1 -1 -3 -3 -3  2  0    6   0   5   0   3   5   0   3   3   7  18   0  28   5   4   0   0   0   9   5  0.57 0.41
  273 A    0  0  0 -2  2  1  0  0  2 -2 -1  0  1 -2  1  0  0  3  1  0    6   6   6   0   6   6   6   6   6   0   6   6   6   0   6   6   6   6   6   6  0.10 0.15
  274 G    0 -1  2 -1 -4 -1 -1  4  0 -1 -2  0  0 -1 -2 -1  0  1 -1 -2    8   4   9   3   0   3   2  35   2   4   2   5   2   2   2   4   5   2   2   2  0.33 0.27
  275 H   -1  0  0 -1  1  1  4 -1  3 -2 -1 -1  0 -1 -3 -1  0 -4 -3 -1    3   4   3   3   3   5  32   5   9   2   6   3   2   2   0   4   7   0   0   5  0.33 0.31
  276 T   -1 -1  5  1 -1 -1  0 -1 -1 -2 -4 -1 -1 -4  0  1  2  0  0 -2    5   3  28   6   1   3   5   3   1   2   0   2   2   0   5  12  12   1   4   2  0.39 0.35
  277 F    0 -2  0 -2  2 -1 -2  0  2  0  0  0  1  1  1  0  0 -2  1  0    7   0   7   0   6   0   0   7   6   7   7   7   6   6   7   7   7   0   6   7  0.07 0.12
  278 E    3 -1 -1 -1 -3  0  1  0  2  0 -2 -2  0 -1  1  0 -1 -3  0 -1   28   4   2   3   0   3  12   5   5   7   2   0   3   3   6   5   3   0   3   4  0.17 0.22
  279 H   -1 -1  0  0 -4  1  1 -1  7 -4 -2 -1  0 -1 -4 -1 -1  1  1 -2    6   2   3   6   0   7   8   4  34   0   5   2   2   3   0   5   3   2   4   3  0.64 0.43
  280 E    2 -1 -1  1 -1 -1  3  0  0 -1 -3 -1 -1 -2 -2  2 -1  1 -2 -1   19   2   1  10   1   2  19   6   2   4   0   3   1   1   2  14   3   2   1   5  0.23 0.24
  281 L    1 -4 -4 -5  0 -2 -4 -4 -4  3  2 -4  2  1 -4 -2 -1 -4  0  4   12   0   0   0   2   2   0   0   0  15  22   0   4   5   0   2   3   0   3  28  0.53 0.35
  282 N   -1  0  0  0  2  0  0 -1  2  0 -1  0  2  1  0 -1  0  3  1 -1    5   5   5   5   5   5   5   5   5   5   5   5   5   5   5   5   5   5   5   5  0.09 0.08
  283 V   -1  0 -1 -3 -3  1 -1 -3  0  1  2 -1  3  1 -3 -1  0  3  0  0    5   6   3   0   0   7   5   1   2   6  28   3   8   5   0   3   5   4   3   6  0.19 0.20
  284 A    3 -1 -3 -3  2 -3 -1 -1 -3  0  1 -3  0  0 -1  0  0  2 -1  0   31   3   0   0   5   0   4   4   0   5  17   0   2   3   3   5   4   3   2   6  0.25 0.27
  285 K    0  1  0  0  0  0 -1  0  0  0  1  0  1  0 -2  0  0  1  0 -1   10   8   5   5   2   3   3   6   3   7  18   5   4   3   0   6   3   3   4   3  0.02 0.07
  286 N    1  3  0  2 -3  0  0 -2  0  0 -1  1  0 -1 -3 -1 -1  1  0 -2   15  17   4  11   0   4   6   2   2   5   5   7   2   2   0   4   2   2   4   3  0.17 0.19
  287 Y    0  0  1 -1  0  0  1 -3  3 -2  0 -1  1  2 -3  0 -1  2  2 -2    7   6   8   3   2   3   9   1  11   0   8   3   4   9   0   9   4   3   9   2  0.17 0.19
  288 N   -1 -1  2  0  0  0 -1  5  0 -5 -3  0  0 -5 -1 -1 -2 -5 -4 -4    3   3   9   4   2   4   3  46   3   0   3   7   2   0   3   5   2   0   0   0  0.65 0.42
  289 A    0  0  0  0  2 -1  0  0  1  0  0  0  1  1 -2  0  0 -2  1  0    6   6   6   6   6   0   6   6   6   6   6   6   6   6   0   6   6   0   6   6  0.03 0.08
  290 L    0  0  0  0 -2  1  0  0  1  0  0  0  1  0  1  0  0 -3 -1  0    6   6   6   6   0   6   6   6   6   6   6   6   6   6   6   6   6   0   0   6  0.04 0.07
  291 G    0 -1 -1 -1  1 -1 -3  2  0 -1  0 -1  1  4 -1 -1 -1  3  1 -1    7   3   3   3   3   3   1  15   3   3   7   4   3  18   3   4   3   4   4   4  0.18 0.18
  292 S   -1 -1  1 -1  1  1 -3  1  5 -3 -1 -1  1  1 -1  0  0 -3  2 -2    5   3   6   3   3   6   0  13  14   0   8   3   4   7   3   7   5   0   7   3  0.21 0.23
  293 L   -3 -1 -4 -4 -3 -1 -4 -5 -4  3  2 -1  3  2 -4 -2  0 -4  0  3    0   4   0   0   0   3   0   0   0  21  17   3   7   8   0   3   6   0   3  22  0.48 0.32
  294 D    0 -1  1  1 -2  1  0  0  2  0 -2  0 -1  1  1  0  0 -2  1  0    7   0   7   7   0   7   7   7   6   7   1   7   0   6   7   7   7   0   6   7  0.08 0.11
  295 A    2 -1 -3  0  1 -2 -3 -2  1  1  1 -3  1  1 -3 -1 -1  2  0  1   18   3   0   7   3   0   0   3   5   8  17   0   4   6   0   3   3   3   3  13  0.15 0.19
  296 N   -2 -3  6  0  0 -3  0 -1  2 -1 -4 -1 -4  0 -1  0  0 -5 -4 -2    3   0  46   4   2   0   7   4   4   3   0   3   0   5   2   5   7   0   0   3  0.76 0.51
  297 Q   -1  0  1  2 -3  0  0  1  1 -1 -1 -1  1 -1 -1  0  0  1  0 -1    4   5   6  18   0   3   5  10   4   2   5   3   5   3   3   9   7   2   3   3  0.10 0.12
  298 G   -1 -1  2  0  0  1 -1  4  1 -4 -3 -1 -3 -1 -1  0 -2  0  0 -2    4   3   9   5   2   6   2  34   4   1   3   4   0   2   3   7   2   2   4   3  0.38 0.26
  299 D   -1  1  0  4 -4  1  0 -3  1 -4 -3 -1 -1  0  1  0 -1  2  2 -3    4   7   4  28   0   8   4   2   4   0   2   4   1   5   6   7   3   3   7   2  0.39 0.31
  300 L   -1  0  1 -2 -3 -1 -1  1 -1  0  0 -1  0  0  2  0  0 -3  1 -1    5   7   9   1   0   3   3  12   1   5  11   3   3   3  11   8   7   0   7   2  0.10 0.13
  301 L    0  0  0  0 -3  0  0 -1  1  0 -1  0  1  0  0  0  0  3  1  0    5   5   5   5   0   5   5   5   5   5   5   5   5   5   5   5   5   5   5   5  0.06 0.08
  302 L   -1  0  0  0  2  0  0 -1  2  0 -1  0  2  1  0 -1  0  3  1 -1    5   5   5   5   5   5   5   5   5   5   5   5   5   5   5   5   5   5   5   5  0.09 0.08
  303 G    0  0  0  0  2  0  0 -1  1  0 -1  0  1  0  0  0  0 -2  1  0    5   5   5   5   5   5   5   5   5   5   5   5   5   5   5   5   5   0   5   5  0.03 0.05
  304 W    0 -4 -1  3  0  0 -1  1  0 -1 -3 -3  0  1 -1 -2 -1  8  1 -2    7   0   3  16   2   5   3  10   2   5   1   1   2   5   4   3   5  20   4   3  0.56 0.36
  305 D   -2 -1  0  6 -5  1  1 -1 -4 -5 -3 -3  0 -1 -4 -2 -1 -5  0 -5    4   4   3  50   0   6   8   5   0   0   3   0   3   3   0   3   4   0   3   0  0.94 0.56
  306 T   -2 -2 -1  5  1  1 -2 -1  2 -2  0 -2  2 -2 -1 -1  1  1  0 -2    4   2   3  30   3   6   2   4   5   2   8   2   5   2   3   4   7   2   4   3  0.39 0.31
  307 D   -3 -2  1  5 -1 -1 -3  0 -4  1  0  0  1 -2 -1 -2 -1 -5 -2 -2    2   2   6  40   2   2   0   7   0   7   8   6   3   2   3   3   3   0   1   2  0.61 0.42
  308 E   -1  0 -2  0 -1  0 -1 -2 -1  1  2 -1  4  1  2 -1 -1 -4 -3  1    4   5   2   5   1   4   3   2   1   6  19   3  12   7  10   3   4   0   0   9  0.20 0.20
  309 F    1 -1 -2 -1  1 -3 -3  2 -4  2 -2 -4  2  4  0 -2 -2 -3  0  0   10   3   2   4   4   0   2  15   0  11   2   0   7  22   4   3   2   0   3   6  0.34 0.29
  310 P    1 -3 -3 -1 -4 -3 -3  2 -4 -1 -1 -3  2  1  4  1  0 -1 -3  1    9   1   0   4   0   0   0  15   0   2   5   0   6   7  20  10   5   1   0  12  0.38 0.32
  311 T   -1  0  0  0  2  0  0 -1  2  0 -1  0  2  1  0 -1  0  3  1 -1    5   5   5   5   5   5   5   5   5   5   5   5   5   5   5   5   5   5   5   5  0.09 0.08
  312 D    0  0  0  0  2  0  0  0  1  0 -1  0  1  0  1  0  0 -3 -1  0    6   6   5   6   5   5   6   6   5   6   6   6   5   5   6   6   6   0   0   6  0.03 0.07
  313 I   -1 -3  2  1  1 -1  0 -2  2  0 -1 -1  0  0  0 -1 -1  2  0  2    3   0  13   7   3   3   5   3   6   5   5   3   3   5   4   4   4   3   3  19  0.14 0.19
  314 Y   -2  0  0 -2 -4  0 -1 -1  4  0  0 -1  0  2  1  0 -1  3  2 -1    3   6   4   2   0   4   3   4  10   6   9   4   3   9   9   6   3   5   7   3  0.18 0.19
  315 T   -1  1  0  1 -4  0  3 -2  0 -1  0  0  0 -1  0 -1  0  2 -1 -1    3   9   4   7   0   4  20   2   2   4   9   6   3   3   5   4   7   3   2   3  0.15 0.18
  316 A    0  0  0  0  2  0  0 -1 -2  0 -1  0  1  0  0  0  0  3  1  0    5   5   5   5   5   5   5   5   0   5   5   5   5   5   5   5   5   5   5   5  0.05 0.08
  317 T    1 -3 -1  0  1  0  1 -3 -3  0 -1 -1  2  1 -1 -1  2 -4  0  0   14   0   3   5   3   5  11   0   0   4   6   3   5   6   3   4  15   0   3   7  0.15 0.20
  318 L    0 -1 -1 -2 -4  0  1 -3  0 -1  3 -2  0  3 -3 -1 -1  2  1 -1    9   3   3   2   0   5  10   2   2   3  26   1   3  14   1   3   4   3   4   3  0.25 0.24
  319 A    0 -2  0 -1  1 -1  0 -2 -1  1  1 -2  0  3 -3 -1 -1  1  0  1    9   2   4   3   3   3   7   3   1  10  16   1   2  13   0   4   3   2   2  11  0.13 0.15
  320 M   -1 -3 -1 -1  1  0  2 -1 -3  0  0 -3  5  2 -4 -1 -1 -3  1  0    5   0   3   3   3   4  13   4   0   5   8   0  19  10   0   4   4   0   5   7  0.29 0.29
  321 Y   -1 -1 -1 -1  1 -1 -1 -3  1  0  1 -1  1  1 -3 -1 -1  3  2  1    4   3   3   3   3   3   4   0   4   5  18   4   4   5   0   4   4   5   9  14  0.14 0.15
  322 E    0  0 -2  0  0  0  1 -2  1  0  0  0  1  1 -3  0  0  2  2  0    5   3   0   5   2   4  10   2   3   5   8   7   5   6   0   9   7   3   8   6  0.07 0.11
  323 V    0  0 -2  0  2  1  0 -3  2  0  0  0  1  1 -3  0  0  3  1  0    6   6   0   6   6   6   6   0   6   6   6   6   6   6   0   6   6   6   6   6  0.10 0.14
  324 L    0  0 -2  0 -3  1  0  0 -2  0  0  0  1  1  1  0  0  3  1  0    6   6   0   6   0   6   6   6   0   6   6   6   6   6   6   6   6   6   6   6  0.06 0.10
  325 D   -2  2 -1  1 -6  1  2 -1  1 -1  0  2  1 -1 -1 -1 -1 -6  0 -2    4  10   3   8   0   6  13   5   3   3  11  12   3   3   3   4   3   0   4   3  0.18 0.16
  326 F   -1  1  1  1  1  1 -1 -2  1 -1 -2  1  1  0 -2 -1 -2  5  2 -2    6   9   6   7   3   5   4   4   4   3   4  10   4   4   3   4   3   8   7   3  0.22 0.17
  327 G    0  0  1  0 -2  1  0  0  2  0  0  0  1 -2 -2  0  0 -2  1  0    6   6   6   6   0   6   6   6   6   6   6   6   6   0   0   6   6   0   6   6  0.05 0.09
  328 G   -1  0  0  0  2  0  0 -1  2  0 -1  0  2  1  0 -1  0  3  1 -1    5   5   5   5   5   5   5   5   5   5   5   5   5   5   5   5   5   5   5   5  0.09 0.08
  329 I    0  0  0  0 -2  1  0  0  1  0 -1  0  1  0  1  0  0 -2  1  0    6   6   5   6   0   5   6   6   5   6   6   6   5   5   6   6   6   0   5   6  0.03 0.06
  330 A    0 -1 -1  0 -4  1 -1  0  1 -3 -2 -1  0  1  0  0  0  5  4 -1    8   3   3   5   0   6   3   7   3   0   3   3   3   4   4   7   6   8  19   5  0.26 0.27
  331 P   -1  0  0  1 -3  0  1  1  0 -1 -2  0 -2 -1  3  0  1  1  0 -1    3   4   5  10   0   4   9  11   3   4   4   4   0   2  14   5  10   2   3   3  0.18 0.18
  332 G    0  0  0  0 -3  1  0  0  2  0 -1  0 -1 -2  1  0  0  3  1  0    6   6   6   6   0   6   6   6   6   6   6   6   0   0   6   6   6   6   6   6  0.08 0.10
  333 G    0  0 -2  0 -3  0 -1  0  2  0  0  0  1  1  1  0  0  3  1  0    6   6   0   6   0   6   0   6   6   6   6   6   6   6   6   6   6   6   6   6  0.07 0.12
  334 L   -1  0  0  0  2 -2  0 -1  1  0 -1  0  1  0  0  0  0  3  1  0    5   5   5   5   5   0   5   5   5   5   5   5   5   5   5   5   5   5   5   5  0.05 0.09
  335 N   -1 -1  2  0  0  0 -1 -1  3 -1 -1 -1 -2  2 -3  1  0  3  3 -1    5   3  12   5   2   4   3   4   7   4   5   2   0  11   0  11   4   5  10   3  0.21 0.20
  336 F   -1 -3 -3  0 -3  0 -1 -4 -3  1  1 -3  3  3 -4 -3  1  5  1  0    5   0   0   6   0   4   5   0   0   9  15   0   8  17   0   0   9   8   5   7  0.35 0.26
  337 D   -1  0  0  3  1  0  0  0 -2  0 -1 -1 -2 -2  0  0  0  2  1  0    5   4   3  23   3   4   3   7   0   8   7   4   0   0   4   6   5   3   5   6  0.14 0.15
  338 A    0 -2  0  0  2  0  0  0  1  0 -1  0  1  0  0  0  0 -2  1  0    6   0   5   6   5   5   6   6   5   6   6   6   5   5   6   6   6   0   5   6  0.04 0.08
  339 K   -1  1  1  0 -4  0  0 -2  2 -1 -2  2  0  3  0 -1 -1  2  1 -1    3   7   6   5   0   5   5   3   5   3   4  16   3  13   5   4   3   3   5   4  0.17 0.19
  340 V    0  0  0  0 -2 -1  0  0 -1  0  0  0  1  1  1  0  0 -2  1  0    6   6   6   6   0   0   6   6   0   6   6   6   6   6   6   6   6   0   6   6  0.03 0.07
  341 R   -1  3  1  1 -4  1 -1 -1  3 -1 -2  0  0 -1 -1 -1  0  1  2 -2    3  19   6   9   0   5   3   4   9   4   3   6   3   3   3   3   5   2   8   3  0.21 0.22
  342 R   -2  5  1  0 -5  0  0 -2  1 -4 -2 -1  0 -1  1 -1 -2 -4  2 -2    3  35   6   6   0   2   6   3   3   0   3   2   2   2   7   5   2   0   8   2  0.49 0.39
  343 T   -1 -1  1  2 -3  1  3 -1 -2 -1 -2  0  1 -3  0  0  2 -4 -1 -1    5   2   6  12   0   6  19   5   0   3   4   4   4   0   4   7  13   0   2   3  0.22 0.22
  344 S   -1  1  0  1  0  0  1  1 -2 -1 -2  0 -3 -3  1  3  1 -4 -3 -2    3   8   5   6   2   3  10  10   0   5   3   4   0   0   6  25   9   0   0   2  0.22 0.23
  345 F    0  0  0  0 -3  0  0 -1  1  0 -1  0  1  0  0  0  0  3  1  0    5   5   5   5   0   5   5   5   5   5   5   5   5   5   5   5   5   5   5   5  0.06 0.08
  346 A   -1 -1  0  3  1  0  1 -1  0 -1 -2  0  0 -1  1 -1  0 -4  0  0    4   3   4  19   3   4  10   4   3   4   4   6   3   3   7   4   6   0   3   6  0.15 0.17
  347 M    0  0  0  0 -2  1  0  0  1  0 -1  0  1  0  1  0  0 -2  1  0    6   6   5   6   0   5   6   6   5   6   6   6   5   5   6   6   6   0   5   6  0.03 0.06
  348 D    0  0  0  1  1  0  3  0  1  0 -1  0  0  0 -3 -1 -1  2  1 -1    9   5   3   6   4   4  21   6   3   5   4   4   3   3   0   4   4   3   4   4  0.13 0.17
  349 D    0  0  1  1  2  1  0  0 -2 -2 -2 -1  1  0  1  0  0 -3 -2  0    7   7   7   7   7   7   7   7   0   0   1   0   7   7   7   7   7   0   0   7  0.09 0.13
  350 L    0  0 -1  0  2  0  0  0  1  0 -1  0  1  0  0  0  0 -2  1  0    6   6   0   6   5   5   6   6   5   6   6   6   5   5   6   6   6   0   5   6  0.03 0.08
  351 I    0 -2 -1 -4  0 -2 -2 -2 -4  1 -1 -1  1  4 -1  0 -1  4  1  2    7   2   3   0   2   2   3   2   0   8   6   3   3  20   3   7   4   7   3  15  0.31 0.27
  352 L    0  0 -1  0  1  0  1 -1  2  1 -1 -1  0 -1  1 -1  0  2  1 -1    8   5   3   5   3   4   8   6   5   8   5   4   3   3   8   3   6   3   5   5  0.06 0.07
  353 A    0  0  0  0  2  0  0  0 -1  0  0  0  1  0  1  0  0 -2  1  0    6   6   5   6   5   5   6   6   0   6   6   6   5   5   6   6   6   0   5   6  0.03 0.06
  354 H    1  1  0  0  2  0 -1 -1  3 -1 -1 -2  0  1 -3  0  0 -3  1 -1   11  11   5   5   5   3   4   5  11   3   6   0   3   6   0   8   5   0   4   5  0.11 0.16
  355 I    0  0  0  0  2  1  0 -2 -2  0  0  0  1  0  1  0  0 -2  1  0    6   6   6   6   6   6   6   0   0   6   6   6   6   6   6   6   6   0   6   6  0.05 0.09
  356 A    1  0  0  0  1  1  1  0  1 -1 -1  0  0 -1 -1  0  0  2  0 -1   10   6   3   5   3   6   8   8   4   3   5   5   3   3   3   8   6   3   3   5  0.05 0.06
  357 G   -1  0  0  0  2  0  0 -1  2  0 -1  0  2  1  0 -1  0  3  1 -1    5   5   5   5   5   5   5   5   5   5   5   5   5   5   5   5   5   5   5   5  0.08 0.08
  358 M    0  0  0 -2 -2  1  0  0 -1  0  0  0  1  1 -2  0  0  3  1  0    6   6   6   0   0   6   6   6   0   6   6   6   6   6   0   6   6   6   6   6  0.07 0.11
  359 D   -1  2 -1  3 -3  0  1 -1  1 -1 -1  0 -2  0 -3 -2  0  3  0 -1    4  11   0  23   0   4  11   4   4   4   5   5   0   3   0   1   7   5   4   4  0.25 0.23
  360 T    0  0  0  0  2  0  0 -1 -2  0 -1  0  1  0  0  0  0  3  1  0    5   5   5   5   5   5   5   5   0   5   5   5   5   5   5   5   5   5   5   5  0.05 0.08
  361 Y    0  0 -4 -4  2  0 -1 -2 -3  1  1 -1  3  3 -4 -1 -1  3  2  0    7   5   0   0   5   4   4   4   0   8  11   3   7  15   0   4   4   4   8   6  0.24 0.21
  362 A    0  0  0  0 -3  1  0  0  2  0 -1  0  1  1 -3  0  0  3  1  0    6   6   5   6   0   5   6   6   5   6   6   6   5   5   0   6   6   5   5   6  0.06 0.10
  363 R   -1  0  0  0  2  0  0 -1  2  0 -1  0  1  0 -3  0  0  3  1  0    5   5   5   5   5   5   5   5   5   5   5   5   5   5   0   5   5   5   5   5  0.06 0.10
  364 G    1  0 -1 -3  0 -1 -1  2  0  0  1  0  1  0 -3  0 -1 -3  0 -1   14   6   2   0   2   2   2  16   2   5  19   5   4   3   0   7   3   0   4   4  0.09 0.14
  365 L    0 -1 -2 -4  0 -3 -1 -4 -4  0  4  0  1  1 -1 -2 -1  3  0  0    8   3   2   0   2   0   4   0   0   5  42   5   2   5   3   3   3   4   4   4  0.38 0.33
  366 R   -1  2  0  0 -3  0  1 -1  1 -1  0  1  0 -1 -3  0 -1  2  0 -1    5  13   4   6   0   4  12   4   4   4   8  11   3   3   0   4   4   3   3   5  0.10 0.13
  367 A    0  0  0  0 -3  1  0  0  2  0 -1  0  1  1 -3  0  0  3  1  0    6   6   5   6   0   5   6   6   5   6   6   6   5   5   0   6   6   5   5   6  0.06 0.10
  368 A    0  0 -1  0  2  1  0  0  2  0  0  0  1  0 -2  0  0 -3 -1  0    6   6   0   6   6   6   6   6   6   6   6   6   6   6   0   6   6   0   0   6  0.04 0.09
  369 A    1 -1  2  1  2  0  1 -1  0  0 -1 -1  0 -1 -3 -1 -1  1  0  0   16   3  10  10   4   3   9   3   3   5   6   3   3   3   0   3   3   3   3   7  0.10 0.14
  370 K   -1  0  0  0  2  0  0 -1  2 -2 -1  0  1  0  0  0  0  3  1 -1    5   5   5   5   5   5   5   5   5   0   5   5   5   5   5   5   5   5   5   5  0.08 0.12
  371 M    0  0  0 -2  2  0  0 -1  2  0 -1  0  1  1 -3  0  0  3  1  0    6   6   5   0   5   5   6   6   5   6   6   6   5   5   0   6   6   5   5   6  0.08 0.12
  372 K    0  0  0 -1 -2  0  0 -1  0  1  0  0  1  0 -1 -1  0  2  1  0    8   6   4   4   0   4   5   6   3  12  10   6   4   3   3   3   5   3   7   6  0.02 0.06
  373 D    0  0  0  0 -2  1  0  0  2  0 -1  0  1 -2  1  0  0 -2  1  0    6   6   6   6   0   6   6   6   6   6   6   6   6   0   6   6   6   0   6   6  0.05 0.08
  374 D    0  0  0  0 -2  1  0  0  2  0 -1  0  1 -2  1  0  0 -2  1  0    6   6   6   6   0   6   6   6   6   6   6   6   6   0   6   6   6   0   6   6  0.05 0.08
  375 N    0  0  0  0  2  1  0  0  1  0 -1  0  1 -2  1  0  0 -3 -2  0    6   6   6   6   6   6   6   6   6   6   6   6   6   0   6   6   6   0   0   6  0.06 0.09
  376 F    0  0  0  1  0  0  1 -1  0  0  0  0  0  0  0  0  0 -2  0  0    7   5   3   9   3   4   8   4   3   7  10   6   3   6   5   4   5   0   3   6  0.02 0.03
  377 F    0  0 -2  0 -3  0  0  0  2  0  0 -1  1  1  1  0  0  3  1  0    6   6   0   6   0   6   6   6   6   6   6   0   6   6   6   6   6   6   6   6  0.08 0.12
  378 E    0  1  0  2  0  2  2 -1  1 -1 -2  1 -2 -1  0  0 -1 -3  0 -1    8   7   4  12   3  10  14   4   4   3   4   7   0   3   3   4   4   0   3   3  0.15 0.16
  379 Q    0  0  0  0  2  1  0  0  2  0 -1  0 -1 -2  1  0  0 -2  1  0    6   6   6   6   6   6   6   6   6   6   6   6   0   0   6   6   6   0   6   6  0.05 0.08
  380 I   -1  0  0  0  2  0 -2 -1  2  0 -1  0  1  0  0  0  0  3  1  0    5   5   5   5   5   5   0   5   5   5   5   5   5   5   5   5   5   5   5   5  0.06 0.11
  381 I   -1  1 -1 -1 -3  0  0 -1 -3  2  1  0  2  0 -3 -1  0 -4 -3  2    4  10   3   4   0   5   5   4   0  13  15   5   5   4   0   4   4   0   0  15  0.14 0.16
  382 A    0  1  1  1 -2  1  1  0  2  0 -1  1 -1 -2 -2  0  0 -3 -2  0    7   7   7   7   0   7   7   7   7   7   7   7   0   0   0   7   7   0   0   7  0.07 0.08
  383 N    0  0  1  1 -3  2  2  0  1 -1 -2  2  1 -1 -2  0  0 -3 -2 -1    7   4   8   6   0   9  14   9   4   4   0  13   5   3   0   4   5   0   0   4  0.15 0.15
  384 R   -3  6  0 -1 -4  1 -1 -4  1 -1 -2  1 -3 -1 -3 -3 -3 -4  0 -3    1  58   4   3   0   5   3   1   3   4   4   5   0   3   0   1   1   0   3   1  0.91 0.46
  385 Y   -2  0  0 -4  0 -3 -3 -4  2 -1 -1 -2 -3  0 -4 -3 -1  3  7 -1    3   5   4   0   2   0   1   1   4   3   4   3   0   0   0   1   4   3  56   5  1.08 0.50
  386 E    3  0 -1  0 -2  1  1  0 -2 -2 -1  0 -1 -3 -2  1  0 -3 -3 -1   35   4   2   6   0   9   8   4   0   2   7   4   1   0   0  11   3   0   0   4  0.23 0.21
  387 S    0  1 -1  1 -2  1  1  0 -1  0 -2  1 -1 -3  1  0  1 -3 -2  0    8   8   0   8   0   8   8   8   0   8   1   8   0   0   8   8   8   0   0   8  0.12 0.09
  388 F   -1  0  0  0 -3  0 -2 -3 -2  0  0 -2  1  3 -3  0 -2  6  4 -2    6   6   4   7   0   4   0   1   0   5   8   0   4  15   0   7   0  15  15   0  0.47 0.29
  389 S    0  1  1  1 -2  1  0  0  2 -2 -1  0 -1 -2  1  0  0 -2  1 -1    7   7   7   7   0   7   7   7   6   0   7   7   0   0   7   7   7   0   6   7  0.09 0.10
  390 S    0  0  0  0  2  1  0  0  2 -2 -1  0  1  0  0  0  0 -2  1 -1    6   6   5   6   5   5   6   6   5   0   6   6   5   5   6   6   6   0   5   6  0.05 0.09
  391 G    0  0  0  0 -4  0  1  3 -3 -4 -2 -1 -3  1  1 -1  0 -3  1 -3    6   4   4   5   0   4  11  25   0   0   4   4   0   7   8   4   7   0   6   0  0.26 0.23
  392 I    0  0  0  0 -3  0  0 -1  1  0 -1  0  1  0  0  0  0  3  1  0    5   5   5   5   0   5   5   5   5   5   5   5   5   5   5   5   5   5   5   5  0.06 0.08
  393 G    0 -3 -2  0 -3  0 -2  4 -3 -1  0 -2  1 -3  1  0  0  3 -3 -1    6   0   0   4   0   4   1  37   0   4   8   0   5   0   9   5   6   4   0   5  0.37 0.25
  394 K    1  1  0  0 -3  3  2 -1 -2 -1 -1  1  1 -1  0  0  0 -3 -2 -2   11   9   4   4   0  16  15   4   0   4   4   6   5   3   3   6   4   0   0   0  0.18 0.17
  395 Q    0  3 -1  0 -3  1  0 -1  1  0 -1  2  0 -3  0  0  0 -3 -2  0    8  18   2   4   0   7   5   2   5   5   4  15   2   0   4   7   4   0   0   6  0.17 0.16
  396 I    0 -3 -3 -2  0 -3 -1 -2 -3  3  1 -2  2  1  0 -1 -1 -3 -1  2    6   0   0   2   2   0   3   3   0  29  16   3   5   5   4   4   3   0   2  12  0.23 0.20
  397 V    1  0 -1 -1 -3  0  2 -3 -2  0  2  0  2 -1 -1 -1 -1 -3 -2  1   11   4   2   2   0   4  19   0   0   6  20   6   8   2   3   2   2   0   0   9  0.16 0.20
  398 E    1  0  1  1 -3  0  1 -1 -1 -3 -2  1 -2  0 -2  1  0 -2  2 -2   16   5   9   6   0   3  12   3   0   0   3  11   0   5   0  10   5   0   9   0  0.18 0.18
  399 N   -1  0 -1  0  1  0 -3  5 -3 -4 -3 -1 -4 -4 -4  2 -2 -4 -4 -3    4   6   2   5   3   5   0  51   0   0   2   2   0   0   0  14   2   0   0   2  0.76 0.42
  400 K    0  2  0  2 -3  1  2 -1 -2 -3 -2  3 -2 -3 -1  1  0 -4 -2 -2    7  10   2  11   0   6  15   4   0   0   4  20   0   0   2   9   4   0   1   3  0.27 0.21
  401 E    1 -1 -2 -2 -1  0  1  0  0  0  1 -1  1  0  0  0  0 -3 -1  0   15   3   0   0   1   3  14   6   2   4  14   2   5   4   4   7   6   0   2   7  0.06 0.11
  402 D    0 -1  1  2 -1  0 -2 -1  0 -2 -2  0 -3 -4 -1  3  3 -4 -3 -2    4   3   5  15   1   3   0   4   3   2   3   4   0   0   2  26  21   0   0   2  0.35 0.31
  403 L    1 -4 -4 -3 -3 -3 -2 -4 -4 -1  4 -4  1  4 -1 -2 -3  3  0 -1   14   0   0   2   0   0   2   0   0   1  41   0   2  22   3   3   0   4   2   2  0.58 0.38
  404 E    1  2 -1  2 -4  0  5 -3 -1 -4 -4  1 -3 -5 -2  0 -1 -5 -4 -3   14  11   2  12   0   3  39   0   1   0   1   7   0   0   1   5   2   0   0   1  0.62 0.39
  405 S    0 -1 -1  3 -4  1  3 -1 -2 -3 -3  1 -1 -3 -3  1  0  1 -2 -2    9   3   1  20   0   7  24   4   0   0   1   8   2   1   0   9   6   2   1   2  0.37 0.28
  406 L   -1 -2 -5 -5  4 -4 -5 -5 -5  2  5 -4  2  0 -5 -4 -3 -4 -3  0    6   3   0   0   8   0   0   0   0  11  60   0   4   3   0   0   0   0   0   4  0.89 0.46
  407 T    2  1 -1 -1 -1  1  3 -2  0 -3 -1  1 -2 -3 -3 -1 -1 -4  0 -2   26  10   2   3   1   5  26   1   2   0   8   6   0   0   0   2   2   0   4   2  0.33 0.29
  408 N    2  1  1  1 -3  0  2 -1 -2 -1 -3  2 -1 -4 -2 -1 -1 -4 -3 -1   25   9   6  10   0   3  14   4   0   3   1  14   2   0   1   3   2   0   0   3  0.28 0.24
  409 Y   -1  0 -3 -1 -4  0  0 -2  3  0 -1  1  0  1 -4 -2 -2  0  5 -2    5   6   0   4   0   4   7   2   9   8   7   9   3   4   0   1   1   1  28   0  0.40 0.30
  410 A    4  1 -3 -3 -3  0  0 -2 -3  1 -2 -1  0 -1 -1  0 -1 -4 -3  2   42   7   0   0   0   4   6   2   0   8   1   2   3   2   2   5   1   0   0  14  0.37 0.31
  411 L    0  0 -2 -2 -2 -1  0 -2 -1  0  2  0  2  3 -1 -1 -1 -2  0  0   10   6   1   1   1   3   7   2   2   4  21   7   8  16   2   2   2   0   3   4  0.13 0.16
  412 S    0  1  1  4 -4  1  2 -1 -1 -4 -4  2 -3  0  0  0 -1 -4 -3 -4    9   6   5  27   0   7  13   3   1   0   0  12   0   4   3   5   3   0   0   0  0.41 0.28
  413 L    0  1  1 -2 -1  0  0 -1  2 -1  0  1 -1  0  0  0 -1  2  0 -1    9  10   9   0   2   3   3   3   7   2  14  11   1   4   3   5   3   4   2   4  0.08 0.11
  414 N    0 -2  1  1 -4 -1  1  4  1 -3 -4  0 -3 -4  0  0  0 -4 -3 -2    5   2   8  10   0   2  12  35   4   1   1   4   0   0   5   4   4   0   0   4  0.43 0.27
  415 G    2 -1  1  1 -3  2  3 -1 -1 -1 -3  1 -3 -2 -2  0 -1 -4 -3 -2   18   2   6   7   0   9  27   4   1   5   1   7   0   2   2   6   2   0   0   2  0.31 0.25
  416 V   -1 -3 -3 -1 -4 -3 -2 -2 -1  0  1 -2  0 -4  6 -1  0 -4 -2 -1    4   1   0   4   0   1   2   3   1   7  16   2   2   0  43   3   6   0   1   4  0.81 0.42
  417 E    1  1  1  0 -1  2  1  0 -1 -3 -3  1 -2 -2  1  0  0 -4 -2 -2   12   9   5   5   1  13  11   7   1   1   1  10   1   1   8   3   7   0   1   3  0.21 0.18
  418 N    0 -1  2 -2 -4  2  0 -2  3  0  0 -1  0 -3  3 -2 -1 -4 -3  0    9   3  14   0   0  11   5   2   7   5   9   2   2   0  18   1   2   0   0   9  0.30 0.26
  419 K    0  4 -1 -2 -4  1  0 -2 -2  0 -3  1 -3 -4  2  0  1 -4 -3  0    8  29   2   1   0   7   5   2   1   6   1   7   0   0  10   5   9   0   0   8  0.37 0.30
  420 S    0 -1 -2 -3 -1 -3 -3  2 -4 -5 -5 -2 -4 -5 -4  6 -1 -5 -1 -5    4   3   1   0   1   0   0  16   0   0   0   2   0   0   0  66   3   0   2   0  1.17 0.66
  421 G   -1 -4 -3 -1 -4 -1 -4  5 -4 -4 -1 -4  1 -1 -4  1 -3 -4  2 -2    4   0   0   4   0   3   0  54   0   0   7   0   4   3   0  11   0   0   7   2  0.84 0.46
  422 H    1  5 -2 -3 -5  1 -1 -2  4 -5 -3  3 -3 -5  0 -3 -3 -5 -3 -4   14  36   1   0   0   6   2   2  10   0   2  21   0   0   5   0   0   0   0   0  0.81 0.46
  423 I   -3 -1 -4 -4 -5  7 -1 -5  0 -1 -1 -1 -3  0 -3 -2 -3 -3  5 -4    1   2   0   0   0  50   2   0   1   4   7   3   0   4   1   2   1   0  22   0  1.18 0.65
  424 E   -2  0 -4 -2 -7 -2  7 -6 -4 -6 -6 -2 -6 -7 -5 -4 -4 -7 -6 -3    3   5   0   0   0   0  88   0   0   0   0   1   0   0   0   0   0   0   0   2  2.08 0.91
  425 H   -2  4 -3 -4 -4  0 -1 -5  4 -2  2  0  2 -1 -4 -2 -3  1  3 -2    3  27   0   0   0   4   2   0  12   1  20   5   7   1   0   2   0   2  13   1  0.57 0.39
  426 L   -1 -5 -5 -6 -1 -4 -5 -6  0  1  5 -5 -1  2 -5 -4 -4  4  3 -1    5   0   0   0   1   0   0   0   3   6  59   0   0   6   0   0   0   7  11   2  0.98 0.49
  427 K   -4  0 -2  5 -6 -1  6 -4 -3 -6 -4  0 -5 -6 -4 -3 -4 -6 -1 -6    0   4   1  32   0   1  53   1   0   0   1   6   0   0   0   0   0   0   2   0  1.37 0.64
  428 S    1 -2  4 -1 -2  4 -2 -1  1 -1 -2 -2  2 -4 -4  1  0 -4 -2 -2   11   1  23   3   1  24   0   4   3   4   3   0   7   0   0  11   5   0   2   1  0.45 0.35
  429 L   -3  0 -5 -4 -3 -1 -3 -5 -4  3  4 -3  2 -1 -5 -4  0 -1 -3  2    0   5   0   1   0   3   2   0   0  19  44   1   6   1   0   0   5   1   0  15  0.65 0.36
  430 L    1 -4 -4 -5 -1 -4 -4 -5 -4  3  2 -4  0  3 -4 -3  1 -4 -2  3   12   0   0   0   1   0   0   0   0  21  17   0   1  16   0   0   8   0   0  25  0.59 0.34
  431 N   -1 -2  6 -2 -5  1 -1 -4 -3 -1 -3 -3  3  0 -4 -1  0 -5 -4  0    5   2  51   0   0   7   3   0   0   3   1   0  10   4   0   3   6   0   0   6  0.90 0.50
  432 D   -3  5  0  2 -5  2  3 -3  2 -4 -4 -1 -1 -3 -2  0 -2 -3 -1 -4    0  32   3  11   0  11  18   0   6   0   0   1   2   1   1   9   2   0   2   0  0.65 0.39
  433 Y   -1 -3 -4 -5 -4 -4 -4 -3  4  1  1 -4 -3  3 -5 -2 -4 -2  7 -1    7   1   0   0   0   0   0   1  11   9  11   0   0  11   0   2   0   0  43   4  1.04 0.49
  434 L   -4 -5 -6 -6 -1 -5 -5 -6 -5  4  5 -5  2 -2 -5 -4 -3 -4 -4  2    0   0   0   0   1   0   0   0   0  23  57   0   5   0   0   1   0   0   0  12  1.07 0.45
  435 V   -3 -4 -5 -5 -3 -4 -4 -5 -4  2  5 -4  2 -1 -4 -4 -2 -3 -2  2    0   0   0   0   0   0   0   0   0   6  73   0   5   0   0   0   0   0   0  15  0.90 0.31

                      K         Lambda
Standard Ungapped    0.1348     0.3173
Standard Gapped      0.0410     0.2670
PSI Ungapped         0.0838     0.3178
PSI Gapped           0.0257     0.2670
