
Last position-specific scoring matrix computed, weighted observed percentages rounded down, information per position, and relative weight of gapless real matches to pseudocounts
           A  R  N  D  C  Q  E  G  H  I  L  K  M  F  P  S  T  W  Y  V   A   R   N   D   C   Q   E   G   H   I   L   K   M   F   P   S   T   W   Y   V
    1 M   -6 -7 -7 -8 -7 -6 -7 -8 -7 -4 -3 -7 11 -5 -8 -7 -6 -7 -6 -4    0   0   0   0   0   0   0   0   0   0   0   0 100   0   0   0   0   0   0   0  3.94 1.17
    2 E   -2  0  3  2 -3  1  1 -3 -1 -2 -4  3 -3 -5 -3  1  3 -5 -2 -3    1   4  16  13   0   6   8   0   1   2   1  16   0   0   1  11  17   0   1   1  0.46 0.29
    3 S    0  4  1 -1 -5 -1 -1 -3  0 -3 -4  4 -1 -4 -1  1  1 -6 -3 -4    7  19   6   3   0   2   2   1   2   2   1  30   2   0   3  12   7   0   0   1  0.55 0.33
    4 K    0  0  1  1 -4  2  2 -3  1 -1 -2  1 -1 -2 -1  0  0  1  0 -2    8   4   7   8   0  11  16   1   3   4   4   9   1   1   3   6   7   2   3   2  0.18 0.15
    5 V    1  0  0  3 -4  2  3 -3 -1 -2 -3  0  0 -2 -1  0  1 -5 -3 -2   11   4   3  17   0   9  20   1   1   2   2   6   3   2   3   6   8   0   1   3  0.30 0.22
    6 V   -2 -4 -5 -5 -3 -4 -5 -5 -5  4  2 -4  2  1 -5 -3  1  2 -3  4    4   1   0   0   0   0   0   1   0  24  17   0   5   6   0   1   8   2   0  29  0.71 0.36
    7 E   -1  0 -3 -3 -2 -2 -1 -4 -2  2  4 -2  2  0 -2 -2 -1 -2  0  1    5   5   1   2   0   1   5   1   1  11  39   2   4   4   2   2   5   0   3   8  0.35 0.24
    8 N    1  1  1  3 -4  3  3 -3  0 -5 -4  1 -4 -5 -3  1 -1 -6 -5 -4   10   6   6  15   0  14  22   1   2   0   1   9   0   0   1   8   4   0   0   0  0.52 0.33
    9 R    1  4 -1 -2 -4  2  1 -3  0  0  0  2 -1 -2 -3 -1  0 -2 -2 -1   14  22   2   2   0  11   7   1   2   5   8  10   2   1   0   4   6   1   1   4  0.27 0.22
   10 L   -4 -6 -7 -7 -5 -6 -7 -8 -7  6  4 -6  2  2 -7 -6 -4 -4 -5  1    1   0   0   0   0   0   0   0   0  38  41   0   5   7   0   0   0   0   0   7  1.35 0.57
   11 K    1  3 -1 -2 -2  1  1 -1  0 -1  0  2 -1 -2 -3 -1 -1 -1 -1 -1   12  18   2   1   1   5  12   6   2   4   9  15   1   1   0   4   4   1   2   3  0.19 0.18
   12 E    1  3 -1  2 -4  2  3 -2  0 -4 -4  2 -4 -5 -3  0  0 -5 -4 -3   13  14   2  11   0   9  20   2   2   1   1  11   0   0   1   7   5   0   0   1  0.43 0.29
   13 A    1  0  1 -1  1  1  1 -1  3 -1 -2 -1 -1 -2 -3  1  1 -3  0 -1   13   4   6   3   4   5  12   4   9   5   3   2   1   1   1  11  10   0   3   3  0.15 0.16
   14 K   -3  5 -4 -5 -5 -1 -4  4 -4 -6 -6  4 -6 -6  3 -3 -4 -5 -4 -6    1  27   0   0   0   2   0  30   0   0   1  23   0   0  13   1   0   0   0   0  1.11 0.55
   15 L    0 -6 -6 -7 -2 -6 -6 -7 -6  5  3 -6  0 -2 -6 -5 -4 -6 -4  5    6   0   0   0   1   0   0   0   0  32  23   0   1   1   0   0   0   0   0  34  1.18 0.52
   16 I   -4 -7 -7 -7 -4 -6 -7 -7 -7  6  1 -6  1 -1 -7 -4 -2 -7 -5  5    1   0   0   0   0   0   0   0   0  38   9   0   4   2   0   1   2   0   0  43  1.45 0.60
   17 A    6 -6 -6 -6 -3 -5 -5  0 -5 -5 -4 -5 -3 -7  5 -3 -3 -7 -7 -1   55   0   0   0   0   0   0   7   0   0   1   0   1   0  29   1   1   0   0   4  1.47 0.69
   18 V   -4 -7 -8 -8 -4 -7 -7 -7 -8  6 -2 -7 -4 -5 -7 -6 -3 -7 -6  6    1   0   0   0   0   0   0   0   0  41   3   0   0   0   0   0   1   0   0  54  1.91 0.75
   19 I   -2 -6 -7 -7 -3 -6 -7 -6 -5  5  3 -6  1 -1 -7 -5 -4 -6 -4  4    3   0   0   0   0   0   0   0   0  32  27   0   2   3   0   0   0   0   0  31  1.22 0.53
   20 R   -3  8 -5 -6 -6 -4 -4 -7 -5 -5 -7  0 -6 -6 -7 -4 -2 -8 -4  1    2  78   0   0   0   0   1   0   0   1   0   4   0   0   0   1   3   0   1   9  2.18 0.88
   21 S    2 -2 -1 -3 -2 -3 -2  3 -2  1  0 -2 -1 -3 -4  0  2 -4 -3 -1   17   2   3   1   1   0   2  25   1  10  12   2   1   1   0   4  14   0   0   4  0.30 0.24
   22 K    0  0  1  3 -3  0  1 -2  0  0 -1  0 -2 -2  1  0  0 -4 -2  0    6   4   6  18   0   3  10   2   2   6   5   6   0   1   8   6   4   0   1   8  0.17 0.14
   23 D   -2  0  2  5 -3 -1  1 -2  0 -5 -5 -1 -5 -4  1  3  1 -6 -3 -4    3   5   8  28   1   2   7   2   2   0   0   3   0   1   8  20   9   0   1   1  0.59 0.37
   24 K    3 -1 -3 -3 -3 -1  0 -2 -2 -1 -1 -1 -2 -2  4  0  0 -2  0  0   26   3   1   1   0   2   7   3   1   3   7   4   1   2  19   7   5   1   3   7  0.33 0.25
   25 Q    1 -1 -1  4 -6  1  5 -1 -2 -5 -5  0 -5 -6 -2  0 -1 -6 -5 -3   12   3   2  20   0   5  35   5   1   0   1   4   0   0   2   6   3   0   0   1  0.70 0.41
   26 E    0  1 -1  3 -3  2  2 -2  3 -2 -1  1 -2 -3 -2  0  0 -3 -1 -2    6   7   2  18   1  10  13   2   7   2   6   9   1   1   1   6   5   0   2   3  0.26 0.20
   27 A    5 -5 -5 -5  0 -4 -5 -1 -5  1  0 -5  0  0 -3 -2 -1 -5 -3  1   53   0   0   0   2   0   0   5   0   7  10   0   2   3   1   2   3   0   1  10  0.80 0.46
   28 C    0  0 -3 -1 -2 -1  0 -3 -1  2  2 -1  0 -1 -1 -2 -1 -3  0  3    7   7   1   3   1   3   7   2   2  10  21   3   1   2   4   2   2   0   3  21  0.16 0.16
   29 Q    1  2 -1  1 -4  1  1 -2  0 -4 -4  1 -3 -3  4 -1 -1 -2 -3 -3   14  11   3   8   0   5   9   3   2   0   1   8   0   1  24   5   3   1   0   1  0.45 0.29
   30 Q    2 -3 -4 -5 -2 -2 -4 -4 -5  3  3 -3  2 -1 -5 -2  1 -5 -3  2   17   1   0   0   1   1   0   1   0  16  27   1   5   2   0   2  10   0   0  16  0.52 0.32
   31 I    5 -5 -5 -6  1 -4 -5  0 -6  1 -2 -5  1 -4 -5  0 -1 -6 -5  2   52   0   0   0   3   0   0   7   0   7   3   0   3   1   0   5   3   0   0  16  0.89 0.49
   32 E   -1  3 -1  3 -5  2  4 -3  1 -4 -3  1 -3 -6 -3 -1 -1 -5 -4 -4    6  14   2  14   0   8  31   2   3   1   3   9   1   0   1   3   3   0   0   1  0.60 0.36
   33 S    6 -3 -5 -6  0 -3 -4 -2 -4 -2 -4 -4 -5 -6 -5 -1  1 -3 -5  0   71   1   0   0   2   1   1   2   0   2   2   0   0   0   0   3   8   0   0   5  1.33 0.65
   34 L    1 -6 -7 -7  3 -6 -6 -6 -6  1  6 -6  1 -2 -6 -4 -4 -4 -2  1   10   0   0   0   5   0   0   0   0   6  65   0   3   1   0   1   0   0   1   7  1.22 0.55
   35 L    1  0 -4 -4  1 -2 -3 -4  0  3  2 -1  0 -1 -4 -2 -2  0  2  2   12   6   0   0   3   2   1   0   3  20  16   3   2   2   0   2   1   1   9  17  0.34 0.24
   36 D    3  1  0  3 -4  0  4 -2 -3 -4 -5  1 -4 -6 -4  0 -3 -6 -5 -4   24   9   4  15   0   4  24   3   0   1   1   8   0   0   0   5   1   0   0   0  0.60 0.37
   37 K    2 -5 -2 -5 -2 -5 -2  6 -4 -7 -6 -4 -6 -7 -6 -1 -4 -7 -7 -5   18   0   2   0   1   0   3  67   0   0   1   0   0   0   0   5   1   0   0   1  1.58 0.66
   38 G   -5 -6 -4 -4 -6 -6 -5  8 -5 -9 -9 -6 -8 -8 -6 -5 -7 -8 -8 -8    0   0   1   1   0   0   1  97   0   0   0   0   0   0   0   0   0   0   0   0  2.78 0.99
   39 I   -3 -6 -7 -7 -3 -5 -6 -7 -7  6  2 -6  1  2 -6 -5 -4 -6 -4  4    2   0   0   0   1   0   0   0   0  42  20   0   3   7   0   0   0   0   0  25  1.23 0.52
   40 R   -2  4  1  0 -4 -1 -1  0  1 -4 -4  2 -3 -4  2  0  2 -6 -4 -3    2  27   7   4   0   2   2   6   3   0   1  12   0   0  12   6  12   0   0   1  0.51 0.33
   41 A    2 -4 -2 -5  4 -4 -5 -3 -4  2  1 -4  0  1 -5 -1  0 -3 -3  3   22   0   2   0  10   0   0   2   0  12  13   0   2   5   0   4   7   0   0  21  0.47 0.30
   42 V    1 -6 -6 -7 -3 -5 -6 -6 -5  5  3 -6  3 -1 -6 -5 -4 -6 -4  3   11   0   0   0   0   0   0   0   0  36  22   0   6   2   0   0   0   0   0  20  1.02 0.47
   43 E   -6 -6 -6 -3 -9 -3  8 -6 -6 -9 -9 -5 -8 -9 -7 -6 -6 -9 -8 -8    0   0   0   0   0   0  99   0   0   0   0   0   0   0   0   0   0   0   0   0  3.00 1.14
   44 V   -4 -7 -7 -7 -4 -7 -7 -8 -7  6  0 -7 -1  1 -6 -6 -4 -6 -3  5    0   0   0   0   0   0   0   0   0  40   8   0   1   7   0   0   0   0   1  43  1.52 0.62
   45 T   -1 -6 -5 -6 -6 -6 -6 -7 -7 -5 -6 -6 -6 -7 -2  0  8 -8 -7 -4    6   0   0   0   0   0   0   0   0   0   0   0   0   0   2   6  85   0   0   0  2.32 0.97
   46 Y   -2 -6 -5 -5 -2 -5 -6 -6 -4 -2  4 -6  6  5 -7 -3 -2  2  2 -2    3   0   0   1   1   0   0   0   0   1  35   0  18  27   0   2   3   2   5   2  1.14 0.52
   47 T   -4  4  4  2 -6 -2 -2 -3 -3 -5 -6 -3 -5 -6 -4  0  5 -7 -6 -4    1  22  18   9   0   1   1   2   0   0   0   0   0   0   1   5  38   0   0   1  1.06 0.56
   48 T   -3 -4 -1 -4 -1 -2 -4 -2 -1 -1 -4 -4 -1 -3 -5  2  6 -6 -5  2    2   1   2   1   1   2   0   2   1   3   1   0   1   1   0  15  53   0   0  13  1.10 0.58
   49 P    0 -3 -4  0 -7 -3  1 -4 -4 -6 -6 -1 -5 -7  8 -2 -2 -8 -5 -5    8   2   1   6   0   1   8   1   0   0   1   4   0   0  63   3   2   0   0   0  1.70 0.72
   50 G    1 -1  2  3  1 -1  0  4  0 -5 -5 -2 -4 -4 -5 -1 -3 -5 -4 -3   14   4  12  19   3   3   4  30   2   0   0   2   0   1   0   4   0   0   0   2  0.60 0.35
   51 A    6 -6 -5 -5  0 -5 -5  0 -5 -4 -5 -5 -5 -3 -1 -1 -2  1 -3 -1   75   0   0   0   2   0   0   6   0   1   0   0   0   1   3   3   2   2   1   4  1.48 0.69
   52 S    1 -3 -3 -1 -2 -2  1 -2 -2  1  3 -3  0  0  0 -2 -1 -2 -1  1   12   1   1   3   1   2   9   2   1   6  38   1   1   3   6   2   2   1   1   7  0.28 0.23
   53 D    1  1 -2  4 -6  1  5 -1  0 -5 -5  1 -5 -5 -3 -1 -2 -6 -4 -4   11   6   1  20   0   6  33   4   2   1   1   7   0   0   1   4   3   0   0   1  0.66 0.39
   54 I    4 -4 -4 -4  1 -2 -4 -2 -2  1  1 -4  2 -3 -4  0 -1 -5 -3  3   32   0   0   0   3   2   0   2   1   9  14   0   5   0   0   8   4   0   0  19  0.49 0.32
   55 I   -5 -7 -8 -8 -6 -7 -8 -8 -8  8  1 -7  0 -3 -7 -7 -5 -7 -5  2    1   0   0   0   0   0   0   0   0  74  13   0   2   1   0   0   0   0   0   9  2.04 0.76
   56 E    2  4 -2 -2 -4  1  2 -2 -1 -5 -5  2 -4 -5 -3  1 -1 -4 -4 -4   20  25   1   1   0   6  15   3   1   0   0  13   0   0   1   8   4   0   0   0  0.59 0.37
   57 S    2  3 -1  0 -4  2  2 -2  0 -2 -2  1 -1 -4 -4  0  0 -3 -2 -2   19  15   2   5   0   9  16   2   2   3   4   8   1   0   0   5   6   0   1   1  0.29 0.23
   58 F    0 -5 -5 -6 -1 -5 -6 -6 -6  3  4 -4  3  1 -6 -4 -2  0 -2  2    9   0   0   0   1   0   0   0   0  14  45   1   8   4   0   0   2   1   1  12  0.83 0.41
   59 R    3  5 -1 -4 -1 -1 -3 -3 -2 -3 -5  2 -4 -6 -5  2 -1 -5 -4 -1   26  28   2   0   1   3   1   1   1   2   0  13   0   0   0  13   3   0   0   6  0.68 0.41
   60 N    1  2  1  2 -3  2  3  0  0 -4 -4  2 -3 -5 -3  0 -1 -4 -3 -4   14   9   6  10   0   8  19   6   2   0   1  11   0   0   0   6   3   0   1   1  0.37 0.26
   61 R    1  3  0  0 -3  1  2 -1  2 -2 -3  2 -2 -2 -3 -1 -1 -3 -1 -1   11  18   4   6   1   6  15   3   6   2   2  11   1   2   0   3   3   0   2   4  0.27 0.21
   62 E   -1 -3 -2  3 -6 -2  1  1 -1 -5 -5 -1 -4 -2  5 -1 -2 -3  2 -4    6   1   1  17   0   1   8   9   2   0   1   3   0   2  32   5   3   0   7   1  0.74 0.40
   63 D   -2  1  0  5 -4  0  3  2 -1 -6 -5  0 -4 -5 -3 -1 -2 -6 -5 -5    3   8   4  31   0   4  16  18   2   0   1   5   0   0   1   4   2   0   0   0  0.70 0.38
   64 I    2 -4 -6 -6  1 -4 -5 -3 -5  3  2 -5  5 -1 -5 -3 -3 -4 -4  3   19   1   0   0   3   0   0   1   0  13  19   0  15   2   0   1   1   0   0  24  0.73 0.39
   65 L   -1 -2 -3 -4  1 -2 -3 -5  0  2  3 -4  1  0 -3 -2  0 -1  0  2    4   3   1   1   4   2   2   0   2  11  36   0   2   3   1   2   7   1   3  16  0.41 0.26
   66 I   -3 -7 -7 -7 -3 -6 -7 -5 -7  5  1 -6 -2 -2 -4 -6 -3 -3 -5  6    1   0   0   0   0   0   0   1   0  32  12   0   0   2   1   0   1   0   0  49  1.44 0.60
   67 G   -3 -8 -6 -7 -4 -7 -7  8 -7 -7 -8 -7 -8 -8 -7 -5 -7 -8 -8 -7    2   0   0   0   0   0   0  97   0   0   0   0   0   0   0   0   0   0   0   0  2.81 0.99
   68 A    7 -6 -6 -7 -2 -6 -6 -3 -7 -3 -4 -6 -1 -7 -6 -3 -3 -7 -7  1   84   0   0   0   1   0   0   1   0   2   1   0   1   0   0   1   1   0   0   8  1.91 0.82
   69 G   -4 -7 -6 -6 -8 -7 -7  8 -7 -9 -9 -7 -8 -8 -7 -5 -7 -8 -8 -7    0   0   0   0   0   0   0  99   0   0   0   0   0   0   0   0   0   0   0   0  2.89 1.01
   70 T   -5 -7 -5 -6 -6 -6 -6 -6 -7 -6 -7 -6 -6 -8 -6  0  8 -8 -7 -6    0   0   0   0   0   0   0   1   0   0   0   0   0   0   0   7  92   0   0   0  2.72 1.08
   71 V   -4 -8 -8 -8 -4 -7 -8 -8 -8  3 -2 -7 -4 -6 -7 -7 -5 -8 -6  8    1   0   0   0   0   0   0   0   0  11   3   0   0   0   0   0   0   0   0  85  2.28 0.86
   72 I   -4  1 -4 -6  0 -5 -5 -6 -3  1  5 -4  2 -2 -5 -4  2 -3 -3  0    1   7   1   0   2   0   0   0   1   7  56   1   5   1   0   0  11   0   0   5  0.94 0.47
   73 S   -3 -3  3  5 -4 -2 -1 -4 -1 -6 -6 -3 -6 -7 -5  2  5 -7 -5 -5    1   1  14  28   0   1   3   1   1   0   0   1   0   0   0  15  33   0   0   0  1.09 0.56
   74 A    3  0 -3 -2 -2 -2  0 -1 -3  0 -1 -1  0 -4  3 -1  0 -5 -4  2   23   6   1   1   1   1   8   4   0   6   6   3   2   0  17   4   5   0   0  13  0.31 0.24
   75 Q    2 -1 -2  3 -6  1  5 -2 -1 -4 -5  0 -4 -5 -1 -1  0 -6 -5 -2   17   3   1  14   0   7  36   2   1   1   0   4   0   0   3   4   5   0   0   3  0.66 0.40
   76 Q   -1 -2 -2  3 -5  6  1 -3  0 -4 -3 -3  1 -5 -5  0  3 -5 -5 -4    4   1   1  17   0  35   8   1   2   1   3   0   3   0   0   6  17   0   0   0  0.85 0.50
   77 A    6 -6 -6 -6  1 -5 -6 -4 -6 -3  0 -5 -2 -3 -6 -4 -3 -7 -5  3   61   0   0   0   3   0   0   1   0   1   9   0   1   1   0   0   1   0   0  22  1.33 0.64
   78 G   -1  4 -1  2 -5  1  3 -2  0 -4 -4  2 -3 -4 -4 -2 -1 -2 -3 -3    6  27   2  13   0   7  17   2   2   1   2  14   0   0   0   1   3   1   1   2  0.59 0.35
   79 E    3  3 -1  0 -4  2  2 -3 -1 -1 -1  1  0 -4 -3  0 -1 -4 -4 -2   25  15   2   5   0   9  12   1   1   4   7   6   2   0   0   5   3   0   0   2  0.31 0.25
   80 A    7 -6 -6 -7  3 -6 -6 -4 -6 -4 -6 -6 -3 -4 -6 -1 -3 -7 -5  0   80   0   0   0   5   0   0   1   0   0   0   0   1   1   0   4   1   0   0   7  1.80 0.79
   81 A    1 -2 -6 -6 -3 -3 -4 -6 -1  5  1 -2  0 -2 -5 -4 -3 -3 -2  3   10   3   0   0   0   1   1   0   2  37  14   3   2   1   0   1   1   0   1  23  0.78 0.39
   82 K    2  0  1  4 -4  1  3 -2  0 -3 -1  0 -1 -5 -4  0 -2 -6 -4 -4   18   5   5  23   0   5  18   2   2   1   8   4   1   0   0   6   1   0   0   0  0.44 0.30
   83 A    7 -3 -1 -6 -1 -5 -4 -3 -1 -5 -4 -4 -3 -6 -5  0 -4 -4 -3 -3   79   1   3   0   1   0   1   1   1   0   1   0   0   0   0   7   0   0   1   1  1.63 0.74
   84 G   -5 -5 -4 -6 -8 -7 -6  8 -7 -9 -9 -5 -6 -8 -7 -5 -7 -8 -8 -9    0   1   1   0   0   0   1  98   0   0   0   0   0   0   0   0   0   0   0   0  2.83 1.00
   85 A    7 -7 -7 -7 -1 -6 -6 -2 -7 -5 -7 -6 -6 -7 -6 -2 -4 -8 -7 -3   92   0   0   0   1   0   0   3   0   0   0   0   0   0   0   2   0   0   0   2  2.27 0.93
   86 Q   -1  3 -2  2 -3  5  2 -3 -1 -5 -5  2 -3 -6 -5  1 -1 -6 -5 -4    5  17   1  10   1  23  15   1   2   0   0  10   0   0   0   9   4   0   0   1  0.66 0.40
   87 F   -6 -8 -8 -9 -5 -8 -8 -9 -6 -4 -3 -8 -3  9 -9 -8 -7 -3  4 -5    0   0   0   0   0   0   0   0   0   0   2   0   1  84   0   0   0   0  12   0  3.00 1.02
   88 I   -1 -6 -7 -7 -1 -6 -6 -4 -7  6  3 -6  0 -1 -6 -5 -2 -6 -4  3    4   0   0   0   2   0   0   2   0  39  30   0   2   2   0   0   2   0   0  19  1.10 0.48
   89 V   -4 -7 -8 -8 -6 -7 -7 -7 -8  2  0 -7 -3  0 -7 -5 -4 -7 -4  7    1   0   0   0   0   0   0   0   0  10   6   0   0   3   0   1   0   0   0  78  1.96 0.77
   90 S    1 -6 -4 -5  0 -5 -5 -2 -6 -6 -5 -5 -2 -7 -5  6  3 -7 -6 -6   11   0   0   0   2   0   0   3   0   0   1   0   1   0   0  63  19   0   0   0  1.55 0.75
   91 P   -5 -8 -8 -7 -9 -5 -7 -8 -5 -9 -9 -7 -8 -9  9 -5 -7 -9 -5 -7    1   0   0   0   0   1   0   0   0   0   0   0   0   0  97   1   0   0   0   0  3.49 1.22
   92 G    0 -4  3 -1  1 -3 -4  4  4  0 -4 -3 -2 -4 -5  0  0 -4 -1  1    6   0  13   3   3   0   0  29  12   7   0   0   1   0   0   5   7   0   2   9  0.53 0.33
   93 F   -2 -4 -4 -6  1 -4 -5 -5 -4  0  3 -5  1  5 -4 -3  2  0  1  2    2   1   1   0   3   0   0   0   0   3  29   0   3  24   1   1  13   1   4  13  0.71 0.38
   94 S   -2 -1  4  5 -1 -2 -1 -3  0 -2 -5 -1 -4 -4 -3  2  0 -5 -5 -1    3   4  20  34   1   1   3   1   2   2   1   3   0   1   1  14   4   0   0   4  0.73 0.41
   95 A    0  0 -3  0 -5 -1  3 -4 -1 -2 -1  0 -3 -4  5 -2 -1 -6 -5 -1   10   6   1   4   0   3  19   1   1   2   6   6   1   0  31   2   3   0   0   4  0.65 0.37
   96 D    2  0 -1  4 -5  0  4  0 -2 -5 -5  0 -4 -5 -1  0 -2 -4 -5 -4   15   5   2  21   0   3  30   7   1   0   1   4   0   0   3   7   1   0   0   1  0.64 0.38
   97 L   -3 -6 -7 -7 -5 -6 -6 -7 -7  3  2 -6  1 -4 -6 -4  0 -6 -5  6    2   0   0   0   0   0   0   0   0  14  16   0   3   0   0   1   7   0   0  57  1.34 0.58
   98 A    1 -4 -4 -6 -2 -4 -6 -4 -5  5  1 -5  0 -3 -4 -3 -3 -4 -5  4   13   1   1   0   1   0   0   1   0  36  10   0   2   0   1   1   1   0   0  30  0.94 0.45
   99 E    2  3 -1  2 -4  1  3 -2  0 -4 -4  2 -3 -5 -2  0 -1 -5 -4 -4   16  15   2  10   0   6  21   3   2   1   1  12   0   0   1   5   4   0   0   1  0.45 0.30
  100 H    2  1 -3 -3  0 -1 -1 -3  1  0  0 -2  1  1 -3 -2  0  3  3  1   19   7   0   1   2   2   5   1   3   5  11   2   4   5   1   1   8   5  11   8  0.20 0.19
  101 L    5 -6 -6 -6  8 -6 -6 -1 -6 -4 -3 -6  0 -5 -6  0  1 -7 -6 -2   40   0   0   0  33   0   0   5   0   1   2   0   2   0   0   6   9   0   0   2  1.50 0.65
  102 S    0  3  2 -2 -3  2 -2 -3  4 -1  0  2 -1 -4 -4 -2 -1 -5 -3  1    7  16  13   1   0   8   2   2  10   4  10  12   1   0   0   1   3   0   0   9  0.32 0.25
  103 F    1  3 -1  1 -5  1  4 -2 -1 -5 -2  1 -4 -5 -3  0 -2 -3 -3 -4   14  18   2   8   0   6  26   3   1   0   4   6   0   0   0   7   2   0   0   1  0.49 0.32
  104 V    1  2  1 -3 -1  1 -1 -3  3 -3  1  1 -1 -1 -4 -1 -1 -2  4 -2   13  12   7   1   1   5   3   1   8   1  15   7   1   1   0   4   2   0  16   2  0.30 0.25
  105 K   -2 -1  2  2 -5  1 -1  5 -1 -7 -7  0 -6 -7 -5 -1 -4 -6 -6 -6    2   3  10  13   0   7   4  48   1   0   0   5   0   0   0   4   0   0   0   0  1.00 0.49
  106 T   -1 -2 -6 -6  0 -5 -5 -5 -5  4  2 -1  2 -2 -5 -4 -1 -6 -3  4    6   2   0   0   2   0   0   1   0  25  17   5   4   1   0   0   3   0   0  34  0.79 0.40
  107 H    0 -6 -5 -3 -3 -5 -3 -4 -5 -1  1 -5 -1 -2  7 -4 -2 -5 -5  2    9   0   0   1   1   0   2   1   0   3  13   0   1   2  50   1   2   0   0  14  1.24 0.57
  108 Y    1 -5 -5 -5  2 -4 -5 -5 -1  2 -1 -5  1  1 -2  1 -1 -1  4  4   10   0   0   0   4   0   0   0   1  12   4   0   4   6   2  11   2   1  14  28  0.54 0.34
  109 I   -2 -6 -6 -7  0 -6 -6 -6 -6  5  2 -6  4  3 -6 -4 -3 -1 -1  2    3   0   0   0   2   0   0   0   0  35  20   0  11  11   0   1   1   1   2  13  0.97 0.44
  110 P   -1 -7 -7 -7  0 -6 -5 -6 -6 -4 -3 -6  0 -8  8 -2 -4 -9 -8 -4    6   0   0   0   2   0   1   0   0   1   3   0   3   0  79   3   1   0   0   1  2.43 0.94
  111 G   -3 -8 -6 -7 -8 -7 -7  8 -7 -9 -9 -5 -8 -9 -7 -5 -7 -8 -8 -8    2   0   0   0   0   0   0  98   0   0   0   0   0   0   0   0   0   0   0   0  2.85 1.00
  112 V    5 -6 -6 -6  5 -5 -6 -1 -6  0 -4 -5 -4 -4 -5 -3  0 -7 -6  4   47   0   0   0  13   0   0   4   0   5   1   0   0   0   0   1   4   0   0  25  1.17 0.58
  113 L    2 -4 -3 -6  0 -2 -5 -4 -3 -1  2 -5  5  4 -5 -1 -2 -1  1 -1   15   0   1   0   2   2   0   1   0   1  22   0  18  20   0   6   3   1   5   3  0.66 0.38
  114 T   -5 -6 -2 -4 -4 -6 -6 -5 -5 -6 -7 -6 -6 -7 -6  1  8 -8 -7 -5    0   0   2   1   0   0   0   1   0   0   0   0   0   0   0  10  86   0   0   0  2.44 1.00
  115 P    1 -7 -7 -7 -5 -6 -6 -6 -7 -3 -6 -6 -3 -8  8 -4 -4 -9 -8 -1   10   0   0   0   0   0   0   0   0   2   1   0   1   0  79   1   1   0   0   5  2.52 0.96
  116 S   -3 -4 -1 -5 -6 -3 -5 -2 -4 -6 -6 -3 -6 -6 -6  4  7 -7 -6 -5    1   1   3   0   0   1   0   3   0   0   0   2   0   0   0  28  62   0   0   0  1.70 0.79
  117 E   -6 -5 -5  1 -9 -2  8 -5 -5 -9 -7 -4 -7 -9 -6 -5 -6 -4 -7 -8    0   0   0   7   0   1  90   1   0   0   0   0   0   0   0   0   0   0   0   0  2.58 1.02
  118 I    1 -6 -7 -7 -2 -6 -7 -6 -7  6  0 -6  4 -4 -6 -5 -4 -6 -4  4   10   0   0   0   1   0   0   0   0  46   6   0   8   0   0   0   1   0   0  27  1.34 0.57
  119 M    0 -3 -3 -2 -3  2  1 -3  1  1  1 -2  5  0 -4 -3 -2  0  2  2    7   1   1   2   0   9   8   1   3   6  14   1  15   3   0   1   2   1   6  17  0.31 0.25
  120 E    2  3  0 -1 -3  2  1 -3  2 -3 -2  0 -1 -4 -4  0  3 -4 -3 -2   20  14   5   2   0  11   7   1   4   1   3   4   1   0   0   4  17   0   1   2  0.36 0.28
  121 A    7 -5 -6 -7  0 -6 -6 -1 -5 -4 -4 -6 -5 -7 -6 -3 -3 -7 -7 -3   87   0   0   0   2   0   0   3   0   1   2   0   0   0   0   1   1   0   0   2  2.01 0.85
  122 L   -2  0 -3 -4 -3 -2 -4 -5  3  0  2 -3  3 -1 -6 -3 -2  8  3  0    3   6   1   1   1   2   1   0   8   5  23   1   7   2   0   2   2  21   9   6  0.83 0.41
  123 T    0  3  1  2 -4  2  4 -3 -1 -6 -5  2 -3 -6 -4  0 -1 -6 -4 -4    8  15   5   9   0   9  28   2   1   0   1  11   0   0   0   7   3   0   0   1  0.60 0.36
  124 F    4 -1 -2 -3  0 -1 -2 -3  1 -3  2 -3  1 -1 -5 -1 -3  2  2 -2   36   3   2   1   2   2   2   1   3   0  23   1   3   3   0   4   1   3   7   1  0.46 0.34
  125 G   -5 -5 -4 -4 -8 -5 -5  8 -7 -9 -9 -5 -8 -8 -7 -4 -6 -8 -7 -8    0   1   1   1   0   0   1  95   0   0   0   1   0   0   0   1   0   0   0   0  2.64 0.95
  126 F    5 -5 -4 -5  3 -5 -5 -3 -2 -1  1 -5 -3 -1 -4 -1 -3 -3 -2  1   56   0   1   0   6   0   0   1   1   3  14   0   0   3   0   4   1   0   1   9  0.95 0.51
  127 T    0  1 -1  5 -4  0  1 -2  0 -6 -5  0 -4 -5  0  1  1 -6 -4 -4    7   7   2  39   0   3   9   2   2   0   1   4   0   0   4   8  10   0   0   0  0.70 0.39
  128 T    2 -3 -4 -5  0 -3 -3 -4 -2  3  2 -4  4  1 -4 -3  0 -1 -1  3   18   1   0   0   2   0   1   1   1  15  17   0  10   7   0   0   5   1   2  18  0.47 0.29
  129 L   -3 -6 -7 -7 -4 -2 -7 -7 -7  3  2 -6  1 -2 -7 -6 -4 -7 -5  6    1   0   0   0   0   2   0   0   0  16  15   0   3   2   0   0   0   0   0  61  1.48 0.62
  130 K   -6 -3 -6 -6 -9 -4 -4 -7 -6 -8 -8  8 -7 -9 -7 -6 -5 -9 -7 -8    0   0   0   0   0   0   0   0   0   0   0  99   0   0   0   0   0   0   0   0  3.01 1.11
  131 L   -3 -6 -7 -7 -3 -6 -7 -7 -6  3  4 -6 -2  4 -7 -6 -4 -2 -3  4    2   0   0   0   0   0   0   0   0  16  36   0   0  18   0   0   0   0   0  27  1.14 0.50
  132 F   -8 -8 -9 -9 -8 -9 -9 -9 -5 -6 -5 -9 -6 10 -9 -6 -6 -5  0 -6    0   0   0   0   0   0   0   0   0   0   0   0   0  97   0   1   0   0   2   0  3.53 1.15
  133 P   -7 -8 -8 -7 -9 -7 -7 -8 -5 -9 -9 -7 -8 -10  9 -5 -7 -10 -9 -8    0   0   0   0   0   0   0   0   0   0   0   0   0   0  99   0   0   0   0   0  3.63 1.26
  134 S    6 -6 -5 -6  0 -5 -4  1 -6 -1 -5 -5 -2 -7 -5 -1 -4 -7 -6 -1   74   0   0   0   2   0   1  11   0   3   0   0   1   0   0   4   0   0   0   4  1.57 0.71
  135 G    1 -1  2  0 -4 -1  3  2  0 -5 -5 -2 -3 -5 -1  3 -1 -6 -5 -4   11   3   8   5   0   2  19  18   2   0   1   2   1   0   3  22   3   0   0   1  0.45 0.31
  136 V    2 -2 -1 -3 -2  0 -2 -2 -1  1  0 -2  0 -1 -1  1  1 -4 -3  2   21   2   3   1   1   5   2   2   2   6   9   1   3   3   3  11  10   0   0  16  0.19 0.19
  137 F   -2 -5 -3 -5 -3 -5 -6  4 -4 -2  3 -5  1  2 -5 -4 -3 -1 -1  1    3   0   1   0   0   0   0  36   0   1  32   0   3   9   0   1   1   1   2  10  0.79 0.42
  138 G   -4 -6 -4 -4 -7 -6 -6  7 -5 -7 -8 -4 -7 -7 -5 -2 -2 -7 -8 -6    0   0   0   1   0   0   0  90   0   0   0   1   0   0   0   2   3   0   0   0  2.39 0.88
  139 I    1 -6 -6 -6 -6 -4 -4 -2 -5  1  0 -4 -3 -4  7 -2 -1 -7 -4  1   10   0   0   0   0   0   1   3   0   7   8   1   1   0  52   3   4   0   0  10  1.28 0.58
  140 P    3  0  0  2 -4  0  0  2 -2 -5 -5  2 -4 -5  1  2 -2 -5 -5 -4   22   5   4  10   0   4   6  15   0   0   0  11   0   0   6  14   2   0   0   1  0.40 0.28
  141 F    0 -6 -5 -7 -6 -6 -6 -4  3 -3 -3 -5  3  4 -7 -4 -1  2  8 -3    7   0   0   0   0   0   0   2   5   1   2   0   7  16   0   1   4   2  51   2  1.66 0.69
  142 M   -5 -6 -7 -7 -4 -6 -7 -7 -7  6  4 -6  1  1 -7 -6 -5 -6 -3  2    0   0   0   0   0   0   0   0   0  37  40   0   2   6   0   0   0   0   0  13  1.32 0.55
  143 K   -1  4 -3 -4 -7  0 -2 -4 -3 -7 -7  7 -6 -7 -5 -1 -3 -7 -6 -5    4  23   1   0   0   3   1   1   1   0   0  58   0   0   0   5   2   0   0   0  1.52 0.68
  144 N    5 -4 -1  3 -5 -1  1 -3  0 -5 -5 -4 -4 -6 -5  2 -1 -5 -4 -4   46   0   3  17   0   3   8   1   2   0   1   0   0   0   0  14   3   0   0   1  0.88 0.50
  145 L   -4 -6 -7 -7 -3 -6 -7 -7 -7  4  5 -6  2  0 -7 -6 -4 -4 -3  3    0   0   0   0   1   0   0   0   0  19  53   0   4   3   0   0   0   0   0  19  1.26 0.54
  146 A    1  5 -3 -4 -2  1 -3 -2  2 -3  1  3 -1 -5 -5  1 -3 -4 -4 -4   11  28   1   0   1   5   0   3   4   1  15  19   1   0   0   9   1   0   0   1  0.58 0.37
  147 G    4 -4 -4 -1 -5 -3 -2  5 -6 -5 -6 -3 -4 -7 -4  0 -2 -7 -6 -4   32   1   0   3   0   1   3  48   0   0   0   1   0   0   0   7   2   0   0   1  1.19 0.56
  148 P   -3 -8 -7 -7 -8 -6 -7 -8 -8 -4 -6 -6 -5 -9  9 -4 -5 -9 -8  1    2   0   0   0   0   0   0   0   0   1   1   0   0   0  85   1   0   0   0   9  2.84 1.05
  149 F   -5 -6 -7 -8 -6 -5 -7 -8 -4  0  5 -7  3  6 -7 -6 -6 -2  3 -3    0   0   0   0   0   0   0   0   0   3  45   0   7  35   0   0   0   0   8   1  1.52 0.63
  150 P   -2 -2 -1 -1 -5 -4 -4  0 -3 -7 -7 -3 -6 -8  8  0 -4 -8 -7 -6    3   2   4   4   0   1   1   8   1   0   0   2   0   0  67   7   1   0   0   0  1.89 0.78
  151 Q   -3 -2  1  4 -6  4  1  1  5 -6 -5 -1 -1  0 -4 -1 -2 -4  0 -5    2   1   5  20   0  19   9  10  16   0   0   3   1   5   0   3   2   0   3   0  0.70 0.40
  152 V    1 -6 -5 -6 -3 -5 -6 -5 -6  5  2 -6  2 -2 -4 -5 -2 -4 -4  4   11   0   0   0   0   0   0   0   0  34  20   0   5   1   1   0   2   0   0  26  0.97 0.45
  153 T   -1  4  0  0 -4  1  0 -3 -1 -5 -4  2 -3 -6  5  0 -2 -6 -5 -3    4  20   4   5   0   5   6   2   1   0   2  14   1   0  26   6   2   0   0   2  0.67 0.38
  154 F   -4 -6 -7 -7 -3 -6 -7 -7 -6  3  4 -6  3  6 -5 -6 -4  0 -1  0    1   0   0   0   0   0   0   0   0  15  34   0   6  34   0   0   1   1   1   6  1.24 0.53
  155 I   -3 -6 -6 -7  3 -5 -6 -7 -5  4  1 -6  7 -1 -7 -5 -3 -4 -5  3    2   0   0   0   6   0   0   0   0  20  12   0  32   2   0   0   1   0   0  22  1.32 0.57
  156 P    2 -7 -7 -7 -4 -6 -5 -6 -7 -6 -6 -6 -7 -8  8 -5 -4 -9 -8 -1   19   0   0   0   0   0   0   0   0   0   0   0   0   0  74   0   1   0   0   5  2.44 0.95
  157 T   -3 -6 -4 -6 -2 -5 -6 -5 -7 -3 -4 -6 -3 -5 -6  1  7 -7 -6  2    2   0   0   0   1   0   0   0   0   1   1   0   1   0   0  11  70   0   0  14  1.78 0.80
  158 G   -4 -7 -4 -6 -8 -7 -7  8 -5 -9 -9 -6 -8 -8 -7 -3 -6 -8 -6 -8    1   0   0   0   0   0   0  96   0   0   0   0   0   0   0   1   0   0   0   0  2.74 0.97
  159 G   -4 -7 -3 -6 -8 -6 -6  8 -6 -9 -9 -6 -8 -8 -7 -5 -6 -8 -8 -8    1   0   1   0   0   0   0  96   0   0   0   0   0   0   0   0   0   0   0   0  2.76 0.97
  160 I   -4 -7 -8 -8 -5 -7 -7 -8 -8  6 -2 -7 -2 -5 -6 -6 -4 -7 -6  6    1   0   0   0   0   0   0   0   0  39   1   0   1   0   0   0   0   0   0  57  1.95 0.75
  161 H   -2 -2  4  3 -4 -3 -2  1  0 -6 -5 -2 -5 -6 -3  3  4 -6 -5 -5    2   2  22  16   0   0   2  10   2   0   0   2   0   0   1  19  22   0   0   0  0.77 0.44
  162 P    2 -2 -3 -2 -3 -2  1 -3 -2  1  3 -2 -1 -2  3 -2 -1 -3 -3  1   17   2   1   2   0   2   9   1   1   6  28   2   1   2  13   2   3   0   1   9  0.30 0.24
  163 S    1 -2  1  5 -4  0  4  0  0 -4 -5  0 -5 -6 -3  0  0 -6 -5 -4   11   2   5  28   0   4  23   6   2   1   0   5   0   0   1   8   5   0   0   1  0.63 0.37
  164 E   -4 -3  8  1 -7 -2 -1 -5 -3 -6 -5 -4 -5 -8 -7 -1  1 -6 -7 -6    1   1  71   6   0   1   3   0   0   0   1   0   0   0   0   4  10   0   0   0  1.96 0.81
  165 V    4 -4 -5 -6 -1 -4 -5 -3 -5  3  2 -5  3 -1 -5 -3 -2 -5 -1  3   31   0   0   0   1   0   0   1   0  16  17   0   8   3   0   1   2   0   2  17  0.67 0.38
  166 P    2  1 -1 -1 -2  0  0  2  0 -3 -2  0 -2 -4  2  0 -1 -5 -3 -2   23   9   3   4   1   5   5  14   2   1   4   6   1   0  11   5   3   0   0   2  0.26 0.21
  167 D    1 -2 -1  5 -6  1  4 -2 -3 -5 -5 -2 -5 -7 -2  0 -2 -7 -6 -5   14   1   1  33   0   6  26   3   0   0   1   2   0   0   2   7   3   0   0   0  0.86 0.46
  168 W   -6 -7 -8 -9 -4 -7 -8 -8 -3 -5 -4 -8 -6  5 -9 -7 -7  9  8 -5    0   0   0   0   0   0   0   0   0   0   2   0   0  24   0   0   0  28  44   1  2.71 0.95
  169 L   -3 -4 -6 -7 -5 -5 -7 -7 -3  3  5 -5  1  4 -7 -6 -4 -3 -3 -1    2   1   0   0   0   0   0   0   1  16  57   1   3  16   0   0   0   0   0   3  1.24 0.54
  170 R    3  2  0  2 -5  2  2 -2 -2 -5 -4  3 -3 -6 -4  0 -2 -6 -5 -4   22  13   3  12   0   9  13   2   1   0   1  16   0   0   0   6   2   0   0   1  0.51 0.33
  171 A    6 -3  0 -4  0 -2 -3 -3  0 -3  0 -3 -2 -3 -1  0 -2 -6 -3 -2   60   1   4   1   2   2   1   1   2   1   8   1   1   1   3   7   2   0   1   2  0.88 0.49
  172 G   -4 -3  0 -2 -5 -5 -5  7 -6 -8 -8 -3 -7 -8  2 -4 -6 -7 -7 -7    0   1   5   3   0   0   0  77   0   0   0   2   0   0  10   1   0   0   0   0  1.94 0.76
  173 A    6 -4  0 -6  3 -4 -4 -4 -5 -2 -4 -3 -3 -4 -5  0 -3 -4 -3  2   62   1   4   0   6   1   0   0   0   2   0   2   1   0   0   5   0   0   1  15  1.16 0.58
  174 G    0 -2 -3 -1  1 -3 -3 -4 -1  2  0 -2  0  2 -3  0  0  0 -1  4    8   1   1   4   4   1   1   0   2  14   8   2   2   8   1   6   6   1   2  29  0.31 0.23
  175 A    6 -5 -5 -6  4 -5 -5  1 -5 -2 -2 -5 -2 -1 -4 -1 -3 -6 -5  0   62   0   0   0   7   0   0  11   0   2   4   0   1   2   1   3   1   0   0   5  1.13 0.57
  176 V    1 -6 -6 -7  3 -6 -6 -6 -7  2  0 -6 -2  0 -6 -4 -3 -6 -4  6   10   0   0   0   6   0   0   0   0   8   9   0   0   4   0   1   0   0   0  60  1.28 0.57
  177 G    0 -7 -3 -6  4 -6 -6  7 -6 -5 -6 -6 -5 -6 -6 -2 -4 -7 -7 -1    7   0   1   0   8   0   0  75   0   1   0   0   0   0   0   2   0   0   0   4  1.89 0.74
  178 V    0 -4 -4 -4 -3 -3 -4  1 -4  3  2 -4  3  0 -4 -3 -2 -4 -3  4    6   0   0   1   0   1   1  13   0  18  16   1   7   4   0   1   1   0   0  28  0.53 0.28
  179 G   -2 -7 -4 -6 -7 -6 -7  7 -7 -8 -8 -6 -7 -8 -5 -2 -5 -7 -8 -3    3   0   0   0   0   0   0  90   0   0   0   0   0   0   0   3   1   0   0   2  2.40 0.87
  180 S   -1 -3 -3 -4 -5 -4 -5  3 -4 -6 -7 -3 -6 -7 -5  6  1 -7 -6 -5    4   1   1   0   0   0   0  24   0   0   0   1   0   0   0  62   6   0   0   1  1.44 0.69
  181 Q    2 -3  1  1 -4 -1  0 -2 -2 -4 -5 -2 -5 -2  1  2 -3  8 -2 -3   15   1   6   9   0   3   7   3   1   1   0   2   0   1   8  16   1  23   1   1  0.78 0.42
  182 L   -6 -6 -7 -8 -5 -6 -7 -8 -7  2  6 -7  4 -1 -6 -7 -5 -1 -5 -1    0   0   0   0   0   0   0   0   0   8  75   0  10   2   0   0   0   1   0   3  1.70 0.67
  183 G    1 -4 -3 -5  1 -4 -4 -2 -4  1 -1 -4  0  2 -3 -2  3 -5 -2  4   13   0   1   0   3   0   0   2   0   8   5   0   1   9   1   2  18   0   1  34  0.54 0.34
  184 S    1  1  2  2 -4 -2 -2  0 -1 -5 -4  2 -4 -5  3  1  0 -4 -4 -4   15   7   9  13   0   1   1   8   1   0   1  16   0   0  13  11   4   0   0   0  0.41 0.27
  185 C    1 -1 -2  0 -1 -1 -2  1 -2  2  0 -1 -1 -3  3 -1 -1 -1 -3  1   13   3   1   6   1   2   2  11   1  15   7   4   1   0  13   4   4   1   0   9  0.15 0.13
  186 S    4 -1  0  1 -4  0  1 -1 -2 -4 -3  0 -2 -4  0  1  1 -3 -1 -3   34   2   4   9   0   3   9   3   1   0   1   5   1   0   3  12   7   0   2   1  0.36 0.26
  187 K    2  1  1 -1 -3  1  1 -1 -2 -2 -1  2 -1 -2  0  1  0 -2 -2 -2   19   9   7   3   0   5   8   3   1   1   8  13   1   1   5   9   4   0   1   1  0.15 0.14
  188 E   -1  1 -1  2 -4  1  2  4 -2 -1 -3  1 -3 -5 -3 -1 -1 -5 -4 -2    4   7   2  11   0   5  15  30   1   4   2  10   1   0   0   2   3   0   0   2  0.40 0.25
  189 D   -3  0  3  7 -7 -1  2 -4 -3 -7 -7 -2 -5 -6 -4 -2 -3 -7 -6 -6    2   4  11  60   0   2  12   1   0   0   0   2   0   0   0   2   1   0   0   0  1.48 0.59
  190 L   -2 -3 -4 -4 -5 -5 -4 -5 -3  2  0 -3 -1  4 -4 -4 -4  9  4 -2    3   2   1   1   0   0   1   1   0  11  11   2   1  17   1   1   1  30  14   3  1.27 0.49
  191 Q    2  1 -1  3 -5  2  3 -1 -1 -5 -5  1 -4 -5 -2  0 -1 -5 -4 -4   17   6   2  19   0   9  24   4   1   0   0   8   0   0   1   4   3   0   0   0  0.52 0.30
  192 A    4  1 -2 -3 -4  0  1  1 -3 -3 -3  1 -2 -5 -4  1  0 -3 -3 -2   39   7   1   0   0   3  10  10   0   1   1  10   1   0   0   7   6   0   0   2  0.47 0.30
  193 V   -4 -4 -5 -7 -4 -6 -6 -7 -6  6  2 -6 -1  1 -6 -5 -3  0 -3  3    0   1   0   0   0   0   0   0   0  56  16   0   0   5   0   0   0   1   1  20  1.32 0.51
  194 F   -1  3 -3  0 -3 -2  1 -3 -2 -2 -2  0 -3 -4 -3  0  5 -5 -2 -2    5  15   0   4   0   1   9   1   1   2   3   5   0   1   1   4  44   0   1   2  0.64 0.38
  195 Q   -4  3 -3 -2 -7  5  5 -5 -3 -6 -6  2 -5 -7 -5 -3 -4 -6 -5 -6    0  18   1   1   0  24  45   0   0   0   0  11   0   0   0   0   0   0   0   0  1.33 0.55
  196 V   -4 -5 -6 -6 -3 -5 -5 -6 -5  5  5 -5  1 -2 -5 -5 -3 -4 -3  1    0   0   0   0   0   0   0   0   0  32  60   0   2   0   0   0   0   0   0   7  1.13 0.38

                      K         Lambda
Standard Ungapped    0.1351     0.3179
Standard Gapped      0.0410     0.2670
PSI Ungapped         0.2219     0.3174
PSI Gapped           0.0679     0.2670
