
Last position-specific scoring matrix computed, weighted observed percentages rounded down, information per position, and relative weight of gapless real matches to pseudocounts
           A  R  N  D  C  Q  E  G  H  I  L  K  M  F  P  S  T  W  Y  V   A   R   N   D   C   Q   E   G   H   I   L   K   M   F   P   S   T   W   Y   V
    1 M   -6 -7 -7 -8 -7 -6 -7 -8 -7 -4 -3 -7 11 -5 -8 -7 -6 -7 -6 -4    0   0   0   0   0   0   0   0   0   0   0   0 100   0   0   0   0   0   0   0  4.00 1.27
    2 A    5 -4  0 -2 -4 -2  0 -2 -4 -2 -5  0 -4 -5 -2  2  0 -6 -5 -2   50   0   4   2   0   1   6   2   0   2   0   7   0   0   2  16   6   0   0   2  0.73 0.45
    3 S   -1 -4  1  0 -4 -1  2 -4 -3  4 -2 -1 -2 -1 -3 -1 -1 -5 -3  2    4   0   8   5   0   2  15   1   0  31   0   4   1   2   1   5   3   0   1  15  0.43 0.32
    4 I   -2 -4 -1 -1 -4 -2 -4 -4 -4  5 -2 -2 -2 -3 -2  3  4 -6 -4  0    1   0   3   3   0   2   0   0   0  31   2   3   0   1   2  21  26   0   0   5  0.69 0.44
    5 T    4 -4 -3 -4 -3 -3 -4 -4 -4  0 -2 -2  3 -4 -1  1  4 -2 -4 -1   41   0   1   0   0   0   0   0   0   5   3   3   8   0   2   7  24   1   0   4  0.75 0.47
    6 E    4 -2  1  1 -5  2  2 -3 -3 -5 -4  3 -4 -6 -3  1 -2 -6 -5 -3   31   0   6   8   0   9  15   0   0   0   1  15   0   0   0  11   1   0   0   1  0.60 0.41
    7 L    0 -4 -3  3 -5  2 -2 -5 -4 -2  4 -1  5 -4 -5 -3 -3 -5 -5 -1    7   0   1  16   0   9   2   0   0   1  38   5  17   0   0   1   1   0   0   3  0.74 0.45
    8 I   -4 -6 -7 -7 -5 -6 -6 -6 -7  5  0 -6 -3 -4 -6 -6 -4 -6 -5  6    0   0   0   0   0   0   0   0   0  32   9   0   0   0   0   0   0   0   0  57  1.68 0.70
    9 K   -1  0  0 -5 -7  1 -4 -3 -5 -5 -5  7  2 -7 -5 -2 -4 -7 -4 -5    4   4   4   0   0   5   0   2   0   0   1  71   4   0   0   2   0   0   1   1  1.64 0.75
   10 Q    0 -1 -1  0 -6  3  5 -5 -3 -4 -4  3 -4 -5 -4 -1 -1 -4 -2 -4    9   2   2   4   0  11  40   0   0   1   1  21   0   0   0   3   3   0   1   1  0.87 0.50
   11 L   -6 -7 -8 -8 -6 -7 -7 -8 -7 -1  7 -7 -1 -3 -7 -7 -6 -6 -5 -2    0   0   0   0   0   0   0   0   0   2  94   0   1   1   0   0   0   0   0   2  2.19 0.87
   12 R   -6  9 -6 -7 -8 -2 -5 -7 -5 -8 -7 -2 -4 -8 -7 -5 -6 -8 -7 -8    0  97   0   0   0   1   0   0   0   0   0   1   0   0   0   0   0   0   0   0  3.08 1.15
   13 A   -1 -1  0  4 -6  2  5 -3 -2 -4 -5  2 -4 -5 -4 -2 -2 -6 -5 -4    6   2   5  19   0   9  37   2   0   1   1  13   0   0   0   2   2   0   0   1  0.83 0.47
   14 S    0  4 -3 -4 -4  0  1 -5 -4  0 -1  4  3 -5 -4 -1 -1 -5 -3 -2    8  23   0   0   0   4   7   0   0   6   7  28   9   0   0   3   3   0   1   2  0.60 0.39
   15 T   -5 -6 -5 -6 -6 -6 -6 -6 -7 -5 -5 -5 -2 -7 -6  2  8 -7 -7 -5    0   0   0   0   0   0   0   0   0   0   1   0   1   0   0  12  85   0   0   0  2.38 1.03
   16 Q   -3 -5  0  1 -7  0 -4  7 -2 -8 -6 -5 -7 -5 -6  0 -5 -7 -7 -7    1   1   5   7   0   4   1  73   1   0   1   0   0   1   0   6   0   0   0   0  1.73 0.74
   17 A    6 -5 -5 -6  0 -2 -5 -4 -4 -1  0 -5 -2 -2 -5 -1 -3 -6  0  2   62   0   0   0   2   2   0   0   0   3   9   0   1   2   0   3   0   0   4  12  1.09 0.60
   18 G   -2 -4 -4 -5 -6 -5 -6  6 -6 -7 -6 -4 -6 -7  4  1 -3 -7 -7 -7    2   1   0   0   0   0   0  63   0   0   1   0   0   0  20  10   2   0   0   0  1.66 0.73
   19 F   -6 -7 -7 -8 -6 -6 -7 -8 -7  4  0 -7  9  2 -7 -6 -5 -6 -2  0    0   0   0   0   0   0   0   0   0  24   8   0  53   9   0   0   0   0   1   5  2.09 0.86
   20 M   -2 -6 -5 -7 -6 -2 -5 -1 -6 -1  1 -1  9 -4 -7 -1 -2 -6 -6  0    4   0   0   0   0   1   0   5   0   3   9   5  57   0   0   6   3   0   0   7  1.69 0.79
   21 D   -2 -4  1  7 -8 -1  3 -6 -2 -7 -5 -1 -7 -8 -6 -3 -4 -8 -7 -5    3   0   5  61   0   2  20   0   1   0   1   4   0   0   0   1   1   0   0   1  1.67 0.76
   22 C   -1 -9 -8 -9 11 -9 -9 -8 -9 -4 -7 -9 -7 -5 -8 -5 -6 -8 -8  0    4   0   0   0  87   0   0   0   0   1   0   0   0   1   0   1   0   0   0   6  3.91 1.31
   23 K   -5  0 -3 -6 -8 -1 -4 -7 -4 -7 -8  8 -5 -8 -6 -5 -6 -8 -7 -5    0   4   1   0   0   2   0   0   0   0   0  91   0   0   0   0   0   0   0   1  2.65 1.09
   24 K   -1  1  1 -2 -7  0  0 -5 -3 -5 -6  7 -5 -7 -5 -2 -2 -7 -6 -4    4   7   7   2   0   3   6   0   0   0   1  63   0   0   0   3   2   0   0   1  1.41 0.70
   25 A    7 -7 -7 -7 -3 -6 -6 -5 -7 -5 -5 -6 -3 -3 -6 -3 -4 -8 -5 -3   93   0   0   0   0   0   0   0   0   0   1   0   1   1   0   1   0   0   0   1  2.30 1.02
   26 L   -7 -7 -9 -9 -6 -7 -8 -9 -8 -1  7 -8 -3 -5 -8 -8 -6 -7 -6 -3    0   0   0   0   0   0   0   0   0   2  97   0   0   0   0   0   0   0   0   1  2.43 0.99
   27 E    0 -3 -1  0 -4  2  3 -3 -3  1 -1  0  0 -4 -4 -1  2 -5 -4  2    9   1   3   4   0   8  21   1   0   9   4   5   3   0   0   3  14   0   0  16  0.32 0.29
   28 A    1 -3 -2  0 -4  1  6 -6 -2 -5 -4  1 -4 -5 -5 -2 -4 -7 -6 -4   13   1   2   4   0   5  61   0   1   1   2   6   0   0   0   2   0   0   0   1  1.33 0.70
   29 T    4 -5  1 -5  5 -4 -3 -4  0 -5 -5 -3 -3 -1 -5  2  4 -6 -4 -2   32   0   7   0  11   0   1   0   2   0   0   1   1   2   0  15  24   0   0   3  0.86 0.54
   30 N   -1 -3  5  4 -6  0  2  3 -1 -7 -7  1 -6 -6 -4 -1 -4 -7 -6 -6    4   1  28  21   0   3  12  19   1   0   0   7   0   0   1   3   0   0   0   0  0.89 0.50
   31 N   -4 -6  3 -3 -4 -4 -4  7 -4 -8 -7 -6 -4 -6 -7 -3 -6  4 -2 -7    1   0  12   2   0   1   1  74   0   0   0   0   0   0   0   1   0   5   1   0  1.91 0.84
   32 D   -6 -6  4  8 -8 -5 -2 -6 -6 -5 -8 -5 -8 -8 -7 -3 -5 -9 -8 -7    0   0  16  78   0   0   1   0   0   1   0   0   0   0   0   1   1   0   0   0  2.47 1.02
   33 I   -3 -5 -5 -6 -5 -3 -2 -6 -4  5  2 -3  6  3 -3 -4 -3 -5 -1  1    2   0   0   0   0   1   3   0   0  29  18   1  19  12   1   1   1   0   2   8  0.87 0.47
   34 D    0 -4 -1  5 -7  0  6 -5 -5 -6 -6 -1 -6 -8 -5 -3 -3 -8 -7 -4    7   0   3  28   0   3  50   0   0   0   0   3   0   0   0   1   2   0   0   1  1.42 0.73
   35 Q    3  0 -3 -2 -4  1  2 -3 -4 -4 -1  5 -4 -6 -5 -2 -3 -6 -5 -3   22   5   1   2   0   4  11   2   0   1   6  42   0   0   0   1   1   0   0   1  0.85 0.52
   36 A    7 -7 -7 -7 -6 -6 -6 -3 -7 -7 -7 -6 -6 -8 -4 -1 -5 -8 -7 -6   94   0   0   0   0   0   0   1   0   0   0   0   0   0   1   4   0   0   0   0  2.46 1.09
   37 I   -2 -1 -5 -4 -3  0  2 -5 -4  5  0  0  1 -1 -5 -2 -2 -5 -2  3    3   3   0   0   0   4  13   0   0  33   7   5   3   3   0   2   2   0   1  20  0.60 0.38
   38 K   -1 -1 -1  4 -7  1  5 -5 -3 -3 -4  2 -4 -5 -5 -2 -1 -7 -5 -3    5   2   2  24   0   5  37   0   0   2   2  13   0   0   0   2   4   0   0   2  0.89 0.52
   39 W   -3 -5 -1 -3 -6 -5 -1 -7 -1  4  1 -4 -3  1 -7 -5 -4  8  4  0    2   0   4   2   0   0   4   0   2  23  14   1   0   6   0   0   0  24  14   5  1.15 0.57
   40 L   -5 -7 -8 -9 -6 -7 -8 -9 -8  0  7 -7  2 -3 -8 -7 -6 -7 -6 -3    0   0   0   0   0   0   0   0   0   5  89   0   3   1   0   0   0   0   0   1  2.16 0.91
   41 R   -5  8 -2 -6 -8  0 -4 -7 -2 -7 -5  2 -6 -8 -7 -5 -5 -8 -5 -7    1  79   2   0   0   3   1   0   1   0   1  11   0   0   0   0   0   0   0   0  2.36 1.00
   42 E   -2 -1 -4 -3 -7  1  4 -6 -5 -2 -4  6 -4 -7 -5 -3 -1 -7 -6 -1    3   2   0   1   0   4  23   0   0   3   1  51   0   0   0   1   5   0   0   5  1.20 0.65
   43 N   -2  2  0 -5 -5  3 -1 -5 -2 -5 -3  6 -1 -7 -5  0 -2 -1 -3 -5    3  10   4   0   0  10   3   0   1   1   2  53   2   0   0   6   2   1   1   0  1.18 0.65
   44 G   -3 -6 -1 -5 -7 -5 -7  7 -4 -7 -3 -6 -3 -3 -7 -1 -5 -7 -5 -8    1   0   2   0   0   0   0  84   0   0   3   0   1   2   0   5   0   0   0   0  2.17 0.93
   45 I    1 -3 -4 -4 -4  1 -2 -1 -3  3  3  0  1 -2 -5 -3 -1  3 -3  0   12   1   0   0   0   8   2   4   0  18  28   6   3   1   0   1   3   5   0   6  0.41 0.31
   46 A    5 -3  0 -3 -2 -2 -2 -2 -4 -1 -1  2 -2 -4 -4  1 -1 -6 -4  0   45   1   4   1   1   1   2   3   0   4   5  11   1   0   0  12   3   0   0   5  0.61 0.44
   47 K    1 -1 -2 -3 -5  0 -3 -3 -5  0 -2  5 -2 -5 -4  2  1 -6 -4  0   10   2   2   1   0   3   0   2   0   5   3  40   1   0   0  14   8   0   0   8  0.65 0.45
   48 A    6 -5 -3 -5 -5 -2 -5 -3 -6 -3 -3 -5  1 -6 -6  0 -3 -3 -2 -1   75   1   1   0   0   2   0   2   0   1   3   0   3   0   0   5   1   0   1   4  1.54 0.79
   49 A    4 -3 -1  1 -3  0  3 -1 -2 -2 -3 -2 -3 -4 -4  1  0 -6 -3 -1   35   0   3   6   0   3  17   5   1   2   3   2   1   0   0  10   6   0   1   4  0.46 0.36
   50 K   -3 -1  0 -4 -8 -2 -3 -5 -4 -8 -6  8 -6 -8 -5 -2 -3 -8 -7 -6    2   3   4   1   0   1   1   1   0   0   1  81   0   0   0   4   2   0   0   0  2.12 0.95
   51 K   -3  5 -3 -5 -7 -4 -3 -6 -3 -4 -1  7 -2 -6 -6 -4 -4 -7 -5 -4    3  26   1   0   0   0   1   0   1   1   6  56   1   0   0   1   1   0   0   2  1.57 0.76
   52 V    5 -4 -2 -4 -5  1  0 -1 -4 -3 -2 -2 -2 -3 -5  4 -1 -6 -5 -2   42   0   1   1   0   7   5   3   0   1   3   2   1   1   0  27   3   0   0   3  0.80 0.53
   53 D   -1 -4  0  4 -3 -2  0  4 -1 -4 -5 -2 -3 -4 -5  2  0 -6 -5 -5    5   0   4  24   1   1   7  29   1   1   1   2   1   1   0  17   5   0   0   1  0.70 0.43
   54 N   -4  8  2 -2 -4 -3 -5 -7 -4 -6 -6  0 -6 -6 -7 -4 -6 -8 -5 -7    1  77   9   2   0   1   0   0   0   0   1   5   0   0   0   1   0   0   0   0  2.26 0.97
   55 V    1 -2 -2  1 -4 -1  2 -4 -2  2 -1  0 -2  0 -2  0  1 -5 -3  2   11   1   1   7   0   3  17   0   1  11   4   6   1   5   1   8  10   0   0  14  0.22 0.23
   56 A    6 -6 -3 -6 -5 -4 -6 -5 -5 -5 -5 -6 -1 -7 -5 -1  5 -7 -7 -2   57   0   1   0   0   1   0   0   0   0   0   0   1   0   0   3  32   0   0   3  1.58 0.81
   57 S    4 -2  2 -1 -3 -2 -2 -1 -2 -4 -4  2 -4 -5 -4  2  1 -6 -4 -3   33   2  10   4   0   1   2   5   1   0   1  13   0   0   0  18   8   0   0   2  0.56 0.41
   58 E   -3 -5  0  1 -5  2  7 -6 -2 -7 -8 -4 -5 -6 -6 -3 -6 -8 -5 -7    2   0   4   8   0   9  73   0   1   0   0   0   0   0   0   2   0   0   0   0  1.97 0.93
   59 G   -4 -7 -6 -6 -7 -7 -5  8 -7 -8 -8 -7 -7 -8 -7 -6 -5 -7 -8 -3    1   0   0   0   0   0   1  94   0   0   0   0   0   0   0   0   1   0   0   2  2.72 1.06
   60 V    0  2 -4 -5 -1 -2 -4 -3 -3  2  3 -2  0 -2 -5 -2 -1 -3 -3  2   10  12   1   0   1   2   1   2   0  10  32   3   2   1   0   3   3   0   0  17  0.44 0.30
   61 I   -1 -7 -7 -8 -3 -7 -7 -8 -8  6  0 -7 -3 -4 -7 -5 -2 -7 -6  6    4   0   0   0   1   0   0   0   0  38   6   0   0   0   0   1   3   0   0  47  1.61 0.72
   62 K    3 -2 -2 -3 -1 -1 -2  3 -1 -1 -1 -1 -2  2 -4  0 -1 -2 -1  1   27   2   2   1   1   2   2  21   1   2   6   3   1   8   0   6   3   0   2   9  0.32 0.27
   63 L    2 -5 -5 -4  1 -4 -4 -4 -3  4  1 -5  0  0 -5  0  1 -3 -2  3   17   0   0   1   3   0   1   1   1  20  11   0   2   4   0   8   8   0   1  23  0.53 0.35
   64 K    3 -1 -2 -3  0  0 -1 -3  1 -2 -1  2 -2  0 -4  0 -1  0  3  0   24   4   2   1   2   4   3   1   3   2   5  13   1   3   0   8   2   1  13   8  0.26 0.25
   65 L    0 -2 -2 -3 -1  0 -2 -2 -2  3 -1 -1  0 -2 -2  0  1 -4 -2  4    6   2   2   1   1   4   3   2   1  20   5   3   2   2   2   6  10   0   1  27  0.33 0.26
   66 A    0 -2  3  3 -2 -1  0 -1  1 -4 -4  1 -3 -4 -4  3  0 -6 -4 -3    8   2  12  18   1   2   6   5   4   1   1  10   1   1   0  24   5   0   0   1  0.48 0.35
   67 D    0 -2  2  4 -5 -2  2  4 -1 -6 -6 -1 -5 -6  0 -1 -3 -6 -4 -5    9   2   8  23   0   1  11  31   1   0   0   4   0   0   4   4   1   0   1   0  0.73 0.42
   68 Q   -2  0  4  4 -3 -1 -1  1  0 -5 -5  3 -3 -6 -4  0  0 -6 -4 -5    2   4  20  23   1   3   3  11   2   1   1  17   1   0   0   6   5   0   0   0  0.67 0.40
   69 K    0  2  0 -2  0  0  0  0  0 -2 -2  3 -1 -1 -1  1  1 -3 -1  0    7  11   4   1   3   3   4   6   2   2   2  21   1   3   2  11   7   0   3   7  0.18 0.18
   70 A    4 -4 -4 -1 -1 -5 -5  5 -6 -2 -4 -4 -3 -4 -5 -2 -2 -3 -4  0   38   1   0   3   1   0   0  40   0   2   1   1   1   1   0   2   2   0   1   6  1.07 0.56
   71 T    4 -5 -5 -6 -1 -5 -5 -2 -4  1 -2 -4 -2 -1 -2  0  1 -6 -2  4   35   0   0   0   1   0   0   3   0   6   3   1   1   2   2   8   7   0   1  28  0.71 0.44
   72 I   -1 -6 -6 -7 -3 -5 -6 -4 -6  4  4 -6  6 -3 -1 -6 -4 -6 -4  1    6   0   0   0   1   0   0   1   0  26  32   0  19   1   3   0   0   0   0  10  1.12 0.54
   73 L    0 -7 -7 -7 -2 -6 -7 -5 -7  4  2 -6 -1  0 -7 -4 -3 -3 -3  6    7   0   0   0   1   0   0   1   0  18  16   0   1   3   0   1   1   0   1  50  1.21 0.57
   74 E   -2 -4 -4 -2 -4 -1  7 -4 -3 -6 -4 -2 -4 -7 -4 -2 -4 -8 -6 -4    4   1   0   1   0   2  78   2   1   0   2   2   0   0   1   3   1   0   0   2  1.91 0.89
   75 I   -3 -6 -6 -6 -3 -4 -6 -6 -6  4  4 -6  0 -2 -6 -5 -4 -5 -5  5    1   0   0   0   1   1   0   0   0  18  33   0   2   1   0   0   1   0   0  39  1.22 0.54
   76 N   -1 -1  8 -3 -2 -1 -4 -2 -3 -6 -2 -1 -4 -4 -6 -1 -2 -6 -4 -5    6   3  64   1   1   3   1   3   0   0   5   3   1   1   0   5   2   0   1   1  1.57 0.70
   77 S   -1 -7 -6 -6 10 -6 -6 -6 -7 -4 -6 -6 -6 -4 -6  3 -1 -7 -6 -4    4   0   0   0  61   0   0   0   0   1   0   0   0   1   0  24   4   0   0   2  2.66 0.98
   78 Q   -6 -5 -3 -3 -7  1  8 -6 -5 -7 -7 -4 -6 -7 -6 -5 -6 -7 -6 -5    0   0   2   1   0   5  87   0   0   0   0   0   0   0   0   0   0   0   0   1  2.51 1.03
   79 T   -5 -6 -5 -6 -6 -6 -4 -6 -6 -4 -6 -6 -6 -7 -6 -1  8 -7 -6 -5    0   0   0   0   0   0   1   0   0   1   0   0   0   0   0   4  90   0   0   0  2.65 1.08
   80 D   -2 -6 -2  8 -8 -5 -1 -6 -3 -8 -8 -6 -7 -8 -3 -4 -5 -8 -7 -7    4   0   2  85   0   0   4   0   1   0   0   0   0   0   1   1   1   0   0   0  2.64 1.10
   81 F   -7 -8 -8 -8 -7 -4 -8 -8 -7 -4 -4 -8 -6  9  0 -3 -5 -5 -3 -6    0   0   0   0   0   1   0   0   0   1   1   0   0  86   5   3   1   0   0   0  3.05 1.20
   82 V    1 -7 -8 -8 -1 -7 -7 -8 -8 -2 -2 -7 -5 -6 -7 -4 -1 -8 -6  7    9   0   0   0   1   0   0   0   0   1   3   0   0   0   0   2   3   0   0  80  2.10 0.98
   83 T    7 -7 -7 -7 -3 -4 -4 -1 -7 -4 -7 -4 -4 -8 -3  2 -2 -8 -7 -3   72   0   0   0   1   1   1   4   0   1   0   1   0   0   2  13   3   0   0   2  1.70 0.94
   84 K   -3  6  1 -4 -8 -1 -4 -4 -4 -5 -5  6 -3 -8 -7 -3 -3 -8 -5 -6    2  41   5   1   0   2   0   1   0   1   1  39   1   0   0   2   1   0   0   1  1.58 0.86
   85 N   -5 -5  8  0 -3 -4 -4 -2 -1 -6 -7 -2 -7 -8 -7  2  2 -9 -8 -4    1   0  58   5   1   0   1   4   1   0   1   2   0   0   0  13  11   0   0   2  1.69 0.92
   86 D    0 -4 -2  5 -8 -1  5 -5 -3 -2 -6  0 -7 -8  0 -1 -3 -8 -4 -5    8   1   1  27   0   2  39   1   0   2   1   5   0   0   5   4   2   0   1   1  1.08 0.69
   87 Q   -1  0  1  4 -3  1  3 -2 -1 -1 -2  2 -2 -4 -3 -1 -1 -6 -3 -2    4   4   6  23   1   6  17   3   1   4   4  13   1   1   1   4   4   0   1   3  0.41 0.34
   88 F   -4 -10 -10 -10 -3 -10 -5 -5 -8 -4 -4 -10 -3  9 -5 -9 -9 -6 -2 -4    2   0   0   0   1   0   1   1   0   1   1   0   1  89   1   0   0   0   1   1  3.28 1.42
   89 V   -1  1 -2 -4 -3  5 -3 -3 -1  2  0  3 -2 -4 -2 -2 -2 -3 -4  2    4   7   2   0   0  26   1   2   2  11   9  15   1   1   2   3   2   0   0  12  0.53 0.43
   90 A    3 -1  2  1 -3  1  2  0 -1 -4 -4  2 -5 -4 -2  1 -1 -6 -3 -3   24   2  11   8   0   6  11   7   1   1   1  12   0   1   1   9   4   0   1   1  0.39 0.35
   91 F    0 -5 -3 -7 -3 -5 -4 -5 -6 -1  4 -2  2  7 -7 -5 -3 -2  0 -2    7   0   2   0   1   1   1   1   0   3  33   3   4  37   0   1   1   1   2   2  1.18 0.65
   92 S    4 -5 -4 -6  1 -4 -3  0 -4 -1 -1 -4 -1 -4 -4 -1 -1 -6 -3  4   33   0   1   0   3   1   2   7   1   3   5   1   1   1   1   5   4   0   1  32  0.76 0.52
   93 N    0  1  3  2 -3  2  2  0 -1 -4 -3  2 -2 -4 -5  1 -1 -6 -3 -3    8   6  13  10   1   9  12   6   2   1   3  13   1   1   0   9   3   0   1   2  0.34 0.31
   94 E    0  0  2  3 -6  1  2 -2  0 -2 -3  3 -1 -3 -3  0  0 -6 -3 -2    9   4   8  15   0   7  14   2   2   3   2  16   2   1   1   5   6   0   1   2  0.34 0.31
   95 L   -1 -6 -7 -7  0 -3 -3 -4 -7  4  3 -6  1 -1 -4 -2 -2 -6 -2  4    6   0   0   0   2   1   2   1   0  24  27   0   3   3   1   3   3   0   1  23  0.82 0.49
   96 V    5 -4 -3 -6  1 -3 -3 -2 -3  0  1 -4 -1 -3 -4  0  0 -7 -6  1   44   1   1   0   2   1   2   4   1   5  12   1   1   1   1   7   6   0   0  10  0.71 0.52
   97 D    0  0  2  3 -2  2  2 -1 -1 -4 -3  3  0 -4 -3 -1 -1 -6 -3 -3    9   4   8  14   1   9  14   4   2   1   2  15   3   1   1   5   4   0   1   2  0.36 0.32
   98 L    2 -1 -2 -3 -4  1  0 -3  3  1  1  0  0 -1 -3  0  1 -1  0  0   15   3   1   1   0   8   5   2   7   8  13   6   3   2   1   5  10   1   3   6  0.15 0.18
   99 V    4 -4 -4 -6  3 -2 -3 -3 -6  3  0 -4  0 -1 -6 -2 -1 -6 -2  3   29   1   1   0   6   2   2   2   0  16   9   1   2   2   0   2   3   0   1  20  0.66 0.45
  100 H    2 -3 -1 -4  0 -3 -3 -3  1  0  4 -2  1  1 -4 -2 -2 -1 -2  0   16   1   3   1   2   1   2   3   3   5  38   2   3   6   1   3   2   1   2   6  0.45 0.34
  101 K    2 -1  2  1 -5  1  2 -1  0 -3 -3  2 -2 -3 -2  0  1 -1 -2 -2   17   3   8   6   0   6  14   4   2   1   2  13   1   1   2   7   8   1   1   2  0.28 0.27
  102 H    0 -1  3  0  1  1  0 -1  3 -2 -1  2  0 -1 -2  1  0 -1  0 -1    8   2  13   4   3   6   6   4   6   2   5  11   2   2   2   9   6   1   3   4  0.14 0.16
  103 E    0  0  1  2  1  0  0  1  1 -2 -3  1  0 -1  1 -1 -1  2 -1 -2    7   4   7   9   3   3   6  12   4   3   3  10   2   3   8   4   3   2   3   3  0.14 0.13
  104 T    0  0  0  0  2  0  0 -1  1  0 -1  0  1  0  0  0  0 -2  1  0    5   5   5   5   5   5   5   5   5   5   5   5   5   5   5   5   5   0   5   5  0.03 0.05
  105 T    1 -2  0  1  0  0  0 -1 -1 -1  0  0 -1 -2  0  1  1  0 -1  0   12   2   4   7   2   4   6   5   2   3   8   6   2   2   5  11   9   1   2   7  0.07 0.09
  106 D   -1 -2  0  3  1  0  1 -1  1 -2 -3 -1  0 -1  0  1  1 -6  0 -1    5   3   5  16   3   4   9   5   3   3   3   4   3   3   5  10   9   0   3   4  0.18 0.17
  107 V    0 -1  0  1  0  0  0 -1  0  1  0  0  0  0  0 -1  0  2  0  1    7   3   4   7   2   3   7   4   3   7   8   5   3   3   4   5   6   3   4  12  0.03 0.04
  108 A    0 -2  0  0  2  0  0  0  1  0 -1  0  1  0  1  0  0 -2  1  0    6   0   5   6   5   5   6   6   5   6   6   6   5   5   6   6   6   0   5   6  0.04 0.08
  109 K   -1  0  0  0  2  0  0 -1  2  0 -1  0  2  1  0 -1  0  4  1 -1    5   5   5   5   5   5   5   5   5   5   5   5   5   5   5   5   5   5   5   5  0.09 0.08
  110 I    0 -2 -1  1 -1  0 -2 -3 -6  1  4 -3  1  0 -3 -2 -2  0 -1  1    9   2   3   7   2   4   4   3   0   8  31   2   3   4   2   3   3   1   2   8  0.33 0.23
  111 E    0  0  0  1  0  1  0 -1  0 -1  1  0  1  0  0  0 -1  2  0 -1    6   4   5   8   2   6   7   5   3   4  13   7   4   4   4   5   3   3   3   5  0.04 0.04
  112 Q    1 -1  1  0  1  1  1 -1  2 -1 -1  0  0 -1  0  0 -1 -5  0 -1   14   3   7   6   3   6  11   5   5   3   5   6   3   3   4   7   4   0   3   4  0.10 0.11
  113 L    0 -2 -1 -1  1  0  0 -2  1  1  2 -1  1  0  0  0 -1  1 -1  0    9   2   3   4   3   4   5   3   3   8  19   3   3   4   5   8   4   2   2   5  0.08 0.07
  114 K    0  0  0  0 -5  0  0 -3  0 -2 -2  3  0 -1  3  0  0  1  0 -1    7   4   4   4   0   5   6   3   2   2   5  17   2   3  12   8   6   2   3   5  0.20 0.19
  115 L   -1  0  0  0  2  0  0 -1  2  0 -1  0  2  1  0 -1  0  4  1 -1    5   5   5   5   5   5   5   5   5   5   5   5   5   5   5   5   5   5   5   5  0.09 0.08
  116 A    0  0  0  0  2  0  0 -1  1  0 -1  0  1  0  0  0  0 -2  1  0    5   5   5   5   5   5   5   5   5   5   5   5   5   5   5   5   5   0   5   5  0.03 0.05
  117 S    0  0  0  0  2  0  0 -1  1  0 -1  0  1  0  0  0  0 -2  1  0    5   5   5   5   5   5   5   5   5   5   5   5   5   5   5   5   5   0   5   5  0.03 0.05
  118 G    0 -1  1  0 -3  0  0  3  1 -1 -1  0  0 -1  0  0  0 -3  0 -1    6   3   7   5   0   3   8  22   3   4   4   5   3   3   4   7   5   0   3   5  0.12 0.13
  119 S    0  0  0  1 -1  1  2  0  0 -1 -1  2  0 -2  0  0  0 -3 -1 -1    7   5   5   7   1   4  13   6   2   3   7  14   2   2   3   7   6   0   2   3  0.09 0.10
  120 T   -1  0  0  1 -1 -1  0 -1  0 -2 -2  0  0 -1  0  1  3 -4 -3 -1    5   5   4   7   2   2   5   5   2   2   2   7   3   2   5  12  25   0   0   4  0.19 0.23
  121 V   -1 -2 -2 -3  0 -2 -2 -3 -1  3  2 -2  2  1 -2 -2 -2 -4 -1  4    5   2   2   2   2   2   2   2   2  14  16   2   5   7   2   2   2   0   2  29  0.35 0.29
  122 A    0  0  0  1  1  1  3 -1  1 -1 -2  1  0 -4  0  0  0 -4 -3 -1    6   5   4   8   3   6  22   5   3   3   3  10   3   0   4   7   4   0   0   3  0.20 0.21
  123 E    0  0  0  0 -2  1  0  0  1  0 -1  0  1  0  1  0  0 -2  1  0    6   6   5   6   0   5   6   6   5   6   6   6   5   5   6   6   6   0   5   6  0.03 0.06
  124 T    1  0 -1 -1  0  0  2 -2  1  0  0  0  2  0 -2  0  0  0  1  0   11   4   2   3   2   4  13   2   4   6  10   6   6   4   2   5   6   1   4   6  0.06 0.10
  125 Q   -2  3 -2 -3  1 -1 -2 -3 -1  3  2 -1  1 -1 -5 -3 -2  0 -1  2    3  14   2   2   3   2   3   2   2  19  20   4   3   3   0   2   2   1   2  12  0.35 0.27
  126 I    1 -1  2  0 -4  1  0 -2  0  0 -1  2  1 -2 -2  0  2 -4 -2  0   11   3  10   4   0   6   6   2   2   6   6  12   4   2   2   4  12   0   2   7  0.12 0.17
  127 H    0  0  0  0 -2  1  0  0  1  0 -1  0  1  0  1  0  0 -2  1  0    6   6   5   6   0   5   6   6   5   6   6   6   5   5   6   6   6   0   5   6  0.03 0.06
  128 L    0  0 -2 -3 -1  0 -2 -2 -1  1  3  1  2 -1 -3 -2  0 -3 -1  1    9   4   2   1   1   5   2   2   1   9  29   8   5   2   0   2   6   0   2   9  0.19 0.19
  129 T    1 -1 -1 -1 -1  0 -1 -2 -3  3 -1 -2  1 -1 -2 -1  2 -4 -3  2   10   3   3   3   1   5   4   2   0  22   4   2   4   2   1   5  13   0   0  15  0.23 0.23
  130 A    2 -1  0  0 -3  0  1  2 -1 -1 -1 -1  0 -1 -2  0 -1  3 -1 -1   20   2   5   4   0   5  10  14   2   4   6   3   2   2   2   8   2   4   2   3  0.14 0.15
  131 I   -1  0 -1 -2  2  0 -1 -2  0  0  0  4  0 -3 -3 -1  1 -4 -2  1    6   4   2   2   5   4   2   2   2   6  11  27   2   0   0   4  11   0   2   9  0.25 0.25
  132 I   -1  0 -1  0  1 -2 -1 -2 -3  2  0 -1  1  1  0 -1  0  2  0  0    4   6   3   7   3   0   3   3   0  18   9   4   5   7   4   3   8   4   3   6  0.08 0.11
  133 G   -1  1  1  0 -5  0  1  4  2 -5 -5  1 -4  0 -4  0 -3 -4 -4 -4    5   7   8   6   0   5   8  36   4   0   1   7   0   5   0   6   0   0   0   0  0.55 0.32
  134 E    0 -2 -2  3 -4 -1  5  1 -3 -4 -1  2 -3 -4 -3 -2 -3 -4 -4 -4    9   0   0  15   0   0  38  11   0   0   9  14   0   0   0   1   0   0   0   0  0.64 0.30
  135 K    0 -1  2  0  1  0  1  0  1  1 -1  0  2 -3  1 -1 -2 -4 -3  0   10   3  15   3   3   3  10   6   4  10   4   6   8   0   7   3   0   0   0   5  0.13 0.13
  136 I   -2 -1 -2  0 -1 -2  0 -3 -1  5  1 -2  4 -1 -4 -3 -1 -4 -3  1    1   4   2   6   1   1   9   1   1  35  10   2  11   3   0   0   2   0   0   9  0.44 0.32
  137 S    1  1  1 -1 -1  2  2 -2 -1 -1 -2  1 -1 -2 -3  0  0 -4 -2  1   12   9   7   2   1   8  14   2   1   2   3  11   1   1   0   7   6   0   1  11  0.16 0.16
  138 L    0 -3 -1 -3  2 -2 -1 -4 -3  2  2 -1  1  1  0 -1  0 -3  0  1    6   0   4   0   5   0   4   0   0  16  20   4   4   7   4   4   6   0   4  12  0.18 0.18
  139 R    0  0  1  0 -2  1  0  0  2  0 -1  0  1 -2  1  0  0 -3 -2  0    6   6   6   6   0   6   6   6   6   6   6   6   6   0   6   6   6   0   0   6  0.06 0.08
  140 R    0  0  0  0 -2  1  0  0  1  0 -1  0 -1  0  1  0  0 -2  1  0    6   6   6   6   0   6   6   6   6   6   6   6   0   6   6   6   6   0   6   6  0.04 0.06
  141 V    2 -3 -3 -3  0 -3 -4 -1 -1  2  0 -1  1  4 -3 -2 -2  1  3  2   16   1   1   1   2   1   0   5   1  10   7   3   4  18   1   3   2   2   9  12  0.33 0.27
  142 A    2  0 -1 -1  0  0  2 -1  0 -1 -1  1 -1  0 -3 -1  0  0 -1  0   19   4   2   3   2   3  13   5   2   4   7   9   1   3   0   4   7   1   2   8  0.11 0.15
  143 F    0  3 -2 -3  0 -1 -2 -3  0  0  0  2  0  1 -2 -1  0  0  1  0    7  18   2   1   3   3   1   2   2   5   8  15   2   7   1   4   5   1   6   6  0.21 0.21
  144 V   -2 -3 -5 -6  0 -3 -3 -3 -5  3  3 -3  2  2 -5 -2 -2  3  2  2    3   2   0   0   2   1   2   2   0  17  23   2   5   8   0   2   2   3   8  16  0.52 0.35
  145 K    0  1  1  0  0  1  2 -1  1 -2 -2  1 -1 -2  0  1  1 -2 -1 -1    6  10   6   6   2   5  13   4   3   2   3   8   1   2   4  10   8   1   2   5  0.12 0.11
  146 E    2  0 -1 -2 -1 -1  0  0 -1 -1  0  1  0 -1  0  0  0 -1  0  1   20   4   2   2   2   2   5   5   2   3   8  12   2   2   3   7   6   1   4   9  0.08 0.11
  147 E    0 -1  1  1 -2  1  2  0 -1 -2 -2  1 -1 -2  1  1  1 -3 -2 -2    8   2   6   9   1   8  12   8   1   3   3   9   1   1   7   8  10   0   1   2  0.16 0.14
  148 A    1 -2  0  2 -3  0  1  1 -1 -2 -3  0 -3 -3  1  1  0 -1 -3 -1   13   2   4  10   0   3  11  13   1   2   2   4   0   1   7  12   7   1   1   4  0.19 0.18
  149 N    0 -2  3  2 -2  0  1  3  0 -3 -3  0 -4 -3 -2  1 -1 -4 -2 -3    7   1  16  13   1   3   9  20   2   1   3   6   0   1   2   8   3   0   2   1  0.37 0.28
  150 S   -2 -3  0  1 -2  0  0  5  1 -3 -2 -3 -2 -3 -3  1  0 -5 -2 -2    3   1   4   7   1   5   7  42   3   1   4   2   1   1   1   9   5   0   1   3  0.59 0.40
  151 S    0  0  0 -1  0  0  0 -1  1  0  0  0  0  1 -1  0  0  0  0  0    7   4   4   4   2   6   3   4   4   5   7   8   4   8   3  10   5   1   3   9  0.02 0.04
  152 L   -1 -2 -1 -4  0 -4 -4 -3 -1  3  1 -3  1  3 -3 -2 -1  2  0  3    4   3   4   0   2   0   0   1   1  16  14   1   3  11   1   3   2   2   3  26  0.39 0.29
  153 A    1 -3 -1 -1  0 -1 -1  2  0  1  0 -2  0  0 -3  0 -1  0  1  2   13   0   2   3   2   2   3  19   3   9   7   1   2   4   0   5   3   1   6  15  0.14 0.16
  154 T    1 -2 -1 -1  0  0 -1  2  0  0 -2 -2 -1 -1 -1  2  1  1  0  0   12   2   2   3   2   4   3  19   2   6   3   2   2   3   2  16   9   2   3   6  0.16 0.17
  155 Y   -1 -2  0 -5  0 -4 -2 -1  3 -5 -3 -2 -4  0 -2 -1 -2 -3  8 -2    5   2   4   0   2   0   2   5   7   0   3   2   0   2   2   5   2   0  49   4  1.20 0.66
  156 L   -2 -1  0  0  1 -1 -1 -4  1  0 -1 -1  0 -1 -1 -1 -1 -2  6  0    3   3   6   5   3   3   3   0   3   4   5   4   3   0   3   3   3   0  35   8  0.50 0.36
  157 H   -4  0 -3 -4 -5  0 -1  0  8 -1 -2 -1  1 -4 -4 -1 -1 -4  1 -1    0   4   0   0   0   4   4   7  44   4   4   4   4   0   0   4   4   0   4   6  1.02 0.53
  158 S   -1  0  0  0 -3  0  0 -1  2  0 -1  0  1  0  0  0  0  3  1  0    5   5   5   5   0   5   5   5   5   5   5   5   5   5   5   5   5   5   5   5  0.06 0.08
  159 N   -1  0  4  2  0 -1 -1  3 -1 -3 -3 -1  0 -2 -1  0  0 -5 -4 -2    5   6  18  12   2   2   3  23   1   2   2   3   2   2   2   6   6   0   0   2  0.36 0.32
  160 S    0 -1  0  0 -4  0 -1  3  1 -1 -2  0  3 -1  0  0 -1 -4  0 -1    6   3   5   4   0   3   3  26   4   3   3   7  10   3   4   7   3   0   3   3  0.21 0.23
  161 R    0  0  0  0 -2  1  0  0  1  0 -1  0  1  0  1  0  0 -2  1  0    6   6   5   6   0   5   6   6   5   6   6   6   5   5   6   6   6   0   5   6  0.03 0.06
  162 I   -2 -2 -1 -2 -1 -2 -2 -4  0  4  1 -1  1  0  2 -2 -1  0  0  1    3   2   3   2   1   2   2   0   3  26  15   3   4   3  10   3   3   1   4  10  0.28 0.22
  163 G    3 -2 -4 -5  1 -4 -5  6 -5 -2 -3 -4 -5 -5 -1  0 -2 -5 -5 -2   20   3   0   0   3   0   0  50   0   3   3   0   0   0   3   6   3   0   0   4  0.99 0.51
  164 V    2 -2 -4 -2  2 -4 -2 -1 -4 -1  0 -2 -3 -4 -4  1  0 -5 -4  4   18   2   0   2   4   0   2   5   0   3   9   3   0   0   0  12   6   0   0  33  0.45 0.33
  165 I   -1 -4 -4 -4  0 -2 -4 -3 -4  3  4 -4  2  0 -4 -2 -1 -3 -1  2    5   0   0   0   2   2   0   2   0  21  38   0   6   3   0   3   2   0   2  11  0.53 0.32
  166 V    0 -4 -3 -3  0 -4 -4 -5 -5  2  1 -4  0 -1 -4 -2 -1  1 -3  6    6   0   2   2   2   0   0   0   0   7  10   0   2   2   0   2   3   2   0  59  0.86 0.46
  167 K    1  0 -1  0 -1  1  2 -1  0 -1 -1  1 -1 -2 -2  1  0 -3 -2  0   17   3   2   4   1   5  17   4   2   4   7   8   2   1   1   9   4   0   1   8  0.12 0.14
  168 T   -1 -4 -3 -4 -1 -3 -2 -2 -2  2  3 -3  2  2 -4 -1  0 -1  1  1    6   0   1   0   1   0   2   3   1  10  34   1   4   9   0   5   6   1   5  10  0.34 0.25
  169 S    1  0  1  1 -3 -1  3 -1 -1 -2 -1  1 -3 -4 -2  1  1 -4 -2 -2   10   4   7   8   0   2  19   3   1   3   6  10   0   0   1  14   7   0   1   2  0.21 0.21
  170 K    0  0  1 -1  1  0  0  2  1 -1 -2  1  0 -1  0  1  0 -4  0 -1    7   3   7   3   4   4   4  19   3   3   3  10   3   3   4  10   4   0   3   3  0.12 0.15
  171 T    0  0  0  0  2  0  0 -1  1  0 -1  0  1  0  0  0  0 -2  1  0    5   5   5   5   5   5   5   5   5   5   5   5   5   5   5   5   5   0   5   5 -0.00 0.06
  172 D    0  0  1  2  0  1  0  0  1 -1 -1  0  0 -1  1  0  0 -3 -1 -1    6   4   7  14   3   6   6   8   4   5   4   5   3   3   6   7   4   0   3   4  0.09 0.11
  173 D    0 -1  1  2  0  0  0 -1  0 -1 -1 -1  0  1  2  0  0 -3 -1  0    7   2   9  13   2   3   5   4   2   4   6   3   3   7   9   6   7   0   2   6  0.09 0.12
  174 K    0  0  0  1 -1  1  2 -1  0 -2 -2  2 -1 -1  1  0  0 -4 -2 -2    9   4   4   9   1   7  15   3   2   3   3  11   2   2   6   7   4   0   1   3  0.14 0.19
  175 E    0 -2 -1  3 -5  1  5 -3  0 -3 -4  0 -5 -6 -2 -1  0 -6 -2 -2   10   2   3  15   0   5  36   2   2   2   2   5   0   0   1   5   5   0   1   3  0.61 0.50
  176 F    0 -5 -4 -2 -1 -3 -3 -4 -2  2  4 -3  0  3 -4 -3 -1 -4 -2  2    8   0   1   2   1   1   2   1   1  10  38   1   2  12   1   1   4   0   1  13  0.56 0.40
  177 L    4 -4 -3 -4 -1 -5 -4  3 -2 -1  0 -3 -1 -4 -3 -2 -3 -2 -3  0   39   1   1   1   1   0   1  25   1   3  11   1   2   1   1   3   1   1   1   6  0.69 0.52
  178 K   -1  2  0  0 -4  1  0 -1  3 -3 -2  3  0 -1 -1  0 -1 -3  0 -2    4  13   4   4   0   7   4   3   8   0   4  24   3   3   3   4   4   0   3   3  0.25 0.25
  179 H   -1  0  2  3 -4  2  1 -1  1 -3 -2  1  0 -1 -1  0 -1 -3  0 -2    5   6   9  17   0   9  10   5   3   0   3   8   3   3   3   5   3   0   3   3  0.19 0.19
  180 L   -1  0 -4 -4  0 -3 -4 -3 -4  4  3 -3  2 -1 -4 -3 -1 -4 -3  2    3   5   0   0   2   0   0   2   0  26  32   0   5   2   0   1   4   0   0  14  0.53 0.28
  181 A    5 -4 -4 -4  5  0 -3  0 -4 -3 -2 -3 -3 -4 -1  0 -1 -4 -4 -1   53   0   0   0  12   5   0   7   0   0   4   0   0   0   3   4   3   0   0   5  0.80 0.43
  182 M    0  0 -4 -4 -4  1 -2 -3 -1  0  2 -2  8 -1 -4 -3 -2  0 -1  0    7   5   0   0   0   6   2   2   1   5  15   2  41   1   0   1   2   1   2   7  0.80 0.42
  183 H   -1 -3 -1 -4 -1  5 -1 -4  9 -5 -5 -2 -4 -5 -4 -2 -2 -5 -3 -5    6   0   3   0   2  28   3   1  46   0   1   2   0   0   0   3   2   0   0   0  1.58 0.65
  184 I    0 -4 -4 -4  1 -3 -4 -4 -4  5  0 -4  3 -2 -4 -2 -1 -4 -1  3    7   0   0   0   3   0   0   1   0  42   4   0   7   0   0   2   2   0   2  25  0.67 0.34
  185 A    4 -3 -3 -3  1  0 -1 -2 -3  0 -1 -2  0 -3 -3  0  0 -4 -3  2   47   0   0   0   3   5   3   2   0   5   3   0   2   0   0   5   5   0   0  17  0.46 0.31
  186 A    4 -3 -3 -3  0 -3 -3  1 -3  0 -2 -3 -1  3 -3  0 -2  0 -1 -1   51   0   0   1   2   0   0  10   0   7   2   0   1  14   0   6   0   1   1   3  0.56 0.36
  187 S    3 -3  1 -3  0 -2 -2 -2  0 -2 -1 -2  5  1 -3  1  1 -3  1 -2   26   1   6   1   2   1   2   1   2   1   4   1  21   5   1  10   8   0   5   1  0.37 0.31
  188 N    1  1  4  0 -1  0 -1  0 -1 -4 -4  3 -3 -3 -1  0 -1 -4 -3 -3   10   8  26   5   1   3   2   5   1   0   0  23   0   1   2   7   3   0   0   1  0.45 0.30
  189 P    0 -5 -5 -5 -5 -1 -4 -5 -5 -2 -4 -4 -5 -6  8 -3 -3 -6 -5 -1    9   0   0   0   0   2   0   0   0   3   1   0   0   0  75   2   1   0   0   4  2.08 0.75
  190 K    0  1 -1 -1 -1  2  1 -1 -1  0  0  1  0 -2 -1  1  0 -3 -2  0    5   6   1   3   1  10  10   3   1   6  12  11   2   1   2  13   4   0   1   6  0.07 0.11
  191 F    2 -3 -3 -5  1 -3 -2 -2 -1 -3 -3 -3 -3  3 -5  0 -2  2  7  0   15   1   1   0   3   1   3   3   1   1   0   1   0  12   0   6   2   2  39   7  0.87 0.45
  192 V   -1 -3 -3 -5 -2 -4 -4 -4 -4  4  3 -3  1 -2 -3 -3 -2 -2 -1  3    5   1   1   0   1   0   0   1   0  23  35   1   2   1   1   1   2   0   2  23  0.66 0.35
  193 S   -1  0  2  3 -1 -1  0 -1 -1 -3 -3  0 -3 -3 -3  3  3 -4 -2 -2    2   5   9  14   1   1   4   5   1   1   1   5   0   1   1  23  18   0   2   2  0.35 0.28
  194 Q   -1  4 -1 -2 -3  0  1 -3 -2  0 -2  1 -1 -1  2  0 -1 -4 -2  0    6  26   2   1   0   2   9   1   1   6   4  10   1   3  11   6   3   0   1   7  0.32 0.26
  195 K    1 -3  1  4 -3  0  4 -2 -1 -4 -4  0 -4 -4 -3  1 -1 -5 -1 -4   12   1   5  22   0   3  30   2   1   1   1   6   0   1   1  10   3   0   2   1  0.61 0.40
  196 D   -1 -2  0  5 -3  1  3  0 -2 -5 -2 -2 -2 -4 -3  0 -2 -6 -4 -4    5   2   3  38   0   6  19   8   1   0   4   1   1   1   1   6   1   0   0   1  0.71 0.44
  197 V   -2 -3 -6 -3 -2 -5 -5 -6 -6  4  1 -4  1 -1 -4 -4 -3 -2 -4  6    2   2   0   1   1   0   0   0   0  22  11   1   2   2   1   1   1   1   0  51  1.07 0.54
  198 S   -2 -5 -2  3 -3 -4 -1 -5 -3 -4 -5 -4 -6 -5  7  1 -2 -7 -6 -5    2   0   1  19   1   1   3   1   1   1   1   1   0   0  56  10   2   0   0   1  1.61 0.74
  199 A    4 -2 -1 -2 -3  2  2 -2 -2 -3 -3  1 -3 -4  2  1 -1 -5 -3 -3   32   1   3   2   0  11  14   3   1   1   2   7   0   0  12   8   2   0   1   1  0.47 0.36
  200 D    2 -3  0  4 -5 -1  4 -2 -1 -4 -4  0 -3 -5 -3  1 -2 -5 -1 -3   15   0   5  21   0   2  31   2   1   1   1   5   0   0   1   8   2   0   2   1  0.64 0.42
  201 F    0 -2 -3 -1 -3 -2  0 -3 -3  2  0  0  0  1 -2 -2 -1  0  0  3    9   2   1   4   0   1   7   1   0  13   9   5   1   6   1   1   4   1   3  27  0.21 0.21
  202 I   -2 -2 -5 -4 -2 -3 -3 -5 -5  5  3 -1  0 -3 -4 -3 -3 -3 -3  3    2   2   0   1   1   1   2   0   0  30  30   3   1   0   1   2   1   0   1  22  0.76 0.42
  203 A    2 -3  0  3 -5  0  5 -3 -2 -3 -4  0 -3 -4 -4 -1 -2 -5 -4 -3   18   1   4  14   0   4  39   1   1   1   1   6   0   1   0   4   2   0   1   2  0.73 0.47
  204 K    0  3  2 -2 -5  0  1 -3  1 -4 -4  5 -4 -4 -3  0 -1 -5 -2 -3    7  15   8   1   0   4  11   1   4   1   1  34   0   0   1   6   3   0   1   2  0.62 0.40
  205 E   -2 -3 -3 -1 -4  2  7 -6 -3 -3 -5 -1 -3 -4 -4 -4 -3 -6 -6 -4    3   1   1   2   0   7  75   0   0   2   1   3   1   1   1   1   1   0   0   1  1.76 0.86
  206 R   -3  5 -2 -3 -5  1  1 -4 -2 -3 -2  4  1 -3 -3 -2 -1 -5 -1 -4    1  33   1   1   0   5   9   1   0   2   5  27   4   1   1   3   3   0   2   1  0.77 0.48
  207 E    1  0  1  1 -5  0  5 -3 -1 -5 -4  2 -3 -4 -4  1 -2 -5 -4 -4   12   5   5   7   0   4  37   2   1   0   1  11   1   1   0   9   2   0   0   1  0.62 0.42
  208 I   -2 -4 -4 -1 -4 -2 -2 -4 -2  6  0 -2  0 -1 -5 -3 -2 -5 -2  3    3   1   1   3   0   2   3   1   1  48   7   3   1   2   0   2   2   0   1  18  0.83 0.46
  209 A    1 -3 -3 -3 -2  1  0 -3 -1  1  2 -2 -1  3 -3 -2 -2 -1  3  0   15   1   1   1   0   7   8   2   1   9  19   2   1  12   1   2   2   1  11   4  0.25 0.24
  210 A    0  3 -1 -2 -4 -1  1 -4 -2  0  0  2  2 -2 -2  0  1 -3 -2 -1    7  16   2   1   0   2  10   0   1   5  11  16   7   1   2   6   8   0   1   4  0.22 0.23
  211 A    2 -2  0  1 -3  2  4 -1 -2 -3 -4  1 -2 -4 -4  0  0 -5 -4 -2   19   1   3   7   0   8  30   5   1   1   1  10   1   1   0   5   5   0   0   3  0.49 0.38
  212 Q   -2  0 -3 -1 -5  6  2 -3 -2  1 -2  2 -2 -5 -3 -1 -3 -3 -4 -3    3   4   1   4   0  39  13   2   1   7   3  12   1   0   1   5   1   0   0   2  0.78 0.52
  213 A    4 -3 -2 -1 -2 -2 -1 -2 -4  0  1 -2  2 -3 -1  0  0 -4 -4  1   37   1   2   4   0   1   4   2   0   6  12   2   5   1   3   4   7   0   0  10  0.36 0.31
  214 Q    0  2 -1  1 -4  1  2 -2 -2 -1  0  3  0 -4 -2 -1 -2 -4 -3 -2   10  12   2   9   0   5  11   2   1   4   9  23   2   0   1   3   2   0   0   2  0.28 0.25
  215 S    0 -1  3  1 -4  1  3 -1 -1 -3 -1  1 -1 -1 -3  1 -1 -4 -3 -2    9   2  13   9   0   7  19   3   1   1   7   8   1   3   1  11   3   0   0   2  0.26 0.23
  216 E    1 -3 -1  1 -4  0  4 -2 -3 -3 -2  0 -1 -4 -2  3  0 -5 -3 -3   12   1   2   7   0   3  27   2   0   1   5   5   1   1   1  24   6   0   0   2  0.45 0.37
  217 N   -2 -4  3  1 -4 -2 -1  6 -3 -5 -5  0 -4 -6 -4  0 -3 -5 -4 -5    3   1  14   6   0   2   4  53   0   1   1   5   0   0   1   7   1   0   1   1  1.05 0.57
  218 K   -3 -2 -4 -3 -6 -1 -1 -4 -3 -5 -4  8 -4 -6 -3 -3 -4 -6 -5 -5    2   1   1   2   0   2   4   1   0   1   1  81   0   0   1   2   1   0   0   1  1.97 0.93
  219 P   -3 -5 -3 -2 -6 -4 -1 -5 -6 -6 -6 -2 -6 -5  8  1 -2 -7 -4 -5    1   0   1   2   0   0   5   1   0   0   1   3   0   0  70  10   2   0   1   1  2.01 0.95
  220 K    2 -3 -2  1 -5  2  5 -3 -4 -4 -4  0 -3 -5  1 -2 -3 -5 -4 -3   18   0   2   8   0   8  41   1   0   1   1   6   1   0   7   2   1   0   1   1  0.78 0.54
  221 E    1 -2  4  2 -5  2  3 -3  1 -3 -4  2 -1 -3 -2 -1 -2 -5 -4 -3   14   1  18   9   0  10  20   1   3   2   1  10   2   1   2   4   1   0   0   1  0.47 0.37
  222 F    0 -3 -1 -2 -4 -2 -2 -5 -4  6 -1 -3  3 -1 -4 -3 -2 -5 -3  3    8   1   3   2   0   1   3   0   0  42   4   2   6   2   1   2   1   0   1  20  0.76 0.46
  223 I    1  0 -3 -3 -3  0 -2 -3 -1  3  1  1  1 -2 -3 -2 -1  2 -2  2   11   5   1   1   0   5   1   1   1  19  16   8   3   1   1   2   3   3   1  16  0.25 0.23
  224 D    0 -3  0  4 -6  1  5 -3 -2 -6 -4  0 -5 -6  0 -2 -2 -6 -5 -4    7   1   4  20   0   5  45   1   1   0   1   5   0   0   4   3   3   0   0   1  0.94 0.57
  225 R   -4  1  1 -3 -6 -1 -1 -1 -2 -5 -5  7 -2 -3 -3 -2 -3 -6 -5 -5    1   5   7   1   0   2   2   4   1   0   1  66   1   1   1   3   2   0   0   0  1.39 0.72
  226 I   -3 -4 -5 -2 -4 -4 -2 -4 -5  7 -2 -4  6 -3 -5 -4 -3 -5 -3 -1    2   1   0   3   0   1   3   1   0  59   1   1  19   1   0   1   1   0   1   3  1.47 0.71
  227 V    1 -4 -4 -3 -3 -4 -2 -4 -5  3  1 -3  1 -2 -3 -3 -1 -5 -3  5   11   1   0   2   0   0   2   1   0  18  10   1   3   1   1   2   3   0   1  43  0.71 0.43
  228 D   -1 -2  0  2 -5  2  5 -2 -2 -3 -3  1 -1 -3 -1  0 -1 -5 -4 -3    6   1   5  11   0   9  37   3   0   1   2   7   1   1   3   5   3   0   0   2  0.56 0.41
  229 G   -2 -4 -1 -2 -5 -3 -2  7 -5 -6 -4 -1 -5 -4 -4 -2 -4 -5 -5 -5    2   1   3   2   0   1   3  76   0   0   2   4   0   1   1   3   1   0   0   1  1.66 0.75
  230 R   -3  6 -2 -3 -5  0 -2 -3 -4 -4 -5  5 -1 -4 -3  0 -2 -3 -3 -5    2  38   1   1   0   4   1   2   0   1   1  35   2   1   1   6   2   0   1   1  1.15 0.62
  231 I   -2 -3 -4 -3 -4 -4 -2 -5 -4  3  4 -2  4 -2 -1 -3 -3 -3 -3  2    2   1   1   1   0   0   3   1   0  18  36   2  13   1   3   1   1   0   1  15  0.66 0.39
  232 N    0  2  4  1 -4  1  2 -1 -1 -4 -4  3 -3 -5 -3  0 -1 -5 -4 -4    6  11  21   6   0   7  13   5   1   1   1  17   1   0   0   7   2   0   0   1  0.48 0.34
  233 K   -1  0 -1 -2 -5 -2 -1 -2 -2 -5 -5  7 -4 -6 -3 -1 -2 -6 -5 -4    5   4   2   2   0   1   3   2   1   0   1  69   0   0   1   4   2   0   0   1  1.43 0.73
  234 V   -3 -1 -4 -2 -2 -2 -1 -4  0 -1 -2 -2  0  7 -5 -3 -3  4  4 -2    2   3   0   3   1   2   4   1   2   3   4   2   2  44   0   2   1   6  15   3  1.05 0.54
  235 L   -3 -2 -4 -2  0 -3 -3 -5 -2  1  3 -1 -1  4 -5 -4 -3 -2  5 -1    2   2   0   3   2   1   2   1   0   8  25   3   1  18   0   1   1   0  24   4  0.70 0.42
  236 E    1 -1  1  1 -3  1  3 -1 -3 -3 -4  3 -2 -4 -4  2 -1 -5 -3 -3   11   2   6   7   0   5  21   5   0   1   1  21   1   0   0  15   2   0   1   1  0.44 0.36
  237 E   -3 -2 -1  2 -7  2  7 -3 -4 -7 -6 -3 -5 -7 -5 -2 -3 -7 -6 -6    2   1   2  12   0   7  68   2   0   0   0   1   0   0   0   3   1   0   0   0  1.63 0.87
  238 V   -2  0  3 -1 -1 -1 -2 -3 -1  2 -1 -1  1 -1 -4  0  1 -4 -2  3    2   4  15   2   1   3   2   1   1  14   4   4   3   3   0   8   9   0   1  23  0.26 0.27
  239 C    0  0 -4 -6  8 -4 -4 -3 -6 -1 -4 -4 -4 -5 -5  0  2 -6 -5  4    8   5   0   0  32   0   1   1   0   2   0   1   0   0   0   8  14   0   0  26  1.16 0.64
  240 L   -6 -6 -8 -8 -6 -7 -7 -8 -7 -2  7 -7  2  1 -7 -7 -6 -6 -5 -3    0   0   0   0   0   0   0   0   0   1  89   0   5   5   0   0   0   0   0   0  2.08 0.96
  241 V   -3 -5 -3 -5 -5 -5 -1 -6 -4  1  5 -5  3 -1 -4 -3  0 -2  0  2    1   0   2   0   0   0   5   0   0   6  54   0   7   1   1   1   5   0   3  12  0.85 0.52
  242 N   -3  0  2  3 -4  0  5 -1  1 -6 -4  0 -3  0 -4 -1 -3 -5 -2 -5    2   4  11  18   0   3  35   5   3   0   1   6   1   4   0   5   1   0   1   0  0.68 0.46
  243 Q   -6 -4 -5 -6 -3  9 -3 -7 -3 -8 -6 -4 -3 -9 -7 -6 -5 -7 -7 -8    0   0   0   0   1  96   0   0   1   0   0   0   1   0   0   0   0   0   0   0  3.25 1.45
  244 K    1 -2  0  1 -4 -1  2 -2 -4 -3 -3  1 -2 -2  5  0  0 -4 -3 -1   10   1   5   7   0   2  16   3   0   1   2  11   1   2  25   5   5   0   1   5  0.46 0.35
  245 F   -6 -7 -6 -7 -5 -7 -7 -7  0 -4 -2 -7 -3  8 -8 -3 -4  4  6 -5    0   0   0   0   0   0   0   0   2   1   2   0   1  58   0   3   1   5  26   0  2.21 0.96
  246 L   -1 -6 -6 -5 -2 -5 -6 -7 -6  4  2 -6  2 -1 -5 -4 -4 -6 -2  5    4   0   0   0   1   0   0   0   0  25  20   0   4   3   0   1   0   0   2  40  1.05 0.57
  247 V   -2  1 -2 -4 -2 -3 -2 -5 -2  0  1  5  4  1 -4 -2 -3 -1 -3 -1    3   8   2   1   1   0   1   0   1   6  16  36  11   5   0   2   1   1   0   4  0.60 0.44
  248 N   -4 -5  3  7 -8 -4  1 -3 -1 -7 -7 -2 -7 -6 -5 -3 -5 -8 -4 -6    1   0  14  67   0   0   9   2   1   0   0   2   0   0   0   1   0   0   1   0  1.85 0.89
  249 Q   -2 -4  1  4 -6  0  1  0 -3 -5 -5 -3 -4 -7  6  0 -1 -7 -6 -5    3   1   7  21   0   3  10   7   0   1   1   1   0   0  34   7   3   0   0   0  0.95 0.57
  250 E   -2 -2  2  3 -5 -2  1 -1 -2 -6 -6  4 -5 -6 -4  3  0 -6 -5 -5    2   0   7  16   0   1   7   5   1   0   0  31   0   0   0  22   6   0   0   0  0.76 0.52
  251 Q   -3  0 -2 -4 -4  3 -2 -4 -2  2  1  4  2 -2 -3 -2  1 -5 -2  1    1   3   1   0   0  12   2   1   0  11  13  29   5   1   1   2   8   0   1   8  0.42 0.36
  252 T   -3 -2  0 -4 -3 -2 -4 -5 -4 -5 -4  3 -4 -4 -3  3  6 -6 -3 -3    1   2   4   0   0   1   0   0   0   0   1  21   0   1   1  18  48   0   1   1  1.15 0.71
  253 V   -5 -6 -6 -7 -3 -7 -7 -8 -7  5 -2 -7 -2 -4 -7 -6 -4 -7 -6  7    0   0   0   0   0   0   0   0   0  25   2   0   1   0   0   0   1   0   0  70  1.95 0.89
  254 Q    1  1 -2 -2 -4  1  2  3 -2 -5 -4  3 -3 -3 -4  1 -2 -5 -1 -4   12   7   1   1   0   7  13  21   1   0   1  20   0   1   0  10   1   0   2   0  0.47 0.37
  255 Q    0 -3 -1  4 -6  5  4 -4 -3 -6 -6  2 -5 -6 -5 -1 -1 -6 -5 -5    7   1   3  21   0  24  22   1   0   0   0  14   0   0   0   3   3   0   0   0  0.90 0.57
  256 A    0 -4 -5 -6 -3 -4 -5 -6 -1  2  3 -4  1  2 -5 -4 -4  1  5  3    7   1   0   0   0   0   0   0   1   9  25   1   3   8   0   0   0   2  19  22  0.74 0.45
  257 A   -1 -5 -6 -6 -3 -5 -5 -5 -6  3  5 -5  1 -3 -6 -5 -3 -5 -4  3    6   0   0   0   0   0   0   1   0  13  58   1   2   1   0   0   1   0   0  16  1.12 0.59
  258 Q    1  0  1  1 -2  1  2 -2 -2 -3 -2  4 -3 -4 -3  0  0 -5 -3 -2   14   3   6   7   1   6  11   2   0   1   5  29   0   0   1   6   4   0   1   3  0.37 0.31
  259 A    0 -2  0  1 -5  1  4  4 -2 -3 -4  0 -3 -5 -3  0 -2 -5 -5 -5    9   1   3   8   0   7  24  28   1   1   1   5   1   0   1   7   2   0   0   0  0.59 0.40
  260 K    2 -1  3 -1 -2  0  1  1  2 -3 -2  2 -2 -3 -1  1  0 -4 -1 -2   17   2  15   2   1   2  10   9   6   1   3  12   1   1   2   9   4   0   2   3  0.22 0.22
  261 K   -2 -2  4  2 -5 -1  0  3  0 -6 -6  2 -5 -6  1  1 -1 -6 -5 -5    2   2  20   9   0   3   6  27   2   0   0  11   0   0   6   9   3   0   0   0  0.61 0.41
  262 V    2 -5 -3 -5 -2 -4 -5 -3 -5  4  2 -2  1 -1 -4 -2 -1 -3 -3  3   18   0   1   0   1   0   0   2   0  27  16   2   3   2   1   2   4   0   0  19  0.55 0.37
  263 E   -2  0  0  0 -3  1  3 -3  0 -2 -4  3 -3 -5 -4  1  3 -4 -4 -2    2   3   3   5   0   7  19   1   3   2   1  22   0   0   0  11  17   0   0   3  0.48 0.38
  264 I   -3 -7 -7 -7 -2 -6 -6 -7 -7  6  1 -6 -1 -3 -4 -6 -4 -7 -5  5    2   0   0   0   1   0   0   0   0  39  11   0   1   0   1   0   0   0   0  44  1.51 0.73
  265 L    0  1  0 -2 -3 -1 -1 -2 -1  1  0  2  0 -3 -3  0  1 -4 -2  2    7   6   4   1   0   2   4   2   1   8   9  16   2   0   0   5  11   0   1  20  0.18 0.21
  266 S    0  3  1  3 -2  0  0  1 -1 -5 -4  1 -4 -5 -4  2 -2 -3 -3 -5    8  19   6  19   1   3   6  11   1   0   1   9   0   0   0  14   1   0   1   0  0.48 0.36
  267 F   -3 -8 -8 -8 -5 -8 -7 -8 -6 -5 -4 -7  1  9 -8 -7 -6 -3  3 -4    3   0   0   0   0   0   0   0   0   0   1   0   3  81   0   0   0   0  10   1  2.77 1.12
  268 I    1 -2 -4 -4 -1 -2 -1 -4 -1  3  0  0  0 -2 -4 -1  1 -2  0  4   14   2   0   0   1   2   3   0   2  15   6   6   2   1   0   3   7   1   4  31  0.38 0.31
  269 R   -6  8 -4 -6  1 -3 -5 -7 -2 -4 -2 -1 -3 -5 -7 -5 -5 -4 -2 -3    0  80   1   0   3   1   0   0   1   1   5   3   1   1   0   0   0   0   2   2  2.16 1.00
  270 Y   -4 -6 -7 -7 -2 -6 -7 -7 -4 -1  1 -6  2  7 -7 -6 -5  4  6  0    1   0   0   0   1   0   0   0   0   4  11   0   5  45   0   0   0   4  23   6  1.60 0.74
  271 E    0  1 -1 -2 -4  3  5 -3 -2 -2 -4  1 -3 -5 -4  0 -2 -6 -4  0    9   6   3   1   0  14  38   2   1   2   1   7   0   0   0   6   2   0   0   7  0.66 0.48
  272 V   -3 -2 -6 -7  5 -6 -6 -7 -6  2  3 -3 -1 -4 -6 -5 -2 -6 -5  5    1   2   0   0  14   0   0   0   0  11  28   2   1   0   0   0   2   0   0  39  1.11 0.58
  273 G   -3 -6 -5 -5 -3 -7 -6  8 -5 -9 -8 -6 -8 -8 -7 -5 -6 -7 -8 -8    1   0   0   0   1   0   0  96   0   0   0   0   0   0   0   0   0   0   0   0  2.73 1.11
  274 E   -4 -5 -5  0 -8  1  8 -7 -5 -7 -7 -3 -6 -8 -6 -5 -5 -7 -6 -5    1   0   0   3   0   6  88   0   0   0   0   1   0   0   0   0   0   0   0   1  2.37 1.03
  275 G   -3 -4  1 -2 -6 -3  0  6 -3 -5 -6 -1 -3 -6 -5 -1 -2 -3 -6 -4    0   0   5   1   0   1   7  71   0   1   0   4   1   0   0   4   2   0   0   1  1.42 0.61
  276 I   -3 -5 -5 -6 -4 -4 -4 -6 -6  6  3 -4  1 -2 -4 -3 -2 -5 -4  1    1   0   0   0   0   0   1   0   0  55  27   0   3   1   0   2   2   0   0   7  1.15 0.52
  277 E   -3 -4 -2  0 -7  1  7 -4 -4 -4 -6 -2 -5 -6 -2 -3 -3 -6 -5 -3    2   0   1   4   0   4  80   1   0   1   0   2   0   0   2   1   1   0   0   2  1.72 0.75
  278 K   -3  1  0 -3 -6  0  0 -3 -2 -4 -5  7 -4 -6 -3 -2 -4 -6 -5 -1    1   6   5   0   0   3   6   2   1   0   0  69   0   0   1   1   0   0   0   5  1.29 0.61
  279 Q   -1  3  0  0 -5  2  3 -4 -2 -2 -4  4 -3 -5 -1 -1 -3 -5 -4 -1    5  13   3   3   0   8  21   0   0   2   1  35   0   0   2   2   0   0   0   4  0.62 0.36
  280 V    0 -2  1  1 -3  2  5 -2 -2 -3 -3  1 -3 -5 -2  1  0 -5 -4  1    6   1   6   5   0   8  39   1   0   0   1   7   0   0   1  10   5   0   0  11  0.50 0.33
  281 S   -1 -2  1  3 -2  0  3 -2 -2 -3 -4  1 -2 -4 -2  0  1 -5 -3 -1    5   0   5  20   1   2  27   2   0   1   0  10   1   1   1   7  10   0   0   6  0.42 0.28
  282 N   -4 -4  5  7 -3 -3 -1 -3 -3 -6 -6 -3 -3 -6 -4 -1 -3 -7 -5 -6    1   0  27  64   1   0   2   1   0   0   0   0   1   0   0   4   0   0   0   0  1.67 0.63
  283 F   -3 -5 -5 -5 -5 -4 -4 -6 -4 -3  0 -5 -3  9 -6 -4 -5 -1  1 -2    2   0   0   1   0   1   1   0   0   1   6   0   0  81   0   1   0   0   3   2  2.04 0.67
  284 A    6 -4 -4 -4 -3 -2 -2 -1 -4 -4 -4 -2 -3 -5 -2  0 -1 -5 -4  0   80   0   0   0   0   1   1   2   0   0   0   1   0   0   1   4   2   0   0   6  1.24 0.55
  285 D    4 -3 -2  3 -4 -1  3 -2 -3 -4 -4 -1 -4 -5 -2  1 -1 -5 -4 -3   42   0   0  16   0   1  23   0   0   1   1   2   0   0   2   9   3   0   0   0  0.67 0.38
  286 E   -4 -3 -3 -1 -7 -1  8 -5 -3 -7 -6 -1 -5 -7 -4 -3 -2 -6 -5 -6    0   0   0   2   0   0  94   0   0   0   0   3   0   0   0   0   2   0   0   0  2.12 0.76
  287 V   -2 -6 -6 -6 -4 -5 -6 -6 -6  0 -2 -5 -2 -4 -1 -5 -3 -6 -4  7    1   0   0   0   0   0   0   0   0   1   1   0   0   0   3   0   0   0   0  94  1.85 0.68
  288 K    5 -1 -1 -4 -1  0 -2 -3 -4 -3 -2 -1  5 -4 -3  0 -2 -5 -3 -1   57   3   2   0   1   4   1   0   0   0   2   3  18   0   0   5   0   0   0   3  0.77 0.42
  289 A    4 -1 -1 -3 -3  0  1 -2 -3 -4 -4  3 -3 -5 -3  1 -2 -1 -4 -3   48   1   3   0   0   4  10   1   0   0   0  22   0   0   0  10   0   1   0   0  0.65 0.36
  290 Q    0 -1 -3 -3 -5  7 -1 -4 -3 -4 -2 -1  5 -5 -4 -3  0 -5 -3 -3    7   2   0   0   0  61   1   0   0   0   4   2  16   0   0   0   6   0   0   0  1.26 0.54
  291 M    1 -3 -4 -4  0 -2 -4 -4 -4  3  2 -3  5 -1 -4 -1  0 -4 -3  2   11   0   0   0   2   1   0   0   0  19  20   0  21   0   0   3   5   0   0  17  0.49 0.24
  292 K   -3  3 -2 -3 -5  3 -1 -4 -2 -5 -4  6 -3 -5 -3 -2 -3 -5 -4 -4    0  16   0   0   0  17   0   0   0   0   0  67   0   0   0   0   0   0   0   0  1.27 0.40

                      K         Lambda
Standard Ungapped    0.1270     0.3137
Standard Gapped      0.0410     0.2670
PSI Ungapped         0.1769     0.3181
PSI Gapped           0.0541     0.2670
