
Last position-specific scoring matrix computed, weighted observed percentages rounded down, information per position, and relative weight of gapless real matches to pseudocounts
           A  R  N  D  C  Q  E  G  H  I  L  K  M  F  P  S  T  W  Y  V   A   R   N   D   C   Q   E   G   H   I   L   K   M   F   P   S   T   W   Y   V
    1 M   -7 -8 -8 -9 -8 -7 -8 -9 -8 -5 -4 -8 12 -6 -9 -8 -7 -8 -7 -5    0   0   0   0   0   0   0   0   0   0   0   0 100   0   0   0   0   0   0   0  4.32 1.46
    2 N   -1  1  4  1 -4  1  2 -3 -3 -5 -6  5 -4 -7 -2  1 -1 -7 -6 -5    5   6  17   8   0   5  11   2   0   1   0  31   0   0   1   9   4   0   0   1  0.69 0.43
    3 K   -4  4  0  0 -7  2  1 -4 -1 -6 -6  6 -4 -6 -1 -3 -3 -6 -3 -6    1  18   4   5   0   9  10   1   1   0   0  41   0   0   3   2   2   0   1   0  1.03 0.55
    4 I   -3 -4 -6 -7  2 -4 -6 -6  1  0  1 -2  2  2 -3 -5 -3  3  7  1    3   1   0   0   4   1   0   0   3   6  14   3   5   8   1   0   2   3  36   9  1.05 0.54
    5 I    3 -2 -6 -7  1 -5 -6 -6 -5  3 -2 -5 -4  2 -7 -2 -1 -3  5  4   19   3   0   0   3   0   0   0   0  13   4   1   0   7   0   2   4   0  17  25  0.82 0.47
    6 L   -1 -8 -9 -9 -1 -8 -9 -7 -9  7  2 -8  0  0 -8 -7 -6 -5 -4  3    6   0   0   0   2   0   0   0   0  46  20   0   2   4   0   0   0   0   1  19  1.49 0.68
    7 A    1 -9 -8 -9 -4 -9 -9  8 -9 -10 -10 -9 -10 -10 -9 -4 -6 -10 -10 -7   10   0   0   0   0   0   0  87   0   0   0   0   0   0   0   1   0   0   0   1  2.70 1.16
    8 A   -2 -9 -9 -9 -3 -9 -9 -7 -9  7  0 -9 -2 -3 -9 -7 -7 -9 -6  5    3   0   0   0   1   0   0   1   0  47   7   0   1   1   0   0   0   0   0  39  1.93 0.84
    9 D   -10 -10 -4  9 -12 -8 -4 -7 -9 -11 -12 -9 -11 -12 -9 -8 -9 -12 -7 -11    0   0   1  98   0   0   1   0   0   0   0   0   0   0   0   0   0   0   0   0  3.58 1.47
   10 I   -7 -9 -10 -10 -4 -9 -9 -10 -9  6  5 -7  0 -2 -9 -9 -6 -8 -7  3    0   0   0   0   0   0   0   0   0  33  47   0   2   2   0   0   0   0   0  16  1.72 0.78
   11 G   -7 -8 -8 -9 -10 -10 -7  8 -10 -12 -12 -9 -11 -11 -10 -6 -9 -10 -11 -11    0   0   0   0   0   0   0  99   0   0   0   0   0   0   0   1   0   0   0   0  3.26 1.37
   12 G   -1 -4 -6 -9 -10 -9 -7  8 -9 -9 -9 -9 -7 -11 -8 -6 -5 -10 -10 -6    5   1   0   0   0   0   0  91   0   0   0   0   0   0   0   1   1   0   0   1  2.77 1.20
   13 T   -6 -7 -6 -7 -9 -7 -8 -8 -5 -7 -7 -7 -2 -7 -9 -2  8 -10 -9 -5    0   0   0   0   0   0   0   0   0   0   0   0   1   0   0   4  91   0   0   1  2.99 1.37
   14 T   -2 -2  6 -3 -8 -1 -3 -3  1 -8 -7  5 -6 -1 -7  0  1 -4 -2 -7    3   2  36   1   0   3   2   2   4   0   0  27   0   3   0   8   8   0   2   0  1.18 0.67
   15 C   -3 -9 -9 -9 -1 -7 -9 -9 -7  7  1 -8  1 -2 -9 -5  2 -9 -6  2    2   0   0   0   1   0   0   0   0  55  11   0   3   2   0   1  11   0   0  13  1.64 0.76
   16 K    2  3 -3 -3 -4 -4 -4 -5 -4 -4 -1  6 -3 -6 -6 -2 -2 -8 -4 -1   18  15   1   1   1   1   1   1   0   1   7  40   1   0   0   3   2   0   1   5  0.94 0.57
   17 L    4 -7 -6 -7 -1 -6 -6  1 -5  2 -1 -6  2  1 -6 -1  0 -4  0  3   30   0   0   0   1   0   0   9   0  12   6   0   4   7   0   5   6   0   3  16  0.62 0.41
   18 G    4 -9 -7 -8 -4 -8 -8  6 -9 -3 -6 -7 -4 -9 -8 -3 -7 -9 -9 -1   33   0   0   0   1   0   0  56   0   2   1   0   0   0   0   2   0   0   0   5  1.81 0.90
   19 I   -1 -4 -9 -8 -4 -7 -9 -7 -5  4  5 -7 -1 -2 -9 -7 -5 -8 -6  3    5   1   0   0   0   0   0   0   0  17  51   0   1   2   0   0   0   0   0  20  1.38 0.68
   20 F   -1 -8 -9 -9  0 -8 -8 -5 -9  2 -1 -8  0  3 -8 -5 -1 -8 -4  6    5   0   0   0   2   0   0   1   0  11   6   0   3  11   0   1   4   0   1  56  1.48 0.73
   21 D   -3 -2  3  6 -8 -3 -2 -2 -5 -8 -7 -3 -6 -9 -5  2  2 -9 -7 -7    2   2  14  46   0   1   3   3   0   0   1   2   0   0   1  13  12   0   0   0  1.34 0.73
   22 E    0  2 -1  1 -5  1  4 -2 -3 -3 -1  0 -3 -2  1  0 -1 -6 -4 -3    9  10   2   9   0   5  24   4   1   2   8   5   1   2   6   8   4   0   1   1  0.31 0.28
   23 N   -1  0  3  4 -4  2  2 -1  0 -6 -5  0 -4 -6 -5  1  1 -6 -3 -5    6   5  13  20   0   8  13   4   2   0   1   6   0   0   0  11   7   0   1   0  0.54 0.39
   24 L   -1 -6 -2 -5 -3 -6 -8  7 -4 -7 -3 -5 -4 -2 -6 -4 -6 -6  0 -7    5   1   2   1   1   0   0  77   1   0   3   1   1   2   1   1   0   0   3   0  2.02 0.96
   25 N   -2  3  3  0 -4  2  3 -3  1 -4 -6  3 -4 -6 -6 -1  0 -8 -5 -3    3  16  14   4   0   7  18   2   3   1   0  16   0   0   0   4   7   0   0   3  0.64 0.43
   26 R   -4 -5 -7 -9 -2 -6 -8 -8 -9  7  3 -5  0 -3 -3 -7 -3 -6 -6  4    1   1   0   0   1   0   0   0   0  46  21   1   2   1   2   0   2   0   0  21  1.50 0.71
   27 L   -3 -1 -5 -7 -3 -2 -3 -6 -1  3  5 -2 -1 -2 -8 -3 -4 -5 -4  3    2   4   0   0   1   2   2   0   2  16  45   3   1   2   0   2   1   0   1  17  0.93 0.50
   28 S    2  0 -1  1  0 -1  1  0  3 -2 -2  0 -2  0 -4  1 -1 -1  0 -2   20   6   3   7   2   3  10   7   7   2   3   7   1   4   0   8   4   1   4   3  0.17 0.18
   29 K   -4  5 -3 -3 -3  1  1 -5  1 -5 -4  5 -3 -1 -5  0 -1 -2 -3 -4    1  26   1   1   1   6   8   1   3   1   2  29   1   3   0   8   5   1   1   2  0.84 0.52
   30 W    0  1 -1  0 -2  0  0 -1  1  0 -1  1 -1 -1 -3  0  1  4 -1  0    7   9   3   5   1   3   7   4   4   4   6   9   2   3   0   6   7   7   2   9  0.12 0.12
   31 S   -2  3 -1 -3 -4  1  2 -4 -1 -2 -4  3 -3 -4 -6  3  1 -3 -4 -1    3  15   2   1   0   7  11   1   1   3   2  16   1   1   0  22   7   0   1   5  0.51 0.39
   32 I   -2  1 -4 -4  1 -1 -1 -4 -1  5  0 -1  1  1 -6 -4  0 -3 -1  3    3   8   1   1   3   3   5   1   2  27   8   4   3   6   0   1   5   0   2  16  0.48 0.30
   33 D   -1  0 -3  0 -8 -3  0 -6 -2 -5 -2  2 -4 -5  7  0 -4 -5 -5 -5    6   5   1   5   0   1   7   1   1   1   4  11   0   0  46   7   1   0   1   1  1.15 0.67
   34 T   -4 -7 -6 -7 -7 -6 -6 -7 -6 -3 -5 -7 -4 -5 -6  0  8 -9 -6 -2    2   0   0   0   0   0   0   0   0   2   1   0   0   1   1   7  81   0   0   3  2.42 1.15
   35 D   -2  3  2  2 -2  1  2 -1  0 -4 -1  0 -1 -3  3 -2 -2 -5 -3 -3    3  13   9  10   1   5  13   5   2   1   7   5   1   1  16   2   2   0   1   2  0.37 0.27
   36 T    4 -1 -3 -2 -2 -1 -2 -1 -1  0 -2  0 -3 -4  1  1  1 -5 -3  1   30   4   1   2   1   2   2   5   2   5   5   6   1   1   6  10   7   0   1  11  0.31 0.26
   37 S    0  0  0  1 -2  1  3  0  2 -4 -3  1 -2 -2  0  1  0 -2 -1 -3    9   5   4   7   1   6  18   7   5   1   2   7   1   2   5  12   5   1   2   2  0.22 0.19
   38 D   -1  3  1  3 -3  2  3 -2 -1 -5 -2  1 -3 -4 -2  0 -3 -6 -4 -3    4  14   7  16   1   7  19   4   1   1   5   9   1   1   2   6   2   0   1   2  0.44 0.31
   39 T   -1  1  0 -1 -5 -2 -1  5  0 -3 -3  0 -3 -4 -1 -1  0 -4 -4 -3    4   6   4   4   0   2   4  46   2   2   3   5   1   1   3   5   6   0   1   2  0.73 0.40
   40 T    0  0 -2 -1 -3 -2 -1  1 -1 -2 -3  0 -2 -1  5  1  0 -3  0 -1    9   5   2   4   1   1   5  11   1   2   3   5   1   3  24  11   5   0   4   4  0.34 0.24
   41 G    2 -1 -1  3 -3  0  0  2 -2 -2 -2  0 -3 -1  2 -1 -2  0 -1 -2   16   3   3  16   0   5   6  14   1   2   4   5   1   3  10   4   2   1   3   3  0.25 0.18
   42 Y    0  0 -1  1 -5  2  4 -1  1 -3 -3  1 -3 -2 -3  0 -2 -3  1 -2    6   6   3   8   0   8  30   4   3   2   2   7   1   2   1   6   3   0   4   3  0.43 0.28
   43 L    2  0  0  0 -2  0  1 -1  1  0 -1 -1 -2 -1 -1  0  0 -2 -1  1   20   4   4   6   1   3   8   5   4   5   5   4   1   2   3   5   6   0   2  13  0.10 0.10
   44 L   -3 -5 -6 -6 -2 -5 -5 -4 -6  5  1 -5  2  0 -5 -4 -1 -4 -4  5    2   1   0   1   1   1   1   2   0  32  12   1   4   3   1   2   3   0   1  34  1.10 0.50
   45 L    0 -3 -4 -3 -1 -3 -1 -4 -4  4  3 -3  2  1 -3 -3 -2 -2 -3  3    7   1   1   1   1   1   4   1   0  19  26   2   4   5   2   2   3   1   1  17  0.50 0.26
   46 K    1  1  0  3 -3  1  3 -1 -1 -4 -5  2 -4 -4 -1  0 -2 -5 -4 -4   11   9   5  15   1   7  19   5   2   1   1  12   0   1   3   7   2   0   0   1  0.44 0.31
   47 N    0  4  2  3 -3  2 -1 -3 -2 -3 -2  0  0 -4 -5  0 -1 -4 -5 -3    7  25  10  16   1   8   4   2   1   2   4   5   2   1   0   6   4   0   0   2  0.50 0.33
   48 I   -3 -6 -7 -7 -4 -7 -7 -7 -7  6  2 -6  6 -3 -7 -6 -3 -7 -5  2    3   0   0   0   0   0   0   1   0  44  18   0  15   1   0   1   2   0   0  13  1.50 0.66
   49 Y    3 -2 -3 -4  1 -3 -1 -2 -1  3  0  0 -1  0 -5 -1 -1  0  0  2   26   2   1   1   3   1   4   3   2  14   8   5   2   4   0   3   4   1   3  15  0.32 0.23
   50 D    1  1  0  3 -4  2  3  0  0 -4 -3  1 -3 -5 -4  0 -1 -5 -3 -3   12   7   5  15   0   8  18   6   2   1   2   8   1   1   0   7   4   0   1   1  0.37 0.28
   51 S    2 -1 -2 -3  2 -1  0 -1 -3 -1  2 -1  1 -3 -4  1  1 -4 -3  0   20   4   2   1   4   3   6   4   1   3  18   3   4   1   0  11   7   0   1   8  0.22 0.21
   52 F    1 -6 -5 -8  2 -7 -8 -4 -6  6  1 -7 -1 -1 -7 -3 -3 -7 -4  3   11   0   1   0   4   0   0   2   0  40  14   0   1   3   0   2   2   0   1  21  1.16 0.56
   53 I   -1  4  0  1 -2  1  2 -2  1 -1 -1  2 -2 -3 -5 -1 -1 -4 -2 -1    6  19   5   6   1   6  12   3   4   4   7  12   1   1   0   3   3   0   2   5  0.27 0.22
   54 Q    0  1  0  2 -4  2  4 -1  1 -4 -3  2 -2 -5 -4  0 -1 -7 -4 -4    8   8   4  12   0   9  24   4   3   1   2  10   1   1   0   7   4   0   0   1  0.46 0.33
   55 H    1 -3 -4 -3  1 -2 -2 -4 -1  1  4 -1  1 -1 -5 -2 -1 -3 -3  2   12   1   1   2   3   2   3   1   2   8  37   4   4   3   0   2   4   0   1  12  0.47 0.30
   56 I    0 -2 -5 -6  2 -2 -4 -5 -5  4  4 -3  3 -2 -5 -3 -2 -4 -4  2    9   3   0   0   4   2   1   1   0  20  32   1   7   2   0   2   3   0   0  11  0.69 0.37
   57 D    1  1  0  2 -3  2  3 -1 -1 -3 -3  2 -3 -4 -3  0 -1 -5 -3 -2   13   7   5  12   1   8  16   5   1   2   3  12   1   0   1   6   4   0   1   3  0.30 0.23
   58 K    0  1  0  1 -4  2  4 -2 -1 -3 -3  2 -3 -3 -4  0 -2 -2 -3 -3    9   8   4   8   0   9  26   3   2   2   3  12   1   1   0   6   3   1   1   2  0.44 0.31
   59 S    3 -1  1 -3 -1 -1 -1 -2  0 -2 -1  0  0 -2 -3  2 -1 -2 -1 -1   29   4   8   1   1   2   4   3   2   3   7   5   2   1   1  15   4   1   3   5  0.28 0.24
   60 D   -1  0  2  0 -1  0  0  5 -1 -4 -3  1 -3 -4 -2  0 -2 -3 -3 -3    4   5   8   5   1   4   6  36   1   1   3   9   1   1   2   6   2   0   1   2  0.49 0.30
   61 N    0 -1 -1 -2 -2 -1 -1 -1 -1  2  2 -1  0 -1 -1 -1 -1 -3 -1  2    6   3   3   2   1   2   3   6   2  14  22   5   2   2   3   4   4   0   2  13  0.14 0.12
   62 T    0  0  0  1 -3  0  1  0 -2 -3 -3  2 -2 -4  1  2  2 -5 -3 -2    7   6   5   9   0   4   7   8   1   2   2  10   1   0   7  16  11   0   1   2  0.23 0.19
   63 F    0  1 -1  0 -2 -1  0  0  0  0  0  1  1  0  1  0 -1  1 -1 -1    8   8   2   4   0   2   6   9   2   6   9  10   4   4   9   5   3   2   2   4  0.05 0.06
   64 S    0  0 -1  2 -3  0  3  0  0 -2 -2  1 -2 -2 -1  1  0 -1 -1 -2    8   4   3  13   0   3  17   8   3   3   3   8   1   2   2  12   5   1   2   2  0.19 0.17
   65 D   -1  2  0  4 -4  2  3 -2 -1 -2 -4  1 -2 -4  0  0 -2 -5 -4 -3    5   9   4  22   0   9  16   4   2   2   1   9   1   1   5   6   2   0   0   2  0.45 0.29
   66 V   -3 -7 -6 -7  0 -6 -6 -4 -7  6  2 -6 -1 -1 -2 -5 -4 -6 -5  4    2   0   0   0   2   0   0   2   0  39  17   0   1   2   2   1   1   0   0  29  1.24 0.56
   67 L    1  0 -2 -1  0  0  1 -1 -1  0  1  1  0 -3 -2  0 -1 -3 -2  0   15   6   1   2   2   4  10   5   2   6  13  10   2   1   2   7   3   0   1   8  0.08 0.11
   68 G    3 -2 -5 -6 -2 -4 -5  6 -2 -5 -6 -4 -4 -5 -5  1 -4  0 -2 -5   24   2   0   0   1   1   1  53   1   1   1   1   1   1   1   8   1   1   1   1  1.30 0.65
   69 I   -1 -8 -8 -8 -2 -7 -8 -5 -8  7 -1 -7  1 -3 -7 -7 -4 -4 -5  5    5   0   0   0   1   0   0   1   0  49   6   0   3   1   0   0   1   0   0  32  1.65 0.71
   70 G   -3 -8 -6 -7 -2 -7 -8  8 -8 -8 -8 -7 -8 -8 -6 -4 -6 -8 -8 -5    3   0   0   0   1   0   0  91   0   0   0   0   0   0   0   2   0   0   0   1  2.68 1.08
   71 I   -2 -7 -7 -8 -2 -7 -7 -6 -7  6  1 -7  3 -1 -6 -6 -5 -7 -6  4    3   0   0   0   1   0   0   1   0  43  13   0   7   3   0   0   1   0   0  28  1.44 0.63
   72 G    1 -7 -3 -6 -1 -7 -7  7 -7 -7 -8 -7 -7 -8 -7 -2 -5 -7 -8 -4   13   0   1   0   2   0   0  77   0   0   0   0   0   0   0   4   1   0   0   1  2.10 0.89
   73 V    3 -6 -5 -6  4 -5 -6 -5 -6  2 -1 -5  0 -1 -6  2  1 -3 -4  4   20   0   0   0   8   0   0   1   0  12   5   0   2   3   0  13   7   0   0  27  0.74 0.43
   74 P    2 -7 -6 -6 -4 -7 -7 -3 -2 -6 -8 -7 -7 -8  8 -4 -3 -8 -8 -7   17   0   0   0   0   0   0   2   1   1   0   0   0   0  73   1   2   0   0   0  2.46 1.08
   75 G   -2 -7 -2 -7 -3 -7 -7  8 -7 -8 -8 -7 -8 -8 -6 -3 -5 -8 -8 -8    3   0   2   0   1   0   0  88   0   0   0   0   0   0   0   2   1   0   0   0  2.55 1.03
   76 P   -1 -4 -4 -4 -2  0 -4 -3 -2  0  1 -4  0  1  5 -1  1 -1 -2  1    6   1   1   1   1   5   0   2   1   6  14   0   2   6  28   5   9   1   2   8  0.52 0.35
   77 V   -2 -6 -7 -7 -1 -5 -7 -6 -3  4  2 -6  1 -2 -4 -5 -2 -6 -3  5    4   0   0   0   1   0   0   0   1  24  19   0   3   1   1   1   2   0   1  40  1.14 0.54
   78 N   -5 -2  4  7 -6 -4 -1 -6  0 -5 -5 -4 -3 -5 -6 -1 -4 -8 -5 -5    1   2  18  58   0   1   4   0   3   1   1   1   1   1   0   5   1   0   1   1  1.68 0.78
   79 F    0  1 -1 -2 -3  0 -2 -2  2  0 -1 -1 -1  1  3  1  0  0  1  0    8   8   3   2   1   3   2   3   5   5   5   3   2   7  17  10   5   1   5   6  0.19 0.17
   80 E    0  1 -1  2 -5  1  3 -3  1 -3 -4  3 -5 -3 -1  0 -2 -1 -1 -2    8   7   3  11   0   5  21   2   3   2   1  18   0   1   3   6   2   1   2   3  0.42 0.31
   81 T   -1  3  2 -1 -4  0  1 -2 -1 -5 -3  3 -4 -5 -5  1  4 -6 -4 -5    6  13  10   4   0   4   8   3   1   0   2  15   0   0   0   8  22   0   0   0  0.54 0.38
   82 G   -4 -4 -3 -5 -5 -3 -5  8 -6 -7 -7 -4 -8 -9 -8 -3 -5 -4 -9 -9    1   1   2   1   0   1   1  87   0   0   1   1   0   0   0   3   1   0   0   0  2.42 1.03
   83 E   -3  0 -2 -5 -2 -3 -1 -6 -2  4  0 -1  1 -1 -6 -2  2 -3 -2  4    2   6   2   0   1   1   4   0   1  22   7   5   4   3   0   3  13   0   2  26  0.54 0.35
   84 V   -3 -8 -7 -8  1 -8 -8 -8 -8  5  1 -7 -1 -4 -5 -2 -4 -5 -5  6    2   0   0   0   3   0   0   0   0  26  10   0   1   1   1   3   1   0   0  51  1.52 0.71
   85 N   -2  1 -2 -3 -3 -1  0 -4  2  3  2 -1  0  0 -4 -2 -1 -2  1  1    2   9   2   1   0   2   8   1   5  19  17   3   2   3   0   3   4   1   6  11  0.26 0.21
   86 G   -1  0  1 -1 -2 -1  0  0  2 -2 -1 -1 -1  4 -5  0 -1 -1  4 -2    4   5   7   3   1   3   7   6   4   2   5   5   1  20   0   7   4   1  12   3  0.32 0.24
   87 A    5 -7 -3 -5  4 -6 -6 -3 -7 -5 -3 -6 -3 -4  3  4  0 -2 -4 -3   37   0   1   0   8   0   0   1   0   0   3   0   1   1  13  25   6   1   1   1  1.05 0.64
   88 V   -1 -6  1 -6 -4 -5 -4 -3 -1 -3 -6 -6 -5 -3  7 -1  0 -6 -3  1    5   0   7   0   1   0   1   3   1   2   1   0   0   1  56   4   5   0   1  11  1.50 0.79
   89 N   -5 -5  9 -3 -6 -5 -5 -7  2 -4 -9 -5 -6 -9 -9 -5 -5 -10 -3 -9    1   0  87   1   0   0   0   0   4   1   0   1   0   0   0   1   1   0   1   0  2.98 1.23
   90 L   -6 -8 -9 -9 -5 -8 -8 -9 -8  3  6 -8  3  3 -8 -6 -5 -3 -4 -1    0   0   0   0   0   0   0   0   0  14  65   0   5  10   0   0   0   0   1   3  1.65 0.74
   91 Y   -1 -2  2 -2 -5 -2 -3  4 -1 -6 -6  0 -3 -4  6 -2 -4 -8 -3 -4    5   3   9   2   0   2   2  24   2   0   0   6   1   1  38   3   1   0   1   1  1.06 0.58
   92 W   -2 -6 -2 -2 -3 -4 -3  4 -1 -5 -2 -4 -2  1 -6 -5 -3 11 -2 -5    4   1   3   3   1   1   2  25   2   1   4   1   1   6   0   1   2  41   1   1  1.86 0.81
   93 K   -3  2 -4 -3 -3 -2  0 -4  2 -2 -1  2 -2 -1 -4 -2 -3 10  1 -3    2  11   1   2   1   1   6   1   5   2   7  10   1   2   1   3   2  34   4   2  1.26 0.56
   94 G   -1  1  2  2 -2  0  1  1  2 -2 -3  1 -2 -3 -2  0  0 -2 -1 -1    5   8  11  12   1   4  11  10   4   3   2   9   1   1   2   4   5   1   2   4  0.18 0.13
   95 T   -3 -2  6  4 -3 -2  0  2  0 -3 -5 -1 -2 -3 -4 -2 -1 -2 -2 -2    2   2  33  18   1   2   5  14   2   2   1   3   1   1   1   2   4   1   1   4  0.75 0.41
   96 V   -2 -5 -2 -4 -2 -2 -3 -6 -4  2  0 -5  1  3 -3 -4  0 -2  2  5    4   0   2   1   1   2   1   0   0  10   8   1   3  11   2   1   5   0   8  40  0.76 0.41
   97 N   -2 -1  2  1 -6 -2 -2 -6  0 -4 -5 -3 -5 -2  7 -2 -6 -5 -5 -5    4   3   9   8   0   2   3   0   2   1   1   2   0   2  58   3   0   0   0   1  1.59 0.79
   98 V   -4 -7 -8 -8 -6 -5 -8 -7 -8  4  5 -5  1  0 -6 -5 -6 -7 -6  3    2   0   0   0   0   1   0   0   0  22  51   1   2   4   0   1   0   0   0  17  1.36 0.63
   99 R    2  4 -4 -5  0 -1 -2  1 -3 -2 -3  4 -3 -5 -3 -1 -1 -6 -4  1   15  22   0   0   2   2   3  10   0   2   2  22   1   0   1   4   4   0   0   9  0.54 0.37
  100 D    1  0 -1  3 -6  2  4 -2 -2 -5 -5  2 -4 -6 -1  0 -1 -7 -4 -6   10   6   2  17   0   9  22   3   1   1   1  14   0   0   4   7   3   0   0   0  0.57 0.39
  101 I    0  1 -2 -1 -3 -1  2 -3 -1  2  2  0  2 -1 -1 -3 -2  1  1 -1    7   9   1   3   0   2  14   2   1  13  18   4   6   3   4   1   2   2   4   4  0.18 0.18
  102 F   -3 -5 -8 -6 -6 -6 -7 -8 -7  3  5 -5  3  3 -8 -5 -5 -2 -4  1    2   0   0   0   0   0   0   0   0  16  52   1   6  12   0   1   0   1   0   8  1.26 0.59
  103 K    1  2 -1 -4 -3  3  4 -1  0 -5 -6  2 -3 -5 -5  1 -1 -4 -3 -5   10  10   2   0   1  13  29   4   2   1   0  11   1   0   0  12   3   0   1   1  0.66 0.45
  104 Q    0  2  0  1 -4  2  4 -2 -1 -7 -5  3 -4 -7 -3  0 -2 -7 -6 -5    8   9   4   9   0   7  26   3   1   0   1  20   0   0   1   6   3   0   0   1  0.64 0.42
  105 F    1  4 -3 -3 -3  0  2 -4  1 -1  0  2 -1 -1 -4 -2 -2 -2  2 -2   13  24   1   1   0   3  13   1   4   3   8  11   2   3   0   2   2   1   7   2  0.40 0.30
  106 V   -4 -6 -6 -5  0 -7 -7 -6 -5  1  4 -7 -2  6 -2 -4  2  0  1  0    1   0   0   1   2   0   0   1   0   6  33   0   1  29   2   2  12   1   4   5  1.01 0.53
  107 D   -2 -1  2  2 -4  0 -1  5  2 -8 -7  0 -4 -6  0  0 -5 -7 -6 -7    3   3  10  11   0   5   3  41   5   0   0   7   0   0   5   6   0   0   0   0  0.85 0.48
  108 C   -2 -1 -5 -6  2 -4 -4 -5 -4  3  3  0  1  0 -5 -4 -1 -1 -1  3    3   3   0   0   4   0   1   1   0  18  31   7   4   3   0   1   4   1   2  16  0.60 0.34
  109 P   -3 -1 -4 -1 -6 -4 -2 -7 -2 -6 -7  1 -8 -7  8 -3 -2 -10 -6 -5    2   4   1   4   0   1   3   0   1   0   0   8   0   0  68   3   3   0   0   1  2.03 0.95
  110 V    0 -8 -8 -8  0 -7 -8 -8 -8  2 -2 -7 -2 -2 -8 -4  2 -4 -5  7    7   0   0   0   2   0   0   0   0  10   3   0   1   2   0   1  11   0   0  62  1.57 0.74
  111 Y   -1  0 -3 -5 -1 -3 -3 -5  1  1 -1  0 -2  5 -5 -3 -1  2  5  2    6   6   1   0   1   1   2   1   4   7   5   5   1  20   0   2   4   2  17  12  0.53 0.33
  112 V   -2 -7 -8 -8 -3 -7 -8 -8 -8  5  3 -7  2 -1 -7 -5 -4 -7 -3  5    4   0   0   0   1   0   0   0   0  26  29   0   4   3   0   1   1   0   1  32  1.25 0.59
  113 D   -1 -4 -2  5 -5 -3  5  0 -1 -2 -3 -5 -5 -8 -6 -2 -1 -8 -6 -4    6   1   2  34   0   1  33   8   1   3   3   0   0   0   0   2   4   0   0   2  1.08 0.60
  114 N   -9 -7  9 -3 -10 -5 -7 -5 -2 -10 -11 -4 -5 -10 -9 -6 -5 -11 -6 -10    0   0  94   1   0   0   0   1   1   0   0   1   0   0   0   0   0   0   0   0  3.41 1.36
  115 D   -9 -9 -4  9 -11 -7 -4 -6 -8 -10 -11 -8 -10 -11 -8 -4 -8 -11 -10 -7    0   0   1  96   0   0   1   1   0   0   0   0   0   0   0   1   0   0   0   0  3.35 1.33
  116 A    7 -8 -5 -8 -1 -7 -7 -2 -8 -6 -6 -7 -4 -8 -7 -4 -2 -9 -8  3   75   0   1   0   1   0   0   3   0   0   1   0   0   0   0   1   2   0   0  17  1.93 0.92
  117 N   -6  2  8 -1 -9 -3 -5 -6 -2 -7 -8 -3 -8 -9 -8 -2  0 -10 -8 -7    0  10  73   3   0   1   0   0   1   0   0   2   0   0   0   3   6   0   0   0  2.34 1.03
  118 V    5 -7 -5 -7  5 -6 -6 -5 -7 -1  0 -6  1 -5 -7 -2 -1 -7 -7  3   45   0   0   0  11   0   0   1   0   3  10   0   3   0   0   2   4   0   0  21  1.14 0.62
  119 A    7 -7 -4 -8 -1 -6 -7 -1 -4 -2 -4 -7  3 -1 -5 -3 -4 -5 -3 -3   74   0   1   0   1   0   0   4   0   2   2   0   7   3   0   1   1   0   1   2  1.72 0.85
  120 A    7 -7 -7 -8  0 -7 -7 -2 -8 -4 -3 -7 -2 -8 -7 -3  1 -8 -8 -1   75   0   0   0   2   0   0   4   0   1   3   0   1   0   0   1   9   0   0   4  1.82 0.89
  121 L   -3 -6 -8 -9 -3 -4 -7 -8 -7  1  5 -6  1  0 -8 -6 -6  6  3  0    2   0   0   0   1   1   0   0   0   6  56   0   3   4   0   1   0  10  10   6  1.39 0.66
  122 G    3 -8 -7 -8 -4 -8 -8  7 -8 -9 -9 -8 -9 -9 -8 -5 -5 -9 -6 -7   19   0   0   0   1   0   0  78   0   0   0   0   0   0   0   0   1   0   0   0  2.37 1.01
  123 E   -5 -7 -7 -4 -11 -5  8 -9 -7 -6 -10 -6 -9 -10 -8 -6 -5 -10 -9 -6    1   0   0   0   0   0  96   0   0   1   0   0   0   0   0   0   1   0   0   1  3.10 1.32
  124 K    1 -2 -3 -6 -2 -1 -5 -3  4 -4 -1  1  3  2 -6 -2 -3  6  5 -2   11   2   1   0   1   3   0   2   9   1   6  10   7   8   0   3   2   9  22   3  0.75 0.45
  125 H   -2  3 -5 -6  0 -2 -3 -6  1  0  0  1  1 -1 -6 -4 -1  9  1  0    4  15   0   0   2   2   2   0   4   5   9   7   3   2   0   1   4  30   4   6  1.13 0.57
  126 K    1 -1 -5 -6  1  0 -5 -4  0 -1  0 -1  0  6 -6 -3 -3  0  4  0   12   3   0   0   3   5   0   1   3   3   9   4   2  31   0   2   1   1  13   6  0.73 0.42
  127 G   -5 -6 -5 -3 -8 -6 -4  8 -8 -9 -7 -6 -8 -9 -8 -5 -6 -8 -9 -9    0   0   1   1   0   0   2  92   0   0   1   1   0   0   0   1   0   0   0   0  2.73 1.10
  128 A    6 -4 -2 -6 -2 -3 -4  0 -4 -2 -4 -2 -4 -5 -4  1 -3 -7 -3  0   63   1   2   0   1   1   1   6   0   2   2   2   0   0   1   9   2   0   1   5  1.20 0.66
  129 G    4 -5 -4 -4 -3 -6 -5  6 -3 -5 -4 -2 -1 -7 -6 -4 -5 -4 -6 -5   26   0   1   1   1   0   1  60   1   1   2   2   1   0   0   1   1   0   0   1  1.58 0.75
  130 N   -2  6 -1 -3 -6  2 -2 -4 -3 -3 -6  5 -3 -6 -6 -2 -4 -8 -5 -3    4  33   2   1   0   9   2   1   1   2   0  36   1   0   0   3   1   0   0   2  1.23 0.64
  131 G   -3 -3  1  1 -2 -2  0  6 -1 -8 -7  0 -5 -8 -4 -2 -4 -3 -6 -5    2   2   7   8   1   2   6  59   1   0   0   6   0   0   1   3   1   0   0   1  1.29 0.64
  132 A    2 -2 -3 -4  3 -3 -2 -4  1  0 -1 -1  1  1 -4  0  0 -2  4  2   17   2   1   0   7   1   2   0   4   5   5   5   3   5   1   8   5   0  14  15  0.33 0.26
  133 D   -2  4  1  3 -3  1  1 -2  0 -6 -6  3 -5 -7 -2  1 -1 -5 -5 -6    3  18   7  15   1   6   9   3   2   0   0  19   0   0   2  10   3   0   0   0  0.61 0.39
  134 D   -5 -4  6  4 -4 -3 -3 -6  5 -6 -7 -6 -5 -5 -5  2 -1 -4 -2 -3    0   1  36  23   0   1   1   0  11   0   0   0   0   0   1  17   4   0   1   2  1.32 0.69
  135 V    0 -7 -7 -7 -3 -5 -6 -4 -6  1  3 -6  6  5 -6 -2 -4 -2 -2  2    8   0   0   0   1   0   0   2   0   7  23   0  18  21   0   4   1   0   1  15  0.96 0.50
  136 V   -1 -8 -8 -8  0 -7 -8 -7 -8  5  2 -7  0  0 -8 -6 -5 -7 -5  5    4   0   0   0   2   0   0   0   0  31  16   0   2   3   0   0   0   0   0  41  1.41 0.64
  137 A   -2 -7 -7 -8  6 -6 -7 -1 -3 -3  1 -7  6  3 -8 -5 -2 -1  5  0    4   0   0   0  16   0   0   6   0   1  14   0  18  12   0   0   2   1  19   5  1.18 0.58
  138 I   -4 -8 -8 -8 -6 -7 -8 -9 -8  5  4 -7  2  1 -8 -7 -5 -3 -1  4    1   0   0   0   0   0   0   0   0  30  31   0   4   6   0   0   0   0   2  25  1.33 0.60
  139 T   -1 -7 -1 -7 -5 -7 -7 -6 -8 -5 -6 -4 -5  0 -6 -4  8 -4 -5 -6    6   0   3   0   0   0   0   0   0   1   0   1   0   4   0   0  82   0   0   0  2.39 1.08
  140 L   -5 -8 -9 -9 -4 -8 -8 -9 -8  4  5 -8 -1 -3 -5 -8 -6 -4 -7  3    1   0   0   0   0   0   0   0   0  19  57   0   1   1   1   0   0   0   0  21  1.62 0.72
  141 G   -5 -8 -7 -6 -9 -8 -8  7 -8 -10 -10 -8 -9 -9 -8  2 -7 -9 -9 -9    0   0   0   0   0   0   0  83   0   0   0   0   0   0   0  16   0   0   0   0  2.55 1.06
  142 T   -7 -7 -6 -8 -8 -8 -6 -9 -6 -8 -8 -7 -6 -9 -7 -3  8 -6 -4 -4    0   0   0   0   0   0   0   0   0   0   0   0   0   0   0   2  95   0   1   1  3.05 1.29
  143 G   -7 -7 -7 -8 -10 -9 -9  8 -9 -11 -11 -8 -10 -10 -9 -5 -8 -10 -10 -10    0   0   0   0   0   0   0  99   0   0   0   0   0   0   0   1   0   0   0   0  3.19 1.24
  144 L   -7 -9 -9 -9 -4 -8 -9 -10 -9  7  0 -8 -5 -5 -9 -7 -6 -9 -7  6    0   0   0   0   0   0   0   0   0  46   7   0   0   0   0   0   0   0   0  45  2.10 0.86
  145 G   -5 -9 -7 -8 -9 -9 -9  8 -9 -11 -11 -8 -10 -10 -9 -7 -7 -9 -10 -10    1   0   0   0   0   0   0  99   0   0   0   0   0   0   0   0   0   0   0   0  3.16 1.23
  146 G    1 -8 -5 -7  2 -7 -8  7 -8 -7 -7 -7 -5 -6 -8  2 -4 -9 -9 -7   10   0   0   0   4   0   0  69   0   0   0   0   0   0   0  14   1   0   0   0  1.92 0.86
  147 G    1 -9 -7 -8 -3 -8 -8  8 -9 -10 -10 -8 -9 -10 -9 -4 -8 -9 -10 -9   11   0   0   0   1   0   0  87   0   0   0   0   0   0   0   1   0   0   0   0  2.64 1.07
  148 I   -3 -7 -9 -9 -5 -7 -8 -9 -5  7  2 -8  0 -1 -8 -7 -5 -6 -4  3    2   0   0   0   0   0   0   0   0  55  17   0   2   3   0   0   0   0   0  19  1.71 0.72
  149 I   -6 -9 -9 -9 -7 -8 -9 -9 -9  7 -2 -8 -1 -1 -9 -8 -6 -4 -2  5    0   0   0   0   0   0   0   0   0  56   3   0   1   2   0   0   0   0   2  33  2.06 0.85
  150 S   -1 -5 -5 -6  1 -4 -5 -7 -4  6  3 -5  0 -2 -7 -1 -2 -4 -2  2    4   1   1   0   3   1   1   0   0  38  25   0   2   2   0   5   3   0   2  13  0.94 0.47
  151 N   -5 -3  6  6 -7 -3  0  1  0 -9 -9 -4 -8 -8 -7 -3 -6 -9 -8 -9    1   2  35  41   0   1   5  10   2   0   0   1   0   0   0   2   0   0   0   0  1.69 0.79
  152 G   -6 -2  1 -1 -9 -4 -6  7 -2 -10 -10 -3 -9 -9 -8 -3 -7 -9 -9 -9    0   3   6   4   0   1   0  81   1   0   0   2   0   0   0   2   0   0   0   0  2.24 0.95
  153 E   -3  4 -1 -3 -6  3  2 -5  1 -7 -6  5 -3 -8 -6 -3 -4 -8 -6 -5    2  22   3   1   0  13  12   1   3   0   1  37   1   0   0   2   1   0   0   1  1.19 0.63
  154 I   -6 -7 -9 -9 -7 -8 -8 -8 -8  5  5 -7  1 -4 -2 -7 -6 -7 -7  2    0   0   0   0   0   0   0   0   0  29  51   0   3   0   3   0   0   0   0  12  1.54 0.69
  155 V   -6 -4 -6 -5 -4 -3 -6 -8  1  1  2 -6 -1  3 -8 -6 -6  5  7  2    0   1   0   1   0   1   0   0   3   8  19   0   2  12   0   0   0   7  33  12  1.30 0.61
  156 H   -2  5 -1 -2 -5 -1  0 -4  5 -4 -2 -2 -4 -5 -5  0  1 -5  1 -3    3  35   3   2   0   3   7   1  15   1   5   2   0   0   1   8   8   0   4   2  0.81 0.47
  157 G   -6 -7 -7 -8 -9 -8 -9  8 -9 -10 -10 -7 -9 -10 -7 -7 -8 -9 -9 -10    0   0   0   0   0   0   0  98   0   0   0   0   0   0   0   0   0   0   0   0  3.13 1.21
  158 H    3  0 -1 -3  0 -2 -1 -2  2 -2 -3  0 -1  1 -1  2 -1 -2  0  0   27   5   3   1   2   1   4   3   6   3   1   5   2   6   2  16   4   0   2   6  0.28 0.25
  159 N   -2  1  4  1 -2 -1 -2 -1  5 -4 -4 -2 -4  0 -5  2  2  1 -2 -4    3   7  18   9   1   2   2   5  13   1   2   2   0   4   0  15  11   2   1   1  0.51 0.34
  160 G   -4 -6  1 -1 -4 -4 -3  7 -1 -7 -5 -5 -4  0 -5 -1 -5 -2  0 -7    1   0   6   4   1   1   2  65   2   0   1   1   1   4   0   6   1   1   4   0  1.48 0.69
  161 S    2 -3  1 -4  1 -4 -4  0 -1  0  0 -3  3  2 -4  1  1 -1  0  0   18   1   6   0   3   0   0   8   2   5   9   1   7   8   0  13   9   1   4   5  0.25 0.23
  162 G    7 -7 -7 -7 -5 -7 -6  4 -5 -7 -7 -7 -6 -6 -5 -2 -4 -8 -8 -5   70   0   0   0   0   0   0  24   0   0   0   0   0   0   0   2   1   0   0   1  1.94 0.89
  163 A    2 -8 -6 -7 -4 -7 -8  7 -8 -7 -6 -7 -3 -6 -4 -2 -3 -8 -8 -6   18   0   0   0   0   0   0  72   0   0   1   0   1   0   1   3   2   0   0   1  1.97 0.86
  164 E   -6 -7 -7 -2 -10 -5  8 -8 -3 -8 -9 -6 -9 -10 -8 -7 -8 -10 -9 -8    1   0   0   2   0   0  96   0   1   0   0   0   0   0   0   0   0   0   0   0  3.07 1.29
  165 I   -3 -8 -8 -8 -2 -7 -8 -5 -8  6  3 -7 -1  3 -4 -6 -5 -2 -4  2    2   0   0   0   1   0   0   1   0  41  26   0   1  11   1   0   0   1   0  14  1.33 0.59
  166 G   -7 -9 -7 -8 -5 -9 -9  8 -9 -10 -10 -8 -9 -10 -9 -7 -8 -9 -10 -10    0   0   0   0   0   0   0  99   0   0   0   0   0   0   0   0   0   0   0   0  3.19 1.23
  167 H   -9 -8 -5 -7 -11 -6 -8 -10 12 -11 -11 -8 -9 -9 -10 -9 -9 -4 -3 -11    0   0   0   0   0   0   0   0  98   0   0   0   0   0   0   0   0   0   1   0  4.70 1.63
  168 F   -4 -7 -6 -7 -5 -2 -7 -7 -4  5  0 -7  8 -1 -8 -4  2 -7 -5  1    2   0   0   0   0   2   0   0   0  25   7   0  37   2   0   1  14   0   0   8  1.56 0.72
  169 R   -4 -2 -2 -6  2 -3 -5 -4 -2  3 -2 -2 -1 -4  1  0  4 -7 -5  4    1   2   2   0   3   1   0   1   1  17   3   3   1   0   7   7  26   0   0  24  0.72 0.44
  170 V   -4 -8 -8 -9 -5 -8 -8 -9 -8  6  1 -8  1 -3 -7 -5 -5 -8 -5  5    1   0   0   0   0   0   0   0   0  42  13   0   4   1   0   1   0   0   0  38  1.68 0.72
  171 D   -2 -1  2  5 -3  0  3 -3 -2 -1 -2  0 -2 -3 -5 -1 -3 -3 -1  1    3   4   8  28   1   4  16   2   1   3   4   5   1   1   0   3   1   0   3  12  0.48 0.32
  172 H   -1  0 -4 -2 -2 -2  0 -3  1 -2 -1  0  1  1  6 -2 -3  0  1 -2    6   6   1   2   1   2   5   2   3   3   5   5   4   5  38   2   2   1   5   3  0.70 0.42
  173 D   -3 -1  4  5 -6 -1  2  0  2 -6 -6 -1 -4 -3 -3 -1 -3 -7 -3 -5    2   3  21  31   0   3  13   8   5   0   1   3   1   1   1   5   1   0   1   1  0.85 0.46
  174 Q   -5 -4 -2 -2 -8 -4 -1  7 -2 -7 -6 -5 -8 -6 -6 -3 -5 -3 -3 -8    0   1   2   3   0   1   4  81   1   0   1   0   0   0   0   2   1   0   1   0  2.10 0.89
  175 R   -2  3 -2 -2 -5 -3 -1  2 -2 -3 -3 -1 -3 -2  6 -2 -2 -3 -3 -4    3  18   2   3   0   1   4  15   1   1   3   3   1   2  34   3   3   0   1   1  0.82 0.41
  176 F    0  0 -2 -2 -2 -1  1 -2 -1  1  2 -1  0  0  0 -2 -1  0  1  1    9   6   2   2   1   3  10   3   2   7  24   3   1   4   5   2   2   1   6   9  0.11 0.09
  177 K   -2  3 -1 -1  0  2  0 -3  0 -2 -1  2 -2 -3  4 -1 -1 -3 -2 -2    3  16   2   3   2   8   6   2   2   2   5  12   1   1  19   5   4   0   1   4  0.37 0.21
  178 C   -5 -10 -8 -7 12 -10 -8 -6 -6 -7 -7 -10 -9 -9 -6 -5 -8 -5 -9 -6    1   0   0   1  94   0   0   1   0   0   0   0   0   0   1   1   0   0   0   0  4.54 1.54
  179 N   -1  0  4 -2 -3 -3 -3  4 -1 -5 -5 -2 -3 -4  0  1  2 -3 -3 -4    6   4  21   2   1   1   2  28   1   1   1   3   1   1   4  10  13   0   1   1  0.63 0.40
  180 C   -7 -8 -9 -8 12 -9 -7 -6 -9 -8 -6 -9 -8 -7 -9 -7 -6 -9 -6 -8    0   0   0   0  95   0   0   1   0   0   1   0   0   0   0   0   0   0   0   0  4.61 1.55
  181 G   -6 -8 -5 -4 -9 -8 -7  8 -8 -7 -9 -5 -9 -9 -5 -5 -6 -9 -9 -9    0   0   0   1   0   0   0  94   0   0   0   1   0   0   1   1   1   0   0   0  2.85 1.12
  182 K   -2  4  6 -4 -4  2 -4  0 -1 -5 -3  2 -4 -7 -6  0 -4 -8 -6 -4    4  19  34   1   0   8   0   8   2   1   3  11   0   0   0   7   0   0   0   1  0.95 0.54
  183 S   -4  5  0 -3 -3 -1 -2 -5  3 -1 -4  2 -4 -1 -3 -2  0 -3  3 -2    1  34   5   1   1   3   2   1   6   5   2  12   0   2   1   3   6   0  11   3  0.73 0.43
  184 G   -6 -4 -4 -5 -4 -8 -9  8 -9 -10 -10 -8 -9 -10 -9 -7 -7 -9 -7 -10    0   1   1   1   0   0   0  96   0   0   0   0   0   0   0   0   0   0   0   0  2.99 1.17
  185 C   -7 -10 -7 -7 12 -7 -11 -9  0 -9 -9 -10 -9 -10 -10 -4 -4 -10 -7 -8    0   0   0   0  93   0   0   0   2   0   0   0   0   0   0   2   1   0   0   0  4.52 1.54
  186 I   -4 -8 -9 -9 -7 -8 -8 -9 -8  0  6 -8  0  2 -9 -8 -6  6 -3  0    1   0   0   0   0   0   0   0   0   5  66   0   2   9   0   0   0   8   1   7  1.70 0.75
  187 E   -8 -7 -7 -3 -11 -3  8 -5 -7 -10 -10 -5 -2 -10 -8 -6 -8 -10 -9 -9    0   0   0   1   0   1  95   1   0   0   0   1   1   0   0   0   0   0   0   0  3.05 1.28
  188 T    5  1 -4 -6 -2  2 -4 -4 -2 -4 -3 -2  1 -6 -4  0  3 -4 -5  0   39   6   1   0   1   9   1   1   1   0   2   2   3   0   1   7  20   0   0   6  0.77 0.50
  189 V   -6 -7 -6 -9 -5 -6 -4 -9 -2  1  2 -7  2  2 -9 -7 -5 -3  8  1    1   0   0   0   0   0   2   0   1   6  18   0   5   7   0   0   1   0  52   8  1.79 0.80
  190 A    6 -7 -7 -7  4 -7 -7 -3 -7 -2 -6 -7 -4 -7 -7  0 -2 -8 -7  2   64   0   0   0   8   0   0   2   0   2   0   0   0   0   0   7   2   0   0  13  1.59 0.78
  191 S   -1 -6 -6 -7 -2 -5 -7  1 -7 -9 -9 -5 -8 -9 -7  7 -5 -9 -8 -8    5   0   0   0   1   0   0  11   0   0   0   0   0   0   0  81   0   0   0   0  2.26 1.06
  192 A    5 -1 -2 -6 -5 -4 -5  5 -4 -4 -7 -3 -4 -5 -6 -2 -2 -5 -6 -2   44   4   2   0   0   1   0  37   0   1   0   1   0   0   0   3   2   0   0   3  1.28 0.65
  193 T   -2  0  0 -3 -6 -3 -4 -3 -4 -4 -4 -2 -3 -6  3  1  6  1 -4 -3    3   6   4   2   0   1   1   2   0   1   2   3   1   0  12  10  48   2   1   1  1.02 0.61
  194 G    6 -4 -2 -6 -6 -6 -7  4 -2 -7 -7 -6 -7 -4 -5 -1 -6 -2 -1 -6   58   1   2   0   0   0   0  28   1   0   0   0   0   1   0   5   0   1   2   0  1.53 0.76
  195 V   -4 -8 -8 -8 -4 -8 -8 -9 -8  7  3 -8  3 -3 -7 -6 -4 -4 -6  1    1   0   0   0   0   0   0   0   0  54  29   0   6   1   0   0   1   0   0   6  1.75 0.73
  196 V    4 -2 -5 -5 -2 -3 -1 -2 -5  3 -1 -2 -2 -4 -4 -2 -1 -7 -5  4   28   2   0   1   1   1   4   4   0  17   5   2   1   0   0   3   4   0   0  27  0.67 0.40
  197 N    0  7  1 -2 -6  0  0 -3 -1 -4 -4  3 -4 -6 -7 -2 -4 -3 -4 -5    8  50   5   3   0   3   5   2   1   1   2  13   0   0   0   3   1   0   1   1  1.17 0.60
  198 L   -1  4 -2  0 -4  2  1 -5 -1  0 -1 -1  4 -2 -5 -2  1 -1  1 -3    5  26   2   4   0   9   7   1   1   6   6   3   9   2   0   3   8   1   5   2  0.42 0.31
  199 V    6 -5 -6 -6 -2 -6 -6  0 -7 -1 -3 -5  1 -1 -6 -3  2 -7 -2  1   57   1   0   0   1   0   0   6   0   4   2   0   3   2   0   1  12   0   2   9  1.16 0.62
  200 N   -1  5  0 -4 -4  2  0 -3  0 -2 -1  4 -1 -3 -5 -2 -2 -2 -3 -2    5  31   4   0   0   7   6   2   2   3   5  20   2   1   0   2   3   1   1   3  0.65 0.39
  201 F    0  2 -1  0 -7  1  6 -4 -1 -4 -3  2 -1 -4 -5 -2 -3 -5 -4 -5    7  12   3   6   0   5  43   1   1   1   2  11   2   1   0   3   2   0   1   1  0.86 0.49
  202 Y    4  2 -4 -3 -2 -1 -1 -2 -2 -1  2  1  1 -1 -4 -2 -3 -2  0 -2   31  11   1   1   1   3   4   3   1   3  18   9   4   2   0   2   1   0   4   3  0.38 0.29
  203 Y    1 -3 -4 -5 -3 -4 -5 -4 -4  4  4 -4  4 -1 -6 -4 -3 -3 -2  2   11   1   1   0   1   1   1   2   0  19  34   1  10   2   0   1   1   0   1  11  0.75 0.39
  204 P    2  1  0  0 -2  1  2 -1 -1 -2 -1  2 -2 -2 -1  0 -1 -4 -3 -2   21   6   3   4   1   6  14   4   1   3   5  13   1   1   3   7   3   0   1   3  0.20 0.17
  205 K    1  3 -1  0 -4  2  3 -2 -1 -3 -3  3 -2 -4 -3  0 -1 -4 -3 -3   14  14   3   5   0   9  16   3   1   1   3  17   1   1   1   6   3   0   1   1  0.41 0.27
  206 L    0  0  1  0 -2 -1  0  3  2 -2 -1 -1 -1 -1 -2  1  0 -2  0 -2    8   6   6   6   1   3   6  22   6   2   6   4   1   3   1   9   5   1   4   2  0.16 0.12
  207 T   -1  1  1  0 -3 -1  0  3 -1 -3 -3  0 -3 -3  3  0  0 -2 -3 -2    5   7   8   6   0   2   6  20   1   1   3   7   1   1  15   6   6   1   1   4  0.29 0.20
  208 F    0  2 -1  1 -2  0  1  1  0 -2 -2  1 -1 -1  0  0  0 -2 -1 -1    9  11   3   7   1   3  11  12   3   2   3   8   1   3   5   5   5   0   2   5  0.11 0.09
  209 K    0  1  0  2 -3  0  1 -2 -1 -3 -3  2 -2 -4  2  2  0 -5 -3 -3    7   7   5  11   0   3   9   3   1   1   2  12   1   1  10  18   7   0   1   1  0.31 0.23
  210 S    0 -1 -2 -1 -2 -1 -1 -1 -4 -1 -2 -2 -1 -4 -1  5  2 -4 -3 -3    7   3   1   4   1   2   5   4   0   4   4   3   2   1   3  42  13   0   1   2  0.57 0.38
  211 S    0 -1 -2 -2 -3 -1 -1 -2 -3  1  2  0  2 -2 -1  2  1 -3 -2  0    7   4   1   2   0   3   3   3   1   7  24   7   5   1   3  16   7   0   1   7  0.19 0.17
  212 I    0 -2 -2 -3 -1 -2 -2 -2 -2  3  3 -2  3 -2 -3 -2 -2  0 -2  1    9   3   2   1   1   1   3   3   1  19  29   3   7   1   1   3   2   1   1   7  0.35 0.21
  213 L   -1  2 -1 -2 -3  0  0 -2  0 -1  2  0  1 -1 -2 -1  0  4  0 -1    5  12   3   2   0   4   6   3   2   3  26   5   3   2   2   4   5   6   3   3  0.18 0.16
  214 Q    1  2 -1  1 -2  2  3 -2  0 -2 -2  1 -2 -2 -2  0 -1  1 -1 -2   11  10   3   8   1   8  17   3   2   3   4  10   1   1   1   6   4   2   2   2  0.21 0.17
  215 L    0  0 -1 -1 -1 -1  0 -2 -1  1  3 -1  2  0 -3 -1 -2 -1  0  0    8   5   3   4   1   2   6   4   2   8  29   4   6   3   1   4   2   1   3   5  0.15 0.13
  216 I    2 -1 -1 -1  3 -1 -1  0 -2  1  0 -1  0 -1 -2 -1  0 -1  0  1   18   4   3   3   6   2   4   6   1   9   8   4   3   2   2   4   4   1   3  13  0.09 0.10
  217 K    0  1  1  2 -1  1  2  2  0 -4 -3  1 -3 -3  0  0 -1 -4 -3 -3    9   7   6  12   1   6  11  15   2   1   2  10   0   1   5   6   4   0   1   2  0.24 0.17
  218 D   -2 -2  1  2 -4 -2  1  4 -2 -2 -2  0 -3 -3  1 -1 -3 -5 -1 -3    3   2   7  13   0   2   9  33   1   2   5   5   1   1   7   4   1   0   2   1  0.49 0.29
  219 N   -2 -1  3  4 -6 -1  3  2 -1 -5 -5 -1 -4 -6 -4 -1 -2 -6 -5 -4    3   4  14  23   0   3  20  16   2   0   1   4   0   0   1   5   2   0   0   1  0.69 0.39
  220 K    0  2  2  2 -5  1  2 -2  0 -3 -3  3 -3 -4  0  0 -2 -5 -4 -3    7  11   9   9   0   5  14   4   2   1   2  19   1   0   5   6   2   0   0   2  0.36 0.25
  221 V   -4 -6 -7 -7 -6 -6 -6 -7 -6  6  3 -6  1 -1 -3 -6 -5 -4 -4  3    1   0   0   0   0   0   1   0   0  40  28   0   3   2   2   0   0   0   1  20  1.32 0.57
  222 S   -4 -2  2  2 -4 -3 -1 -4 -3 -6 -6 -2 -5 -7 -5  2  6 -7 -7 -6    1   3   8  11   0   1   3   1   1   0   0   3   0   0   0  14  51   0   0   0  1.28 0.68
  223 A    5 -6 -5 -6 -1 -5 -6  3 -6 -4 -5 -6 -3 -7  3  2  0 -7 -7 -2   42   0   0   0   1   0   0  18   0   1   1   0   1   0  15  12   5   0   0   3  1.04 0.59
  224 K    0  3 -5 -4 -7  1  3 -4 -1 -4 -3  5 -3 -6 -1 -3 -4 -4 -3 -4    7  14   0   0   0   5  20   1   2   1   3  38   1   0   3   1   1   0   1   1  0.95 0.54
  225 A   -1 -2 -1  3 -4 -1  1 -4  2  1  1 -2  3 -3 -4 -2  2 -3 -2  0    6   2   2  19   0   2   9   0   6   9  12   2   7   1   0   3  13   0   1   7  0.31 0.25
  226 V   -1 -8 -8 -8 -6 -8 -8 -8 -8  6  1 -8 -2 -4 -3 -5 -6 -8 -7  6    5   0   0   0   0   0   0   0   0  34  11   0   1   1   1   1   0   0   0  46  1.61 0.71
  227 F    2 -3 -4 -4 -1 -3 -3 -1  0 -1 -3 -4 -3  6 -6  0  0 -2  2 -1   17   1   1   1   2   1   2   5   2   3   2   1   1  36   0   8   5   0   7   4  0.81 0.45
  228 D    0  1 -2  4 -5  3  4 -4 -2 -2 -3  1 -2 -6 -5 -2 -2 -3 -5 -4    8   8   2  23   0  12  24   1   1   2   3   9   1   0   0   3   2   0   0   1  0.69 0.43
  229 A    6 -3 -6 -6  1 -3 -2 -2 -1 -6  1 -4 -1 -4 -6 -2 -4 -2 -3 -4   67   2   0   0   2   1   3   3   1   0  11   1   2   1   0   2   1   1   1   1  1.37 0.71
  230 A    7 -6 -7 -6 -2 -5 -5 -4 -5 -4 -3 -4  0 -3 -7 -2 -4 -1  1 -1   75   0   0   0   1   0   1   1   0   1   3   1   2   1   0   2   1   1   5   4  1.70 0.83
  231 K    0  4 -2  0 -5  2  1 -2  0 -3 -1  4 -2 -5 -5 -2 -3 -4 -3 -2    9  22   2   5   0   8  10   3   2   2   7  23   1   0   0   3   1   0   1   3  0.51 0.34
  232 A    3  1  1  0 -5  4  3 -3 -2 -5 -2  2  0 -6 -5 -1 -3 -7 -5 -4   20   7   5   5   0  16  17   2   1   0   4  14   2   0   0   5   1   0   0   1  0.55 0.39
  233 G   -5 -4  0 -3 -9 -5 -4  7 -4 -8 -9 -1 -9 -9 -8 -5 -7 -9 -7 -8    0   1   5   2   0   1   1  84   0   0   0   4   0   0   0   0   0   0   0   0  2.36 0.98
  234 D   -8 -8 -1  9 -2 -6 -2 -8 -2 -8 -10 -6 -10 -10 -8 -5 -8 -11 -7 -8    0   0   3  92   1   0   2   0   1   0   0   0   0   0   0   1   0   0   0   0  3.10 1.22
  235 Q    2  1 -3 -2 -5  0  3 -3 -2 -3 -2  2 -3 -4  4  0 -2 -4 -5 -2   14   7   1   2   0   4  19   2   1   2   4  13   0   1  20   6   2   0   0   3  0.50 0.36
  236 F    1 -3 -5 -3 -3 -3 -2 -5 -3  1  4 -3  1  1 -5 -3  0 -2  0  3   11   1   0   2   1   1   3   1   1   7  35   1   2   7   0   2   6   0   3  17  0.50 0.31
  237 C    7 -7 -7 -8  3 -7 -7 -2 -8 -5 -7 -7 -2 -8 -6  1 -4 -8 -6 -2   75   0   0   0   6   0   0   3   0   1   0   0   1   0   0  10   1   0   0   3  1.90 0.89
  238 I   -1  2 -1 -3 -1  2 -2 -4 -1  2  2  2  1 -3 -4 -1  0 -4 -4  0    4  12   3   1   1  10   2   1   1  10  24  11   3   1   0   4   5   0   0   6  0.29 0.24
  239 F    1  2 -1  0 -5  2  5 -2  0 -4 -4  2 -2 -5 -5 -1 -2 -4 -3 -4   10  10   3   5   0   9  32   3   2   1   1  12   1   0   0   5   3   0   1   1  0.60 0.40
  240 I    1 -7 -7 -8 -2 -6 -6 -7 -8  5  1 -7 -1 -4 -7 -5 -2 -7 -3  5   10   0   0   0   1   0   0   0   0  33  14   0   2   1   0   0   2   0   1  35  1.25 0.58
  241 T   -5 -6 -7 -8 -5 -7 -8 -7 -7  4  2 -7  3  4 -8 -6 -4  5  1  4    1   0   0   0   0   0   0   0   0  19  19   0   6  16   0   0   1   8   4  26  1.15 0.54
  242 E    1  2  1  4 -7  1  4 -3  0 -5 -5  1 -2 -6 -5 -2 -2 -6 -4 -5   10   9   7  22   0   6  26   2   2   1   1   6   1   0   0   3   3   0   1   0  0.71 0.43
  243 R   -3  3  0  2 -5  2  5 -4  0 -3 -4  1 -4 -3 -5 -2 -1 -4 -1 -4    2  16   4  11   0   8  34   1   2   2   2   7   0   1   0   2   4   0   2   2  0.74 0.45
  244 V    4 -5 -5 -6 -1 -4 -4 -5 -4  0 -2 -5  2  1 -6 -2  4 -2  3  2   29   0   0   0   1   1   1   0   0   4   3   0   5   5   0   3  21   0  11  14  0.75 0.47
  245 A    3 -5 -4 -6  2 -4 -5  5 -6  1 -3 -4  0 -2 -6 -1  0 -7 -5  0   24   0   1   0   3   1   0  39   0   8   3   1   2   2   0   4   5   0   0   6  0.86 0.48
  246 N   -2  4 -1  1 -4  0  2 -2  2 -4 -3  2 -1  1 -5 -1  0  0  2 -3    3  20   2   9   0   3  15   3   4   1   2  11   1   5   0   3   7   1   8   2  0.40 0.29
  247 Y    0 -2 -1 -2 -1 -6 -6 -6  1 -1 -2 -3 -1  0 -7 -5 -4  5  8 -3    8   3   3   2   1   0   0   1   3   4   5   2   2   4   0   1   1   6  53   2  1.58 0.74
  248 I   -6 -8 -9 -9 -7 -8 -9 -10 -7  2  6 -8  0 -2 -9 -7 -4 -8 -6 -1    1   0   0   0   0   0   0   0   0  11  79   0   2   1   0   0   1   0   0   5  1.99 0.84
  249 A    3 -6 -7 -7 -5 -6 -8  7 -8 -7 -9 -6 -8 -9 -8 -1 -6 -9 -9 -7   21   0   0   0   0   0   0  73   0   0   0   0   0   0   0   4   0   0   0   0  2.15 0.93
  250 Y    0  0 -3 -4  0 -1 -1 -4 -2  5  1 -2  1  0 -5 -3 -1  0  0  2    7   6   1   1   2   3   5   1   1  30  12   3   3   3   0   2   4   1   3  14  0.42 0.27
  251 L    4 -8 -6 -7 -5 -6 -7  6 -6 -5 -5 -4 -2 -5 -7 -2 -4 -4 -8 -2   33   0   0   0   0   0   0  55   0   1   1   1   1   1   0   3   1   0   0   3  1.63 0.77
  252 C   -2 -7 -8 -8  3 -7 -8 -8 -8  5  4 -7  2  0 -8 -6 -3 -7 -6  2    3   0   0   0   6   0   0   0   0  31  37   0   5   3   0   0   2   0   0  12  1.26 0.57
  253 S    5 -7 -4 -6 -4 -5 -6  0 -7 -1 -4 -6 -3 -6 -6  2  0 -8 -5  3   50   0   1   0   0   0   0   8   0   4   1   0   0   0   0  12   6   0   0  16  1.08 0.61
  254 I   -2 -6  7  0 -5 -4 -5  0 -3 -2 -6 -5 -1 -6 -7  3  0 -3 -3 -5    4   0  47   6   0   1   0   8   1   2   1   0   1   0   0  20   6   0   1   1  1.30 0.68
  255 V   -1 -7 -7 -8 -3 -6 -7 -7 -7  4  4 -7  2  1 -7 -5 -3 -4  0  3    6   0   0   0   0   0   0   0   0  20  41   0   5   5   0   1   2   0   3  18  1.04 0.50
  256 S    2 -5 -6 -7  1 -3 -5 -4 -5  5  0 -6  1 -4 -7 -2 -2 -4 -4  4   15   0   0   0   3   1   0   1   0  32   6   0   3   0   0   3   3   0   0  30  1.00 0.50
  257 V   -1 -4  8 -4 -1 -1 -5 -5  6 -5 -4 -5 -1 -6 -5 -2  0 -9 -3 -2    6   1  57   0   1   2   0   0  14   1   2   1   1   0   1   3   5   0   1   3  1.67 0.78
  258 T    0 -6 -6 -7 -3 -6 -7 -6 -5  5  3 -6  1  0 -7 -3  1 -6 -4  2    8   0   0   0   0   0   0   1   0  31  26   0   3   3   0   2  10   0   0  14  0.92 0.46
  259 S   -6 -7 -6 -8 -2 -7 -8 -8 -7  1  4 -8 -1  7 -8 -4 -2 -3  0  0    0   0   0   0   1   0   0   0   0   7  41   0   1  36   0   1   2   0   3   6  1.48 0.65
  260 N   -4 -1  7  5 -5  1 -2 -2 -2 -9 -8 -5 -4 -8 -7 -1 -6 -9 -6 -8    2   3  52  26   0   5   2   3   1   0   0   0   0   0   0   4   0   0   0   0  1.75 0.81
  261 P   -7 -9 -9 -8 -7 -8 -8 -8 -9 -2 -4 -8 -5 -5  9 -7 -5 -10 -8 -3    0   0   0   0   0   0   0   0   0   3   2   0   0   1  90   0   1   0   0   2  3.18 1.29
  262 K   -2 -1 -3  3 -5  3  6 -2 -3 -8 -8 -2 -7 -7 -3 -1 -4 -8 -5 -8    4   3   1  13   0  10  55   3   0   0   0   3   0   0   1   5   1   0   0   0  1.39 0.71
  263 Y    1  2 -4 -6  1 -4 -3 -4 -3  2  2  1  4 -4 -5 -3 -2 -4 -2  3   14  10   0   0   3   0   1   1   0  11  16   8  11   0   0   1   2   0   1  19  0.49 0.32
  264 I   -5 -8 -9 -9 -5 -8 -8 -8 -8  7 -1 -8 -3  3 -8 -7 -6 -7 -2  5    0   0   0   0   0   0   0   0   0  50   5   0   0  10   0   0   0   0   2  32  1.82 0.76
  265 V   -2 -8 -8 -8  1 -8 -8 -8 -8  5  0 -8 -2 -2 -8 -4 -5 -8 -6  6    4   0   0   0   2   0   0   0   0  32   9   0   1   2   0   1   0   0   0  48  1.58 0.69
  266 L   -6 -8 -9 -9 -6 -8 -8 -7 -8  6  4 -8  0  1 -8 -8 -6 -7 -5  2    0   0   0   0   0   0   0   0   0  47  34   0   2   5   0   0   0   0   0  11  1.66 0.70
  267 G   -1 -8 -4 -7 -3 -7 -8  7 -8 -8 -9 -7 -6 -2 -8 -1 -4 -8 -6 -7    5   0   1   0   1   0   0  84   0   0   0   0   0   2   0   5   1   0   0   0  2.35 0.97
  268 G   -6 -9 -7 -8 -9 -8 -9  8 -9 -11 -10 -8 -9 -10 -9 -7 -6 -9 -10 -10    0   0   0   0   0   0   0  99   0   0   0   0   0   0   0   0   1   0   0   0  3.15 1.21
  269 G   -2 -5 -5 -6 -9 -3 -7  8 -8 -6 -9 -7 -9 -9 -8 -3 -8 -5 -9 -9    3   1   0   0   0   1   0  91   0   1   0   0   0   0   0   2   0   0   0   0  2.66 1.06
  270 M   -2 -8 -8 -8 -5 -7 -8 -5 -8  3  1 -7  4 -4 -5 -7 -5 -8 -6  6    3   0   0   0   0   0   0   1   0  16  14   0   8   0   1   0   0   0   0  56  1.57 0.70
  271 S    4 -6 -5 -5  1 -6 -5 -4 -6  0 -5 -6  2 -7 -5  5  1 -5 -7  0   27   0   0   0   3   0   0   1   0   6   1   0   5   0   0  44   7   0   0   6  1.12 0.65
  272 T    1  2  3 -1 -6  3  2  0  0 -6 -2  3 -3 -5 -3 -2 -3 -6 -4 -4   14  10  13   3   0  12  11   8   2   0   4  16   1   0   1   2   1   0   1   1  0.45 0.33
  273 A    6 -5 -3 -5 -4  0  0 -2 -5 -2 -2 -5  0 -4 -6  1 -3 -3 -5 -2   60   0   1   0   0   5   6   3   0   3   5   0   2   1   0   9   1   0   0   3  1.09 0.61
  274 G   -3 -4 -5 -4 -4 -5 -3  7 -4 -6 -5 -3 -5 -1 -6 -4 -6  4 -2 -6    2   1   1   1   0   0   2  75   0   1   1   2   0   2   0   1   0   6   2   0  1.89 0.82
  275 L   -2 -1  0  6 -5 -1  4 -4 -2 -8 -8 -1 -5 -7  0 -2 -4 -6 -6 -6    4   3   4  42   0   3  27   1   1   0   0   3   0   0   5   4   1   0   0   0  1.22 0.63
  276 I   -1 -1 -3 -3 -3 -2 -3 -5 -1  2  3 -2  1  3  0 -2 -1  1  2  0    5   4   1   2   0   2   2   1   1  10  31   2   3  12   4   2   3   2   7   7  0.35 0.24
  277 L   -6 -8 -9 -9 -7 -8 -8 -9 -6  2  6 -8  1  4 -8 -8 -6 -1  0 -2    0   0   0   0   0   0   0   0   0  12  62   0   3  17   0   0   0   1   3   2  1.66 0.72
  278 I   -4 -3 -7 -8 -4 -5 -3 -7 -5  3  5 -5  2  5 -7 -5 -2 -1 -1 -1    1   2   0   0   0   0   2   0   0  13  46   1   5  20   0   0   2   1   2   3  1.09 0.52
  279 E    0 -1  1  4 -5  0  3  0 -2 -5 -5  2 -5 -6  2 -1 -1 -7 -6 -3    8   4   5  19   0   3  20   7   1   1   1  11   0   0  11   5   3   0   0   2  0.50 0.34
  280 N   -1  1 -4 -4 -5 -2 -1 -2  0 -2 -3  1 -2 -3  7 -1 -2 -5 -3 -4    6   6   1   1   0   2   4   3   2   2   3   8   1   1  49   4   3   0   1   2  1.12 0.60
  281 I    1 -7 -7 -8 -3 -7 -7 -6 -7  5  3 -7  3 -3 -7 -6 -1 -7 -6  4   11   0   0   0   1   0   0   0   0  28  25   0   6   1   0   0   5   0   0  24  1.08 0.52
  282 K   -4  6 -1 -3 -6  2  1 -6 -1 -1 -3  3 -1 -5 -7 -4 -2 -2 -4 -2    2  46   3   1   0   7   8   0   1   3   3  15   2   0   0   1   3   1   1   3  1.09 0.57
  283 T    0  3 -1  0 -5  2  4 -5 -1 -6 -5  4 -5 -5 -3 -1 -1 -5 -4 -4    9  17   3   5   0   7  25   0   1   0   1  21   0   1   1   4   3   0   0   1  0.72 0.44
  284 E    1 -1 -3 -3 -4  0  3 -3  2  0 -3  0 -1 -1 -4  0  2 -3  3  0   13   4   1   0   0   4  18   1   5   6   2   6   1   2   0   6  12   0  10   7  0.30 0.27
  285 Y    1 -7 -6 -7 -2 -6 -7 -7 -6  3  1 -7  2  3 -7 -5 -2 -6  2  5   10   0   0   0   1   0   0   0   0  14  13   0   5  12   0   1   2   0   6  36  0.97 0.49
  286 H    1  3  0  1 -3  1  2 -3  1 -3 -2  3 -1 -3 -2  0 -2 -3 -1 -3   11  18   5   7   1   6  11   2   3   1   3  18   1   1   2   5   1   0   2   1  0.35 0.26
  287 N    1  4  0  0 -6  2  3 -3  0 -5 -4  3 -3 -5 -3 -1 -1 -2 -4 -4   11  18   4   4   0   8  19   2   2   0   2  18   0   0   1   5   4   1   0   1  0.56 0.37
  288 L   -4  6  1 -4 -1  0 -1 -5  4 -3 -1 -1  0  0 -7 -4 -4 -3  4 -3    1  35   7   1   1   4   4   1  10   2   7   3   2   4   0   1   1   0  15   1  0.91 0.50
  289 T    4 -3 -4 -5  2 -3 -4 -2 -4  0  0 -4 -1 -4 -4  1  2 -6 -3  2   39   1   1   1   4   1   0   3   0   6   9   1   1   1   1   9  10   0   1  12  0.60 0.40
  290 F   -4 -3 -5 -7 -4 -3 -5 -4 -1  1  3 -6  5  6 -4 -5 -3  3  4 -3    2   1   1   0   0   1   1   2   2   6  25   0  14  26   1   1   2   3  11   1  1.03 0.51
  291 T    0  1 -1 -1 -2 -1  0  0  0 -3 -3  2 -2  0  4  0 -1 -4 -1 -2    9   8   3   4   1   2   5   7   2   1   2  11   1   5  23   8   4   0   2   3  0.34 0.25
  292 P    0  1 -1 -1 -3  0  0  0  0  0 -1  0  0 -1  2  0  0 -1 -1  1    9   7   3   3   0   4   5   8   2   6   6   5   3   2  11   9   4   1   2  11  0.06 0.07
  293 A    1 -2  0 -1 -1 -1 -1 -1  1  0  0 -2  1  1  2  1 -1 -4  1  0   16   2   4   3   1   3   3   4   3   5  10   1   4   5  12   9   3   0   5   6  0.12 0.13
  294 Q    2  3 -2 -2 -1 -1 -1 -1  0 -1 -1  1 -1  0 -2  0  0  1  0  0   20  15   1   2   1   3   3   5   2   2   6   8   2   4   2   5   6   2   4   7  0.14 0.15
  295 Q   -1  3  1  2 -3  1  3  0 -2 -4 -5  2 -5 -5  1 -1 -3 -6 -4 -5    5  17   6  11   1   6  17   7   1   1   0  13   0   0   8   5   1   0   0   1  0.49 0.33
  296 N    0  2  2  1 -2  1  0  0  1 -2 -3  2 -1 -2  0  1  0 -5 -2 -2    8  11   9   9   1   5   5   7   4   2   2  11   2   1   4   9   5   0   1   3  0.16 0.15
  297 T    0 -5 -5 -5  4 -5 -5 -5 -7  1  1 -5 -2 -2  1 -4  3 -7 -3  4    8   0   0   0   7   0   1   1   0   7  15   0   1   2   7   0  19   0   1  30  0.74 0.44
  298 E   -2  4 -2  0 -5  2  3 -5 -2 -4 -4  4 -4 -7  2 -2 -1 -4 -4 -3    3  21   2   5   0   7  17   1   1   1   2  22   0   0   9   3   4   0   1   2  0.67 0.42
  299 I   -6 -9 -9 -9 -6 -9 -9 -10 -9  8  1 -9 -3  1 -6 -8 -6 -8 -6  3    0   0   0   0   0   0   0   0   0  65  11   0   0   5   0   0   0   0   0  18  2.09 0.85
  300 V   -1  0 -5 -3 -1 -3  1 -4 -3  1  0  1 -2 -3 -6 -3 -1 -7 -4  5    5   6   0   1   2   1  11   1   1   5   9   8   1   1   0   2   4   0   0  42  0.65 0.40
  301 Q    0  2 -3 -5 -2  1 -2 -4 -4  1  1  1 -2  0  5 -3  0 -4 -2 -1    7  10   1   0   1   5   2   1   0   8  14   9   1   4  24   1   5   0   2   5  0.44 0.31
  302 A    6 -7 -6 -7 -3 -6 -7 -2 -7 -7 -8 -7 -7 -7 -5  3 -1 -2 -6 -5   68   0   0   0   1   0   0   4   0   0   0   0   0   0   1  21   4   1   0   0  1.80 0.88
  303 Q    1  1 -3 -3 -3  3  2 -1 -1 -3 -3  3 -2 -4 -4  1  1 -6 -4 -2   13   7   1   1   0  13  15   4   2   1   2  15   1   1   0  10   9   0   0   3  0.40 0.32
  304 L   -6 -5 -6 -9 -1 -6 -9 -8 -4 -3  7 -7 -1  0 -9 -6 -6 -5 -5 -4    1   1   1   0   1   0   0   0   1   1  87   0   1   3   0   1   0   0   0   1  2.13 0.91
  305 G   -4 -3 -4 -4 -7 -4 -3  7 -5 -6 -6 -1 -6 -5 -3 -3 -5 -2 -6 -6    2   2   1   1   0   1   2  80   0   0   1   4   0   1   2   2   1   1   0   1  2.03 0.89
  306 N   -3 -4  6  4 -8 -2  2 -1 -4 -6 -7 -2 -6 -7 -1 -1 -2 -8 -1 -6    3   1  38  23   0   2  12   6   0   1   0   2   0   0   3   4   2   0   3   1  1.14 0.60
  307 D   -4  0  2  7 -8 -1  2 -5  0 -7 -6  0 -4 -4 -7 -3 -3 -5 -3 -7    2   5  10  54   0   3  10   0   2   0   1   6   1   1   0   2   2   0   1   0  1.41 0.69
  308 A    7 -7 -7 -8 -2 -7 -7 -3 -8 -3 -4 -7 -5 -8 -5  0 -3 -9 -8  0   79   0   0   0   1   0   0   2   0   2   2   0   0   0   1   7   1   0   0   5  1.91 0.90
  309 G   -1 -9 -6 -8 -5 -8 -8  8 -8 -6 -10 -8 -9 -9 -7 -3 -4 -9 -7 -4    5   0   0   0   0   0   0  89   0   1   0   0   0   0   0   2   1   0   0   2  2.56 1.05
  310 I   -1 -7 -7 -5 -6 -7 -7 -7 -7  5  2 -6  4 -1 -5 -5 -3 -5 -2  4    5   0   0   1   0   0   0   0   0  33  17   0   9   3   1   1   1   0   1  28  1.16 0.55
  311 T   -5 -6 -8 -8 -3 -4 -8 -8 -7  6  3 -4  1 -1 -8 -7 -3 -3  3  2    0   0   0   0   0   1   0   0   0  42  23   1   3   2   0   0   2   0   9  14  1.28 0.59
  312 G   -5 -9 -7 -8 -9 -8 -9  8 -9 -10 -10 -8 -9 -10 -9 -6 -8 -9 -10 -10    0   0   0   0   0   0   0  99   0   0   0   0   0   0   0   0   0   0   0   0  3.17 1.22
  313 A    7 -8 -6 -8 -1 -7 -7 -1 -8 -6 -7 -7 -4 -8 -7 -1 -5 -9 -8 -4   88   0   0   0   1   0   0   4   0   0   0   0   1   0   0   3   0   0   0   1  2.33 1.03
  314 A    7 -7 -7 -7 -3 -6 -7  0 -7 -1 -4 -6 -4 -5 -5 -1 -4 -8 -3 -1   76   0   0   0   1   0   0   6   0   3   2   0   0   1   0   4   1   0   1   5  1.73 0.83
  315 G    3  0 -3 -2  0 -2 -3  0 -3 -2  0 -1  3 -1 -5  1  0  2  2 -1   29   5   1   3   2   1   1   8   0   1  10   4   7   2   0   9   5   2   6   3  0.29 0.26
  316 L   -5 -6 -7 -8 -3 -3 -5 -7 -6  0  6 -6  3 -1 -8 -6 -4  1 -1 -1    1   0   0   0   1   2   1   0   0   5  73   0   6   2   0   1   1   2   2   3  1.57 0.71
  317 I    5 -6 -7 -7 -1 -6 -6 -2 -5  2 -1 -6 -3  0 -4 -4 -4 -2 -4  4   45   0   0   0   1   0   0   2   0  10   5   0   0   4   1   0   1   1   0  28  1.07 0.57
  318 Y   -2  2 -5 -6 -6 -3 -5 -6 -3  0  3  1  2  4 -6 -4 -5  6  1 -3    3  13   0   0   0   1   0   0   1   5  26   9   6  19   0   1   0  11   4   1  0.85 0.44
  319 T    0  0  1  3 -4  4  3 -4  1 -4 -3  2 -1 -6 -4  0  0 -6 -4 -4    6   6   7  14   0  17  18   1   3   1   3  10   2   0   0   8   5   0   0   1  0.50 0.33
  320 Y    0  2  1 -1 -3  2  3 -2  3 -5 -3  1 -2 -2 -4  0 -2 -3  1 -4    7  12   7   2   0  11  21   3   8   0   3   9   1   2   0   7   1   0   6   0  0.42 0.29
  321 I   -1 -1 -5 -5 -2 -4 -4 -4 -1  3  4 -4  3  0 -5 -3 -2 -1 -1  2    4   3   0   1   1   0   0   1   2  18  36   0   8   3   0   1   2   1   2  16  0.61 0.32
  322 I    0  1  0 -1 -2  0  1 -2 -1  0  1  2  0  2 -2 -1 -1 -2 -1 -1    6   8   5   2   1   3  10   3   1   7  14  17   2  12   1   4   2   0   1   2  0.11 0.13
  323 E   -1  2  0  0 -3  1  4 -2  3 -5 -5  3 -4 -5 -3  1 -2 -5 -4 -5    4  12   4   3   0   6  32   2   7   0   0  16   0   0   0  11   1   0   0   0  0.65 0.35
  324 K    0  4  2 -1 -5  1  1 -2 -2 -4 -3  4 -3 -5  0 -1 -1 -5 -2 -3    6  21  12   3   0   6  10   2   0   0   2  27   0   0   4   3   4   0   1   1  0.48 0.26
  325 D    0  0  1  2 -2  0  3  2 -2 -2 -3 -1 -1 -4  2  0 -1 -4 -4 -2    6   5   8  13   1   1  25  15   0   2   2   0   1   0  11   4   3   0   0   1  0.34 0.19
  326 G    0 -2  1  0 -4  0 -2  5 -3 -3 -5  0 -4 -5 -3  2 -1 -5 -4 -4    7   2   6   4   0   3   0  48   0   2   0   5   0   0   0  20   3   0   0   0  0.71 0.27
  327 V    1 -4 -4 -4 -2 -3 -4 -4 -4  3  3 -3  0 -2 -4 -3 -2 -4 -3  4   14   0   0   0   0   0   0   0   0  13  38   0   0   0   0   0   0   0   0  35  0.56 0.21
  328 K   -2  2 -1 -1 -4  4  4 -3 -1 -4 -3  4 -2 -4 -2 -1 -2 -4 -3 -3    0   6   0   0   0  25  30   0   0   0   0  39   0   0   0   0   0   0   0   0  0.70 0.15

                      K         Lambda
Standard Ungapped    0.1380     0.3183
Standard Gapped      0.0410     0.2670
PSI Ungapped         0.2242     0.3176
PSI Gapped           0.0686     0.2670
