
Last position-specific scoring matrix computed, weighted observed percentages rounded down, information per position, and relative weight of gapless real matches to pseudocounts
           A  R  N  D  C  Q  E  G  H  I  L  K  M  F  P  S  T  W  Y  V   A   R   N   D   C   Q   E   G   H   I   L   K   M   F   P   S   T   W   Y   V
    1 M   -6 -6 -7 -8 -6 -5 -7 -8 -7 -4 -1 -6 11 -5 -8 -6 -6 -6 -6 -4    0   0   0   0   0   0   0   0   0   0   4   0  96   0   0   0   0   0   0   0  3.64 1.20
    2 A    2 -2  1  0 -2  1 -1 -2 -2 -2 -2 -1 -1 -3 -1  2  3 -5 -4 -1   23   1   6   6   1   6   2   2   1   2   2   4   1   1   3  15  21   0   0   3  0.31 0.26
    3 K   -1  2  0 -1 -4  2  1 -2 -1 -3 -4  4 -4 -3  2  0 -1 -5 -3 -3    5  13   3   2   0   9  10   2   1   1   0  29   0   1  11   6   4   0   0   1  0.50 0.32
    4 Y   -2  0 -2 -2 -2  2  1 -4 -1 -1  1  2  4  1 -3 -1 -1 -3  3 -1    2   3   1   1   1   8  10   0   1   2  14  14  12   5   1   5   3   0  10   5  0.26 0.24
    5 T   -2 -5  0  0 -5 -3 -2 -5 -3 -4 -4 -2 -5 -5 -5  4  6 -6 -6 -4    3   0   4   5   0   1   2   1   0   1   2   2   0   0   0  25  53   0   0   1  1.29 0.70
    6 K    2  1 -2 -3 -3  1  0 -3 -3  0 -1  3 -1  0  2 -1 -1 -3 -2  0   18   7   1   1   0   8   6   1   0   5   7  18   1   4  11   3   3   0   1   5  0.25 0.23
    7 E    0 -1 -2  4 -7  2  5 -5 -4 -7 -6  1 -6 -7 -5  0 -3 -7 -5 -5    7   3   2  23   0   8  38   1   0   0   0   9   0   0   0   6   1   0   0   1  1.05 0.61
    8 D   -1 -1  0  5 -7  2  5 -4 -2 -6 -6  1 -5 -3 -4 -1 -2 -7 -2 -5    4   3   3  26   0  10  34   1   1   0   0   7   0   1   1   4   2   0   2   1  0.96 0.57
    9 I    0 -5 -6 -8 -2 -7 -7 -8 -6  5  3 -6  0 -1 -7 -6 -5 -5 -3  4    7   1   0   0   1   0   0   0   0  27  27   0   2   3   0   0   0   0   1  30  1.15 0.58
   10 I    0  2 -2 -3 -5  0  1 -4 -3  2  3  1  1  0 -3 -3 -2 -2 -3  0    7  10   2   1   0   4   9   1   1  10  28   9   3   4   1   1   2   1   0   7  0.28 0.24
   11 N    2  3  1  1 -6  2  3 -4 -2 -6 -5  3 -4 -6 -5  0 -1 -7 -4 -5   14  13   6   9   0   9  17   1   1   0   1  17   0   0   0   7   4   0   1   0  0.58 0.42
   12 L   -1  1 -3 -2 -4  1 -1 -4 -2  1  1  1  0  3 -4 -2  0  3  2 -2    6   9   1   3   0   6   4   1   1   7  15   9   2  15   0   2   6   4   6   2  0.26 0.22
   13 V    1 -7 -8 -8  1 -5 -7 -7 -7  5  4 -7  1 -1 -5 -5 -4 -4 -5  3   10   0   0   0   3   1   0   0   0  29  33   0   3   2   0   0   1   0   0  17  1.11 0.57
   14 K    1  3 -1  1 -7  2  4 -4  0 -4 -5  4 -5 -7 -5 -1 -1 -7 -5 -4   10  13   3   6   0   9  22   1   2   1   1  23   0   0   0   3   3   0   0   1  0.68 0.46
   15 E    1 -1  0  2 -6  2  5 -3 -1 -6 -6  1 -5 -7 -5  0 -1 -7 -6 -6   13   4   4  12   0   7  37   2   1   0   1   9   0   0   0   6   3   0   0   0  0.83 0.54
   16 N    0  2  4  1 -6  1  2  0  4 -5 -3  1 -5 -6 -4 -1 -3 -5 -4 -6    7   9  18   7   0   7  14   9  10   1   3   9   0   0   1   4   1   0   0   0  0.54 0.38
   17 G   -3  0  3  4 -8 -1  1  4  0 -8 -7  1 -7 -8 -6 -2 -4 -8 -7 -7    2   5  12  22   0   2   9  34   2   0   0   7   0   0   0   2   1   0   0   0  0.99 0.57
   18 V   -2 -8 -8 -8 -5 -8 -8 -7 -6  6  0 -8 -3 -3 -8 -5 -2 -8 -3  5    4   0   0   0   0   0   0   0   0  41   8   0   0   1   0   1   2   0   1  40  1.66 0.77
   19 K   -2  4 -2  3 -6  1  3 -5  1 -7 -5  4 -5 -8 -4 -2 -1 -8 -7 -4    3  18   2  14   0   5  20   1   3   0   1  24   0   0   1   3   4   0   0   1  0.88 0.54
   20 F   -2 -2 -4 -4 -4 -2 -2 -5  1 -2  0 -4  1  6 -7 -2  2  4  4 -2    4   3   1   1   0   2   3   1   3   3   8   1   3  31   0   3  12   6  12   3  0.83 0.48
   21 I   -4 -9 -9 -9 -3 -8 -9 -9 -9  5  1 -9 -4  0 -9 -8 -6 -8 -4  6    2   0   0   0   1   0   0   0   0  31  12   0   0   4   0   0   0   0   1  50  1.79 0.83
   22 R   -3  5 -3  3 -5  0  1 -6  0 -1 -1  1  0 -2 -6 -3 -3 -2 -1 -2    2  31   1  18   0   4   9   0   2   4   7   8   3   2   0   2   2   1   2   3  0.69 0.45
   23 L   -1 -8 -7 -8  3 -7 -8 -6 -8  2  4 -8  0  4 -6 -6 -4 -5 -1  3    5   0   0   0   6   0   0   1   0   9  40   0   2  14   1   0   1   0   2  19  1.09 0.57
   24 Q    2  0 -3 -4 -1  3  0  0  0  0  1  0  0 -2 -5  0 -1  3 -3  0   15   6   1   1   2  16   5   6   2   4  12   6   3   2   0   6   4   3   0   7  0.23 0.24
   25 F   -3 -8 -9 -9 -3 -5 -9 -2 -3  1 -1 -8 -1  8 -9 -6 -3  5  4  1    3   0   0   0   1   1   0   3   1   6   7   0   2  48   0   0   2   7  11   9  1.61 0.77
   26 T    1 -7 -3 -7  5 -5 -6 -4 -3  0 -3 -6 -3 -2  3  1  4 -8 -5  4   10   0   1   0  10   0   0   1   1   4   2   0   1   2  13   8  23   0   0  22  0.83 0.54
   27 D   -7 -9 -3  9 -7 -6 -5 -4 -9 -11 -11 -8 -11 -11 -6 -5 -3 -12 -11 -11    0   0   1  93   0   0   0   2   0   0   0   0   0   0   0   1   2   0   0   0  3.24 1.42
   28 I   -3 -7  0 -7 -4 -1 -7 -7 -1  4  4 -7  4 -1 -1 -5 -1 -5 -1  2    3   0   4   0   0   3   0   0   2  20  31   0  10   3   4   1   5   0   2  12  0.81 0.47
   29 F    0 -2  3  1 -1  1 -2 -4  4 -2  1 -3 -1  2 -1  0  0 -1  1 -2    7   2  14   9   1   5   2   1  10   2  12   1   1  10   3   7   5   1   4   2  0.29 0.26
   30 G   -4 -10 -2 -9 -6 -9 -10  8 -9 -11 -11 -9 -7 -11 -10 -5 -9 -10 -11 -9    1   0   2   0   0   0   0  95   0   0   0   0   0   0   0   1   0   0   0   0  3.03 1.33
   31 T   -2  4  0 -4 -4  0 -3 -2 -1  3 -1  0  0 -2 -6 -2  0 -6 -2  3    3  20   5   1   0   4   1   3   2  16   6   6   2   2   0   3   7   0   1  17  0.43 0.31
   32 L    0 -4 -4 -5 -2  1 -4 -5 -1  1  4 -5  2  0  1 -1 -2  4 -3  0    7   1   1   1   1   6   1   1   2   7  34   0   4   4   9   5   3   6   1   7  0.53 0.37
   33 K   -7  7 -4 -8 -1  1 -6 -7  4 -5 -4  4  0 -5 -8 -6 -7 -9 -3 -3    0  54   1   0   1   5   0   0   7   1   2  22   2   1   0   0   0   0   1   2  1.82 0.92
   34 N    0 -5  2 -5  2 -2 -2  5  5 -4 -6 -4 -3 -5 -7  2 -1 -8 -4 -3    8   0   8   0   4   2   3  40  11   1   0   1   1   1   0  13   4   0   1   2  0.95 0.57
   35 V   -7  1 -6 -7 -3 -5 -4 -8 -5  2  0  6  0  1 -8 -6 -2 -6 -5  2    0   6   0   0   1   0   1   0   0   9   7  49   3   5   0   0   2   0   0  15  1.29 0.71
   36 A    1  3 -2 -2 -2 -1  0 -3 -2  0 -1 -3 -1 -2 -4  1  3  1  1  0   10  14   1   2   1   2   6   1   1   4   7   1   1   1   1  11  20   2   5   7  0.30 0.29
   37 I   -4 -6 -8 -9 -5 -8 -5 -7 -4  5  2 -6  2  1 -8 -5 -3 -7 -1  5    1   0   0   0   0   0   1   0   0  31  18   0   5   6   0   1   2   0   2  32  1.27 0.63
   38 T   -2 -2 -2 -1 -4 -3 -3 -4  2 -6 -3 -5  1 -4  7  1  1 -9 -5 -4    3   2   2   4   0   1   2   2   4   0   4   1   3   1  48  11   9   0   0   2  1.23 0.73
   39 D    4  1 -4 -4 -3 -3 -3 -2 -3  1 -1  0 -3 -3  2  0 -1 -6 -2  2   28   8   1   1   1   1   2   2   1   8   6   5   1   1   8   7   4   0   1  15  0.40 0.32
   40 K    1  2  0  3 -4 -1  2 -1  1 -6 -6  1 -4 -7 -3  3 -2 -5 -2 -6   10  10   4  17   0   2  13   5   4   0   0   9   0   0   1  19   2   0   1   0  0.53 0.40
   41 Q    0  3 -1  0 -3  2  2 -3  4 -5 -3  2 -1  0 -4  0 -2 -4  1 -4    8  13   3   5   1   9  14   2   9   1   2  14   2   3   0   6   2   0   4   1  0.40 0.32
   42 L    0 -7 -9 -8 -4 -8 -8 -8 -8  2  4 -6 -1  6 -7 -8 -6  1 -1  0    7   0   0   0   0   0   0   0   0   8  37   0   1  33   0   0   0   2   2   7  1.40 0.69
   43 E    0 -1 -1  3 -4  0  4 -1 -1 -3  0  0 -2 -5  1 -2 -2 -5 -3 -2    8   3   3  14   0   3  29   4   1   1  10   6   1   1   8   2   2   0   1   2  0.45 0.36
   44 K   -1  2  0  3 -7  0  2  0  0 -6 -5  3 -4 -6 -4  2 -1 -6 -3 -4    5  10   4  14   0   4  14   6   2   0   1  18   0   0   1  15   4   0   1   1  0.51 0.38
   45 A    4 -2 -2 -3 -2 -3 -3 -2  0  2  0 -3  1 -1 -5  0 -1 -3 -1  3   29   2   2   1   1   1   1   4   2  11   9   2   3   2   0   6   3   0   2  18  0.42 0.31
   46 L    0 -3 -5 -6  0 -2 -5 -4 -4  2  3 -4  2  5 -6 -3 -4  1  1  1    9   2   0   0   2   2   0   2   0   9  30   1   5  20   0   2   1   2   4   9  0.69 0.40
   47 D    0  1 -1  2 -4  0  4 -3  0 -4 -4  2 -4 -3 -3  1  1 -4 -4 -3    8   8   3  10   0   4  26   2   2   1   2  12   0   1   1   9   8   0   0   2  0.47 0.36
   48 N   -2  0  3  2 -4  0  2  1  4 -4 -5  1 -2 -4 -5  1 -1 -4 -1 -4    3   5  13  13   0   3  15  10   8   1   1   7   1   1   0  11   3   0   2   1  0.45 0.33
   49 E   -4 -3 -5 -6 -6 -3 -3  7 -4 -9 -7 -3 -7 -6 -5 -3 -4 -9 -7 -8    1   2   0   1   0   2   3  83   1   0   1   2   0   0   1   2   1   0   0   0  2.26 1.05
   50 C    0 -5 -5 -7  1 -4 -3 -2 -3  4  1 -4  2  2 -5 -4  0 -3  0  4    7   0   0   0   3   1   2   3   1  22  15   1   4   7   0   1   5   0   3  25  0.62 0.36
   51 M    1  0  0 -4 -1 -3 -3  4 -1 -2 -2 -3  3 -2  1  0 -1  2 -2 -2   10   6   5   1   1   1   1  31   1   3   4   2   7   2   7   6   5   3   1   3  0.41 0.31
   52 F   -4 -6 -8 -9 -2 -7 -7 -7 -5  2  1 -7  3  8 -7 -6 -3 -2  1  1    1   1   0   0   1   0   0   1   0  11  12   0   6  49   0   1   2   1   5   9  1.61 0.75
   53 D    0 -6 -1  7  3 -5 -4 -4 -4 -6 -7 -5 -5 -3  2 -1  0 -5 -1 -6    9   0   2  55   6   0   1   1   0   0   1   1   0   1   9   4   5   0   2   1  1.45 0.76
   54 G    1 -3 -2 -3 -5 -3 -4  6 -5 -4 -4 -3  2 -4 -2  0 -2 -2 -6 -3   12   2   2   2   0   2   1  53   0   1   2   2   4   1   3   8   3   1   0   2  1.05 0.57
   55 S    1 -4 -1 -2 -5 -4 -2 -2 -2 -5 -3 -4 -4  0 -3  6  0 -1  0 -1   12   1   3   2   0   1   3   3   1   1   3   1   0   4   1  52   5   1   3   4  0.96 0.63
   56 S    2 -4 -1  0 -4 -4 -3 -2 -4 -3 -3 -3 -2 -4  0  5  0 -5 -4  1   13   1   3   6   0   1   1   3   0   1   4   1   1   1   4  43   6   0   1   9  0.74 0.53
   57 I   -1 -6 -6 -6 -1 -5 -6 -6 -6  6  1 -5  1  1 -4 -4 -3 -5  0  4    5   0   0   1   1   0   1   0   0  35  14   1   3   5   1   1   2   0   4  27  1.07 0.53
   58 D    0  1  0  3 -4 -1  2 -1 -1 -3 -2 -1 -2  0  3 -1  1  3 -1 -3    6   6   3  15   0   2  12   6   1   1   3   4   1   4  14   3   9   4   2   2  0.29 0.24
   59 G   -3 -4 -2 -2 -5 -5 -5  7 -6 -5 -3 -4 -4 -6 -3 -3 -4 -1 -4 -4    2   1   2   2   0   1   1  76   0   1   3   1   1   0   1   2   1   1   1   2  1.86 0.88
   60 F   -4 -5 -6  0 -2 -5 -6 -1 -2 -1  0 -6  2  7 -3 -4 -1  6  4 -2    1   1   0   5   1   0   0   5   1   4  10   0   4  37   1   2   3  10  10   3  1.13 0.58
   61 V    2 -1 -1 -2 -2  0  0  1 -2 -1 -1  0  1 -1 -3  0  1  1 -2  0   21   3   3   2   1   4   5  13   1   3   6   7   4   3   1   6   8   2   1   7  0.14 0.16
   62 R    0  3 -1  2 -3  0  2  0  1 -4 -3  0 -3 -4  2  1  1 -2 -2 -4    7  13   3  13   1   4  11   8   4   1   3   4   1   0   9   9   8   1   1   1  0.27 0.24
   63 I   -1 -2 -2 -1 -3 -2 -3 -2 -2  4 -2 -3  1 -3  2 -1  2 -2 -4  3    6   2   2   3   0   2   2   3   1  23   4   1   3   1   9   4  13   1   1  19  0.46 0.32
   64 E    0 -2  2  1 -3  0  4  3  2 -5 -5 -2 -5 -3 -2 -1 -2 -2 -2 -5    7   2   8   7   1   3  24  25   4   1   1   3   0   2   3   5   2   1   2   1  0.56 0.39
   65 E   -1 -1  0  3 -2 -1  4 -2  1 -5 -4  0 -5  0 -5  0 -3  0  3 -4    5   3   4  17   1   2  29   3   3   0   2   5   0   5   0   6   2   1  10   1  0.59 0.41
   66 S    0 -1 -4 -3 -3 -2 -2  3 -3 -5 -6 -4 -4 -6  3  5 -2 -4 -5 -4    7   4   0   2   1   2   3  19   1   1   1   1   0   0  14  40   3   0   0   1  0.90 0.58
   67 D   -6 -5 -2  8 -8 -6  1 -6 -5 -8 -8 -5 -7 -8 -7 -4 -6 -4 -6 -8    1   1   2  81   0   0   9   1   0   0   0   1   0   0   0   1   0   0   0   0  2.62 1.13
   68 M   -3 -2 -5 -7  1 -4 -7 -2 -4  2  3 -4  7  2 -6 -5 -4 -2 -1  1    3   2   1   0   3   1   0   4   0   9  26   1  27   8   0   1   1   1   2  11  1.00 0.54
   69 N   -1  2 -2 -5 -1 -2 -3 -5  1  2  2  0  1  1 -3 -3  0 -1  1  2    4  12   2   0   1   1   1   1   3  14  18   5   3   7   1   1   5   1   5  15  0.32 0.24
   70 L    3 -7 -8 -8  3 -7 -7 -4 -6  0  5 -7  3 -2 -6 -5 -4 -3 -4  1   21   0   0   0   5   0   0   2   0   5  48   0   6   1   0   0   1   0   1   9  1.13 0.62
   71 R   -3  2 -5 -5 -2 -1 -3 -7  1  3  0  2  3  1 -6 -4 -2  0 -1  3    1  13   0   0   1   2   2   0   3  14   9  14   8   6   0   1   2   1   2  20  0.54 0.36
   72 P   -1 -9 -9 -9 -7 -9 -8 -4 -7 -2 -3 -8 -6 -8  9 -8 -7 -11 -10 -4    6   0   0   0   0   0   0   2   0   3   3   0   0   0  84   0   0   0   0   2  2.91 1.36
   73 N   -5 -6 -5  8 -7 -3 -2 -7 -5 -1 -6 -7 -7 -9 -7 -5 -6 -9 -9  0    1   0   0  81   0   1   2   0   0   4   1   0   0   0   0   1   0   0   0   6  2.51 1.14
   74 L    0 -4 -5 -5 -3 -4 -4 -5 -4  0  3 -4  0 -1  6 -3 -2  2 -3 -2    7   1   0   1   1   1   2   1   1   6  29   1   3   3  34   2   3   3   1   3  0.91 0.55
   75 D    0  0  1  3 -6 -1  2  0 -2 -6 -6 -1 -6 -7 -5  4  1 -7 -6 -5    8   4   6  18   0   2  13   6   1   0   0   4   0   0   0  29   8   0   0   1  0.67 0.48
   76 S   -2 -2 -5 -6 -7 -5 -6 -6 -5 -7 -7 -4 -7 -7 -6  3  8 -9 -6 -7    3   3   1   0   0   1   0   1   0   0   0   1   0   0   0  17  72   0   0   0  2.17 1.11
   77 F    1 -5 -7 -8  0 -7 -5 -4 -5  0  4 -5  1  6 -4 -5 -4  1  1 -1   12   1   0   0   2   0   1   1   0   5  31   1   3  30   1   1   1   2   5   4  1.02 0.55
   78 V    0  5 -4 -5  0  1 -3 -4  2 -1 -3  0 -1  2 -6  0  1  0  0  1    9  28   0   0   2   5   1   1   4   4   2   6   1   7   0   6  10   2   3   8  0.49 0.37
   79 I   -2  1 -5 -3 -5  0 -2 -6 -3  4  1 -3  1 -2  2 -4 -1 -4 -3  3    3   9   0   1   0   4   3   0   1  23  12   2   3   2   9   1   4   0   1  22  0.54 0.35
   80 F   -2 -5 -4  2 -1 -5 -3 -7 -4  3  4 -5  0 -1 -5 -5 -3 -4 -1  2    3   1   1  12   1   1   2   0   0  12  42   0   2   2   1   1   1   0   2  15  0.83 0.47
   81 P   -3 -5 -4 -3 -7 -6 -4 -5 -6 -6 -6 -6 -7 -7  9 -3 -4 -5 -7 -5    2   1   1   2   0   0   1   1   0   0   1   0   0   0  83   2   1   0   0   1  2.75 1.22
   82 W   -6 -6 -5 -6 -6 -6 -6 -5  0 -5 -3 -6 -4  4 -5 -4 -6 12  3 -4    1   0   1   1   0   0   1   1   2   1   3   1   1  13   1   2   1  61   9   1  3.13 1.20
   83 R    1  3 -1  0  0  0  1 -2  0 -2  0  0  0 -1 -2  0  0 -2  0 -2   13  17   3   4   2   3  10   3   2   2  11   4   2   3   1   5   7   0   3   3  0.14 0.13
   84 P   -1 -1 -1  0 -2 -2  2 -1 -2 -2 -3  0 -2 -3  5  0 -1 -2 -2 -1    5   3   2   6   1   2  12   6   1   3   3   7   1   2  30   8   4   1   1   4  0.49 0.28
   85 Q   -1  1  1  1 -2  2  2  1  1 -2 -2 -1 -1 -2 -1  1 -1 -1 -1 -2    4   6   7   9   1   9  14  12   3   2   3   3   1   2   3   9   4   1   2   3  0.18 0.13
   86 Q    0  0  0  1 -3  1  3  0  2 -2 -2  0 -1 -2  0  0  0 -1 -1 -2    7   4   4   9   1   5  18   7   6   3   4   4   1   2   5   8   5   1   2   3  0.16 0.12
   87 G    0  1  1  1 -2  0  0  2  0 -2 -2  0 -2 -2  0  0  0  0  0 -2    8   9   5   9   1   3   6  18   2   3   4   6   1   2   4   6   5   1   3   3  0.12 0.08
   88 K   -1  3  1  0 -2 -2 -2  2 -2 -3 -2  3 -1 -4  3 -1 -1 -1 -3 -2    5  15   6   5   1   1   3  14   1   2   3  16   1   1  14   5   3   1   1   2  0.35 0.22
   89 V   -2 -2 -3 -4 -2 -3 -2 -4 -3  0 -1 -3  1 -3 -4 -1  5 -3 -4  4    3   2   1   1   1   1   3   2   1   5   5   1   3   1   1   4  39   0   1  25  0.87 0.49
   90 A    6 -5 -6 -6 -2 -5 -5  1 -4  0  1 -5  0 -5 -1 -3 -4 -2 -3  0   53   1   0   0   1   0   1  10   0   4  13   1   2   0   3   2   1   1   1   6  0.97 0.56
   91 R   -1  4 -2 -5 -1  2 -3 -3  0  0  0 -3  1  1 -6  1 -2  5 -2  0    5  25   2   0   2   8   1   2   2   6   8   1   4   6   0  10   2   8   1   7  0.50 0.36
   92 L   -1 -7 -6 -6  1 -6 -7 -6 -5  2  2 -6  5  4 -7 -6 -4 -6 -3  5    5   0   0   0   3   0   0   1   0   9  15   0  11  16   0   0   1   0   1  36  1.10 0.56
   93 I   -2 -5 -4 -7 -5 -4 -7 -6 -2  5  3 -6  3  4 -2 -4 -3 -3  0  0    3   1   1   0   0   1   0   0   1  27  30   0   5  17   3   1   2   0   3   5  0.96 0.50
   94 C    2 -7 -5 -7 10 -7 -6  1 -2 -4 -3 -7  1 -4 -7 -1 -2 -7 -5 -1   15   0   1   0  51   0   0  12   1   1   3   0   3   1   0   5   3   0   1   4  2.01 0.88
   95 D   -5 -1  2  7 -8 -2  0 -4  0 -8 -7 -4 -5 -3 -5  0 -1 -2 -1 -6    1   3   8  57   0   2   6   1   2   0   1   1   0   1   0   7   4   1   2   0  1.49 0.76
   96 V   -1 -5 -5 -6  0 -3 -5 -4 -2  4  2 -5  4  1 -1 -4 -1 -3 -2  3    5   0   0   0   2   1   1   1   1  22  20   0   9   4   3   1   3   0   1  22  0.70 0.39
   97 Y   -2  0 -4 -5  1 -1 -1 -5  3 -1  0  0 -1  2 -6 -3 -1  1  6  2    4   5   1   0   3   3   3   1   7   3   8   5   2   8   0   2   3   2  27  13  0.65 0.40
   98 K   -4 -1  1  4 -3 -1  2 -3  2 -3 -2  0 -1  0 -4 -1  2  3  1 -3    1   3   7  19   1   3  14   2   5   1   5   5   2   3   1   4  13   4   5   2  0.40 0.31
   99 P    0  0 -2 -1 -6  0  0 -2  2 -3 -1  0 -2 -2  5 -1 -1 -3 -1 -1    9   5   1   4   0   5   7   4   4   2   8   5   1   1  28   4   4   0   2   5  0.43 0.32
  100 D   -2 -3  2  6 -7 -2  2 -2  0 -7 -6 -1 -6 -5 -2 -1  1 -5 -5 -7    4   1   9  45   0   2  12   4   2   0   1   3   0   0   3   5   8   0   0   0  1.06 0.60
  101 G   -4 -1  0 -3 -7 -4 -2  7  2 -8 -5 -1 -3 -6 -6 -2 -2 -7 -7 -6    1   4   4   2   0   1   3  69   4   0   2   3   1   0   0   3   3   0   0   1  1.62 0.79
  102 T   -1  2  0 -1 -4  2  4 -3 -2 -5 -5  2 -2 -6 -4  1  2 -7 -5 -4    4  10   4   4   0   7  24   2   1   0   1  13   1   0   1  11  14   0   0   1  0.58 0.43
  103 P    0  2 -4 -2 -8 -4 -2 -5 -1 -4 -2 -4 -3 -3  7 -2 -5 -4 -3 -4    7  10   1   2   0   1   3   1   2   1   5   1   1   1  56   3   1   0   1   2  1.44 0.79
  104 F   -2 -7 -4 -5  0 -4 -4 -6  2 -1  0 -6 -1  6 -6 -1 -3  6  4  2    3   0   1   1   2   1   1   1   5   3   9   0   1  26   0   6   2   9  14  14  0.96 0.52
  105 E    1 -2  0  1 -3 -1  3 -2 -1 -4 -3 -2 -1 -2  4  1 -2 -2 -3 -3   10   2   4   9   1   3  22   3   2   1   3   2   2   2  22   9   2   1   1   2  0.51 0.39
  106 G    1  1 -2 -3  1 -1 -2  2  1  0  1 -1  0  1 -3 -1 -1 -1  1  0   12   8   1   1   3   3   2  17   3   6  12   4   2   5   0   3   3   1   6   6  0.12 0.13
  107 D    1 -8 -3  7  8 -7 -4 -4 -4 -8 -7 -7 -6 -6 -8  1 -3 -9 -1 -7   10   0   1  48  24   0   1   1   0   0   0   0   0   0   0   9   1   0   3   0  1.87 0.91
  108 P   -3 -9 -8 -8 -1 -4 -8 -3 -9 -7 -6 -8 -5 -5  8  1  1 -10 -6 -4    2   0   0   0   1   1   0   3   0   0   1   0   0   1  70  11   8   0   0   2  2.25 1.12
  109 R   -9  9 -8 -9 -11 -6 -8 -8 -6 -8 -8 -3 -6 -11 -10 -8 -9 -10 -9 -9    0  98   0   0   0   0   0   0   0   0   0   1   0   0   0   0   0   0   0   0  3.56 1.50
  110 H    0 -1  3 -2 -4  2 -2  2  3 -4 -4 -3 -4 -1 -5  2  0  0  4 -2    7   3  12   1   0  10   3  13   6   1   1   1   0   3   0  14   7   1  12   3  0.40 0.34
  111 V    0 -3 -2 -7 -3 -3 -5 -6 -7  5  1 -5  1  0 -7 -5 -1 -5 -4  5    9   2   2   0   1   2   0   0   0  27  12   1   3   3   0   0   4   0   0  32  0.93 0.51
  112 L    2 -8 -9 -10  0 -8 -9 -9 -9 -4  6 -8 -2 -3 -9 -5 -4 -8 -3 -3   15   0   0   0   2   0   0   0   0   1  77   0   1   1   0   1   1   0   1   1  1.90 0.92
  113 K   -1  5 -3 -4 -6  3  0 -3  0 -5 -4  5 -1 -6 -7 -3 -4 -5 -4 -5    6  26   1   1   0  10   6   2   2   1   2  36   1   0   0   2   1   0   0   1  1.08 0.63
  114 R   -2  6  1 -2 -5  1 -2 -3 -2 -7 -5  4 -5 -8 -7 -2 -2 -8 -5 -5    4  43   5   3   0   6   3   2   1   0   1  24   0   0   0   3   3   0   0   1  1.25 0.69
  115 A    4 -5 -4 -7 -4  4 -5 -6 -6  1 -2 -5  3 -3 -7 -3  1 -7 -3  4   30   0   1   0   0  15   0   0   0   6   5   1   6   1   0   2   7   0   1  24  0.87 0.56
  116 N   -2 -4 -4 -4  0 -3  2 -6 -1  3  4 -6  1 -3 -7 -3 -2 -5 -4  3    3   1   1   1   2   1  12   0   2  15  32   0   3   1   0   2   3   0   0  21  0.71 0.43
  117 A    3  0  0  3 -7  1  4 -2 -3 -5 -5  2 -4 -7 -6 -1 -2 -7 -4 -5   21   6   5  15   0   7  22   4   0   1   1  12   0   0   0   4   3   0   0   1  0.65 0.45
  118 D    0  4 -2 -1 -5  1  1 -3  0 -3 -1  3 -2 -1 -5 -3 -2 -2  3 -4    8  24   2   4   0   5  10   2   2   2   6  18   1   2   0   2   2   1   9   1  0.52 0.37
  119 A    4 -7 -7 -8  0 -5 -6 -5 -5 -1  4 -7  1  2 -7 -4 -3 -1  3 -1   29   0   0   0   2   0   0   1   0   3  38   0   3   7   0   1   1   1   8   5  0.97 0.56
  120 K    3  2 -1  0 -6  0  2 -2  0 -4 -4  3 -4 -5 -5  0 -2 -3 -4 -3   26  11   3   4   0   4  14   3   2   1   2  19   0   1   0   5   3   1   0   1  0.54 0.40
  121 E    2  0 -1  2 -7  0  4 -2 -1 -6 -6  2 -5 -7 -4  1 -2 -7 -6 -5   17   5   2  12   0   4  27   4   1   0   0  12   0   0   1  10   2   0   0   1  0.67 0.47
  122 L    0  2 -2 -3 -3  1  0 -5  0 -1  2  1  5  0 -5 -1  1 -4 -2 -2    8  10   2   2   0   5   5   1   3   3  20   9  14   3   0   4   7   0   1   2  0.35 0.29
  123 G   -4 -6 -1 -1 -9 -5 -5  7 -5 -10 -6 -3 -9 -10 -6 -5 -6 -9 -9 -8    1   1   3   3   0   1   1  85   0   0   1   2   0   0   0   1   0   0   0   0  2.41 1.09
  124 Y   -5 -6 -7 -3 -4 -6 -7 -4 -5  2  3 -7  1  5 -7 -7 -6  4  6 -2    1   0   0   2   0   0   0   1   0  12  26   0   3  20   0   0   0   4  25   3  1.30 0.65
  125 T   -1  2 -1  0 -2  0  2 -2 -1 -2 -3  1 -4 -3 -5  1  4 -7 -3 -1    6  10   2   5   1   4  15   3   2   3   2   7   0   2   0   9  24   0   1   5  0.41 0.35
  126 M    2 -6 -7 -4  2 -6 -6 -4 -5  1  0 -6  3  4  4 -2 -3 -4  0  1   17   0   0   1   4   0   0   1   0   8  10   0   6  16  19   3   1   0   4  11  0.67 0.43
  127 N   -3  1  2 -3 -2  1 -2 -4  0  0  0  2  3  1 -6 -2 -1 -1  4  1    2   7   9   1   1   6   3   1   2   4  10  13   6   5   0   2   4   1  12  11  0.31 0.26
  128 V    2 -7 -7 -7  1 -5 -7 -4 -4  2  0 -6  2  3 -7  0  1  2 -5  4   16   0   0   0   3   0   0   1   0  10   7   0   6  11   0   6   8   3   0  29  0.74 0.46
  129 G    4 -4 -4 -6 -6 -5 -7  6 -3 -7 -4 -5 -6 -6 -8  0 -3 -9 -8 -6   30   1   1   0   0   1   0  53   1   0   2   1   0   0   0   7   1   0   0   1  1.55 0.80
  130 P    0 -7 -5 -7  1 -5 -6 -6  0  0 -1 -6 -1  3  5  0  1 -4 -1  1    9   0   0   0   3   0   0   0   2   6   7   0   1  13  31   8   7   0   2   9  0.80 0.51
  131 E   -7 -6 -8 -4 -11 -4  8 -7 -8 -11 -10 -4 -10 -11 -9 -5 -8 -10 -10 -10    0   0   0   1   0   1  95   1   0   0   0   1   0   0   0   1   0   0   0   0  3.13 1.42
  132 C   -1 -6 -1 -6  2 -4 -6 -6 -1  2  4 -6  2  2  2 -3 -2 -6  2  1    5   0   4   0   4   1   0   0   1   9  33   0   4   8  11   2   3   0   7   8  0.60 0.38
  133 E   -7 -8 -8 -3 -11 -4  8 -7 -8 -11 -10 -6 -10 -11 -9 -5 -5 -10 -10 -10    0   0   0   1   0   1  94   1   0   0   0   0   0   0   0   1   1   0   0   0  3.12 1.43
  134 F   -5 -9 -10 -10 -3 -10 -10 -7 -3 -5 -6 -10 -2  9 -10 -8 -7  1  2 -5    1   0   0   0   1   0   0   1   1   1   0   0   1  85   0   0   0   2   6   1  3.25 1.31
  135 F   -7 -3 -4 -9 -4 -7 -8 -9  3 -3 -5 -8  0  6 -9 -2 -2 -4  8 -4    0   1   1   0   0   0   0   0   5   1   1   0   2  31   0   3   3   0  47   1  2.26 1.02
  136 L   -5 -8 -5 -9 -5 -4 -8 -9 -8  3  5 -8  0 -3 -8 -8 -4  0  0  3    1   0   1   0   0   1   0   0   0  13  56   0   2   1   0   0   1   1   3  18  1.44 0.70
  137 F   -4 -7 -8 -8 -2 -8 -8 -6 -7 -1  3 -7  0  7 -8 -5 -3 -3  2  1    2   0   0   0   1   0   0   1   0   4  27   0   2  45   0   1   2   0   6   9  1.60 0.74
  138 E   -3  3  0  5 -4  1  2 -4  0 -5 -5  4 -4 -6 -3 -3 -1 -7 -4 -5    2  15   5  25   0   5  13   1   3   1   1  20   0   0   1   2   3   0   1   1  0.82 0.49
  139 T    0  3  0  1 -3  1  1 -1 -2 -4 -2  1 -3 -4  2  1  1 -2 -3 -3    6  14   4   8   0   6  10   5   1   1   5   9   1   0   9   9   8   1   1   2  0.25 0.22
  140 D   -1 -2  2  5 -4 -1  1 -1 -3 -1 -4 -2 -3 -5 -2  0  1 -3 -3  0    5   2   9  32   0   2   8   6   0   4   2   3   1   0   3   7   8   0   1   7  0.52 0.34
  141 E    0  0 -1  2 -4  0  4  0 -3 -5 -4  1 -4 -3  2 -1 -1  1 -1 -3    7   5   3  10   0   3  27   8   1   1   2   8   0   1   9   4   4   2   2   2  0.42 0.30
  142 N   -1 -1  2  4 -3  0  1  0  0 -2 -2  0 -3  0 -1  1 -1 -2 -2 -2    4   4  11  20   0   5   8   8   3   2   4   5   1   4   3  10   4   1   2   3  0.25 0.19
  143 G    0 -1 -1 -1 -3 -1 -2  6 -2 -4 -4 -2 -3 -3  0  0 -1 -1 -1 -4    7   3   3   3   1   2   3  48   1   1   2   3   1   1   6   7   3   1   2   2  0.77 0.40
  144 R   -1  3  3  0 -1  1  1 -1  0 -2 -1  1 -2 -3  0  0 -1  1  0 -2    6  14  13   4   1   5   9   4   2   3   5   8   1   1   5   7   3   2   4   3  0.17 0.15
  145 A    1  0 -1 -1 -3 -2  0  1 -1 -1  0 -1 -1 -2  4  0 -1  2 -2 -2   12   5   3   3   1   1   6   9   1   3  11   3   2   2  19   8   3   3   1   3  0.23 0.18
  146 T   -1  0 -1 -1 -3  0  0  1 -2  0  0 -1 -1 -2  2  0  3 -2 -1  0    5   6   2   4   0   3   7  10   1   5   8   3   1   2   9   6  17   1   3   6  0.12 0.13
  147 T   -1  0 -1 -2 -3 -2 -1 -2  2 -1  0  0 -1  0  4 -1  1  2  2 -1    5   5   4   2   0   1   3   2   5   3  10   5   2   3  18   5  10   3   8   4  0.25 0.21
  148 N   -1  1  0  1 -3  0  1 -1  0 -1 -1  1 -1 -2  2  0  0 -1 -1  0    5   7   4   7   0   3  11   5   3   4   7   8   1   1  11   7   4   1   2   9  0.10 0.10
  149 T   -1 -3 -4 -1 -4 -3 -2 -2 -1  1  0 -4 -2  0  6 -1  1 -4 -1  0    5   2   1   3   0   1   2   4   1   7   8   1   1   4  37   6   9   0   2   5  0.70 0.45
  150 Q    1  1 -1 -1 -2  0 -1 -1  3  0  0 -1  0  0  0  0 -1 -2  0  0   12   9   3   2   1   4   3   4   8   5  11   3   2   4   5   8   3   1   3   8  0.06 0.09
  151 D   -2 -1 -1  6 -7 -1  0  0  1 -4 -4 -3 -5 -2  2 -2 -1 -2 -1 -2    3   3   2  43   0   3   6   7   3   1   2   2   0   2  11   3   4   1   3   3  0.85 0.51
  152 K   -1  2  2  0 -3  0  0  0  1 -3 -3  3 -1 -1 -1  0  0 -3 -1 -3    5  12   9   4   1   5   7   7   4   1   3  17   1   2   3   7   7   0   2   2  0.22 0.20
  153 A    2 -2 -1 -2 -3  0 -1  3  0 -3 -2  0 -1 -2  0  2  0 -2 -2 -3   15   2   3   2   0   4   5  24   3   2   4   7   1   2   4  14   5   1   1   2  0.30 0.25
  154 G   -1  0  0 -2  0  0 -3  5  0 -4 -4 -3 -3 -4  1  0 -2 -2 -1 -2    6   5   4   2   2   4   1  44   3   1   2   1   1   1   7   8   3   1   2   3  0.68 0.42
  155 Y   -2 -3 -4 -3  4 -4 -5 -6 -1 -2 -3 -5  0  0 -4 -3 -4  0  9  0    3   2   1   2   7   1   1   1   1   2   3   1   2   4   1   2   1   1  58   6  1.79 0.84
  156 F   -1 -2 -5 -6  1 -2 -4 -4  4 -3  0 -6  3  6 -5 -3 -3 -1  6 -4    5   2   0   0   3   2   2   2   8   1   8   0   6  30   1   3   2   1  25   1  1.16 0.58
  157 D    0 -2 -1  5 -2 -1 -1 -1  2 -3 -3 -4 -2 -4  1  3 -1 -4 -1 -2    9   2   2  28   1   2   3   6   5   2   3   1   1   1   7  21   4   0   2   3  0.52 0.38
  158 L    0 -3 -3 -2 -1 -1 -2 -2 -1  2  2 -4  2 -1  0  0  1 -4 -1  2    8   1   1   2   1   3   3   3   1  10  21   0   4   2   4   8  10   0   2  15  0.22 0.20
  159 A    1  0 -1  1 -3  0  1  0  1 -1 -1 -1 -1 -2  3  1  1 -4  0 -1   12   5   2   7   0   4   8   6   3   3   7   2   1   2  12  10   8   0   3   3  0.14 0.15
  160 P    0  1 -3 -2 -5  0 -1  0  0 -4 -3 -3 -4 -5  6  0 -1 -3 -3 -3    9   9   1   2   0   5   4   8   3   1   2   1   0   1  40   7   3   0   1   2  0.85 0.52
  161 T    0 -1 -1 -2 -2  0 -1 -1 -1  1  2 -2  2  1 -2  0  0 -2  1  0    6   3   3   2   0   5   3   4   1   6  23   2   6   7   2   8   7   0   4   7  0.12 0.13
  162 D   -1 -3  1  7 -4 -3  0 -2  1 -4 -3 -4 -1 -5 -3  0  0 -3 -2 -2    5   2   6  51   0   1   5   3   3   1   3   1   2   1   1   6   5   0   1   4  1.03 0.57
  163 L    0  3 -1  1 -4  1  1 -2  1 -1 -1  1 -1 -2 -1  0  0 -3 -1 -1    8  15   2   7   0   6  10   2   4   3   7  10   1   1   3   7   6   0   2   4  0.15 0.15
  164 G    1 -1  0 -1  0 -1 -1  2  1 -1  0 -2  1  1 -2  0  0  0  1 -1   13   2   4   3   2   3   3  15   5   3  12   1   4   7   2   5   5   1   6   5  0.09 0.11
  165 E    0  0 -1  1 -2  2  3 -1  2 -2 -2 -2  0 -1 -2  1 -1 -2  1 -2    7   5   3   8   1   9  24   4   4   2   4   2   3   2   2   9   3   1   5   2  0.26 0.24
  166 N   -1 -1  2  4 -5 -1  2 -1 -1 -3 -3 -1 -5 -4  3 -1 -2 -2 -3 -4    5   4  10  26   0   2  15   6   1   1   2   3   0   1  14   5   2   1   1   1  0.56 0.39
  167 A   -1 -6 -6 -5  0 -5 -5 -5 -2  3  3 -5  0  5 -4 -4 -3  1  2  3    5   0   0   1   2   0   1   1   1  15  24   0   2  22   1   1   1   2   6  17  0.80 0.43
  168 R   -4  6 -5 -6 -2 -3 -5 -5 -4  1  3 -1  1  2 -6 -4 -3 -2  1  0    1  38   0   0   1   1   0   1   0   9  23   3   3   7   0   1   2   1   4   6  0.90 0.52
  169 R   -1  4  1  2 -2  1  1 -1  1 -3 -2  0 -2 -4 -4  1  1 -4  0 -3    4  26   6  10   1   6   7   4   3   1   4   5   1   1   0  10   8   0   3   1  0.37 0.30
  170 D    0  1 -2  4 -7  1  5 -3 -1 -3 -4  1 -3 -4 -2 -2 -2 -5 -5 -4    6   7   2  24   0   5  33   2   1   2   2   7   1   1   2   2   3   0   0   1  0.77 0.49
  171 M   -1 -7 -7 -6 -3 -6 -7 -7 -5  5  3 -6  5 -1 -7 -5 -1 -3 -4  3    4   0   0   0   1   0   0   0   0  34  23   0  13   3   0   1   4   0   0  16  1.14 0.56
  172 T    0  2 -3 -3  4 -2 -2 -4 -2  1  0 -3  2 -1 -5  0  0 -2  0  3    8  12   1   1   9   2   2   1   1   8   9   1   6   3   0   7   5   0   3  19  0.30 0.25
  173 L    0  2  1  2 -3  1  2 -2  1 -2  1  1 -1 -3 -2  0  0 -5 -2 -3    7  10   6  13   0   6  13   2   3   1  14   7   1   1   1   7   5   0   1   1  0.20 0.20
  174 A    3 -2  0 -2  0 -2 -1 -1  1 -1 -1 -2  1 -2 -4  0  2 -2  2  0   25   2   5   2   2   2   3   4   3   4   5   1   3   1   0   6  15   1   9   7  0.24 0.25
  175 L   -1 -7 -7 -8  4 -6 -7 -3 -5 -1  5 -7  5 -1 -7 -3 -3 -6 -3 -2    5   0   0   0   9   0   0   3   0   3  58   0  13   2   0   2   1   0   1   2  1.33 0.67
  176 E    0  1  1  1 -4  2  4 -2 -1 -2 -2  1 -2 -4 -2  0 -1 -4 -4 -2    9   7   7   6   0   8  32   3   1   3   3   6   1   0   2   5   4   0   0   2  0.43 0.33
  177 E    2  0 -1  2 -4  2  3  0 -2 -3 -3  2 -3 -5 -4  0 -1 -6 -3 -2   20   4   3  11   0   8  19   7   1   1   2  10   0   0   0   7   3   0   1   2  0.39 0.32
  178 M    1 -5 -3 -6  2  2 -5 -6 -3  0  2 -5  7  2 -6 -2 -3 -3 -2  0   14   0   2   0   3  10   0   0   1   5  20   0  26   7   0   3   1   0   2   5  0.81 0.50
  179 G   -5 -3  1  0 -6 -3 -1  7 -1 -9 -9 -4 -8 -4 -7 -3 -6 -8 -6 -7    0   2   6   5   0   1   4  76   1   0   0   1   0   1   0   2   0   0   0   0  1.94 0.88
  180 F   -4 -4 -7 -8 -1 -5 -6 -7 -7  6  2 -7  1  2 -7 -6 -4  3  0  3    1   1   0   0   1   0   0   0   0  43  18   0   3   7   0   0   1   4   3  17  1.20 0.58
  181 E   -1 -1  0  2 -5  1  2 -1 -1 -3 -4  1 -3 -4  5  0 -1 -6 -2 -3    4   4   4  12   0   5  15   6   1   1   1   8   0   1  25   6   4   0   2   2  0.51 0.36
  182 I    0 -5 -4 -7 -1 -6 -5 -5 -7  4  1 -6  1 -2  2 -4 -2 -4 -3  5    7   0   1   0   1   0   1   1   0  19  11   0   3   2  10   1   3   0   1  40  0.91 0.51
  183 E   -3  0 -3  2 -7  0  6 -4 -1 -1 -3  1 -2 -2 -4 -2 -1 -3  1 -2    2   6   1   9   0   4  45   1   2   3   3   7   1   2   0   3   5   0   4   3  0.77 0.50
  184 A    2  0 -2 -3 -1  2 -2  0  0 -3 -3  1  0 -1 -4  2  2 -4  3 -1   16   4   2   1   1   9   2   7   2   1   2   8   2   2   0  15  11   0  11   5  0.26 0.27
  185 S    1 -4 -2 -3  0 -2 -3 -2  5  1  1 -3  1  1 -5  2  0  1  0  0   10   0   1   1   2   1   1   3  15  10  12   1   4   6   0  18   4   2   4   7  0.36 0.30
  186 H   -5 -2  2  0 -6 -1 -1 -3  9 -1 -4 -1 -3 -2 -7 -3 -3 -7  1 -2    1   2   8   6   0   2   4   2  51   4   2   4   1   2   0   2   1   0   4   3  1.62 0.76
  187 H    0 -2 -3 -4 -1 -2 -4 -2  9 -5 -6 -1 -5 -6  0 -1  1 -3 -2 -2    8   2   1   1   1   2   1   4  52   1   1   4   0   0   6   5   8   0   1   3  1.63 0.78
  188 E   -4 -4 -6 -5 -9 -2  8 -3 -1 -6 -6 -4 -4 -9 -7 -5 -6 -9 -6 -8    1   1   0   0   0   1  90   2   1   1   1   0   1   0   0   0   0   0   0   0  2.63 1.18
  189 V    1 -2 -1  0  1 -3 -3  0  1 -2 -2 -3 -1  1 -4  0 -1  2  3  3   10   2   2   6   3   1   1   7   3   1   4   1   1   5   0   9   3   3  12  26  0.30 0.27
  190 A    4 -7 -3 -3 -4 -3 -5  6 -5 -6 -7 -6 -5 -4 -5  0 -3 -5 -6 -6   29   0   1   2   0   1   0  55   0   0   0   0   0   1   1   7   2   0   0   0  1.46 0.73
  191 E    0 -1  0 -3 -3 -2 -2 -2  0 -4 -3 -2 -4 -4  7  0  1 -2 -3 -4    9   3   5   1   1   1   3   3   2   1   3   2   0   1  48   6   8   1   1   1  1.07 0.60
  192 G   -1 -5 -3 -6  0 -7 -6  7 -4 -9 -8 -7 -8 -7 -6  2 -5 -3 -5 -8    6   1   1   0   2   0   0  74   1   0   0   0   0   0   0  14   0   0   1   0  1.96 0.89
  193 Q   -6 -6 -4 -7 -6  9 -4 -8 -3 -8 -5 -4 -1 -5 -5 -6 -7 -9 -8 -2    1   0   1   0   0  89   0   0   1   0   1   1   2   1   1   0   0   0   0   3  3.05 1.35
  194 N   -3 -5  2 -6  1  1 -4 -3  6  0 -1 -5  1  4 -7 -4 -5 -1  4  0    2   0  10   0   3   7   1   2  19   5   7   0   4  19   0   1   0   1  14   5  0.85 0.48
  195 E   -5 -3 -6 -4 -5 -4  8 -6 -4 -9 -9 -4 -5 -7 -7 -5 -5 -9 -8 -5    1   1   0   0   0   0  92   1   0   0   0   1   0   0   0   1   1   0   0   1  2.76 1.22
  196 I   -1 -7 -8 -5 -3 -5 -7 -6 -7  7  1 -7  0  1 -6 -6 -3 -7 -4  3    6   0   0   1   0   0   0   1   0  55  13   0   2   6   0   0   1   0   0  14  1.46 0.66
  197 D    0 -4  5  3 -4 -4  1 -2 -4 -4 -5 -4 -4 -7 -3  1  2 -7 -6  0    8   1  29  18   0   0  10   3   0   1   1   0   0   0   2   9  10   0   0   6  0.76 0.48
  198 F   -5 -7 -5 -7 -3 -5 -7 -7 -3  2  4 -7  2  6 -4 -6 -1  2  1  1    0   0   0   0   0   0   0   0   1  11  34   0   4  29   1   0   4   2   4   8  1.09 0.54
  199 K    1  3  0  0 -3  1  1  0  2 -4 -2  2 -1 -4 -1  0 -1 -1 -2 -2   10  20   4   4   0   5   8   7   5   0   4  14   2   0   3   5   4   1   1   2  0.27 0.23
  200 Y   -2 -3 -5 -5 -4 -4 -3 -6  6 -5 -3 -3 -3  4  3 -3 -4 -2  7 -4    4   1   0   1   0   1   2   0  20   0   3   1   1  13  17   2   1   1  30   1  1.36 0.69
  201 G    2  0  0  3 -1  0 -1  2 -1 -3 -2 -1  0 -3 -4  1  1 -5 -3 -3   18   5   4  15   1   4   2  14   1   1   5   4   2   1   0  12   8   0   1   2  0.27 0.24
  202 D   -3 -2  1  6 -4 -3  2 -2 -2 -5 -5 -3 -4 -3  3  0  1 -4 -4 -5    2   2   5  37   0   1  13   3   1   0   1   1   0   1  14   6   8   0   1   1  0.83 0.50
  203 A    5 -6 -6 -5  0 -5 -6  1 -6 -1  1 -6 -1 -5  4 -3 -4 -7 -6  0   44   0   0   1   2   0   0  11   0   3  12   0   1   0  18   1   0   0   0   5  0.95 0.57
  204 L   -3 -3 -6 -5 -3 -4 -4 -5 -7  1  5 -4  3 -2 -6 -4 -1 -6 -5  2    2   1   0   1   0   1   1   1   0   8  57   1   6   1   0   1   3   0   0  14  1.08 0.55
  205 T    1  2 -1  0 -2  1  2 -2 -1 -2 -2  2 -2 -4 -2  0  2 -5 -4 -1   12  13   2   5   1   6  14   3   1   2   3  13   1   0   1   7  13   0   0   4  0.28 0.25
  206 T    5 -5 -3 -6  0 -2 -5 -4 -3 -1 -2 -4  5 -5 -4  1  3 -7 -6 -1   43   0   1   0   2   2   0   0   1   3   4   1  15   0   1   9  15   0   0   3  0.97 0.58
  207 A    7 -7 -7 -7  4 -5 -7 -1 -7 -4 -6 -7 -4 -8 -4 -1 -4 -8 -8 -3   79   0   0   0   8   0   0   4   0   1   0   0   0   0   1   3   1   0   0   2  1.98 0.93
  208 D   -7 -5 -4  9 -10 -7 -3 -8 -4 -10 -9 -6 -6 -10 -8 -7 -8 -11 -10 -10    0   1   1  96   0   0   1   0   0   0   0   0   0   0   0   0   0   0   0   0  3.25 1.28
  209 N    0  3  5  1 -4  2 -1 -3  2 -4 -5  0 -1 -3 -5 -1 -1 -2 -3 -5    9  18  24   9   0  11   4   1   5   1   1   5   2   1   0   5   3   1   1   0  0.62 0.41
  210 I    2 -4 -4 -5 -1 -1 -4 -3  3  3  1 -5  2  1 -5 -2  0 -2 -1  2   21   0   0   0   1   3   1   2   7  14  15   0   4   5   0   2   7   0   2  15  0.42 0.31
  211 M   -1 -5 -5 -6 -1  2 -5 -6 -3  3  1 -5  5  2 -5 -2  0 -3 -2  3    6   0   0   0   1   9   0   0   1  17  12   0  13  10   0   3   5   0   1  21  0.64 0.39
  212 T   -2 -1 -3 -5 -4 -4 -4 -6 -4  2  4 -2  2  2 -6 -2  4 -1  0  0    2   4   1   0   0   0   1   0   0   9  34   2   5   7   0   2  23   1   3   4  0.63 0.40
  213 F    1 -7 -7 -8 -1 -5 -7 -6 -2 -1  2 -6 -1  7 -7 -3 -2 -3  5  0   11   0   0   0   1   0   0   0   1   3  15   0   1  40   0   2   3   0  16   5  1.23 0.60
  214 K   -7  5 -5 -6 -4 -3 -4 -8 -6 -5 -7  7 -2 -9 -7 -6 -7 -9 -8 -6    0  27   0   0   0   1   0   0   0   1   0  68   1   0   0   0   0   0   0   0  2.33 1.02
  215 L   -2  1  1 -3 -4  1  0 -4  2 -1  0 -2  1  1 -5  0  1  2  4 -2    3   8   6   1   0   8   7   1   5   3   9   1   4   5   0   8   7   3  17   2  0.32 0.27
  216 V    3 -5 -5 -6 -1 -5 -5 -1 -4  3  1 -5  2 -1 -5 -2  1 -4 -2  3   22   0   0   0   1   0   0   6   0  14  12   0   5   3   0   2  10   0   1  23  0.56 0.37
  217 V    2 -7 -7 -7  1 -6 -7 -6 -7  4  0 -6 -1 -3 -7 -3  0 -7 -6  6   14   0   0   0   3   0   0   0   0  21   7   0   1   1   0   2   6   0   0  45  1.16 0.58
  218 K   -3  5 -4 -5 -6 -1 -3 -5  2 -7 -6  7 -5 -6 -7 -3 -3 -2 -4 -7    2  30   1   0   0   2   1   1   4   0   1  54   0   0   0   2   1   1   0   0  1.71 0.81
  219 S    1  0  3  0 -3  2  3  0  0 -3 -3 -1  0 -4 -4  0  0 -3 -3 -2   13   4  12   4   0  11  21   6   2   2   2   2   3   0   0   8   6   0   1   3  0.35 0.29
  220 I   -1 -5 -6 -7 -3 -4 -5 -7 -5  5  2 -5  2 -2 -7 -4  0 -2 -2  5    4   0   0   0   1   1   1   0   0  30  15   0   4   1   0   1   5   1   2  34  1.03 0.51
  221 A    7 -7 -7 -8  2 -7 -7 -1 -7 -6 -4 -7 -5 -4 -7 -1 -3 -8 -7 -4   82   0   0   0   4   0   0   4   0   0   2   0   0   1   0   3   1   0   0   1  2.04 0.95
  222 Q    2  4 -1 -1 -4  1  0 -2  3 -2 -1  1 -1 -2 -3  0 -1  0 -1 -2   16  21   3   3   0   7   7   2   6   2   6   7   1   2   1   7   3   1   3   2  0.29 0.24
  223 R   -1  5 -1 -2 -5  3  1 -3 -1 -3 -1  3 -1 -5 -5 -1 -2 -4 -5 -4    6  26   2   2   0  15   9   2   1   2   6  19   2   0   0   5   2   0   0   1  0.63 0.41
  224 H   -2  0  3 -3 -2  1  0 -3  8 -5 -3 -2  1  0 -7 -2 -3 -3  3 -6    4   6  12   1   1   6   5   2  36   0   3   2   3   4   0   3   1   0   9   0  1.11 0.58
  225 G   -3 -6  2  1 -3 -3 -3  7 -3 -9 -9 -4 -8 -9 -8 -4 -7 -8 -8 -9    2   0   9   7   1   2   2  75   1   0   0   1   0   0   0   1   0   0   0   0  2.01 0.89
  226 L   -2 -2 -6 -7  0 -3 -6 -6 -1  0  4  1  4  1 -7 -3 -4  1  3  0    3   2   0   0   2   1   0   0   1   4  42   9   9   6   0   2   0   2  10   6  0.78 0.45
  227 H   -1  0 -2 -2 -2 -1 -1 -3  4  1  0 -1  0  0 -4  0  2  0  2  1    4   6   1   2   1   3   4   1  11   9   9   4   3   4   0   6  14   1   9   8  0.23 0.21
  228 A    7 -7 -6 -7 -1 -6 -7 -3 -2 -1 -3 -6 -6 -5 -1 -3 -4 -8 -4  2   73   0   0   0   1   0   0   1   1   3   2   0   0   1   4   1   1   0   0  11  1.64 0.83
  229 S   -4 -7 -2 -2  2 -5 -5 -6 -7 -5 -6 -6 -7 -8 -3  4  7 -8 -6 -3    1   0   2   3   4   0   0   0   0   1   1   0   0   0   1  26  59   0   0   2  1.77 0.91
  230 F   -7 -9 -10 -10 -3 -10 -10 -7 -5 -7 -3 -10 -1 10 -10 -5 -7 -1 -1 -6    0   0   0   0   1   0   0   0   0   0   2   0   1  90   0   1   0   1   1   0  3.33 1.27
  231 M   -3 -6 -9 -9 -2 -5 -5 -7 -4 -2  0 -8 11 -7 -9 -2 -5 -8 -8 -4    3   0   0   0   1   0   1   0   0   2   9   0  77   0   0   4   1   0   0   1  3.03 1.24
  232 P    4 -8 -8 -7  0 -7 -7 -3 -8 -8 -8 -7 -8 -9  8 -1 -2 -9 -9 -6   27   0   0   0   2   0   0   3   0   0   0   0   0   0  61   4   3   0   0   0  2.16 1.01
  233 K   -4  1 -6 -7 -9 -2 -5 -8 -7 -8 -5  8 -3 -4 -6 -4 -7 -9 -4 -4    1   8   0   0   0   1   0   0   0   0   1  83   1   1   0   2   0   0   1   1  2.43 1.07
  234 P   -6 -4 -8 -8 -9 -7 -7 -8 -5 -2 -4 -7 -8 -5  9 -6 -5  2 -1 -3    0   1   0   0   0   0   0   0   0   2   2   0   0   1  84   0   1   3   2   2  2.81 1.21
  235 I   -2 -2 -3 -2 -1 -4 -4 -5 -1  2  2 -3  0  6 -5 -1 -3  1  2  0    4   3   2   3   1   1   1   1   1  13  18   1   2  28   1   5   1   2   7   5  0.61 0.35
  236 F    1 -1  0  0 -3  0  1 -1  0 -1 -2  0  0  1  2  0  1 -1  1 -2   15   3   5   4   0   4   9   4   2   3   4   5   2   6  11   6   8   1   5   2  0.12 0.13
  237 G   -2 -3  3  5 -4 -1  1  4  1 -5 -4 -2 -3 -6 -5 -2 -1 -3 -5 -6    2   1  12  29   0   2   9  29   3   1   2   2   1   0   0   2   4   0   0   0  0.86 0.49
  238 I    0  0 -2  2 -1  2  2 -1  0  0  0 -1  0  0 -3 -1 -2  0  0 -1    6   6   1  12   1  11  15   4   2   6  11   3   3   4   0   5   2   1   3   5  0.13 0.16
  239 N    3 -3  3 -2 -1 -3 -1 -2 -1 -4 -3 -3 -1 -1  4  1 -1 -1 -2 -2   23   2  16   2   1   1   4   3   1   1   2   1   1   2  21   9   4   1   1   3  0.52 0.38
  240 G   -2 -4 -5 -7 -8 -8 -8  8 -8 -9 -9 -7 -8 -9 -5 -2 -4 -9 -9 -7    4   1   0   0   0   0   0  88   0   0   0   0   0   0   1   4   1   0   0   0  2.53 1.06
  241 S   -3 -7  6 -5  1 -3 -6 -6 -4 -6 -5 -6 -7 -8 -7  6 -2 -9 -8 -5    1   0  32   0   3   1   0   0   0   0   1   0   0   0   0  58   2   0   0   1  1.91 0.96
  242 G   -1 -8 -4 -5 -4 -4 -7  7 -8 -9 -9 -7 -8 -9 -6  2 -5 -8 -9 -7    5   0   0   1   0   1   0  76   0   0   0   0   0   0   0  15   1   0   0   0  2.11 0.94
  243 M    0 -7 -5 -8  5 -3 -7  0 -4 -4  3 -7  8  0 -7 -3 -3  3 -2 -4    7   0   1   0  12   1   0   7   1   0  24   0  35   4   0   2   2   4   2   0  1.35 0.68
  244 H   -7 -3 -4 -5 -10 -5 -7 -7 11 -5 -6 -8 -8 -5 -5 -5 -5 -9 -5 -6    0   2   1   1   0   0   0   0  89   1   1   0   0   1   1   1   1   0   0   1  3.91 1.46
  245 V   -3 -6 -6 -7  1 -4 -6 -7 -1  4  3 -6  2  2 -7 -3  1 -3 -1  3    1   0   0   0   3   1   0   0   2  23  24   0   5   8   0   1   8   0   2  21  0.85 0.45
  246 N   -4 -4  3 -6 -4 -2 -6 -4 11 -7 -7 -5 -3 -3 -8 -3 -4 -9 -2 -9    1   1  11   0   1   2   0   2  74   0   0   1   1   1   0   2   2   0   1   0  3.05 1.20
  247 M   -3 -5 -5 -6 -1  5 -4 -6  1  3  2 -5  4  3 -6 -4 -3 -3 -3  2    2   0   0   0   1  24   0   0   4  14  19   0   9  11   0   1   1   0   1  12  0.81 0.49
  248 S   -3 -1 -3 -5 -2 -3 -4 -4 -2 -5 -5 -3 -2 -3 -7  7 -1 -4 -2 -6    2   4   1   0   1   1   1   1   1   1   1   1   1   1   0  76   4   0   2   0  1.75 0.92
  249 L   -2 -7 -8 -8 -1 -7 -8 -8 -8  2  6 -7  1  0 -4 -7 -4 -7 -6  1    3   0   0   0   2   0   0   0   0   9  69   0   3   4   1   0   1   0   0   8  1.53 0.70
  250 F   -2  0 -3 -5 -1 -1 -2 -5  1 -2 -1 -1  0  3 -6 -2 -1  9  0  0    4   6   1   1   1   3   3   1   4   2   7   4   2  11   0   3   5  30   3   7  1.04 0.53
  251 K   -2  2  0  5 -7  1  0 -3 -2 -6 -6  4 -5 -6 -4 -1 -2 -5 -6 -6    3   9   4  33   0   5   5   2   1   0   1  27   0   0   0   5   2   0   0   0  0.96 0.54
  252 D   -1 -1  2  4 -6 -1  1  3 -2 -4 -4  0 -5 -6 -2  0  2 -6 -6 -4    5   3  10  23   0   2  10  19   1   1   2   5   0   0   2   5  11   0   0   1  0.54 0.36
  253 G   -2 -5  1  3 -7 -2  2  6 -3 -6 -5  0 -4 -4 -5 -2 -3 -7 -5 -6    3   0   6  14   0   2  11  51   1   0   1   6   0   1   0   2   2   0   0   0  1.10 0.57
  254 K   -1  3  1 -1 -4  1  2  1  1 -4 -4  3 -2 -3 -4 -1  0 -5 -3 -2    4  15   5   3   0   5  15  10   3   1   1  21   1   1   0   4   6   0   1   3  0.44 0.31
  255 N   -3 -2  8  0 -5 -4 -4 -4 -2 -7 -6 -2 -5 -7  2  0 -2 -8 -5 -6    2   2  65   4   0   1   1   1   1   0   1   2   0   0  10   6   2   0   1   1  1.82 0.85
  256 A    2 -3  1 -4 -3 -2 -2 -4 -5  2  3 -3 -1 -3 -2 -3 -2 -2 -4  2   20   2   6   1   0   1   3   1   0  11  29   1   1   1   2   1   2   1   0  16  0.47 0.32
  257 F   -4 -6 -2 -8 -2 -7 -6 -5 -4 -2  0 -6  2  9 -4 -5 -4  0 -2 -1    2   1   2   0   1   0   0   1   0   2   8   0   4  70   1   1   1   1   0   4  2.12 0.87
  258 V    2 -2 -2 -2 -1 -3 -2 -2  2 -2 -1 -3  0  4 -2  0 -1  1  5 -1   18   2   2   2   1   1   3   3   4   2   4   1   2  16   2   6   4   2  19   5  0.43 0.29
  259 D    0 -2  0  6 -2 -3  0  0  0 -4 -3 -3 -3 -2 -1  0 -2 -4 -4 -4    7   2   4  50   1   1   5   7   3   1   3   1   1   2   3   6   2   0   1   2  0.95 0.48
  260 E    1 -2 -2  1 -3 -1  2  1 -3 -4 -3  0 -3 -4  4 -1  0 -2 -4 -3   12   2   2   9   1   2  15  11   1   1   2   7   1   1  22   5   6   1   0   2  0.45 0.31
  261 N   -1 -1  3  3 -3  0  1  2  0 -4 -4  1 -4 -4 -2  2  0 -3 -3 -4    6   2  12  18   1   4   8  13   2   1   1   8   0   1   2  14   6   0   1   1  0.38 0.27
  262 D    1 -1 -1  4 -2 -2  1  3  0 -5 -5  0 -4 -5 -1  0 -1 -6 -4 -4   10   3   3  26   1   2   7  23   2   0   1   6   0   1   3   8   4   0   0   1  0.56 0.35
  263 K   -1  0 -1  0 -5  0  3  0 -1 -4 -3  1 -3 -2  4 -1 -1 -3  3 -3    5   5   2   5   0   4  20   7   1   1   2   9   0   1  18   5   4   0   9   1  0.40 0.29
  264 N    1  0  0  2 -2 -1  0  1  3 -3 -1 -1  0 -1 -1 -1 -1 -1  3 -3   13   5   5  11   1   3   6  11   7   1   6   3   2   3   3   4   3   1  12   1  0.17 0.16
  265 G   -1 -1  1  0 -3  0  0  5  2 -3 -3 -1  0 -3 -1 -2 -2 -4 -1 -3    4   4   6   5   1   5   6  40   5   1   3   4   2   1   3   3   3   0   2   2  0.54 0.31
  266 L   -3 -4 -5 -5 -3 -4 -3 -4 -4  2  5 -4  4  0 -1 -4 -3  0 -3  0    2   1   1   1   0   1   2   1   1   8  55   1   9   3   3   2   2   1   1   6  0.96 0.45
  267 S   -3 -5 -1 -4 -4 -4 -4 -4 -3 -5 -6 -5 -4 -6 -2  7  1 -6 -6 -5    2   0   2   1   0   1   1   1   1   1   1   0   0   0   3  77   7   0   0   1  1.86 0.92
  268 K    0  0 -2  4 -6  2  3 -3 -3 -4 -4  2 -4 -6  2 -2 -1 -6 -5 -3    8   4   2  20   0  10  19   2   0   1   2  13   0   0   9   3   3   0   0   1  0.58 0.39
  269 V   -1 -2 -3 -3 -1 -1  0 -5 -3  2  2 -2  2 -1 -3 -3  3 -2 -3  1    6   2   1   1   1   3   7   0   0  12  22   2   5   3   1   1  22   1   1   9  0.39 0.30
  270 A    4 -4 -6 -6  2 -4 -5  4 -4 -4  0 -5  3  1 -6 -3 -4 -4 -4 -4   38   1   0   0   4   1   1  27   0   1   9   1   7   7   0   1   1   0   1   1  0.94 0.55
  271 Y   -3  5 -3 -2 -2  1  0 -3  1 -3  1  2  1 -3 -4 -2 -3 -2  2 -4    2  34   1   3   1   5   6   2   3   1  14  12   3   1   1   3   1   1   6   1  0.63 0.42
  272 Q    0  0  1 -5 -3  2 -3 -2  8 -7 -6 -3 -3 -3 -7  2 -5  3  4 -7    7   4   6   0   1  10   1   3  32   0   1   2   1   1   0  13   0   4  14   0  1.20 0.65
  273 F    1 -8 -8 -9 -4 -8 -8 -6 -3 -5 -4 -8 -1  8 -8 -4 -6  3  5 -3   13   0   0   0   0   0   0   0   1   0   1   0   1  56   0   1   0   4  20   2  2.12 0.94
  274 I   -1 -5 -7 -7 -3 -6 -7 -7 -7  6  2 -5  3 -4 -7 -3 -2 -7 -6  3    5   1   0   0   0   0   0   0   0  44  21   1   7   0   0   2   2   0   0  18  1.25 0.60
  275 A    6 -6 -3 -6 -4 -5 -4  5 -4 -7 -7 -4 -7 -8 -6 -2 -4 -8 -7 -6   56   0   1   0   0   0   1  36   0   0   0   1   0   0   0   2   1   0   0   0  1.66 0.82
  276 G   -5 -4 -5 -8 -9 -8 -8  8 -8 -10 -10 -8 -9 -9 -8 -5 -8 -9 -9 -9    1   1   1   0   0   0   0  97   0   0   0   0   0   0   0   0   0   0   0   0  2.99 1.21
  277 L   -4 -6 -5 -7 -3  2 -5 -8 -5  5  4 -6  2 -4 -7 -6 -5 -1 -6  3    1   0   0   0   0   8   0   0   0  27  39   0   4   0   0   0   0   1   0  18  1.20 0.61
  278 L   -5 -5 -8 -8 -6  2 -6 -7 -7  1  6 -5  3 -2 -8 -5 -4 -7 -5 -1    1   0   0   0   0   8   0   0   0   8  69   1   6   2   0   1   1   0   0   3  1.52 0.74
  279 K    2  1  0  1 -4  0  2 -3  3 -5 -5  4 -4 -4 -5 -1 -1 -6 -1 -3   16   8   4   8   0   4  14   1   7   0   1  24   0   1   0   5   3   0   2   2  0.50 0.37
  280 N   -3  0 -1 -6 -1 -4 -4 -3 10 -8 -3 -3 -3 -3 -6 -4  0 -5  3 -5    3   5   3   0   1   0   1   2  59   0   3   2   1   1   0   1   7   0   9   1  2.13 0.94
  281 I    5 -6 -4 -6 -3 -4 -5 -1 -3  1  2 -5  4 -3 -5  0 -1 -6 -4 -2   42   0   1   0   1   0   0   4   1   9  19   0  10   1   0   6   4   0   0   2  0.81 0.51
  282 K    0  4 -1 -2 -1 -1 -1 -2 -2 -5 -5  2 -4 -6  5 -2 -4 -4 -5 -5    9  24   3   2   1   2   3   4   1   1   1  12   0   0  32   3   0   0   0   1  0.93 0.55
  283 G    4 -5 -4  2 -5 -2  4  1 -3 -6 -7 -4 -3 -6 -3  0 -4 -7 -4 -5   38   0   0  11   0   1  28   9   0   0   0   0   1   0   1   8   0   0   1   0  0.97 0.60
  284 M    0 -6 -5 -7  0 -5 -6 -4 -5  4  4 -6  4  2 -7 -1 -2 -4 -3 -1    7   0   1   0   2   0   0   1   0  21  41   0  10   7   0   5   2   0   1   3  0.91 0.50
  285 A    1 -6 -2 -5  5 -1 -5 -5 -6 -3  0 -5  5 -2 -5  2  4 -6 -5 -2   12   0   2   0  12   3   0   0   0   1   9   0  15   2   0  13  28   0   0   3  0.86 0.54
  286 A    6 -5 -7 -7  0 -6 -6 -2 -7 -1  2 -6 -3 -4  0 -2 -4 -4 -4  0   58   0   0   0   2   0   0   3   0   4  18   0   0   1   5   2   0   0   0   7  1.14 0.65
  287 V   -4 -7 -8 -8 -3 -7 -7 -7 -7  4  3 -7  2  6 -7 -6 -5 -1 -2  3    1   0   0   0   0   0   0   0   0  20  27   0   5  28   0   0   0   1   1  16  1.27 0.60
  288 T    1 -5 -4 -6  1 -4 -5 -2 -1 -2  2 -5  0  3 -6 -1  4 -1  2 -1   10   0   0   0   3   0   0   3   1   2  18   0   3  14   0   4  29   1   8   4  0.63 0.43
  289 N    4 -4  6 -4  4 -4 -6 -3 -3 -6 -4 -5 -2 -6 -6  0 -1 -3 -5 -4   38   1  36   0   7   0   0   2   1   0   2   0   1   0   0   5   4   0   0   1  1.29 0.71
  290 P   -4 -6 -4 -7 -3  0 -7 -5 -6 -9 -9 -7 -5 -9  8 -1 -3 -9 -6 -8    2   0   1   0   1   5   0   1   0   0   0   0   0   0  83   5   2   0   0   0  2.75 1.20
  291 L   -4 -4  3 -4 -2 -4 -5 -5  2 -1 -2 -4 -4 -2 -6  2  6  3  0 -3    1   1  11   1   1   0   0   1   5   3   5   1   0   1   0  14  47   4   3   2  1.06 0.64
  292 V    0 -4 -5 -6 -2 -4 -3 -6 -4  3 -2 -3 -3 -3  1 -4  2 -4 -2  5    6   1   0   0   1   1   2   0   1  18   3   2   0   1   8   1  12   0   1  42  0.86 0.50
  293 N   -5 -7  9 -4 -9 -3 -2 -6 -3 -6 -7 -6 -6 -9 -7 -5 -3 -10 -8 -6    1   0  89   1   0   1   3   0   0   1   1   0   0   0   0   0   1   0   0   1  2.96 1.25
  294 S   -1 -7 -5 -4  2 -6 -5 -1 -7 -8 -8 -6 -7 -8 -7  7 -3 -8 -7 -7    5   0   0   1   4   0   0   5   0   0   0   0   0   0   0  83   1   0   0   0  2.19 1.07
  295 Y   -7 -6 -8 -9 -6 -8 -8 -9 -4 -6 -5 -8 -4  3 -9 -7 -8 -1 10 -6    0   0   0   0   0   0   0   0   0   0   1   0   0   8   0   0   0   1  88   0  3.49 1.36
  296 K   -3  5 -3 -1 -6 -1 -1 -5 -1 -7 -5  7 -5 -6 -6 -3 -3 -7 -6 -6    2  24   1   4   0   2   4   0   1   0   1  56   0   0   0   1   1   0   0   1  1.57 0.76
  297 R   -6  9 -6 -7 -9 -5 -6 -6 -6 -8 -8 -3 -5 -8 -8 -7 -7 -8 -7 -8    1  96   0   0   0   0   0   1   0   0   0   1   0   0   0   0   0   0   0   0  3.24 1.28
  298 L   -5 -3 -6 -8 -4 -5 -7 -8 -6  1  5 -6  0  4 -6 -5 -4 -3  2 -1    1   2   0   0   0   0   0   0   0   8  59   0   2  16   0   1   1   0   6   3  1.32 0.63
  299 V    0  2 -1 -2 -2  2 -2 -1 -1  1 -1  0 -1 -3 -4 -1  0  0 -3  4    7  10   3   2   1  11   2   6   2   6   4   5   1   1   0   3   4   1   0  30  0.30 0.26
  300 P    0 -1 -3  0 -3 -3  0 -1 -3 -6 -4 -1 -3 -6  7  0 -2 -7 -5 -3    9   3   1   5   0   1   5   5   1   0   2   4   1   0  51   6   3   0   0   2  1.19 0.63
  301 G   -1 -1  2  1 -4  0 -2  5  3 -6 -5 -2 -4 -2 -4 -1 -3 -2  1 -5    4   3  10   8   0   4   3  44   7   0   1   2   0   2   1   4   1   1   4   1  0.80 0.46
  302 Y    0 -3 -1 -3  0 -2 -2 -2  2 -2 -2 -2  1  4 -3  3  1  0  4 -3    6   1   3   1   2   1   3   4   4   2   3   2   3  17   1  21  10   1  14   1  0.44 0.34
  303 E   -3 -3 -4 -1 -1 -3  5 -3  0 -5 -1 -3 -3  4 -6 -2 -5  9  1 -5    3   1   1   3   1   1  31   2   2   0   5   1   1  16   0   3   1  23   4   1  1.25 0.63
  304 A    7 -5 -5 -3 -1 -5 -4 -4 -3 -4 -6 -5 -6 -7 -4  1 -1 -7 -7 -1   74   0   0   1   1   0   1   1   1   1   0   0   0   0   1  10   4   0   0   5  1.63 0.82
  305 P   -4 -5 -7 -7 -8 -5 -7  1 -8 -8 -7 -7 -5 -9  9 -2 -6 -9 -8 -8    2   1   0   0   0   0   0   9   0   0   0   0   0   0  83   3   0   0   0   0  2.81 1.20
  306 V    1 -1 -1  0  0 -2 -2 -3 -3  1 -2 -1  0 -3 -4  0  3 -1 -1  3   11   3   3   5   2   1   1   2   0   9   3   3   2   1   0   6  20   1   2  24  0.31 0.27
  307 Y   -1  1  3 -2 -3 -1 -2 -3  3 -3 -3 -1 -2  2 -5  0  0  1  5 -2    6   7  14   1   1   2   3   2   7   1   3   4   1   8   0   6   6   2  22   4  0.48 0.34
  308 L    2 -1 -3 -4 -2 -1 -4 -4 -5  4  1 -3 -1 -2  0 -2 -1 -5 -3  3   15   3   1   1   1   2   1   1   0  25  13   2   1   1   4   2   4   0   1  21  0.49 0.32
  309 A    2 -3  1 -2  6 -3 -3  0 -1 -2 -4 -3 -1 -1 -5  3  3 -6 -4  0   18   1   6   3  15   1   1   6   1   2   1   1   1   3   0  20  15   0   0   6  0.56 0.39
  310 W   -6 -9 -9 -10 -5 -8 -6 -7 -4 -4 -5 -9 -6  0 -9 -6 -7 12  4 -4    1   0   0   0   0   0   1   0   0   1   1   0   0   3   0   1   0  76  13   2  3.99 1.46
  311 S    1 -5 -5 -4 -7 -6 -6  6 -6 -6 -7 -6 -7 -6 -6  3 -2 -7 -7 -6   10   1   0   1   0   0   0  60   0   0   0   0   0   0   0  24   2   0   0   0  1.65 0.80
  312 C   -1  1 -1 -1 -2 -1 -1 -1  2  0  0  0  0  1  0 -1 -1  1  3  1    5  10   3   4   1   2   3   4   6   7   8   5   3   5   4   4   3   2  13   9  0.09 0.11
  313 K   -2  1  3  5 -6  0  2  1 -1 -4 -4 -1 -2 -5 -3 -1 -2 -6 -3 -3    4   8  13  30   0   3  14   9   1   1   1   4   1   0   1   4   2   0   1   2  0.60 0.38
  314 N   -5 -4  9  0 -6 -6 -3 -4  1 -8 -7 -5 -7 -8 -7 -2 -3 -9 -6 -7    1   1  81   5   0   0   1   1   3   0   1   1   0   0   0   3   1   0   0   0  2.58 1.10
  315 R   -4  9 -4 -6 -8 -3 -5 -5 -4 -6 -5 -1 -6 -6 -6 -4 -6 -8 -5 -8    1  87   1   0   0   1   0   1   0   0   1   3   0   0   1   1   0   0   0   0  2.67 1.12
  316 T   -1 -4  0 -3 -2 -2  1 -1  1 -6 -4 -3 -1 -3 -4  4  5 -7 -4 -5    4   1   4   1   1   1   9   5   3   0   1   1   2   1   0  35  30   0   0   0  0.88 0.58
  317 A    5 -4 -3 -3  4  0 -4 -4 -1 -3 -4 -5 -4 -2 -2  0  2 -6 -5  2   43   1   1   2   8   4   1   1   1   1   1   0   0   2   3   6  11   0   0  15  0.79 0.51
  318 L    4 -5 -5 -5  0 -4 -5  0 -5 -2  3 -5  5 -2  0  0 -2 -6 -2 -2   31   0   0   0   2   0   0   8   0   1  25   0  13   2   4   8   2   0   1   2  0.66 0.45
  319 I   -3 -7 -7 -7  1 -6 -7 -7 -6  5  3 -7  0  2 -7 -6 -4 -3 -2  4    2   0   0   0   3   0   0   0   0  34  22   0   2   8   0   0   0   0   1  27  1.19 0.57
  320 R   -7  9 -6 -8 -2 -3 -4 -8 -3 -6 -8 -3 -7 -9 -8 -7 -5 -9 -6 -8    0  94   0   0   1   1   1   0   1   0   0   1   0   0   0   0   1   0   0   0  3.12 1.27
  321 V   -2 -6 -7 -7  0 -5 -7 -5 -7  6  0 -6 -1 -3 -6 -5 -3 -6 -3  5    3   0   0   0   2   0   0   1   0  37   8   0   1   1   0   1   1   0   1  42  1.38 0.64
  322 P   -3 -4 -4 -4  0 -4 -5 -5 -4  1 -1 -1 -3 -5  8 -3 -2 -6 -6 -1    3   1   1   1   2   1   1   1   0   7   6   3   1   0  64   2   3   0   0   4  1.70 0.76
  323 A    2  0  0 -1 -2 -1  0  1  0 -2 -2 -1  0 -3  1  1  1 -4 -1  0   18   4   4   3   1   3   6  13   3   2   3   2   3   1   6  12   7   0   3   8  0.13 0.14
  324 A    0 -1  0  0 -2 -2  0  3  0 -2 -3 -2 -3 -1  1  2  0 -3  3 -2    7   3   5   4   1   1   6  22   2   2   3   2   0   3   6  14   6   0  11   2  0.26 0.23
  325 R    0  3  1  1 -2 -1  0  0  2 -3 -4  1 -3 -3  1  1 -1 -3 -2 -3    7  17   6   8   1   2   5   8   5   2   1  10   0   1   7  13   4   0   1   1  0.26 0.21
  326 G    0 -2 -1  1 -5 -2  1  4 -2 -5 -5  1 -3 -3  4 -1 -2 -5 -4 -5    9   2   3   7   0   2  10  27   1   0   1   7   1   1  22   3   2   0   1   1  0.63 0.38
  327 A    1  0  1  1 -1  0  2  1 -1 -2 -4  2 -3 -5  1  1 -2 -5 -3 -2   12   4   7   9   1   4  11  10   1   2   1  15   1   0   6  10   2   0   1   2  0.25 0.21
  328 G    3  0  1  0 -3 -1 -1  2  0 -3 -3 -1 -3 -3 -2  2  0 -5 -2 -2   25   4   6   6   0   2   2  14   2   1   2   4   0   1   2  18   5   0   2   2  0.33 0.27
  329 T    1  1 -1 -3  0 -2 -2  0 -3 -1 -1  1  1 -3 -3  0  4 -5 -3 -1   13   9   3   0   2   1   2   7   0   4   5  11   4   1   1   6  26   0   0   5  0.30 0.27
  330 R   -4  8  1 -4 -7 -4 -5 -5  3 -6 -6 -2 -2 -4 -6 -2 -5 -4 -1 -4    1  69   7   1   0   0   0   1   6   1   1   2   1   1   0   3   1   0   3   2  1.89 0.87
  331 V   -2 -7 -7 -8  0 -7 -7 -7 -6  6  2 -7  2  4 -7 -6 -5 -2 -4  3    4   0   0   0   2   0   0   0   0  38  17   0   4  13   0   0   0   1   0  21  1.21 0.58
  332 E   -7 -6 -6 -4 -10 -2  8 -8 -6 -4 -9 -4 -5 -9 -7 -5 -5 -9 -8 -6    0   0   0   0   0   1  94   0   0   1   0   1   0   0   0   0   1   0   0   0  2.88 1.28
  333 L   -4 -5  3 -4  2 -4 -5 -6  4  1  2 -5  0  3 -6 -3 -3  2  3  1    1   0  14   1   5   1   0   0   9   8  21   0   2  13   0   1   1   3  10  11  0.65 0.41
  334 R   -6  8 -3 -7 -9 -3 -5 -8 -2 -9 -6  1 -4 -9 -8 -4 -4 -9 -8 -8    0  85   1   0   0   1   0   0   1   0   1   8   0   0   0   1   1   0   0   0  2.71 1.15
  335 C    1 -3  0 -3  3 -3 -4 -2 -2  2  1 -4  0  0  0  2  1 -1 -2  2   12   1   5   1   6   1   0   3   1  11  12   0   3   4   4  15   8   1   1  13  0.21 0.22
  336 P    3 -7 -6 -6 -2 -6 -6  1 -4 -2 -4 -6 -4 -2  7  0 -4 -8 -7  0   19   0   0   0   1   0   0  12   0   2   2   0   1   2  48   6   1   0   0   6  1.36 0.73
  337 D   -2 -5 -4  7 -5 -6 -2  4 -7 -9 -9 -6 -8 -9 -7 -2 -5 -9 -8 -8    4   1   0  64   0   0   3  24   0   0   0   0   0   0   0   3   0   0   0   0  1.99 0.92
  338 P    4 -6 -3 -6 -1 -4 -6  2 -4 -4 -5 -5 -3 -6  5  1 -3 -7 -7 -3   38   0   1   0   2   0   0  15   0   1   1   0   1   0  27  11   1   0   0   2  1.15 0.66
  339 S    2 -5 -3  4  1 -4 -3 -2 -5 -5 -1 -4  2 -6 -5  3  3 -7 -5 -4   17   0   0  26   3   0   0   3   0   0   5   1   5   0   0  22  15   0   0   1  0.77 0.52
  340 S    5 -6 -4 -7  7 -6 -6 -1 -7 -1 -3 -6  0 -4 -6  1  0 -7 -6  0   43   0   1   0  24   0   0   5   0   3   2   0   2   1   0   8   5   0   0   6  1.25 0.66
  341 N   -7 -7  9 -3 -3 -4 -5 -7 -1 -9 -10 -6 -8 -9 -8 -3 -5 -10 -8 -8    0   0  93   1   1   1   0   0   2   0   0   0   0   0   0   2   0   0   0   0  3.19 1.30
  342 P   -5 -8 -8 -8 -9 -6 -7 -7 -5 -1 -5 -7 -6 -5  9 -4 -5 -10 -7 -2    1   0   0   0   0   0   0   0   0   4   1   0   0   1  88   1   1   0   0   3  2.96 1.25
  343 Y   -7 -8 -7 -9 -9 -8 -8 -9  4 -8 -7 -8 -7 -1 -9 -7 -8 -4 10 -8    0   0   0   0   0   0   0   0   9   0   0   0   0   2   0   0   0   0  88   0  3.61 1.40
  344 L   -6 -7 -6 -9 -6 -6 -8 -9 -8  1  7 -8 -1 -1 -8 -8 -4 -3 -3 -2    0   0   0   0   0   0   0   0   0   6  86   0   1   3   0   0   1   0   1   1  2.00 0.88
  345 V    5 -5 -3 -6  0 -3 -5 -1 -4 -2  0 -4 -1 -3 -5  0  0 -5  0  2   48   0   1   0   2   1   0   5   0   1  10   1   1   1   0   6   5   0   3  15  0.78 0.50
  346 L   -1 -6 -6 -7 -2 -3 -5 -6 -2  2  4 -6  2  5 -5 -4 -2 -4  1  0    5   0   0   0   1   1   0   0   1  12  33   0   5  25   0   1   3   0   4   7  0.85 0.45
  347 A    6 -6 -6 -5 -3 -4 -6  0 -4 -5 -5 -5 -3 -6 -4  2  0 -8 -5 -4   72   0   0   0   1   1   0   5   0   0   1   0   1   0   1  12   5   0   0   0  1.57 0.82
  348 C    5 -6 -6 -6  1 -5 -5  1 -6 -3  1 -5  0 -4 -5  0 -2 -6 -4  1   52   0   0   0   3   0   0   9   0   1  12   0   2   1   0   7   2   0   1  11  0.92 0.56
  349 L   -1 -5 -5 -5  1 -1 -5 -6 -5  4  3 -5  5 -2 -6 -1  1 -5 -1  2    4   0   0   0   2   4   0   0   0  23  23   0  14   1   0   5   7   0   2  13  0.68 0.41
  350 L   -4 -7 -8 -8 -4 -6 -7 -8 -5  4  6 -7  1 -2 -7 -7 -4 -6 -4  1    1   0   0   0   0   0   0   0   0  24  61   0   2   1   0   0   1   0   0   7  1.51 0.69
  351 Q    5 -2 -3 -5 -3 -1 -1 -1  1 -2 -1 -2  3 -2 -5 -1 -2 -3  0 -2   50   2   1   0   0   3   4   4   3   2   6   3   7   1   0   3   2   0   4   2  0.67 0.46
  352 A    7 -7 -6 -7  2 -6 -6  0 -7 -6 -5 -6 -4 -6 -6  1 -3 -8 -6 -5   77   0   0   0   4   0   0   7   0   0   1   0   0   0   0   8   1   0   0   0  1.81 0.88
  353 G    0 -7 -6 -7 -2 -7 -7  7 -7 -1 -5 -7  0 -4 -7 -4 -5 -8 -8 -2    7   0   0   0   1   0   0  80   0   3   1   0   3   1   0   1   1   0   0   3  2.05 0.89
  354 L   -2 -2 -6 -6 -4 -6 -4 -6  0  2  5 -5  3 -1 -7 -6 -4  0  0 -1    4   3   0   0   0   0   1   0   3  11  59   0   8   2   0   0   1   1   3   3  1.09 0.56
  355 D   -2 -1 -2  6 -5 -1  1 -5  3 -4 -1  0 -4 -4 -6 -3 -4  0  1 -5    3   3   1  50   0   3   9   0   7   1   6   6   0   0   0   2   1   2   6   0  1.12 0.59
  356 G   -4 -8 -4 -7 -8 -7 -5  8 -8 -9 -9 -7 -5 -9 -8 -6 -7 -8 -9 -9    1   0   1   0   0   0   1  97   0   0   0   0   0   0   0   0   0   0   0   0  2.89 1.14
  357 I   -5 -7 -8 -8 -6 -6 -5 -8 -8  7  2 -7  2 -4 -7 -7 -5 -7 -4  2    0   0   0   0   0   0   1   0   0  64  14   0   5   0   0   0   0   0   0  14  1.83 0.77
  358 K   -1  3 -2  1 -5  1  5 -5 -3 -3 -4  3 -2 -4 -5 -2 -1 -6 -5 -3    4  16   2   7   0   5  35   1   0   2   1  19   1   1   0   2   4   0   0   2  0.80 0.49
  359 N   -2  4  5  0 -6  2  2 -3  3 -6 -5  3 -4 -6 -5 -2 -2 -7 -5 -6    2  20  27   4   0   7  11   2   5   0   1  14   0   0   0   2   2   0   0   0  0.85 0.50
  360 N   -1  2  1  0 -4  2  1  2  0 -6 -6  5 -5 -6 -4 -1 -4 -6 -5 -6    4   8   7   4   0   7  10  13   2   0   0  38   0   0   0   3   0   0   0   0  0.78 0.48
  361 L   -1 -3 -4 -4 -3 -4 -3 -5 -4  4  5 -4  3 -2 -4 -4 -2 -3  1 -1    5   1   1   1   1   0   2   1   0  20  48   1   6   1   1   1   3   0   5   3  0.83 0.45
  362 Q   -1 -2 -1  5 -6  0  4 -4  0 -3 -4  1 -3 -6  1 -1  0 -6 -5 -3    4   1   2  28   0   4  26   1   2   1   2   7   1   0   7   5   7   0   0   2  0.69 0.42
  363 P   -1 -6 -5 -6  0 -6 -6 -6 -6 -1  3 -5 -2 -4  7 -5 -4 -6 -6 -3    5   0   0   0   2   0   0   0   0   3  25   0   1   1  57   1   1   0   0   1  1.70 0.78
  364 P   -2 -2 -2 -1 -4 -2 -2  4 -3 -3 -4 -3 -2 -5  6 -1 -1 -5 -4 -4    3   2   1   3   0   2   3  28   1   2   2   1   1   0  39   5   4   0   1   1  1.03 0.53
  365 A    2 -2 -2  2 -4  0  3 -2 -3 -4 -4  0 -4 -5  4 -2 -3 -5 -4 -3   16   1   2  12   0   4  23   2   0   1   2   6   0   0  24   3   1   0   0   2  0.67 0.41
  366 E    2 -2 -3 -3 -3 -2  0 -3 -2 -3 -3 -3 -2 -5  7 -2 -4 -5 -3 -3   14   2   1   1   1   2   7   2   1   2   2   2   1   1  54   3   1   0   1   2  1.32 0.62
  367 V    0 -2 -2 -3  2 -2 -2 -2 -1  2  1 -2  1  1 -2 -1  1 -1  0  3    7   2   2   1   4   2   3   3   1  13  10   1   4   5   2   5   8   1   3  23  0.19 0.16
  368 E   -1 -1  1  3 -3  0  3 -2  0 -2 -2  0 -1 -3 -2  0  1 -3 -3  0    4   3   6  17   0   4  21   3   2   2   4   5   2   1   2   6  10   0   1   7  0.28 0.21
  369 A   -1  0 -2  0 -2 -1  2  4 -3 -1 -2  0 -1 -1 -3  0 -1 -3 -2  0    4   5   1   6   1   2  12  33   0   4   3   7   1   2   1   5   3   0   1   6  0.34 0.23
  370 N   -2 -2  6  5 -2 -3 -2 -2 -3 -4 -4 -2 -3 -4 -2  0 -3 -4 -3 -4    3   2  37  30   1   1   2   3   0   1   2   2   1   1   2   8   1   0   1   2  1.10 0.50
  371 I    3 -3 -3 -3 -2 -3 -3 -1 -3  1  1 -3  1 -1  3 -1 -1 -3 -2  1   24   1   1   1   0   1   2   5   0   9  14   1   3   2  14   4   4   0   1  11  0.31 0.21
  372 F   -1 -2 -2 -2 -2 -2 -2 -1  1 -3 -3 -3 -3  3 -3 -1 -2  0  8 -3    6   2   2   3   1   2   3   6   3   1   3   1   0   9   2   6   2   1  45   2  1.05 0.47
  373 A    1  0  0  2 -2  0  2  0  2 -2 -1  1 -1 -2 -1  0  1 -3 -2 -2   11   4   4  12   1   3  13   6   5   2   6   9   1   1   2   7   8   0   1   3  0.13 0.10
  374 M    0 -1 -1 -1 -2  0 -1 -1 -2  0  3 -1  3  0 -1 -1 -1  0  0  0    6   3   2   4   1   4   4   4   1   5  28   5  10   3   3   4   3   1   3   5  0.15 0.12
  375 T    0 -1  0  1 -2 -1 -1  0 -1 -1 -2 -1 -2 -2  3  2  2 -3 -2 -1    7   3   3   8   1   2   4   6   1   3   4   4   1   2  12  20  15   0   1   3  0.24 0.16
  376 E    0 -1 -1  2 -2  1  3 -1  1 -2 -2  0 -2 -2  2  0 -1 -3 -1 -1   10   3   3  13   1   5  18   4   3   2   4   6   1   2  11   6   3   0   2   4  0.22 0.14
  377 Q    1  0  0  1 -2  1  3 -1  0 -2 -2  0 -2 -2  0  0  0 -1 -2 -1   14   4   4   9   1   6  22   5   2   2   4   5   1   1   4   7   4   1   1   3  0.19 0.13
  378 E   -1  0 -1  1 -1  1  4  0 -1 -2 -2  0 -2 -2 -1 -1  0 -2 -2 -1    5   4   3   6   1   7  31   7   1   2   4   6   1   2   3   4   5   1   1   5  0.29 0.17
  379 R   -1  3 -1 -1 -1  0  0 -1  0  0  1  1  0 -2 -1 -1 -1 -2 -1 -1    5  22   2   4   1   4   5   4   3   7  15   8   2   1   3   4   3   1   2   4  0.15 0.11
  380 K    1  1 -1  0 -1  0  1  0 -1 -1 -1  2 -1 -1 -1  0  0 -2 -1 -1   13   9   3   6   1   3  11   5   1   3   5  15   1   3   3   7   5   0   2   4  0.11 0.08
  381 E    1  1  0  1 -2  1  2 -1 -1 -2 -2  2 -2 -2  0  0 -1 -1 -2 -1   13   7   4   9   1   5  14   4   2   2   5  14   1   2   3   6   3   1   1   4  0.16 0.12
  382 N    0  2  0  0 -1  0  0 -1  1 -1  0  0  0 -1  0  0  0 -2  0 -1   10  13   4   5   1   5   7   5   3   3  11   5   3   2   4   7   5   0   3   3  0.05 0.05
  383 G    0  0  1  1 -2 -1  0  4  0 -3 -2  1 -2 -3 -2  0 -1 -2 -2 -2    6   6   8   7   1   3   6  29   3   2   3   7   1   1   2   8   4   1   1   2  0.29 0.16
  384 I    0 -2 -2 -2 -1 -3 -2 -2 -2  4  1 -2  0  0 -1 -2 -1 -2  0  2    8   2   2   2   1   1   2   4   1  29  15   2   2   4   4   3   3   0   3  13  0.32 0.19
  385 D    0  1 -1  1 -4  1  2  0 -2 -2 -3  1 -3 -3  3 -1  0 -4 -2 -2    6   9   2   8   0   6  13   7   1   2   3  10   0   1  17   4   5   0   1   4  0.27 0.20
  386 N    0  3 -2 -2 -2  1  0 -3  0 -1 -1  1  0 -1  2  1  1 -2 -3 -1    6  18   1   2   1   7   6   1   2   3   6   7   3   2   9  13   9   1   1   3  0.21 0.20
  387 L   -4 -7 -7 -8 -4 -7 -7 -8 -7  1  6 -7  1 -1 -6 -7 -4 -6 -4  1    1   0   0   0   0   0   0   0   0   6  74   0   3   3   0   0   1   0   0  10  1.64 0.74
  388 P   -1 -8 -8 -7  0 -7 -7 -8 -5 -9 -9 -7 -8 -6  9 -5 -6 -9 -7 -8    5   0   0   0   2   0   0   0   0   0   0   0   0   0  90   1   0   0   0   0  3.19 1.33
  389 N    1  3 -1 -1 -3  1  0  0  0 -2 -2  1 -2 -4 -2  1  2 -3 -2 -2   10  18   2   3   0   5   6   8   2   2   5   8   1   1   1  11  13   0   1   2  0.23 0.22
  390 N   -3 -3  4  2 -6 -4 -4 -4  0 -6 -7 -5 -6 -6 -6  5  4 -8 -5 -6    2   2  17  10   0   0   1   1   2   0   0   0   0   0   0  39  26   0   0   0  1.24 0.71
  391 L   -5 -7 -8 -9 -7 -5 -8 -9 -6 -1  6 -6  2  0 -6 -8 -6  4 -5 -4    1   0   0   0   0   0   0   0   0   3  79   0   4   4   0   0   0   6   0   0  1.94 0.87
  392 Y    0  1 -1  1 -3  0  2  2  0 -2 -1  1 -1 -2  0  0 -1 -1 -1 -3    7   9   2   8   1   2  16  15   2   2   5   8   2   2   5   7   2   1   2   1  0.17 0.16
  393 E    0 -3 -3  3 -6  1  6 -4 -1 -6 -5 -3 -3 -8 -4 -2 -1 -5 -7 -4    9   1   1  16   0   6  53   2   1   0   1   1   1   0   1   3   3   0   0   1  1.24 0.69
  394 A    7 -7 -7 -7 -3 -7 -7 -3 -7 -7 -7 -6 -7 -8 -7  1 -4 -8 -8 -3   86   0   0   0   0   0   0   2   0   0   0   0   0   0   0   9   1   0   0   2  2.25 1.05
  395 V   -1 -5 -5 -7 -4 -6 -6 -6 -6  4  5 -4  1 -4 -7 -6 -1 -4 -4  2    5   0   0   0   0   0   0   0   0  21  52   1   2   0   0   0   4   0   1  12  1.15 0.57
  396 N    1  1  0  4 -5  1  3 -3 -1 -4 -4  1 -4 -4 -4 -1 -1 -6 -2 -3   13   8   4  23   0   5  21   2   1   1   1   7   0   1   0   5   4   0   1   1  0.55 0.38
  397 Y    4  1  0 -2  1 -2  2 -3  0 -1  1 -2 -2 -1 -5 -1 -1 -4 -1 -2   33   7   4   1   3   1  16   1   2   3  12   2   1   2   0   4   3   0   2   2  0.39 0.34
  398 M    1 -7 -8 -8 -3 -7 -7 -8 -7 -4  5 -7  2  6 -8 -6 -3 -1 -2 -4   12   0   0   0   1   0   0   0   0   0  50   0   5  28   0   0   1   1   1   0  1.47 0.71
  399 K    0  1 -1  1 -6  1  5 -3  0 -5 -4  2 -2 -7 -5 -1 -3 -7 -4 -4    9   9   3   8   0   5  39   2   2   1   2  12   1   0   0   5   2   0   0   1  0.74 0.48
  400 E    2  1  2  0 -3  2  2  0 -1 -5 -5  3 -5 -6 -5  1 -2 -3 -5 -4   17   8  10   5   0   9  12   7   1   0   0  16   0   0   0  10   1   0   0   1  0.45 0.35
  401 N   -3 -6  1  6 -1 -5 -4 -2 -3 -8 -8 -5 -8 -8 -6  5 -5 -9 -8 -8    2   0   5  46   1   0   0   3   1   0   0   0   0   0   0  40   0   0   0   0  1.75 0.89
  402 E    0  0  0  2 -6  1  3 -3  1 -5 -5  2 -4 -6  1  0  1 -6 -5 -3    9   4   3  13   0   5  23   2   3   0   1  12   0   0   8   7  10   0   0   1  0.47 0.36
  403 L    0 -3 -5 -3 -2 -4 -3 -5 -5  1  2 -3  0  5 -3 -4 -1  2  1  3    7   1   0   1   1   0   2   1   0   8  19   2   2  24   1   1   4   2   4  20  0.60 0.36
  404 A    2 -6 -5 -6 -1 -4 -6 -5 -6  3  4 -6  3  1 -5 -4 -3 -4 -2  2   16   0   0   0   1   1   0   1   0  14  38   0   6   6   0   1   1   0   1  14  0.82 0.46
  405 K   -1  5 -1 -4  0  1 -1 -1  0 -2 -2  4 -1 -5 -2 -2  0 -4 -4 -1    6  28   3   0   2   6   4   5   2   2   3  22   2   0   2   3   5   0   0   4  0.54 0.37
  406 K    0  1  1  3 -6  0  4  0 -2 -6 -5  1 -4 -6 -2  0 -1 -5 -4 -5    8   6   5  17   0   4  29   7   1   0   1   9   0   0   1   6   4   0   0   0  0.60 0.40
  407 A    3 -3 -3 -5  0 -3 -3 -2 -2  1  0 -3  0 -1 -5 -1  1  0  2  3   27   1   1   0   2   1   1   2   1   7   9   1   2   2   0   3   8   1   7  22  0.42 0.32
  408 L   -6 -7 -6 -8 -7 -7 -8 -8 -7  1  5 -8  2  6 -7 -7 -6 -3 -1 -2    0   0   0   0   0   0   0   0   0   6  51   0   4  33   0   0   0   0   2   2  1.69 0.76
  409 G   -5 -7 -1 -2 -8 -6 -5  7 -4 -8 -8 -6 -6 -6  2  0  0 -8 -8 -8    0   0   2   2   0   0   1  72   1   0   0   0   0   0   9   6   5   0   0   0  1.85 0.86
  410 D    0  0 -1  4 -7  0  4 -3 -3 -6 -6  2 -4 -6  2  0 -2 -5 -4 -5    8   4   3  19   0   3  30   2   1   0   0  11   0   0  10   5   2   0   1   0  0.73 0.47
  411 H    0  1 -2  4 -5  0  4 -1  4 -4 -3  0 -3 -2 -1 -1 -1 -3 -3 -2    6   7   2  20   0   4  23   4   9   1   3   4   1   2   3   5   4   0   1   2  0.46 0.33
  412 V   -2 -6 -4 -7 -4 -4 -6 -5 -5  2  3 -6  2  6 -7 -5 -3 -5  0  2    4   0   1   0   0   1   0   1   0  11  28   0   4  31   0   0   2   0   3  12  1.03 0.52
  413 Y   -1 -2 -5 -6  1 -2 -5 -5  1  3  1 -3 -1  2 -4 -2 -1 -1  1  4    6   2   0   0   3   2   0   0   4  19  12   1   1   8   1   3   3   1   5  28  0.55 0.34
  414 G   -1  2  1  4 -5  1  4 -2  1 -6 -6  2 -4 -6 -3 -1 -1 -7 -4 -5    5  11   7  22   0   5  22   3   3   0   0  10   0   0   1   5   4   0   0   1  0.64 0.41
  415 N    1  0  1 -2 -1 -1  0 -2  4 -1 -1  0 -1 -1 -4  0  1  0  1  0   14   5   5   2   1   2   5   2  13   4   6   7   2   2   0   8  10   1   5   6  0.18 0.19
  416 Y   -7 -8 -8 -9 -8 -6 -8 -9 -3 -1  0 -8 -5  6 -9 -8 -7  5  8 -3    0   0   0   0   0   0   0   0   1   3   8   0   0  34   0   0   0   6  45   2  2.28 0.97
  417 V    1 -3 -5 -4  1 -3 -5 -3 -5  4  3 -3  0 -1 -5 -2  1 -4 -2  3   11   2   0   1   3   1   0   2   0  23  24   2   2   2   0   3   7   0   1  16  0.51 0.32
  418 A    3  1 -1  0 -3  1  3 -1  1 -2 -3  2 -2 -5 -4  0  0 -4 -3 -3   23   8   3   6   0   4  18   4   3   2   2  10   1   0   0   7   6   0   1   1  0.34 0.29
  419 G    0 -3 -1 -3  1 -2 -2 -3 -2  2  2 -3  2 -1 -4 -1  1 -3  0  2    9   1   4   1   3   2   3   2   1  12  21   1   6   2   0   4   9   0   3  17  0.25 0.21
  420 K    0  4 -6 -6 -6 -2 -4 -4 -6 -6 -5  7 -4 -5 -7 -4 -6 -5 -5 -5    7  17   0   0   0   1   1   1   0   0   1  68   0   1   0   1   0   0   0   1  1.91 0.91
  421 A   -3  5 -1 -3 -4  2  2 -4  0 -3 -1  2  2 -5 -6 -2 -1 -1 -3 -4    2  35   2   1   0   8  14   1   2   2   6  13   4   0   0   3   3   1   1   1  0.76 0.47
  422 A    2  1  0  0 -3  2  1 -2  2 -1 -2  2 -1 -1 -4  0 -1  3 -2 -2   16   8   4   5   0   9   9   2   5   3   4  12   1   3   0   8   3   4   1   2  0.21 0.21
  423 E   -5 -6 -6  0 -9 -1  8 -7 -3 -7 -7 -5 -3 -9 -7 -6 -6 -9 -8 -6    1   0   0   5   0   3  88   0   1   0   0   0   1   0   0   0   0   0   0   1  2.62 1.18
  424 W   -1 -4 -5 -5  2 -2 -3 -6  0  3  1 -6 -1  0 -7 -4 -5 10  1  1    5   1   1   1   3   2   2   0   2  14  14   0   2   3   0   2   0  33   5  10  1.33 0.63
  425 D    1  2  1  3 -4  1  3 -2 -1 -3 -2  1 -2 -4 -4  0 -2 -2 -3 -3   13  10   8  16   0   6  20   2   2   2   3   8   1   1   0   5   2   0   1   1  0.39 0.30
  426 D    1  3 -1  1 -3  2  3 -3  0 -3 -2  0 -1 -3 -2  0 -1 -5 -2 -3   14  17   2   8   1   7  22   1   3   1   5   5   2   1   2   5   3   0   1   1  0.37 0.30
  427 Y   -4 -5 -4 -7 -4 -4 -6 -6  0 -1 -1 -7  0  6 -8 -3 -6  3  7 -1    2   0   1   0   0   1   0   0   2   4   6   0   2  32   0   2   0   4  36   5  1.57 0.72
  428 R    0  3  2  0  1  2  2 -3  3 -2 -1  0  0 -2 -4  1 -1 -1 -2 -3    8  15   9   5   3   8  12   1   6   2   6   4   3   2   0   9   3   1   1   1  0.24 0.22
  429 T    1  3  1  0 -3  1  0 -1 -1 -2 -1  2 -1 -4 -3  2  1 -5 -3 -2   12  15   6   6   0   6   6   4   1   2   6  11   1   0   0  14   8   0   1   2  0.23 0.22
  430 K    2  2 -2 -2 -2  3  1 -3  4 -2 -3 -1 -1 -2 -4  0  1  0  1 -1   15  11   1   1   1  12  10   1  11   2   2   3   1   2   0   5  11   1   4   5  0.32 0.29
  431 V   -4 -7 -6 -3 -5 -6 -6 -7 -7  4 -3 -5 -2 -4  3 -3 -3 -7 -4  6    1   0   0   2   0   0   0   0   0  20   1   1   1   0  14   2   2   0   1  55  1.48 0.72
  432 H   -4 -5 -2 -2 -3 -4 -4 -4  6 -6 -6 -4 -5 -5 -2  3  6 -4 -6 -5    1   0   1   3   1   1   1   2  15   0   1   1   0   0   2  22  50   0   0   1  1.49 0.80
  433 D   -1 -2 -1  5 -6  1  2 -4 -4 -7 -6 -2 -6 -8  5  0 -3 -5 -7 -5    6   2   2  34   0   6  12   1   0   0   0   3   0   0  25   6   2   0   0   1  1.08 0.60
  434 W   -2 -2 -9 -6 -8 -3 -4 -8 -1 -2 -1 -4 -1  1 -8 -7 -5 12  3 -2    4   2   0   1   0   1   2   0   2   3   7   2   1   6   0   0   1  59   8   3  2.66 1.08
  435 E   -7 -6 -6  0 -10 -2  8 -8 -5 -9 -9 -5 -8 -8 -7 -5 -6 -9 -8 -9    0   0   0   5   0   1  92   0   0   0   0   0   0   0   0   0   0   0   0   0  2.86 1.24
  436 L   -4  3 -5 -5 -4 -1 -5 -6  1  3  2 -3  1  3 -6 -4 -2  1  4  0    0  17   0   0   0   3   0   0   4  14  19   1   4  13   0   0   3   2  12   6  0.64 0.39
  437 E    0  3  1  3 -4  2  4 -3 -2 -4 -4  2 -2 -5 -5 -1 -2 -5 -2 -4    8  13   6  15   0   7  22   2   1   1   2  14   1   0   0   3   2   0   1   1  0.55 0.37
  438 N   -3  5 -1 -5 -6  0  2 -6  2 -3  0  1  1 -1 -5 -3  0  4  0 -4    1  31   3   0   0   4  13   0   5   1  10   9   4   2   0   2   5   5   3   1  0.63 0.42
  439 Y   -7 -8 -6 -9 -9 -6 -8 -4  0 -7 -1 -8 -6  0 -9 -6 -5 -1 10 -7    0   0   0   0   0   0   0   2   2   0   7   0   0   3   0   1   1   1  83   0  3.11 1.25
  440 L   -3 -2 -8 -8 -6 -6 -7 -6 -6  0  5 -7  2  6 -8 -6 -6 -1  2 -3    2   2   0   0   0   0   0   0   0   4  49   0   5  28   0   0   0   1   7   1  1.41 0.66
  441 N   -3  1  2  4 -6 -1  4 -3  1 -6 -6 -2 -4 -3 -3 -2  1 -6  0 -5    2   9  10  25   0   1  29   2   3   0   0   1   0   1   1   3   8   0   4   0  0.78 0.47
  442 K   -1  4 -2 -2 -5  1 -2 -5 -4 -1  3  1  3  0 -5 -3 -2 -5 -2 -2    6  29   2   2   0   6   1   0   0   3  29   7   7   3   0   1   2   0   1   2  0.54 0.35
  443 Y   -6 -6 -6 -7 -6 -6 -6 -7 -1 -4 -4 -6 -4  7 -7 -6 -6 -2  8 -5    0   0   0   0   0   0   0   0   1   0   0   0   0  50   0   0   0   0  50   0  2.48 0.76

                      K         Lambda
Standard Ungapped    0.1356     0.3172
Standard Gapped      0.0410     0.2670
PSI Ungapped         0.2028     0.3176
PSI Gapped           0.0621     0.2670
