
Last position-specific scoring matrix computed, weighted observed percentages rounded down, information per position, and relative weight of gapless real matches to pseudocounts
           A  R  N  D  C  Q  E  G  H  I  L  K  M  F  P  S  T  W  Y  V   A   R   N   D   C   Q   E   G   H   I   L   K   M   F   P   S   T   W   Y   V
    1 M   -6 -7 -7 -8 -7 -6 -7 -8 -7 -4 -1 -7 11 -5 -8 -7 -6 -7 -6 -4    0   0   0   0   0   0   0   0   0   0   5   0  95   0   0   0   0   0   0   0  3.71 1.24
    2 S    3 -4  0 -2 -2 -2 -2 -3 -3 -3 -4 -1 -3 -3  3  3  1 -6 -3 -2   29   0   5   2   1   1   2   0   0   1   1   3   0   1  16  27   8   0   1   2  0.62 0.42
    3 K   -3  3  1 -1 -6 -1 -1 -1 -3 -6 -4  7 -5 -6 -3 -1 -2 -6 -5 -4    2  12   7   3   0   2   2   4   1   0   1  60   0   0   1   3   2   0   0   1  1.20 0.62
    4 E   -2  0 -1  3 -4  2  5 -4 -2 -4 -4  2 -5 -6 -1 -2 -2 -6 -5 -4    2   4   2  17   0   7  42   1   0   1   2  13   0   0   3   3   2   0   0   1  0.87 0.50
    5 G   -2 -2  2  5 -3  3  3  0 -3 -5 -5  0 -5 -4 -3 -1 -3 -6 -4 -5    4   1  11  31   0  11  21   7   0   0   1   6   0   1   1   4   1   0   1   0  0.76 0.45
    6 K    1  0 -2 -2 -1  0 -1 -2 -1 -1  1  2  1 -1  0  0  1 -4 -2  1   13   3   1   2   1   3   2   1   2   3  13  20   3   3   4   5   8   0   1  12  0.12 0.16
    7 I   -3 -1 -6 -6 -3 -4 -4 -5 -4  6  1 -2  0  1 -4 -4 -3  4 -2  2    1   3   0   0   1   1   1   1   0  53  12   2   1   4   1   1   1   5   1  11  1.05 0.52
    8 T   -3  0 -2 -1 -5  1  4 -4  2  2 -1  0 -2 -3 -2 -1  2 -5 -3  0    1   5   1   2   0   6  33   1   4  13   5   5   0   1   1   3  12   0   1   7  0.42 0.32
    9 L   -1 -3 -3 -5  0 -2 -3 -5  3  1  2 -2  4  1 -4 -2  0 -4 -1  3    4   1   1   0   2   2   1   0   9   7  19   3  13   5   0   2   7   0   2  24  0.44 0.30
   10 K   -3 -1  0  3 -6  2  5 -4 -4 -3 -4  0 -2 -4 -1 -1  1 -6 -3 -3    2   3   3  13   0   8  45   1   0   1   2   4   1   1   3   3   8   0   1   2  0.79 0.47
   11 G    2 -7 -5 -3 -7 -6 -6  7 -7 -8 -8 -6 -7 -8 -3 -2 -6 -7 -8 -7   16   0   0   2   0   0   0  79   0   0   0   0   0   0   2   2   0   0   0   0  2.08 0.84
   12 K   -3  1 -2 -2 -2 -1  0 -5 -1  2  1  2 -1 -2 -4 -1  3 -5 -3  3    1   7   1   1   1   3   8   0   2  12  11  12   1   1   0   4  18   0   0  19  0.32 0.28
   13 V   -3 -7 -8 -8 -5 -7 -7 -8 -8  4 -2 -7 -1 -5 -7 -6 -3 -7 -6  7    1   0   0   0   0   0   0   0   0  23   3   0   1   0   0   0   1   0   0  70  1.92 0.82
   14 V   -2 -1 -3 -2 -1 -2  0 -5 -4  2  1  1  0 -2 -5 -1  3 -5 -3  3    2   4   1   2   1   1   7   0   0  14  12   8   2   1   0   3  22   0   1  21  0.39 0.32
   15 T    0 -1 -1  2 -6  1  6 -4 -1 -4 -4  1 -2 -6 -5 -1 -2 -6 -6 -4    8   2   2   8   0   5  51   1   1   1   1   9   1   0   0   5   3   0   0   1  0.97 0.58
   16 A    1 -2 -2 -3  3 -1 -1 -3 -3  1  0 -2  1 -2  1  2  0 -5 -3  3   13   2   1   1   6   2   3   1   1   7   7   2   4   1   6  18   5   0   1  20  0.26 0.25
   17 L   -3 -1 -6 -6 -2 -3 -3 -4  2  1  5 -3  1  0 -1 -4 -5 -5 -1 -2    2   3   0   0   1   1   2   2   6   7  61   1   3   4   3   1   0   0   2   2  0.95 0.53
   18 Q   -2  0 -2 -2 -7 -2 -4  0 -2 -4 -5  0 -3 -8  7  1 -3 -8 -7 -7    3   5   2   2   0   1   1   9   1   1   1   5   1   0  56  10   2   0   0   0  1.48 0.74
   19 G   -1 -1  7  2 -2 -1 -2  1  0 -7 -7 -2 -2 -7 -1  0 -2 -7 -3 -3    4   3  43  12   1   2   2  12   2   0   0   3   1   0   3   6   2   0   1   2  0.98 0.55
   20 G    3 -1  0 -2  0  0 -1  3 -1 -2 -3 -1  0 -3 -2  0  1 -5 -2 -2   25   3   4   2   2   4   5  23   2   2   3   3   2   1   2   5  10   0   1   2  0.34 0.25
   21 Q   -1  1  0 -3 -1 -1 -2 -3 -1  0  1  0  6 -1 -1 -2  2 -4 -1  0    5   8   4   1   1   3   2   2   2   4  12   5  24   3   4   2  12   0   2   5  0.36 0.27
   22 F   -5 -6 -1 -6  1 -6 -6 -6 -4 -1 -2 -6  0  8 -2 -5 -5  3  5 -2    1   0   3   0   3   0   0   0   0   3   4   0   3  55   3   0   0   3  15   3  1.70 0.63
   23 K   -2  6 -1 -1 -5  1 -1 -3  0 -2 -2  2 -1 -2 -2 -2 -2  2 -1 -2    2  45   2   3   0   5   3   2   2   3   4  10   2   2   2   3   3   3   3   2  0.75 0.41
   24 V    1 -5 -5 -5  4 -4 -5 -5 -5  2  0 -5  3 -4 -5 -4 -3 -5 -4  6   10   0   0   0   8   0   1   1   0  11   9   0   7   0   0   1   0   0   0  49  1.04 0.42
   25 L    0  0 -2  0  2  0  0 -1  1  0 -1  0  1  0  0  0  0 -2  1  0    5   5   0   5   5   5   5   5   5   5   5   5   5   5   5   5   5   0   5   5  0.00 0.08
   26 L   -1 -5 -5 -6  1 -5 -5 -6 -5  2  5 -5  1  0 -2 -2  0 -5 -4  1    4   0   0   0   3   0   0   0   0  13  53   0   3   3   2   3   6   0   0   8  0.83 0.47
   27 E    0 -1  0  4  0  1  3 -1  0 -2 -3  0 -3 -2 -1  0 -1 -4 -1 -1    6   3   3  25   2   6  17   5   2   3   2   6   0   2   3   5   3   0   2   4  0.30 0.28
   28 N   -2 -1  5  3 -4  0  0  0  1 -2 -4 -1  0 -1 -1  0  0 -5  0 -2    3   3  27  17   0   3   5   7   3   3   0   3   3   3   3   5   4   0   3   3  0.39 0.33
   29 N    0  0  0  0 -3  1  0  0  1  0 -1  0  1  0  1  0  0  3 -1  0    6   6   5   6   0   5   6   6   5   6   6   6   5   5   6   6   6   5   0   6  0.06 0.09
   30 V   -1  2  0  1  1  0  0 -1  5 -1 -2  0  0  0  0 -1 -1 -4  0  0    4  10   4   7   3   4   4   4  18   4   4   4   3   4   4   4   3   0   3   7  0.21 0.22
   31 E    0  0  0  0  2  0  0 -1  1  0 -1  0  1  0  0  0  0 -2  1  0    5   5   5   5   5   5   5   5   5   5   5   5   5   5   5   5   5   0   5   5  0.03 0.05
   32 I    0 -2  1 -2  3 -1 -2 -2 -2  1  0  0  2  1  1  0  1 -2 -1  0    8   0   8   0   8   0   0   1   0   8   8   8   8   8   8   8   8   0   0   8  0.10 0.11
   33 I   -1  0  0  0 -3  0  0 -1  2  0 -1  0  1  0  0  0  0  3  1  0    5   5   5   5   0   5   5   5   5   5   5   5   5   5   5   5   5   5   5   5  0.06 0.08
   34 A    4 -4  0  0  5 -4 -1  2 -4 -4 -4 -4 -4 -5  0  0  0 -5 -5  0   30   0   5   5  13   0   5  14   0   0   1   0   0   0   5   7   6   0   0   8  0.58 0.35
   35 N   -1  0  0  0  2  0  0 -1  2  0 -1  0  1  0 -3  0  0  3  1  0    5   5   5   5   5   5   5   5   5   5   5   5   5   5   0   5   5   5   5   5  0.06 0.10
   36 V    0 -1 -2 -3 -2 -2 -1 -1 -3  2  1 -1  1  1  0 -1  0  2 -1  1    8   4   0   0   0   0   4   4   0  15  17   4   4   7   5   5   5   4   0  13  0.10 0.12
   37 S    0  1  1  1  2 -1 -1  0 -2 -1 -1  0 -1  1  1  0  0 -3 -2  0    8   8   7   8   7   0   0   8   0   0   8   8   0   7   8   8   8   0   0   8  0.07 0.09
   38 G    0  0  0  0 -2  0  0  0  1  0 -1  0 -1  0  1  0  0 -2  1  0    6   6   5   6   0   5   6   6   5   6   6   6   0   5   6   6   6   0   5   6  0.01 0.06
   39 K    0  0  1  0 -3  1  0  0  2 -2 -1  0  1 -2  1  0  0 -3  1 -1    6   6   6   6   0   6   6   6   6   0   6   6   6   0   6   6   6   0   6   6  0.07 0.10
   40 I    0  0  0  0 -3  1  0  0  1  0 -1  0  1  0  1  0  0  3 -1  0    6   6   5   6   0   5   6   6   5   6   6   6   5   5   6   6   6   5   0   6  0.06 0.09
   41 R   -1  0  0  0  2  0  0 -1  2  0 -1  0  1  0 -3  0  0  3  1  0    5   5   5   5   5   5   5   5   5   5   5   5   5   5   0   5   5   5   5   5  0.06 0.10
   42 V    0  0  0  0  2  0  0  0  1  0 -1  0  1 -2  0  0  0 -3  1  0    5   5   5   5   5   5   5   5   5   5   5   5   5   0   5   5   5   0   5   5  0.01 0.08
   43 Y   -1  1  3  0  1  0 -1 -1  4 -1 -2  0 -3  0 -1  0  0  2  0 -1    6   7  13   5   3   3   4   5  12   3   4   6   0   4   3   7   5   3   4   4  0.17 0.20
   44 K   -1  0  0 -2  2  0  0 -1  2  0 -1  0  1  0  0  0  0  3  1  0    5   5   5   0   5   5   5   5   5   5   5   5   5   5   5   5   5   5   5   5  0.03 0.11
   45 I    0  0  1  0 -2  1  0  0 -2  0  0  0  1 -2  1  0  0 -3 -2  0    7   7   7   7   0   7   7   7   0   7   7   7   6   0   7   7   7   0   0   7  0.07 0.08
   46 Q    0  3  0  0  0  1  1 -1  2 -3 -2  1  0 -1  0  0 -1  2  0 -3    8  21   3   4   3   7   7   5   5   0   3   7   3   3   5   7   4   3   3   0  0.20 0.20
   47 I    0 -2  0 -2  3 -2 -2 -3 -2  0  0  0  2  1  1  0  0  4  1  0    7   0   7   0   7   0   0   0   0   7   7   7   7   7   7   7   7   7   7   7  0.14 0.15
   48 L    0 -1 -1 -2  1  0 -2 -3  0  1  3 -1  2 -1 -1 -2 -2  2  0  1    9   4   3   3   2   5   3   3   3   8  23   4   4   3   3   4   3   2   3  10  0.17 0.11
   49 K    0  0  0  0  2  1  0  0 -2  0  0  0  1  0  1  0  0 -3 -2  0    6   6   6   6   6   6   6   6   0   6   6   6   6   6   6   6   6   0   0   6  0.04 0.07
   50 G   -1 -1  1  0  1 -1 -1  5  1 -4 -5 -1 -4 -1 -1 -1 -3 -4  0 -2    3   3   7   5   3   3   4  45   4   0   0   4   0   3   3   4   0   0   3   4  0.59 0.39
   51 D   -2 -4  1  7  1 -1  0 -1  2 -4 -5 -3  0 -5 -4 -1 -1 -5 -4 -2    3   0   4  60   3   3   3   4   5   0   0   0   3   0   0   5   3   0   0   3  1.09 0.55
   52 T   -2  5 -1 -2 -1  0 -1 -3 -1 -1 -2  3 -1 -2 -2 -1 -1  0 -2 -2    3  40   3   2   1   3   3   2   1   3   3  18   2   2   2   3   4   1   1   2  0.59 0.34
   53 V   -1 -5 -6 -6 -4 -5 -5 -6 -6  2  0 -5 -3 -4 -5 -5 -3 -5 -4  7    5   0   0   0   0   0   0   0   0   8   9   0   0   0   0   0   0   0   0  75  1.56 0.65
   54 E   -1  1 -1 -1 -4  0  0 -2  1  0  0  3  0 -3 -3 -1  2 -1 -3  0    4   7   3   4   0   4   4   2   4   4   8  26   3   0   0   3  15   1   0   8  0.24 0.22
   55 V   -2 -4 -5 -5  0 -4 -3 -3 -5  4  2 -4  1 -1 -4 -4 -2 -4 -3  5    3   0   0   0   2   0   2   2   0  20  16   0   3   2   0   0   2   0   0  46  0.83 0.42
   56 E   -2  0 -2 -1 -5  1  6 -2  1 -3 -4 -1 -4 -5 -4 -1 -2 -5 -1 -2    3   4   1   2   0   5  62   3   3   1   1   3   0   0   0   4   2   0   2   2  1.08 0.54
   57 L   -2 -2 -4 -4  0 -3 -2 -3 -4  3  3 -3  5  0 -2 -3 -1 -3 -2  3    2   2   0   0   2   0   2   1   0  14  29   0  15   3   2   1   3   0   1  21  0.53 0.30
   58 S   -1 -2  0 -1  1 -3 -3 -3  0 -3 -4 -2 -2 -3 -2  6  2 -5 -4 -3    3   2   4   3   2   0   0   1   2   1   1   1   1   1   1  60  13   0   0   1  0.95 0.54
   59 P   -1  1 -2 -2  1 -2 -1 -4  0 -2 -2 -1 -2 -2  7 -1 -2 -5 -2 -3    4   8   2   2   3   2   3   1   3   2   4   4   1   2  50   5   2   0   1   1  1.01 0.48
   60 Y   -2 -2 -2 -3  1 -2 -3 -4  2 -3 -1 -4 -4  3 -4 -2 -3 -2  8 -3    3   3   2   1   3   2   1   2   4   1   6   0   0  10   1   2   2   0  55   1  1.36 0.62
   61 D   -3 -2  0  8 -3 -3 -1 -1  1 -6 -5 -3 -5 -6 -5 -2 -3 -6 -2 -6    2   2   3  73   1   1   2   4   3   0   1   1   0   0   0   3   1   0   1   0  1.66 0.71
   62 L   -2 -2 -2 -2 -2  0 -2 -3 -2 -1  3 -2  1  0  3  2 -1 -1 -3 -1    2   2   1   2   1   4   1   2   1   2  34   2   3   4  17  15   3   1   0   2  0.40 0.30
   63 T   -1 -1  2  0 -2  0  0 -1  0 -4 -3  0 -4 -4 -2  3  4 -5 -2 -3    2   2   9   4   1   3   5   4   3   0   2   5   0   0   1  27  30   0   2   1  0.55 0.40
   64 R   -3  5 -2 -4 -6  1 -1 -2  0 -4 -4  5 -2 -5 -2 -2 -1 -5 -4 -5    1  33   2   0   0   4   3   3   3   1   2  38   1   0   2   2   4   0   0   0  1.00 0.54
   65 G    1 -3 -4 -5  0 -5 -4  7  0 -4 -5 -4 -2 -6 -4 -3 -4 -5 -5 -4   13   1   0   0   2   0   1  73   2   1   1   1   1   0   1   1   0   0   0   1  1.58 0.69
   66 R   -4  8 -3 -6  0  1 -4 -6  1 -3 -4  0 -3 -4 -5 -4 -2 -3 -5 -4    1  73   1   0   2   5   0   0   3   2   1   5   1   1   0   1   3   1   0   1  1.76 0.82
   67 I   -4 -7 -7 -7 -5 -7 -7 -8 -7  8 -1 -7 -3 -4 -7 -6 -2 -7 -6  1    1   0   0   0   0   0   0   0   0  87   3   0   0   0   0   0   2   0   0   7  2.27 0.89
   68 I   -3 -4 -2 -5 -2 -4 -5 -6 -4  4 -1 -4  0 -2 -5 -2  3 -6 -4  5    1   0   2   0   1   0   0   0   0  26   3   1   2   1   0   2  23   0   0  39  0.96 0.52
   69 Y   -4  2 -3 -5 -1 -2 -1 -4  1 -3 -3 -1 -4  5 -6 -1 -4  3  7 -3    0  11   1   0   2   2   5   1   3   1   1   3   0  20   0   5   0   3  41   1  1.13 0.56
   70 R   -5  8 -5 -6 -8 -2 -4 -6 -1 -7 -6  1 -5 -7 -6 -4 -5 -7 -6 -3    0  88   0   0   0   1   0   0   2   0   0   6   0   0   0   1   0   0   0   2  2.44 0.90
   71 I   -3 -5 -6 -6 -2 -3 -5 -6 -5  2  5 -4  1  3 -5 -5 -4  0 -1  1    1   0   0   0   1   1   0   0   0   8  61   1   3  13   0   0   0   1   1   9  0.95 0.41
   72 S   -2 -3  4  2 -4 -2 -2 -3  3 -4 -5 -2 -4 -5  5  2  1 -5 -4 -4    0   0  20  12   0   0   0   0   9   0   0   0   0   0  33  15  12   0   0   0  0.90 0.30

                      K         Lambda
Standard Ungapped    0.1390     0.3177
Standard Gapped      0.0410     0.2670
PSI Ungapped         0.1479     0.3173
PSI Gapped           0.0453     0.2670
