
Last position-specific scoring matrix computed, weighted observed percentages rounded down, information per position, and relative weight of gapless real matches to pseudocounts
           A  R  N  D  C  Q  E  G  H  I  L  K  M  F  P  S  T  W  Y  V   A   R   N   D   C   Q   E   G   H   I   L   K   M   F   P   S   T   W   Y   V
    1 M   -7 -7 -8 -9 -7 -6 -8 -9 -7 -4 -4 -7 11 -6 -8 -7 -6 -7 -7 -5    0   0   0   0   0   0   0   0   0   0   0   0 100   0   0   0   0   0   0   0  4.17 1.24
    2 R   -3  8 -3 -6 -9 -4 -5 -7 -4 -7 -6  2 -3 -8 -3 -3 -5 -8 -7 -5    2  80   1   0   0   0   0   0   0   0   1  10   1   0   1   2   1   0   0   1  2.36 0.92
    3 T   -4  4 -1 -4 -7  2 -3 -5 -3 -3 -5  6 -4 -7 -2 -3  1 -7 -6 -3    1  24   3   1   0   7   1   0   0   2   1  45   0   0   2   2   9   0   0   2  1.20 0.59
    4 P   -3 -1 -2 -5 -4 -3 -5 -5 -3 -2 -3  4 -3  4  6 -3 -1 -6  0 -3    2   4   2   0   0   1   0   0   1   2   3  23   1  14  35   2   4   0   3   2  1.01 0.51
    5 I   -5 -6 -7 -8 -2 -6 -7 -8 -5  5  4 -6  1  5 -7 -6 -4  0  2  1    0   0   0   0   1   0   0   0   0  26  35   0   3  19   0   0   1   1   5   7  1.15 0.50
    6 I   -3 -8 -8 -8 -4 -7 -8 -8 -8  6  0 -7 -1 -1 -8 -6 -5 -7 -5  6    2   0   0   0   0   0   0   0   0  45   7   0   1   2   0   0   0   0   0  42  1.75 0.69
    7 A    5 -6 -6 -6 -1 -6 -6  3 -6  2 -3 -6  0 -3 -6 -3 -4 -7 -4  2   47   0   0   0   1   0   0  17   0  12   2   0   2   1   0   1   0   0   0  16  1.05 0.54
    8 G    4 -8 -6 -7 -5 -7 -7  7 -8 -8 -8 -7 -8 -8 -7 -5 -5 -8 -8 -8   27   0   0   0   0   0   0  72   0   0   0   0   0   0   0   0   0   0   0   0  2.22 0.88
    9 N   -8 -7  9 -5 -9 -7 -7 -7 -6 -10 -10 -7 -9 -10 -9 -6 -7 -10 -9 -10    0   0  99   0   0   0   0   0   0   0   0   0   0   0   0   0   0   0   0   0  3.62 1.32
   10 W   -10 -10 -11 -12 -10 -7 -10 -10 -5 -10 -7 -10 -6  0 -11 -10 -10 13 -5 -10    0   0   0   0   0   0   0   0   0   0   1   0   0   4   0   0   0  94   0   0  5.23 1.66
   11 K   -7 -4 -6 -7 -9 -5 -5 -8 -7 -9 -9  9 -8 -10 -7 -6 -7 -9 -8 -9    0   0   0   0   0   0   0   0   0   0   0  99   0   0   0   0   0   0   0   0  3.24 1.22
   12 M   -6 -8 -9 -10  4 -5 -7 -9 -8 -4 -1 -8 11 -7 -9 -4 -6 -8 -8 -6    1   0   0   0   8   0   0   0   0   1   6   0  82   0   0   2   0   0   0   0  3.51 1.28
   13 N   -6 -6  8 -5 -9 -4 -6 -7  6 -9 -9 -5 -8 -2 -8 -4 -4 -5  2 -9    0   0  74   0   0   1   0   0  15   0   0   1   0   2   0   1   1   0   6   0  2.63 1.05
   14 K   -3 -3 -2 -5 -5 -2 -4  4  0 -4  1  4  1 -3  1 -3  0 -6 -3 -3    1   0   2   0   0   1   0  30   2   0  15  25   4   1   8   1   6   0   1   1  0.68 0.43
   15 T   -4 -4  2  1 -4 -4 -4  0 -5 -2 -1 -4 -3 -6 -5  3  6 -7 -5 -4    1   1  10   8   0   1   0   6   0   2   6   1   1   0   0  20  42   0   0   1  0.95 0.56
   16 A    0  1 -2 -3 -2  0 -2 -3  0  1  2  1 -1 -1  2 -1 -1 -1 -2  1    7   9   2   0   1   4   2   1   2   7  20   8   1   2  11   5   4   1   1  12  0.16 0.15
   17 S    3  0 -1  1 -5  1  2 -1 -1 -4 -3  2 -3 -4 -1  1 -1 -5 -3 -2   23   5   2   8   0   7  13   4   1   1   3  11   1   1   3  11   3   0   1   3  0.31 0.25
   18 E   -1 -3 -3  1 -7  2  6 -2 -4 -6 -3 -1 -1 -2 -5  2 -3 -5 -5 -6    5   1   1   7   0   7  49   3   0   0   3   3   2   2   0  12   2   0   0   0  0.99 0.55
   19 A    5 -4  0 -5 -2 -3 -4  0 -5  1 -2 -5 -4 -4 -5  1  1 -5 -5  2   42   0   5   0   1   1   0   7   0   8   4   0   0   0   0   9   9   0   0  11  0.69 0.42
   20 L    0  2 -1 -1 -2  1  1 -2 -2  0  0  3  0 -3 -4 -1 -1 -4 -3  0    8  12   2   4   1   6  11   2   1   7  10  17   2   1   0   5   4   0   0   8  0.18 0.17
   21 A    2  0  0  2 -5  1  3 -2  0 -3 -3  1 -3 -3 -3  0  0 -6 -3 -2   21   4   3   9   0   5  20   3   2   1   2  10   1   1   1   8   5   0   1   3  0.35 0.27
   22 F   -5 -6 -7 -6 -6 -7 -6 -6 -3  1  5 -6  1  5 -7 -6 -3  1  3 -2    1   0   0   0   0   0   1   0   1   8  48   0   3  25   0   0   2   2   8   2  1.27 0.57
   23 V    3 -6 -6 -6  1 -5 -6 -4 -6  3  2 -5  0  3 -5 -3 -1 -5 -4  3   22   0   0   0   3   0   0   1   0  15  18   0   2  11   0   1   4   0   0  21  0.69 0.38
   24 N    0  2  1  1 -3  2  2  0 -1 -2 -3  2 -3 -4 -3  1  0 -5 -3 -3    9   9   7   6   0   7  16   6   1   2   3  13   0   0   1  10   6   0   0   1  0.27 0.22
   25 A    2 -1  0  1 -4  1  3  1 -1 -3 -3  1 -1 -3 -4  1  0 -5 -3 -2   17   3   4   7   0   6  20   9   2   1   2   7   1   1   0  10   6   0   0   2  0.29 0.24
   26 V   -4 -7 -7 -7 -4 -6 -6 -7 -5  4  5 -7  0  4 -6 -6 -3 -1 -3  2    1   0   0   0   0   0   0   0   0  19  44   0   2  14   0   0   2   1   1  15  1.14 0.51
   27 K    1  1  3 -2 -1  0 -1 -2 -2  0  1  2 -1 -4 -4  0 -2 -4 -4  1   13   8  13   2   1   3   4   2   1   6  14  15   1   0   0   6   1   0   0   9  0.21 0.19
   28 D    1  1  2  2 -4  0  2 -1 -1 -4 -3  2 -3 -3  1  1  0 -4 -3 -4   12   6  10  10   0   4  13   5   1   0   2  13   1   1   7   9   5   0   0   1  0.28 0.21
   29 Q    2  0  0 -1 -2  1  1  2  0 -2  0  1  0 -1 -3  0 -1 -2 -1 -2   17   6   3   2   1   7   8  14   3   2  12   8   2   2   1   7   3   0   2   2  0.11 0.13
   30 L    1 -2 -2 -2 -1 -2 -2 -2 -2  2  3 -1  1 -1 -2 -1  0 -1  0  2   11   1   1   2   1   1   3   2   1  12  27   4   2   2   2   4   4   1   3  15  0.22 0.16
   31 P    1  0  0  0 -2  0  0  0 -1 -1 -1  2 -2 -3  3  1 -1 -1 -3 -1   12   4   4   6   1   3   7   8   2   3   6  13   1   1  13   9   4   1   0   3  0.16 0.13
   32 D    0 -1  2  4 -3  0  1  1 -1 -2 -1  1 -3 -3  0  1 -2 -5 -3 -3    7   3   8  22   0   5   8  10   1   3   6   7   0   1   4  10   2   0   0   2  0.27 0.20
   33 P    0 -1  0  0 -2  0 -1 -2  0  0  0  0 -1  0  3  0  0 -1  0  1    8   3   5   5   1   3   3   3   2   7   7   7   1   5  15   6   4   1   3   9  0.10 0.09
   34 S    1  0  0  2 -2  0  2 -1  0 -3 -3  2 -3 -3  1  2  1 -3 -3 -2   12   4   5  11   1   4  12   4   2   1   2  11   0   1   6  14   8   0   0   2  0.23 0.19
   35 K   -1  0  4  3 -3  0  0  1  2 -4 -3  1 -4 -4 -2  0 -2 -4 -3 -2    5   5  19  18   0   4   6  11   5   0   2   8   0   1   2   8   2   0   1   3  0.38 0.25
   36 V    1 -1 -4 -4  4 -3 -5 -4 -4  1 -1 -3 -2 -3 -3 -2  1 -6 -3  5   12   4   1   1   8   1   0   1   0   6   6   1   1   1   1   3   9   0   1  42  0.69 0.38
   37 E   -4 -2 -2  5 -6  1  6 -4 -1 -5 -6 -1 -5 -6 -5 -2 -1 -7 -5 -3    1   3   1  28   0   5  45   1   2   1   0   4   0   0   0   2   4   0   0   2  1.22 0.60
   38 S   -2 -5 -7 -7  0 -6 -4 -7 -7  4  0 -5  0 -3 -7 -4 -1 -3 -3  6    4   1   0   0   2   0   1   0   0  21   7   1   2   1   0   1   4   0   1  54  1.27 0.56
   39 V    1 -5 -6 -7 -2 -6 -6 -1 -7  3  0 -6  0 -2 -6 -4 -3  0 -2  6   13   0   0   0   1   0   0   6   0  14   8   0   2   2   0   1   1   2   1  49  1.00 0.49
   40 V   -4 -7 -8 -8 -1 -7 -7 -8 -8  6  2 -7 -3  0 -7 -7 -5 -7 -5  5    1   0   0   0   1   0   0   0   0  35  19   0   0   4   0   0   0   0   0  41  1.51 0.62
   41 A    4 -7 -7 -8  9 -7 -7 -2 -3 -2 -3 -7 -2  4 -6 -1 -4 -6 -4 -3   31   0   0   0  38   0   0   3   1   2   2   0   1  16   0   4   1   0   0   1  1.70 0.70
   42 A    0 -8 -8 -7 -2 -7 -7 -5 -8 -6 -5 -7 -8 -7  8 -4 -5 -9 -8  0    7   0   0   0   1   0   0   1   0   0   1   0   0   0  79   2   1   0   0   8  2.58 1.01
   43 P   -3 -7 -4 -6 -8 -2 -6 -7 -7 -6 -7 -6 -4 -9  8  2 -1 -9 -8 -2    2   0   1   0   0   2   0   0   0   0   0   0   0   0  73  13   4   0   0   3  2.30 0.94
   44 A    2 -7 -4 -3 -5 -5 -6 -6 -3 -4 -3 -6 -1  7 -2  1 -2 -4  4 -4   17   0   1   2   0   0   0   0   1   0   2   0   2  47   2  11   3   0  12   1  1.34 0.61
   45 L   -4 -6 -5 -6 -1 -6 -6 -6 -5  2  2 -6 -2 -3  4 -4  4 -7 -3  3    1   0   0   0   1   0   0   0   0  12  16   0   1   1  18   1  28   0   1  20  0.92 0.50
   46 F    1 -5 -2 -2  1 -4 -5 -3  4 -4  0 -5 -3  3 -6  1 -3  2  6 -3   13   0   2   3   3   1   0   2  11   1   8   0   0  11   0  12   1   2  29   2  0.87 0.46
   47 L   -5 -7 -8 -8 -4 -7 -8 -8 -8  4  6 -7  0 -2 -8 -7 -5 -7 -5 -1    1   0   0   0   0   0   0   0   0  19  72   0   1   1   0   0   0   0   0   3  1.76 0.71
   48 Q    1 -1 -1  1 -1  1  1  0  1 -2 -2 -1 -2 -1  2  1 -1 -2  1 -2   14   3   2   8   1   6   7   6   3   2   3   3   1   3  12  14   4   1   5   2  0.16 0.15
   49 E    2 -1 -2  0 -2  1  0 -2  0 -2  0  0 -1 -2  2  1  1 -4  0 -1   17   3   1   6   1   8   6   2   3   2   8   4   2   1   9  12  10   0   3   5  0.15 0.16
   50 M    2 -6 -6 -7  0 -5 -6 -5 -6  1  2 -6  2  0 -6 -3 -1 -4 -4  5   19   0   0   0   2   0   0   0   0   6  17   0   5   4   0   1   4   0   0  40  0.88 0.45
   51 V    2  2 -1 -3 -2  1 -1  0  0 -1 -1  1 -1 -3 -3  1 -1 -4 -2  1   20  11   3   1   1   8   2   6   2   4   6  11   2   1   0  12   2   0   1   9  0.19 0.18
   52 E    0  1  0  2 -5  2  3 -1 -1 -3 -4  2 -2 -5 -2  0  0 -5 -2 -3    8   6   5  10   0  11  22   4   1   1   1  12   1   0   2   7   5   0   1   1  0.36 0.26
   53 A    2 -1 -1 -3  0  0 -1 -2 -1  1  2  0  0 -2 -2  0  0 -3 -2  0   19   3   3   1   2   5   5   2   2  10  19   7   2   1   1   6   4   0   1   7  0.12 0.13
   54 A    0 -4 -4 -6  1 -4 -5 -5 -4  3  4 -4  0  0 -5 -2  0 -5 -3  2    8   1   1   0   3   1   0   1   0  13  43   1   2   4   0   3   5   0   1  13  0.65 0.34
   55 K    1  2 -1  0 -4  1  2 -1  0 -3 -2  3 -2 -3 -2  0 -1 -4 -2 -2   13  12   2   4   0   7  13   4   2   1   3  21   1   1   2   7   4   0   1   2  0.30 0.21
   56 G   -1  0  2  2 -3 -1 -1  5 -1 -5 -5  1 -4 -3  0  0 -2 -4 -2 -5    4   4   9  11   0   2   4  37   1   1   1   8   0   1   4   8   2   0   1   1  0.56 0.30
   57 S    0 -2  0  0 -3 -1 -2  0 -1 -3 -3  0 -3 -4  0  4  3 -4 -3 -3    7   2   4   5   0   3   2   6   1   1   3   6   1   1   4  33  20   0   1   1  0.47 0.33
   58 D    0  1  3  2 -2 -1  0  2  0 -3 -4  1 -3 -3  2  0 -1 -3 -3 -3    6   6  15  10   1   2   5  14   3   1   1   9   0   1  12   8   3   0   1   1  0.30 0.20
   59 L   -3 -6 -7 -7 -2 -6 -7 -7 -7  6  2 -6 -1  2 -5 -6 -4 -3 -2  4    1   0   0   0   1   0   0   0   0  43  19   0   1   8   1   0   0   0   1  22  1.25 0.51
   60 K    1  1 -1 -2 -2  1  1  1  2 -2 -1  3 -1 -1 -3  1 -1 -3 -2 -2   13   7   2   1   1   7   9   9   4   2   5  18   2   3   0   9   3   0   1   2  0.18 0.16
   61 I   -4 -6 -7 -7 -4 -6 -6 -7 -6  3  4 -4 -1  0 -6 -5 -2  3 -2  4    1   0   0   0   0   0   0   0   0  16  39   1   1   3   0   0   2   4   1  31  1.08 0.48
   62 A    3 -3 -5 -6 -1 -6 -6  7 -6 -5 -6 -6 -4 -6 -6 -1 -5 -7 -5 -4   20   1   0   0   2   0   0  67   0   1   1   0   0   0   0   5   0   0   1   1  1.69 0.69
   63 A    7 -6 -6 -7 -4 -6 -6  1 -7 -3 -5 -6 -5 -6 -5  0 -4 -8 -7 -2   78   0   0   0   0   0   0   9   0   2   1   0   0   0   0   6   0   0   0   3  1.77 0.77
   64 E   -6 -5 -6 -6 -9  9 -1 -8 -6 -9 -8 -3 -7 -9 -7 -6 -7 -8 -8 -8    0   0   0   0   0  95   3   0   0   0   0   1   0   0   0   0   0   0   0   0  3.34 1.24
   65 N   -6 -6  8  5 -8 -4 -5 -6 -3 -8 -8 -6 -5 -8 -7 -4 -2  0 -6 -8    0   0  67  26   0   0   0   0   1   0   0   0   0   0   0   1   2   1   0   0  2.35 0.90
   66 A   -1 -7 -6 -7  8 -6 -7 -5 -7  2  0 -7  5 -2 -7 -4 -4 -7 -6  4    5   0   0   0  28   0   0   1   0   9   9   0  12   2   0   1   1   0   0  30  1.34 0.57
   67 Y   -2 -5 -1 -4  0 -5 -5 -4  7 -6 -6 -4 -5  4 -6  3 -3  3  5 -6    4   0   3   1   2   0   0   2  27   0   0   1   0  16   0  21   1   4  18   0  1.31 0.60
   68 F    0 -3 -3 -1 -3  0  0 -4  2 -3 -3 -1 -3  3  2 -1 -2  8  2 -1    8   1   1   4   0   4   7   1   6   1   2   3   1  11   9   5   3  21   8   5  0.68 0.36
   69 E    0 -1 -1 -2 -6  1  6 -3  4 -6 -4  1 -2 -1 -5 -2 -1 -5 -1 -3    9   3   3   1   0   6  44   2   8   0   1   8   1   3   0   2   3   0   2   2  0.81 0.45
   70 D    0 -1  0  3 -5  0  3 -1 -3 -3 -2  1 -3 -4  2 -1 -1 -6 -3 -3    9   2   4  19   0   3  23   5   0   1   4   8   1   0  10   4   4   0   1   1  0.41 0.28
   71 A   -1 -1  2 -1 -2  1  2  0  0 -5 -4  3 -2 -2 -2  3 -2 -2 -2 -4    4   2   8   3   1   6  15   6   2   0   1  18   1   2   2  24   2   1   1   1  0.42 0.30
   72 G   -5 -8 -6 -7 -8 -7 -8  8 -8 -9 -9 -6 -8 -9 -8 -6 -6 -8 -8 -7    0   0   0   0   0   0   0  98   0   0   0   0   0   0   0   0   0   0   0   0  2.94 1.02
   73 A    7 -7 -7 -7 -6 -6 -5 -5 -7 -7 -7 -6 -6 -8  0 -3 -5 -8 -7 -6   92   0   0   0   0   0   1   0   0   0   0   0   0   0   5   1   0   0   0   0  2.36 0.94
   74 F   -7 -6 -5 -8 -5 -6 -7 -8  4 -5 -4 -7 -4  8 -8 -7 -7 -1  7 -6    0   0   1   0   0   0   0   0   7   0   1   0   0  50   0   0   0   1  38   0  2.48 0.88
   75 T   -6 -7 -6 -7 -7 -7 -7 -7 -8 -7 -7 -7 -7 -8 -7 -4  9 -8 -7 -6    0   0   0   0   0   0   0   0   0   0   0   0   0   0   0   0  99   0   0   0  3.12 1.17
   76 G   -4 -8 -6 -7 -8 -7 -8  8 -8 -9 -9 -7 -8 -9 -8 -5 -7 -8 -8 -9    1   0   0   0   0   0   0  98   0   0   0   0   0   0   0   1   0   0   0   0  2.93 1.01
   77 E   -3 -5 -5  1 -4 -1  8 -4 -6 -9 -8 -3 -6 -7 -7 -3 -5 -8 -8 -8    2   0   0   6   1   2  83   2   0   0   0   1   0   0   0   2   0   0   0   0  2.27 0.92
   78 T   -5 -7 -4 -8 -4 -6 -7 -8 -5  6 -1 -7 -2 -4 -7 -5  1 -4 -6  6    0   0   1   0   0   0   0   0   0  39   4   0   1   0   0   1   8   0   0  46  1.63 0.66
   79 S    0 -6 -3 -6 -5 -6 -6 -4 -5 -8 -8 -6 -7 -8 -5  7 -3 -8 -7 -6    8   0   1   0   0   0   0   1   0   0   0   0   0   0   0  87   1   0   0   0  2.28 0.98
   80 P    5 -6 -6 -6  0 -5 -6  0 -5 -1 -3 -5 -2 -4  5 -3 -2 -6 -4  0   41   0   0   0   2   0   0   7   0   3   2   0   1   1  31   1   3   0   0   7  1.13 0.56
   81 A    2  0 -1  0 -4  0  2  0 -1 -3 -1  1 -1 -4  2  1 -1 -3 -3 -2   18   5   2   6   0   4  15   6   1   0   7   8   1   0   9  10   3   0   0   3  0.20 0.18
   82 A   -2 -7 -5 -7 -7  3 -6 -7 -2 -2 -2 -7 11 -2 -8 -4 -5 -4 -6 -4    3   0   0   0   0  11   0   0   1   2   2   0  74   2   0   1   1   0   0   1  2.79 1.04
   83 L   -3 -7 -8 -9 -4 -7 -8 -9 -8  2  6 -7 -2 -4 -8 -7 -6 -7 -6  1    2   0   0   0   0   0   0   0   0   9  80   0   0   0   0   0   0   0   0   8  1.85 0.73
   84 A    2  2 -3 -3 -5  0 -2 -3 -1 -2 -1  5 -3 -5 -5 -1 -2 -5 -5  0   18   9   1   1   0   4   2   1   1   2   6  40   1   0   0   4   2   0   0   7  0.67 0.39
   85 D   -2 -4  0  6 -6 -2  4 -2 -3 -6 -8 -3 -7 -7 -5  2 -4 -8 -7 -6    4   1   5  45   0   1  25   3   0   0   0   1   0   0   0  12   0   0   0   0  1.29 0.60
   86 L    2 -5 -4 -5  2 -4 -5 -5 -2  3  3 -5  2  2 -5 -2 -2 -1 -1  2   16   0   0   0   4   0   0   0   1  14  30   0   6   9   0   3   2   1   2  12  0.57 0.31
   87 G   -3 -4  0 -1 -5 -3 -3  7 -2 -7 -6 -2 -4 -4 -5 -2 -5 -4 -5 -6    2   1   4   3   0   1   2  77   1   0   1   3   0   1   1   2   0   0   0   0  1.78 0.67
   88 V    2 -7 -7 -8  9 -7 -7 -3 -7  2 -2 -7 -5 -5 -7 -4 -3 -7 -6  4   18   0   0   0  36   0   0   3   0  11   3   0   0   0   0   0   1   0   0  28  1.62 0.65
   89 D   -2  2  0  2 -4  1  2 -2  0 -5 -5  2 -4 -5  0  2  1 -6 -4 -4    2  12   4  11   0   7  13   3   2   0   0  12   0   0   4  18  10   0   0   1  0.45 0.30
   90 Y   -3 -5 -5 -6 -2 -6 -7 -6  4 -4 -3 -6 -2  3 -8 -5 -4  8  8 -4    2   1   1   0   1   0   0   1   9   1   2   0   1   9   0   1   1  18  51   1  2.17 0.82
   91 V    0 -7 -6 -8  3 -7 -7 -5 -8  0 -4 -7 -4 -5 -7 -3  0 -8 -6  7    9   0   0   0   5   0   0   1   0   3   0   0   0   0   0   2   6   0   0  73  1.77 0.73
   92 V   -6 -8 -8 -8 -6 -8 -7 -9 -8  8  3 -8 -1 -5 -8 -7 -6 -7 -6 -1    0   0   0   0   0   0   0   0   0  68  27   0   1   0   0   0   0   0   0   2  2.12 0.78
   93 I   -3 -7 -7 -8  0 -7 -7 -8 -7  5  4 -7 -3 -4 -7 -5 -2 -7 -5  5    2   0   0   0   2   0   0   0   0  30  32   0   0   0   0   0   2   0   0  32  1.32 0.55
   94 G   -4 -8 -6 -7 -3 -8 -8  8 -8 -10 -10 -7 -9 -9 -8 -6 -7 -8 -9 -9    1   0   0   0   1   0   0  98   0   0   0   0   0   0   0   0   0   0   0   0  2.98 1.04
   95 H   -8 -5 -6 -8 -10 -6 -7 -9 12 -10 -10 -7 -8 -8 -9 -7 -8 -9 -5 -10    0   1   0   0   0   0   0   0  99   0   0   0   0   0   0   0   0   0   0   0  4.54 1.41
   96 S   -4 -7 -5 -6 -7 -6 -6 -6 -7 -6 -8 -6 -7 -4 -7  8 -4 -9 -8 -8    1   0   0   0   0   0   0   0   0   1   0   0   0   1   0  98   0   0   0   0  2.76 1.11
   97 E   -7 -6 -6 -3 -10 -4  8 -8 -6 -9 -9 -5 -8 -9 -7 -6 -7 -9 -8 -9    0   0   0   1   0   0  99   0   0   0   0   0   0   0   0   0   0   0   0   0  3.11 1.16
   98 R   -6  9 -6 -8 -2 -3 -6 -8 -6 -7 -7 -4 -5 -9 -6 -6 -6 -9 -8 -9    0  96   0   0   1   1   0   0   0   0   0   0   0   0   0   0   0   0   0   0  3.18 1.13
   99 R   -8  9 -6 -8 -10 -5 -6 -9 -6 -7 -8 -3 -7 -9 -8 -6 -7 -9 -8 -9    0  99   0   0   0   0   0   0   0   0   0   1   0   0   0   0   0   0   0   0  3.36 1.17
  100 G    1  0 -1 -2 -5  4  1 -3  5 -2 -3  1 -1 -5 -4  1  1 -4 -3 -3   13   6   2   2   0  19   7   2  13   3   2   7   2   0   0   9  10   0   1   2  0.43 0.31
  101 Y   -3 -3 -1 -2 -4 -2 -3 -4  2  3  3 -3  1  1 -6 -4 -4 -1  6  0    2   2   4   3   0   2   1   1   5  17  24   2   3   5   0   0   0   1  24   6  0.65 0.35
  102 F   -4 -5 -3 -7 -1 -2 -6 -6  4 -2  1 -5 -1  8 -7 -6 -6 -1  3 -4    2   1   2   0   1   2   0   1  10   2  13   0   2  54   0   0   0   1   9   0  1.64 0.63
  103 H    0 -1  2 -3 -1 -1 -4  5  4 -6 -4  1 -4 -3 -4  0 -4 -6 -2 -6    7   3  10   1   1   3   1  46   9   0   2   7   0   1   1   6   0   0   1   0  0.88 0.44
  104 E   -7 -6 -5 -1 -10 -3  8 -8 -6 -9 -8 -5 -6 -7 -7 -6 -6 -9 -6 -8    0   0   0   4   0   0  95   0   0   0   0   0   0   0   0   0   0   0   0   0  2.87 1.09
  105 T   -3 -3  0  2 -3 -3 -3 -2 -4 -5 -6 -3 -6 -7 -3  4  6 -7 -6 -5    1   1   4  10   1   1   1   3   0   0   0   1   0   0   1  27  48   0   0   0  1.27 0.64
  106 D   -5 -6  5  7 -5 -5 -2 -5 -3 -7 -8 -5 -8 -8 -5  0 -5 -9 -5 -8    1   0  22  65   0   0   1   1   1   0   0   0   0   0   1   7   0   0   1   0  2.06 0.81
  107 E    2 -2 -1  2 -6  1  6 -3 -1 -4 -4  0 -5 -5 -4  0 -2 -5 -4 -3   15   1   2   8   0   7  45   2   1   1   2   5   0   0   0   5   2   0   1   2  0.83 0.46
  108 D   -2 -2 -2  0 -3  1 -1 -4 -3  2  2 -3  4  2 -4 -1  1 -2 -3  1    3   2   1   7   0   6   4   1   0   9  24   1  10   9   0   3  10   1   0   8  0.29 0.22
  109 I   -3 -7 -7 -7  0 -7 -7 -8 -7  6  0 -7 -3 -4 -7 -5 -3 -7 -6  6    2   0   0   0   2   0   0   0   0  38   9   0   0   0   0   0   1   0   0  46  1.57 0.63
  110 N    4  1  6 -4 -1 -1 -3  0  0 -5 -4 -1 -3 -5 -4 -1 -3 -7 -4 -3   30   7  36   0   1   2   1   8   2   0   1   3   1   1   1   3   1   0   1   2  0.92 0.49
  111 K    2  3 -2  0 -4  2  1 -4 -3 -4 -1  4 -1 -5 -4 -2 -3 -3 -5 -4   16  14   1   5   0  10  10   1   0   1   7  28   1   0   0   2   1   0   0   1  0.59 0.36
  112 K   -6  0 -6 -5 -9 -2 -5 -7 -6 -8 -8  8 -7 -9 -7 -5 -5 -9 -7 -8    0   4   0   0   0   1   0   0   0   0   0  93   0   0   0   0   0   0   0   0  2.82 1.04
  113 A    1 -5 -5 -6 -1 -5 -5 -6 -6  3  2 -5  0  1 -5 -3  2 -5 -2  5   12   0   0   0   1   0   0   0   0  15  16   0   2   6   0   1  11   0   1  34  0.76 0.38
  114 H    1  2 -1 -2 -1  1  0 -3  2 -1 -1  4 -3 -4 -4 -1 -1 -4 -4 -2   14  11   2   2   1   5   6   2   5   4   8  31   0   1   0   4   3   0   0   3  0.41 0.28
  115 A    5  1 -2 -4 -3  0 -4 -3  1 -1 -1  0 -2 -2 -5  0 -1 -4  1 -2   47   8   2   0   0   4   0   1   3   3   5   7   1   2   0   5   4   0   4   3  0.60 0.37
  116 I    6 -6 -5 -7  3 -5 -6 -3 -6 -1 -1 -6 -5 -6 -6 -1 -2 -7 -6  2   65   0   0   0   5   0   0   1   0   3   6   0   0   0   0   3   2   0   0  14  1.36 0.63
  117 F   -3 -4 -5 -7 -3  0 -5 -7 -1  2  5 -4  0  1 -6 -5 -4  0 -2  0    1   1   0   0   0   5   0   0   2  12  58   1   2   6   0   1   1   1   1   7  1.02 0.47
  118 K    2  2  0  2 -5  1  3 -3 -1 -5 -4  3 -4 -5 -4  1 -2 -6 -4 -4   18  10   4  12   0   5  18   2   1   0   1  16   0   0   0  11   2   0   0   0  0.50 0.32
  119 N    3 -2  3 -2  0  1  0 -1  4 -4 -3 -1 -3 -1 -4  1 -1  0  0 -3   25   1  15   1   2   5   6   3  12   0   2   4   0   2   0  10   3   1   4   2  0.41 0.29
  120 G   -3 -2  2  1 -4 -2 -1  6 -3 -7 -7  0 -6 -7 -5 -2 -3 -7 -6 -7    2   2   8   7   0   2   4  63   0   0   0   5   0   0   0   2   1   0   0   0  1.37 0.58
  121 M   -5 -6 -7 -8 -4 -6 -7 -8 -7  3  6 -7  4 -1 -7 -6 -5 -6 -5 -1    1   0   0   0   0   0   0   0   0  13  69   0  10   3   0   0   0   0   0   3  1.60 0.63
  122 K   -2  1  0 -2 -4  0 -2 -2 -1  2 -2  3  0 -4 -4  0  4 -3 -3  0    3   7   5   2   0   4   2   2   2  11   2  19   2   0   0   6  24   0   0   8  0.38 0.28
  123 P    0 -7 -7 -7 -3 -6 -6 -6 -7 -1 -5 -6 -6 -7  8 -4 -3 -8 -7  4    7   0   0   0   1   0   0   1   0   3   1   0   0   0  62   1   1   0   0  24  2.00 0.80
  124 I   -5 -8 -8 -8 -4 -7 -8 -8 -8  8 -2 -7  1 -4 -7 -7 -4 -7 -5  3    0   0   0   0   0   0   0   0   0  71   3   0   3   1   0   0   1   0   0  20  2.13 0.77
  125 I   -1 -6 -7 -7 -3 -6 -6 -6 -6  2  4 -6  0  3 -6 -5 -5 -4  1  3    7   0   0   0   0   0   0   0   0  10  45   0   1  13   0   0   0   0   4  18  1.00 0.45
  126 C   -3 -9 -9 -6 12 -9 -9 -8 -9 -7 -7 -9 -8 -8 -9 -7 -7 -8 -8 -7    3   0   0   1  96   0   0   0   0   0   0   0   0   0   0   0   0   0   0   0  4.54 1.35
  127 C   -5 -7 -7 -8  4 -7 -7 -8 -8  5 -2 -7 -2 -2 -7 -6 -4 -7 -4  6    0   0   0   0   8   0   0   0   0  28   2   0   1   1   0   0   1   0   0  57  1.77 0.69
  128 G   -5 -8 -6 -2 -8 -7 -7  8 -7 -9 -9 -7 -8 -8 -7 -6 -7 -8 -8 -8    0   0   0   3   0   0   0  96   0   0   0   0   0   0   0   0   0   0   0   0  2.85 0.99
  129 E   -6 -6 -6 -3 -9 -4  8 -8 -6 -9 -8 -5 -7 -9 -7 -6 -6 -8 -8 -8    0   0   0   1   0   0  98   0   0   0   0   0   0   0   0   0   0   0   0   0  3.00 1.11
  130 S   -3 -3  0 -2 -5 -3 -3 -5 -2 -5 -3  0 -4 -6 -1  3  6 -6 -5 -3    1   1   4   3   0   1   1   1   1   0   3   6   0   0   3  17  55   0   0   1  1.18 0.59
  131 L   -1 -2 -5 -3 -5  0  1 -5 -3  0  5  0  1 -2 -5 -4 -4 -1 -2 -2    6   2   0   2   0   4   9   1   1   3  58   6   3   1   0   1   1   1   1   1  0.80 0.41
  132 E    1 -2 -1  2 -6  2  5 -2 -2 -4 -4 -1 -5 -5 -3  0 -2 -4 -5 -4   14   2   2  10   0   9  42   3   1   1   1   4   0   0   1   6   2   0   0   1  0.78 0.43
  133 Q   -3 -4 -4  1 -8  5  7 -6 -3 -2 -5 -3 -4 -8 -6 -3 -2 -7 -7 -2    2   1   0   7   0  21  58   0   0   2   1   0   0   0   0   1   3   0   0   4  1.55 0.71
  134 R   -6  8 -2 -6 -8 -4 -4 -6  0 -8 -6  1 -5 -3 -7 -6 -6 -7  1 -7    0  80   2   0   0   0   1   0   2   0   1   6   0   1   0   0   0   0   5   0  2.38 0.89
  135 E   -2  0  1  2 -7  2  6 -5 -4 -5 -5  2 -5 -7 -5 -3 -3 -7 -6 -5    4   4   5   9   0   8  51   0   0   1   1  12   0   0   0   2   1   0   0   1  1.13 0.55
  136 A    4 -1  1  0 -3  1  1 -1 -2 -4 -3  0 -3 -4 -4  3  0 -6 -4 -4   33   3   8   4   0   7   8   4   1   0   3   4   1   1   0  19   4   0   0   0  0.48 0.33
  137 G   -3 -4  3 -1 -5 -3 -2  7 -2 -8 -7 -1 -7 -5 -7 -3 -5 -7 -7 -7    1   1  11   4   0   1   3  71   1   0   0   3   0   1   0   2   0   0   0   0  1.70 0.68
  138 E   -2  2  0 -1 -5  3  2 -3 -1 -1 -1  4  0 -4 -4 -1 -1 -5 -4 -2    2  12   5   3   0  15  11   1   2   4   7  23   2   1   0   4   3   0   0   3  0.40 0.28
  139 A    1 -4 -4 -3 -4 -2 -1 -5  2 -2 -4 -3 -1 -3 -5 -1  7 -3  0 -2   13   1   0   1   0   2   4   0   5   2   1   1   2   1   0   3  56   0   3   3  1.14 0.59
  140 E    0 -1  1  0 -3  0  3 -2 -1  0  0  1  1  3 -3 -2 -1  0 -1 -1    7   3   6   6   0   3  19   2   2   5  10   9   5  13   0   2   2   1   1   3  0.17 0.17
  141 S    1 -1  0  3 -4  2  4 -3  0 -4 -3  1 -3 -4 -3  1 -1 -4 -2 -4   13   3   5  14   0   8  27   1   2   1   3   7   0   1   1  10   3   0   1   1  0.45 0.30
  142 W   -3 -3 -7 -6 -4 -5 -5 -6 -1  2 -3 -2 -3  1 -5 -6 -2  2  1  7    2   2   0   0   0   0   1   0   1   9   1   2   0   5   1   0   2   2   4  66  1.40 0.61
  143 V   -5 -7 -2 -7  2 -6 -7 -7 -7  5  3 -7 -2 -5 -6 -5 -3 -7 -5  5    0   0   2   0   5   0   0   0   0  26  23   0   0   0   0   1   1   0   0  42  1.31 0.55
  144 S    1  1 -1 -1 -1  0  3 -1 -1 -2 -1  2 -1  0 -3  1  1 -3 -2 -1   10   7   2   3   1   3  19   5   1   2   6  12   1   4   0   9   8   0   1   4  0.17 0.16
  145 G    1  4  1  1 -5  1  1  0  0 -3 -4  1 -2 -4 -4  0  0 -4 -3 -4   11  25   8   6   0   5  10   6   2   1   1   9   1   1   0   7   5   0   1   1  0.39 0.27
  146 Q   -6 -5 -6 -6 -9  9 -2 -8 -1 -9 -8 -4 -5 -9 -6 -6 -7 -8 -7 -7    0   0   0   0   0  94   1   0   2   0   0   0   0   0   0   0   0   0   0   0  3.29 1.22
  147 I   -5 -6 -7 -7 -4 -5 -7 -8 -5  4  5 -6  1 -3 -7 -6 -1 -6 -5  3    0   0   0   0   0   0   0   0   0  18  56   0   3   1   0   0   3   0   0  18  1.34 0.56
  148 K    0  3 -1  1 -3  2  2 -2 -1 -2 -1  3 -1 -4 -4  0  0 -4 -3 -2    6  15   2   9   0   8  12   3   2   2   6  16   1   1   0   8   5   0   0   2  0.28 0.21
  149 A    3 -1  0 -1 -4  0  2  1 -2 -2 -3  1 -2 -4 -2  1 -1 -4 -4 -2   31   3   5   2   0   3  13   9   1   2   3   9   1   0   2  10   3   0   0   3  0.33 0.25
  150 A    3 -5 -3 -1  2 -4 -4  3 -5  1 -2 -4 -3 -3 -5  1 -2 -6 -3  3   27   0   1   4   4   0   0  20   0   8   4   0   0   1   0  12   1   0   1  18  0.55 0.34
  151 L   -1 -4 -6 -7 -4 -4 -6 -6 -5  2  6 -4  0  2 -6 -5 -3 -4 -2  0    6   1   0   0   0   1   0   0   0   9  63   1   1   7   0   1   1   0   1   6  1.14 0.51
  152 K    2  0  0  2 -3  1  2 -2 -1 -3 -3  2 -2  0  1  1 -1 -4 -2 -2   16   4   3  11   0   5  13   3   1   0   1  14   1   4   5   9   3   0   1   3  0.23 0.20
  153 D   -1 -1  1  2 -3 -1  0  4  1 -3 -2  0 -3 -3 -3 -1 -2 -4 -3 -1    5   3   7  11   0   2   7  37   3   1   4   5   1   1   1   3   2   0   1   4  0.47 0.27
  154 L   -1 -4 -4 -5  0 -3 -4 -4 -5  4  3 -4  0  0 -5 -3 -3 -3 -3  4    4   1   1   0   2   1   1   1   0  23  30   1   1   4   0   2   1   0   0  26  0.75 0.35
  155 S    0 -1 -1  2 -2  0  0  0 -1 -3 -3  2 -3 -2  2  3  2 -5 -3 -3    5   2   3  10   1   3   6   8   1   1   2  11   0   1   9  24  11   0   1   1  0.32 0.24
  156 A    2  0 -1  0 -2  0  1  0 -2  0 -1  1 -1 -1  2  0 -1 -3 -3  0   18   4   3   4   1   3   9   7   1   5   6  11   1   3   9   6   3   0   0   6  0.10 0.11
  157 D    1 -1  1  3 -4  0  3  0 -1 -2 -3  0 -2 -3 -1  1 -1 -2 -3 -2   12   2   6  17   0   4  20   5   1   3   2   6   1   1   2  10   3   1   1   2  0.30 0.21
  158 Q    0 -1  1  4 -3  3  3 -2  0 -5 -3  0 -3 -2 -2 -1 -1 -4 -3 -3    7   3   5  26   1  16  15   3   2   0   3   4   0   2   2   5   3   0   1   1  0.49 0.29
  159 V    1 -3 -4 -4 -4 -3 -3 -2 -4  2  2 -3  3  2  0 -3 -2  7 -1  1   10   1   1   1   0   1   1   3   0  11  19   1   7   9   4   1   2  15   1  11  0.55 0.28
  160 S    2  0  0  1 -2  0  1  0 -1 -4 -3  2 -3 -4 -1  2  0 -4 -3 -3   15   5   4   7   1   4  11   6   1   0   3  13   0   0   2  19   6   0   1   2  0.26 0.21
  161 S   -2  3  4  0 -4  1  0 -1  0 -5 -5  3 -4 -5 -2  0 -1 -6 -3 -4    2  16  23   5   0   7   6   5   2   0   0  18   0   0   1   8   3   0   1   1  0.59 0.34
  162 L   -1 -6 -6 -6  1 -6 -6 -4 -6  5  3 -6  1  0 -5 -3  0 -3 -4  4    5   0   0   0   2   0   0   1   0  27  26   0   3   4   0   1   5   0   0  23  0.82 0.39
  163 V   -2 -7 -6 -5 -3 -5 -6 -7 -5  5 -2 -6  0 -3 -7 -3  0 -5 -2  6    3   0   0   1   0   0   0   0   0  26   2   0   2   1   0   2   5   0   2  54  1.39 0.60
  164 I   -6 -7 -8 -8 -5 -7 -5 -8 -8  7  1 -7 -3 -1 -7 -7 -5 -5 -5  4    0   0   0   0   0   0   1   0   0  59  13   0   0   3   0   0   0   0   0  22  1.74 0.67
  165 A    7 -7 -7 -7 -6 -6 -6 -4 -7 -7 -6 -6 -5 -8 -6 -3 -5 -8 -7 -4   95   0   0   0   0   0   0   1   0   0   0   0   0   0   0   1   0   0   0   1  2.48 0.97
  166 Y   -8 -8 -8 -9 -9 -8 -8 -9 -4 -8 -7 -8 -7 -3 -9 -8 -8 -4 10 -7    0   0   0   0   0   0   0   0   0   0   0   0   0   0   0   0   0   0  99   0  4.04 1.33
  167 E   -7 -6 -6 -4 -9 -4  8 -8 -6 -9 -9 -4 -8 -9 -7 -6 -7 -9 -8 -8    0   0   0   0   0   0  98   0   0   0   0   0   0   0   0   0   0   0   0   0  3.06 1.14
  168 P   -7 -9 -8 -8 -9 -8 -7 -9 -9 -9 -9 -7 -9 -10  9 -7 -7 -10 -9 -9    0   0   0   0   0   0   0   0   0   0   0   0   0   0 100   0   0   0   0   0  3.75 1.29
  169 I   -5 -6 -8 -8 -6 -7 -8 -8 -8  5 -2 -7 -3 -6 -8 -4 -3 -8 -6  7    0   0   0   0   0   0   0   0   0  24   2   0   0   0   0   1   1   0   0  71  2.08 0.79
  170 W   -7 -8 -11 -11 -9 -9 -10 -8 -9 -10 -9 -10 -8 -6 -11 -10 -10 13 -5 -10    1   0   0   0   0   0   0   0   0   0   0   0   0   0   0   0   0  99   0   0  5.50 1.64
  171 A    8 -7 -7 -8 -6 -7 -7 -6 -7 -7 -7 -6 -7 -8 -7 -3 -6 -8 -8 -3   97   0   0   0   0   0   0   0   0   0   0   0   0   0   0   1   0   0   0   2  2.62 1.02
  172 I   -7 -9 -9 -9 -7 -9 -9 -10 -9  9 -4 -9 -5 -6 -9 -8 -7 -9 -7 -1    0   0   0   0   0   0   0   0   0  98   0   0   0   0   0   0   0   0   0   2  3.15 1.06
  173 G   -5 -8 -5 -7 -8 -8 -8  8 -8 -10 -10 -7 -9 -9 -8 -3 -7 -8 -9 -7    0   0   0   0   0   0   0  97   0   0   0   0   0   0   0   2   0   0   0   0  2.91 1.02
  174 T   -5 -6 -5 -7 -7 -6 -6 -6 -7 -7 -7 -6 -5 -8 -7  0  8 -8 -7 -5    1   0   0   0   0   0   0   0   0   0   0   0   0   0   0   7  90   0   0   1  2.68 1.05
  175 G   -5 -8 -4 -5 -8 -7 -8  8 -3 -7 -9 -6 -8 -9 -6 -5 -7 -8 -9 -9    0   0   1   1   0   0   0  96   1   0   0   0   0   0   0   0   0   0   0   0  2.84 1.00
  176 K   -4  3 -1 -2 -4  2  1 -6  1 -1  0  5 -2 -6 -5 -4 -3 -6 -5  1    1  13   2   2   0   7   7   0   3   3  10  39   1   0   0   0   1   0   0  10  0.75 0.42
  177 T    1 -5  2 -5 -5 -4 -5 -4 -2 -2 -5 -4 -4 -4 -1  1  5 -7 -5  3   11   0  10   0   0   0   0   1   1   1   0   0   0   1   4  10  39   0   0  22  0.93 0.52
  178 A    7 -7 -7 -3  4 -6 -5 -5 -7 -5 -7 -6 -3 -8  1 -3 -5 -8 -6 -5   82   0   0   1   7   0   0   0   0   1   0   0   1   0   6   1   0   0   0   1  2.04 0.85
  179 T   -3 -2  0 -2 -6 -3 -1 -3 -4 -6 -5 -2 -6 -7 -4  4  6 -7 -4 -5    1   2   3   3   0   1   3   2   0   0   1   2   0   0   1  29  51   0   1   0  1.33 0.66
  180 S    1 -5 -4 -4 -5 -3 -4 -3 -6 -3 -2 -3 -5 -5  7  0 -2 -8 -6 -2   13   0   1   1   0   1   1   2   0   2   4   2   0   0  58   8   3   0   0   3  1.52 0.67
  181 D    1 -3  0  4 -7  2  5 -3 -3 -5 -5 -1 -5 -6 -3 -1 -3 -5 -5 -4   12   1   3  18   0   9  41   2   1   0   1   4   0   0   1   4   1   0   0   1  0.92 0.49
  182 Q   -4 -4 -3  4 -8  7  2 -6 -3 -1 -4 -3 -1 -6 -6 -4 -3 -7 -3 -5    1   0   1  24   0  48  12   0   0   4   2   1   1   0   0   1   2   0   1   1  1.50 0.70
  183 A    7 -7 -7 -7 -6 -6 -6 -5 -7  2 -5 -6 -4 -7 -6 -4 -4 -8 -7  1   78   0   0   0   0   0   0   0   0  10   1   0   0   0   0   0   1   0   0   9  1.86 0.79
  184 E    0 -2  1 -2 -7  7  3 -4 -3 -6 -3 -2 -2 -3 -6 -2 -3 -7 -5 -3    7   2   7   2   0  49  19   1   0   0   3   2   1   1   0   2   1   0   0   2  1.24 0.62
  185 E    0 -1 -1  1 -6  1  6 -4 -2 -7 -5  0 -5 -6 -5  0 -2 -5 -6 -4    8   4   2   8   0   4  55   1   1   0   1   5   0   0   0   6   2   0   0   1  1.12 0.56
  186 I    2 -6 -6 -7 -4 -6 -5 -3 -7  1 -3 -6  6 -5 -6 -3  1 -7 -6  5   19   0   0   0   0   0   1   2   0   8   0   0  19   0   0   2   7   0   0  42  1.21 0.58
  187 C    0 -4 -4 -7  5 -3 -6 -7 10  0 -4 -5 -2 -5 -7 -4 -5 -8 -4 -4    8   1   1   0  10   1   0   0  66   6   2   1   1   0   0   2   0   0   0   1  2.52 0.91
  188 A    4  1 -1 -1 -4  1  0  0  1 -2 -1  1 -1 -3 -4  1 -1 -5 -3 -2   33   6   2   2   0   5   4   7   4   2   6  10   1   1   0   9   3   0   1   2  0.32 0.25
  189 V    1 -3 -4 -2 -2 -1 -1 -3  2 -1  1 -3  1  5 -5 -2 -2  2  3 -1   12   1   1   3   1   2   4   2   5   2  12   2   4  29   0   3   2   2   8   5  0.49 0.29
  190 V   -5 -8 -8 -8  0 -8 -8 -9 -8  8  1 -8 -2 -5 -8 -6 -5 -8 -6  1    1   0   0   0   2   0   0   0   0  77  12   0   1   0   0   1   0   0   0   6  2.22 0.80
  191 R   -5  9 -4 -6 -7 -3 -4 -8 -2 -8 -7  1 -7 -7 -8 -6 -6 -5 -5 -7    1  87   1   0   0   1   1   0   1   0   0   7   0   0   0   0   0   0   0   0  2.69 0.98
  192 K    0  1  1  1 -4  2  2  0 -1 -5 -4  3 -3 -5 -4  2 -2 -6 -4 -4    9   5   8   7   0  10  14   7   1   0   1  20   0   0   0  15   2   0   0   0  0.45 0.30
  193 T   -2  0 -3 -4 -1  0 -1 -4  1  1  1 -1  0  1 -5 -2  1  7  0  1    3   5   1   0   1   4   5   0   3   8  16   3   2   6   0   2  10  15   3  11  0.42 0.25
  194 V   -4 -7 -7 -8 -3 -6 -7 -8 -7  4  5 -7  0  0 -7 -6 -5 -4 -5  2    1   0   0   0   1   0   0   0   0  21  58   0   2   3   0   0   0   0   0  13  1.38 0.57
  195 A    3  1 -2 -2 -2 -1  0  1  0 -1 -3  1 -3 -4 -3  1  0 -3 -3 -1   30   8   1   2   1   2   6   8   2   3   2  10   0   0   0  11   7   0   1   4  0.30 0.24
  196 D    0  0  1  3 -4  2  4 -1 -2 -5 -4  2 -3 -5 -4  1 -1 -5 -4 -4    8   4   6  14   0   7  25   5   1   0   1  13   0   0   0   9   4   0   0   1  0.49 0.30
  197 L   -1  1  1 -3 -2  0 -1 -3  0  2  2  1  3 -2 -4 -1 -1 -3 -2 -1    5   9   9   1   1   5   3   1   2  10  23  11   8   1   0   4   4   0   1   2  0.24 0.19
  198 Y   -2 -2 -3 -4  0 -3 -4 -3  0 -1  0 -3 -2  5 -4 -3 -2  2  6  1    4   2   1   1   2   1   1   3   2   4   8   1   1  22   1   2   2   3  29  11  0.81 0.36
  199 S   -2 -4  1  2 -3 -4 -3  5 -4 -5 -5 -3 -4 -5 -1  3 -2 -3 -5 -5    3   1   6  13   0   1   2  40   0   1   1   2   0   0   3  24   2   0   0   1  0.90 0.44
  200 Q    1  0  0  1 -3  1  2 -1 -1 -3 -2  2 -3 -2  2  1 -1 -3 -2 -2   15   5   4   8   0   6  13   4   1   1   3  11   0   1  11   9   2   0   1   2  0.23 0.17
  201 E    0 -1  1  3 -3  1  4  0 -1 -4 -4  1 -3 -3 -2  0 -1 -5 -3 -2    9   3   5  15   0   6  24   7   1   1   1   9   0   1   2   8   4   0   1   3  0.38 0.24
  202 V    1 -1 -2 -3 -2 -2 -3 -2 -2  2  0 -3 -1  0 -3 -1  1 -4 -2  4   14   3   2   1   1   1   2   2   1  13  10   1   1   3   1   4   9   0   1  30  0.35 0.22
  203 A    6 -5 -4 -4 -4 -4 -4  1 -5 -4 -5 -4 -5 -4 -3  2 -3 -6 -6 -2   67   0   0   1   0   0   1  10   0   1   1   1   0   1   1  12   2   0   0   2  1.37 0.62
  204 D    0  0  2  4 -5  2  4 -2 -1 -4 -5  0 -3 -4 -3  0 -2 -6 -4 -4    9   4   9  20   0   9  26   3   1   1   1   5   0   1   1   8   2   0   0   1  0.59 0.34
  205 K    1  1  2  0 -4  2  1 -1  0 -4 -4  3 -2 -5 -4  2  0 -5 -4 -4   11   8  11   4   0   9   7   5   2   1   1  18   1   0   0  16   5   0   0   1  0.40 0.27
  206 V   -2 -6 -5 -6  0 -6 -6 -7 -6  4  1 -5  3 -3 -4 -4  3 -6 -4  4    2   0   0   0   2   0   0   0   0  25  12   0   6   1   1   1  20   0   0  29  0.99 0.48
  207 R   -3  7 -5 -6 -5 -1 -5 -6 -2 -2 -6 -1 -4 -6  3  0 -2 -7 -4 -4    2  60   0   0   0   3   0   0   1   2   1   3   0   0  16   6   3   0   1   1  1.58 0.71
  208 I   -6 -8 -9 -9 -3 -8 -8 -9 -9  8  0 -8 -2 -5 -8 -8 -5 -8 -7  2    0   0   0   0   0   0   0   0   0  77   7   0   1   0   0   0   0   0   0  14  2.34 0.85
  209 Q   -5 -6 -7 -8 -4  3 -6 -8 -7  3  6 -6 -2 -5 -7 -7 -5 -7 -6 -1    0   0   0   0   0  13   0   0   0  17  66   0   0   0   0   0   0   0   0   3  1.59 0.68
  210 Y   -8 -8 -9 -10 -9 -8 -9 -10 -5 -8 -8 -9 -8 -3 -10 -8 -8 -4 11 -8    0   0   0   0   0   0   0   0   0   0   0   0   0   0   0   0   0   0 100   0  4.14 1.37
  211 G   -6 -8 -6 -7 -9 -8 -8  8 -8 -10 -10 -8 -9 -9 -8 -6 -6 -9 -9 -9    0   0   0   0   0   0   0 100   0   0   0   0   0   0   0   0   0   0   0   0  3.07 1.07
  212 G   -5 -8 -6 -7 -9 -8 -8  8 -8 -10 -10 -8 -9 -9 -8 -6 -8 -9 -9 -9    0   0   0   0   0   0   0 100   0   0   0   0   0   0   0   0   0   0   0   0  3.07 1.07
  213 S   -4 -7 -5 -6 -7 -6 -6 -5 -7 -9 -9 -6 -8 -9 -7  8 -5 -9 -8 -8    0   0   0   0   0   0   0   0   0   0   0   0   0   0   0  99   0   0   0   0  2.87 1.14
  214 V   -3 -8 -8 -9  1 -8 -8 -9 -8  0 -2 -8  2 -6 -8 -6 -5 -8 -7  8    2   0   0   0   3   0   0   0   0   3   3   0   5   0   0   0   0   0   0  84  2.27 0.86
  215 K   -4 -3  5  0 -7 -3 -3 -5 -3 -7 -7  6 -6 -8 -6 -1  3 -8 -7 -6    1   1  29   4   0   0   1   0   0   0   0  44   0   0   0   5  14   0   0   0  1.44 0.67
  216 P    3 -4 -5 -2 -5 -4  0  0 -5 -5 -6 -3 -5 -7  6  1 -4 -8 -7 -3   24   1   0   3   0   0   5   7   0   1   1   1   0   0  43  11   1   0   0   2  1.23 0.59
  217 A    1 -2  1  4 -5  0  3  1 -2 -5 -5  1 -5 -6 -5  1  0 -6 -5 -4   13   1   5  22   0   3  19   9   1   0   0   9   0   0   0  12   4   0   0   1  0.57 0.35
  218 N   -7 -6  9 -4 -9 -6 -6 -6 -5 -7 -9 -5 -8 -9 -8 -2 -2 -10 -8 -7    0   0  91   0   0   0   0   0   0   0   0   0   0   0   0   3   3   0   0   0  3.09 1.12
  219 V    5 -6 -6 -7  5 -6 -6 -5 -7  3 -4 -6 -2 -3 -6  0 -3 -5 -5  1   51   0   0   0  12   0   0   0   0  17   1   0   1   1   0   5   1   0   0   9  1.26 0.59
  220 N    3  1 -1  0 -4  0  1  0 -1 -4 -3  3 -3 -3 -2  0 -2 -5 -2 -2   28   6   2   6   0   3   8   7   1   1   2  19   0   1   2   8   1   0   1   3  0.37 0.27
  221 E    1 -3 -1  2 -6  0  5  0 -4 -5 -5 -2 -4 -6 -4  1 -2 -5 -5 -4   12   1   2  12   0   4  43   9   0   1   1   2   0   0   0   9   2   0   0   1  0.85 0.47
  222 L   -6 -7 -8 -8 -6 -6 -8 -8 -5  3  5 -7 -2  4 -8 -6 -5 -5  3 -3    0   0   0   0   0   0   0   0   0  15  60   0   0  15   0   0   0   0   8   1  1.53 0.63
  223 M    1 -5 -5 -6 -2 -5 -6 -3 -6  2  3 -5  5  5 -6 -1 -3 -3 -3  0   12   0   0   0   1   0   0   2   0  11  27   0  15  21   0   4   1   0   0   4  0.81 0.41
  224 G    3 -1  0 -1 -4  0  0  0 -1 -4 -3  2 -2 -4 -4  3 -1 -6 -3 -2   29   3   4   3   0   4   5   6   1   1   2  12   1   0   0  19   4   0   1   2  0.40 0.30
  225 K   -2 -2 -3 -3  2  6  1 -4 -2  0 -1  2  4 -5 -5 -3 -2 -6 -3 -2    3   2   1   1   5  37   9   1   1   6   7  10  10   0   0   2   2   0   1   3  0.82 0.47
  226 D    1 -3 -1  0 -6 -1  2 -2 -2 -6 -4  1 -6 -7  6  0 -2 -7 -6 -5   10   1   3   5   0   3  13   3   1   0   2   8   0   0  41   7   2   0   0   1  0.98 0.49
  227 D   -2 -4  4  7 -6 -3  1  0  0 -7 -5 -4 -6 -6 -6 -3 -5 -8 -5 -6    3   1  16  56   0   1   9   6   3   0   1   1   0   0   0   2   0   0   0   0  1.51 0.65
  228 I   -5 -8 -8 -8 -5 -7 -8 -8 -8  7 -2 -7  0 -4 -8 -7 -5 -8 -6  5    0   0   0   0   0   0   0   0   0  56   2   0   2   0   0   0   0   0   0  38  2.03 0.76
  229 D   -5 -6  1  8 -9 -4 -3 -4 -3 -9 -9 -5 -8 -9 -7 -2 -6 -10 -8 -9    1   0   7  85   0   1   1   2   1   0   0   0   0   0   0   3   0   0   0   0  2.59 0.95
  230 G   -5 -8 -6 -7 -8 -7 -8  8 -8 -9 -9 -7 -8 -9 -8 -6 -7 -8 -9 -9    0   0   0   0   0   0   0  99   0   0   0   0   0   0   0   0   0   0   0   0  3.03 1.04
  231 G    4 -6 -6 -6 -1 -6 -6  3 -6 -4  0 -6 -3  5 -6 -4 -4 -5 -3  2   31   0   0   0   1   0   0  21   0   0  10   0   0  22   0   0   0   0   0  14  0.91 0.47
  232 L   -7 -7 -9 -9 -7 -7 -8 -7 -8 -3  7 -8 -3 -2 -8 -8 -6 -7 -6 -4    0   0   0   0   0   0   0   0   0   1  97   0   0   1   0   0   0   0   0   0  2.42 0.89
  233 V   -4 -8 -8 -8 -6 -7 -8 -8 -8  5 -3 -7 -4 -5 -6 -7 -5 -8 -6  7    1   0   0   0   0   0   0   0   0  23   2   0   0   0   0   0   0   0   0  73  2.15 0.80
  234 G   -5 -8 -6 -7 -8 -7 -8  8 -8 -9 -9 -7 -8 -9 -8 -5 -7 -8 -8 -9    0   0   0   0   0   0   0  99   0   0   0   0   0   0   0   0   0   0   0   0  2.97 1.01
  235 G   -2 -2 -3 -5 -7 -5 -7  7 -4 -8 -8 -4 -7 -8 -7 -2 -2 -7 -8 -7    2   3   1   1   0   1   0  85   1   0   0   1   0   0   0   3   3   0   0   0  2.21 0.81
  236 A    7 -7 -7 -6 -3 -5 -4 -4 -7 -7 -7 -5 -6 -8 -6 -1 -5 -8 -7 -5   93   0   0   0   1   0   1   1   0   0   0   0   0   0   0   4   0   0   0   1  2.36 0.93
  237 S    0 -6 -5 -6 -2 -6 -6 -5 -7 -8 -8 -6 -7 -8 -6  8 -4 -9 -7 -7    7   0   0   0   1   0   0   0   0   0   0   0   0   0   0  92   0   0   0   0  2.49 1.01
  238 L   -7 -7 -9 -9 -5 -6 -8 -9 -8 -2  7 -5 -2 -5 -8 -8 -5  1 -6 -3    0   0   0   0   0   0   0   0   0   1  94   1   0   0   0   0   0   2   0   1  2.30 0.85
  239 Q   -4 -2  2  4 -7  0  1 -5 -2 -3 -5  5 -5 -5 -5 -1 -2 -7 -6 -2    1   1   9  26   0   4   7   0   1   2   1  38   0   0   0   5   2   0   0   3  0.98 0.49
  240 P    4 -5 -5 -5 -2 -5 -3 -2 -4 -1 -3 -3 -4 -3  5  0 -2 -7 -4  1   39   0   0   0   1   0   1   3   0   4   2   1   0   1  27   7   2   0   0  11  0.93 0.48
  241 D    0 -2  0  4 -5  1  5 -3 -2 -5 -5  1 -3 -5 -3  0 -2 -5 -6 -3    8   1   5  20   0   5  35   2   1   0   1  10   1   0   1   5   2   0   0   1  0.76 0.41
  242 S   -1 -2 -1  3 -4  0  3 -2 -1 -4 -4  1 -3 -5 -3  4  0 -5 -4 -3    4   2   3  17   0   4  21   2   1   1   1   9   0   0   1  27   5   0   0   1  0.57 0.33
  243 F   -8 -9 -9 -10 -8 -9 -9 -9 -7 -5 -4 -9 -3 10 -10 -8 -8 -2 -1 -6    0   0   0   0   0   0   0   0   0   0   1   0   1  96   0   0   0   1   1   0  3.55 1.12
  244 L    2 -3 -2 -4  0 -2 -2 -1 -3  2  2 -2  1 -2 -4  0 -1 -1 -2  2   20   1   1   0   2   1   2   4   1  12  22   2   3   1   0   8   4   1   1  14  0.27 0.20
  245 E    2  1 -1  2 -5  2  2  0 -2 -4 -5  3 -3 -6 -2  1  0 -6 -5 -4   17   8   2  10   0  10  12   6   1   1   0  17   0   0   2   9   4   0   0   1  0.41 0.28
  246 L   -6 -8 -8 -8 -6 -8 -8 -9 -8  8  1 -8  2 -5 -8 -7 -5 -8 -6 -1    0   0   0   0   0   0   0   0   0  79  13   0   4   0   0   0   0   0   0   3  2.33 0.82
  247 V   -1 -7 -6 -7  6 -7 -7 -7 -7  6  0 -6 -2 -4 -7 -5 -4 -7 -3  4    6   0   0   0  14   0   0   0   0  39   7   0   1   0   0   0   0   0   1  30  1.40 0.55
  248 N   -3  3  5  1 -6  2  1 -4  1 -6 -6  3 -5 -5 -5  0 -2 -6 -5 -6    1  18  26   7   0   7  10   0   3   0   0  19   0   0   0   8   1   0   0   0  0.85 0.42
  249 Y    5 -3 -4 -5  2 -2 -4 -3 -2  2 -2 -4 -3  2 -5 -1 -1 -3  2 -2   52   1   0   0   4   1   0   1   1  14   2   0   0   8   0   3   3   0   8   1  0.81 0.42
  250 Q    5  1 -3 -4  2  1 -2 -2 -4 -1 -3  1 -3  0 -4 -1 -1 -5 -2  0   50   8   0   0   4   7   2   2   0   3   1   7   0   4   0   3   2   0   1   5  0.57 0.32
  251 N   -2 -1  5  2 -2  0  3 -3 -1 -5 -5  2 -4 -5 -2  2 -2 -5 -4 -4    2   2  28  12   1   4  17   1   1   0   0  13   0   0   1  16   1   0   0   1  0.64 0.28
  252 N   -2 -2  5  1 -4  3 -1 -3  0 -5 -5  3 -3 -5 -3  2  1 -5 -4 -4    0   0  32   6   0  15   0   0   2   0   0  18   0   0   0  19   8   0   0   0  0.72 0.29

                      K         Lambda
Standard Ungapped    0.1298     0.3126
Standard Gapped      0.0410     0.2670
PSI Ungapped         0.2288     0.3179
PSI Gapped           0.0700     0.2670
