
Last position-specific scoring matrix computed, weighted observed percentages rounded down, information per position, and relative weight of gapless real matches to pseudocounts
           A  R  N  D  C  Q  E  G  H  I  L  K  M  F  P  S  T  W  Y  V   A   R   N   D   C   Q   E   G   H   I   L   K   M   F   P   S   T   W   Y   V
    1 M   -3 -4 -5 -5 -3 -4 -4 -5 -4 -1  2 -4  6  5 -5 -4 -3  7  0  0    0   0   0   0   0   0   0   0   0   1  18   0  26  33   0   0   0  16   0   6  1.05 0.27
    2 A    4 -2  1  0  1 -2 -2 -2 -3 -2 -3 -1 -3 -4 -2  3  2 -4 -4 -2   36   2   5   4   3   1   0   1   0   2   0   2   0   0   1  30  14   0   0   1  0.51 0.24
    3 D    1 -1  1  2 -3  2  2 -1 -1 -4 -4  0 -3 -4 -1  3  0 -4 -3 -3   15   1   5  10   0  13  16   3   1   0   0   5   0   0   2  24   6   0   0   1  0.39 0.19
    4 C    3 -2 -3 -3  8 -2 -2 -2 -4  0 -2 -3 -1 -1 -1  0  0 -4 -3 -1   25   1   1   1  33   1   2   3   0   7   3   1   1   3   4   5   5   0   1   3  0.70 0.28
    5 D   -1 -2  1  1 -5  0  1 -4 -3 -5 -5  2 -3 -3  6 -1 -1 -6 -5 -4    6   1   6   8   0   4   8   0   0   0   0  13   1   1  43   5   3   0   0   0  0.95 0.34
    6 S    2  0  0  1 -3  0  2 -2 -2 -4 -3 -1 -2 -3  3  2  1 -1 -3 -2   20   4   4   6   0   3  16   2   1   0   1   3   1   1  12  16   9   1   0   1  0.33 0.19
    7 V    1 -2 -2 -2 -3  0 -1 -3 -3  1  1 -1  5 -1 -1 -1  0 -4 -2  1   14   1   2   2   0   5   4   1   0   6  12   3  23   2   2   4   6   0   1  12  0.26 0.19
    8 T    2 -1 -1  0 -2  1  1 -3 -1 -1 -2  0 -2 -3 -1  1  3 -3  1  0   18   2   2   4   1   5  10   0   1   3   1   5   1   0   2   7  23   0   6   9  0.22 0.18
    9 N    0  0  1  0 -2  0  1 -2 -1  2 -1  0 -1 -1  1  0  0 -1  0  0    8   4   7   5   0   4  10   1   1  20   6   7   0   1   6   7   7   1   3   2  0.08 0.10
   10 S    0 -1  1  4 -4  0  2 -2 -1 -4 -4  1 -2 -5  2  1  0 -5 -4 -3    9   1   7  25   0   3  13   2   1   0   1  10   1   0   8  11   7   0   0   1  0.42 0.22
   11 P    0 -1 -1 -1 -4  1  0 -3 -2 -2  0  1 -2 -4  5  0  1 -5 -3 -2    6   3   2   3   0   6   4   2   0   2  10  10   0   0  33   5   8   0   0   2  0.53 0.25
   12 L    1 -1  1  0 -3  0  0  0 -2 -2  0  1  1 -3  3  1  0 -1 -3 -1   12   2   6   6   0   3   7   5   1   1  11  10   4   0  13  10   4   1   0   3  0.15 0.11
   13 A    1  0  0  1 -4  0  1  0 -2 -3 -2  4 -2 -4 -1  0  1 -4 -3 -2   12   2   3  10   0   3   7   8   1   0   3  30   0   0   2   7  10   0   0   2  0.33 0.22
   14 T   -1 -1  2  1 -3  1 -1  3 -1 -3 -4  3 -1 -3  0  0  1 -4 -2 -3    4   2   9   8   1   7   2  21   1   1   1  19   1   1   5   6  11   0   1   1  0.31 0.20
   15 A   -1 -2 -2 -3 -3 -2 -2  2 -2  0  2 -1  2 -1  1 -1 -1 -3  4 -1    4   1   1   1   0   2   1  19   1   4  24   3   5   0   7   4   4   0  15   3  0.27 0.20
   16 T   -3 -2 -2 -4 -4 -1 -2 -4  0  0 -3  0 -3  1 -5  1  2 -2  7  1    1   2   1   1   0   2   2   0   2   4   1   6   0   4   0  10  14   0  38   9  0.75 0.38
   17 A    6 -6 -6 -6 -3 -5 -5 -4 -6 -2 -4 -5 -2 -6 -5 -3 -3 -3 -5  4   70   0   0   0   0   0   0   0   0   1   0   0   1   0   0   0   0   0   0  26  1.54 0.64
   18 T   -2  1 -2 -1 -2  0  1 -4 -1  2 -1 -1 -2 -3 -4 -1  4 -5 -3  2    1   9   1   4   1   4   9   0   1  15   4   4   0   0   0   3  27   0   0  17  0.39 0.27
   19 L   -5 -6 -6 -7 -5 -6 -6 -7 -6  5  4 -6  3  4 -6 -6 -4 -1 -3  0    0   0   0   0   0   0   0   0   0  34  37   0   8  16   0   0   0   1   0   4  1.20 0.47
   20 H   -2  0  1  1 -3  2  3 -4  6 -3 -5  2 -3 -4 -4 -2  0 -5 -1 -1    2   5   5   7   1   7  18   0  24   2   0  14   0   0   0   2   5   0   2   6  0.63 0.33
   21 T   -5 -6 -5 -6 -6 -5 -6 -6 -7 -5 -5 -5 -3 -7 -6 -3  8 -7 -6 -5    0   0   0   0   0   0   0   0   0   0   1   0   0   0   0   0  99   0   0   0  2.76 0.97
   22 N   -2 -3  5  1 -5 -3 -1 -4 -4 -5 -6 -3 -4 -6 -3  4  4 -7 -5 -4    2   1  26   7   0   1   3   0   0   0   0   0   0   0   1  33  26   0   0   0  1.05 0.52
   23 R   -1  1 -3 -4 -3  1 -1 -5  2 -2  2  4  5  0 -5 -3 -3 -5 -1 -2    4   7   0   0   0   6   3   0   5   1  19  28  18   3   0   0   0   0   2   2  0.59 0.35
   24 G   -4 -7 -5 -5 -7 -6 -7  8 -7 -9 -8 -6 -7 -8 -7 -5 -6 -7 -8 -8    0   0   0   1   0   0   0  99   0   0   0   0   0   0   0   0   0   0   0   0  2.80 0.89
   25 D   -1  0  1  6 -5 -1  1 -4 -4 -3 -4  0 -4 -6  0 -1  2 -6 -5 -2    4   4   7  41   0   2   8   1   0   1   1   4   0   0   4   4  16   0   0   4  0.74 0.38
   26 I   -5 -6 -7 -7 -5 -6 -7 -7 -6  7  1 -6  3  3 -7 -6 -4 -5 -3  1    0   0   0   0   0   0   0   0   0  63  12   0   6  13   0   0   0   0   0   6  1.58 0.58
   27 K   -2  1  1 -1 -3 -1  0 -3  2  0  0  2 -2 -2 -3 -1  3 -2 -1  1    2   6   9   3   0   2   7   1   7   4   8  13   0   1   0   2  19   0   1  14  0.21 0.19
   28 I    0 -5 -6 -6  6 -5 -6 -5 -6  4  2 -5  0  0 -5 -4 -3 -5 -4  3    8   0   0   0  17   0   0   1   0  28  22   0   1   3   0   0   1   0   0  19  0.92 0.39
   29 A   -2  3 -1  0 -6  2  5 -4 -3 -5 -5  3 -3 -5 -4 -2 -1 -5 -5 -3    3  14   2   4   0   9  41   0   0   0   1  17   0   0   0   1   4   0   0   2  0.88 0.43
   30 L   -5 -6 -7 -8 -5 -6 -7 -8 -7 -1  7 -6 -1  0 -7 -6 -4 -6 -5 -2    0   0   0   0   0   0   0   0   0   3  91   0   1   3   0   0   1   0   0   1  1.94 0.70
   31 F   -3 -4 -3 -2 -4 -5  0 -6  4 -4 -2 -5 -3  7 -6 -5 -3  2  5 -5    2   1   2   3   0   0   6   0   9   0   3   0   1  49   0   0   1   3  21   0  1.48 0.57
   32 G    1 -3 -2  0  4 -2  2 -1  0 -4 -4 -2 -3  0  4  0 -1  1  3 -3   12   0   1   6  10   0  13   4   2   0   0   1   0   4  20   6   3   2  13   1  0.49 0.29
   33 N   -1 -1  1  5 -6  1  3 -3 -3 -5 -6  3 -4 -6 -4 -1 -1 -6 -4 -4    5   2   5  34   0   4  19   1   0   0   0  22   0   0   0   3   3   0   0   1  0.86 0.41
   34 H   -1  1 -1  1 -4  2  3 -4  3 -2 -1  3 -1 -3 -3 -2 -1 -3 -1 -2    4   8   2   7   0   8  22   0   7   2   6  22   2   1   0   1   2   0   1   3  0.41 0.26
   35 A    5 -5 -5 -5  3 -4 -4 -4 -5 -2 -4 -4 -2 -5 -4 -1  3 -6 -5  2   56   0   0   0   7   0   0   0   0   1   0   0   1   0   0   3  17   0   0  16  1.08 0.52
   36 P   -6 -5 -7 -6 -8 -5 -6 -7 -6 -6 -8 -4 -7 -9  9 -5 -6 -9 -8 -7    0   1   0   0   0   0   0   0   0   0   0   1   0   0  97   1   0   0   0   0  3.34 1.02
   37 K   -1  2  1 -4 -5 -1 -2 -3 -2  1  0  4  3 -3 -4 -3 -2 -5 -3  0    4  11   7   0   0   2   1   2   0  11  11  35   7   1   0   0   1   0   0   6  0.47 0.31
   38 T    2 -5 -4 -5 -5 -5 -5 -4 -4 -4 -5 -5 -2 -6 -5 -2  7 -7 -6 -4   17   0   0   0   0   0   0   1   0   1   0   0   1   0   0   2  78   0   0   0  1.93 0.77
   39 V    0 -6 -6 -7  6 -6 -6 -5 -7 -1 -3 -6 -3 -5 -6 -3 -2 -7 -5  7    6   0   0   0  15   0   0   1   0   1   0   0   0   0   0   2   2   0   0  73  1.74 0.66
   40 A    4  1  2 -1 -2 -1  4 -1 -1 -4 -4  0 -2 -5 -4 -1 -2 -3 -2 -4   34   6  11   2   1   2  26   4   1   0   0   5   1   0   0   1   2   0   2   0  0.58 0.35
   41 N   -5 -5  9 -3 -7 -4 -4 -5 -1 -8 -8 -3 -7 -7 -6 -1 -4 -8 -7 -5    0   0  93   0   0   0   0   0   1   0   0   1   0   0   0   4   0   0   0   1  2.78 0.92
   42 F   -7 -7 -8 -8 -7 -8 -8 -8 -6 -3 -4 -8 -1 10 -8 -7 -7 -3 -1 -4    0   0   0   0   0   0   0   0   0   1   0   0   1  96   0   0   0   0   0   1  3.18 0.94
   43 V   -1 -2 -5 -5  1 -4 -4 -3 -5  3  1 -3  0 -3 -5 -3  0 -4 -3  5    5   2   0   0   3   0   1   2   0  19  10   1   2   0   0   1   5   0   1  50  0.83 0.38
   44 G    1 -1  0 -1 -3  1  0  4 -2 -3 -3  0 -2  1 -3  0  1 -3 -1 -2   11   2   3   3   0   6   5  33   0   0   1   6   1   7   0   6  10   0   2   3  0.35 0.22
   45 L   -5 -6 -6 -7 -5 -6 -6 -7  4 -2  7 -6 -2 -3 -7 -6 -5 -6 -4 -3    0   0   0   0   0   0   0   0  10   0  89   0   0   0   0   0   0   0   0   0  1.94 0.70
   46 A    6 -5 -5 -5  5 -4 -4 -3 -5 -3 -4 -4 -4 -5 -4  1 -2 -6 -5 -2   69   0   0   0  13   0   0   1   0   1   1   0   0   0   0   9   1   0   0   3  1.44 0.58
   47 Q   -2  4 -1 -1 -3  2  4 -3 -2 -3 -3  2 -1 -3 -3 -2  1 -3 -3 -3    2  22   2   2   0   9  28   2   0   1   3   9   2   1   1   2   9   0   1   1  0.51 0.25
   48 G   -1 -2  2  0 -2 -1  0  5 -2 -3 -2 -2 -2 -3 -2 -1 -2 -2 -2 -2    4   2   8   4   1   3   7  50   1   2   3   2   1   1   2   3   2   0   1   2  0.64 0.21
   49 T   -1 -1  0 -1 -1  0  0  2 -1 -1 -1  1 -1 -2 -1  0  2 -2 -2 -1    4   3   3   3   1   4   7  20   1   3   5  10   1   1   2   6  19   0   1   4  0.16 0.09
   50 K   -1  2  1 -1 -1  0  0 -1  0  0 -1  2 -1 -1  0  0  0 -1 -1 -1    4  14   6   3   1   4   3   5   3   6   7  20   1   2   3   4   5   1   2   4  0.10 0.05
   51 D    0 -1  0  0 -1  0  1 -1 -1 -1 -1  0 -1 -1  3  0  0 -1 -1 -1    9   3   4   6   1   4  11   5   2   3   5   5   1   3  16   7   5   1   2   5  0.15 0.04
   52 Y   -1 -1 -1 -1 -1 -1 -1 -1  0 -1 -1  0  0  2 -1 -1 -1  8  2 -1    5   3   3   3   1   3   4   5   2   4   7   5   2   8   3   5   3  23   6   5  0.48 0.11
   53 S    0  1  0  0 -1  0  0 -1 -1  0  0  0  0  0  0  0  1  1  0  0    5   8   4   4   1   3   4   5   2   5  11   8   3   3   3   6   9   3   3  10  0.01 0.01
   54 T   -1 -1  1  4 -1  0  0 -1  0 -1 -1  0 -1 -1  0  0  0 -1 -1 -1    5   3   5  30   1   3   4   4   2   4   6   5   2   3   4   6   6   1   2   4  0.22 0.07
   55 Q    0 -1 -1  0 -1  0  0 -1 -1 -1 -1  0 -1 -1  5  0  0 -1 -1 -1    7   4   3   5   1   3   7   5   2   3   7   5   1   2  27   6   4   1   2   4  0.30 0.06
   56 N    0  0  1  0 -1  0  1  0  0  0 -1  1 -1 -1  0  0  0 -1 -1  0    8   6   8   5   2   3   9   6   2   5   6  12   2   3   4   8   6   1   2   6  0.04 0.01
   57 A    0  0  0  0 -1  0  0  0 -1 -1 -1  0 -1 -1  0  1  2 -1  0  0    7   4   3   4   1   3   4   6   1   4   7   4   1   3   3  12  21   1   3   4  0.08 0.04
   58 S    0  0  0  0 -1  0  0  3  0 -1 -1  1 -1 -1  0  0  0 -1 -1 -1    7   6   3   4   1   4   4  24   3   3   5   8   1   2   3   7   4   1   2   4  0.11 0.04
   59 G    0  1  0  0 -1  1  1  0 -1 -1 -1  1 -1 -1  0  0  0 -1 -1  0    9   6   4   5   1   7   9   8   1   4   6  13   1   2   3   6   6   1   2   6  0.06 0.02
   60 G    0  0 -1 -1 -1  0  0 -1  0  0  0  1  0 -1  1  0  0  4  0  0    7   6   3   4   1   5   6   5   2   6   8   9   3   3   6   6   4   8   3   5  0.07 0.02
   61 P    0  1  0 -1 -1  0  0 -1 -1  0  0  0  0 -1  0  0  0 -1 -1  1    7   7   4   3   1   4   7   5   1   5   6   7   2   2   4   7   7   1   2  18  0.03 0.02
   62 S    0  0  1  0 -1  0  0  1  1 -1 -1  2 -1 -2 -1  0  1 -2 -1 -1   10   4   8   4   1   3   4  11   4   2   6  19   1   2   2   6   8   1   2   3  0.09 0.05
   63 G   -1  3  0  0 -3  1  0  0 -1 -2 -2  3 -2 -3 -2  1  0 -3 -2 -2    3  16   4   5   0   5   6   8   1   1   2  23   1   1   1  10   5   0   1   2  0.25 0.13
   64 P   -1  0  0 -1 -3 -1 -2  4  0 -3 -3  1 -3 -3  5 -1 -2 -3 -3 -3    3   5   4   2   0   2   2  30   2   1   3  10   0   1  28   2   1   0   1   1  0.65 0.23
   65 F   -3 -5 -6 -6 -5 -5 -6 -6 -2 -3  0 -5 -3  7 -6 -5 -5  2  8 -4    2   0   0   0   0   0   0   0   0   0   7   0   0  39   0   0   0   2  47   0  1.93 0.60
   66 Y   -6 -6 -7 -8 -7 -6 -6 -8 -3 -6 -5 -6 -5  2 -7 -6 -6 -2 10 -6    0   0   0   0   0   0   0   0   0   0   0   0   0   7   0   0   0   0  93   0  3.24 0.92
   67 D   -5 -4  5  7 -7 -3 -1 -4 -3 -7 -7 -1 -6 -7 -4 -2 -3 -7 -6 -6    0   0  29  59   0   1   3   0   0   0   0   3   0   0   0   1   1   0   0   0  1.69 0.59
   68 G   -3 -4  3  0 -6 -2 -3  7 -2 -7 -7 -3 -6 -6 -5 -2 -4 -6 -6 -6    1   1  16   4   0   1   1  72   1   0   0   1   0   0   0   2   0   0   0   0  1.63 0.55
   69 A   -3 -4 -3 -5  1 -3 -4 -5  0  1  3 -4 -1 -3 -4 -1  4 -5 -4  3    0   0   1   0   3   1   0   0   3   6  33   0   1   0   0   3  31   0   0  19  0.69 0.35
   70 V   -2 -2 -2 -4 -3 -3 -3 -3 -1  5 -1  1 -1 -3 -2 -1  3 -5 -4  1    2   2   2   0   0   0   1   2   1  37   4  11   1   0   2   5  22   0   0   8  0.49 0.29
   71 F   -6 -7 -7 -8 -7 -7 -7 -7 -5 -3 -3 -7 -3  9 -8 -7 -6 -1 -1 -4    0   0   0   0   0   0   0   0   0   1   0   0   0  97   0   0   0   1   0   0  3.09 0.85
   72 H   -6 -5 -2 -6 -8 -4 -5 -7 11 -8 -7 -5 -6 -6 -7 -5 -6 -7  0 -8    0   0   1   0   0   0   0   0  96   0   0   0   0   0   0   0   0   0   2   0  3.74 0.99
   73 R   -5  9 -4 -6 -8 -3 -4 -6 -4 -7 -6  0 -5 -7 -6 -4 -5 -7 -6 -7    0  96   0   0   0   0   0   0   0   0   0   3   0   0   0   1   0   0   0   0  2.70 0.82
   74 V   -3 -5  0 -6 -3 -5 -5 -6 -6  3 -1 -5 -2 -4 -6 -1 -3 -6 -4  7    0   0   5   0   0   0   0   0   0  14   4   0   0   0   0   4   0   0   0  71  1.36 0.52
   75 I   -5 -6 -7 -6 -5 -5 -4 -7 -7  8 -1 -6  0 -4 -6 -5 -4 -6 -5  2    0   0   0   0   0   0   2   0   0  81   3   0   2   0   0   0   0   0   0  11  1.88 0.61
   76 Q    0  1 -1  1 -5 -1 -1 -4 -1 -5 -5  4 -4 -5  5 -1 -3 -6 -5 -4    7   7   3   7   0   1   3   0   1   0   0  32   0   0  33   3   1   0   0   0  0.95 0.40
   77 G   -3 -2  4  5 -6 -2 -2  5 -1 -6 -6 -1 -5 -6 -4 -1 -3 -6 -5 -6    1   1  18  29   0   1   2  41   2   0   0   3   0   0   0   3   0   0   0   0  1.08 0.42
   78 F   -6 -7 -6 -8 -7 -5 -7 -3 -5 -3 -4 -6 -4  9 -8 -6 -6 -3  0 -4    0   0   0   0   0   1   0   2   0   1   0   0   0  95   0   0   0   0   0   0  2.90 0.82
   79 M   -5 -6 -6 -7 -5 -5 -6 -7 -6  1 -1 -6 10 -1 -7 -6 -5 -6 -5  1    0   0   0   0   0   0   0   0   0   5   2   0  81   2   0   0   0   0   0  10  2.67 0.83
   80 I    0 -6 -2 -6 -3 -5 -6 -6 -6  7 -1 -5 -1 -3 -6 -4 -4 -6 -4  3    9   0   2   0   0   0   0   0   0  67   3   0   1   0   0   1   0   0   0  16  1.39 0.51
   81 Q   -5 -3 -4 -4 -7  9 -1 -6 -4 -7 -6 -3 -5 -7 -6 -4 -5 -6 -6 -6    0   0   0   0   0  97   2   0   0   0   0   0   0   0   0   0   0   0   0   0  2.91 0.93
   82 G   -1 -5 -2 -3 -3 -4 -5  6 -5 -5 -6 -4 -3 -6 -5 -2  3 -5 -5 -4    5   0   2   1   1   0   0  70   0   0   0   0   1   0   0   1  18   0   0   1  1.48 0.51
   83 G   -2 -5 -4 -5 -6 -5 -5  7 -5 -7 -7 -5 -6 -6 -5 -3 -5 -6 -6 -6    2   0   0   0   0   0   0  95   0   0   0   0   0   0   0   1   0   0   0   0  2.34 0.67
   84 D   -4 -4 -2  8  4 -4 -2 -5 -3 -6 -6 -4 -6 -6 -5 -2 -4 -7 -6 -6    1   1   0  82   9   0   0   0   0   0   0   0   0   0   0   3   0   0   0   0  2.12 0.66
   85 P   -3 -3 -5 -5 -6 -3 -4 -5 -3 -4 -5 -4 -1 -4  9 -4 -4 -6 -6 -5    1   2   0   0   0   1   0   0   1   1   1   0   2   1  87   0   0   0   0   1  2.63 0.74
   86 T   -1 -2  1 -2 -3  0 -1 -3 -3 -2  2  0 -1 -2 -2  0  4 -3 -3 -2    3   2   6   2   0   3   4   1   0   1  22   6   1   1   2   6  37   0   0   1  0.39 0.26
   87 G   -1 -3 -1 -3 -5 -4 -4  7 -4 -6 -6 -3 -5 -5 -4 -2 -3 -5 -5 -5    4   1   3   1   0   0   1  82   0   0   1   1   0   0   0   3   1   0   0   0  1.72 0.52
   88 T   -2 -3  2  3 -3 -2 -2 -3 -3 -3 -3 -1 -2 -4 -4  0  6 -2 -4 -3    1   1  11  19   0   1   0   1   0   1   2   3   1   0   0   4  51   1   0   1  0.92 0.41
   89 G   -3 -4 -3 -4 -5 -5 -5  7 -5 -6 -6 -4 -5 -6 -5 -3 -4 -5 -5 -6    1   1   0   0   0   0   0  93   0   0   1   0   0   0   0   1   0   0   0   0  2.21 0.63
   90 R    0  3 -1 -3 -3 -1 -1 -2  0 -3 -3  1  2 -3 -2  1  4 -4 -2 -2    6  19   1   0   0   1   3   2   2   1   1   7   5   1   1  11  34   0   1   2  0.46 0.27
   91 G   -3 -4 -3 -1 -5 -4 -4  7 -3 -6 -6 -4 -5 -5 -5 -2 -4 -5 -4 -5    1   1   1   3   0   0   1  88   1   0   1   0   0   0   0   2   0   0   1   0  1.99 0.58
   92 G   -3 -4  0  1 -5 -4 -3  7 -4 -5 -6 -4 -4 -5 -4 -2 -3 -3 -5 -5    1   0   4   8   0   0   2  78   0   1   1   1   0   0   0   2   1   0   0   0  1.63 0.51
   93 P   -1 -4 -4 -3 -2 -2  2 -4 -4 -3 -5 -3 -5 -5  7 -2 -1  6 -3 -3    4   0   0   1   1   1  16   1   0   2   1   1   0   0  56   2   3  10   1   2  1.52 0.51
   94 G   -2 -5 -3 -4 -5 -5 -5  7 -5 -6 -6 -4 -5 -6 -4 -1 -4 -5 -6 -6    1   0   1   1   0   0   0  89   0   0   0   1   0   0   0   4   0   0   0   0  2.07 0.61
   95 Y   -2 -2 -3 -3 -5 -2 -1  0 -1 -2 -4  1 -4  2 -4 -3 -3 -1  8 -4    3   2   1   2   0   1   4   9   1   3   0   9   0   8   1   1   1   0  54   1  1.20 0.46
   96 K   -1  2  0 -1 -3  1  1 -2  0 -2 -2  2 -2 -2  2  0  2  1 -1 -1    4  10   3   3   0   7  10   1   2   2   2  17   0   1   9   4  15   2   2   4  0.22 0.15
   97 F   -5 -6 -7 -7 -4 -5 -7 -7 -5  2 -2 -7 -3  9 -5 -6 -5 -2  0 -3    1   0   0   0   0   0   0   0   0  13   2   0   0  81   1   0   0   0   1   1  2.32 0.69
   98 A    1 -1 -1  2 -4  1  3 -2 -2 -4 -4  2 -3 -5  4 -1 -2 -4 -4 -3   16   2   3  10   0   6  24   2   1   1   1  14   0   0  18   1   0   0   0   1  0.54 0.28
   99 D   -5 -5  2  8 -3 -3 -2 -4 -1 -7 -7 -4 -7 -7 -5 -4 -4 -8 -7 -7    0   0   7  88   1   1   0   1   1   0   0   0   0   0   0   0   0   0   0   0  2.34 0.73
  100 E   -5 -4 -4 -2 -8 -1  8 -6 -3 -7 -7 -3 -6 -7 -5 -4 -5 -7 -6 -6    0   0   0   1   0   1  98   0   0   0   0   0   0   0   0   0   0   0   0   0  2.51 0.81
  101 F   -3 -5 -4 -5 -2 -4 -5 -5 -3  4  0 -5 -1  7 -2 -4 -1 -3  0  0    1   0   0   0   1   1   0   0   0  23   8   0   1  50   2   1   4   0   2   5  1.14 0.42
  102 H   -1  0  2  2 -2 -1 -1 -2  6 -2 -2  0 -3 -3 -1  1  0  0 -2  0    3   5  11  10   1   1   1   2  23   1   3   6   0   1   3  12   5   1   1  10  0.34 0.22
  103 P    0 -1  0  0 -5 -1  0 -1 -3 -5 -4  0 -2 -4  6  1 -1 -5 -4 -4    6   3   5   6   0   2   5   3   0   0   1   5   1   1  45  13   2   0   0   1  0.93 0.36
  104 E   -1  0  2  3 -4  0  2  1  0 -3 -3  0 -3 -3 -1  1  0 -4 -3 -3    4   5  10  18   0   3  13  12   3   0   2   5   0   1   2  12   7   0   0   1  0.28 0.17
  105 L   -2 -2 -2 -5 -4 -3 -5 -4 -1 -1  6 -2  0 -1 -3 -4 -2 -4 -1 -1    3   2   2   0   0   1   0   1   2   1  74   3   2   1   1   1   2   0   2   3  0.98 0.40
  106 Q   -2  4  0 -2 -3  0 -1 -3 -1 -3 -2  5 -3 -4 -2  0  1 -5 -3 -2    2  23   4   1   0   3   1   1   1   1   5  35   0   0   1   7  11   0   1   3  0.58 0.30
  107 F   -5 -4 -2 -4 -6 -4 -4 -5 10 -5 -4 -4 -4  5 -5 -3 -5 -4  1 -4    0   0   1   1   0   0   1   0  61   0   1   0   0  27   1   2   0   0   4   1  2.24 0.68
  108 D   -2 -3  3  6 -4 -2  0 -3 -1 -4 -5 -1 -4 -5 -4  1  1 -5  0 -3    2   1  14  49   0   1   4   1   1   1   1   2   0   0   0   8   9   0   3   1  0.93 0.39
  109 K    0  4 -2 -2 -3  0  0  2 -1 -3 -3  3 -1 -4 -3 -1 -1 -4 -2 -1    8  27   1   1   1   3   5  17   1   1   1  19   1   0   0   4   2   0   1   4  0.43 0.23
  110 P    2  4 -3 -4 -5 -3 -2 -3 -4 -2 -4  0 -3 -3  6 -2 -2 -5 -4 -3   17  21   0   0   0   0   2   1   0   2   1   4   1   1  46   1   1   0   0   1  1.17 0.44
  111 Y   -3 -6 -4 -5 -5 -5 -6  7 -4 -7 -6 -5 -6  1 -6 -4 -5 -5  3 -6    0   0   0   0   0   0   0  83   0   0   0   0   0   6   0   0   0   0  10   0  1.98 0.63
  112 L   -1  1 -4 -4 -2 -2 -4 -5 -4  4  1 -2  2 -3 -4 -2  2 -4 -3  3    3   9   0   0   0   1   0   0   0  27  13   1   6   0   0   3  16   0   0  20  0.49 0.27
  113 L   -4 -5 -6 -7 -4 -5 -6 -7 -6  1  6 -5  0 -2 -6 -5 -4 -5 -4  3    0   0   0   0   0   0   0   0   0   4  69   0   2   1   0   0   0   0   0  23  1.32 0.49
  114 A    4 -4 -3 -4  1 -4 -4 -1 -5 -5 -5 -4 -5 -6 -4  6 -2 -6 -5 -4   37   0   0   0   3   0   0   3   0   0   0   0   0   0   0  58   0   0   0   0  1.35 0.57
  115 M   -5 -6 -7 -8 -3 -5 -6 -7 -6 -3 -1 -6 11 -3 -7 -4 -4 -6 -1 -4    0   0   0   0   0   0   0   0   0   0   3   0  93   1   0   1   0   0   2   0  3.24 0.96
  116 A    7 -5 -5 -6 -4 -5 -5 -4 -6 -4 -4 -5 -5 -6 -5 -3 -4 -6 -6 -3   97   0   0   0   0   0   0   0   0   0   1   0   0   0   0   0   0   0   0   1  2.09 0.73
  117 N   -5 -3  9 -3 -7 -4 -4 -5 -2 -8 -8 -4 -6 -7 -6 -2 -4 -8 -6 -7    1   1  96   0   0   0   0   0   0   0   0   0   0   0   0   1   0   0   0   0  2.81 0.85
  118 A    4  1 -2 -1 -2 -2 -3 -3 -2 -3 -5 -1 -4 -5 -3  4 -1 -2 -4 -3   41   8   1   2   1   1   0   1   1   1   0   3   0   0   0  37   2   1   0   0  0.82 0.42
  119 G   -4 -5 -3 -4 -6 -5 -5  7 -4 -7 -6 -4 -6 -7 -6 -3 -5 -6 -7 -6    0   0   1   0   0   0   0  96   0   0   1   1   0   0   0   0   0   0   0   0  2.39 0.71
  120 P   -1 -2 -6 -5 -7 -4 -3 -6 -6 -6 -6  0 -4 -7  8 -4 -4 -7 -4 -5    5   2   0   0   0   0   1   0   0   0   1   5   0   0  83   1   1   0   1   1  2.46 0.74
  121 G   -2 -2  7  3 -5 -3 -2  2  2 -6 -6 -2 -5 -5 -5 -2 -3 -6 -2 -5    3   1  56  16   0   0   1  14   4   0   0   2   0   0   0   1   0   0   1   0  1.33 0.50
  122 T   -2 -5 -4 -2 -3 -4 -4 -5 -5 -5 -5 -3 -5 -6 -4  1  8 -6 -5 -4    2   0   0   2   0   0   0   0   0   0   0   1   0   0   0  10  84   0   0   0  1.96 0.71
  123 N   -2 -4  9 -2 -6 -3 -3  0 -1 -6 -7 -4 -6 -7 -6 -3 -4 -7 -6 -7    3   0  85   1   0   0   1   6   1   0   0   0   0   0   0   1   0   0   0   0  2.27 0.74
  124 G   -1 -3 -2 -4 -6 -3 -4  7 -5 -7 -6 -1 -4 -6 -5  0 -3 -6 -6 -6    3   1   2   0   0   1   0  82   0   0   0   3   0   0   0   6   1   0   0   0  1.78 0.58
  125 S   -1 -5 -3 -4 -1 -3 -4 -3 -5 -6 -6 -4 -3 -6 -5  7 -1 -7 -6 -5    3   0   0   0   1   0   0   1   0   0   0   0   0   0   0  92   1   0   0   0  1.98 0.74
  126 Q   -5 -1 -4 -5 -7  9 -1 -6 -2 -7 -7 -3 -5 -8 -6 -4 -5 -6 -6 -7    0   2   0   0   0  96   2   0   0   0   0   0   0   0   0   0   0   0   0   0  2.84 0.92
  127 F   -6 -7 -7 -8 -7 -7 -7 -7 -5 -4 -3 -7 -4  9 -8 -7 -6  0  0 -5    0   0   0   0   0   0   0   0   0   0   1   0   0  97   0   0   0   1   1   0  3.09 0.85
  128 F   -6 -7 -7 -8 -7 -7 -7 -7 -5 -4 -4 -7 -4  9 -8 -7 -6 -3  2 -5    0   0   0   0   0   0   0   0   0   0   0   0   0  95   0   0   0   0   4   0  3.02 0.84
  129 I   -5 -7 -7 -7 -5 -6 -7 -7 -7  8 -1 -6 -1 -1 -6 -6 -4 -6 -5  1    0   0   0   0   0   0   0   0   0  87   2   0   1   3   0   0   0   0   0   7  2.10 0.67
  130 T   -3 -5 -1 -5  1 -4 -5 -5 -5 -3 -3 -4  1 -6 -5 -1  7 -6 -5 -2    1   0   3   0   3   0   0   0   0   1   2   0   4   0   0   2  83   0   0   1  1.83 0.68
  131 V   -2 -3 -3 -1 -3 -2  1 -4  4 -1  2 -3 -1  2 -4 -2  2 -3  3  1    2   0   0   3   0   1   9   0  12   0  21   0   0   8   0   1  14   0  10  14  0.31 0.23
  132 G    3  1 -1  0 -2 -1  0  1 -1 -1 -3  2 -2 -4 -3  0 -1 -4 -3  2   26   7   3   4   1   1   5  13   1   2   1  14   0   0   0   4   3   0   0  16  0.23 0.19
  133 K    3 -1 -2  0 -4 -2  0 -3 -3 -5 -5  0 -4 -6  6  0 -2 -6 -5 -3   22   4   1   6   0   1   7   1   0   0   0   5   0   0  41   8   1   0   0   1  0.94 0.38
  134 T    2 -2  0 -3  4  2 -3 -3 -2 -2 -1 -2 -2 -3 -2 -1  5 -4  0 -2   15   2   4   1   8   9   0   0   0   1   5   1   0   0   2   1  44   0   4   2  0.64 0.36
  135 P   -1  0  0 -1 -5 -1 -1 -4 -2 -5 -5 -2 -4 -4  7 -1  0 -6 -5 -4    5   4   4   4   0   3   4   1   1   0   0   2   0   1  61   5   5   0   0   0  1.47 0.50
  136 H   -3 -1 -1 -2 -6 -1 -1 -3  8 -6 -4 -4 -4  1 -5 -2 -4  9  1 -5    2   3   2   3   0   2   4   2  33   0   1   0   0   5   0   3   0  33   4   0  1.72 0.55
  137 L   -5 -6 -7 -7 -5 -6 -6 -5 -6 -2  7 -6 -1  0 -6 -6 -5 -5 -3 -3    0   0   0   0   0   0   0   1   0   0  95   0   0   3   0   0   0   0   1   0  1.86 0.63
  138 N   -4 -4  5  7 -7 -2 -2 -5 -3 -7 -7 -4 -5 -7  0 -3 -3 -8 -6 -7    0   0  23  68   0   1   1   0   0   0   0   0   0   0   4   1   1   0   0   0  1.85 0.62
  139 R   -3 -1  4  1 -5 -2 -3  5 -1 -6 -5  0 -2 -2 -1 -2 -3 -3 -2 -5    0   4  18   8   0   1   0  52   1   0   0   5   1   2   2   2   1   0   2   0  0.93 0.38
  140 R   -2  2  0 -2 -5  0 -2 -1  0 -3 -2  6 -2 -5 -4 -1 -3 -5 -3 -2    3  11   5   1   0   2   0   5   2   1   3  57   1   0   0   4   1   0   1   3  0.86 0.39
  141 H   -6 -5 -3 -6 -7 -4 -5 -6 10 -7 -6 -5 -5 -1 -6 -5 -6 -4  6 -6    0   0   1   0   0   0   0   0  69   0   0   0   0   2   0   0   0   0  28   0  2.85 0.82
  142 T   -1 -4 -2 -4 -2 -4 -4 -4 -5 -3 -5 -4 -4 -6 -2  3  7 -6 -5 -2    4   0   1   0   1   0   0   0   0   1   0   0   0   0   1  18  72   0   0   2  1.56 0.61
  143 I   -3 -4 -4 -6 -4 -5 -6 -7 -5  6 -1 -5 -2 -4 -6 -5 -3 -6 -4  5    1   1   1   0   0   0   0   0   0  47   2   0   0   0   0   0   1   0   0  47  1.46 0.52
  144 F   -6 -7 -7 -8 -7 -7 -7 -7 -5 -4 -3 -7 -4  9 -8 -7 -6  0 -1 -5    0   0   0   0   0   0   0   0   0   0   1   0   0  98   0   0   0   1   0   0  3.09 0.84
  145 G   -3 -6 -4 -5 -6 -6 -6  8 -6 -8 -8 -5 -7 -7 -6 -4 -5 -6 -7 -7    1   0   0   0   0   0   0  99   0   0   0   0   0   0   0   0   0   0   0   0  2.57 0.74
  146 E   -3  4 -2 -3 -5  4  3 -4  1 -5 -5  4 -2 -4 -4 -2 -2 -5 -1 -5    1  27   1   0   0  18  19   0   4   0   0  25   1   0   0   1   1   0   2   0  0.90 0.39
  147 V   -3 -6 -6 -6  5 -5 -6 -6 -6  1  0 -5 -2 -4 -6 -5 -3 -6 -4  7    1   0   0   0  11   0   0   0   0   4   5   0   0   0   0   0   0   0   0  77  1.62 0.57
  148 I   -1 -3 -3 -3 -2 -2 -2 -2 -3  3  0 -2 -1 -1 -2 -1  0 -3 -1  4    5   1   1   1   0   1   2   3   1  21   5   3   1   2   1   4   7   0   2  40  0.44 0.21
  149 D    0 -1  0  3 -2 -1  0  2  1 -2 -2 -1 -1 -2  0  1  0 -2 -1 -1    5   2   4  18   1   2   5  16   3   3   5   3   1   2   5  15   3   1   2   3  0.16 0.07
  150 A    0  0  0  1  0  0  0  1  0 -1 -1  0 -1 -1  0  0  1 -1 -1 -1    8   4   4   9   2   4   6  13   2   4   6   5   1   3   5   6  11   1   3   4  0.05 0.01
  151 E    0  1 -1  0 -2  2  3 -2 -1 -2 -1  2 -1 -2 -1  0  0 -1 -2 -2   10   6   2   5   1   7  26   3   1   2   5  12   1   2   3   5   5   1   1   3  0.22 0.10
  152 S   -2 -5 -1 -1 -5 -4 -4  7 -4 -4 -5 -4 -5 -5 -2  1 -3 -5 -5 -4    1   0   3   4   0   0   1  74   0   1   1   0   0   0   2   9   1   0   0   1  1.50 0.50
  153 Q   -2 -1 -3 -4 -3  3 -3 -4 -3  1  2 -2  7  1 -3 -3 -2 -2  1  0    2   3   1   1   0  16   0   1   0   5  17   2  32   7   1   1   2   0   4   6  0.70 0.34
  154 R   -1 -2  2  6 -5 -1  4 -3 -2 -5 -5  0 -4 -4 -2 -1 -2 -6 -3 -5    5   1   8  44   0   1  24   1   0   0   0   6   0   0   2   3   2   0   1   0  0.96 0.39
  155 V   -1 -5 -2 -6 -3 -4 -5 -5 -6  2 -1 -4  0 -4 -5 -3  2 -6 -4  6    4   0   2   0   0   0   0   0   0  10   3   0   2   0   0   1  11   0   0  65  1.17 0.48
  156 V   -1 -5 -6 -6 -1 -4 -5 -6 -6  2  3 -5 -1 -3 -3 -4 -3 -6 -4  6    3   0   0   0   1   1   0   0   0   7  23   0   0   0   1   1   0   0   0  62  1.21 0.48
  157 E   -1  1  2  4 -4  2  1 -3  2 -4 -3  1 -2 -4 -3  0 -1 -5 -2 -3    4   9   8  27   0   8  10   1   6   1   3  10   1   0   0   5   4   0   1   1  0.42 0.23
  158 A    3  2  0 -1 -4  1  0 -2 -2 -3 -3  3 -3 -4 -3  1  0 -5 -4 -3   30  10   3   2   0   5   6   1   0   1   3  24   0   0   0  11   4   0   0   1  0.45 0.27
  159 I   -4 -6 -7 -7 -5 -6 -7 -7 -6  7  2 -6  4 -3 -6 -6 -4 -6 -5  0    0   0   0   0   0   0   0   0   0  71  15   0  10   0   0   0   0   0   0   2  1.74 0.59
  160 S    3 -1  0 -2 -3  0  4  2 -3 -4 -4 -1 -4 -5 -3  2  0 -5 -4 -3   23   2   4   0   0   3  32  13   0   1   1   2   0   0   0  14   4   0   0   1  0.53 0.30
  161 K    0  2  3  0 -3  2  0 -1  0 -3 -2  3 -1 -4 -3  0  0 -4 -3 -3   10  12  15   3   0  10   6   4   2   1   4  18   1   0   0   7   4   0   1   1  0.29 0.18
  162 T    0 -2 -3 -3 -2 -3 -2 -3 -4  1  0 -3  0 -2 -4 -1  2 -4 -3  5    6   2   1   2   0   1   2   2   0   5   6   1   2   1   1   4  12   0   0  52  0.62 0.30
  163 A    0  0 -2  1 -4  1  2 -3 -2 -4 -4  2 -4 -4  5 -1 -2 -4 -4 -3    7   5   1   7   0   5  17   2   0   1   1  15   0   1  33   2   1   0   0   1  0.75 0.31
  164 T   -1  2 -2 -4  0 -2 -3 -4 -3 -1 -3 -2 -2 -4 -2 -1  5 -4 -4  3    5  13   1   0   2   1   1   1   0   2   1   2   1   1   2   3  47   0   0  19  0.76 0.37
  165 D   -2 -2  3  6 -4 -1 -1  3 -2 -4 -4 -2 -4 -4 -2 -1 -1 -4 -3 -4    3   2  12  44   0   3   2  19   1   1   1   1   0   1   1   3   3   0   1   1  0.85 0.33
  166 G    1  0  0  0 -2  0  1  0 -1 -3 -3  1 -1 -3  3  1 -1 -3 -3 -2   15   5   4   5   1   3  11   8   1   1   1  11   1   1  17  10   2   0   1   2  0.28 0.16
  167 N    0  1  3  1 -4  1  0  2  0 -4 -3  1 -1 -2 -2  1  0 -4 -2 -3    5   7  17   9   0   8   4  16   2   0   1  10   2   2   1   9   5   0   1   1  0.27 0.17
  168 D   -4 -4  2  7 -6 -3  0 -2 -1 -6 -6 -2 -6 -6 -4 -1 -2 -6 -3 -6    1   1   8  70   0   1   5   2   2   0   0   2   0   0   1   5   2   0   1   0  1.62 0.57
  169 R   -2  6 -2 -3 -4 -1 -2 -4 -1 -5 -3  5 -3 -4 -4 -2 -2 -5 -4 -3    3  47   1   1   0   2   1   0   1   0   2  33   1   1   0   1   2   0   0   2  1.22 0.47
  170 P   -2 -5 -5 -4 -5 -4 -4 -5 -5 -5 -4 -4 -3 -5  9 -4 -4 -5 -5 -5    2   1   0   1   0   1   1   1   0   1   1   1   1   0  87   1   1   0   0   1  2.64 0.75
  171 T   -1  0 -1 -2 -3 -1 -1 -2 -2  2  2  0  0  0 -2 -2  1 -2  0  2    2   7   3   1   0   2   4   2   1  12  26   6   1   3   2   1   9   0   3  15  0.15 0.13
  172 D   -1 -1  1  3 -4  1  4 -2 -2 -3 -4  1 -3 -3 -2  0  2 -4 -3 -2    3   2   5  15   0   6  27   2   1   1   1  10   0   1   1   4  17   0   1   3  0.45 0.25
  173 P   -2 -2 -1  5 -5  0  2 -3 -3 -4 -5 -1 -4 -5  5 -1 -1 -5 -5 -4    4   1   2  33   0   3  14   2   0   1   1   3   0   0  29   3   3   0   0   1  0.94 0.38
  174 V   -2 -4 -4 -2 -3 -2 -3 -5 -1  5 -1 -4  0 -3  0 -3 -2 -5 -4  5    2   0   1   2   0   2   1   1   2  30   3   0   1   0   6   1   1   0   0  46  0.92 0.38
  175 V   -1  2 -2 -3 -4 -2 -2 -3 -1  2 -1  3 -1 -2 -4 -1  1 -4 -2  3    3  12   1   0   0   1   1   1   1  10   3  24   1   1   0   3  11   0   1  24  0.39 0.25
  176 I   -5 -6 -7 -7 -5 -6 -7 -7 -7  7  2 -6  4 -3 -7 -6 -4 -6 -5  0    0   0   0   0   0   0   0   0   0  74  13   0   9   0   0   0   0   0   0   3  1.87 0.64
  177 E   -2  1  2 -1 -3  1  3 -3 -1  1  0  2  0 -3 -3 -1  0 -4 -3  0    1   6  10   2   0   7  19   0   1  12  11  13   2   0   0   3   5   0   0   7  0.22 0.18
  178 S   -2  2  2 -1 -4 -1 -1 -1  1 -5 -5  3 -4 -5 -4  4  1 -6 -3 -4    2  13   9   3   0   1   2   3   4   0   0  18   0   0   0  37   8   0   0   0  0.65 0.37
  179 I    0 -6 -6 -6 -1 -5 -6 -6 -6  5 -1 -5 -1 -3 -5 -4  1 -6 -4  5    8   0   0   0   1   0   0   0   0  33   3   0   1   0   0   0   7   0   0  46  1.16 0.47
  180 T   -2  1 -1  0 -4  0  2 -4 -2 -2 -3  1 -3 -5 -4  1  5 -5 -2  0    2   7   2   6   0   3  15   0   1   2   1   7   0   0   0  12  36   0   1   6  0.51 0.32
  181 I   -4 -6 -7 -7 -4 -6 -7 -7 -7  7  0 -6 -2 -1 -6 -6 -4 -6 -5  4    0   0   0   0   0   0   0   0   0  62   7   0   0   2   0   0   0   0   0  28  1.65 0.57
  182 S   -2 -2  0 -2 -4  2  4 -4 -3 -5 -5  3 -4 -5 -3  2  3 -5 -4 -4    0   0   5   0   0  10  30   0   0   0   0  18   0   0   0  18  20   0   0   0  0.71 0.33

                      K         Lambda
Standard Ungapped    0.1351     0.3162
Standard Gapped      0.0410     0.2670
PSI Ungapped         0.1970     0.3175
PSI Gapped           0.0603     0.2670
