
Last position-specific scoring matrix computed, weighted observed percentages rounded down, information per position, and relative weight of gapless real matches to pseudocounts
           A  R  N  D  C  Q  E  G  H  I  L  K  M  F  P  S  T  W  Y  V   A   R   N   D   C   Q   E   G   H   I   L   K   M   F   P   S   T   W   Y   V
    1 M   -6 -7 -8 -9 -7 -6 -8 -8 -7 -4 -3 -7 11 -6 -8 -7 -6 -7 -7  1    0   0   0   0   0   0   0   0   0   0   0   0  93   0   0   0   0   0   0   7  3.77 1.40
    2 K   -3  0  2 -1 -7  3  1 -3 -3 -5 -6  6 -5 -7 -4 -1 -2 -7 -6 -5    1   3   9   3   0  14   7   2   0   0   0  53   0   0   1   4   2   0   0   0  1.19 0.64
    3 S    0 -4 -4 -6 -3 -4 -5 -5 -2  2 -2 -4 -3 -2 -5  1  2 -6  0  5    7   0   0   0   0   0   0   0   1  11   1   1   0   2   0  13  12   0   4  46  0.87 0.52
    4 T   -1 -2  2  0 -5  1  2 -4 -2 -4 -5  2 -4 -6 -4  2  5 -6 -5 -3    4   1   9   4   0   5  15   0   1   1   0  12   0   0   0  15  32   0   0   2  0.69 0.48
    5 V   -2 -2 -5 -5 -2  0 -3 -6 -4  3  1 -1  0 -1 -5 -2  0  0 -3  5    3   2   0   0   1   4   2   0   0  14  14   4   2   2   0   2   7   1   0  41  0.64 0.40
    6 E   -3 -2 -1  0 -7  0  6 -5 -3 -3 -5  1 -5 -6 -5 -2  1 -7 -6 -2    1   2   2   4   0   4  62   0   0   1   1  10   0   0   0   2   8   0   0   3  1.32 0.71
    7 Q   -2  2  2  2 -6  1  3 -4 -1 -5 -4  4 -4 -6 -1  0  0 -6 -4 -3    2   9   8  11   0   4  18   0   1   0   1  28   0   0   3   5   7   0   0   1  0.60 0.40
    8 L   -1 -1 -3 -5 -4  0 -2 -4 -3  3  4  0 -1 -3 -3 -2  0 -5 -4  1    4   3   1   0   0   4   2   1   1  18  38   7   1   0   1   2   6   0   0  10  0.46 0.32
    9 S   -1 -3  0  2 -6 -2  5  1 -3 -6 -6 -2 -5 -5  2  3 -1 -6 -5 -4    3   0   4   9   0   1  34   9   0   0   0   2   0   0  11  22   3   0   0   1  0.76 0.51
   10 P   -1 -2  2  1 -5 -1  1  2 -2 -5 -5  2 -4 -6  4  0 -1 -6 -5 -4    5   2  10   8   0   3   8  16   1   0   0  15   0   0  21   7   4   0   0   0  0.54 0.36
   11 T   -2  0  4 -2  4 -3 -4 -2 -1  0 -1 -3 -3 -2 -4  3  2  0 -2  1    2   4  21   2   8   0   0   3   2   4   7   1   0   1   0  21  11   1   1  11  0.43 0.36
   12 R   -3  3 -2 -3 -6  4  2 -3 -1 -2 -2  4 -1 -5 -5 -2  0 -4 -4 -1    1  18   1   0   0  18  12   1   1   2   3  27   2   0   0   2   7   0   0   4  0.68 0.45
   13 V    0  3 -5 -5 -3 -3 -4 -3 -2  0 -2  3 -1 -3 -5 -4 -2 -4 -1  5    9  16   0   0   0   1   0   2   1   5   2  16   1   1   0   0   2   0   2  41  0.76 0.49
   14 R   -1  3 -2 -2 -4  0  2 -3 -2 -2 -2  4 -3 -4 -4 -1  0 -4 -3  1    5  13   1   1   0   4  15   2   1   2   4  31   0   1   0   3   7   0   1   9  0.49 0.37
   15 I   -5 -6 -7 -7 -4 -6 -7 -8 -7  3  5 -6  2  1 -7 -6 -5 -5 -3  2    0   0   0   0   0   0   0   0   0  13  64   0   4   6   0   0   0   0   1  11  1.40 0.65
   16 N   -2  0  1  0 -5  1  3 -3  2 -2 -3  1 -3 -5 -4  1  4 -4 -3 -2    3   5   5   5   0   5  18   1   4   2   2   9   0   0   0  10  28   0   1   3  0.47 0.37
   17 V   -4 -7 -7 -7 -4 -7 -6 -7 -7  6 -1 -7 -1  1 -7 -6 -4 -5 -3  5    1   0   0   0   0   0   0   0   0  43   3   0   1   6   0   0   0   0   1  45  1.64 0.74
   18 E   -1 -4 -3  0 -5  0  6 -5 -3 -6 -6 -1 -6 -6 -5 -1  2 -7 -6 -1    4   0   1   4   0   3  60   1   0   0   0   3   0   0   0   5  13   0   0   5  1.28 0.71
   19 V   -1 -6 -7 -7 -3 -6 -5 -7 -7  4  1 -6  0 -2 -5 -5 -3 -6 -5  6    6   0   0   0   1   0   1   0   0  21  13   0   2   1   0   0   1   0   0  54  1.32 0.64
   20 P   -2 -5 -3  3 -7 -4  3 -2 -5 -7 -6 -3 -6 -7  6  1  0 -7 -6 -6    3   0   1  18   0   0  18   2   0   0   0   1   0   0  40  11   5   0   0   0  1.26 0.67
   21 F    4 -2 -3 -1 -4  0  2 -2 -3 -4 -4  0 -4  0  3  0 -2  3 -1 -2   34   1   1   3   0   3  12   3   0   0   1   7   0   4  15   6   2   4   2   3  0.49 0.38
   22 T    1 -3 -2  4 -6  0  6 -4 -4 -5 -6 -1 -5 -6 -2  0 -2 -7 -6 -5   11   0   1  18   0   4  50   1   0   0   0   3   0   0   2   5   2   0   0   1  1.11 0.62
   23 E   -1  2 -3  2 -6  1  5 -5 -3 -3 -2  1 -2 -6 -4 -2  0 -3 -5 -1    6  13   0  13   0   6  37   0   0   1   3   7   1   0   0   1   6   0   0   5  0.68 0.45
   24 L   -3 -6 -6 -7 -5 -5 -5 -7 -5  2  2 -6  1  4 -6 -4 -3  4 -1  5    1   0   0   0   0   0   1   0   0   8  17   0   3  19   0   1   1   5   1  43  1.10 0.56
   25 E    0  0  1  3 -5  2  4 -2 -3 -5 -4  2 -4 -6 -4  0 -1 -6 -4 -3    9   4   7  16   0   8  27   2   0   0   1  13   0   0   0   7   3   0   0   1  0.58 0.39
   26 P    1  2 -1  0 -5  2  2 -2  0 -4 -4  3 -4 -5  2 -1 -1 -5 -4 -3   12  11   3   4   0   8  14   3   2   0   1  22   0   0  11   5   4   0   0   2  0.47 0.34
   27 D    4 -1 -2 -2 -3 -1  3 -1  0 -4 -4 -1 -3 -1 -4  0 -1 -4  2 -2   38   3   1   2   0   2  20   5   2   0   1   4   1   2   0   8   2   0   6   2  0.54 0.41
   28 F   -3 -1 -5 -5 -2 -1 -3 -6 -4  3  3 -1  3  2 -5 -4 -2 -2  2  2    1   3   0   0   1   2   2   0   0  18  31   3   7   9   0   1   1   0   7  15  0.59 0.35
   29 D   -1 -1  2  5 -6  2  4 -2 -3 -6 -5  0 -3 -6 -4 -1 -2 -7 -6 -4    5   3  10  35   0   7  23   2   0   0   1   6   0   0   0   4   2   0   0   1  0.89 0.51
   30 R    1  3 -1 -1 -5  2  1 -2  1 -4 -3  4 -3 -2 -3  0 -1 -4 -3 -3   12  17   2   3   0  10  10   2   3   0   2  24   0   1   0   7   4   0   1   1  0.48 0.34
   31 A    6  0 -5 -5 -4 -3 -3 -3 -4 -1 -3 -2 -2 -3 -5 -1  0 -6 -4  1   63   6   0   0   0   1   1   1   0   3   1   2   1   1   0   4   5   0   0  11  1.06 0.62
   32 F    0 -6 -6 -7 -1 -5 -6 -6 -3 -2  1 -6 -4  4 -7 -4 -3 -2  8  0    9   0   0   0   1   0   0   0   0   2  15   0   0  15   0   1   1   0  48   5  1.50 0.72
   33 K   -1  5  1 -2 -6  2  0 -2 -1 -5 -3  4 -3 -5 -5 -1 -1 -6 -4 -5    6  30   6   2   0   8   5   2   1   0   3  26   0   0   0   3   4   0   0   0  0.76 0.46
   34 E   -2  4  0  1 -6  1  2 -3  2 -5 -4  5 -3 -6 -4 -1 -2 -6 -4 -4    3  19   3   8   0   6  14   1   4   0   1  32   0   0   0   4   3   0   0   1  0.74 0.45
   35 L   -2 -4  1 -5 -4 -3 -4 -5 -3  3  4 -3  1  0 -5 -4 -1 -2  1  2    3   0   8   0   0   1   1   0   1  18  38   1   3   3   0   1   3   1   4  15  0.63 0.38
   36 A    3  2 -1 -4 -4  1 -3  1 -4 -3 -4  1 -3 -5 -4  2 -2 -5 -5  1   29  10   3   0   0   5   0  10   0   1   1  10   0   0   0  17   1   0   0  13  0.49 0.39
   37 K   -1  4  0 -2 -6  3 -1  0 -1 -6 -5  5 -4 -6 -2  0 -2 -6 -4 -5    4  20   4   1   0  11   4   8   1   0   0  35   0   0   2   7   2   0   0   0  0.79 0.48
   38 Q   -3  4  1  0 -5  3  2 -3  1 -5 -4  3 -3 -5 -4  0  1 -5 -2 -4    1  20   7   5   0  15  11   1   3   0   1  19   0   0   0   7   8   0   1   1  0.61 0.40
   39 V    3 -5 -5 -6 -4 -5 -5 -5 -5  2 -1 -5  0  1 -5 -4 -1 -5  1  5   23   0   0   0   0   0   0   0   0  13   5   0   2   6   0   0   3   0   4  42  0.86 0.50
   40 R   -2  4  4 -2 -5  1  0 -4 -2 -5 -5  4 -3 -5 -3  1  0 -6 -4 -3    3  22  18   2   0   6   5   0   1   0   0  23   1   0   1   9   6   0   0   2  0.71 0.45
   41 L   -4 -6 -7 -7 -5 -6 -7 -7 -6  6  2 -6  1 -3 -6 -6 -4 -6 -5  4    1   0   0   0   0   0   0   0   0  48  17   0   4   0   0   0   0   0   0  29  1.51 0.67
   42 P   -2 -1 -3 -1 -7 -2 -3 -6 -4 -7 -7  3 -7 -8  8 -3 -5 -8 -7 -7    3   3   1   4   0   2   2   0   0   0   0  16   0   0  66   1   0   0   0   0  2.01 0.90
   43 G   -5 -7 -5 -6 -8 -7 -7  8 -7 -9 -9 -6 -8 -8 -7 -5 -7 -7 -8 -8    0   0   0   0   0   0   0  99   0   0   0   0   0   0   0   0   0   0   0   0  2.92 1.12
   44 F   -8 -8 -8 -9 -8 -8 -8 -8 -7 -6 -5 -8 -5 10 -9 -8 -7 -3 -1 -6    0   0   0   0   0   0   0   0   0   0   0   0   0  98   0   0   0   0   1   0  3.58 1.28
   45 R   -7  9 -6 -7 -9 -4 -5 -8 -6 -8 -7 -3 -7 -8 -7 -6 -6 -8 -7 -8    0  99   0   0   0   0   0   0   0   0   0   0   0   0   0   0   0   0   0   0  3.27 1.27
   46 P   -2  2 -4 -5 -7  0 -3 -6 -5 -7 -7  6 -5 -8  6 -4 -4 -8 -7 -5    3   8   0   0   0   3   1   0   0   0   0  44   0   0  38   0   1   0   0   0  1.71 0.82
   47 G   -5 -8 -6 -7 -8 -7 -7  8 -7 -9 -9 -7 -8 -9 -7 -6 -7 -8 -8 -9    0   0   0   0   0   0   0 100   0   0   0   0   0   0   0   0   0   0   0   0  2.99 1.16
   48 K   -5  1 -5 -6 -8 -3 -4 -6  2 -7 -7  8 -4 -7 -6 -5 -5 -8 -6 -7    0   5   0   0   0   1   0   0   5   0   0  86   0   0   0   0   0   0   0   0  2.45 1.05
   49 A    5 -6 -6 -6 -5 -5 -6 -5 -6  1 -4 -5 -2 -6 -6 -4 -2 -7 -6  5   52   0   0   0   0   0   0   0   0   7   0   0   1   0   0   0   2   0   0  37  1.45 0.74
   50 P   -6 -8 -7 -7 -8 -7 -7 -8 -8 -8 -8 -6 -8 -9  9 -4 -5 -9 -8 -8    0   0   0   0   0   0   0   0   0   0   0   0   0   0  98   1   0   0   0   0  3.52 1.35
   51 R    0  6 -4 -4 -6 -1 -2 -5 -3 -2 -1  1  2 -2 -1 -3 -3 -5  1 -2    7  52   0   0   0   2   2   0   0   2   7   8   5   1   4   1   1   0   5   3  1.00 0.56
   52 K    1  2  1  0 -4  1  0 -1  1 -4 -4  3 -3 -3  1  2 -1 -5 -3 -3   14  10   7   5   0   6   5   4   4   0   0  18   1   1   6  15   2   0   1   2  0.32 0.27
   53 L   -4 -5 -6 -7 -5 -6 -5 -7 -4  5  2 -5  4 -2 -6 -5 -3 -6 -4  5    1   0   0   0   0   0   0   0   0  32  19   0  11   1   0   0   1   0   0  33  1.22 0.58
   54 L   -3 -6 -7 -7 -4 -6 -6 -7 -6  5  4 -6 -2  0 -6 -6 -4 -6 -2  4    1   0   0   0   0   0   0   0   0  29  33   0   0   4   0   0   0   0   1  30  1.22 0.58
   55 E   -4  1 -4  1 -7  0  6 -6 -4 -2 -3  2 -3 -7 -5 -4 -4 -7 -5 -2    1   8   0   7   0   2  60   0   0   2   3  11   1   0   0   0   0   0   0   3  1.32 0.70
   56 A    1  4  0 -4 -5  4 -2 -3 -3 -4 -3  3  0 -6 -5  0 -1 -6 -5 -4   11  25   5   0   0  20   1   2   0   1   2  20   2   0   0   8   3   0   0   0  0.77 0.49
   57 R   -3  5  0 -4 -6  1 -2 -5  4 -4 -2  0  3  0 -5 -2 -2 -4  3 -2    2  32   4   0   0   7   2   0  12   1   4   5   8   4   0   2   3   0  12   3  0.76 0.46
   58 I   -4 -6 -7 -7 -6 -6 -7 -7 -3  2  1 -6 -2  5 -7 -6 -5 -3  7  3    1   0   0   0   0   0   0   0   0  10  11   0   1  21   0   0   0   0  35  20  1.42 0.67
   59 G   -2 -4 -2 -2 -5 -4 -4  7 -2 -5 -5 -3 -5 -4 -3 -2 -4 -5 -3 -5    2   1   2   3   0   1   1  78   1   1   1   2   0   1   1   2   1   0   1   1  1.74 0.67
   60 R    0  4 -2 -1 -5  1  2 -3 -2 -3 -4  4 -1 -4  1  0 -1 -2 -4 -2    8  20   1   2   0   4  13   1   1   1   1  26   1   1   6   5   3   1   0   3  0.50 0.33
   61 G    0 -3  0  4 -5  0  4  2 -1 -5 -5 -1 -2 -5 -2  0 -2 -5 -4 -4    8   1   3  20   0   4  29  17   2   0   1   3   1   0   2   7   2   0   0   1  0.61 0.39
   62 A    2  0 -2 -1 -3  2 -1 -2  0  0 -2  0 -1 -1 -1  0  0 -3  1  1   24   6   1   2   0  10   4   2   2   5   3   5   2   2   2   6   6   0   6  14  0.17 0.19
   63 V   -1 -5 -6 -6 -4 -5 -5 -4 -5  4  3 -6  0  3 -6 -5 -4 -5 -3  4    5   0   0   0   0   0   0   1   0  24  24   0   1  14   0   0   0   0   0  29  0.97 0.49
   64 L   -2  3 -2 -2 -4  0  1 -4  0 -1  2  0  1  2 -4 -3 -2  0  4 -1    2  17   1   2   0   3   9   0   2   3  18   6   3   7   0   1   2   1  17   5  0.36 0.29
   65 E    0 -1  1  2 -6  3  5  0  1 -5 -5 -1 -2 -6 -4  0 -2 -6 -4 -4    9   2   6  13   0  13  34   7   3   1   1   2   1   0   0   6   2   0   0   1  0.65 0.43
   66 Q   -4 -2 -3  4 -8  1  6 -6  0 -7 -7 -2 -6 -8 -6 -4 -3 -7 -6 -6    1   2   1  25   0   7  58   0   2   0   0   1   0   0   0   0   1   0   0   0  1.65 0.81
   67 V    6 -6 -6 -6 -5 -5 -5 -4 -6 -1 -3 -5 -2 -4 -5 -3 -1 -7 -6  4   62   0   0   0   0   0   0   1   0   3   2   0   1   1   0   1   3   0   0  26  1.42 0.74
   68 V    1 -3 -4 -5 -4 -3 -3 -3 -4  4  3 -2  2  0 -5 -2 -1 -5 -3  3   10   1   0   0   0   1   1   1   0  21  30   2   4   3   0   3   3   0   0  17  0.54 0.34
   69 N   -3  2  4  4 -6  2  4 -1 -1 -6 -6  0 -4 -6 -5  0 -3 -6 -4 -6    1   9  18  19   0   9  27   4   1   0   0   4   0   0   0   6   1   0   0   0  0.82 0.49
   70 D   -1  1  1  2 -4  1  3 -2  2  1 -1  1 -2 -1 -4  0 -1 -4 -1 -2    4   7   6  15   0   4  19   2   6   9   5   8   1   2   0   5   4   0   2   1  0.25 0.22
   71 A    2 -4 -4 -5 -1 -5 -5 -3 -5  2  4 -4  2 -2 -5 -2 -2 -5 -4  1   16   0   1   0   1   0   0   2   0  11  48   0   5   1   0   4   1   0   0  10  0.76 0.45
   72 L   -2 -5 -6 -7 -3 -5 -6 -4 -6  4  3 -6  3  1 -5 -5 -4 -4 -1  4    3   0   0   0   0   0   0   2   0  27  24   0   6   5   0   0   0   0   2  29  0.95 0.49
   73 P   -2 -1  3  1 -6  2  0 -2 -2 -7 -6 -2 -5 -6  6  0 -3 -7 -4 -5    2   4  12   6   0  10   7   3   1   0   0   1   0   0  44   5   1   0   0   0  1.15 0.62
   74 S   -1  1 -1  3 -6  1  4 -1  0 -4 -5  2 -4 -5 -1  0 -1 -6 -4 -4    4   7   3  18   0   7  30   4   2   1   1  10   0   0   2   6   3   0   0   1  0.58 0.38
   75 R    3 -2 -2 -4 -3 -2 -2 -1  0 -1  0 -2 -2  0 -4  2  2  2  2  1   23   1   1   0   0   1   2   3   2   2   8   1   1   5   0  16  14   2   7  10  0.29 0.29
   76 Y   -5 -7 -7 -8 -1 -6 -7 -8 -4 -2  1 -7 -2  3 -8 -4 -2 -1  9  0    0   0   0   0   1   0   0   0   0   2  13   0   1  12   0   1   2   1  61   6  1.99 0.90
   77 S    0  1 -1  0 -4  2  2  0 -2 -2 -2  0 -1 -1  2  1 -1 -1 -1 -1   10  10   3   6   0   9  13   6   0   2   3   4   2   3  11   9   3   1   3   4  0.15 0.16
   78 E    0  1 -1  1 -6  3  4 -3 -2 -6 -5  3 -3 -3 -3 -1 -2 -6 -4 -4    8   7   3   8   0  15  31   1   1   0   1  18   0   1   1   3   2   0   0   1  0.74 0.48
   79 A    7 -6 -6 -7 -5 -6 -4 -3 -7 -1 -4 -5 -4 -5 -6 -3 -3 -7 -6  0   85   0   0   0   0   0   1   2   0   3   1   0   0   0   0   1   1   0   0   5  1.92 0.94
   80 V   -2 -5 -7 -7 -5 -5 -6 -7 -5  4  4 -6  1 -2 -6 -5 -3 -6 -4  4    3   0   0   0   0   0   0   0   0  26  35   0   2   1   0   0   1   0   0  30  1.14 0.57
   81 S    0  1 -1  1 -5  2  4 -2 -2 -2 -3  3 -2 -5 -4 -1  0 -6 -5 -1    8   8   3   7   0   9  27   3   0   2   1  19   1   0   0   4   5   0   0   4  0.49 0.36
   82 T   -1 -2 -3  2 -7  3  6 -5 -4 -7 -6  1 -4 -7 -5 -2 -3 -7 -6 -6    4   1   1  10   0  14  57   1   0   0   0   6   0   0   0   3   1   0   0   0  1.40 0.75
   83 S    1 -1  2 -2 -4  2  3 -3  5 -4 -1  0 -3 -4 -4  1  1 -5 -2 -3   11   2   8   0   0  10  21   1  14   1   6   6   0   0   0   8   8   0   1   1  0.46 0.36
   84 D   -2 -1  2  3 -6  0  2  3 -1 -6 -6  3 -5 -6 -4  0 -3 -6 -5 -5    3   2  10  16   0   4  15  20   1   0   0  20   0   0   0   6   0   0   0   0  0.67 0.43
   85 L   -4 -6 -6 -6 -5 -6 -6 -7 -6  5  5 -5 -2 -3 -7 -5 -4 -6 -3  2    1   0   0   0   0   0   0   0   0  32  48   1   0   1   0   0   0   0   1  15  1.35 0.65
   86 K   -2  2  0  3 -5  1  4 -4  0 -2 -4  1 -2 -2 -2 -1 -1 -4 -3 -1    3  12   4  16   0   6  26   0   2   2   1   8   1   2   1   4   4   0   1   5  0.45 0.34
   87 P    1 -7 -6 -6 -5 -5 -6 -6 -7  0 -3 -6 -3 -5  7 -4 -2 -8 -6  2   13   0   0   0   0   0   0   0   0   5   3   0   1   0  61   0   3   0   0  13  1.79 0.86
   88 L    0 -6 -7 -7 -3 -6 -6 -5 -6  5  1 -6 -1 -1 -6 -5 -4 -4  0  5    8   0   0   0   0   0   0   1   0  31  11   0   1   3   0   0   0   0   3  41  1.16 0.59
   89 G    2 -5 -1  3 -4 -3 -1  4 -5 -4 -4 -4 -3 -5 -5  2  0 -6 -4 -2   20   0   2  17   0   1   3  29   0   1   1   0   1   0   0  17   6   0   1   2  0.68 0.45
   90 Q   -1  3 -1  0 -5  5  1 -3 -1 -3 -3 -1  0 -4  1  0  0 -3  0 -3    5  18   3   4   0  25   9   1   1   1   2   1   3   1   7   6   5   0   4   2  0.48 0.38
   91 P   -2 -6 -6 -7 -8 -6 -6 -4 -7 -6 -6 -6 -8 -6  9 -6 -5 -9 -5 -7    4   0   0   0   0   0   0   2   0   0   1   0   0   0  90   0   0   0   1   0  3.05 1.25
   92 E   -1  1  0  2 -6  3  4 -4  0 -4 -4  2 -2 -6 -4  1 -1 -6 -4 -2    4   6   4  12   0  13  29   0   2   1   1  12   1   0   0   9   4   0   0   3  0.58 0.41
   93 I   -3 -6 -7 -6 -5 -6 -6 -7 -6  6  2 -6  0  2 -5 -5 -4 -6 -2  4    2   0   0   0   0   0   0   0   0  39  16   0   2   8   0   0   0   0   1  30  1.23 0.59
   94 E   -2 -3  0  5 -7  0  5 -5 -2 -6 -6 -1 -5 -6 -4  0  0 -7 -5 -5    3   1   4  31   0   3  41   0   1   0   0   3   0   0   0   6   5   0   0   0  1.16 0.64
   95 I   -1 -3 -1  1 -4 -1  0 -4 -2  4  1 -2  0  0  1 -2 -2 -3 -3  3    3   1   3   9   0   2   7   0   1  23  11   2   2   3   6   3   1   0   0  20  0.32 0.26
   96 T   -1 -2 -1  1 -3  0  1 -1 -2  1  0  0  0 -2 -1 -1  2 -4 -2  2    3   1   2   7   0   3  11   6   1  10   7   8   2   2   3   3  15   0   1  18  0.14 0.18
   97 K   -1 -1  0  2 -4  3  3 -1  0 -4 -4  2 -3 -4 -1  1  0 -5 -4 -3    3   3   4  10   0  15  20   4   2   1   1  15   1   0   3  11   5   0   0   2  0.44 0.33
   98 L   -1 -3 -3 -3 -2 -3 -4 -1 -3  3  2 -3  2  4 -1 -3 -2  0  1  1    5   1   1   2   1   1   1   5   1  19  23   1   4  18   3   2   1   1   4   9  0.43 0.27
   99 E    1 -1  0  2 -4  0  4  0 -1 -3 -3  1 -3 -4  0  0 -1 -4 -4 -1   10   2   3  11   0   3  32   6   1   1   2   8   0   0   4   6   4   0   0   5  0.42 0.30
  100 D    0  0 -2  3 -4  0  4 -2 -2 -4 -3  2 -3 -4  3 -1 -2 -5 -3 -3    6   5   1  15   0   3  28   3   1   1   3  12   1   0  13   5   1   0   1   2  0.52 0.34
  101 N   -2 -2  2  2 -5 -2  1  5 -3 -5 -5 -1 -5 -5 -4 -1  0 -4 -3 -4    2   2   8  13   0   2  10  48   1   1   1   3   0   0   0   3   5   0   1   1  0.86 0.46
  102 E   -1  0  0  1 -5  3  4  1 -2 -4 -5  3 -3 -5 -4 -1 -1 -5 -4 -4    5   3   5   8   0  12  25  10   1   1   1  22   1   0   0   4   3   0   0   1  0.58 0.39
  103 E   -1 -5 -2  3 -6 -3  0  1 -4 -5 -5 -2 -4 -6  7 -1 -2 -6 -5 -3    6   0   2  15   0   1   5  12   0   0   1   2   0   0  47   4   2   0   0   2  1.21 0.62
  104 L   -2 -6 -7 -7 -3 -6 -6 -6 -6  1  4 -6  0  5 -4 -6 -4 -2  0  2    3   0   0   0   0   0   0   0   0   6  43   0   2  27   1   0   0   0   2  14  1.14 0.57
  105 V    0  2 -1 -3 -3  0  1 -4 -1  1 -2  1 -2 -4 -4  1  2 -5 -4  2    5  10   2   0   0   3  10   1   2   9   1  11   0   0   0  12  17   0   0  17  0.32 0.30
  106 F   -5 -7 -7 -8 -4 -7 -7 -8 -5  0  0 -7 -1  8 -8 -7 -6 -1  6  0    1   0   0   0   0   0   0   0   0   5   8   0   2  56   0   0   0   0  23   5  1.98 0.84
  107 T   -2  0 -1  0 -4 -2  1 -4 -1 -3 -4  4 -3 -5 -4  1  4 -6 -5  0    3   5   2   4   0   1  10   0   1   1   1  24   0   0   0  11  29   0   0   6  0.65 0.47
  108 A    6 -6 -6 -6 -3 -5 -5 -4 -6  0 -1 -5  0  0 -5 -3 -4 -6 -3  2   68   0   0   0   1   0   0   1   0   4   5   0   2   5   0   0   1   0   1  13  1.37 0.73
  109 E   -2  0 -2 -2 -4 -2  3 -5 -1  0 -2  1 -1 -4 -4  0  5 -5 -3  1    3   5   2   2   0   1  17   0   1   5   3   8   1   0   0   6  34   0   1  12  0.53 0.41
  110 V   -3 -7 -7 -7 -1 -6 -7 -7 -7  2 -1 -6 -1  3 -7 -6 -3 -6 -3  7    2   0   0   0   1   0   0   0   0   9   5   0   1  12   0   0   1   0   1  68  1.63 0.76
  111 D    0 -4 -3  3 -5  0  5 -4 -4 -3 -5 -3 -4 -4  3 -1  1 -5 -1 -2    7   0   1  15   0   3  41   1   0   2   0   0   0   1  13   3   7   0   2   3  0.84 0.53
  112 I   -4 -5 -6 -7 -5 -6 -6 -6 -5  3  2 -4 -1 -5 -6 -5  0 -6 -5  6    1   0   0   0   0   0   0   0   0  12  16   1   1   0   0   0   6   0   0  62  1.43 0.69
  113 R   -2  4 -4 -4 -4 -1  0 -5 -3 -2  0  4  2 -1 -1 -3 -3  1  2 -1    3  28   0   0   0   2   5   0   0   2   9  24   5   3   4   1   1   2   7   5  0.56 0.39
  114 P   -5 -8 -7 -7 -8 -6 -7 -6 -8 -8 -8 -7 -8 -9  9 -6 -6 -9 -8 -8    0   0   0   0   0   0   0   1   0   0   0   0   0   0  98   0   0   0   0   0  3.52 1.38
  115 E   -2 -1 -2  1 -6  1  6 -5 -3 -4 -4  0 -4 -6 -1 -2  1 -6 -6 -1    3   2   2   7   0   4  53   0   0   1   2   6   0   0   3   2   8   0   0   5  0.99 0.59
  116 I   -2 -6 -7 -7 -5 -6 -6 -7 -7  5 -1 -6 -3  3 -2 -6 -4 -6 -4  6    2   0   0   0   0   0   0   0   0  27   5   0   0  12   2   0   0   0   0  50  1.39 0.67
  117 T   -2 -2 -1  2 -6 -1  5 -4 -3 -4 -5  3 -3 -6 -3 -1  3 -5 -5 -1    3   2   2  11   0   2  36   1   0   1   0  16   0   0   1   3  17   0   0   4  0.75 0.49
  118 L   -3 -5 -5 -4 -4 -5 -4 -6 -6  1  5 -5 -1 -3  0 -5 -3 -5 -5  2    2   0   0   1   0   0   1   0   0   7  65   0   1   0   6   0   1   0   0  14  1.20 0.62
  119 P   -1 -3 -2 -2 -3 -2  0  5 -3 -4 -5  2 -4 -6  3 -1 -1 -6 -6 -2    5   1   1   1   0   1   5  43   0   1   1  11   0   0  16   4   3   0   0   4  0.81 0.47
  120 E   -1 -3  2  5 -5  1  3  1 -3 -6 -5  0 -5 -6 -2 -1 -2 -6 -5 -4    5   1   8  38   0   6  18  10   0   0   1   6   0   0   2   3   2   0   0   1  0.84 0.49
  121 L   -5 -6 -7 -7 -5 -6 -6 -8  0 -1 -1 -7 -4  2 -4 -6 -5  0  9 -3    1   0   0   0   0   0   0   0   2   3   7   0   0   5   1   0   1   1  76   2  2.57 1.06
  122 E   -1  2 -2  0 -5  0  1 -2  0 -4 -3  5 -3 -4 -4  0  1 -4 -4 -4    5  11   1   6   0   4  10   3   2   1   3  40   1   1   0   7   7   0   0   1  0.66 0.43
  123 S    0 -3  0  1 -6 -2 -1  6 -3 -6 -6  0 -5 -6 -5  1 -1 -6 -5 -5    6   1   5   9   0   2   5  51   1   0   0   5   0   0   0  11   4   0   0   0  0.98 0.53
  124 L   -4 -3 -7 -7 -5 -5 -6 -7 -4  5  5 -5  1 -1 -6 -6 -4 -3 -3  2    1   1   0   0   0   0   0   0   0  29  48   0   3   2   0   0   0   0   1  12  1.18 0.58
  125 K   -1  3 -2 -1 -6  0  4 -3 -1 -5 -5  3 -4 -6  0  0  1 -6 -5 -2    4  14   1   3   0   3  31   2   1   0   0  18   0   0   4   7   8   0   0   2  0.65 0.44
  126 I    0 -5 -6 -6 -3 -5 -5 -4 -6  4  2 -4 -1 -1 -6 -5 -3 -6 -3  5    9   0   0   0   0   0   0   1   0  18  19   1   1   2   0   0   1   0   1  46  1.02 0.54
  127 T   -1 -1 -2  0 -5  1  5 -3 -2 -4 -5  2 -4 -6  1 -1  2 -4 -3 -1    5   2   1   4   0   5  36   1   1   1   0  15   0   0   8   3  14   0   1   5  0.65 0.45
  128 V   -1  4 -3 -2 -5  0 -1 -3 -1 -1 -2  5 -3 -2  0 -3 -3 -3 -1  1    5  22   0   1   0   3   4   1   2   4   3  33   0   1   5   1   1   0   2  12  0.61 0.42
  129 D   -1  0 -2  1 -5  0  4 -3 -2 -2 -3  1 -2 -5  4 -2 -1 -6 -3 -1    4   6   1   8   0   3  27   1   1   3   2   9   1   0  22   1   4   0   1   5  0.56 0.39
  130 P    0 -1 -1  1 -4  0  3 -3 -2 -1 -2  2 -2 -4  2  0  0 -5 -3  1    8   3   2   7   0   3  19   1   1   4   3  12   1   0  12   8   5   0   0  10  0.28 0.25
  131 I    1 -1 -3 -2 -2 -2 -1 -4 -1  1 -1 -1 -1  0  2 -2  0 -1  1  4   13   3   0   2   1   1   4   0   1   8   4   3   1   3  10   2   6   1   5  30  0.30 0.27
  132 E    0 -1  0  0 -4  0  5 -4 -3 -3 -4  2 -4 -5  0  0  1 -6 -4  0    7   3   4   4   0   4  39   1   0   1   1  11   0   0   5   6   8   0   0   6  0.57 0.41
  133 V   -1 -7 -7 -7 -4 -6 -5 -7 -5  3 -2 -6 -3 -2 -2 -5 -3 -7 -3  7    5   0   0   0   0   0   0   0   0  13   3   0   0   1   3   0   1   0   1  71  1.64 0.78
  134 T   -1 -3 -1  1 -5 -2  0 -2 -5 -5 -4  0 -4 -6 -1  2  6 -6 -5 -4    4   1   3   9   0   1   7   2   0   0   1   5   0   0   3  17  45   0   0   1  0.88 0.57
  135 D   -2 -5 -2  7 -8 -2  4 -5 -4 -7 -8 -1 -7 -8  0 -3 -4 -8 -7 -5    4   0   1  53   0   1  29   1   0   0   0   4   0   0   5   1   1   0   0   1  1.62 0.79
  136 E    2 -3 -3  2 -7  0  6 -4 -3 -6 -6  1 -6 -7 -4 -1 -3 -7 -5 -4   15   1   1  11   0   3  52   1   0   0   0   9   0   0   0   4   1   0   0   1  1.15 0.65
  137 E   -1 -2 -2  6 -7  2  5 -6 -3 -5 -5 -1  1 -6 -5 -3 -4 -7 -5 -5    6   2   1  39   0   9  33   0   1   0   1   3   4   0   0   1   0   0   0   0  1.24 0.67
  138 V   -5 -7 -7 -8 -4 -7 -6 -8 -8  5  0 -7 -1 -3 -7 -6 -4 -7 -5  6    0   0   0   0   0   0   0   0   0  28   7   0   1   1   0   0   0   0   0  62  1.79 0.80
  139 D   -2 -4  2  6 -7  1  5 -4 -4 -6 -6 -1 -4 -7 -5 -2 -2 -7 -6 -5    3   0   8  41   0   6  32   1   0   0   0   2   0   0   0   2   2   0   0   1  1.31 0.68
  140 A    2  1  0  1 -5  2  3 -2  0 -5 -4  3 -3 -5 -4 -1 -1 -6 -4 -4   18   8   5   8   0   9  23   3   2   0   1  16   0   0   0   4   3   0   0   1  0.49 0.36
  141 E    1  2 -3 -2 -5  3  4 -3 -1 -2 -3 -1  1 -3 -4 -1  0 -5 -1  1   13  11   0   1   0  15  25   1   2   2   1   2   4   1   0   3   6   0   2  13  0.45 0.38
  142 L   -5 -6 -7 -8 -5 -5 -6 -7 -7  5  5 -6  0 -3 -7 -6 -5 -6 -5  1    0   0   0   0   0   0   0   0   0  30  57   0   2   0   0   0   0   0   0   9  1.52 0.70
  143 Q   -1 -1  0  3 -5  2  5 -3 -2 -6 -4  2 -4 -7 -5 -3 -2 -7 -5 -5    5   3   4  16   0   7  44   2   1   0   1  12   0   0   0   1   3   0   0   0  0.97 0.57
  144 S    0  4  1  1 -5  2  2 -2  1 -4 -3  1  0 -4 -4  0 -1 -2 -2 -2   10  22   7   7   0  10  11   2   3   1   2   7   3   0   0   8   3   1   1   2  0.36 0.29
  145 L   -2 -4 -6 -5 -5 -3 -2 -7 -6  2  5 -3  4 -1 -6 -5 -3 -4 -2  0    3   1   0   1   0   1   3   0   0  12  58   1  11   2   0   0   1   0   1   5  1.09 0.57
  146 R   -2  8 -5 -6 -4  4 -4 -7 -4 -5 -2 -2 -5 -7 -7 -5 -5 -7 -6 -4    4  68   0   0   0  19   0   0   0   1   5   1   0   0   0   0   0   0   0   1  1.99 0.93
  147 A   -1  1  1  1 -6  3  5 -3  0 -4 -5  2 -3 -5 -5 -2 -2 -4 -3 -5    5   7   6   8   0  11  38   2   2   1   1  13   1   0   0   3   2   0   1   0  0.75 0.48
  148 R   -2  5  0 -2 -6  4  0 -2  0 -5 -3  1  1 -5 -4  0 -2 -6 -4 -5    4  34   4   2   0  22   6   2   2   0   2   6   4   0   0   8   2   0   0   0  0.83 0.52
  149 F   -1  2  3 -3 -5  2 -3 -4  5 -3 -1 -1  1  4 -5 -2 -3 -3  2 -3    6  11  14   1   0  10   1   1  14   1   5   2   4  16   0   3   1   0   8   2  0.55 0.39
  150 G    6 -4 -5 -6 -4 -4 -5  1 -6 -4 -6 -2 -4 -7 -5  1 -1 -7 -6 -2   69   1   0   0   0   0   0  11   0   1   0   2   0   0   0   9   3   0   0   3  1.40 0.75
  151 T   -2  3 -1 -1 -5  2  3 -4 -1 -3 -3  1 -2 -5 -1  0  3 -4 -3 -2    2  16   2   3   0   9  20   1   1   1   1   8   1   0   3   7  21   0   0   3  0.50 0.39
  152 L   -4 -4 -4 -6 -5 -3 -2 -7 -2  1  4 -4  2  2 -6 -4 -2  7  2 -1    1   1   1   0   0   1   3   0   1   6  47   1   4   8   0   1   2  13   8   4  1.00 0.53
  153 K   -1  0 -2 -1 -5  0  4 -4 -1  1 -2  1 -2 -5 -4 -2  0 -6 -4  3    4   5   2   2   0   5  28   0   1   8   2  10   0   0   0   2   6   0   0  25  0.51 0.39
  154 G    0 -3 -2  2 -4 -2  1 -3 -5 -2 -3 -2 -3 -6  5  0  2 -6 -5  0    6   1   2  10   0   1  11   1   0   2   2   2   0   0  34   7  14   0   0   8  0.74 0.47
  155 V    0 -4 -6 -6 -3 -4 -2 -6 -6  2 -1  0 -1 -5 -2 -3 -2 -5 -4  6    8   1   0   0   0   0   3   0   0   8   4   6   1   0   3   2   2   0   0  61  1.10 0.61
  156 E   -3 -5 -2  5 -8 -2  6 -4 -4 -7 -6 -2 -5 -8 -2 -2 -4 -8 -7 -6    2   0   2  33   0   1  53   1   0   0   1   2   0   0   2   2   1   0   0   0  1.59 0.80
  157 R   -4  8 -4  0 -8 -2  1  0 -1 -8 -7  0 -6 -7 -6 -4 -4 -7 -6 -6    1  70   0   5   0   1   8   6   1   0   0   3   0   0   0   1   1   0   0   0  1.82 0.86
  158 G    3 -5 -4 -2 -6 -2  1  1 -5 -6 -5  0 -4 -7  6 -2 -1 -7 -6 -3   25   0   0   2   0   1  10  11   0   0   1   5   0   0  36   2   3   0   0   2  0.99 0.58
  159 V    5 -5 -6 -6 -4 -5 -5 -5 -5  2 -1 -5 -3 -5 -3 -1 -2 -6 -5  4   52   0   0   0   0   0   0   0   0   9   6   0   0   0   1   4   2   0   0  25  1.11 0.63
  160 Q    2  2 -3 -2 -6  4  4 -3 -3 -4 -4  3 -3 -6 -4 -2 -2 -6 -5 -3   17   9   0   2   0  22  23   2   0   1   2  17   0   0   0   1   2   0   0   2  0.75 0.51
  161 E   -1 -1  1  3 -4  0  3 -3 -1 -2 -1  2  2 -1 -1  0  0  0 -1 -2    5   2   8  15   0   2  19   0   1   1   7  13   6   2   2   5   4   1   2   3  0.25 0.24
  162 G   -4 -5  0  1 -7 -4 -2  7 -6 -8 -8 -2 -6 -8 -7 -4 -4 -7 -8 -8    1   1   4   7   0   1   3  81   0   0   0   2   0   0   0   1   1   0   0   0  2.03 0.88
  163 D   -6 -7 -2  8 -9 -5 -3 -6  1 -8 -7 -6 -3 -9 -7 -5 -6 -10 -8 -8    0   0   1  93   0   0   1   0   3   0   0   0   1   0   0   0   0   0   0   0  2.93 1.19
  164 F   -3  0 -4 -4 -4  1 -3 -5  0  2  1 -2  2  4 -5 -2  1  0  3  1    1   6   0   0   0   7   1   0   2  12  10   2   4  19   0   1  11   1   9  11  0.41 0.31
  165 V    3 -6 -7 -7 -3 -6 -6 -5 -7  0  1 -6 -2 -5 -5 -4 -2 -2 -5  6   22   0   0   0   1   0   0   0   0   4  11   0   0   0   0   0   2   1   0  59  1.36 0.70
  166 S   -2 -2  0 -2 -4 -2 -1 -4 -3  2  0 -2  0 -2 -5 -1  4 -4 -3  4    1   2   5   2   0   1   5   0   0  12   9   2   2   1   0   4  24   0   0  27  0.48 0.37
  167 I   -1 -6 -7 -7 -1 -6 -7 -6 -7  6  2 -6  2  0 -6 -6 -4 -6 -3  3    5   0   0   0   1   0   0   1   0  52  16   0   4   3   0   0   0   0   0  17  1.32 0.62
  168 D   -5 -3  1  8 -8 -3 -2 -5 -2 -8 -8 -4 -8 -8 -6 -1 -2 -9 -8 -8    0   2   6  81   0   1   1   1   1   0   0   1   0   0   0   4   2   0   0   0  2.35 1.01
  169 L   -4 -6 -7 -7 -6 -5 -7 -7 -4  2  1 -6  0  7 -7 -6 -5 -2  5  1    1   0   0   0   0   0   0   0   0  12  14   0   2  40   0   0   0   0  20  10  1.42 0.66
  170 S    0 -1 -1  1 -4  1  4 -5  0 -3 -3  2 -4 -5 -4  0  1 -6 -4  0    6   3   2   6   0   6  33   0   2   1   2  13   0   0   0   8   7   0   0   8  0.52 0.39
  171 A    2 -5 -4 -4 -2 -5 -4  6 -6 -2 -4 -5 -3 -6 -4 -2 -3 -6 -5  0   18   1   0   0   1   0   1  63   0   2   1   0   1   0   1   2   1   0   0   6  1.39 0.68
  172 T   -2  1 -3 -3 -4 -1  0 -5 -1 -3 -2  1 -2  4 -4  2  3 -1  2 -2    3   7   1   1   0   2   5   0   2   1   3   8   1  20   0  15  23   1   7   2  0.49 0.38
  173 V   -1 -1 -4 -2  0 -2 -2 -5  0  4  1  0  0 -2 -4 -2 -2 -4 -3  4    5   4   1   3   2   2   3   0   2  21  11   6   2   1   1   2   2   0   0  33  0.48 0.33
  174 D   -2 -5  2  7 -7 -2  2  1 -2 -6 -7 -2 -7 -7 -3 -3 -4 -8 -7 -7    3   0   7  56   0   1  14  11   1   0   0   2   0   0   1   1   0   0   0   0  1.45 0.71
  175 G   -4 -5 -2  2 -7 -4  0  7 -5 -8 -7 -3 -7 -8 -4 -3 -5 -7 -7 -7    1   0   2   9   0   1   6  77   0   0   0   2   0   0   1   2   0   0   0   0  1.89 0.84
  176 N   -2  0 -1 -1 -6  2  5 -3 -3 -3 -4  3 -3 -6 -4 -3 -2 -6 -5  2    3   4   3   3   0   7  40   2   0   1   1  15   0   0   0   1   2   0   0  16  0.77 0.50
  177 E    2 -3 -3 -2 -4  0  2 -4 -3 -2 -3  0 -4 -5  6 -1  0 -6 -4 -1   17   1   1   2   0   4  12   1   1   2   2   5   0   0  36   5   5   0   0   6  0.77 0.47
  178 V   -3 -2 -5 -5 -5 -3 -3 -5 -5  3  1 -3 -1  6 -3 -5 -4 -3 -1  3    1   2   0   1   0   1   2   1   0  18  12   1   1  39   1   0   0   0   1  18  1.03 0.53
  179 P   -1 -2 -2  3 -6  0  5 -4 -2 -2 -2  0 -2 -3  3 -2 -2 -5 -5 -2    6   1   1  14   0   3  39   1   1   3   5   5   1   1  13   2   2   0   0   2  0.69 0.46
  180 E   -2 -2  1  2 -6 -1  1  6 -2 -5 -5 -1 -5 -4 -2 -1 -3 -3 -5 -5    3   2   5  11   0   2  10  52   1   1   1   4   0   1   2   4   1   0   0   0  0.96 0.51
  181 A    0 -1 -1 -1 -5  0 -1  5 -2 -3  0 -3 -1 -2 -2 -1 -1 -2 -3 -2    7   3   2   4   0   4   4  47   1   1  11   0   2   1   2   3   3   1   1   2  0.60 0.38
  182 A    0 -1 -1 -1 -4  1  2 -2 -2 -4 -4  4 -3 -4 -2  2  2 -5 -4 -3    8   3   2   3   0   5  13   2   1   1   1  27   0   0   2  16  14   0   0   1  0.49 0.38
  183 T    4 -1 -1  1 -4 -2 -1  3 -2 -3 -4 -2 -3 -4 -3  1 -1 -3 -4 -1   38   4   2   7   0   2   3  22   1   1   0   2   0   0   1   8   4   0   0   5  0.56 0.39
  184 E   -1 -1  0  1 -5  2  5 -4 -2 -2 -4  2 -3 -5 -3  0  1 -4 -4 -1    5   3   5   6   0   7  35   1   1   3   1  13   0   0   1   5   9   0   0   4  0.56 0.40
  185 G   -2 -2  5  5 -6 -1  1  2 -2 -6 -5 -1 -5 -5 -3 -2 -3 -4 -6 -4    3   2  25  28   0   3   8  18   1   0   1   4   0   0   1   2   0   0   0   1  0.85 0.49
  186 L   -1 -2 -5 -5 -5  1 -4 -6  4 -1  0 -4  1  4 -6 -3 -3 -1  7  1    5   2   0   0   0   7   0   0   9   4   8   1   3  15   0   1   2   0  33   9  0.93 0.52
  187 S   -1 -1 -1  0 -3  1  0 -2 -1 -1  1 -1  1 -2  2  2  1  1 -1 -1    3   4   2   5   0   6   7   1   2   3  14   2   3   1  12  15  10   2   2   5  0.16 0.19
  188 H   -2 -5 -6 -7 -3 -5 -5 -6 -1  2  4 -6  0  0 -3 -5 -2 -3  3  3    3   0   0   0   0   0   0   0   1  10  47   0   2   4   1   0   2   0  12  17  0.91 0.50
  189 E   -2  0 -2  0 -6  1  5 -4  0  0 -3  0 -2 -5 -4 -2  0 -6 -4  1    2   4   1   4   0   5  46   1   2   5   3   5   1   0   1   2   6   0   0  11  0.72 0.48
  190 V   -2 -5 -5 -4 -4 -3 -1 -5 -5  4  4 -4  0 -3 -2 -4 -3 -3 -4  3    3   0   0   1   0   1   5   0   0  26  34   1   2   0   2   1   1   0   0  23  0.85 0.47
  191 G   -2 -3 -3  0 -6 -4 -1  7 -5 -6 -7 -3 -7 -6 -4 -3 -4 -7 -7 -6    3   1   1   5   0   1   5  79   0   0   0   1   0   0   1   1   1   0   0   0  1.89 0.84
  192 S    1 -1 -1 -1 -4 -1  2  0 -1 -4 -4 -1 -3 -5 -2  5 -1 -6 -5 -4   10   3   3   3   0   2  12   6   1   1   1   4   1   0   2  48   4   0   0   1  0.75 0.52
  193 G   -1 -2  3  1 -6 -1 -1  5  1 -5 -6  1 -5 -6 -1 -1 -2 -6 -3 -4    3   1  13   7   0   3   5  44   4   1   0   9   0   0   3   3   2   0   1   1  0.77 0.45
  194 Q    0  2  1 -1 -4  2  0  0  0 -3 -2  0  0 -2 -2  2  2  0 -1 -2    6  13   5   3   0  11   5   6   2   1   4   5   2   1   1  17  13   1   2   3  0.21 0.22
  195 L   -3 -5 -3 -6 -5 -6 -6 -4 -4  0  2 -5  4  7  1 -3 -1 -4  0  0    1   0   1   0   0   0   0   1   0   5  18   0  10  41   9   1   4   0   2   5  1.06 0.56
  196 I   -3 -5 -4 -4 -5 -5 -5 -4 -1  6  2 -5  0  0  0 -3 -3 -4 -3  2    2   0   1   1   0   0   0   2   1  42  21   0   2   4   6   2   1   0   0  14  0.87 0.47
  197 D   -1 -5 -5  0 -7 -2  2 -5 -5 -6 -6 -1 -7 -7  8 -4 -3 -8 -6 -5    6   0   0   6   0   1  12   1   0   0   0   4   0   0  65   1   2   0   0   1  1.87 0.88
  198 G   -2 -5 -3  1 -6 -3  3  6 -6 -7 -8 -4 -7 -7 -4 -3 -3 -7 -7 -6    2   0   1   8   0   1  17  66   0   0   0   0   0   0   1   1   1   0   0   0  1.61 0.77
  199 L   -5 -7 -6 -8 -6 -7 -8 -8 -6  0  2 -6 -1  8 -8 -7 -6 -3 -2 -2    1   0   0   0   0   0   0   0   0   6  18   0   2  70   0   0   0   0   0   3  2.20 0.91
  200 D    0 -4 -2  4 -4 -2  6 -3 -3 -4 -4 -3 -5 -5 -4 -1 -2 -7 -4 -3    8   0   2  22   0   0  50   2   0   1   2   1   0   1   1   5   2   0   0   2  1.12 0.64
  201 E    0 -2 -2  4 -7  0  6 -4 -3 -7 -6  0 -6 -7 -3 -1 -2 -7 -6 -4    7   1   1  22   0   4  50   1   0   0   0   5   0   0   1   3   3   0   0   1  1.19 0.66
  202 A    3 -2  1 -4 -6  6  1  2  1 -4 -5  0 -5 -6 -5 -2 -4 -6 -4 -4   22   1   6   0   0  36   7  14   4   1   1   5   0   0   0   1   0   0   1   1  0.93 0.59
  203 I   -5 -6 -7 -8 -4 -6 -7 -8 -7  3  6 -7  1 -2 -7 -6 -4 -6 -5  2    0   0   0   0   0   0   0   0   0  15  67   0   3   1   0   0   0   0   0  12  1.52 0.71
  204 I   -1 -1 -4 -3 -4 -3  0 -5 -1  4  0 -1  0 -4 -4 -3  0 -6 -3  4    4   4   0   1   0   1   8   0   1  26   8   4   2   0   1   1   5   0   1  34  0.65 0.41
  205 G   -4 -7 -4 -4 -8 -6 -5  8 -5 -9 -9 -6 -8 -7 -7 -4 -4 -8 -8 -8    1   0   0   1   0   0   1  95   0   0   0   0   0   0   0   1   1   0   0   0  2.66 1.08
  206 L    2 -3 -5 -6 -2 -3 -4 -5  2 -1  2  0  7 -4 -6 -2 -2 -6 -5  0   19   1   0   0   1   0   1   0   6   3  19   6  33   0   0   3   2   0   0   6  0.93 0.56
  207 K   -1  1  2 -3 -3  0  1 -2 -3 -5 -5  5 -2 -5 -4  2  0 -6 -5 -2    5   7  10   1   0   3   9   2   0   0   1  38   1   0   0  15   5   0   0   3  0.69 0.47
  208 A    4  0 -3 -3 -3 -2 -2 -3 -4  1 -2  2 -3 -5  2 -1  0 -6 -5  2   32   4   0   1   0   1   3   1   0   7   4  16   0   0  10   3   5   0   0  15  0.47 0.37
  209 D   -4 -6  0  1 -7 -5 -2  7 -5 -8 -8 -5 -7 -8 -6 -5 -6 -7 -8 -8    0   0   5   8   0   0   3  82   0   0   0   1   0   0   0   0   0   0   0   0  2.14 0.92
  210 E   -2 -5 -4  5 -8  1  6 -4 -3 -7 -7 -3 -6 -8 -6 -2 -3 -8 -7 -4    3   0   0  27   0   6  56   1   1   0   0   1   0   0   0   2   1   0   0   2  1.61 0.81
  211 S   -2 -1 -2  0 -6  0  5 -5 -2 -1 -5  1 -4 -6 -3  1  3 -6 -5 -2    2   3   1   5   0   3  41   0   1   4   0   6   0   0   1  10  19   0   0   3  0.81 0.53
  212 K   -2  4 -4 -5 -6 -2 -3 -4 -2 -2 -1  5 -4 -1 -5 -3 -1 -6 -4  3    3  21   0   0   0   1   0   1   1   1   6  39   0   3   0   1   4   0   0  18  0.89 0.55
  213 T   -3 -2 -1  2 -6 -1  4 -5 -3 -5 -6 -1 -3 -6 -5  0  5 -7 -6 -2    1   2   2  10   0   2  27   0   0   0   0   4   1   0   0   6  41   0   0   2  1.02 0.62
  214 F   -6 -8 -8 -8 -7 -8 -8 -7 -5  1 -2 -7 -3  9 -6 -7 -6 -4  0  0    0   0   0   0   0   0   0   0   0   8   3   0   1  77   0   0   0   0   2   7  2.47 0.99
  215 T   -3 -3 -1  1 -7 -2  1 -5 -4 -6 -6 -2 -6 -7  7 -1  2 -6 -7 -4    2   1   3   8   0   2   9   0   0   0   0   3   0   0  54   4  12   0   0   1  1.48 0.75
  216 T    1 -3 -3  2 -4 -1  4 -3 -3  0  0  0 -2 -2 -2 -1  0 -5 -4  2   13   0   0  10   0   2  29   2   0   6   8   4   0   1   1   3   5   0   0  14  0.36 0.32
  217 K   -2 -3  1  6 -6 -1  2 -4 -2 -5 -6  0 -5 -6 -2 -1  2 -7 -5 -2    4   1   6  41   0   3  14   1   1   0   0   6   0   0   2   4  15   0   0   3  0.90 0.53
  218 L   -4 -5 -6 -5 -6 -5 -6 -6  3 -2  0 -6 -1  5 -3 -5 -5 -2  8 -3    1   1   0   1   0   0   0   0   7   2  11   0   1  19   2   0   0   0  52   2  1.79 0.81
  219 V   -1 -1 -3 -3 -6  1 -2  0  5 -4 -4 -3 -4 -1  6 -2 -3 -4 -2 -2    5   4   1   1   0   5   2   8  16   1   1   1   0   3  42   3   1   0   1   3  1.08 0.59
  220 A    2  0  2  2 -4  0  3  0 -2 -3 -4  0 -2 -5 -1  0 -2 -5 -3 -1   21   5  11  11   0   3  21   6   1   1   0   4   1   0   3   6   1   0   0   5  0.37 0.31
  221 G    0 -2 -2  3 -6  0  4  1 -3 -6 -6  3 -4 -6  1 -2 -1 -6 -5 -5    7   1   2  15   0   3  29  13   0   0   0  17   0   0   8   2   3   0   0   0  0.68 0.45
  222 E   -2 -2  1  4 -6  0  5 -4  3 -5 -5  0 -4 -4 -3  0 -3 -3  1 -5    4   2   7  25   0   3  34   1   6   0   0   4   0   1   1   5   1   0   5   0  0.85 0.51
  223 Y   -3 -3 -4 -4 -5 -3 -2 -5  2  1  5 -4  1  1 -1 -5 -4  0 -1  0    2   2   1   1   0   1   3   1   5   5  60   1   2   5   3   0   0   1   2   5  0.90 0.50
  224 A    6  1 -4 -4 -5 -1 -1 -1 -3 -5 -5  1 -5 -5 -4 -1 -3 -6 -5 -3   67   7   0   1   0   3   4   3   0   0   0   8   0   0   0   3   1   0   0   1  1.23 0.68
  225 G   -4 -6 -2 -2 -6 -5 -4  7 -4 -7 -7 -6 -7 -7 -5 -3 -5 -7 -7 -7    1   0   1   2   0   0   2  89   0   0   0   0   0   0   0   2   0   0   0   0  2.36 0.95
  226 Q   -2  1 -3 -3 -7  3  1 -5 -3 -6 -5  7 -4 -7 -5 -3 -3 -7 -6 -5    4   6   1   1   0  11   7   0   0   0   1  65   0   0   0   1   1   0   0   1  1.57 0.78
  227 D   -1 -1 -1  2 -4  1  4 -4 -2 -3 -3  2 -3 -6  2 -1  2 -6 -5 -3    6   2   2  12   0   4  27   1   1   2   2  11   0   0  12   3  15   0   0   1  0.55 0.40
  228 A    5 -5 -6 -6  1 -5 -4 -1 -5  1 -2 -5 -2 -4 -5 -3 -3 -6 -3  4   51   0   0   0   3   0   1   5   0   7   4   0   1   0   0   1   1   0   1  26  1.03 0.60
  229 E   -2  1 -1  1 -3  1  1 -4  2 -1 -1 -1 -2 -4 -3  0  3 -5 -3  2    2   7   2   8   0   6  11   0   5   3   5   4   1   0   1   7  18   0   0  19  0.26 0.27
  230 V   -5 -8 -8 -8 -1 -8 -8 -8 -6 -1 -2 -8 -2  9 -8 -7 -6 -3  3  0    1   0   0   0   1   0   0   0   0   3   3   0   1  77   0   0   0   0   8   7  2.50 1.00
  231 T   -1  1  0  0 -5  1  2 -4  3 -3 -4  4 -3 -5 -4  0  2 -4 -4 -3    6   8   3   6   0   4  13   0   6   1   1  27   1   0   0   6  16   0   0   2  0.54 0.39
  232 V   -1 -7 -7 -7  1 -7 -7 -6 -7  3 -1 -7 -2 -3 -7 -6 -2 -7 -4  7    4   0   0   0   3   0   0   0   0  16   5   0   1   1   0   0   2   0   0  68  1.66 0.77
  233 T   -2  0 -1 -1 -4 -1  1 -4  0 -3 -2  4 -2 -4 -5 -1  5 -6 -4 -1    2   4   2   2   0   2   8   1   3   1   4  28   1   0   0   4  33   0   0   4  0.68 0.48
  234 V   -3 -6 -7 -7 -3 -6 -7 -7 -7  3  3 -6  1 -4 -5 -6 -4 -6 -5  6    2   0   0   0   1   0   0   0   0  16  26   0   2   0   0   0   0   0   0  52  1.41 0.68
  235 K   -3  1  3 -3 -5  0 -2 -3  5 -3 -2  5 -4 -5 -5 -2  0 -6 -4 -2    1   6  15   1   0   4   2   1  16   2   4  37   0   0   0   2   5   0   0   3  0.87 0.53
  236 S    1 -3 -2  2 -6  1  5  0 -4 -6 -5  0 -4 -7 -5  1 -2 -5 -6 -4   12   0   2  10   0   4  46   7   0   0   0   4   0   0   0  11   2   0   0   1  0.90 0.56
  237 V   -4 -7 -5 -7 -4 -7 -7 -7 -5  6  1 -7 -2 -4 -7 -6 -3 -7 -5  6    1   0   0   0   0   0   0   0   0  38  10   0   0   0   0   0   1   0   0  49  1.63 0.74
  238 K   -4  3 -3 -4 -5  2 -1 -5 -2 -6 -5  7 -3 -4 -5 -2 -3 -7 -1 -6    1  14   1   0   0   8   3   0   1   0   1  62   1   1   0   3   1   0   3   0  1.48 0.75
  239 E    0  2 -2 -3 -5  1  5 -4 -2 -3 -5  1 -3 -3 -5 -2 -1 -5 -3  0    8  11   1   0   0   5  45   1   1   1   1   9   1   1   0   2   4   0   1   8  0.79 0.52
  240 R   -3  4 -4 -4 -7  0  0 -5 -4 -3 -3  6 -1 -6 -1 -3 -3 -4 -5 -2    2  24   0   0   0   4   6   0   0   2   2  48   1   0   3   1   1   0   0   3  1.16 0.64
  241 E   -3  1 -1 -1 -4  1  4 -5 -1  1 -2  2 -3 -4 -4 -2 -1 -6 -5  2    1   8   2   2   0   7  31   0   1   9   2  12   0   0   0   2   3   0   0  17  0.54 0.40
  242 L   -4 -5 -7 -6 -5 -5 -5 -7 -7  0  6 -4  1 -2 -5 -5 -3 -6 -2  1    1   1   0   0   0   0   1   0   0   4  77   1   2   1   1   1   1   0   1   7  1.48 0.71
  243 P   -2 -6 -8 -7 -8 -6 -6 -8 -8 -8 -6 -5 -5 -9  9 -5 -6 -9 -8 -5    3   0   0   0   0   0   0   0   0   0   1   0   0   0  93   1   0   0   0   1  3.20 1.30
  244 E    1 -4 -3  2 -7 -1  6 -4 -4 -6 -6 -1 -4 -6  1 -3 -2 -7 -6 -3   11   0   1   9   0   1  59   1   0   0   0   3   0   0   8   2   2   0   0   2  1.29 0.72
  245 P   -1 -6 -7 -6 -5 -6 -6 -7 -7  2  6 -6  0 -2 -3 -5 -4 -4 -5  1    6   0   0   0   0   0   0   0   0  11  68   0   1   1   1   0   0   0   0  10  1.34 0.66
  246 D   -6 -6  4  7 -8 -5 -3 -5 -5 -6 -8 -5 -7 -8 -6 -3  1 -9 -8 -7    0   0  21  68   0   0   0   1   0   0   0   0   0   0   0   2   8   0   0   0  2.17 0.96
  247 D   -4 -7 -2  8 -9 -4  1 -7 -6 -8 -9 -5 -8 -9 -6 -5 -6 -9 -8 -7    1   0   1  90   0   0   7   0   0   0   0   0   0   0   0   0   0   0   0   0  2.79 1.14
  248 E    0 -5 -2  4 -8 -2  7 -5 -5 -8 -7 -2 -7 -8 -6 -2 -4 -8 -6 -6    8   0   1  23   0   1  62   0   0   0   0   1   0   0   0   2   0   0   0   0  1.72 0.85
  249 F   -7 -8 -8 -9 -7 -8 -8 -8 -7 -4  1 -8 -3  9 -9 -8 -7  3 -2 -5    0   0   0   0   0   0   0   0   0   1  14   0   0  80   0   0   0   4   0   0  2.76 1.08
  250 A    7 -6 -6 -7 -4 -6 -6 -5 -7 -1 -4 -6 -4 -4 -5 -4 -5 -7 -6  2   81   0   0   0   0   0   0   0   0   3   1   0   0   1   0   0   0   0   0  14  1.88 0.92
  251 Q    0  2 -3 -4 -6  3 -1 -4 -2 -5 -4  6 -2 -7 -5 -1 -4 -7 -6 -4    8  10   0   1   0  14   3   1   1   0   1  52   1   0   0   5   1   0   0   1  1.19 0.66
  252 L   -1 -2  0  5 -5  1  2 -2 -4 -3 -2  1  0 -4 -4  1  1 -6 -4 -4    4   2   4  32   0   5  15   3   0   1   5   7   2   0   0  12   8   0   0   0  0.57 0.39
  253 A    2 -5 -3 -5 -3 -3 -5 -3 -3  2  2 -4  1  1 -5 -3 -1 -4 -1  4   15   0   2   0   0   1   0   2   1  11  21   0   3   6   0   1   3   0   1  33  0.61 0.39
  254 S   -1 -4 -2 -1 -6 -4 -2  5 -4 -6 -6 -4 -5 -6 -5  4 -1 -4 -5 -5    3   0   2   3   0   0   2  49   0   0   0   0   0   0   0  34   3   0   0   1  1.27 0.67
  255 E   -3 -2  0  3 -5  0  5  1 -3 -4 -5  0 -4 -5 -1 -2 -3 -5 -5 -3    2   2   5  17   0   4  44   9   0   1   1   5   0   0   3   3   1   0   0   2  0.87 0.49
  256 Y   -1 -5 -5 -4  1 -3 -2 -4  1 -2 -1 -4 -1  7 -5 -4 -4 -2  4  0    5   0   0   1   3   1   3   1   3   2   4   1   1  51   1   1   1   0  13   7  1.27 0.61
  257 D   -1 -4  0  5 -7  0  5 -2 -4 -7 -6  1 -5 -6 -4 -1 -2 -7 -6 -6    5   0   4  32   0   3  36   3   0   0   0   8   0   0   0   4   2   0   0   0  1.08 0.61
  258 T   -4 -5  2  0 -4 -5 -4 -1 -6 -6 -6 -4 -5 -7 -5  3  7 -7 -6 -5    0   0   9   6   0   0   0   4   0   0   0   0   0   0   0  21  58   0   0   0  1.53 0.83
  259 I   -2 -5 -7 -7 -5 -6 -4 -7 -5  2  5 -5  3  0 -5 -5 -4 -4 -3  3    2   0   0   0   0   0   1   0   0   8  56   0   6   3   0   0   0   0   1  21  1.16 0.59
  260 E    3 -4 -3  5 -6 -1  5 -4 -3 -6 -4 -1 -6 -7 -4 -3 -3 -6 -6 -5   21   0   1  31   0   2  36   1   0   0   1   3   0   0   1   1   1   0   0   0  1.17 0.66
  261 E    2 -4 -3  3 -7  1  6 -3 -4 -7 -6 -1 -5 -7 -5 -2 -2 -7 -5 -5   20   0   0  14   0   5  51   2   0   0   0   3   0   0   0   3   2   0   0   0  1.21 0.68
  262 L   -6 -7 -8 -8 -3 -6 -7 -8 -6 -3  6 -7  2  1 -7 -7 -6  0  3 -2    0   0   0   0   0   0   0   0   0   0  78   0   4   6   0   0   0   1   9   1  1.76 0.82
  263 R   -5  7 -4 -6 -8 -1 -2 -6 -4 -6 -4  6 -4 -6 -6 -4 -3 -7 -6 -5    0  49   0   0   0   2   3   0   0   0   1  40   0   0   0   1   2   0   0   0  1.80 0.85
  264 N    3 -2  0  2 -5  1  4 -2 -3 -5 -5  1 -4 -5 -4 -1 -1 -6 -5 -3   28   1   4  11   0   7  26   2   0   0   0   9   0   0   0   4   4   0   0   1  0.63 0.44
  265 S    0  1 -1  5 -6  1  2 -2  1 -5 -5  2 -2 -3 -4  1 -2 -6 -2 -5    7   7   2  31   0   6  10   2   4   0   1  15   1   1   0   9   2   0   1   0  0.62 0.41
  266 L   -4 -6 -7 -7 -5 -5 -6 -7 -7  6  3 -5  0 -1 -6 -5 -2 -6 -3  4    1   0   0   0   0   0   0   0   0  42  23   1   2   2   0   0   3   0   1  27  1.27 0.61
  267 V   -1  7 -3 -4 -6 -1  1 -4 -1 -4 -4  4 -4 -4 -6 -2 -2 -3 -5 -3    5  51   1   0   0   2   7   1   1   1   2  21   0   1   0   3   2   0   0   2  1.23 0.65
  268 D    1  0  1  1 -5  1  4 -1 -2 -5 -4  3 -4 -5 -4  0  0 -6 -5 -3   10   4   5   7   0   5  31   4   1   0   1  20   0   0   0   6   6   0   0   1  0.60 0.42
  269 Q   -2  3  3  3 -6  3  2 -1 -1 -6 -5  2 -3 -4 -5  0 -2 -5 -4 -5    2  19  15  14   0  12  12   5   1   0   0  11   1   1   0   6   2   0   0   0  0.63 0.41
  270 V   -3 -4 -7 -7 -5 -5 -6 -7 -5  3  5 -4  5 -2 -7 -5 -4 -6 -2  0    2   1   0   0   0   0   0   0   0  16  60   1  12   1   0   0   1   0   1   5  1.33 0.64
  271 R    0  1 -2 -1 -4  2  4 -2 -1 -2  0  2 -1 -4 -4 -1  1 -4 -3 -2    6   7   1   2   0  11  31   3   1   2   9  10   1   1   0   4   8   0   0   3  0.42 0.34
  272 R    1  3  0  0 -5  1  4 -2 -1 -4 -3  3 -2 -5 -4 -1  0 -6 -4 -3   13  15   3   4   0   7  26   2   2   0   2  16   1   0   0   3   5   0   0   1  0.53 0.38
  273 L    1  3  0  0 -5  3  4 -2  0 -3 -4 -1  1 -4 -4  0 -1 -5 -3 -2   10  14   5   4   0  13  25   3   2   2   1   3   4   0   0   8   4   0   1   3  0.42 0.34
  274 K    3  2 -1 -3 -5 -1  0 -3 -2 -4  0  4 -1 -3 -4 -2 -3 -4  0 -2   24  11   3   1   0   2   6   2   1   1   9  31   1   1   0   1   1   0   3   2  0.53 0.40
  275 S    0  2 -1  1 -5  2  5 -4 -2 -4 -2  2 -4 -5 -4 -2  0 -6 -4 -2    6   9   2   7   0   8  37   1   1   1   3  13   0   0   0   2   5   0   0   3  0.64 0.44
  276 V    1  2  1  0 -4  3  2 -2  1 -3 -2  1 -1 -2 -4  0 -1 -3 -2 -2   12  13   6   5   0  15  15   2   4   1   4   7   1   2   0   6   3   0   1   2  0.29 0.25
  277 Q    1  3  0 -1 -5  3  3 -3  0 -4 -3  2  0 -4 -4 -1 -1 -4 -3 -2   12  18   4   3   0  15  19   1   2   1   2  10   3   1   0   4   3   0   1   3  0.46 0.35
  278 Q    4 -1  0 -2 -4  2  0 -2 -3  0 -2 -2 -2 -4 -4  1  0 -5 -3  0   42   4   4   2   0   9   7   2   0   6   4   1   0   0   0   8   4   0   1   6  0.49 0.39
  279 A   -1  4 -1  2 -6  1  4 -2 -2 -4 -4  3 -2 -6 -4 -2 -2 -6 -4 -3    5  20   2  12   0   7  25   4   1   1   2  17   1   0   0   1   2   0   0   1  0.67 0.43
  280 E    1  2  2  0 -4  2  2 -1  0 -2 -2  0  0 -4 -4  0  0 -3 -2 -2   13  13  11   4   0  12  13   4   3   2   3   3   3   0   0   8   4   0   1   2  0.25 0.24
  281 Q    1  2  0  2 -5  2  4 -3  0 -4 -2  2 -2 -4 -4 -1 -2 -4 -3 -2   12  13   3   9   0  10  25   1   2   1   4  11   1   0   0   4   2   0   1   2  0.45 0.34
  282 I    1 -1 -3 -4 -4 -1 -3 -5 -1  0  3 -1  2  3 -5 -3 -2 -2  2  2   12   3   1   1   0   2   1   0   2   5  27   3   5  13   0   0   2   0   9  14  0.40 0.29
  283 R   -2  5 -2 -2 -6  2  4 -4 -1 -3 -4  3 -4 -3 -4 -2 -2 -5 -3 -3    3  35   1   1   0   7  23   1   1   2   2  15   0   1   0   2   2   0   1   2  0.86 0.51
  284 D   -2  1  3  4 -6  2  3 -2 -2 -4 -4 -1 -2 -5 -4 -1 -1 -4 -4 -4    3   7  17  20   0  10  23   3   1   1   2   4   1   0   0   4   4   0   0   1  0.64 0.42
  285 K    2  2  0  0 -4  4  2 -3 -2 -4 -3  3 -3 -5 -4 -1 -2 -6 -4 -4   16  11   5   4   0  19  16   2   1   0   3  17   0   0   0   4   2   0   0   1  0.54 0.39
  286 A    2 -5 -6 -6 -3 -5 -6 -6 -6  4  3 -6  1 -3 -6 -4 -2 -6 -4  4   15   0   0   0   0   0   0   0   0  19  30   0   2   0   0   1   2   0   0  29  0.95 0.51
  287 I   -2 -4 -5 -6 -4 -5 -4 -5 -5  3  4 -5  3  0 -6 -4 -2 -4 -3  4    4   1   0   0   0   0   1   1   0  19  33   0   8   4   0   1   2   0   0  27  0.89 0.48
  288 E   -1 -1  0  5 -6  1  4 -2 -2 -6 -6  1 -4 -7 -5 -1 -1 -7 -5 -5    5   4   4  31   0   6  30   2   1   0   0   9   0   0   0   4   4   0   0   0  0.90 0.52
  289 A    3  0 -2 -2 -4  3  1 -3  0 -4 -2  4 -2 -3 -4 -1 -1 -3 -3 -3   30   4   1   1   0  11  10   1   2   1   3  25   1   1   0   3   4   0   1   1  0.55 0.41
  290 L    1 -6 -7 -7 -5 -6 -6 -7 -6  3  5 -6  0 -2 -6 -5 -4 -6 -4  3   10   0   0   0   0   0   0   0   0  13  55   0   1   1   0   0   0   0   0  19  1.16 0.59
  291 L    1 -3 -4 -4  0 -4 -4 -4 -5  3  2 -4  0 -3 -5 -2 -1 -4 -3  4   14   1   1   1   2   0   0   1   0  16  21   1   2   0   0   3   4   0   0  32  0.62 0.39
  292 E    2 -2 -1  3 -6  0  6 -3 -4 -6 -6  2 -6 -7 -5 -1 -3 -7 -6 -5   14   2   2  14   0   3  47   2   0   0   0  11   0   0   0   4   1   0   0   1  1.04 0.60
  293 Q    1  2  3 -1 -2  1  0  0 -1 -2  0  2 -1 -4 -3 -1 -1 -5 -3 -2   12   9  14   3   1   8   5   7   1   2  10  16   2   0   0   4   3   0   0   2  0.23 0.23
  294 T    3 -4  3 -4  0 -4 -4 -4  3 -1 -2 -4  0 -3 -5  2  1 -6 -2  2   25   0  17   0   2   0   0   0   7   3   3   0   3   1   0  15   8   0   1  15  0.54 0.42
  295 E   -2 -2 -1  3 -5  1  4 -4 -1 -5 -6  1 -5 -5  3  0  2 -6 -5 -4    2   1   3  16   0   6  27   0   1   0   0  10   0   0  12   8  13   0   0   1  0.67 0.45
  296 V   -2 -6 -5 -4  0 -6 -4 -4 -6  4  0 -6  1  5 -5 -5 -3 -5 -3  4    3   0   0   1   2   0   1   1   0  19   8   0   3  28   0   0   1   0   0  32  1.06 0.54
  297 P   -2 -5 -3  5 -7 -2  6 -6 -3 -6 -7 -3 -6 -6  2 -2 -2 -8 -7 -4    3   0   1  27   0   1  49   0   0   0   0   1   0   0  11   2   3   0   0   1  1.40 0.74
  298 L   -1 -6 -6 -6 -5 -6 -6 -7 -6  4  3 -6 -1  0 -2 -5 -3 -5  1  4    5   0   0   0   0   0   0   0   0  24  25   0   1   4   2   0   1   0   5  33  0.96 0.51
  299 P   -3 -8 -6 -6 -8 -5 -7 -6 -4 -8 -9 -7 -8 -9  9 -2 -6 -9 -8 -8    2   0   0   0   0   0   0   0   1   0   0   0   0   0  92   3   0   0   0   0  3.21 1.30
  300 E   -1 -2 -2  3 -6  2  5 -3 -2 -6 -5  0 -5 -7  4 -1 -2 -7 -5 -5    5   2   2  14   0   8  36   2   1   0   1   5   0   0  19   3   2   0   0   1  0.89 0.54
  301 K    2 -1 -2 -3 -1 -1 -1 -1 -4  0 -1 -1 -1 -3 -1  3  0 -5 -3  2   19   3   1   1   1   2   3   5   0   5   4   2   1   1   3  23   6   0   0  17  0.27 0.27
  302 I   -3 -6 -7 -8 -6 -5 -7 -7 -6  0  5 -6  8 -2 -7 -6 -5 -4 -1  0    2   0   0   0   0   0   0   0   0   4  46   0  38   1   0   0   0   0   2   5  1.73 0.80
  303 V   -3 -6 -7 -7 -5 -5 -5 -7 -7  5  0 -5 -2 -3 -7 -6 -3 -7 -3  6    2   0   0   0   0   0   1   0   0  31   8   0   1   1   0   0   1   0   1  55  1.57 0.72
  304 Q   -1 -1  1  4 -7  1  5 -3  0 -6 -4  0 -4 -7 -5 -2 -2 -7 -5 -4    5   3   7  21   0   7  42   1   2   0   1   4   0   0   0   3   2   0   0   1  0.98 0.56
  305 A    1  4  1  1 -5  2  2 -2  3 -5 -4 -1 -1 -4 -4  1 -2 -4 -2 -4   12  23   6   6   0  11  14   3   6   0   1   2   1   0   0   9   2   0   1   0  0.48 0.36
  306 Q   -3  1 -4 -2 -8  4  7 -5 -1 -7 -6 -1 -4 -5 -6 -4 -4 -7 -2 -5    2   8   0   1   0  19  61   1   1   0   0   3   0   0   0   1   1   0   2   1  1.61 0.83
  307 I    1 -4 -5 -5 -3 -2 -4 -5 -5  4  2 -2  2 -1 -5 -3  1 -4 -3  3   10   1   0   0   0   1   1   0   0  25  20   2   5   3   0   2   8   0   0  23  0.60 0.37
  308 D   -2  0  2  5 -6  2  4 -3  2 -6 -6  0 -4 -4 -5 -2 -3 -6 -4 -5    4   6   8  32   0   7  26   2   5   0   0   4   0   1   0   2   1   0   0   0  0.88 0.51
  309 E    1  3  1  0 -4  2  1 -1  3 -3 -3  0 -1 -1 -4  1 -1 -4  1 -2   11  18   8   4   0   9   9   4   9   1   2   3   1   3   0  10   3   0   4   2  0.28 0.25
  310 V   -3  2 -3 -4 -5  1 -2 -5  1  2  2 -3  7 -2 -6 -3 -3 -4 -2 -1    2  10   1   1   0   6   3   0   3   9  22   1  33   1   0   2   1   0   1   4  0.89 0.53
  311 V   -2 -1 -4 -5 -3 -3 -2 -5 -3  3  3 -1  3  0 -5 -4 -3  2 -1  3    4   3   0   0   0   1   2   0   0  19  29   4   8   4   0   0   1   3   2  19  0.58 0.36
  312 H   -1  2  2  1 -6  3  3 -2  3 -5 -4  1 -1 -5 -4 -1 -2 -5 -1 -4    6  13   8   7   0  15  22   3   8   0   1   8   1   0   0   3   1   0   2   0  0.55 0.38
  313 N   -3  2  2  4 -6  3  4 -2 -1 -6 -5 -2 -3 -5 -4 -1 -2 -6 -4 -5    1  11  11  24   0  15  24   3   1   0   1   1   1   0   0   4   2   0   0   0  0.83 0.51
  314 A    0 -2 -4 -3 -4  1 -1 -4 -2  0  2 -3  4  4 -4 -2  0 -1  1  0    8   2   0   1   0   7   4   1   1   4  22   0  10  18   0   2   6   1   5   6  0.38 0.29
  315 I    2  1 -1  0 -4  1  3 -1 -1 -2 -1  2  0 -3 -3  0 -1 -3 -3  0   17   7   2   5   0   7  20   4   1   2   7  11   3   1   0   5   3   0   0   6  0.22 0.22
  316 H   -1  4  1 -1 -5  4  1 -2  3 -3 -3  0  2 -2 -4 -1 -2 -3  1 -3    5  20   7   4   0  18   8   3   8   1   2   4   7   1   0   5   1   0   5   1  0.46 0.35
  317 G   -1  5  2  0 -5  4  1 -2  0 -5 -4 -1  0 -3 -4  1 -1 -5 -2 -4    4  29  10   5   0  18   7   3   2   0   2   2   2   1   0   9   3   0   1   1  0.62 0.41
  318 L   -1 -4 -3 -5 -4 -3 -4 -5 -3  1  5 -4  4  2 -5 -4 -3 -2 -1  0    6   1   1   0   0   1   1   1   0   6  54   1  10   8   0   1   1   0   2   5  0.91 0.48
  319 D    1  2 -2 -1 -4  3  2  0 -1 -3 -2  1  1 -4 -2  1 -1 -2 -2 -3   14  11   1   2   0  17  13   7   1   2   3   9   3   0   1   9   3   0   1   1  0.31 0.27
  320 H    1  2  0 -1 -4  4  0  0  1 -3 -2 -1  2 -3 -2  1 -2 -2  2 -3   10  14   4   2   0  20   5   6   4   1   2   2   7   0   1  10   1   0   7   1  0.35 0.31
  321 D   -1  2  0  0 -5  6 -1 -1 -1 -4 -3 -1  0 -4 -3  0 -2 -5  1 -4    4  12   4   4   0  44   2   4   1   1   2   2   3   1   1   8   2   0   4   1  0.88 0.54
  322 E   -3  0  0 -2 -6 -1 -2  6 -2 -5 -6 -2 -3 -5 -2 -3 -4 -6 -4 -5    1   5   4   2   0   2   3  69   1   1   1   3   1   0   3   2   1   0   1   1  1.42 0.66
  323 E   -1 -2 -3 -3 -4  0 -2 -2 -3  3  3 -2  5 -1 -3 -2 -1 -3 -2  1    4   2   1   2   0   4   3   3   0  18  24   3  17   3   1   2   2   0   1   8  0.43 0.29
  324 K   -1  0  1  3 -4  0  0 -1 -3 -3 -4  1 -3 -4  0  3  3 -5 -4 -3    3   4   7  18   0   4   6   5   0   1   1   7   0   1   5  20  17   0   0   1  0.40 0.31
  325 F   -1 -2 -3 -2 -3 -2 -2 -3 -2  1  3 -1  3  3  1 -3 -2  2  0  0    4   3   1   2   0   2   3   2   1   6  33   4   8  11   8   1   1   3   2   6  0.35 0.24
  326 A    0 -1  0  4 -4  1  5 -2 -2 -4 -3 -1 -3 -4 -1 -1 -3 -4 -3 -3    7   2   4  20   0   6  40   4   1   1   2   3   1   1   3   4   1   0   1   1  0.76 0.42
  327 E    0  0  0  3 -3  4  2 -2 -1 -3 -2  1  1 -3 -2 -1  0 -3 -3 -3    6   5   4  17   0  22  10   3   1   1   3   7   4   1   1   4   7   0   1   2  0.38 0.26
  328 Q   -1 -2 -3 -2 -3 -1 -2 -3  0 -2 -1 -3 -1  2 -3 -2 -2  2  8 -2    4   2   1   3   0   3   2   2   2   2   6   1   2   7   2   3   2   2  49   3  1.11 0.45
  329 L   -1 -3 -3 -3 -1 -2 -2 -3 -2  0  5 -3  2  1 -2 -2 -2 -3 -1 -1    5   1   1   2   1   2   2   2   1   3  55   2   4   5   2   3   2   0   2   3  0.64 0.33
  330 A    0  2 -1  0 -3  4  3 -2 -1 -3 -2  2 -2 -3 -1  0 -1 -2 -3 -3    8   9   3   4   0  18  19   3   1   1   3  15   1   1   2   7   3   0   1   2  0.37 0.25
  331 E    1  0 -1  0 -3  1  0 -2  0  0  0 -1  3  1 -2  0 -1 -2  3 -1   13   4   3   5   0   6   6   2   2   6   7   4  10   5   1   8   4   0  11   3  0.12 0.14
  332 Q    0 -1 -1 -2 -3  1  0 -3 -3  2  0 -1  2 -2 -2  0  3 -2 -2  0    9   2   2   2   0   7   5   1   0  12  10   3   7   1   2   8  21   0   1   6  0.21 0.21
  333 G   -2 -2  2 -1 -5  0  0  5 -1 -4 -5  1 -4 -4 -2 -2 -3 -2 -4 -4    3   2  10   4   0   3   5  51   1   1   1   9   0   1   2   2   1   1   0   1  0.89 0.45
  334 S   -1  0 -2 -2 -4  3  0 -3 -2  1  0  4  3 -2 -2  0  1 -3 -3 -1    4   4   1   1   0  12   4   2   1   8   8  26   7   2   2   5   8   0   1   3  0.32 0.27
  335 S   -2 -3  1  3 -4 -2 -1 -2 -2 -4 -3 -1 -1 -4 -2  3  4 -4 -4 -3    2   1   6  18   0   2   4   2   1   1   3   4   1   0   2  19  31   0   0   1  0.64 0.43
  336 R   -1  1 -2  0 -4  0  3 -3 -1  0  0  0  2 -2  1 -2 -1  1 -2  0    5   7   1   4   0   4  26   2   1   5  10   6   5   2   7   2   2   3   1   6  0.23 0.21
  337 E    0 -3 -1  4 -6  0  6 -4 -2 -5 -5 -1 -4 -5 -2 -2 -2 -6 -5 -4    9   1   3  23   0   4  45   1   1   0   1   4   0   0   2   2   2   0   0   1  1.05 0.58
  338 E    1 -1 -1  3 -5  3  4 -2 -2 -4 -4  1 -3 -4 -2  0  0 -5 -4 -3   10   3   2  15   0  13  26   3   0   1   1   9   1   0   1   7   5   0   0   1  0.52 0.37
  339 F   -3 -4 -5 -5 -4 -3 -5 -5  2  2  4 -5  4  4 -3 -4 -3  3  1  1    2   1   0   1   0   1   0   0   5   9  36   0   9  18   1   1   1   4   4   8  0.78 0.42
  340 D   -2  6 -2 -1 -5  0  0 -4  0 -2 -2  3  0 -3 -4 -2 -3 -1 -2 -2    3  42   1   4   0   4   6   1   3   3   4  15   2   1   1   2   1   1   2   4  0.75 0.45
  341 A    2 -2  0  2 -5  1  5 -2 -3 -5 -4  2 -3 -6 -4 -1 -2 -6 -5 -4   17   2   4   9   0   7  37   2   0   0   1  11   0   0   0   4   2   0   0   1  0.73 0.48
  342 E   -2  1  0  2 -6  3  5 -1 -1 -5 -4  0 -1 -4 -4  0 -2 -6 -4 -4    3   7   5  12   0  13  37   4   1   0   2   5   2   1   1   5   2   0   0   1  0.71 0.46
  343 T    0 -3 -2 -5 -4 -1 -4 -4 -2  0  3 -4  4  4 -5 -2 -2  2  4  0    7   1   2   0   0   3   1   1   1   5  24   0   9  18   0   2   2   2  15   6  0.60 0.38
  344 R   -1  7 -3 -3 -7  0  1 -5  1 -4 -4  3 -2 -5 -6 -3 -2 -2 -4 -4    5  53   1   1   0   3   9   1   3   1   2  14   1   0   0   1   2   1   1   1  1.23 0.66
  345 T   -1 -3 -2  2 -6  0  4 -2 -4 -4 -4  0 -4 -7  5 -1 -1 -7 -6 -3    6   1   1  10   0   3  28   4   0   1   1   5   0   0  30   4   4   0   0   2  0.87 0.54
  346 E    0  1  0  2 -5  3  3 -1 -1 -1 -2 -1 -1 -5 -1  0  0 -5 -4 -1    8   8   4  12   0  18  17   5   1   3   3   2   2   0   3   5   5   0   0   5  0.31 0.28
  347 A    7 -6 -6 -7 -3 -6 -6 -4 -7 -5 -5 -6 -6 -7 -6 -1 -3 -8 -7 -2   89   0   0   0   0   0   0   1   0   1   1   0   0   0   0   5   2   0   0   2  2.15 1.03
  348 E   -1  1 -3 -1 -6  0  5 -4 -2  0 -1  1 -2 -6 -5 -3  0 -6 -3  0    5   8   1   2   0   3  46   1   1   6   5   6   1   0   0   1   6   0   1   6  0.74 0.50
  349 K   -2  5  0 -1 -6  2  1 -3 -1 -4 -3  4 -2 -2 -5 -2 -1 -4 -4 -3    3  27   4   4   0   9  10   1   1   1   2  27   1   2   0   2   3   0   0   2  0.70 0.45
  350 A    0  6  1 -1 -6  3  0 -3 -2 -4 -4  0 -2 -6 -5  1 -1 -5 -4 -5    7  41   7   4   0  12   5   2   1   1   2   4   1   0   0   9   4   0   0   0  0.82 0.52
  351 V   -1 -7 -7 -7 -4 -6 -7 -7 -7  3  2 -6 -2 -3 -6 -5 -3 -7 -5  6    5   0   0   0   0   0   0   0   0  14  18   0   1   1   0   0   1   0   0  59  1.46 0.71
  352 K   -2  5 -3 -5 -7  0 -3 -5 -3 -4 -3  6 -2 -6 -6 -3 -1 -7 -6 -4    3  30   1   0   0   4   1   1   1   1   2  50   1   0   0   2   3   0   0   1  1.42 0.74
  353 T    1  3  0 -2 -3 -1  0  0 -2 -1  0 -1 -1 -3 -4  1  2 -1 -2  0   13  16   5   1   0   2   6   8   1   3  10   1   1   1   0   8  16   1   1   7  0.18 0.22
  354 Q    0  2  0  2 -4  2  1  2 -1 -3 -3 -2 -1 -1 -4  2  0 -3 -1 -4    9  11   5  12   0  10   8  14   2   1   2   1   2   3   0  15   5   0   2   0  0.28 0.27
  355 L   -4 -7 -7 -8 -6 -5 -7 -8 -5  1  6 -7  0  2 -7 -7 -5 -1 -1 -1    1   0   0   0   0   0   0   0   0   7  75   0   2   8   0   0   0   1   2   2  1.60 0.76
  356 L    1 -6 -6 -7 -3 -6 -6 -4 -6  3  3 -6  0 -3 -6 -4 -2 -6 -5  5   13   0   0   0   0   0   0   1   0  18  26   0   1   1   0   0   2   0   0  37  1.00 0.54
  357 M   -5 -6 -8 -8 -6 -6 -7 -8 -7  2  6 -7  2 -1 -7 -6 -4 -6 -5  0    0   0   0   0   0   0   0   0   0   9  76   0   4   3   0   0   0   0   0   6  1.69 0.78
  358 D    0  2  1  4 -6  0  4  0 -2 -6 -4 -1 -2 -6 -4  0 -2 -6 -4 -5    7   9   5  22   0   3  30   8   1   0   1   3   1   0   0   7   2   0   0   0  0.68 0.45
  359 A    4  0 -2 -3 -5  1  4 -3 -2 -5 -5  3 -4 -6 -5 -1 -2 -6 -4 -3   38   4   1   0   0   5  23   1   1   0   0  16   0   0   0   4   3   0   0   1  0.83 0.55
  360 V   -4 -7 -7 -7 -5 -7 -7 -8 -7  7  2 -7 -2 -1 -7 -6 -4 -6 -2  4    1   0   0   0   0   0   0   0   0  55  15   0   0   2   0   0   0   0   1  26  1.65 0.75
  361 A    6 -3 -5 -6 -4 -4 -4  0 -5  1 -4 -4 -2 -4 -5 -1 -2 -7 -5  2   62   2   0   0   0   1   1   6   0   8   0   1   1   1   0   4   1   0   0  12  1.14 0.66
  362 D   -1  3 -2  2 -6  1  4 -5 -3 -6 -4  4 -4 -5 -5 -2 -2 -6 -5 -4    5  13   2  10   0   5  29   0   0   0   1  29   0   0   0   2   2   0   0   1  0.88 0.54
  363 K    3  2 -2 -1 -4  3  1 -4 -2 -3 -1  3 -2 -5 -4 -2 -1 -5 -4 -1   24   9   1   4   0  14   9   0   1   1   6  19   1   0   0   2   3   0   0   5  0.46 0.37
  364 L   -3 -3  0 -2 -8 -1  7 -6  0 -7 -3 -2 -5 -4 -6 -5 -5 -8 -5 -5    3   1   4   1   0   2  79   0   2   0   3   2   0   1   0   0   0   0   0   1  1.99 0.98
  365 E   -1 -3  4  1 -6  0  2  4 -1 -6 -6  2 -5 -6 -5  0 -3 -5 -5 -5    6   0  22   7   0   3  11  27   1   0   0  15   0   0   0   7   1   0   0   0  0.75 0.47
  366 I   -5 -7 -7 -7 -5 -7 -7 -8 -7  7  3 -6  0 -1 -4 -6 -4 -6 -4  2    0   0   0   0   0   0   0   0   0  55  26   0   2   3   1   0   0   0   0  13  1.58 0.72
  367 Q    0 -2 -1  1 -6  2  5 -3 -2 -4 -5  2 -3 -3 -4  0  2 -6 -5 -2    6   1   2   6   0   8  38   2   1   1   0  12   0   1   0   5  13   0   0   2  0.70 0.48
  368 V    2 -6 -6 -7 -3 -6 -5 -6 -6  2 -1 -6 -3 -4  1 -4 -3 -7 -5  6   17   0   0   0   0   0   0   0   0   9   4   0   0   1   8   1   1   0   0  58  1.30 0.69
  369 S   -1 -4 -1  3 -5 -3  1 -1 -4 -5 -5 -3 -4 -6 -2  4  5 -7 -6 -4    4   0   2  14   0   1  10   4   0   0   1   1   0   0   2  27  33   0   0   0  0.85 0.58
  370 Q   -1 -2 -1  5 -7  2  4 -3 -4 -6 -6 -2 -4 -7  1 -2 -3 -7 -6 -6    6   2   2  33   0  10  31   1   0   0   0   2   0   0   7   2   1   0   0   0  1.06 0.62
  371 N    1 -3 -1  3 -7  1  6 -3 -4 -7 -6  0 -6 -7 -4 -1 -4 -7 -6 -6   12   1   2  15   0   5  52   2   0   0   0   5   0   0   0   4   1   0   0   0  1.21 0.69
  372 D   -2 -2 -4  5 -8 -1  7 -6 -5 -6 -7 -2 -5 -8 -6 -4 -5 -8 -6 -6    4   2   0  28   0   1  60   0   0   0   0   2   0   0   0   1   0   0   0   0  1.79 0.89
  373 L   -3 -4 -7 -7 -5 -5 -6 -7 -6  5  3 -4  1  0 -6 -6 -3 -5 -2  4    1   1   0   0   0   0   0   0   0  27  32   1   2   3   0   0   1   0   1  30  1.12 0.57
  374 T   -1  0  1  5 -6  1  4 -3 -3 -4 -3  0 -3 -4 -5 -1  0 -6 -5 -4    5   5   6  28   0   5  30   2   0   1   2   4   1   1   0   4   5   0   0   1  0.75 0.47
  375 E    3  1  0  0 -5  2  4 -2 -1 -4 -4  1 -3 -4 -4 -1 -1 -6 -5 -3   30   6   5   5   0   8  25   2   1   0   1   9   0   1   0   3   3   0   0   1  0.60 0.44
  376 R    0  3 -3 -3 -6  0  5 -2  2 -5 -4  2 -3 -1 -5 -3 -3 -1  1 -3    7  14   0   1   0   4  43   3   4   1   2  10   1   3   0   1   1   1   4   2  0.79 0.52
  377 L   -2 -5 -6 -7 -4 -6 -6 -7 -5  6  3 -5  2  1 -6 -5 -4 -5  2  2    3   0   0   0   0   0   0   0   0  40  25   0   4   6   0   0   0   0   7  14  1.07 0.54
  378 V    1  1  0  1 -5  2  4 -3 -2 -2 -3  1 -1 -3 -4 -1 -1 -5 -4 -1   14   7   4   7   0   9  29   2   1   2   2  10   2   1   0   4   3   0   0   4  0.43 0.34
  379 L    0  4  0  0 -5  2  4 -3 -1 -5 -3  2 -1 -4 -4  0 -1 -6 -3 -4    8  20   4   5   0   7  25   2   1   0   2  14   2   0   0   5   3   0   1   1  0.56 0.39
  380 M   -2 -2 -4 -4 -4  0 -3 -5 -2  4  3 -4  6  0 -5 -3 -1 -5  0  0    3   3   1   1   0   4   2   0   1  22  27   0  19   3   0   2   4   0   3   6  0.67 0.42
  381 S    6 -4 -5 -6 -3 -4 -4 -3 -6 -2 -2 -2 -2 -5 -5  1 -2 -7 -5 -1   70   1   0   0   0   0   0   2   0   2   5   2   1   0   0   9   2   0   0   4  1.33 0.74
  382 R    1  1 -1  0 -5  3  3 -1 -2 -4 -3  2  0 -5 -2  1 -1 -4 -4 -3   15   8   2   5   0  12  23   4   0   1   1  11   3   0   1   8   3   0   0   2  0.41 0.33
  383 Q    1  2  0 -1 -4  4  1 -1  0 -3 -3  0  2 -3 -2  1 -1 -5 -2 -2   11  14   4   3   0  20   9   5   2   1   2   3   6   1   2  11   3   0   1   2  0.34 0.31
  384 Y    1 -1 -1 -2 -5 -1 -2 -4 -1 -3 -1 -3  2  1 -4  1  0 -1  7 -2   10   3   3   2   0   3   3   1   1   1   5   1   5   4   0   9   6   0  37   3  0.71 0.47
  385 G   -2  1  3 -1 -5  2  0  5  0 -6 -6  1 -5 -5  0 -2 -3 -5 -5 -5    3   7  14   3   0   8   6  39   2   0   0   9   0   0   4   3   1   0   0   0  0.73 0.44
  386 L   -1  1 -2  0 -4  4  1 -2 -1  0 -2  1  5 -3 -3 -2  0 -3 -3  0    5   7   1   5   0  18  10   3   1   5   3   8  16   1   1   3   5   0   0   8  0.35 0.32
  387 E   -2 -2  1  4 -5  1  2 -3 -1 -4 -5  0 -4 -6  3  1  1 -6 -4 -4    3   2   6  23   0   7  13   2   1   1   1   7   0   0  14  12   9   0   0   0  0.57 0.40
  388 P    1 -2 -3 -2 -4 -2  0 -2 -3  0  0  0 -2 -1  5 -2 -2 -5 -1  2   15   2   1   2   0   1   7   2   0   4   8   6   0   3  27   2   1   0   2  16  0.45 0.33
  389 Q    0 -1  0  4 -6  2  5 -2 -2 -6 -5  0 -3 -6 -3 -1 -3 -6 -5 -4   10   2   4  19   0   7  41   4   1   0   1   5   0   0   1   4   1   0   0   1  0.87 0.53
  390 Q    0  1 -2  1 -5  4  4 -3 -3 -3 -4  3 -1 -4 -4 -1 -1 -5 -3 -1    9   8   2   6   0  19  23   1   0   1   1  16   2   1   0   3   4   0   1   4  0.56 0.41
  391 L   -1 -3 -5 -5 -4 -4 -4 -6 -4  3  3 -4  3  3 -5 -3 -2 -3  1  4    6   1   0   0   0   1   1   0   0  14  23   0   7  10   0   1   1   0   4  30  0.71 0.41
  392 I    0  5 -3 -3 -5  0  0 -4 -2  0 -1  4  0 -2 -4 -3 -3 -4 -2 -1    7  31   1   1   0   3   4   1   1   5   5  30   2   2   0   1   1   0   1   4  0.73 0.46
  393 Q    1  1  0  0 -5  3  3 -2 -2 -5 -4  3 -3 -5 -3  0 -1 -1 -3 -3   13   8   4   5   0  14  19   3   1   0   1  19   1   0   0   6   2   1   1   1  0.50 0.38
  394 I    0  1  0 -1 -4  2  1 -3  1  0  0 -1  2  1 -3 -1 -1  0  3 -1   10   7   4   2   0  10   8   1   3   7   8   3   5   7   0   5   3   1  13   3  0.15 0.18
  395 L   -2 -4 -6 -6 -4 -5 -5 -6 -3  2  4 -5  2  4 -5 -5 -4  0  5  0    3   1   0   0   0   0   0   0   1  11  36   0   5  14   0   0   1   1  21   6  0.96 0.52
  396 Q    1  1  1  1 -4  2  3 -1 -2 -3 -3  1 -1 -4 -1  1  0 -4 -2 -2   10   8   5   9   0  10  19   5   0   1   2   7   2   0   2   9   5   0   1   3  0.27 0.23
  397 Q    0  1  1  1 -4  2  2 -1 -2 -4 -4  2 -2 -4 -2  2  0 -5 -4 -4    7   7   6   8   0  11  16   4   1   1   1  16   1   1   2  15   4   0   0   0  0.38 0.30
  398 N    0  1  3  2 -4  2  2 -1  0 -4 -4  0 -3 -4  2  1 -1 -4 -3 -4    8   6  16  10   0   8  16   4   2   1   1   4   0   0  10  10   3   0   1   1  0.39 0.28
  399 N   -1  0  2  2 -4  1  2  4 -2 -4 -4 -1 -3 -5 -1 -1 -2 -4 -3 -4    4   5  12  13   0   5  15  30   1   1   1   2   1   0   3   3   2   0   1   1  0.54 0.34
  400 Q    1  2  0 -1 -3  3  0  1  0 -1  0  0  1 -2 -2  0 -1 -1  0 -1   11  12   4   2   0  17   4  11   2   2   8   3   3   2   1   6   3   1   3   5  0.16 0.18
  401 L   -2  3 -3 -3 -4 -1 -2 -4 -2  2  3  0  3 -1 -3 -3 -2  0 -1  1    3  18   1   1   0   2   2   1   1  11  28   5   9   2   1   1   2   1   2   8  0.38 0.28
  402 P    1  0  0  3 -4  1  3  0 -1 -3 -3  0 -2 -4  1  0 -1 -5 -3 -3   11   5   5  15   0   5  24   8   1   2   2   4   1   0   6   7   2   0   1   2  0.34 0.27
  403 A    1  1  0  0 -4  1  0  1 -1 -2 -2 -2  1 -1 -2  2 -1 -3  2 -1   13   7   5   5   0   8   6   9   1   2   3   1   4   2   2  16   2   0   8   4  0.15 0.19
  404 M   -3 -6 -7 -7 -5 -6 -6 -7 -6  5  4 -6  3  1 -6 -5 -3 -4 -2  3    2   0   0   0   0   0   0   0   0  27  40   0   6   6   0   0   1   0   1  16  1.11 0.56
  405 F    0  4 -2 -3 -4  0  2 -3 -1 -1 -3  3  0 -3 -4 -1 -1 -4 -1  0    9  27   1   1   0   4  14   2   1   3   1  18   2   1   0   3   3   0   2   7  0.49 0.37
  406 A    2  1  2  1 -4  1  1  0  0 -4 -3 -1 -1 -3 -3  2 -1 -2  0 -3   17   7  11   9   0   6  11   7   3   0   2   3   2   1   0  14   3   1   3   1  0.26 0.25
  407 D   -2  1  0  4 -4  3  2 -1 -1 -3 -3 -1  0 -4 -2  1  0 -3 -3 -2    3   7   4  22   0  13  14   5   1   1   2   2   3   0   2  10   5   0   1   3  0.39 0.31
  408 V   -2 -5 -7 -7 -4 -5 -6 -7 -7  5  4 -5  2 -3 -6 -6 -4 -3 -5  3    3   0   0   0   0   0   0   0   0  30  41   1   5   1   0   0   1   0   0  18  1.20 0.60
  409 R    0  3 -3 -5 -4 -1 -2 -3 -2  1  3  1  1 -1 -5 -2 -1 -3 -1  0    9  21   0   0   0   2   2   1   1   6  31   7   4   3   0   2   4   0   2   6  0.40 0.32
  410 R   -2  4  2 -1 -4  0  3 -3  0 -1 -2  0  1 -2 -4 -1  1 -4 -2 -2    3  22   9   3   0   4  19   2   2   4   4   5   4   2   0   4  10   0   2   3  0.36 0.31
  411 G   -2  4  1  2 -6  2  4 -2 -2 -5 -5  1 -5 -6 -5  0 -2 -6 -4 -5    2  24   6  13   0   9  25   4   1   0   1   7   0   0   0   6   2   0   0   0  0.75 0.48
  412 L   -3  1 -2 -6 -8  1 -3 -6 -4 -7 -4  8 -4 -8 -6 -4 -5 -8 -7 -7    2   6   1   0   0   5   1   0   0   0   2  81   1   0   0   0   0   0   0   0  2.20 1.03
  413 T    4 -6 -5 -6 -5 -5 -5 -4 -6  0 -2 -5 -4 -5 -5 -2  4 -7 -6  4   40   0   0   0   0   0   0   0   0   5   3   0   0   0   0   2  24   0   0  25  1.09 0.66
  414 I   -2 -4 -5 -7 -5 -4 -5 -6 -6  4  4 -5  3  2 -6 -4 -2 -3 -1  3    3   1   0   0   0   1   0   0   0  19  38   0   7   7   0   0   2   0   1  20  0.90 0.49
  415 A    1 -2  0  6 -7  1  3 -3 -3 -6 -6  0 -5 -6 -5 -2 -3 -7 -6 -5   12   2   4  43   0   5  20   2   0   0   0   6   0   0   0   3   1   0   0   0  1.07 0.61
  416 A   -2  2 -5 -5 -4 -3 -4 -5  1 -1  2 -1  0  6 -6 -4 -3  6  1 -1    3  11   0   0   0   1   1   0   3   2  19   4   2  32   0   1   1  10   5   4  0.88 0.50
  417 V   -3 -7 -7 -8 -4 -6 -7 -7 -7  3  6 -7  0 -3 -7 -6 -4 -6 -5  2    2   0   0   0   0   0   0   0   0  16  64   0   2   0   0   0   0   0   0  15  1.46 0.71
  418 V   -1 -1 -4 -4 -3 -3 -1 -4 -4  2  3  1  2 -1 -5 -3 -1 -3 -1  3    5   3   0   0   0   1   4   1   0  12  24   8   5   2   0   1   4   0   2  26  0.42 0.31
  419 H    0 -1 -1  3 -6  1  5 -1 -2 -6 -5  0 -5 -6 -5  1 -2 -6 -5 -5    9   3   3  16   0   5  40   5   1   0   1   5   0   0   0  10   1   0   0   0  0.83 0.53
  420 A   -1  2  4 -2 -4  2  0 -3  3  1 -2  2 -2 -4 -4  0 -1 -2 -1 -3    5   9  19   1   0   9   6   2   9   9   4  14   1   0   0   8   2   1   2   1  0.36 0.31
  421 A    6 -6  0 -5 -2 -5 -5 -3 -6 -3 -4 -5 -3 -6 -5  0 -3 -7 -6  2   70   0   4   0   1   0   0   1   0   1   1   0   0   0   0   6   1   0   0  13  1.47 0.79
  422 T   -2  0  1  0 -5  1  2 -4 -2 -2 -4  4 -3 -5 -4 -1  3 -6 -5  1    2   3   6   4   0   7  13   1   1   2   0  31   0   0   0   5  16   0   0   9  0.56 0.41
  423 V   -1 -4 -5 -5 -4 -4 -4 -2 -5  5 -1 -3 -1  0 -2 -4 -2 -3 -2  5    5   1   0   0   0   1   1   3   0  34   3   1   1   4   2   1   2   0   1  38  0.94 0.49
  424 T   -2 -1 -1 -2 -4 -1  2 -3 -3  0 -2  2 -2 -4 -3  0  4 -5 -4  2    2   3   2   1   0   1  13   1   0   6   2  14   1   0   1   6  27   0   0  17  0.43 0.34
  425 D   -3 -4 -2  5 -6 -2  5 -2 -3 -3 -4 -1 -4 -5 -2 -2 -1 -4 -3 -3    1   0   1  34   0   1  40   3   0   2   2   2   0   0   2   2   3   0   1   2  1.07 0.56
  426 T    1 -1 -2 -2 -3 -1  2 -1 -3 -1 -3  2 -2 -3  1 -1  1 -4 -3  3   11   2   1   2   0   2  18   5   0   2   1  14   1   1   7   4   9   0   0  21  0.27 0.26
  427 D    1 -2  0  3 -4  0  4 -2 -2 -3 -4  2 -3 -3  1  0  0 -4 -3 -3   12   1   3  15   0   3  27   2   0   1   1  12   0   1   8   7   5   0   0   1  0.45 0.30
  428 G    1 -1 -2 -2 -3 -1  0  4 -3 -3 -2  0 -1 -3  1 -1 -1 -3 -3  0   10   3   1   2   1   2   6  40   0   1   3   6   2   1   8   3   4   0   0   8  0.45 0.26
  429 N    1 -1  3  0 -3  0  2 -1 -2 -3 -3  1 -2 -4 -1  1  1 -4 -3 -2   13   2  16   3   0   4  18   4   0   1   1   9   1   0   2  10  11   0   0   2  0.31 0.23
  430 V    1 -1 -2 -1 -3 -1  2 -2 -2 -2 -2  1 -2  0  3  0  1 -3 -1  0   13   2   1   3   0   1  17   2   1   2   4   8   0   5  16   6   9   0   3   8  0.24 0.20
  431 I   -1 -2 -2  1 -3  0  1 -2 -3  2  0 -1  0 -2  0 -1  0 -3 -2  3    5   1   1   8   0   4  12   2   0  10  10   3   2   1   5   2   4   0   1  28  0.20 0.19
  432 D   -1 -2  1  5 -4 -1  4 -2 -3 -4 -4 -1 -4 -5  0  0 -2 -3 -4 -3    5   2   5  38   0   2  24   2   0   1   1   2   0   0   5   8   2   0   0   2  0.77 0.40
  433 T    1  0 -2 -1 -2  0  0 -1 -1  0  1  0  0 -1  2  0  0 -2 -1  0   11   6   1   3   0   3   9   3   1   4  22   4   1   2  10   6   6   0   1   6  0.09 0.11
  434 M    1 -1 -1  1 -3  1  2  0 -2 -2 -1  0  2 -3  0  2  0 -1 -3 -1   13   3   2   8   0   5  16   5   0   2   4   7   7   1   3  15   4   1   0   3  0.17 0.17
  435 E    2  0 -2  2 -4  0  4 -2 -1 -2 -2  1 -2 -4  0  0 -1 -4 -3 -1   19   4   1  10   0   3  30   3   1   2   3   7   1   0   4   4   3   0   0   3  0.37 0.27
  436 F    1 -1 -1 -1 -1 -1  0  0 -1  0  1  0  0  1  1  0  0 -2 -1  0   12   3   1   3   1   2   8   6   2   5  18   5   2  10   8   4   5   0   1   6  0.05 0.07
  437 F    0  0 -1  0 -2  1  2 -1 -1  0  0  0  0  0  2  0  0  0 -1 -1    6   7   2   4   1   5  17   3   1   5   8   5   2   4  10   8   3   1   1   5  0.10 0.09
  438 G    1  0  0  1 -3  0  2  2  0 -3 -2  0 -2 -3  2  0  0 -4 -2 -1   14   4   4   7   0   4  15  15   2   1   4   4   1   0   9   5   6   0   1   3  0.20 0.15
  439 P    1 -1 -1  1 -4 -1  1 -1 -2 -4 -4  0 -2 -5  5  0  0 -5 -4 -2   13   2   2   7   0   2  11   4   1   1   0   7   1   0  34   8   5   0   0   2  0.65 0.34
  440 S    2 -1 -1  1 -3  1  3  0 -1 -3 -2  0 -3 -4  1  2  1 -4 -3 -2   18   2   2   8   0   5  19   5   2   1   3   4   0   0   8  14   7   0   0   2  0.28 0.22
  441 G    2 -1  0  1 -3  0  2  1 -1 -3 -3  0 -3 -4  2  0  0 -4 -3 -2   18   2   3  10   0   4  16  12   1   0   2   6   0   0   9   8   4   0   0   3  0.27 0.20
  442 E    0 -2 -2  2 -5  1  5 -2 -1 -3 -4  0 -4 -4 -1 -1  0 -5 -4 -2    6   1   1  11   0   5  49   2   2   2   1   5   0   0   3   4   5   0   0   3  0.77 0.43
  443 Q    0 -2  0  2 -5  1  4 -1 -3 -3 -4  0 -4 -5  1 -1  1 -5 -4 -2    9   1   4  13   0   6  35   4   0   1   0   5   0   0   6   3   8   0   0   3  0.52 0.34
  444 A    3 -2 -1 -1 -1  0  2  0 -1 -3 -3  1 -3 -4  1  1  0 -5 -4 -1   31   0   2   3   1   4  14   6   1   1   1   8   0   0   7  10   6   0   0   5  0.30 0.26
  445 A    2 -2 -1  1 -2  0  3  0 -3 -2 -4 -1 -2 -4  1  1  1 -5 -4 -1   23   1   2   9   1   3  21   8   0   2   0   3   0   0   8   8   8   0   0   4  0.34 0.26
  446 E    1 -2 -2  3 -5  0  5  0 -1 -5 -4 -1 -4 -4 -2  0  0 -5 -4 -3   12   1   1  15   0   3  38   7   2   0   1   3   0   0   1   8   7   0   0   1  0.60 0.37
  447 D    1 -2  0  4 -5  0  4  0 -2 -4 -4  0 -4 -5  0 -1  0 -5 -4 -2   12   1   4  25   0   2  28   6   1   1   1   4   0   0   4   4   5   0   0   3  0.54 0.33
  448 S    1 -2  0  1 -3  1  2 -2  0 -3 -3  0 -2 -4  3  1  1 -5 -3 -1   15   0   3   6   0   5  17   2   2   1   2   5   1   0  14  11  11   0   0   4  0.32 0.24
  449 A    3 -3 -1  0 -3  0  1  1  0 -2 -3 -1 -2 -4  1  1  0 -5 -4  0   33   0   2   6   0   3   8   9   2   2   0   4   0   0   8   9   5   0   0   8  0.31 0.25
  450 E    2 -2 -1  3 -4  1  4 -1 -2 -4 -4  0 -4 -5 -1  0  1 -5 -4 -1   17   1   1  15   0   4  33   5   0   0   0   4   0   0   3   6   7   0   0   4  0.50 0.33
  451 E    0 -2 -1  2 -4  1  4  0 -1 -3 -3  0 -3 -4 -1  0  1 -5 -4 -2   10   1   1  12   0   7  35   6   1   1   1   5   0   1   2   7   8   0   0   2  0.46 0.30
  452 S    2 -1 -1  2 -3 -1  3  0 -2 -3 -3  1 -2 -4  0  2  1 -5 -4 -1   18   1   2  10   0   1  21   5   1   1   1   8   1   0   5  16   9   0   0   4  0.31 0.24
  453 T    1 -2  0  1 -3 -1  3  0 -1 -1 -2  0 -2 -4  0  0  2 -4 -3  0   16   0   3   9   0   1  22   6   1   3   2   6   0   0   5   3  13   0   0   9  0.23 0.21
  454 D    1 -2  0  4 -4  0  3 -1 -2 -3 -4  0 -3 -5  0  1 -1 -5 -4 -2   16   1   4  25   0   2  20   3   1   1   1   6   0   0   4  11   3   0   0   3  0.43 0.27
  455 A    2 -1 -1  1 -3  1  3  0 -1 -3 -3  0 -1 -4  1  1 -1 -4 -3 -1   17   1   0   9   0   7  21   6   1   0   1   6   1   0   8  14   2   0   0   4  0.30 0.23
  456 A    4 -2 -1  2 -3 -2  1  0 -3 -2 -3  0 -3 -4 -1  1  1 -5 -4 -1   37   1   1  13   0   1   8   7   0   1   1   5   0   0   3  10   9   0   0   3  0.39 0.28
  457 E    1 -2 -1  2 -4  1  4 -1 -1 -2 -4  0 -3 -5  0  0  0 -5 -4 -3   10   1   1  13   0   6  38   3   1   3   0   4   0   0   5   6   6   0   0   1  0.53 0.32
  458 G    2 -1 -2  1 -1  1  0  2 -3 -2 -3  0 -2 -3  1  2  1 -4 -3  0   18   2   0   7   1   7   5  14   0   1   1   4   0   1   8  15  12   0   0   7  0.24 0.19
  459 E    2  0 -1  2 -4  1  4 -1 -2 -2 -3  1 -3 -4  0  0  0 -4 -4 -1   17   3   2  10   0   5  31   4   0   2   1   8   0   0   3   5   5   0   0   4  0.36 0.24
  460 A    3 -2  0  1 -3  0  2  0 -1 -3 -3  1 -3 -4  1  1  1 -4 -3 -1   28   0   4   7   0   2  13   6   1   0   1   8   0   0   6  11   7   0   0   4  0.29 0.21
  461 A    3 -2 -1  0 -3  0  2  1 -1 -3 -3 -1 -3 -4  1  1  0 -4 -3  0   32   1   2   3   0   2  16   8   1   0   1   3   0   0   6  13   6   0   0   6  0.31 0.23
  462 E    0 -2 -1  2 -5  1  5 -3 -1 -4 -4  0 -4 -5 -1  0  1 -5 -4 -2    6   1   2   9   0   6  53   1   1   0   1   4   0   0   2   4   8   0   0   2  0.79 0.39
  463 D   -1 -2  1  4 -4  0  3 -1 -1 -2 -3  1 -3 -2  0  1  0 -4 -3 -2    4   0   6  25   0   2  21   4   1   2   1   9   0   2   5  10   7   0   0   2  0.39 0.22
  464 A    2 -2 -1  0 -3  0  1  0 -1 -1 -3  1 -3 -4 -2  3  2 -4 -3 -2   21   0   2   4   0   2  10   6   1   3   0   9   0   0   1  24  16   0   0   1  0.32 0.23
  465 D    1 -2 -1  4 -4  0  3 -1 -2 -4 -2  0 -3 -4 -1  1  1 -5 -4 -3   15   0   1  27   0   2  22   4   0   0   3   4   0   0   2  11   9   0   0   0  0.46 0.25
  466 D   -1 -2  2  4 -5  1  4 -1 -2 -3 -5  0 -4 -5 -1  0 -1 -5 -4 -4    4   0   8  27   0   4  38   5   0   1   0   4   0   0   2   5   1   0   0   0  0.70 0.30
  467 T    0 -2  0  4 -3  0  3 -2  0 -3 -2 -1 -3 -4 -3  0  3 -4 -3 -3    8   0   2  27   0   2  19   2   2   0   4   2   0   0   0   2  28   0   0   0  0.47 0.23
  468 D   -1 -2  2  5 -4 -1  4 -1 -2 -4 -5  0 -4 -5 -1 -1 -1 -5 -4 -4    3   0   8  41   0   0  33   5   0   0   0   3   0   0   2   3   3   0   0   0  0.79 0.25
  469 K   -2  0 -1  2 -5  3  5 -3 -1 -4 -4  3 -3 -4 -2 -1 -2 -4 -3 -4    0   0   0   8   0  16  56   0   0   0   0  20   0   0   0   0   0   0   0   0  0.87 0.23

                      K         Lambda
Standard Ungapped    0.1293     0.3098
Standard Gapped      0.0410     0.2670
PSI Ungapped         0.2008     0.3175
PSI Gapped           0.0614     0.2670
