
Last position-specific scoring matrix computed, weighted observed percentages rounded down, information per position, and relative weight of gapless real matches to pseudocounts
           A  R  N  D  C  Q  E  G  H  I  L  K  M  F  P  S  T  W  Y  V   A   R   N   D   C   Q   E   G   H   I   L   K   M   F   P   S   T   W   Y   V
    1 M   -5 -6 -7 -8 -6 -5 -6 -7 -6 -3 -2 -6 11 -4 -7 -6 -5 -6 -5 -4    0   0   0   0   0   0   0   0   0   0   0   0 100   0   0   0   0   0   0   0  3.61 1.03
    2 A    4 -2  0 -1 -4 -1  3 -2 -3 -4 -4  2 -3 -5 -2  1  0 -5 -4 -3   35   0   4   2   0   1  22   1   0   0   0  15   0   0   1  10   7   0   0   0  0.59 0.36
    3 V   -4 -6 -3 -4 -4 -5 -5 -6 -6  7 -2 -4 -2  0 -6 -3 -3 -5 -3  4    0   0   1   1   0   0   1   0   0  64   1   1   0   4   0   2   0   0   0  23  1.45 0.57
    4 T   -2 -4  1  0 -4 -2 -3 -4 -3 -3 -4 -2 -4 -5 -2  4  5 -6 -4 -3    1   0   7   6   0   1   1   0   1   1   0   2   0   0   2  33  44   0   0   1  1.05 0.55
    5 A    5 -4 -3 -5 -3 -4 -4 -3 -5  1 -1 -1  3 -3  0 -1  0 -5 -4  0   55   0   1   0   0   0   0   0   0   8   5   3   9   0   4   3   6   0   0   6  0.78 0.45
    6 A    3 -2  0  1 -4  2  3 -2 -2 -4 -3  2 -3 -4 -3  1 -1 -5 -4 -3   25   1   5   7   0  10  17   1   0   0   2  15   0   0   0  13   2   0   0   1  0.46 0.31
    7 Q   -1 -3 -2  3 -4  2 -1 -5 -3 -2  3  0  5 -3 -5 -2 -2 -5 -4 -2    5   0   1  18   0   9   3   0   0   1  35   5  18   0   0   2   2   0   0   2  0.62 0.39
    8 V   -4 -6 -6 -6 -4 -6 -6 -7 -6  5  0 -6 -2 -4 -6 -5 -3 -6 -5  6    0   0   0   0   0   0   0   0   0  34   7   0   0   0   0   0   0   0   0  58  1.59 0.62
    9 K   -1  0  0 -4 -6  1 -3 -3 -4 -5 -5  7  2 -6 -5 -2 -3 -6 -4 -4    4   4   4   0   0   5   0   1   0   1   1  72   5   0   0   2   1   0   1   1  1.51 0.66
   10 E    0 -1 -1  0 -5  3  5 -4 -3 -4 -4  3 -4 -5 -4 -1 -1 -4 -4 -4    9   2   3   4   0  13  38   0   0   1   1  22   0   0   0   3   2   0   0   1  0.80 0.43
   11 L   -5 -5 -7 -7 -5 -6 -7 -7 -7 -2  7 -6 -1 -2 -7 -6 -5 -5 -5 -2    0   0   0   0   0   0   0   0   0   1  94   0   1   1   0   0   0   0   0   2  2.01 0.76
   12 R   -6  9 -5 -6 -8 -2 -5 -7 -5 -7 -7 -2 -4 -7 -6 -5 -6 -7 -6 -7    0  97   0   0   0   1   0   0   0   0   0   1   0   0   0   0   0   0   0   0  2.90 1.00
   13 E    0 -2  1  4 -6  2  5 -2 -2 -4 -4  1 -4 -5 -4 -2 -2 -6 -4 -4    6   1   5  20   0   9  40   2   0   1   1   9   0   0   0   2   2   0   0   1  0.82 0.43
   14 K    0  4 -3 -3 -4  1  1 -4 -3  0 -1  4  2 -4 -4 -1 -1 -5 -3 -2    9  24   0   0   0   6   7   0   0   5   7  27   7   0   0   3   3   0   1   2  0.54 0.34
   15 T   -4 -5 -4 -5 -5 -5 -5 -6 -6 -4 -5 -4 -4 -6 -5  1  8 -7 -6 -4    0   0   0   0   0   0   0   0   0   0   1   0   0   0   0   9  88   0   0   0  2.28 0.92
   16 G   -3 -4  0  1 -5  0 -5  7 -3 -7 -6 -4 -6 -5 -5 -1 -5 -6 -6 -6    1   1   5   8   0   4   0  74   0   0   1   1   0   1   0   5   0   0   0   0  1.64 0.65
   17 A    6 -4 -5 -5 -1 -2 -4 -3 -5 -1  0 -4 -2 -2 -4 -1 -3 -5 -1  2   65   0   0   0   1   1   0   0   0   3   8   0   1   2   0   3   1   0   2  12  1.07 0.55
   18 G   -2 -3 -4 -5 -6 -4 -5  6 -5 -7 -7 -4 -6 -7  4  0 -4 -6 -6 -6    2   2   0   0   0   0   0  65   0   0   0   0   0   0  21   7   1   0   0   0  1.65 0.66
   19 I   -5 -6 -7 -7 -5 -5 -6 -7 -6  4  0 -6  9  2 -5 -6 -4 -5 -3  0    0   0   0   0   0   0   0   0   0  24   7   0  54   8   1   0   0   0   1   6  1.91 0.75
   20 M   -2 -5 -4 -6 -5 -3 -6 -2 -6 -1  1 -1  9 -4 -6 -1 -2 -6 -5  0    3   0   0   0   0   1   0   4   0   3   9   4  61   0   0   6   2   0   0   7  1.73 0.74
   21 D   -2 -4  0  7 -7 -1  3 -5 -2 -7 -4 -2 -6 -7 -5 -3 -4 -7 -6 -5    3   1   3  63   0   3  21   0   1   0   2   2   0   0   0   1   0   0   0   0  1.64 0.69
   22 A   -1 -8 -8 -8 11 -8 -8 -7 -8 -4 -6 -8 -6 -7 -8 -4 -5 -7 -7  0    4   0   0   0  88   0   0   0   0   1   0   0   0   0   0   1   0   0   0   6  3.74 1.15
   23 K   -5  0 -4 -5 -8 -1 -4 -6 -4 -6 -7  8 -4 -8 -6 -5 -5 -7 -6 -5    0   3   1   0   0   3   0   0   0   0   0  92   0   0   0   0   0   0   0   1  2.48 0.96
   24 R   -1  2  1 -2 -6  1  0 -4 -3 -5 -5  7 -4 -6 -5 -1 -1 -6 -5 -5    5   7   6   1   0   5   6   0   0   0   1  61   0   0   0   3   3   0   0   0  1.24 0.60
   25 A    7 -6 -6 -6 -3 -5 -5 -4 -6 -5 -5 -5 -2 -4 -5 -3 -4 -7 -5 -3   94   0   0   0   0   0   0   0   0   0   1   0   1   1   0   1   1   0   0   1  2.17 0.91
   26 L   -6 -6 -8 -8 -6 -6 -7 -8 -7 -1  7 -7 -1 -4 -7 -7 -5 -6 -5 -2    0   0   0   0   0   0   0   0   0   1  97   0   0   0   0   0   0   0   0   1  2.21 0.85
   27 V    0 -2 -1  0 -4  2  3 -3 -3  1 -1  0  0 -3 -3 -1  2 -5 -4  2    7   1   2   4   0   8  24   1   0   9   3   6   2   0   0   4  13   0   0  14  0.31 0.26
   28 E    1 -2 -2  0 -4  1  7 -5 -2 -7 -5  0 -4 -6 -5 -2 -4 -7 -6 -4   12   1   2   3   0   4  66   0   1   0   1   5   0   0   0   3   0   0   0   1  1.40 0.67
   29 T    4 -4  1 -4  3 -4 -3 -4 -1 -4 -5 -3 -2 -2 -4  2  4 -6 -5 -2   39   0   6   0   6   0   1   0   1   0   0   1   1   2   0  16  24   0   0   3  0.84 0.50
   30 D   -1 -3  5  4 -3  0  2  2 -1 -6 -6  1 -5 -5 -4 -1 -3 -6 -5 -5    5   0  25  21   1   3  12  18   1   0   0   9   0   0   0   3   0   0   0   0  0.76 0.42
   31 G   -3 -5  1 -3 -4 -4 -4  7 -4 -8 -6 -5 -5 -6 -6 -4 -6  3 -2 -7    1   0   7   1   0   1   1  80   0   0   1   0   0   0   0   0   0   4   2   0  1.96 0.77
   32 N   -5 -5  4  8 -8 -4 -2 -5 -5 -5 -8 -4 -7 -8 -6 -3 -4 -9 -7 -7    0   0  16  77   0   0   2   0   0   1   0   0   0   0   0   2   1   0   0   0  2.28 0.88
   33 M   -3 -4 -4 -6 -4 -3 -1 -5 -3  4  2 -3  6  4 -4 -4 -3 -4 -1  1    2   0   1   0   0   1   4   0   1  26  16   1  21  15   1   1   1   0   2   7  0.81 0.42
   34 E   -1 -4 -1  5 -7  0  6 -5 -4 -5 -5  0 -6 -7 -4 -3 -2 -7 -6 -4    6   0   3  28   0   3  49   0   0   0   1   4   0   0   0   1   2   0   0   1  1.29 0.62
   35 A    2  1 -2 -2 -3  1  2 -3 -3 -4 -1  5 -3 -6 -4 -2 -2 -6 -5 -3   19   5   1   2   0   6  12   2   0   1   6  42   0   0   0   1   1   0   0   1  0.77 0.45
   36 A    7 -6 -6 -6 -5 -6 -6 -3 -6 -6 -6 -5 -6 -7 -6 -1 -5 -7 -7 -5   95   0   0   0   0   0   0   2   0   0   0   0   0   0   0   4   0   0   0   0  2.32 0.95
   37 A   -1 -1 -5 -4 -3 -1  1 -5 -3  5  0  0  1 -1 -5 -3 -1 -5 -2  3    3   3   0   0   0   3  10   0   0  36   6   7   4   3   0   0   3   0   1  21  0.59 0.35
   38 E   -1 -1 -1  4 -6  1  5 -4 -3 -3 -4  2 -4 -5 -4 -2 -1 -6 -4 -2    5   2   2  23   0   5  37   0   0   2   2  11   0   0   0   2   4   0   0   3  0.80 0.45
   39 L   -2 -5 -1 -4 -5 -4 -1 -6 -1  4  1 -4 -2  2 -6 -4 -4  8  3  0    3   0   4   1   0   0   4   0   2  25  15   1   0   6   0   1   0  21  11   6  0.97 0.46
   40 L   -5 -7 -8 -8 -6 -6 -7 -8 -7  1  7 -7  2 -2 -7 -7 -5 -6 -5 -2    1   0   0   0   0   0   0   0   0   5  88   0   4   1   0   0   0   0   0   2  1.97 0.78
   41 R   -4  8 -4 -6 -8  0 -2 -7 -3 -6 -5  2 -4 -7 -6 -4 -5 -7 -5 -6    1  78   1   0   0   4   2   0   0   0   1  11   0   0   0   0   0   0   0   0  2.21 0.86
   42 E   -2 -1 -3 -3 -6  1  4 -5 -4 -2 -3  6 -4 -6 -5 -3 -1 -6 -5 -1    3   2   0   1   0   5  24   0   0   3   2  50   0   0   0   1   4   0   0   5  1.08 0.56
   43 K   -2  2  0 -4 -5  2 -1 -5 -2 -4 -3  6 -1 -6 -5  0 -2 -1 -2 -6    3  12   5   0   0   9   3   0   1   1   2  55   1   0   0   5   1   1   1   0  1.12 0.56
   44 G   -2 -6 -1 -4 -7 -5 -6  7 -5 -6 -3 -6 -3 -3 -6 -1 -4 -7 -5 -6    2   0   3   0   0   0   0  81   0   0   3   0   1   2   0   5   0   0   0   0  1.91 0.76
   45 I    1 -2 -4 -4 -4  1 -2 -1 -3  3  3  0  2 -2 -4 -2 -2  1 -2  0   13   1   0   0   0   9   2   5   0  16  30   6   4   1   0   2   1   2   1   6  0.31 0.25
   46 A    5 -3  0 -2 -4 -2 -2 -1 -3 -1 -2  2 -2 -4 -4  1 -1 -5 -3 -1   50   0   4   1   0   1   2   3   0   4   4  14   1   1   0   9   2   0   0   3  0.64 0.41
   47 K    1  0 -1 -1 -5  0 -2 -3 -4  0 -3  5 -2 -4 -4  1  1 -5 -4  1   11   4   2   3   0   4   0   2   0   6   2  39   1   0   0   9   8   0   0   9  0.53 0.36
   48 A    6 -4 -4 -5 -4 -2 -4 -2 -5 -3 -2 -4  1 -5 -5  0 -3 -4 -2  0   71   1   1   0   0   2   0   2   0   1   4   0   4   0   0   5   1   0   2   5  1.27 0.62
   49 A    4 -3 -1  1 -3  0  2  0 -2 -2 -2 -2 -2 -4 -3  1 -1 -5 -3 -1   39   0   3   7   0   3  13   5   1   2   3   2   1   0   1  11   4   0   1   4  0.43 0.32
   50 K   -2 -1  0 -3 -7 -2 -3 -4 -5 -7 -6  7 -6 -7 -4 -1 -2 -7 -6 -5    3   2   5   1   0   1   1   1   0   0   0  78   0   0   1   5   2   0   0   0  1.88 0.78
   51 K   -2  5 -3 -4 -7 -3 -3 -6 -3 -4 -2  6 -3 -5 -5 -4 -3 -7 -3 -4    3  30   1   1   0   0   1   0   0   1   3  54   1   0   0   1   1   0   1   1  1.51 0.66
   52 A    5 -4 -1 -3 -4  0 -1 -1 -3 -3 -2 -2 -2 -4 -4  3 -1 -6 -4 -2   46   0   3   1   0   5   4   4   0   1   4   1   1   1   0  24   3   0   0   2  0.73 0.45
   53 D    0 -4  0  4 -2 -2  0  4 -2 -4 -5 -2 -4 -5 -5  2 -2 -6 -4 -4    6   0   3  28   1   1   5  29   1   1   0   2   0   0   0  16   2   0   0   1  0.76 0.41
   54 R   -3  8  1 -6 -4 -3 -5 -7 -3 -5 -5  1 -6 -5 -7 -3 -5 -7 -4 -6    2  77   7   0   0   0   0   0   1   1   1   7   0   0   0   2   0   0   1   0  2.12 0.83
   55 V    1 -2 -2  1 -4  0  3 -3 -2  1 -2  0 -2 -4 -2  0  1 -5 -4  1   12   1   1   7   0   2  22   1   1  11   3   6   1   0   2   8  10   0   0  13  0.26 0.23
   56 A    5 -5 -2 -5 -5 -4 -5 -5 -4 -4 -4 -5  0 -6 -4 -1  5 -6 -6 -1   52   0   2   0   0   0   0   0   0   1   1   0   2   0   1   3  35   0   0   4  1.33 0.66
   57 A    3 -1  2 -2 -3 -2 -1  0 -2 -4 -3  2 -3 -4 -3  3  1 -4 -4 -2   29   2  10   2   0   1   2   5   1   0   2  15   0   0   0  19   7   0   0   2  0.47 0.33
   58 E   -2 -4  0  1 -4  2  7 -5 -1 -7 -7 -3 -3 -5 -5 -2 -4 -7 -6 -5    3   0   4   7   0   8  72   0   1   0   0   1   1   1   0   2   0   0   0   0  1.74 0.76
   59 G   -5 -4 -5 -6 -8 -7 -4  8 -7 -9 -9 -6 -8 -8 -7 -5 -7 -8 -8 -8    0   1   0   0   0   0   1  98   0   0   0   0   0   0   0   0   0   0   0   0  2.82 0.99
   60 L    0  2 -3 -5 -1 -2 -3 -3 -3  2  3 -2  1 -2 -5 -1 -1 -3 -1  2    7  12   1   0   1   1   0   2   0  11  32   2   3   0   0   4   4   0   2  18  0.39 0.26
   61 T   -2 -6 -7 -7 -2 -6 -6 -7 -7  6  0 -6 -2 -3 -6 -4 -1 -6 -5  5    3   0   0   0   1   0   0   0   0  39   6   0   0   1   0   1   4   0   0  46  1.47 0.60
   62 G    3 -2 -1 -3 -1 -3 -2  3  0 -2 -1 -1 -2  2 -4  0 -1 -1  1  0   28   1   2   1   1   0   2  20   2   2   5   4   1   8   0   6   3   1   5   9  0.30 0.24
   63 I    1 -4 -4 -3 -1 -3 -3 -4 -5  4  1 -4  0  0 -4  0  0 -2 -2  4   13   0   0   1   1   1   1   1   0  25  10   0   2   3   0   8   6   1   1  27  0.52 0.30
   64 A    3  0 -1 -2  0 -1 -2 -2  1 -2 -2  2 -2 -1 -4  2 -1 -1  4  0   24   4   2   1   2   2   2   1   3   2   3  12   1   2   0  14   2   1  16   6  0.31 0.25
   65 V    0 -1 -1 -1 -2  0  0 -2 -1  2 -1 -1 -1 -2 -1  0  1 -4 -2  3   10   2   2   4   1   4   6   2   1  16   4   4   1   1   3   7   8   0   1  23  0.15 0.15
   66 N   -1 -2  3  5 -3 -1  1  0  2 -4 -4  0 -3 -3 -4  1  0 -5 -3 -4    4   1  12  35   1   1   7   6   5   1   1   6   0   1   0  12   4   0   1   1  0.61 0.32
   67 G    0 -1  2  2 -1 -1  0  4 -1 -5 -4  0 -3 -3 -1  0 -2 -4 -3 -4    5   3   9  13   2   2   7  40   1   0   1   5   0   1   2   5   1   0   1   1  0.54 0.26
   68 N   -2  1  4  2 -2  0 -1  1  0 -4 -3  3 -2 -4 -2  0  1 -4 -3 -4    2   9  20  10   1   4   2   9   2   1   1  22   1   0   1   7   8   0   1   0  0.40 0.23
   69 V    0  1  0 -1  0  0 -1 -1 -1  0 -1  2 -1  0 -2  1  1 -2  0  0    7  10   4   1   2   4   3   3   1   6   4  17   1   4   0  11   9   1   3   9  0.09 0.10
   70 A    4 -3 -2 -3 -1 -3 -3  5 -4 -1 -2 -3 -2 -2 -3 -1 -1 -2 -2 -1   35   1   1   0   1   0   1  42   0   3   2   1   1   1   0   2   3   1   1   5  0.70 0.30
   71 A    3 -3 -3 -4 -1 -3 -3 -1 -2  1 -1 -2 -1 -1 -3  1  1 -4 -1  3   36   0   0   0   1   0   0   4   1   7   4   1   1   2   0  10   7   0   1  25  0.39 0.24
   72 I   -1 -4 -3 -5 -1 -3 -4 -3 -4  4  3 -4  5 -1 -4 -3 -2 -4 -2  1    5   0   1   0   1   1   0   2   0  29  29   0  21   1   0   0   1   0   1   8  0.66 0.27
   73 V   -1 -4 -4 -5 -1 -4 -4 -3 -4  3  2 -4  0  0 -4 -3 -1 -1 -2  5    4   0   0   0   1   0   0   2   0  19  15   0   1   3   0   1   2   1   1  50  0.68 0.27
   74 E   -1 -2 -2  0 -3  1  6 -2 -1 -4 -3 -1 -2 -4 -2 -1 -2 -5 -3 -2    3   1   1   2   1   3  72   3   1   1   2   3   1   1   1   3   1   0   1   2  1.11 0.40
   75 L   -2 -4 -5 -5 -1 -3 -4 -5 -5  3  4 -4  1 -1 -4 -4 -2 -4 -3  4    1   0   0   0   1   1   0   0   0  19  39   0   3   2   0   0   1   0   0  33  0.77 0.28
   76 N   -1  0  6 -1 -1  0 -1 -1 -1 -4 -1  0 -2 -3 -4  1 -1 -5 -3 -3    4   5  56   1   1   3   1   3   1   0   7   4   1   1   0   8   2   0   1   1  0.79 0.33
   77 S   -1 -5 -4 -5 10 -5 -5 -5 -5 -2 -4 -5 -4 -3 -5  3 -1 -5 -5 -2    3   0   0   0  68   0   0   0   0   1   0   0   0   1   0  21   3   0   0   2  2.21 0.57
   78 E   -4 -3 -1  0 -7  2  7 -5 -3 -6 -6 -2 -5 -6 -4 -3 -4 -6 -5 -5    0   0   3   2   0   6  89   0   0   0   0   0   0   0   0   0   0   0   0   0  1.90 0.57
   79 T   -3 -4 -3 -4 -4 -4 -4 -4 -5 -4 -4 -4 -4 -5 -4  1  7 -6 -5 -3    0   0   0   0   0   0   0   0   0   0   0   0   0   0   0  10  90   0   0   0  1.90 0.60
   80 D   -1 -4 -1  8 -6 -3  1 -4 -1 -6 -6 -3 -5 -6 -1 -2 -3 -7 -6 -5    7   0   1  82   0   0   5   0   1   0   0   0   0   0   2   1   1   0   0   0  1.78 0.51
   81 F   -5 -5 -5 -6 -5 -3 -5 -6 -4 -2 -2 -5 -3  8  2 -3 -3 -2  1 -4    0   0   0   0   0   1   0   0   0   1   2   0   0  80  10   2   1   0   1   0  1.90 0.54
   82 V    0 -5 -5 -5  0 -4 -5 -5 -5  0 -1 -4 -2 -3 -5 -2 -1 -5 -4  6    7   0   0   0   2   0   0   0   0   1   4   0   0   0   0   2   4   0   0  80  1.24 0.44
   83 A    6 -4 -3 -4 -1 -2 -2 -1 -4 -3 -4 -2 -1 -4 -1  2  0 -5 -4 -2   71   0   0   0   1   1   1   2   0   1   0   1   1   0   2  13   4   0   0   2  0.97 0.39
   84 K   -1  5  1 -2 -5  0 -2 -3 -2 -3 -4  5 -2 -5 -4 -2 -2 -5 -3 -3    4  36   7   2   0   3   1   1   0   1   1  38   1   0   0   2   1   0   0   2  0.91 0.38
   85 N   -2 -3  7  0 -2 -3 -2 -1 -1 -4 -3 -3 -3 -5 -4  2  2 -6 -5 -3    1   1  56   3   1   0   1   5   1   1   2   1   0   0   0  12  14   0   0   1  1.12 0.45
   86 D    0 -2 -1  5 -5  0  4 -3 -2 -3 -4  0 -4 -5  0  0 -2 -5 -3 -4    7   1   2  31   0   2  36   1   1   1   0   4   0   0   5   6   2   0   1   1  0.78 0.34
   87 Q   -1  0  1  4  0  1  3 -1 -1 -2 -2  1  0 -3 -1 -1 -1 -5 -2 -2    4   4   5  30   2   4  20   4   1   3   3   8   3   1   2   2   2   0   1   2  0.39 0.21
   88 F   -6 -6 -7 -7 -2 -7 -7 -7 -5 -2 -2 -7 -1  9 -7 -6 -6 -3  0 -3    0   0   0   0   1   0   0   0   0   2   3   0   1  90   0   0   0   0   1   1  2.62 0.73
   89 V   -1  1 -1 -3 -3  4 -1 -2 -1  2  0  3 -1 -2 -4 -2 -1 -3 -3  2    4   6   3   1   0  21   1   2   1  14   9  19   1   1   0   1   2   0   0  14  0.33 0.23
   90 A    2 -1  3  1 -3  1  2  0 -1 -3 -3  2 -3 -3 -3  0  0 -4 -3 -2   19   1  14   9   0   7  13   8   1   1   1  12   0   1   0   6   5   0   1   1  0.30 0.20
   91 L    0  0  0 -2  2  1  0  0 -1  0  0  0  1  1 -2  0  0 -2  1  0    6   6   6   0   6   6   6   6   0   6   6   6   6   6   0   6   6   0   6   6  0.04 0.09
   92 V    2 -1 -2 -3  2  0 -2  0  0  0  0  0  1  0 -3  0  0 -3  0  2   23   4   0   0   4   3   0   8   3   4   6   5   3   3   0   4   4   0   3  20  0.14 0.19
   93 K    0  1  2  1 -1  2  2 -1  1 -2 -2  2 -1 -2 -3  0 -1 -4 -1 -2   10   5  12   9   1   9  12   3   3   3   4  13   1   1   0   5   3   0   1   2  0.20 0.18
   94 E    0  1  1  2 -3  1  2 -1  0 -2 -2  2 -1 -2 -2  0  0 -4 -2 -2    8   6   8  13   0   7  12   3   2   3   2  14   2   2   1   7   6   0   1   3  0.19 0.16
   95 T   -1 -5 -5 -6  2 -5 -5 -6 -5  4  3 -5  1  1 -5 -2 -1 -4 -1  3    5   0   0   0   4   0   0   0   0  28  28   0   3   5   0   2   3   0   2  18  0.74 0.42
   96 A    4 -2 -2 -5  2 -2 -2  0 -1  0  1 -2  0 -2 -4  0  0 -5 -4  1   38   2   2   0   5   2   2   6   2   4  11   2   2   2   0   6   6   0   0  10  0.43 0.37
   97 E    1  0  1  2 -1  2  1 -1  0 -2 -1  2  1 -2 -2  0  0 -4 -2 -2   11   4   7  12   1   8  11   4   3   2   5  12   4   1   1   6   4   0   1   2  0.16 0.18
   98 L    0  0 -1 -1 -3  1  0  0  2  0  1  0  1  0 -1 -1  0  2  0  0   11   4   3   3   0   6   4   6   7   5  15   5   4   3   3   4   5   3   4   6  0.04 0.08
   99 I    2 -1 -4 -4  2 -1 -3 -1  0  2  0 -1  1  0 -1 -1  0  2  0  2   19   3   0   0   4   3   0   4   3  13   9   3   4   4   3   3   4   3   3  14  0.19 0.20
  100 A    2 -2 -1 -3  0 -1 -2 -2  0  0  3 -2  0  0 -2  0 -2 -4  0  0   16   2   3   2   2   2   2   2   3   5  30   2   2   4   2   6   2   0   3   7  0.24 0.24
  101 S    2  0  1  0 -1  1  2  0 -1 -2 -2  1 -1 -2 -1  0  0  0 -2 -2   16   3   8   6   1   6  13   6   2   2   3   9   2   1   3   7   6   1   2   3  0.14 0.17
  102 K    0 -1  2 -1  1  1  0 -1  2 -3 -2  1  0 -1 -2  1  0  0 -1 -1    9   2  11   3   3   7   6   6   6   1   4  10   3   2   2  12   6   1   2   4  0.14 0.17
  103 K    0 -1  2  1  1  0  1  1  1 -2 -2  2 -2 -1  1  0 -1 -4 -2 -2    6   3  12   9   3   4   8  11   3   2   3  11   1   4   6   5   4   0   1   3  0.16 0.17
  104 P    0 -2  0  0  0 -2  0  0 -1  0 -1 -2 -2 -1  4  0  0 -4 -1  0    9   2   5   5   2   2   6   8   1   7   5   2   1   3  21   8   5   0   2   8  0.24 0.22
  105 A    2 -1  0  1 -1  0  1  0 -1 -1 -1  0 -1 -2 -1  1  0 -1 -2  0   17   2   5   8   1   3   7   6   1   2   8   7   1   1   3  10   7   1   1   7  0.09 0.12
  106 T   -1 -3  2  4 -1 -2  0 -1 -2 -2 -2 -2 -1 -1 -1  2  2 -1 -1 -1    5   1   8  22   1   2   5   5   1   2   3   3   1   2   3  17  11   1   3   5  0.34 0.31
  107 N    0 -2  1  2 -1 -2  0 -1 -2  1  0  0  0 -2 -1 -1  0 -4 -1  3    7   1   6  10   1   2   6   5   1   9  10   5   2   1   3   4   5   0   2  20  0.14 0.15
  108 E    0 -4 -1  4 -2 -1  4 -3 -2 -2 -2  0 -1 -2 -2 -1 -2 -6 -3  0    8   1   3  19   1   3  30   2   1   3   5   5   2   2   2   4   2   0   1   6  0.55 0.41
  109 E   -1  0  0  0  2  0  0 -1  2  0 -1  0  2  1  0 -1  0  4  1 -1    5   5   5   5   5   5   5   5   5   5   5   5   5   5   5   5   5   5   5   5  0.09 0.08
  110 A    0 -1  0  0  1  0  1 -2  0  0  2 -1  1  0 -1 -1 -1  2  0  0    8   3   4   6   3   4   8   3   3   6  18   3   3   4   4   5   4   3   3   6  0.06 0.06
  111 L    0 -1  0  1  0  1  1 -2  0 -1  1  1  1  0 -1 -1 -1  1 -1  0    9   4   4   8   2   8   8   3   2   4  13   7   4   3   3   5   4   2   2   6  0.06 0.07
  112 A    3 -2  1  0 -1  1  1 -2  1 -2  0  1 -1 -2 -1  0 -1 -6 -2 -1   20   2   6   6   2   6   9   3   3   3  11   7   2   2   4   7   3   0   2   4  0.17 0.17
  113 L    0 -2  0 -1  0  0  0 -2  0  1  1  0  1  0  0  0 -1  1  0  0   10   2   4   4   2   5   6   3   2   8  16   5   3   4   5   8   3   2   3   6  0.05 0.06
  114 E    0 -1 -1  1 -1  1  1 -3 -1  0 -2  3 -1 -1  1 -1  0 -1  1  0    7   3   3   7   1   6   9   2   1   5   4  16   2   3   8   5   6   1   4   6  0.16 0.15
  115 T   -1 -1 -1  0 -1  0 -1 -1  0  0  0  1  2  1  2  0  0  1  1  0    6   3   3   6   1   4   4   4   2   5  10   8   5   5   9   7   6   2   5   5  0.06 0.06
  116 A    1 -2  0  2 -2 -1  1  1  0  1 -1 -1 -1 -1  0  0 -1 -1 -1 -1   10   2   5  13   1   3   9  10   2   7   6   5   1   3   6   7   3   1   2   5  0.10 0.09
  117 S   -1 -2  2  4 -6 -1  1  1 -1 -3 -3 -1 -1 -3  1  2 -1 -6 -3 -3    6   2   9  19   0   2   9  11   1   1   3   4   2   2   7  13   4   0   1   3  0.37 0.28
  118 G   -3 -4  1  2 -6 -1  1  5 -2 -3 -4 -1 -6 -3 -3  1 -3 -6 -3 -4    3   1   7  10   0   3  10  38   1   2   2   4   0   1   2  10   2   0   1   2  0.76 0.46
  119 I   -1  1 -1 -1 -5  0  2 -1  0  0 -1  4 -1 -3 -2  0  0 -5 -3 -1    4   7   3   4   0   5  11   6   2   5   7  23   2   1   2   6   5   0   1   5  0.29 0.21
  120 T   -2 -3 -1 -1 -3 -3 -2 -4 -3 -3 -4  1 -1 -3 -1  2  6 -7 -6 -3    3   2   4   4   1   1   4   2   1   2   2   7   1   1   4  14  43   0   0   2  0.96 0.61
  121 L   -2 -5 -5 -7 -3 -3 -7 -5 -3  4  2 -4  0  1 -4 -5 -3 -6 -3  6    3   1   1   0   1   1   0   1   1  18  17   1   2   5   1   1   2   0   1  44  1.15 0.60
  122 E   -1  0  0  1  1  1  4 -1  1 -1 -2  1  0 -4 -1  0 -1 -5 -4 -2    6   4   4   6   4   6  26   4   3   3   3   8   3   0   3   8   4   0   0   3  0.28 0.27
  123 A    0 -1  1  3  0  0  3 -1  0 -1 -2 -1  0 -1 -1 -1  0 -4 -1 -1    8   3   6  15   3   4  21   4   3   3   3   3   3   3   3   4   6   0   3   4  0.21 0.22
  124 E    1  0 -1 -1 -1  1  1 -2  0 -1  1  0  2  0 -2 -1  0  1  0  0   15   4   2   4   1   5   9   2   2   3  12   7   6   5   1   4   4   2   4   6  0.06 0.10
  125 L   -2  3 -5 -5  2 -1 -3 -4 -1  3  2 -1  0  0 -5 -3 -1  0 -1  2    4  14   0   0   4   2   2   2   2  19  21   3   2   3   0   2   3   1   2  14  0.44 0.32
  126 V    0 -1  2  1 -4  1  1 -2  0 -1 -1  2  0 -2 -1  0  2 -5 -2  0    8   2  12   6   0   6   8   2   2   4   4  12   2   1   2   4  16   0   1   6  0.19 0.22
  127 Q    1 -2  1  4 -5  1  4 -1  1 -3 -3 -1 -2 -2 -3 -1 -1 -6 -2 -3   10   2   6  20   0   6  28   4   3   1   3   2   1   2   1   5   4   0   1   1  0.51 0.41
  128 A    1 -2 -2 -3 -1  0 -3 -3  0  1  3  0  2 -1 -4 -2  0 -4 -1  1   14   2   2   1   1   4   2   2   2   5  36   6   4   2   0   1   6   0   2   8  0.34 0.31
  129 T    0 -2 -3 -4 -2 -2 -4 -3 -5  5 -1 -3  1 -1 -2  0  1 -5 -3  3    8   2   1   1   1   1   1   2   0  33   3   2   4   2   2   6   9   0   1  22  0.57 0.41
  130 A    4 -3  1 -3 -4  1 -3  3 -2 -1 -1 -4 -1 -3 -3  1 -2 -5 -3 -2   32   1   6   1   0   6   1  22   1   4   6   0   1   1   1  11   2   0   1   3  0.48 0.41
  131 T   -1  1 -1 -3 -5  0 -2 -4 -2  0 -3  5 -2 -4 -5  0  2 -6 -2  0    4   6   2   1   0   4   2   1   1   6   2  42   1   1   0   5  13   0   1   7  0.66 0.50
  132 I   -4 -6 -4 -7 -1 -6 -6 -7 -6  6  2 -3  1  1 -6 -3  1 -1 -3  2    1   0   1   0   1   0   0   0   0  44  19   2   4   6   0   2  10   1   1  10  1.01 0.59
  133 G   -3  3 -1 -3 -7 -2 -4  6 -2 -8 -8  1 -7 -8 -7 -2 -6 -7 -7 -8    1  13   3   1   0   2   1  67   1   0   0   9   0   0   0   2   0   0   0   0  1.67 0.85
  134 E   -3 -3 -6 -4 -9 -1  8 -8 -6 -9 -8 -5 -7 -9 -3 -6 -6 -8 -8 -8    2   2   0   0   0   2  93   0   0   0   0   0   0   0   2   0   0   0   0   0  2.70 1.23
  135 K   -4 -2  7 -4 -3 -3 -5 -4 -2 -7 -6  5 -6 -8 -4 -3 -3 -8 -7 -4    1   2  56   0   1   1   0   1   1   0   1  33   0   0   1   1   1   0   0   1  1.90 0.92
  136 I   -4 -6 -7 -7 -1 -4 -6 -7 -2  7  1 -6  5 -1 -6 -6 -1 -6 -5  2    1   0   0   0   1   1   0   0   1  54  10   0  15   2   0   0   4   0   0  11  1.46 0.67
  137 T    0  0  1 -1 -2  2  1 -2 -2 -1 -3  2 -2 -3 -4  1  1 -5 -3  2    7   5   6   2   1  12  10   2   1   2   1  11   1   1   0  11   7   0   1  20  0.25 0.26
  138 F   -2 -5 -4 -2 -2 -2 -3 -6 -5  4  3 -5 -1  2 -2 -3 -2 -5 -2  3    4   0   1   2   1   2   2   0   0  25  32   0   1   7   2   1   1   0   1  17  0.66 0.39
  139 R    0  6  0 -3 -6 -2 -2  2 -2 -4 -4  2 -3 -6 -3  0 -2 -6 -5 -4    7  42   4   1   0   1   1  18   1   1   1  11   1   0   1   8   2   0   0   1  0.87 0.52
  140 R   -1  6 -1 -1 -6 -1  0 -1  0 -2 -3  1 -5 -2 -2 -1 -2 -6 -1 -5    4  49   3   4   0   3   5   4   3   3   3   6   0   2   2   4   2   0   2   0  0.89 0.58
  141 F    1 -2 -1 -2  1 -2 -3 -1  0  1  0 -2  1  4 -2 -1 -2  2  3  1   12   2   3   2   3   2   0   4   2   8   8   3   3  16   2   3   2   3  10  12  0.23 0.21
  142 A    2  0 -1  0  1  0  1 -1  0  0 -2  1  0 -1 -3  0  1  1  0  0   17   4   3   4   3   3  12   4   3   6   3   8   2   3   0   4   8   2   3   8  0.09 0.14
  143 V   -1  3 -1 -2  1  0 -2 -3  0  0 -1  3  0  0 -2 -1  0  0  1  0    6  18   2   2   3   3   2   2   2   6   7  17   3   5   2   3   5   1   5   8  0.21 0.21
  144 I   -2 -2 -5 -6  0 -2 -2 -4 -1  3  3 -3  2  3 -6 -3 -3  2  3  2    3   2   0   0   2   1   3   2   2  15  24   1   5  11   0   1   2   3   8  14  0.53 0.35
  145 E   -1  0  0  0 -1  1  4 -3  0 -2 -3  1 -2 -2 -1  1  1 -1 -2 -2    4   6   4   5   1   7  24   2   2   2   2   9   1   2   3  12   8   1   1   3  0.31 0.29
  146 K   -1  0  0  0  2  0  0 -1  2  0 -1  0  2  1  0 -1  0  4  1 -1    5   5   5   5   5   5   5   5   5   5   5   5   5   5   5   5   5   5   5   5  0.09 0.08
  147 T    0  0  0  0  2  0  0  0  1  0 -1  0  1  0  0  0  0 -3 -1  0    5   5   5   5   5   5   5   5   5   5   5   5   5   5   5   5   5   0   0   5  0.00 0.07
  148 D    0  0  0  0  2  0  0 -1  1  0 -1  0  1  0  0  0  0  3 -2  0    5   5   5   5   5   5   5   5   5   5   5   5   5   5   5   5   5   5   0   5  0.05 0.09
  149 A    1 -1  1  0  0  0  0  2  1 -1 -2 -1  0  0 -1  0  0 -3  0 -1   12   3   7   5   3   5   6  20   3   3   3   3   3   4   3   6   5   0   3   5  0.11 0.13
  150 Q    0  0  0  0  2  0  0 -1  1  0 -1  0  1  0  0  0  0 -2  1  0    5   5   5   5   5   5   5   5   5   5   5   5   5   5   5   5   5   0   5   5  0.03 0.05
  151 H   -1 -1 -1 -2  0 -1 -2 -2  2  2  0 -1  1  2 -2  0  0  1  1  3    4   3   3   3   2   3   3   3   4  10   9   5   3   7   2   7   5   2   5  17  0.15 0.11
  152 F   -1 -2 -2 -2  1 -1 -2 -2  1  2  1 -2  0  2 -2 -1 -1  1  1  3    6   2   2   2   3   3   3   3   3  12  12   3   2   9   2   5   3   2   4  18  0.26 0.16
  153 G   -1 -2  0  0  2  0  0 -1  2  0 -1  0  1  0  0  0  0  3  1  0    5   0   5   5   5   5   5   5   5   5   5   5   5   5   5   5   5   5   5   5  0.07 0.11
  154 A    0 -2 -1  0  1 -1 -1  0  2 -1 -3 -2  0 -1  0  2  0  2  3 -2    8   3   4   4   3   3   4   8   5   4   3   3   2   3   6  15   6   2  10   4  0.15 0.18
  155 Y   -2 -1 -2 -3 -6  0 -3 -3  1 -1 -3 -3  1  0 -6 -1 -5 -4  8  0    4   3   2   2   0   4   2   2   3   4   3   2   3   2   0   5   0   0  50   8  1.30 0.76
  156 Q    0 -1  1  0  1 -1 -1 -2  5  0 -1 -1  0 -3 -1 -1 -1 -3  4  0    6   4   8   5   3   3   4   4  14   7   4   3   3   0   4   4   4   0  16   6  0.27 0.27
  157 H   -1 -1  0 -1 -5  0 -1 -1  7 -1 -2 -1  0  0 -1  0 -1  3  0 -1    4   3   5   3   0   4   3   4  32   4   4   3   3   4   4   6   4   3   3   4  0.62 0.44
  158 N    0 -1  2  1 -4  0  0  1  6 -1 -1 -1  1  0 -1 -1 -1 -4  0 -2    7   3  12   7   0   4   4   9  19   3   5   2   4   4   4   4   4   0   2   3  0.28 0.27
  159 G    0 -1  3  1  0 -1 -1  3 -1 -3 -2 -1  1 -2 -1  0  0 -5 -4 -2    6   3  18   8   2   3   3  26   1   2   3   3   5   2   3   6   5   0   0   3  0.35 0.31
  160 G   -1 -2  1 -1 -1 -2 -2  5  0 -2 -4  0 -1 -3  0  0 -1 -5 -1 -3    5   2   5   3   1   2   3  45   2   2   2   5   2   1   5   7   4   0   2   2  0.59 0.43
  161 K    0  0  0  0 -2  1  0  0  1  0 -1  0  1  0  1  0  0 -2  1  0    6   6   5   6   0   5   6   6   5   6   6   6   5   5   6   6   6   0   5   6  0.03 0.06
  162 I    0 -2 -1 -2  0 -1 -2 -1 -1  3  1 -1  1 -1  1  0 -1  0  0  1    7   2   2   2   2   2   2   6   2  20  13   3   3   2   7   9   4   1   3   9  0.10 0.13
  163 G    3 -2 -4 -4  1 -4 -4  5 -5 -2 -2 -4  0 -5 -1  0  0 -5 -5 -1   20   3   0   0   2   0   0  41   0   3   4   0   2   0   4   7   6   0   0   5  0.74 0.42
  164 V    2 -2 -4 -1  2  0 -4 -1 -4  1  0 -1 -3 -4 -4  0  0  1 -4  4   17   3   0   4   4   5   0   5   0   6   8   4   0   0   0   6   6   2   0  30  0.37 0.29
  165 V   -1 -4 -1 -2 -1 -2 -2 -2 -4  3  3 -1  2 -1 -2 -2 -1 -4 -1  2    4   0   3   3   1   1   2   3   0  17  30   4   5   2   2   2   3   0   2  15  0.35 0.25
  166 S    1 -2 -2  0  0 -2 -1 -1 -4  1  0 -2 -1 -2 -4  0 -1 -5 -4  5   12   2   2   6   2   1   4   4   0   5   7   2   1   2   0   7   4   0   0  39  0.40 0.32
  167 V    1 -1 -1  1  0  0  2 -1  0  0 -1  0 -1 -1 -2  0  0 -3  0  1   10   3   3   8   2   3  17   3   2   5   7   4   1   3   1   8   6   0   3  11  0.08 0.11
  168 V    0 -1 -1 -3  1  0 -1 -1  0  1  2 -1  1  1 -3 -1  0 -3  0  1    6   3   3   0   3   4   3   4   3   9  23   4   4   5   0   4   4   0   4  13  0.10 0.14
  169 E    0  0  1  1  0  0  1 -1  0 -1 -2  1 -2 -1  1  1  0 -3  0 -1    6   4   5   7   3   3  11   4   3   3   3  12   0   3   7  11   6   0   3   4  0.09 0.13
  170 G    0 -3  1  0  4 -1 -1  3  0 -1 -2  0 -1 -1 -1  1  0 -4 -1 -1    9   0   6   4   9   2   3  22   3   3   3   5   2   2   3  12   5   0   2   5  0.20 0.21
  171 A    1 -1  0  1  1  0  1  0  1 -1 -1  0 -2 -3  0  0  0 -3 -1 -1   12   3   5  10   3   3  10   9   3   4   4   6   0   0   4   7   5   0   3   5  0.07 0.10
  172 D    0 -1  2  2  1  0  0 -1  1 -1 -2  0 -2 -1  0  1  1 -4 -2 -1    8   3  10  16   4   3   5   5   3   3   4   5   0   3   5  10   8   0   0   3  0.13 0.16
  173 E    0 -1  0  3 -1  1  3 -2 -1 -3 -3  1 -1 -2  1 -1 -1 -4 -2 -2    9   3   4  16   1   7  22   2   1   2   3  10   2   1   6   4   3   0   1   2  0.30 0.28
  174 T    0 -1  0  3 -4  0  4 -2  0 -2 -3  0 -4 -2 -1  0  0 -5 -2 -2    7   2   5  16   0   4  28   3   2   2   2   5   0   2   2   8   7   0   2   3  0.37 0.34
  175 L    0 -4 -2 -3 -1 -2 -3 -3 -2  2  3 -2  1  2 -3 -2  0 -4 -1  2    7   0   2   1   1   1   1   1   1  10  34   3   2   8   1   2   5   0   1  18  0.39 0.31
  176 A    4 -3 -1 -3 -1 -2 -3  3 -4 -2 -1 -3  0 -5 -2 -1 -2 -5 -2 -1   42   1   2   1   1   2   2  24   0   3   7   1   2   0   1   3   2   0   1   4  0.61 0.48
  177 K   -2  3  0 -1 -5  0 -1 -2  3 -5 -3  5 -2 -3 -2  0 -1 -5 -2 -3    3  15   4   3   0   3   4   2   7   0   2  40   1   1   1   5   3   0   1   2  0.66 0.49
  178 Q   -3 -1  3  5 -5  2  2 -1  1 -4 -3  1 -2 -3 -2 -1 -2 -5 -2 -4    2   3  13  31   0   8  12   4   3   1   2   9   1   1   1   4   1   0   2   1  0.59 0.44
  179 V   -2 -5 -3 -4  1 -3 -3 -3 -5  5  3 -5  0 -1 -3 -3 -2 -5 -4  3    3   0   1   1   3   1   2   2   0  30  27   0   2   2   1   1   2   0   0  22  0.71 0.45
  180 S    6 -5 -5 -3  5 -3 -2 -1 -5 -4 -3 -4 -4 -5 -2  0 -1 -6 -5 -2   63   0   0   2  11   1   2   4   0   0   2   0   0   0   2   5   4   0   0   3  1.18 0.70
  181 M   -2 -3 -5 -6 -5  0 -1 -5 -3 -1  2 -3  9 -1 -3 -4 -3 -1 -3 -1    3   1   0   0   0   4   4   1   1   3  15   2  55   2   1   1   1   1   1   4  1.54 0.81
  182 H   -3 -2 -2 -4 -2  5 -2 -1  9 -4 -4 -2 -4 -5 -5 -3 -3 -5 -3 -1    2   2   1   0   1  27   2   5  46   1   2   2   0   0   0   1   1   0   0   5  1.65 0.84
  183 I    1 -1 -4 -2  0 -1 -3 -3 -4  5 -1 -2  0 -3 -4 -3 -1 -4 -3  4   10   3   0   2   2   2   1   1   0  37   4   2   1   0   0   1   2   0   1  25  0.66 0.42
  184 A    5 -4 -4 -4  0 -3 -2 -3 -4  0 -2 -2  0  0 -4 -1  0 -4 -1  2   49   0   0   0   2   0   2   1   0   4   3   2   3   4   0   3   7   0   2  18  0.67 0.47
  185 A    6 -3 -2 -3 -1 -4 -2  0 -4 -3 -2 -3 -2  1 -4  0 -2 -1 -3 -1   62   1   2   1   1   0   3   6   0   1   3   1   1   6   0   6   1   1   1   4  0.91 0.58
  186 M    2 -1  0 -2 -1 -2 -2 -1 -1 -2  0 -2  5  0 -3  1  1 -4 -1 -1   20   2   4   1   1   1   2   4   1   1   9   1  21   4   0  13   9   0   2   3  0.35 0.33
  187 N    0  1  4  1 -2 -1 -1 -1  0 -3 -2  2 -2 -3 -2  1 -1 -1  0 -3   10   8  21   8   1   2   3   3   2   1   3  17   1   1   1   9   3   1   4   1  0.31 0.26
  188 P   -2 -5 -2 -3 -5 -3 -4 -2 -5 -1 -4 -2 -1 -5  8 -3 -2 -6 -2 -1    3   0   2   1   0   1   1   4   0   3   2   2   2   0  68   2   2   0   1   4  1.79 0.82
  189 T    0  0 -1  0 -2  1  1 -2  0  0  1  1  0 -2  0  0  0 -3 -2  0    7   5   1   4   1   8   8   2   3   6  13  12   2   1   3   7   6   0   1   8  0.06 0.10
  190 V    2 -3 -2 -4  2 -3 -3 -1  0 -2 -2 -2 -1  3 -1  0 -2  1  6  0   17   1   2   1   4   0   1   6   2   1   3   3   1  14   3   6   2   1  25   7  0.52 0.36
  191 L   -1 -3 -2 -3 -1 -1 -2 -3 -4  3  3 -1  0 -2  0 -3 -1 -1 -3  3    5   1   2   1   1   2   3   2   0  20  29   3   1   1   4   1   2   1   0  18  0.38 0.28
  192 S   -1  0  2  2 -1 -1 -1  0 -1 -2 -3  0 -3 -3 -2  3  1 -4 -2 -2    3   5   9  13   2   1   3   6   2   3   2   6   0   1   2  28  10   0   1   2  0.31 0.29
  193 A    0  4 -2 -2 -3 -1  0 -2 -2  0 -1  1 -1 -2  1  0 -1 -3 -1  0    8  23   1   2   0   2   7   2   1   5   6  10   1   1   9   9   4   0   2   6  0.23 0.21
  194 D    1 -2  1  4 -2 -1  3 -1 -2 -2 -2  1 -3 -3 -3  1 -1 -4 -3 -3   10   1   5  23   1   2  21   4   1   2   4   8   0   1   1   9   4   0   1   1  0.42 0.31
  195 E   -1 -1 -1  4 -2  1  3  1 -1 -3 -2  0 -2 -3 -2  0 -1 -4 -3 -2    5   3   2  24   1   6  17  11   2   1   5   6   1   1   1   8   2   0   1   3  0.32 0.25
  196 L   -2 -3 -3 -3 -2 -2 -2 -3 -3  3  1 -1  0  0 -1 -2 -1 -3 -3  4    3   1   1   1   1   2   3   2   0  19  10   5   2   3   4   2   4   0   1  37  0.50 0.31
  197 D   -2 -2 -1  4 -2 -2 -1 -2 -3 -2 -2 -1 -3 -1  5  0  0 -4 -3 -3    3   2   3  21   1   2   3   2   0   2   5   4   0   3  34   8   5   0   1   2  0.72 0.40
  198 S    2 -1 -1  0 -3  2  1 -2 -2 -2 -2  0 -2 -3  2  1  0 -3 -2  0   22   2   2   4   0  10  10   2   1   2   4   7   1   1  12   9   6   0   1   6  0.24 0.21
  199 E    1 -1  0  3 -3  0  3 -1 -1 -3 -2  1 -2 -3 -1  1 -1 -3 -1 -2   11   3   5  17   0   2  24   4   1   1   3   8   1   1   2   9   4   0   2   2  0.33 0.25
  200 F    0 -1 -2  0 -2 -1  0 -2 -2  1  1 -1  0  2 -2 -1  0  0  0  2    7   4   2   5   0   1   6   3   1   8  11   4   2   9   2   3   6   1   4  19  0.07 0.10
  201 V    0  0  0 -2  2 -1  0  0 -2  0  0  0  1  1  1  0  0 -2  1  0    6   6   6   0   6   0   6   6   0   6   6   6   6   6   6   6   6   0   6   6  0.04 0.09
  202 K    0  0  1  2  1  1  2  0  1 -2 -2  1  0 -3 -1  0  0 -3  0 -3    7   3   5  12   4   5  18   6   3   3   3   7   3   0   3   7   4   0   4   0  0.14 0.18
  203 A   -1  2  0  0  0  1  2 -1  1 -2 -2  2  0 -2 -1  1 -1 -4 -1 -2    5  15   4   5   2   4  12   4   4   2   2  15   2   2   3  10   3   0   3   3  0.19 0.20
  204 E   -1 -1  0  0 -5  1  5 -2  1 -4 -2 -1  0 -1 -1 -1  0 -4  0 -2    3   3   3   4   0   5  41   3   3   0   5   3   3   3   3   3   6   0   3   3  0.49 0.43
  205 L    1  0  0  0 -2  0  1 -1  0  0  0  0  1 -1 -1  0  0 -3  0 -1   16   6   3   5   0   5   8   3   3   6  11   6   5   3   3   4   5   0   3   3  0.03 0.09
  206 A    0  1  0  1  1  0  1 -1  0 -1 -1  1 -2  0  0  0  1 -2 -1 -1    9   7   5   6   3   4  11   4   2   3   4   7   0   5   5   7   8   0   2   5  0.06 0.07
  207 Q    1 -1 -1  0 -2  1  1 -1  0  2  0  0  0 -1  0  0  0 -3 -2  1   12   3   3   4   0   7   9   4   3  16   6   6   3   3   4   4   5   0   0   9  0.06 0.10
  208 M    1 -1 -1 -1 -2  1  0 -1  0  1  1  0  1  0  0 -1 -1  0  0  1   13   2   1   3   0   7   6   3   2  11  14   5   4   4   4   4   3   1   3   8  0.05 0.08
  209 N    1  1  0 -1 -2  0  1 -1 -1  1  0  1  0 -1 -1  0  0 -3 -1  0   11  11   5   3   0   3   9   3   1   9   7   8   2   3   3   9   3   0   1   7  0.06 0.09
  210 H    1  0  0  0  0  2  2 -1  1 -2 -2  1 -1 -2 -1  0 -1 -3 -1 -1   16   5   4   5   2   8  13   4   4   2   4  10   1   1   2   7   3   0   2   5  0.13 0.14
  211 K    0  0  0  0 -2  1  0  0  1  0 -1  0 -1  0  1  0  0 -2  1  0    6   6   6   6   0   6   6   6   6   6   6   6   0   6   6   6   6   0   6   6  0.04 0.06
  212 I    0  0  0  0 -2  1  0  0  1  0  0  0  1  0  1  0  0 -3 -1  0    6   6   6   6   0   6   6   6   6   6   6   6   6   6   6   6   6   0   0   6  0.04 0.07
  213 D    1  0  0  2 -3  0  1  0 -2 -1 -1  1  0  1  0  0  0  1 -1 -1   13   4   5  12   0   4   8   5   0   4   5  10   2   7   3   5   4   2   2   4  0.07 0.10
  214 E    0  0  0  0 -2  1  0  0  1  0 -1  0  1  0  1  0  0 -2  1  0    6   6   5   6   0   5   6   6   5   6   6   6   5   5   6   6   6   0   5   6  0.03 0.06
  215 D    0  1  0  2 -3  1  2 -1 -2 -1 -1  1  1 -3  0  0  0 -3  0 -1    5   7   4  12   0   6  14   5   0   4   4   7   5   0   4   9   4   0   4   5  0.12 0.14
  216 N    0  0  2  1  0  0  0 -1 -2  0  1  0  0 -1  0  0 -1 -3 -1 -1    7   4  14   7   3   4   8   5   0   6  14   4   2   2   4   7   3   0   2   3  0.06 0.10
  217 A    2 -2  0  1  0  0  0 -1 -2  0 -1  0 -1  0  1  0  0 -3 -1  1   21   1   4   7   2   4   7   4   0   7   6   6   0   4   6   4   3   0   2  11  0.07 0.11
  218 S    0  0  1  0  0  0  1  0 -2 -1  0  1  2 -2  1  0 -1 -3 -2  0    9   4   8   3   2   3  10   8   0   2   8   8   7   1   7   7   3   0   0   7  0.08 0.10
  219 R    0  1  0  1 -3  1  1 -1  2 -1 -1  2 -2 -1 -1  0 -1  0 -1 -1    7   9   5   8   0   6   8   3   6   3   7  15   0   2   3   6   4   1   2   3  0.12 0.12
  220 V    0 -1 -1  1 -1  0  0 -2 -2  2  0  0  0  0  0 -1  0 -2 -1  1    9   2   2   8   1   3   8   2   0  16   7   7   2   3   4   4   5   0   2  14  0.06 0.09
  221 L    2  0 -1 -1 -2  0  0 -1 -2  0  0  0  1 -2 -1  0  0 -3 -1  1   22   6   2   2   0   3   7   3   0   6  10   5   3   1   3   5   6   0   3  14  0.10 0.13
  222 V    2 -1 -1  0 -2  0  1 -1 -2 -1  0  0  3 -1  1 -1 -1  0 -1  0   19   3   2   5   0   5   8   5   0   3  10   4  10   3   6   2   3   1   2   8  0.09 0.14
  223 N    0 -1  1 -1 -2  2  1  0 -1 -1  0  1  1 -2 -1  0  0 -3  0 -1    8   2   9   3   0  12   7   8   1   4  11   7   5   1   3   8   6   0   4   2  0.09 0.12
  224 K    0  1  0  0 -1  2  0 -3  1  1 -2  3 -2 -3  0  0 -2 -3 -1  0    6   8   4   6   2   9   5   1   3   8   3  24   0   1   3   5   1   0   2   9  0.21 0.21
  225 P    1 -1 -1  0 -3  0  1 -2 -3  0 -2 -1 -2 -3  5  0  0 -4 -1  0   15   2   2   5   0   5  10   3   0   6   3   4   0   1  26   5   4   0   2   6  0.38 0.26
  226 E    2 -1 -1  1 -2  0  2 -1 -1  0  0  0  0 -1  0  0  0 -3  0  0   19   2   2   7   0   3  17   5   1   5   8   7   2   2   3   5   5   0   3   5  0.10 0.12
  227 L    0  0  0  0  2  1  0  0  2 -2 -1  0  1  0  1  0  0 -2  1 -1    6   6   5   6   5   5   6   6   5   0   6   6   5   5   6   6   6   0   5   6  0.05 0.09
  228 P    0  0  0  0  2  0  0 -1  1  0 -1  0  1  0  0  0  0 -2  1  0    5   5   5   5   5   5   5   5   5   5   5   5   5   5   5   5   5   0   5   5  0.03 0.05
  229 H    1  0  1  1 -3  2  1 -1  1  0 -1  1  2 -1 -2  0 -1 -3 -2  0   14   4   6   8   0   9  10   4   3   5   5   7   6   2   1   7   2   0   0   6  0.11 0.13
  230 H   -1 -2 -1  0 -3  1  1  0 -1 -1 -1  0  0 -3  3  0 -1 -3  0  2    5   1   3   5   0   6  10   6   2   2   7   5   2   1  16   6   2   0   4  16  0.19 0.19
  231 E    0  0  0  1 -4  1  4 -4 -3 -1 -1  1  2 -4 -4  0 -1 -4 -1 -1    6   5   4   8   0   6  26   1   0   4   6   9   6   1   1   6   3   0   3   4  0.34 0.27
  232 F    0 -1  0  0  0  0  0  0  0 -1 -2 -1  1  2 -1 -1 -1  2  4 -1    9   2   5   6   3   5   7   6   2   3   3   4   4   9   2   5   3   3  15   5  0.17 0.16
  233 G    0 -1 -3  1 -3  1  0  0  1  1  0  0  1 -1 -1  0 -1 -4 -3  2    7   2   0   8   0   8   6   6   4   6   9   6   3   3   3   6   4   0   0  19  0.11 0.14
  234 S    2  0  0  0  2  0  0 -1  0 -1 -2  1  0 -2 -1  2 -1 -4 -1 -1   16   6   5   5   4   4   5   4   2   3   4   9   2   1   3  16   3   0   2   4  0.13 0.16
  235 K    1  3  0 -1 -4  1  2 -3 -3 -2 -2  3 -1 -2 -1  0 -1 -4 -3 -1   11  16   3   2   0   4  16   2   0   2   4  19   1   2   3   5   4   0   0   5  0.30 0.26
  236 S    1 -1  0  1 -1  1  2  0 -1 -2 -2  1  0 -4 -1  1  0 -4 -3 -1   12   2   4   8   1   6  18   8   1   2   3   7   2   0   3  12   6   0   0   4  0.19 0.19
  237 Q    0 -2  1  4 -4  3  3 -1 -3 -3 -3  0 -2 -2 -4 -1 -2  2 -1 -2    9   1   5  24   0  12  17   4   0   2   2   5   1   2   0   4   2   3   2   3  0.44 0.34
  238 L   -1 -4 -4 -2 -3 -1 -1 -3 -4  4  2 -3  2 -1 -2 -3 -1 -4 -1  3    5   0   0   2   0   2   5   2   0  22  18   2   6   2   2   1   4   0   2  24  0.45 0.31
  239 T   -2 -2  0  1 -4 -1  1 -2 -4 -4 -2  0 -4 -4  5  1  2 -5 -2 -2    3   1   4   8   0   2   8   3   0   1   4   6   0   0  33  10  12   0   1   3  0.64 0.41
  240 E    2 -2 -2  1 -2  1  4 -2 -3 -3 -3  1 -2 -2  2 -1 -1 -4 -2 -2   15   1   2   8   1   6  29   2   0   1   3   8   1   2  10   4   3   0   2   3  0.41 0.34
  241 E    1 -1  0  3 -5  1  5 -1 -2 -2 -3  0 -2 -5 -4 -1 -1 -5 -4 -2   11   3   3  16   0   5  34   6   1   2   2   5   1   0   0   4   4   0   0   3  0.54 0.39
  242 V    0 -1 -2  0 -3 -1 -1 -1 -1  1  0  0  1  0 -2 -1  0  2 -1  3   10   3   1   7   0   3   4   3   2  10   9   5   3   3   2   4   4   3   1  23  0.10 0.13
  243 L   -2 -2 -1 -2 -3 -2 -1 -2 -4  3  3 -1  2 -2 -2 -2 -2 -2 -2  2    3   1   3   2   0   1   4   4   0  19  29   5   5   1   2   2   2   1   1  14  0.34 0.25
  244 A    2 -2  0  2 -3  1  3 -1 -2 -2 -2  1  0 -2 -3  0 -1 -4 -3 -2   22   1   5  11   0   7  21   3   0   2   3   8   3   2   1   6   3   0   0   2  0.33 0.27
  245 A    1  2  0 -1 -1  1  1 -2  1 -2 -2  4 -3 -3 -1  0 -1 -4 -2 -2   14   9   4   3   1   6   7   3   3   2   4  27   0   1   2   7   2   0   1   3  0.29 0.24
  246 A    0 -3 -2 -1 -1  1  6 -3 -2 -2 -3  0 -1 -2 -2 -2 -2 -4 -4 -2    9   1   2   2   1   6  54   2   1   2   3   4   2   2   2   3   2   0   0   3  0.88 0.53
  247 K   -2  4 -3 -2 -5  1  1 -3 -3 -3 -3  5 -2 -4 -2 -1  0 -5 -4 -2    2  23   0   2   0   5   9   2   0   1   3  37   1   1   2   4   6   0   0   2  0.78 0.49
  248 A    3  0 -1  1 -4  1  4 -1 -1 -4 -3  2 -3 -3 -2  0 -2 -5 -4 -2   24   4   2   9   0   5  25   3   2   0   2  11   0   1   1   6   1   0   0   3  0.44 0.35
  249 S    0 -3 -1  0 -1 -1  0 -2 -2  4  0 -1  0  0 -1 -1 -2 -4 -2  2    9   1   2   6   1   3   6   2   1  29   8   3   1   3   3   5   1   0   1  15  0.25 0.23
  250 F    1 -3 -2 -1 -2  0  1 -3 -1  1  1 -2  1  2  0 -1 -1  1  3 -1   12   1   2   3   1   4  13   1   1   7  15   2   3  11   4   3   2   2  12   2  0.19 0.20
  251 E    1  2 -2  0 -4  0  2 -1 -3 -1  0  1  4 -3 -3  0 -1 -1 -3 -1   10  13   1   5   0   4  13   4   0   4   9  11  12   1   0   5   3   1   0   4  0.23 0.24
  252 E    2  0 -1  1 -4  2  4 -1 -1 -3 -4  1 -4 -5 -2  0 -1 -5 -3 -2   16   6   3   8   0   9  27   5   1   2   1   8   0   0   1   5   4   0   1   3  0.41 0.33
  253 E   -1  0 -1  1 -5  5  3 -3  0 -3 -2  3 -2 -2 -2 -1 -3 -2 -3 -3    4   4   2   6   0  29  17   2   2   2   4  16   1   2   1   5   1   0   1   1  0.62 0.44
  254 L    3 -2 -2  0 -2  0  2 -2 -3  0  0  0  0 -2  1  0 -1 -4 -2  1   25   1   2   4   0   4  13   2   0   5  10   4   3   1   6   5   3   0   1  10  0.17 0.20
  255 K    1  2  0  3 -4  0  1 -1 -2 -1 -1  3 -1 -4 -2  0 -2 -4 -3 -2   12  10   3  16   0   3   7   4   0   3   8  20   1   0   1   7   1   0   0   2  0.27 0.24
  256 A    1 -1  1  1 -3  1  1  0 -1  0  0  0  0  0 -2  0 -1 -3 -1 -1   11   2   8   7   0   6  13   6   1   5  13   7   3   4   1   6   3   0   1   4  0.07 0.10
  257 E    1 -1 -2 -1 -4  1  3 -2 -2 -3 -1  1 -2 -3 -2  2  0 -1 -3 -1   14   2   1   3   0   6  22   3   0   1   7   7   1   1   2  19   6   1   1   4  0.30 0.29
  258 G   -2 -2  2  1 -3 -2 -1  5 -2 -5 -4  0 -4 -5 -2  1 -1 -5 -3 -3    2   1  10   8   0   1   3  46   1   0   1   6   0   0   2  10   3   0   1   2  0.76 0.44
  259 K   -1 -1 -4 -4 -5 -1 -2 -5 -4 -3 -2  7 -3 -5 -3 -2 -3 -6 -5 -3    4   1   0   1   0   2   2   1   0   2   4  73   1   0   1   3   1   0   0   2  1.58 0.80
  260 P   -2 -3 -2 -1 -5 -3 -3 -3 -5 -3 -4 -1 -5 -5  8 -1 -1 -6 -5 -5    3   2   2   3   0   1   1   2   0   2   2   4   0   1  67   5   4   0   0   1  1.79 0.84
  261 E    1 -3 -1  2 -5  1  5 -3 -3 -4 -4  0 -4 -4  1 -2 -2 -5 -4 -3   13   1   2   9   0   5  45   1   0   1   1   4   0   1   8   3   2   0   1   2  0.80 0.51
  262 K    1 -2  3  1 -4  2  2 -2  1 -2 -4  2 -2 -3 -3  0  0  0 -3 -2   15   1  17   8   0  11  14   2   3   2   1  12   1   1   1   5   5   1   0   2  0.36 0.30
  263 I   -1 -1 -1 -1 -3 -1  0 -4 -1  4  0 -1  3 -1 -3 -1 -2 -4 -3  2    5   3   4   3   0   3   7   0   2  34   5   4   8   3   0   4   0   0   0  15  0.32 0.28
  264 W    0  1 -1 -2  1  1  0 -3 -1  1  1  0  0 -1 -3 -1  0  2 -1  1    9   7   2   0   4   6   5   0   2  13  15   8   2   2   0   4   5   3   2  10  0.08 0.11
  265 D    0  0  1  3 -4  1  4 -2  0 -4 -3  0 -3 -4  0 -1 -1 -4 -1 -2    6   4   8  17   0   5  32   3   2   0   2   5   0   0   5   3   3   0   2   2  0.46 0.31
  266 K   -2  1  1 -1 -4  0  0 -1 -3 -4 -2  6  0 -1 -3 -1  0 -4 -4 -4    3   5   6   4   0   4   3   5   0   0   3  51   3   3   0   3   5   0   0   0  0.68 0.44
  267 I   -2 -3 -4 -1 -4 -2 -2 -3 -4  6  0 -4  5 -1 -4 -4 -2 -4 -2  1    2   1   0   4   0   1   3   2   0  56   4   0  14   1   0   1   2   0   1   5  0.92 0.50
  268 L    1 -2 -4 -4 -3 -3 -3 -1 -4  3  1 -2  2  0 -3 -2 -1 -3 -1  4   12   2   0   0   0   0   0   4   0  20  10   2   6   4   0   2   3   0   1  31  0.40 0.28
  269 P    0 -1  0  1 -4  2  4 -1 -1 -2 -2  1 -1 -2  0 -1 -1 -4 -3 -1    6   1   5   9   0   9  33   4   1   2   3   8   2   2   3   4   3   0   0   4  0.32 0.25
  270 G   -2 -3 -1 -1 -5 -1 -1  6 -4 -5 -5 -2 -1 -5 -2 -2 -4 -5 -5 -5    2   2   2   4   0   2   4  73   0   0   1   2   2   0   2   2   0   0   0   1  1.38 0.59
  271 K   -2  5 -2 -3 -4  1 -2 -2 -3 -3 -3  4  0 -1 -3 -1 -1 -1 -2 -3    2  39   1   0   0   5   1   2   0   1   1  32   2   2   0   3   4   1   1   2  0.85 0.47
  272 M   -2 -2 -3 -4 -3 -1 -2 -2 -3  3  3 -3  4 -1 -3 -2 -2 -1 -2  2    2   2   0   1   0   2   2   4   0  19  31   1  11   1   1   2   1   1   1  16  0.42 0.27
  273 A    0  2  3  1 -4  1  1  0 -1 -2 -3  2 -1 -4 -3  0 -1 -4 -3 -2    6  11  19   7   0   7  10   7   1   2   1  18   1   0   0   6   2   0   0   2  0.32 0.24
  274 K   -2  1 -1 -1  0 -1 -1 -3 -2 -3 -4  7 -2 -5 -3 -1 -2 -5 -4 -4    3   5   2   3   2   1   1   2   1   1   1  69   1   0   0   4   2   0   0   1  1.21 0.61
  275 F   -2 -1 -3 -4 -1 -1 -3 -4  0  0 -1 -2 -1  6 -4 -3 -2  4  4 -1    2   3   1   1   2   3   2   1   2   5   5   2   1  43   1   2   2   6  14   5  0.86 0.43
  276 I   -2 -2 -2 -4  0 -3 -3 -4 -1  1  3 -1  0  4 -4 -3 -2 -2  5  0    3   2   2   1   2   0   1   1   1   9  28   5   2  16   1   1   1   0  21   4  0.48 0.30
  277 V    1  0  0  0 -1  0  2  0  0 -2 -2  1 -1 -1 -1  2  0 -2 -1 -1   12   4   3   3   1   3  14   8   2   2   3  13   2   2   1  16   4   0   1   4  0.13 0.11
  278 D   -1 -1  0  3 -2  1  3  0 -1 -2 -2  1 -2 -2 -1  0  0 -2 -2 -1    5   3   3  18   1   5  24   6   1   2   4   7   1   2   2   6   5   1   1   4  0.26 0.13
  279 N    0  0  3  0 -1  0  0  0  0  0 -1  0 -1 -1  0  1  0 -1 -1 -1    5   6  19   3   1   5   5   5   2   8   6   6   1   3   4  10   4   1   2   5  0.09 0.06
  280 T    0  0  0  0  1  0  0  0  0  0 -1  0  0 -1  0  0  1 -1 -1  0    6   5   3   4   4   3   6   6   3   5   7   6   1   3   5   8  15   1   2   8  0.04 0.02
  281 K    0  0  0  0 -1  0  0  0  0  0  0  1  0  0  0  0  0 -1  0  0    6   5   6   4   1   4   5   6   3   6  14  10   2   4   4   7   5   1   2   5  0.01 0.00
  282 V    0  0  0  0 -1  0  0  0  0  0  0  0  0  0  0  0  0 -1  0  0    6   7   3   6   1   3   6   9   3   8  14   4   3   4   4   6   5   1   3   7  0.00 0.18
  283 D    0  0  0  1 -1  0  1  0  0  0  0  0  0  0  0  0  0 -1  0  0    6   6   3   9   1   4  10   6   2   5  12   4   2   3   4   7   5   1   3   8  0.02 0.01
  284 Q    0  0  1  0 -2  3  2  0  0 -2 -1  2 -1 -2 -1  0 -1 -1 -1 -1    5   4   6   4   1  17  12   6   2   2   7  12   1   2   3   5   3   1   2   3  0.15 0.09
  285 Q   -1 -1 -1  0 -3  1  5  0 -2 -1 -2  0 -1 -3 -1  0 -1 -2 -2 -1    5   3   3   4   1   7  40   6   1   3   3   4   1   1   3   7   3   0   1   4  0.43 0.24
  286 F   -1 -1 -1 -1 -1 -1 -1 -1  1  2  0 -1  1  1 -2 -1  0 -1  1  2    4   3   2   3   1   3   4   4   5  13   9   3   4   8   1   4   6   1   4  18  0.06 0.07
  287 A    1 -2 -3 -3  7 -2 -2 -3 -4 -1 -1 -3  0 -2 -3  0  1 -4 -3  3   13   2   1   1  27   1   2   1   0   3   4   1   2   2   1   9   8   0   0  23  0.70 0.40
  288 L   -4 -3 -1 -6 -4 -5 -5 -6 -5 -1  6 -5  1 -1 -5 -4 -3 -5 -4 -2    1   2   4   0   0   0   0   0   0   2  82   0   3   3   0   1   1   0   0   1  1.47 0.70
  289 L   -1 -3 -2 -2  0 -3 -1 -4 -4  0  4 -4  3 -1 -3 -1 -1 -1  0  1    3   1   2   2   2   0   4   1   0   3  47   0   7   1   1   5   4   1   4  10  0.47 0.34
  290 A   -2 -2  2  3 -3  0  5  0 -1 -5 -4  0 -4 -1 -3  0 -2 -5 -3 -4    3   2  10  16   1   2  37   7   2   0   1   6   0   3   1   7   1   0   1   0  0.62 0.41
  291 Q   -4 -3 -3 -3 -3  9 -1 -5 -4 -6 -5 -2 -3 -6 -5 -2 -1 -5 -5 -3    1   0   1   1   1  83   2   1   0   0   1   1   0   0   0   2   3   0   0   2  2.28 1.03
  292 L    0 -2  0  1 -3 -1  1 -1 -2 -2 -2  1 -2 -2  5 -1 -1 -3 -2 -1    8   1   5   9   0   2   9   5   0   2   4   9   1   2  30   4   4   0   1   4  0.46 0.29
  293 Y   -3 -5 -4 -5 -4 -4 -4 -5 -1 -3 -2 -4 -2  8 -5 -3 -4  4  5 -4    2   0   1   1   0   1   1   1   1   1   2   1   1  56   0   3   1   6  21   1  1.72 0.71
  294 I   -1 -4 -4 -4 -3 -4 -4 -5 -4  5  1 -4  2  0 -3 -3 -2 -4  0  4    4   0   1   1   0   0   1   1   0  31  11   0   5   3   1   1   1   0   3  35  0.80 0.43
  295 M   -2  2 -2 -2 -2 -2 -1 -1 -1 -1  0  5  3  0 -3 -2 -2 -1 -1 -2    3   9   1   1   1   1   3   5   2   4  10  38   9   4   1   2   1   1   2   2  0.45 0.35
  296 D   -4 -1  3  7 -6 -3  2 -3  0 -6 -6 -2 -6 -5 -4 -3 -4 -6 -4 -5    1   3  13  59   0   1  13   2   2   0   1   2   0   0   1   1   0   0   1   1  1.46 0.69
  297 D   -1 -3  1  4 -5  0  1  0 -3 -5 -4 -2 -3 -5  5  1 -1 -6 -5 -3    3   1   7  22   0   3  10   8   0   0   1   1   0   0  27   9   4   0   0   1  0.71 0.43
  298 S   -1 -2  2  3 -5 -1  1  0 -3 -5 -5  4 -4 -4 -3  3 -1 -6 -5 -4    3   0   8  14   0   1   9   6   0   0   0  33   0   1   1  21   4   0   0   0  0.67 0.46
  299 K   -3  0 -3 -3 -4  3 -2 -3 -3  1  0  4  2 -3 -1 -2  1 -5 -3  1    1   3   1   0   0  12   1   1   0  10   9  34   5   1   3   1   8   0   0  10  0.47 0.38
  300 T   -2 -1 -1 -4 -3 -2 -3 -4 -4 -4 -2  3 -2 -2 -2  3  5 -5 -3 -2    1   2   2   0   0   1   0   0   0   1   3  20   1   2   1  19  42   0   1   3  0.85 0.56
  301 V   -4 -5 -7 -7 -3 -6 -6 -7 -7  4 -2 -6 -1 -2 -6 -6 -2 -6 -5  7    0   1   0   0   0   0   0   0   0  24   2   0   1   2   0   0   2   0   0  67  1.70 0.78
  302 E    1  1 -2 -1 -4  1  2  2 -2 -4 -5  3 -3 -3 -3  1 -2 -5 -3 -4   12   7   1   3   0   6  13  19   0   1   0  22   0   1   0  10   1   0   1   0  0.45 0.34
  303 A    0 -2 -1  4 -6  4  3 -4 -1 -5 -5  3 -4 -6 -4 -2 -1 -6 -5 -4    9   0   2  24   0  21  20   1   1   0   0  16   0   0   0   2   3   0   0   1  0.83 0.52
  304 F   -1 -4 -4 -5 -4 -3 -3 -5  0  1  3 -4  2  2 -5 -4 -3  1  5  3    6   1   0   0   0   1   1   0   3   7  27   0   5   9   0   1   0   2  19  19  0.63 0.39
  305 L   -2 -4 -6 -6 -3 -4 -5 -4 -6  2  5 -4  1 -2 -5 -3 -3 -5 -4  3    3   1   0   0   0   0   0   1   0  12  56   0   3   1   0   1   1   0   0  20  1.02 0.53
  306 E    1 -1  0  1 -3  1  2 -1 -3 -4 -3  5 -3 -3 -3  0 -1 -5 -3 -3   12   1   4   8   0   6  11   5   0   1   2  36   0   1   1   5   3   0   1   2  0.49 0.36
  307 S    1 -1  1  2 -4  3  4 -1 -1 -4 -4  1 -2 -3 -3  1 -1 -5 -3 -4   10   2   6  13   0  12  26   4   1   1   1   9   1   1   1   9   2   0   0   0  0.47 0.34
  308 K    2 -1  2 -2 -2  0  1 -1  1 -1 -1  1 -1 -2 -2  0 -1 -4 -1  0   17   2  12   1   0   3  10   5   4   2   7  12   1   1   2   5   3   0   2   9  0.12 0.16
  309 G    0 -2  4  1 -4 -1 -2  4 -1 -3 -4  0 -4 -5 -2  2 -1 -5 -4 -3    7   1  20   7   0   1   2  30   1   1   1   7   0   0   2  15   2   0   0   2  0.55 0.36
  310 A    2 -3 -2 -4  0 -2 -2 -2 -4  3  1  1  1 -2 -4  0  0 -3 -3  2   21   0   1   0   2   1   1   3   0  20  10  11   4   1   0   5   4   0   0  15  0.30 0.27
  311 K   -2  0 -1 -1 -4  1  3 -3 -2 -4 -4  5 -4 -5 -3  1  2 -6 -4 -2    2   4   2   3   0   7  18   1   0   0   1  33   0   0   1  10  16   0   0   2  0.65 0.46
  312 A   -2 -6 -7 -7 -2 -5 -5 -7 -7  5  1 -6 -1 -2 -3 -5 -4 -6 -5  5    2   0   0   0   1   0   0   0   0  36  10   0   1   1   1   0   0   0   0  47  1.39 0.67
  313 I    0  1  0 -2 -3 -1 -1 -1  0  1  0  2 -1 -3 -3  0  1 -4 -2  2    8   9   5   1   0   1   3   4   3   7   7  15   1   0   0   5  11   0   1  19  0.16 0.20
  314 A    1  4  1  2 -3  0  0  1 -1 -5 -4  1 -4 -4 -4  1 -2 -3 -3 -4   12  24   6  11   0   3   5  12   1   0   1   9   0   0   0  13   1   0   1   0  0.46 0.35
  315 F   -2 -7 -7 -8 -7 -7 -6 -7 -5 -4 -4 -6  2  9 -8 -7 -6 -2  3 -4    3   0   0   0   0   0   0   0   0   0   1   1   4  80   0   0   0   0   9   1  2.61 1.04
  316 T    2 -2 -3 -4  0 -2 -1 -4  0  2  0  0 -1 -2 -4 -1  0 -2  0  4   16   2   0   0   1   1   4   1   2  14   6   5   1   1   0   3   6   0   4  32  0.35 0.30
  317 R   -5  8 -4 -6  0 -2 -4 -6 -2 -3 -1  0 -3 -3 -6 -4 -4 -2 -2 -4    0  77   1   0   2   1   0   0   1   1   6   4   1   1   0   1   0   1   2   1  1.94 0.90
  318 F   -4 -5 -6 -7 -2 -5 -6 -7 -3  1  1 -5  2  7 -7 -5 -4  3  5  0    1   0   0   0   1   0   0   0   0   6  10   0   4  44   0   0   1   4  22   6  1.44 0.67
  319 E    0  0  1 -2 -4  3  4 -2 -1 -2 -4  1 -2 -5 -4  0  0 -5 -4  0   10   5   5   1   0  15  31   2   1   2   1   9   1   0   0   7   4   0   0   7  0.48 0.38
  320 V   -3 -2 -6 -6  3 -5 -6 -6 -6  3  3 -3  0 -3 -5 -5 -1 -5 -4  5    1   2   0   0   6   0   0   0   0  13  32   2   1   0   0   0   3   0   0  40  0.99 0.53
  321 G   -3 -5 -5 -5 -7 -6 -6  8 -4 -8 -8 -5 -7 -7 -4 -5 -6 -7 -7 -7    1   0   0   0   0   0   0  96   0   0   0   0   0   0   1   0   0   0   0   0  2.57 1.01
  322 E   -4 -4 -4  0 -7  1  8 -6 -4 -7 -7 -2 -6 -7 -5 -4 -3 -7 -6 -6    1   0   0   3   0   6  87   0   0   0   0   1   0   0   0   0   1   0   0   0  2.20 0.94
  323 G   -2 -4  0 -3 -5 -4 -1  7 -5 -5 -6 -2 -4 -6 -5  0 -1 -2 -6 -5    1   0   3   0   0   0   4  77   0   0   0   2   0   0   0   6   3   1   0   1  1.55 0.60
  324 I   -2 -5 -5 -5 -4 -3 -3 -6 -5  6  3 -4  2 -2 -3 -3 -1 -5 -3  1    2   0   0   0   0   1   1   0   0  56  23   1   4   0   1   1   2   0   0   6  0.98 0.45
  325 E   -2 -3 -3  0 -6  1  7 -4 -3 -4 -5 -1 -5 -6 -4 -3 -3 -6 -5 -2    2   0   0   4   0   4  81   1   0   1   0   2   0   0   0   1   1   0   0   3  1.64 0.68
  326 K   -2  1 -1 -3 -6  1  0 -3 -4 -5 -5  7 -4 -6 -4 -3 -4 -6 -5 -2    2   4   2   0   0   5   5   1   0   0   0  76   0   0   0   1   0   0   0   4  1.47 0.63
  327 A    0  2  0 -2 -5  2  2 -3 -2 -2 -3  5 -2 -5 -2 -1 -2 -5 -4 -2    9  11   3   1   0   9  16   0   0   2   1  40   1   0   1   2   1   0   0   3  0.61 0.34
  328 E    0 -2  0  1 -3  2  4 -3 -2 -3 -3  1 -2 -4 -2  1  0 -5 -3  1    8   1   4   5   0   8  35   0   0   0   0   7   1   0   1  11   6   0   0  12  0.43 0.29
  329 T   -1 -2  0  3 -3  1  4 -2 -2 -3 -3  2 -2 -3 -2  0  1 -4 -3 -1    3   0   3  16   0   7  29   2   0   1   1  13   1   1   0   6  10   0   1   6  0.41 0.26
  330 D   -4 -4  4  7 -4 -3 -2 -3 -3 -6 -6 -3 -3 -6 -4  0 -3 -7 -6 -6    0   0  23  69   0   0   0   1   0   0   0   0   1   0   0   5   0   0   0   0  1.71 0.61
  331 F   -4 -5 -5 -3 -5 -4 -4 -6 -4 -2  0 -5 -3  8 -6 -4 -5  0  1 -3    1   0   0   2   0   1   1   0   0   1   6   0   0  82   0   1   0   1   3   0  1.99 0.64
  332 A    6 -4 -3 -4 -3 -3 -2  0 -4 -3 -4 -2 -3 -4 -2  1 -2 -5 -4  0   76   0   0   0   0   0   1   5   0   0   0   2   0   0   1   6   1   0   0   6  1.06 0.47
  333 A    4 -2 -2  2 -3 -1  3 -2 -3 -3 -3 -1 -3 -4 -1  1 -1 -5 -4 -3   49   0   1  12   0   2  20   0   0   1   1   3   0   0   2   7   3   0   0   0  0.63 0.35
  334 E   -4 -3 -3  0 -7 -1  7 -4 -3 -6 -6 -2 -5 -6 -4 -3 -2 -6 -5 -5    0   0   0   2   0   0  95   1   0   0   0   0   0   0   0   0   2   0   0   0  2.05 0.70
  335 V   -2 -4 -5 -6 -3 -5 -5 -6 -6  1 -2 -5 -2 -3 -1 -3 -3 -5 -4  7    1   1   0   0   0   0   0   0   0   2   0   0   0   0   3   1   0   0   0  91  1.58 0.57
  336 E    5 -1 -1 -4 -3  0 -2 -2 -3 -3 -2 -1  4 -4 -3  0 -2 -5 -4 -1   64   4   3   0   0   4   2   0   0   0   1   3  13   0   0   4   0   0   0   3  0.79 0.40
  337 A    5 -1 -1 -3 -3  0  0 -2 -3 -4 -3  2 -3 -4 -3  1 -2 -5 -4 -2   61   1   3   0   0   3   6   1   0   0   1  14   0   0   0   8   0   0   0   1  0.72 0.37
  338 A    1 -2 -3 -3 -1  7 -1 -4 -3 -4 -3 -2  4 -5 -4 -2  0 -5 -3 -3   11   0   0   0   2  64   1   0   0   0   1   0  13   0   0   0   6   0   0   1  1.27 0.54
  339 K    2 -2 -3 -3 -2  0 -2 -3 -3  1  0 -2  5 -2 -3  0  3 -4 -3  1   18   2   0   0   0   5   0   0   0   9   6   1  22   0   0   6  21   0   0  11  0.36 0.24
  340 A    2  1 -2 -3 -4  2 -1  3 -3 -4 -4  4  0 -4 -3  0 -2 -4 -4 -3   20   4   1   0   0   9   0  25   0   0   0  34   3   0   0   5   0   0   0   0  0.55 0.27
  341 G    0 -3  4 -2 -4 -1 -3  6 -2 -5 -5 -2 -4 -4 -3 -1 -2 -4 -4 -4    4   0  23   0   0   2   0  71   0   0   0   0   0   0   0   0   0   0   0   0  1.13 0.24
  342 L   -2 -2 -3 -4 -2 -2 -3 -4 -3  2  3 -3  4  0 -3 -2 -1 -2 -1  1    0   0   0   0   0   0   0   0   0  20  51   0  29   0   0   0   0   0   0   0  0.43 0.05

                      K         Lambda
Standard Ungapped    0.1263     0.3110
Standard Gapped      0.0410     0.2670
PSI Ungapped         0.1490     0.3173
PSI Gapped           0.0456     0.2670
