
Last position-specific scoring matrix computed, weighted observed percentages rounded down, information per position, and relative weight of gapless real matches to pseudocounts
           A  R  N  D  C  Q  E  G  H  I  L  K  M  F  P  S  T  W  Y  V   A   R   N   D   C   Q   E   G   H   I   L   K   M   F   P   S   T   W   Y   V
    1 M   -6 -6 -7 -8 -6 -5 -7 -8 -6 -3 -1 -6 11 -5 -7 -6 -5 -6 -6 -1    0   0   0   0   0   0   0   0   0   0   2   0  93   0   0   0   0   0   0   4  3.47 1.12
    2 S    2 -4  3 -3 -4 -2 -1 -2 -4 -4 -4 -1 -3 -5 -4  4  3 -6 -5 -3   18   0  17   0   0   1   4   2   0   1   1   3   0   0   0  35  17   0   0   1  0.75 0.46
    3 E   -3 -3  1  2 -5  2  6 -5 -3 -6 -7  3 -4 -7 -1 -3 -2 -7 -6 -6    1   1   6   9   0   7  52   0   0   0   0  16   0   0   3   1   2   0   0   0  1.20 0.60
    4 E   -4 -2  1  3 -7  2  6 -4 -1 -5 -6  2 -4 -7 -4 -2 -1 -7 -6 -4    1   1   6  13   0   8  49   1   1   1   0  12   0   0   1   2   3   0   0   1  1.10 0.57
    5 T    0 -1  2  0 -3  1  2 -2 -1 -1 -2  2 -2 -3  0  0  3 -5 -4 -1    7   3  12   5   0   5  12   2   1   4   3  14   0   1   3   6  18   0   0   3  0.26 0.22
    6 K   -2  0  1  0 -4  3  2 -2 -1 -4 -3  4 -2 -3  1  0 -1 -5 -4 -2    3   3   7   5   0  12  14   2   1   1   3  29   1   1   6   5   4   0   0   2  0.47 0.32
    7 E   -2 -2  1  2 -4  2  5 -2 -2 -4 -5  1 -3 -5 -1 -1  0 -6 -5 -3    3   1   7  12   0   7  40   2   1   1   0  10   0   0   3   4   5   0   0   2  0.72 0.43
    8 E   -1 -2  2  3 -5  2  4 -2 -1 -4 -4  1 -3 -4  0 -1  0 -6 -4 -3    4   1  10  15   0   9  32   2   1   1   1   8   0   1   4   4   5   0   0   2  0.58 0.37
    9 I    0 -1  0  0 -3  0  0 -2 -1  1  0  0  1 -2  0  0  1 -3 -3  1   10   2   4   5   0   5   7   3   1  12   7   6   4   1   5   6   9   0   0  14  0.08 0.11
   10 K    0 -1  0  1 -3  2  3 -3 -1 -3 -3  2 -1 -3  1  0  0 -5 -4 -1    7   2   4   7   0  10  22   1   1   1   3  16   1   1   7   5   5   0   0   5  0.33 0.26
   11 N    0 -2  3  3 -3  1  2 -1 -1 -4 -4  0 -2 -4  0  1  1 -5 -4 -2    7   1  17  14   0   6  14   4   1   0   1   6   1   0   5  10   7   0   0   3  0.37 0.27
   12 E   -1 -3  1  2 -6  1  5 -2 -2 -3 -4  1 -2 -5  0  0  0 -6 -4 -3    5   1   6  10   0   6  42   3   1   1   1   6   1   0   4   6   5   0   0   2  0.67 0.41
   13 K    1 -2  1  1 -3  2  3 -1 -2 -2 -3  1 -2 -4  1  0  1 -5 -3 -1   11   1   7   7   0   8  19   3   0   1   2  11   1   0   6   8   9   0   0   4  0.26 0.22
   14 V    1 -2  0 -1 -2  1  1 -2 -1  1  0  0  0 -3  0  0  1 -4 -3  2   13   1   4   3   1   5  12   3   1   7   7   4   2   0   5   7   7   0   0  17  0.12 0.14
   15 D    0 -2  1  4 -4  2  4 -2 -1 -3 -4  1 -3 -4 -1  0  0 -5 -4 -2    6   2   5  21   0   8  25   3   1   1   1   8   1   0   2   7   4   0   0   4  0.48 0.31
   16 E    0 -3  0  2 -5  2  5 -2 -2 -3 -3  0 -2 -4  0  0  0 -4 -4 -3    8   1   5  11   0   9  35   4   1   2   2   6   1   1   4   5   5   0   0   2  0.53 0.35
   17 E    0 -2  1  1 -4  1  4 -2 -2 -3 -3  0 -3 -5  0  0  1 -5 -4 -2    9   1   5   8   0   7  34   2   0   2   2   5   0   0   5   6   8   0   0   3  0.49 0.34
   18 V    1 -1  0  0 -2  1  1 -1 -1  0 -1  0  0 -2  0  0  1 -3 -3  1   13   1   5   5   0   5  13   4   1   7   4   6   2   1   5   6  10   0   0  11  0.10 0.12
   19 T    1 -1  1  1 -2  1  2 -1 -1 -1 -2  1 -1 -3  0  1  1 -4 -3  0   11   1   6   7   1   6  16   4   1   3   4   7   1   0   5  10   9   0   0   7  0.16 0.15
   20 E    0 -3  0  2 -3  2  5 -1 -2 -3 -4  0 -4 -6  0 -1  0 -6 -5 -2    8   0   4  10   0   7  39   4   0   1   1   6   0   0   5   4   5   0   0   4  0.60 0.38
   21 E    0 -2  0  2 -4  1  5 -2 -3 -3 -4  1 -3 -5 -1  0  1 -6 -5 -2    7   1   4  11   0   7  37   4   0   1   1   6   0   0   3   5   8   0   0   4  0.56 0.37
   22 L    1 -1  0  1 -2  1  2 -1 -2  0 -1  0 -1 -3  1  1  1 -3 -3  0   12   1   4   6   1   5  13   5   0   5   6   6   1   1   6   8   9   0   0   8  0.11 0.12
   23 T    1 -1  0  1 -3  1  2 -1 -1 -2 -3  1 -1 -4  0  1  2 -4 -3 -1   12   2   5   7   0   5  16   4   1   2   2  10   1   0   5   9  13   0   0   5  0.21 0.19
   24 E    0 -2  0  2 -4  1  4 -2 -2 -2 -3  1 -3 -4  1  0  0 -4 -4 -1    9   1   4  10   0   6  34   3   1   2   3   6   0   1   6   5   5   0   0   5  0.45 0.31
   25 E    0 -2  0  2 -4  2  5 -2 -2 -3 -4  1 -3 -4  0  0  0 -6 -5 -2    9   1   5  10   0   7  35   2   0   2   1   7   0   0   5   5   7   0   0   3  0.52 0.35
   26 A    2 -2  0  0 -2  1  2 -1 -2 -2 -2  0 -2 -4  1  1  1 -5 -4  0   20   1   5   5   1   6  16   4   0   2   3   5   1   0   7  11   8   0   0   6  0.23 0.21
   27 L    1 -1 -1  0 -2  1  2 -1 -2  0  0  0  0 -2  0  0  0 -3 -2  0   12   1   3   4   1   5  18   4   0   5  11   5   2   1   5   7   7   0   0   7  0.11 0.12
   28 E    0 -2 -1  2 -4  2  5 -2 -2 -3 -3  1 -3 -4  0  0 -1 -4 -4 -1    9   1   3  10   0   8  37   3   1   1   2   6   1   0   4   6   4   0   0   4  0.51 0.34
   29 D    0 -2  1  3 -4  1  3 -2 -2 -2 -3  0 -3 -4  0  1  0 -5 -4 -1    9   1   6  18   0   6  25   2   0   2   2   6   1   0   4   8   6   0   0   4  0.38 0.27
   30 I    1 -1 -1  1 -3  1  3 -1 -2  0 -1  0 -1 -3  0  0  1 -4 -3  0   10   3   3   7   0   6  22   4   1   5   5   6   1   0   5   7   8   0   0   8  0.18 0.16
   31 V    0 -1 -1  0 -2 -1  1 -1 -2  1  1  0  0 -2  1  1  0 -4 -2  1    8   1   3   4   0   2  13   3   1   9  12   5   2   1   6  10   7   0   1  14  0.09 0.11
   32 E    1 -1 -1  2 -4  1  5 -3 -2 -4 -3  1 -3 -4 -1  0 -1 -5 -5 -2   11   2   3  12   0   7  36   2   1   1   2   7   0   0   3   7   3   0   0   4  0.54 0.35
   33 E    1 -1  0  2 -4  1  5 -2 -3 -2 -4  1 -3 -5  0  1 -1 -5 -4 -2   10   2   4   9   0   6  35   2   0   2   1   8   0   0   4   8   4   0   0   3  0.50 0.33
   34 E    0 -1 -2  0 -3  0  3 -2 -3 -1  3  0 -1 -3 -1 -1 -1 -2 -3 -1    7   3   2   4   0   3  23   2   0   2  29   7   1   1   3   3   4   1   1   4  0.27 0.24
   35 I    0  0  0  0 -3  1  2 -2 -1  0  0  2 -1 -2 -1  0  0 -2 -1  0    7   4   4   5   0   8  16   1   1   6   8  16   1   1   3   5   5   0   2   8  0.14 0.14
   36 N    2 -1  1  2 -4  1  3 -2 -2 -4 -3  2 -3 -5 -1  1  0 -5 -4 -2   16   2   6  14   0   7  18   2   0   1   2  13   0   0   2  11   5   0   0   2  0.36 0.26
   37 E    0  1 -2  0 -5  3  5 -3 -2 -4 -2  2 -2 -5  0 -2 -2 -4 -5 -3    7   7   1   4   0  13  37   1   0   1   4  14   1   0   4   2   2   0   0   1  0.67 0.40
   38 L   -1 -3 -3 -3 -2 -2 -1 -5 -4  3  4 -3  0 -1 -4 -3 -1 -3 -2  1    4   1   1   1   1   1   5   1   0  17  48   1   1   1   1   1   3   0   1  10  0.64 0.35
   39 D    1 -2 -1  2 -5  1  5 -3 -3 -4 -4  2 -4 -5 -3  0 -1 -6 -4 -2   14   1   2  12   0   6  39   2   0   1   1  10   0   0   1   5   3   0   0   2  0.68 0.40
   40 E    1  0 -1  1 -3  2  4 -4 -3 -4 -2  3 -3 -5 -2 -1 -1 -5 -4 -3   14   3   2   7   0   8  33   1   0   1   3  16   0   0   2   3   3   0   0   1  0.57 0.36
   41 A    2 -2 -3 -3 -1 -1 -1 -4 -3 -1  4  2  0 -2 -3 -1 -1  0 -1 -1   16   1   1   1   1   3   3   1   0   1  42  14   2   1   1   4   2   1   2   4  0.40 0.30
   42 Q   -1  1  0 -1 -4  4  4 -3 -2 -4 -3  3 -3 -5 -4 -2  0 -5 -4 -4    5   7   3   3   0  18  33   1   1   1   3  15   1   0   0   2   5   0   0   1  0.69 0.40
   43 K    2  1  0 -1 -4  2  3 -2 -3 -3 -3  3 -2 -5 -3  0 -1 -5 -4 -3   22   5   4   3   0  10  17   2   0   1   2  23   1   0   0   4   2   0   0   1  0.48 0.32
   44 L   -2 -1 -2 -1 -6  4  6 -5 -3 -5 -2  3 -4 -6 -4 -3 -3 -6 -5 -4    3   3   1   3   0  16  47   0   0   0   4  18   0   0   0   1   1   0   0   1  1.08 0.55
   45 A    2 -1  0 -3  1 -3 -2 -3 -3  1  2  0 -1 -1 -3 -1 -2 -4  0  2   21   3   6   1   3   0   2   0   0  10  25   6   0   2   0   4   1   0   4  13  0.24 0.21
   46 T    2 -1  1  3 -5  2  3 -3 -3 -4 -3  2 -3 -5 -3  0 -1 -5 -5 -4   21   2   6  16   0   8  23   1   0   0   2  11   0   0   1   4   3   0   0   1  0.55 0.34
   47 E    0 -2 -2  3 -6  1  6 -4 -2 -5 -5  0 -4 -6 -5 -2 -3 -6 -5 -4    7   2   2  14   0   6  55   1   0   1   1   6   0   0   0   3   1   0   0   1  1.14 0.56
   48 W    0 -3  1 -4 -3 -1 -1 -4  0 -1  3 -2  2  0 -5 -2 -2  3  4 -2    7   1   8   0   0   3   4   0   3   2  35   3   6   4   0   3   2   4  14   2  0.42 0.29
   49 E   -3  1  2 -2 -4  2  2 -4  0 -3 -1  4 -2 -1 -4 -2 -1  2  3 -4    0   7  10   2   0   8  11   0   2   1   5  30   1   2   0   1   4   3  10   1  0.52 0.34
   50 N   -4 -4  3  7 -7  0  2 -4 -3 -7 -7 -2 -6 -7 -5 -3 -3 -8 -7 -6    1   0  14  62   0   3  13   1   0   0   0   1   0   0   0   1   2   0   0   0  1.67 0.68
   51 K   -2  5 -1 -2 -6  3 -1 -4 -1 -5 -2  5 -1 -5 -5 -2 -2 -6 -5 -4    2  30   2   1   0  14   3   0   1   0   5  35   1   0   0   3   2   0   0   0  0.98 0.50
   52 F   -1 -4 -4 -6 -4 -4 -4 -6  1 -1  3 -5  1  3 -6 -4 -3  3  7 -1    5   1   1   0   0   0   1   0   3   2  32   0   3  10   0   0   1   3  34   4  1.06 0.50
   53 L   -3 -4 -6 -6 -5  1 -5 -7 -5  1  6 -2  2 -3 -6 -5 -4 -5  0  0    2   1   0   0   0   6   0   0   0   6  68   3   5   0   0   0   1   0   3   5  1.16 0.53
   54 R   -6  9 -5 -7 -8 -4 -5 -7 -4 -8 -6 -1 -4 -6 -7 -6 -6 -7 -2 -7    0  96   0   0   0   0   0   0   0   0   0   2   0   0   0   0   0   0   2   0  2.93 1.03
   55 V    2 -3 -3 -4 -3 -1 -3 -4 -4  0  4 -2  1 -3 -4  0  1 -5 -3  1   20   1   1   0   0   2   1   0   0   3  40   2   3   0   0   7  10   0   0   9  0.49 0.33
   56 S    1  0  0 -4 -2  5 -1 -3  2 -2  0  0  2 -1 -4  0 -1 -4  2 -1   15   6   3   0   1  26   1   0   6   1   9   4   6   2   0   6   2   0   6   5  0.37 0.30
   57 A    7 -6 -6 -6 -5 -5 -6 -4 -6 -6 -6 -5 -6 -7 -5 -1 -5 -7 -6 -5   97   0   0   0   0   0   0   0   0   0   0   0   0   0   0   3   0   0   0   0  2.40 0.94
   58 E   -6 -5 -4  6 -8 -2  7 -6 -5 -8 -8 -4 -7 -8 -6 -4 -5 -8 -7 -7    0   0   0  36   0   0  63   0   0   0   0   0   0   0   0   0   0   0   0   0  2.15 0.85
   59 M   -3 -6 -5 -7 -6 -5 -6 -6 -4  0  1 -6  4  8 -7 -5 -2 -3  3 -2    2   0   0   0   0   0   0   0   0   4  12   0  12  55   0   1   3   0   8   2  1.60 0.63
   60 Q   -1 -4 -2  6 -7  2  5 -5 -4 -4 -6 -3 -3 -7 -5 -3 -4 -7 -6 -4    4   0   1  40   0   7  42   0   0   1   1   0   1   0   0   1   1   0   0   1  1.43 0.64
   61 N   -7 -6  9 -4 -8 -5 -5 -6 -4 -9 -9 -5 -7 -8 -7 -4 -5 -9 -7 -8    0   0 100   0   0   0   0   0   0   0   0   0   0   0   0   0   0   0   0   0  3.35 1.15
   62 V   -4 -6 -6 -7 -6 -5 -6 -7 -2  1  0 -6  2  6 -7 -4 -2 -3  7  0    1   0   0   0   0   0   0   0   0   7   8   0   6  30   0   1   3   0  38   5  1.47 0.60
   63 Q   -5  7 -4 -5 -8  0 -4 -6 -2 -7 -6  5 -6 -7 -6 -4 -5 -7 -6 -7    0  58   0   0   0   4   0   0   1   0   0  36   0   0   0   0   0   0   0   0  2.01 0.79
   64 R   -5  5 -2 -5 -7 -2 -4 -6 -5 -7 -7  7 -4 -7 -6 -4 -3 -7 -6 -7    0  29   2   0   0   1   0   0   0   0   0  66   0   0   0   0   1   0   0   0  2.01 0.80
   65 R   -6  9 -5 -7 -8 -4 -5 -7 -5 -6 -6 -2 -6 -7 -7 -5 -5 -8 -7 -7    0  98   0   0   0   0   0   0   0   0   0   0   0   0   0   0   1   0   0   0  3.05 1.07
   66 G    1 -4  0 -4 -3 -2 -3 -4 -1 -1  0 -2  3 -1 -4  1  4 -4 -2  1   13   0   6   0   0   1   0   0   1   3   7   2   8   3   0  11  31   0   1  12  0.45 0.33
   67 N    2  1  0  0 -5  3  4 -3 -3 -1 -1  0 -1 -4 -4 -1  0 -5 -4 -3   16   8   3   4   0  15  27   0   0   4   6   5   1   0   0   4   5   0   0   1  0.43 0.31
   68 E   -3  6 -2 -4 -4  2 -1 -6 -4 -4 -4  6 -4 -7 -5 -4 -3 -7 -6 -5    1  37   2   0   0   7   3   0   0   1   1  45   0   0   0   0   1   0   0   0  1.44 0.63
   69 E   -5 -4 -4  3 -8 -1  7 -6 -4 -6 -7 -4 -7 -8 -6 -4 -5 -8 -7 -7    0   0   0  17   0   2  79   0   0   0   0   0   0   0   0   0   0   0   0   0  2.18 0.87
   70 R   -3  4 -3 -5 -6  1 -3 -5 -3 -1 -2  6  1 -1 -5 -3 -2 -4 -3  0    1  19   1   0   0   6   0   0   0   3   4  48   4   2   0   1   1   0   1   8  0.98 0.50
   71 L    2 -2 -1  1 -5  2  5 -3 -3 -1 -2 -2  0 -4 -4  1 -1 -5 -4 -3   15   1   2   6   0   8  40   1   0   3   4   1   3   1   0  10   3   0   0   1  0.61 0.39
   72 Q   -1 -1  2  5 -6  2  4 -2 -3 -5 -5  0 -3 -6 -4  0 -1 -6 -5 -5    5   3   9  28   0   7  31   2   0   1   1   5   1   0   0   5   3   0   0   0  0.82 0.43
   73 L    2 -2 -3 -3 -3 -2 -3 -4 -3  2  3 -3  2  2 -4 -1 -1  1  0 -1   22   1   1   1   0   1   1   0   0  13  29   1   5  11   0   4   3   2   3   2  0.38 0.27
   74 I    0  2 -3 -3 -3 -1 -2 -3  3  3  1 -1  1  0 -4 -1 -1 -2  3  1    7  14   1   1   0   3   1   1   7  18  12   3   3   2   0   3   4   0  11   8  0.25 0.21
   75 K   -1  2 -1 -1 -4  1  0 -4 -3 -4 -3  6 -3 -6 -4  0 -1 -6 -4 -4    5   9   2   4   0   6   5   1   0   1   3  54   1   0   0   5   3   0   0   1  0.94 0.49
   76 Y   -4 -3 -1  0 -5 -3 -4 -6 -2 -3 -3 -5 -3  5 -7 -2 -1 -2  8 -3    1   2   3   5   0   1   1   0   0   1   2   0   1  25   0   3   5   0  48   1  1.53 0.65
   77 R    6  0 -4 -2 -3 -3 -3  3 -4 -3 -5 -2 -3 -5 -5  0 -3 -6 -6 -3   62   5   0   2   0   1   1  19   0   1   0   2   0   0   0   5   0   0   0   1  1.16 0.57
   78 S    0 -2  5 -2 -1 -1 -2  0  0  0  0 -1 -1 -4 -4  1  0 -4 -3  0    9   1  31   0   1   2   1   8   2   7   9   3   1   0   0  12   5   0   1   6  0.39 0.28
   79 Q    0 -2 -3 -2 -2  4  6 -4 -3 -3 -4 -1 -1 -4 -5 -1 -1 -6 -5 -3    9   2   1   1   1  15  54   1   0   1   1   3   2   1   0   4   4   0   0   1  1.06 0.55
   80 D   -1  1  2  3 -4  0  1  0 -2 -5 -4  3 -3 -5 -1  2 -1 -5 -4 -4    4   8  11  15   0   4   8   8   0   0   0  19   0   0   2  15   2   0   0   1  0.42 0.28
   81 L   -2 -5 -6 -6 -1 -5 -6 -6 -5  2  4 -5  0  4 -5 -4 -1 -4 -3  2    3   0   0   0   1   0   0   0   0  12  43   0   2  20   0   0   4   0   0  14  0.93 0.44
   82 A    3 -5 -6 -6 -3 -5 -5 -4 -6  5  2 -5  2 -1 -5 -3 -3 -5 -4  3   22   0   0   0   0   0   0   1   0  30  21   0   4   2   0   1   1   0   0  18  0.81 0.41
   83 K   -1  3 -1 -3 -2  0  1 -2 -2 -2  0  4 -1 -3 -4  0  1 -5 -3 -2    4  14   3   0   1   3  10   2   1   2  10  30   1   1   0   6   9   0   0   3  0.39 0.28
   84 K    0 -2  1  5 -6  1  4 -2 -3 -6 -6  1 -4 -6 -3  0 -3 -6 -5 -5    8   1   5  28   0   5  33   2   0   0   0  10   0   0   1   5   1   0   0   0  0.86 0.45
   85 I   -5 -6 -7 -7 -3 -6 -7 -7 -6  3  5 -6  3  1 -7 -6 -4 -3 -4  0    0   0   0   0   0   0   0   0   0  18  65   0   7   5   0   0   0   0   0   4  1.40 0.58
   86 L   -6 -6 -8 -8 -4 -6 -7 -8 -7  1  6 -7 -2 -3 -7 -7 -5 -6 -5 -1    0   0   0   0   0   0   0   0   0   7  89   0   0   0   0   0   0   0   0   3  1.95 0.75
   87 S   -2 -6 -2  0 -7 -2 -1 -3 -5 -6 -6 -5 -6 -8  8 -1 -1 -8 -6 -5    3   0   2   5   0   2   3   2   0   0   1   0   0   0  72   5   3   0   0   0  2.06 0.80
   88 S    0 -6 -6 -7 -5 -6 -6 -5 -7  3 -2 -6 -2 -3 -4 -2 -2 -7 -5  6    8   0   0   0   0   0   0   1   0  17   2   0   0   1   1   3   2   0   0  66  1.45 0.62
   89 L   -1 -3 -6 -6 -3 -4 -5 -5 -5  4  4 -3  2 -1 -5 -3 -3 -5 -2  3    6   1   0   0   0   0   0   0   0  22  37   1   5   1   0   1   0   0   2  21  0.80 0.39
   90 D   -7 -7 -3  9 -9 -5 -2 -6 -6 -8 -9 -6 -8 -9 -6 -5 -6 -9 -8 -8    0   0   1  99   0   0   1   0   0   0   0   0   0   0   0   0   0   0   0   0  3.13 1.07
   91 N   -3 -5  8  3 -5 -4 -4 -4 -1 -7 -8 -5 -6 -7 -6  1 -2 -8 -6 -7    3   0  70  14   0   0   0   1   1   0   0   0   0   0   0   9   2   0   0   0  2.02 0.80
   92 L   -6 -6 -7 -8 -4 -6 -7 -7 -6 -1  5 -7  2  7 -7 -6 -5 -4 -2 -3    0   0   0   0   0   0   0   0   0   3  52   0   5  39   0   0   0   0   0   0  1.69 0.66
   93 E   -5 -2 -2  2 -8  0  7 -4 -2 -8 -6 -3 -6 -8 -6 -3 -4 -7 -6 -7    0   2   1   9   0   3  79   1   1   0   0   1   0   0   0   2   1   0   0   0  1.95 0.81
   94 R   -3  8 -4 -6 -8 -3 -4 -6 -2 -5 -2  0  2 -7 -7 -5 -6 -7 -5 -6    2  83   0   0   0   0   0   0   1   0   4   3   5   0   0   0   0   0   0   0  2.30 0.87
   95 A    7 -6 -6 -6 -5 -5 -5  0 -6 -6 -6 -5 -5 -7 -5 -2 -4 -7 -6 -3   90   0   0   0   0   0   0   6   0   0   0   0   0   0   0   2   1   0   0   1  2.05 0.84
   96 L   -3 -5 -6 -6 -4 -4 -5 -7 -6  3  5 -5  3 -2 -6 -5 -4 -5 -4  1    2   0   0   0   0   1   0   0   0  17  62   0   6   1   0   0   0   0   0   9  1.21 0.52
   97 A    3 -3  0  2 -5  3  3 -2 -2 -4 -4  1 -3 -5 -4  1 -1 -4 -4 -3   26   0   5  10   0  11  22   2   0   0   1   9   0   0   0  11   2   0   0   1  0.55 0.36
   98 V    3 -4  0 -2 -1  0 -1 -3  5 -1 -3 -2 -1 -2 -4  2  0 -5 -3  1   30   0   5   1   1   3   2   0  13   4   1   1   1   2   0  19   6   0   0  10  0.48 0.34
   99 E    2 -2  0  2 -3  0  4 -1 -2 -2 -3 -1  0 -3  0  1 -1 -5 -4 -2   20   1   4  11   0   3  26   3   1   2   2   3   3   1   4  10   4   0   0   3  0.35 0.26
  100 G    0 -1  1  2  0  1  2  2 -1 -3 -4  1 -3 -4  0  1  0 -5 -4 -1    9   2   7  13   2   5  16  14   1   1   0   8   0   0   4  10   4   0   0   4  0.28 0.20
  101 L    1 -2  1  3 -3  1  3 -1 -2 -3 -3  1 -2 -5 -2  1  0 -5 -4 -3   10   1   8  19   0   6  18   4   1   1   2   8   1   0   2  10   7   0   0   1  0.37 0.25
  102 T    0 -2  2  3 -2  0  1 -1 -1 -2 -2  0 -2 -2 -1  2  1 -5 -3 -1    8   0   8  21   1   2  10   4   1   2   4   4   1   2   2  15   9   0   0   5  0.26 0.20
  103 D   -1 -2  0  5 -6  1  5 -2 -1 -5 -5  1 -5 -6 -2  0 -2 -6 -5 -5    5   1   4  28   0   5  34   3   1   0   1   7   0   0   2   6   2   0   0   0  0.85 0.44
  104 D    1 -3  2  3 -3  1  2  0 -2 -5 -5  0 -4 -5  0  2 -1 -5 -4 -3   13   0   9  19   0   5  11   7   1   0   0   6   0   0   5  19   2   0   0   1  0.45 0.30
  105 V   -2 -5 -5 -5 -4 -4 -5 -5 -3  3  3 -5  2  4 -5 -4 -2 -2  1  2    2   0   0   0   0   0   0   0   0  16  33   0   5  19   0   1   1   0   5  15  0.76 0.37
  106 K    0  3 -3 -4 -3  0 -2 -4  0  1  0  4  0 -1 -4 -1 -2 -4  1  1    6  14   0   0   1   4   1   0   2   7  11  31   2   2   0   3   2   0   6   9  0.40 0.29
  107 K   -2 -1 -2  1 -6  3  5 -5 -3 -5 -5  4 -3 -6 -5 -2 -1 -6 -5 -4    3   1   2   8   0  11  44   0   0   0   0  22   1   0   0   3   3   0   0   1  1.05 0.53
  108 G   -4 -7 -5 -6 -7 -7 -7  8 -7 -9 -9 -6 -8 -8 -7 -4 -6 -7 -8 -8    0   0   0   0   0   0   0  99   0   0   0   0   0   0   0   0   0   0   0   0  2.83 0.97
  109 L   -4 -6 -5 -7 -5 -6 -6 -6 -6  4  0 -5  3  0 -6 -5 -2 -6 -4  6    0   0   1   0   0   0   0   0   0  24   8   0   8   3   0   1   2   0   0  53  1.33 0.56
  110 E   -2  0 -1  1 -5  2  6 -3 -2 -5 -4  1 -3 -5 -5 -2 -2 -6 -5 -4    3   4   3   7   0   9  55   1   0   1   2   8   0   0   0   2   2   0   0   1  1.06 0.53
  111 M   -5 -5 -3 -8 -6 -5 -7 -7 -6 -1  4 -4  9 -4 -7 -6 -5 -6 -5 -4    1   0   1   0   0   0   0   0   0   3  38   1  55   0   0   0   0   0   0   0  2.20 0.84
  112 V   -4 -6 -6 -6 -3 -6 -6 -7 -7  6 -3 -6 -3 -5 -6 -4  4 -6 -5  4    0   0   0   0   0   0   0   0   0  42   0   0   0   0   0   0  30   0   0  27  1.46 0.64
  113 Q   -3 -1 -4 -4 -2  0  0 -4  4 -1  2 -2  0  2 -5 -3 -3 -2  6 -2    2   4   1   1   1   4   5   1   9   4  24   2   2   7   0   2   0   0  30   2  0.69 0.38
  114 E   -3  4  2  1 -5  1 -1 -2 -2 -5 -5  5 -5 -6 -4 -1 -1 -6 -5 -5    1  20  11   8   0   6   3   3   1   1   0  37   0   0   0   5   4   0   0   0  0.84 0.44
  115 S   -3 -2 -1 -2 -6  7  1 -1  1 -5 -2  2  1 -6 -5  0 -2 -6 -5 -5    1   1   3   1   0  50   9   5   3   0   4  11   4   0   0   6   2   0   0   1  1.08 0.56
  116 L   -4 -6 -7 -7 -3 -6 -7 -7 -6  1  5 -6  3  6 -7 -6 -4 -3 -2 -2    1   0   0   0   0   0   0   0   0   6  51   0   6  34   0   0   1   0   0   1  1.47 0.60
  117 I   -1  0 -1 -2 -3  1  0 -3 -1  1  2  2  2 -1 -4 -1  0 -1  0  0    2   4   3   2   0   7   5   1   1   8  24  14   7   2   0   3   5   1   3   8  0.17 0.17
  118 S    0 -1  2  4 -4  1  2 -1 -1 -5 -5  2 -3 -5 -4  1  0 -6 -4 -4    6   2   9  24   0   6  15   5   1   0   0  14   0   0   0  11   5   0   0   0  0.53 0.32
  119 A    2 -4 -4 -4  0 -4 -4 -3 -4  3  0 -3  0  0 -4 -1  2 -5 -2  3   21   0   0   0   2   0   0   1   0  16   7   1   2   5   0   5  13   0   1  25  0.47 0.31
  120 L   -5 -6 -7 -8 -5 -6 -7 -8 -7 -1  6 -6  3  3 -7 -6 -4 -5 -4 -2    0   0   0   0   0   0   0   0   0   1  80   0   5  11   0   0   0   0   0   1  1.74 0.69
  121 K    0 -1  0  0 -5  1  5 -1 -2 -5 -5  4 -4 -5 -4  0  0 -6 -4 -3    8   2   5   3   0   4  34   4   1   0   0  24   0   0   0   6   6   0   0   2  0.67 0.40
  122 E   -2  2  0 -1 -5  3  0 -3 -3 -6 -6  6 -5 -7 -5 -1 -2 -6 -5 -5    2  10   5   4   0  12   4   2   0   0   0  54   0   0   0   5   2   0   0   0  1.15 0.55
  123 E   -1 -2  3 -3 -3  0  3 -4  5 -3  0  0  0  4 -5 -2 -3 -3  2 -3    4   2  14   0   0   5  18   0  14   1   8   5   2  17   0   2   0   0   6   1  0.52 0.34
  124 G   -4 -5  1 -2 -5 -3 -3  7  0 -8 -8 -3 -4 -7 -6 -3 -5 -7 -6 -7    0   0   6   3   0   1   2  81   2   0   0   1   0   0   0   1   0   0   0   0  1.94 0.74
  125 V   -3 -6 -7 -7 -2 -6 -6 -7 -7  3  3 -6 -1 -4 -6 -5 -4 -6 -5  6    2   0   0   0   1   0   0   0   0  16  27   0   1   0   0   0   0   0   0  53  1.35 0.58
  126 E   -2  0 -2 -2 -4  1  5 -5 -2 -3 -4  4 -3 -4 -4  0  2 -6 -5 -1    3   4   1   0   0   4  36   0   1   1   1  25   0   1   0   6  12   0   0   6  0.76 0.44
  127 E    0  0 -4 -3 -3  0  5 -4 -3 -2 -4  0 -2 -5  4 -2 -2 -6 -4  0    8   4   0   0   0   4  37   1   0   2   1   6   1   0  23   2   2   0   1   7  0.78 0.44
  128 V   -3 -7 -7 -7 -5 -5 -6 -7 -5  7 -1 -6  3  0 -6 -5 -3 -6 -3  3    1   0   0   0   0   0   0   0   0  66   4   0   6   4   0   0   1   0   0  16  1.65 0.64
  129 S   -1 -3  1  4 -6  0  5 -4 -3 -5 -6  1 -5 -6  1 -1 -3 -6 -5 -3    5   0   5  25   0   3  40   1   0   0   0   8   0   0   6   4   1   0   0   1  0.93 0.48
  130 Y    5 -5 -3 -4  0 -3 -4  4 -3 -5 -5 -4 -5 -6  0 -1 -1 -6 -5 -4   47   0   1   1   2   1   1  35   0   0   0   0   0   0   5   3   4   0   0   0  1.12 0.54
  131 E   -3 -2 -2  0 -3  4  6 -5 -2 -6 -5  4 -4 -7 -5 -3 -3 -6 -5 -4    2   1   1   4   1  18  45   0   1   0   1  23   0   0   0   1   1   0   0   1  1.20 0.59
  132 S   -1 -2 -3 -1 -5 -1  2  2 -2 -5 -5  2 -3 -5  6 -2 -1 -6 -5 -3    4   1   1   4   0   3  12  14   1   0   1  15   0   0  37   1   4   0   0   1  0.86 0.44
  133 F   -7 -8 -8 -9 -7 -8 -8 -8 -6 -5 -3 -8 -4 10 -9 -7 -7 -4 -1 -5    0   0   0   0   0   0   0   0   0   0   1   0   0  97   0   0   0   0   1   0  3.40 1.09
  134 D   -6 -6  3  8 -8 -5 -3 -6 -6 -8 -8 -5 -8 -8 -6 -4 -6 -9 -8 -8    0   0  12  87   0   0   1   0   0   0   0   0   0   0   0   0   0   0   0   0  2.69 0.96
  135 H   -3 -7 -7 -6 -7 -6 -5 -6  0 -6 -7 -6 -3 -7  8 -4 -1 -8 -2 -4    3   0   0   0   0   0   0   0   3   0   0   0   1   0  85   1   3   0   2   2  2.71 0.98
  136 N   -1 -2  6  1 -3  1  2 -4  3 -6 -5 -1 -3 -4 -5 -1  0 -6 -1 -4    6   2  44   8   1   5  12   1   6   0   1   2   1   1   0   3   4   0   2   1  0.91 0.47
  137 I   -4 -1 -4 -5 -1 -1 -3 -6 -1  1  3  0  0  5 -5 -4 -3 -1  3  1    0   3   0   0   1   3   2   0   2   8  28   7   2  23   0   0   1   1  10  10  0.58 0.32
  138 H   -6 -6 -5 -7 -5 -3 -5 -8 11 -9 -8 -6 -7 -6 -8 -6 -7 -8 -4 -9    0   0   0   0   0   1   0   0  98   0   0   0   0   0   0   0   0   0   0   0  4.17 1.29
  139 M   -4 -4  2  0 -7  5  6 -6  4 -7 -6 -3 -2 -7 -5 -4 -4 -7 -3 -6    0   0   9   4   0  27  47   0  10   0   0   0   1   0   0   0   0   0   1   0  1.52 0.69
  140 A    7 -6 -6 -6 -2 -5 -5 -3 -6 -6 -6 -5 -5 -7 -4 -3 -5 -7 -6 -3   95   0   0   0   1   0   0   1   0   0   0   0   0   0   0   1   0   0   0   2  2.25 0.90
  141 V   -4 -6 -6 -7 -3 -5 -6 -7 -6  4  1 -6  6 -3 -6 -5 -4 -6 -4  6    0   0   0   0   0   0   0   0   0  20  10   0  20   1   0   0   0   0   0  49  1.45 0.60
  142 Q    1 -4 -3 -4 -4  2 -3 -1 -3 -2 -1 -3  7  1 -5  2  1 -5 -3 -2   10   0   1   0   0   8   1   4   0   1   5   1  35   5   0  14  10   0   0   2  0.80 0.47
  143 T   -3  1 -2 -4 -5  6  0 -5  4 -3 -3  0  4 -5 -5 -1  2 -5 -2 -2    2   7   1   0   0  33   5   0  11   1   1   4  12   0   0   3  14   0   1   3  0.83 0.47
  144 V   -2 -3 -4 -2 -3  1  2 -4 -3  3 -1 -2  1 -2 -4 -3 -1 -5 -3  5    2   1   0   2   0   7  18   1   0  14   3   1   3   2   0   1   3   0   0  39  0.60 0.35
  145 P   -3 -4 -3  1 -6 -1  6 -4 -2 -5 -6 -1 -5 -6  5 -3 -4 -6 -6 -5    2   0   1   8   0   2  53   1   1   0   0   3   0   0  27   1   1   0   0   0  1.43 0.63
  146 A    2 -1  1 -1 -1 -2 -1 -1 -1 -2 -3 -1 -2 -3 -3  3  2 -4 -3  1   18   3   6   2   1   1   4   3   2   2   2   3   1   1   1  29  13   0   0  10  0.35 0.24
  147 D    0 -2  1  4 -3  0  2 -2 -2 -4 -3 -1 -3 -4  3  0  0 -4 -3 -3    9   1   6  28   1   3  15   3   1   1   2   3   1   1  13   7   6   0   0   2  0.51 0.26
  148 D   -2 -3 -1  6 -4 -2  4  0 -3 -5 -5 -1 -4 -5 -1  0 -1 -5 -5 -4    4   0   2  44   0   1  25   7   0   0   1   3   0   0   2   5   3   0   0   1  1.00 0.44
  149 E    0 -2  0  1 -2  0  4  1 -1 -2 -2  0 -1 -3 -2  0 -1 -3 -3  0    7   1   3   7   1   4  34  10   1   2   3   5   2   1   2   6   3   0   1   8  0.33 0.21
  150 H   -1 -2 -2 -1 -4  1  2 -4  6 -2 -1  0 -2  0 -4 -2 -3 -3  3  2    5   1   1   3   0   7  15   1  19   1   5   7   0   4   0   2   1   0  12  15  0.48 0.31
  151 P   -2 -3 -3  1 -4  0  4 -1 -4 -5 -2  0 -1 -6  6 -3 -2 -6 -5 -4    3   0   1   7   0   4  29   5   0   0   4   5   2   0  36   1   2   0   0   1  1.01 0.49
  152 A    1 -2  0  2 -3 -1  3 -2 -1 -3 -4  2 -3 -4  3  2 -1 -4 -3 -2   11   1   3  11   0   2  24   1   1   1   1  11   0   0  12  15   3   0   1   2  0.44 0.26
  153 D   -4 -4  6  2 -5 -2 -1  4  0 -7 -7 -4 -3 -6 -5 -3 -4 -7 -5 -6    0   0  41  13   0   2   3  35   2   0   0   0   1   0   0   1   0   0   0   0  1.36 0.59
  154 S   -2 -2 -3 -4 -2  0 -1 -5  2  1 -2  1  1 -5 -4 -1  6 -5 -3  0    2   1   0   0   1   5   4   0   5  10   2  10   4   0   0   4  46   0   1   6  0.74 0.45
  155 I   -5 -7 -7 -7 -3 -6 -7 -7 -7  5 -3 -6 -3 -5 -7 -6 -4 -7 -5  7    0   0   0   0   0   0   0   0   0  29   0   0   0   0   0   0   0   0   0  70  2.00 0.76
  156 V    0 -5 -6 -6  0 -5 -5 -5 -6  4  1 -4  2 -3 -5 -3 -1 -4 -4  5    7   0   0   0   2   0   0   0   0  27  13   1   5   0   0   1   4   0   0  39  0.93 0.44
  157 Q   -1 -2 -1  3 -4  4  5 -4 -1 -6 -5  0 -1 -5 -5 -1 -2 -5 -5 -5    6   2   2  13   0  20  43   1   1   0   0   4   1   0   0   3   2   0   0   0  0.98 0.51
  158 V   -4 -5 -5 -3  0 -1  5 -6 -5 -1 -4 -4 -4 -6 -6 -4 -1 -7 -5  5    1   0   0   1   2   2  42   0   0   1   1   0   0   0   0   0   3   0   0  48  1.38 0.66
  159 F   -4 -5 -5 -6 -3 -5 -6 -6  0  1  4 -5  4  5 -6 -5 -3 -3  2  1    1   0   0   0   1   0   0   0   2   7  34   0  11  27   0   0   1   0   5  11  1.00 0.45
  160 Q   -4  1 -5 -5 -6  8  1 -5 -2 -5 -4 -3 -3 -8 -6 -3 -4 -7 -6 -5    1   6   0   0   0  78   8   1   1   0   2   1   1   0   0   2   1   0   0   1  2.21 0.92
  161 K   -2  1 -2 -3 -6 -2 -3 -5 -5 -5 -7  7 -6 -7 -1 -3 -1 -7 -6 -5    2   7   1   1   0   1   1   0   0   1   0  77   0   0   4   1   4   0   0   1  1.82 0.76
  162 G   -4 -7 -5 -6 -4 -7 -7  8 -7 -9 -7 -6 -7 -8 -7 -5 -6 -7 -8 -8    0   0   0   0   0   0   0  99   0   0   0   0   0   0   0   0   0   0   0   0  2.81 0.96
  163 Y   -7 -7 -7 -9 -5 -7 -7 -8 -3 -7 -6 -7 -6  0 -8 -7 -7 -1 10 -6    0   0   0   0   0   0   0   0   0   0   0   0   0   2   0   0   0   1  97   0  3.69 1.21
  164 Q   -2  1 -3 -4 -2 -1 -2 -5 -3  0  1  3  5 -1 -4 -2  2 -1  1 -1    2   6   0   0   1   3   1   0   0   5  15  19  17   3   0   2  16   1   4   4  0.43 0.31
  165 L   -4 -4 -7 -7 -4 -5 -6 -7 -4  2  5 -5  3  2 -6 -5 -4 -3  3 -2    0   1   0   0   0   0   0   0   0  12  61   1   6   7   0   0   1   0   9   1  1.22 0.53
  166 H   -3 -1  5 -2 -6 -1 -2  1  6 -7 -6  4 -5 -5 -5 -3 -4 -5 -2 -6    2   2  28   2   0   2   2   9  21   0   0  29   0   0   0   1   0   0   1   0  1.19 0.56
  167 E   -5 -5 -1  7 -7 -3  2  3 -4 -7 -7 -3 -7 -7 -5 -2 -4 -7 -7 -7    0   0   3  57   0   1  13  22   0   0   0   1   0   0   0   3   1   0   0   0  1.59 0.66
  168 R   -5  7 -4 -5 -8 -2 -4 -6 -3 -7 -6  5 -5 -7 -6 -4 -4 -7 -6 -6    0  62   0   0   0   1   0   0   1   0   0  34   0   0   0   1   0   0   0   0  2.05 0.79
  169 L   -4 -6 -7 -7 -4 -6 -6 -7 -7  1  4 -6 -2 -4 -5 -6 -3 -6 -5  6    0   0   0   0   0   0   0   0   0   6  33   0   0   0   0   0   1   0   0  59  1.50 0.62
  170 L   -4 -6 -7 -7 -5 -6 -7 -7 -7  6  5 -6 -1 -3 -7 -6 -4 -6 -5  1    0   0   0   0   0   0   0   0   0  42  48   0   0   0   0   0   0   0   0   9  1.52 0.60
  171 R   -6  9 -5 -7 -8 -4 -5 -7 -5 -6 -6 -2 -5 -8 -7 -6 -6 -8 -7 -7    0  99   0   0   0   0   0   0   0   0   0   0   0   0   0   0   0   0   0   0  3.07 1.05
  172 P    0 -6 -6 -6 -5 -5 -4 -6  4 -6 -7 -5 -6  0  8 -4 -4 -7  2 -6    8   0   0   0   0   0   0   0  10   0   0   0   0   5  69   1   1   0   6   0  2.19 0.82
  173 A    6 -5 -5 -5 -3 -5 -5 -4 -5 -6 -6 -5 -5 -6 -3  4 -1 -7 -6 -4   67   0   0   0   0   0   0   0   0   0   0   0   0   0   1  28   3   0   0   1  1.57 0.71
  174 M   -5  0 -5 -7 -6 -2 -5 -7 -6 -2  1  3  9 -4 -6 -4 -4 -4 -5 -3    0   6   0   0   0   1   0   0   0   1   9  21  58   0   0   1   1   0   0   1  1.94 0.78
  175 V   -4 -7 -8 -8 -4 -7 -7 -8 -8 -2 -4 -7 -4 -5 -7 -6 -4 -8 -6  8    0   0   0   0   0   0   0   0   0   0   0   0   0   0   0   0   0   0   0  99  2.62 0.93
  176 V   -1  0 -3 -4 -3 -2 -3 -1 -3  2 -3  5  1 -4 -4  0  0 -6 -4  3    5   3   0   0   0   1   0   4   0  10   1  34   3   0   0   7   4   0   0  26  0.59 0.37
  177 V   -5 -7 -7 -8 -5 -7 -7 -8 -8  1 -3 -7 -4 -4 -7 -6 -3 -7 -6  8    0   0   0   0   0   0   0   0   0   6   0   0   0   0   0   0   1   0   0  93  2.36 0.85
  178 A    5 -5  0 -4  0 -4 -4  0 -5 -5 -5 -4 -5 -6 -4  4 -2 -6 -4 -3   46   0   4   0   2   0   0   7   0   0   0   0   0   0   0  37   1   0   0   2  1.14 0.57
  179 Q   -4  1 -4 -4 -7  4  2 -5 -4 -6 -6  7 -5 -7 -5 -4 -4 -6 -5 -6    0   7   0   0   0  16  14   0   0   0   0  63   0   0   0   0   0   0   0   0  1.62 0.64

                      K         Lambda
Standard Ungapped    0.1265     0.3079
Standard Gapped      0.0410     0.2670
PSI Ungapped         0.2073     0.3179
PSI Gapped           0.0634     0.2670
