
Last position-specific scoring matrix computed, weighted observed percentages rounded down, information per position, and relative weight of gapless real matches to pseudocounts
           A  R  N  D  C  Q  E  G  H  I  L  K  M  F  P  S  T  W  Y  V   A   R   N   D   C   Q   E   G   H   I   L   K   M   F   P   S   T   W   Y   V
    1 M   -6 -6 -7 -8 -6 -5 -7 -8 -6 -1 -1 -6 11 -5 -7 -6 -5 -6 -6 -4    0   0   0   0   0   0   0   0   0   2   2   0  96   0   0   0   0   0   0   0  3.52 1.10
    2 A    5 -4  0 -2 -4 -3 -2 -3 -1 -2 -4 -1 -4 -5  2  2 -1 -6 -5 -2   57   0   4   2   0   0   1   1   1   2   1   3   0   0  11  13   3   0   0   1  0.90 0.49
    3 K   -5  1  0 -3 -7 -2 -2 -6 -5 -4 -6  8 -5 -7 -4 -2 -1 -2 -6 -4    0   5   4   1   0   1   1   0   0   1   0  80   0   0   1   2   3   1   0   1  1.85 0.76
    4 T   -3  1  2  3 -4  3  3 -4 -2 -2 -2  1  0 -5 -2 -2  0 -5 -3 -2    1   7   9  18   0  15  20   0   0   3   3   8   3   0   2   1   5   0   0   3  0.45 0.30
    5 I   -4 -4 -6 -7 -4 -6 -6 -7 -6  6  2 -4  0  0 -6 -5 -3  0 -4  4    0   1   0   0   0   0   0   0   0  42  20   1   2   4   0   0   1   2   0  28  1.19 0.51
    6 A   -1  1 -1 -3 -2 -1 -1 -3  0  2  1  3  0 -2 -3  0  0 -4  0  2    4   8   2   1   1   2   2   0   3  11  14  19   2   1   0   5   7   0   3  15  0.19 0.18
    7 Y   -5 -2 -3 -4 -6 -4 -6 -6  1 -3 -1 -2 -2  8 -7 -2 -2 -3  4 -4    0   2   2   1   0   1   0   0   4   1   4   3   1  62   0   3   3   0  13   0  1.67 0.67
    8 D   -1 -1  2  2 -5  1  0  5  0 -5 -5 -1 -4 -3 -3  1 -2 -3 -1 -5    3   3  10  13   0   7   5  39   3   1   0   3   0   1   1   9   1   0   2   0  0.63 0.34
    9 E    0 -1  0  3 -4  1  3 -2  0 -2 -2  0 -2 -2  2  0  0 -3 -3 -1    6   3   5  15   0   6  22   2   2   3   3   5   1   1   8   8   5   0   1   4  0.26 0.19
   10 E   -1 -2  1  4 -5  1  5 -3  0 -3 -4  0 -3 -5 -2 -1 -2 -6 -5 -3    6   2   5  24   0   4  37   2   2   1   1   5   0   0   2   4   2   0   0   2  0.73 0.39
   11 A    6 -4 -4 -5  0 -4 -4  1 -5 -2 -1 -4 -2 -4 -2  0 -1 -5 -5  0   64   1   0   0   1   0   0   9   0   2   6   0   1   0   2   4   3   0   0   7  0.96 0.49
   12 R   -3  7 -4 -2 -2  0 -3 -4  0 -1 -1  1 -3 -2 -4 -2 -3 -5 -2 -4    2  61   0   2   1   3   1   1   2   3   7   6   0   2   1   2   1   0   2   1  1.19 0.53
   13 R    1  2  0  1 -2  2  1 -2 -1 -2 -1  2 -1 -2 -2  0 -1 -4 -2 -2   16  12   4   8   1  10   9   2   1   3   6  15   1   1   1   4   3   0   1   1  0.21 0.16
   14 G    2  1 -1 -1 -1  0 -1  0 -1 -3  0  3 -1 -3 -1  1 -1 -4 -3 -3   22   8   2   2   1   3   3   7   1   1   9  23   1   1   3  11   2   0   0   1  0.27 0.21
   15 L   -3 -4 -5 -5 -4 -4 -5 -5 -5  4  4 -4  6  0 -5 -4 -3 -4 -3  0    1   0   0   0   0   0   0   0   0  23  44   1  20   3   0   1   0   0   0   5  1.03 0.42
   16 E    0  1 -2 -3 -2  2 -1 -3 -1  1  3  0  1  0 -3 -2 -2 -2 -1  0    9   7   2   0   1  11   4   1   1   9  33   7   4   3   0   1   1   1   2   4  0.24 0.19
   17 R    1  4  0  0 -4  2  2 -3 -1 -3 -3  2 -2 -4 -3  0 -1 -4 -3 -2   11  26   3   4   0  11  13   0   1   1   1  13   1   0   0   7   2   0   1   3  0.46 0.27
   18 G   -1 -6 -4 -5 -6 -5 -5  7 -6 -3 -6 -5 -6 -6 -6 -2 -5 -6 -6 -3    5   0   0   0   0   0   0  87   0   2   0   0   0   0   0   3   0   0   0   2  2.09 0.71
   19 L   -1 -5 -5 -6 -1 -5 -5 -5 -5  4  0 -5  2  0 -5 -3 -2 -2 -2  5    6   0   0   0   1   0   0   0   0  25   7   0   4   3   0   1   1   1   1  49  0.99 0.43
   20 N   -2  0  4  5 -5  0  2 -3  0 -4 -4  0 -3 -4 -4  0 -2 -5 -3 -5    3   6  24  30   0   4  13   1   2   1   1   6   1   1   0   6   2   0   1   0  0.70 0.35
   21 S   -1  1 -2 -2 -1  1  0 -3 -2  2  0  3  0 -1 -3 -1  1 -2 -2  0    5   6   1   1   1   7   6   1   0  16   9  25   2   2   1   4   9   0   1   4  0.20 0.18
   22 L   -2 -5 -5 -6 -1 -4 -5 -3 -5  2  5 -5  3 -1 -5 -4 -2  0 -2  2    2   0   0   0   1   0   0   2   0  12  56   0   7   2   0   0   1   2   1  14  0.85 0.36
   23 A    5 -4 -1 -1  2 -3 -2 -1 -2 -3 -3 -2 -3 -3 -4  1  0 -5 -1  0   62   0   2   4   4   0   1   2   1   1   1   1   0   1   0   7   6   0   2   5  0.81 0.41
   24 D   -2  1  3  5 -3  1  1 -3 -1 -4 -4  2 -2 -5 -4  0 -2 -6 -5 -5    2   9  13  42   1   6   6   1   1   1   1  11   1   0   0   5   2   0   0   0  0.78 0.34
   25 A    5 -4 -3 -4  0 -4 -4 -3 -4  0  0 -4 -1 -4  0 -1  1 -5 -2  1   55   0   1   0   2   0   0   0   0   6  11   0   1   0   5   2  10   0   1   8  0.69 0.37
   26 V   -2 -6 -6 -2 -4 -5 -5 -3 -6  2  0 -5  1 -4 -5 -5 -2 -6 -4  7    3   0   0   2   0   0   0   2   0  10   5   0   3   0   0   0   2   0   0  74  1.37 0.51
   27 K    2  3 -2 -2  1  0 -1  1 -3 -2 -2  3 -1 -4 -3  0  0 -4 -2 -2   22  16   1   1   3   3   2  11   0   2   4  21   1   0   0   7   4   0   1   1  0.30 0.21
   28 V   -1 -1 -2 -3  2  1 -2  0 -2  2 -1 -2 -1 -2  1  1  0 -4 -2  3    3   3   1   0   4   8   1   7   1  12   3   1   1   1   8  13   6   0   1  26  0.20 0.18
   29 T   -2 -5 -1 -1  0 -4 -4 -5 -5 -4 -5 -4  0 -6 -5  0  7 -6 -5 -4    2   0   2   4   2   0   0   0   0   0   0   0   2   0   0   4  79   0   0   0  1.62 0.65
   30 L   -2 -4 -4 -5 -3 -3 -4 -5  0  2  4 -2  5  1 -5 -2 -3 -3  1  0    3   0   0   0   0   0   0   0   3  12  45   3  20   5   0   3   0   0   6   3  0.69 0.31
   31 G   -3 -1 -3 -4 -5 -4 -1  7 -5 -6 -6 -4 -5 -6  0 -1 -4  3 -5 -6    0   4   0   0   0   0   4  79   0   0   0   0   0   0   4   4   0   4   0   0  1.58 0.50
   32 P   -1 -1 -4 -4 -5 -4 -4 -2  0 -5 -3 -3 -4 -5  8 -1 -4 -5  0 -5    5   3   0   0   0   0   0   3   3   0   3   0   0   0  75   3   0   0   3   0  1.92 0.54
   33 K    0  0  0 -2  2  0  0 -1  2  0 -1  0  1  1 -3  0  0  3  1  0    6   6   5   0   5   5   6   6   5   6   6   6   5   5   0   6   6   5   5   6  0.08 0.12
   34 G   -1 -3 -5 -6 -4 -4 -5  7 -4 -8 -8 -4 -7 -7  0 -3 -4 -7 -7 -7    4   2   0   0   1   1   1  83   0   0   0   1   0   0   6   1   1   0   0   0  2.06 0.86
   35 R   -5  8 -2 -5 -1 -1 -3 -1  0 -7 -4  1 -4 -7 -4 -2 -4 -7 -4 -6    0  71   2   0   1   2   1   5   2   0   2   8   0   0   1   2   1   0   0   0  1.78 0.80
   36 N   -2 -2  7 -2 -1 -3 -4 -4  1 -3 -2 -3 -3 -4 -2 -1  2 -4 -2 -3    4   2  55   1   1   0   0   1   3   2   5   1   1   1   2   3  13   0   2   2  1.18 0.62
   37 V    0 -6 -7 -7 -2 -6 -6 -4 -7  0 -3 -6 -2 -5 -6 -5 -3 -7 -5  7    7   0   0   0   1   0   0   1   0   3   1   0   1   0   0   0   1   0   0  84  2.02 0.86
   38 V    1 -5 -6 -6 -3 -5 -5 -3 -6  4  2 -5  1 -4 -4 -4 -2 -5 -4  5   14   0   0   0   0   0   0   2   0  26  16   0   3   0   0   0   2   0   0  35  0.90 0.47
   39 L   -4 -6 -4 -6 -3 -5 -6 -6 -3  6  4 -5  1  0 -6 -4 -2 -5 -1  1    1   0   1   0   0   0   0   0   1  43  33   1   3   3   0   1   2   0   2   9  1.11 0.52
   40 E    0 -2 -1  4 -6  2  5 -1  0 -4 -6 -2 -5 -5 -3  0 -1 -1 -4 -5    8   2   2  19   0   8  42   4   2   1   0   2   0   0   1   5   3   1   0   0  0.84 0.49
   41 K   -3  4  1  1 -2  3 -1 -2  0 -5 -4  4 -2 -5 -2  0 -2 -5 -2 -4    1  20   6   7   1  15   3   3   2   0   1  27   1   0   2   7   2   0   1   1  0.66 0.41
   42 K   -1  0  0  0 -4  0  1  1 -2 -4 -3  2 -3 -3  2  3  0 -3 -3 -3    4   4   5   4   0   3   8   9   1   1   3  16   1   1  10  25   4   0   0   2  0.32 0.28
   43 W   -2 -2  0  1 -5 -3 -2  0  1 -3 -2 -2 -1  4 -3 -1 -1  6  5 -2    3   3   5   7   0   0   2   6   4   1   4   2   2  19   1   5   4  12  17   2  0.56 0.35
   44 G   -1  0 -2 -1 -6 -1 -2  6 -1 -5 -5 -2 -5 -4 -5  0 -3 -6 -3 -4    4   6   1   4   0   3   3  63   2   0   1   3   0   1   0   6   1   0   1   1  1.19 0.57
   45 A    2  0  0 -2 -3 -1 -1  1 -2 -3 -2 -1 -1 -3  2  3  0 -5 -2 -1   20   5   5   1   0   2   2   9   0   1   4   3   2   1  10  27   4   0   2   3  0.33 0.29
   46 P   -3 -6 -6 -6 -3 -4 -5 -5 -2 -3 -3 -5 -3 -5  8 -3 -3 -7 -2 -2    2   0   0   0   1   1   0   1   1   2   3   0   1   1  79   2   1   0   2   3  2.35 0.96
   47 T   -2  1 -2 -2 -4  1  2 -4  1  0  0  3 -1 -1 -3 -1  2 -4 -1  0    2   6   1   1   0   7  13   0   3   7  10  23   1   3   0   3  12   0   1   6  0.26 0.24
   48 I   -2 -5 -5 -6 -4 -4 -4 -6 -6  6  1 -6 -1 -1 -4 -3 -2 -2 -4  5    2   0   0   0   0   1   1   0   0  39  10   0   1   3   1   3   2   1   0  36  1.10 0.53
   49 T   -3 -5 -5 -5 -3 -5 -5 -5 -6  1  1 -5 -4 -4 -5  0  7 -6 -5  1    1   0   0   0   0   0   0   1   0   6  13   0   0   0   0   7  60   0   0  10  1.33 0.70
   50 N   -3  1  5  2 -7 -3 -3 -4 -1 -7 -5  6 -5 -5 -5 -1 -2 -7 -6 -6    1   7  28   9   0   0   0   1   2   0   1  45   0   0   0   3   2   0   0   0  1.29 0.66
   51 D   -6 -6 -1  8 -8 -3 -3 -4 -2 -8 -8 -4 -4 -8 -6 -1 -6 -9 -8 -8    0   0   3  87   0   1   0   1   1   0   0   1   1   0   0   5   0   0   0   0  2.57 1.03
   52 G   -1 -7 -5 -5 -2 -6 -7  7 -7 -8 -8 -6 -7 -8 -7 -3 -3 -7 -8 -7    5   0   0   1   1   0   0  89   0   0   0   0   0   0   0   1   1   0   0   0  2.41 0.96
   53 V    1 -6 -3 -5 -4 -5 -5 -1 -3 -1 -2 -6 -3 -3 -6 -2 -3 -3  2  6   12   0   1   0   0   0   1   6   1   2   3   0   0   1   0   3   1   0   6  63  1.20 0.63
   54 S   -1 -4 -4 -5 -5 -2 -2 -5 -6 -4 -2 -3 -2 -4 -5  2  7 -7 -4 -2    5   1   0   0   0   1   2   0   0   0   3   2   1   1   0  14  65   0   0   3  1.44 0.76
   55 I   -3 -7 -7 -7 -5 -7 -7 -8 -7  6 -2 -7 -3 -5 -7 -6 -4 -7 -6  6    2   0   0   0   0   0   0   0   0  39   2   0   0   0   0   0   0   0   0  56  1.90 0.81
   56 A    7 -6 -6 -6 -3 -5 -5 -4 -6 -2 -3 -5 -1 -4 -5 -1 -2 -7 -6 -1   81   0   0   0   0   0   0   0   0   2   3   0   2   1   0   3   3   0   0   4  1.72 0.84
   57 K   -3  5  1 -2 -4  0  0 -5 -4 -7 -6  6 -4 -7 -5 -3 -3 -7 -6 -5    2  30   5   2   0   3   6   0   0   0   0  47   0   0   0   2   1   0   0   1  1.35 0.67
   58 E    1  2  1  0 -3  0  4 -2  0 -5 -4 -1 -4 -5 -3  2 -2 -5 -2 -4   12  11   5   5   0   3  32   2   2   0   2   2   0   0   1  18   2   0   1   0  0.57 0.41
   59 I   -5 -6 -5 -7 -4 -6 -7 -7 -7  7  0 -6 -1  1 -6 -3 -4 -6 -4  3    0   0   0   0   0   0   0   0   0  65   5   0   1   6   0   2   1   0   0  18  1.67 0.71
   60 E   -1 -2  0  2 -3  2  5 -4  0 -3 -4  0 -1 -2 -4  0 -1 -4 -2 -2    4   2   5  11   1   8  42   1   2   2   1   4   1   2   0   6   4   0   1   4  0.66 0.42
   61 L   -3 -5 -3 -2 -3 -5 -5 -6 -3  0  6 -6  0  2 -1 -2 -3 -5 -3 -1    2   0   1   2   1   0   1   0   1   4  66   0   2   9   3   4   1   0   0   3  1.09 0.56
   62 E    0 -1 -1  1 -5  0  4 -2 -2 -4 -4  3 -4 -5  3  1 -2 -6 -4 -3    6   3   2   6   0   4  25   3   1   1   2  19   0   0  16   8   2   0   0   2  0.54 0.37
   63 D   -3 -4  3  8 -4 -3  0 -2 -4 -5 -7 -4 -7 -7 -4 -3 -4 -8 -7 -7    2   1  11  71   0   1   4   4   0   1   0   1   0   0   1   1   1   0   0   0  1.90 0.82
   64 P    0  3 -2 -4 -6  0 -2 -3 -1 -3 -4  4 -5 -3  6 -2 -3 -6 -4 -3    7  16   2   0   0   3   3   2   1   1   2  21   0   1  33   3   1   0   0   1  0.90 0.50
   65 Y   -2 -2 -2 -1 -3 -3 -2 -3 -1  0  0 -3  1  5 -3 -2 -1  1  4  1    4   2   2   4   0   1   3   2   2   5   9   1   3  28   2   2   3   2  14  12  0.49 0.31
   66 E    0 -3 -4 -2 -6  2  6 -4 -1 -3 -4  2 -1 -6 -3 -3 -3 -3 -2 -2    8   1   0   1   0   8  54   1   1   1   2  11   2   0   1   1   1   0   1   4  1.05 0.60
   67 K   -4 -2  8  3 -7 -1 -2 -3 -1 -6 -6 -2 -6 -6 -6 -1 -3 -7 -4 -6    1   2  65  15   0   3   3   2   1   0   1   2   0   0   0   3   1   0   0   0  1.77 0.80
   68 I    1 -5 -4 -6 -3 -2 -3 -5 -5  4  2 -5  7 -2 -4 -2 -1 -5 -4  2   11   0   1   0   0   1   1   0   0  20  16   0  31   1   1   2   3   0   0  11  0.95 0.51
   69 G   -1 -4 -5 -4 -3 -6 -6  7 -6 -2 -7 -6 -7 -7 -6 -4 -6 -3 -7 -5    4   1   0   1   1   0   0  87   0   3   0   0   0   0   0   0   0   0   0   1  2.24 0.90
   70 A    6 -5 -6 -6 -1 -3 -5 -4 -6  0 -2 -5 -2 -6 -5 -3 -3  0 -5  2   68   0   0   0   1   1   0   1   0   6   3   0   1   0   0   1   1   2   0  15  1.38 0.71
   71 E   -1  2 -2 -1 -4  5  0 -3 -3 -4 -4  3  4 -4 -5  0 -1 -5 -3 -4    4   9   2   3   0  30   6   2   0   0   1  18  12   1   0   8   4   0   1   1  0.74 0.49
   72 L   -3 -6 -6 -7 -3 -5 -6 -7 -2  2  5 -6  5 -1 -5 -5 -3 -2 -1  0    2   0   0   0   1   0   0   0   1   9  60   0  15   2   0   0   1   0   2   5  1.26 0.60
   73 V   -1 -5 -6 -4 -1 -5 -6 -5 -6  4  2 -5  2 -3 -6 -5 -3 -5 -4  5    5   0   0   1   1   0   0   1   0  22  21   0   5   1   0   0   1   0   0  41  1.05 0.52
   74 K   -3  6 -3 -5 -3  3 -3 -6 -2 -3 -4  5 -4 -6 -5 -4 -3 -6 -3 -5    2  37   1   0   1  12   0   0   1   2   2  37   0   0   0   1   1   0   1   1  1.35 0.68
   75 E   -3 -3  0  3 -6  5  5 -4  3 -6 -6 -2 -5 -5 -5 -2 -3 -6 -4 -5    2   0   4  13   0  22  42   1   7   0   0   2   0   1   0   3   1   0   1   1  1.14 0.62
   76 V    4 -5 -6 -6 -4 -3 -5 -5 -6  0 -1 -5  2 -4 -4 -2 -3 -6 -5  5   34   0   0   0   0   1   0   0   0   4   6   0   5   1   0   3   1   0   0  43  1.07 0.59
   77 A    6 -5 -5 -6  1 -5 -5 -2 -6 -2 -1 -5 -3 -6 -5  1 -2 -6 -6  0   67   0   0   0   2   0   0   3   0   2   6   0   0   0   0  10   2   0   0   7  1.27 0.68
   78 K    0 -2  2 -1 -2  0 -1 -2 -1 -1 -1  0  0 -2 -4  4  0  6 -3 -2    6   2  10   3   1   4   4   2   1   4   5   5   2   2   0  29   6  10   0   3  0.41 0.33
   79 K   -1  3  2 -3 -6  2 -2 -4 -1 -5 -5  6 -4 -6 -5 -3 -1 -6 -5 -3    4  17  11   1   0   8   2   1   1   0   1  46   0   0   0   1   4   0   0   2  1.07 0.58
   80 T   -1 -6 -5 -5 -2 -2 -5 -6 -5 -2 -2 -5  2 -6 -6 -1  7 -7 -6  1    6   0   0   1   1   2   0   0   0   2   4   0   4   0   0   4  66   0   0  10  1.52 0.79
   81 D    0 -1  7  0 -2  0 -2 -2  3 -6 -5 -1 -5 -5 -5  2 -3 -6 -1 -2    7   3  45   5   1   4   2   2   7   0   1   4   0   0   0  12   1   0   2   4  0.97 0.55
   82 D   -2 -1  0  6 -4  1  4 -4  0 -5 -3  0 -3 -6 -5 -2 -1 -6 -4 -4    3   4   4  38   0   5  25   1   2   0   3   6   1   0   0   3   3   0   1   1  0.90 0.52
   83 V    0  1  0  0 -2  1  2 -3 -2  1  0  0 -1 -2 -3  0  0 -3 -2  2    8   7   4   4   0   5  18   1   1   7   8   6   1   1   0   6   5   0   1  16  0.15 0.17
   84 A    6 -6 -6 -6  0 -5 -5 -3 -4 -3 -3 -5 -3 -3 -4 -1 -1 -6 -2  3   63   0   0   0   2   0   0   1   0   1   2   0   1   1   1   4   3   0   2  18  1.24 0.67
   85 G   -4 -6 -5 -6 -7 -7 -6  8 -7 -8 -8 -6 -7 -8 -7 -5 -6 -7 -8 -8    1   0   0   0   0   0   0  95   0   0   0   0   0   0   0   1   0   0   0   0  2.72 1.08
   86 D   -7 -6 -2  9 -8 -5 -3 -6 -1 -8 -8 -5 -8 -8 -3 -5 -6 -8 -8 -8    0   0   1  93   0   0   1   0   2   0   0   0   0   0   1   0   0   0   0   0  2.90 1.13
   87 G   -4 -7 -5 -4 -3 -7 -7  8 -7 -8 -8 -6 -7 -8 -7 -5 -6 -7 -8 -8    1   0   0   1   1   0   0  95   0   0   0   0   0   0   0   1   0   0   0   0  2.74 1.07
   88 T   -1 -5 -2 -6 -1 -5 -6 -3 -6 -3 -6 -5 -6 -7 -5  0  8 -7 -6 -4    5   0   2   0   1   0   0   2   0   1   0   0   0   0   0   7  79   0   0   1  2.03 0.98
   89 T    1 -3 -5 -6 -6 -5 -6 -6 -6 -5 -6 -4 -3 -7 -6  0  8 -7 -6 -2   12   1   0   0   0   0   0   0   0   0   0   1   1   0   0   7  75   0   0   2  1.96 0.95
   90 T   -2 -6 -3 -6  0 -5 -5 -4 -6 -4 -4 -5 -1 -4 -6  0  8 -7 -5 -4    3   0   1   0   2   0   0   1   0   1   2   0   1   1   0   7  79   0   0   1  2.02 0.96
   91 A    6 -5 -5 -5 -3 -5 -5 -3 -6 -5 -5 -5 -3 -6 -4  2  3 -6 -6 -2   61   0   0   0   1   0   0   1   0   0   1   0   1   0   1  16  15   0   0   2  1.36 0.73
   92 T    2 -5 -3 -5  0 -5 -5 -4 -6  3 -2 -5  0 -4 -5 -2  6 -6 -5  1   16   0   1   0   2   0   0   1   0  14   3   0   2   0   0   2  49   0   0   8  1.09 0.63
   93 V   -3 -5 -7 -7 -2 -6 -4 -5 -7  4  1 -6 -2 -4 -6 -6 -3 -7 -5  6    1   1   0   0   1   0   1   1   0  19  13   0   0   0   0   0   1   0   0  61  1.52 0.71
   94 L   -5 -7 -7 -8 -6 -6 -7 -8 -7  2  6 -7  1 -2 -7 -7 -4 -6 -4 -2    1   0   0   0   0   0   0   0   0   8  83   0   3   1   0   0   1   0   0   2  1.85 0.82
   95 A    6 -6 -5 -6 -1 -5 -5 -2 -6 -3 -2 -5 -2  0 -3 -1  3 -6 -4 -3   62   0   0   0   1   0   0   3   0   1   4   0   1   5   1   4  16   0   0   1  1.21 0.69
   96 Q   -1  4  0 -2  0  6  1 -2  2 -6 -5 -1 -2 -5 -5 -2 -3 -3  1 -4    5  20   4   2   2  38   7   3   4   0   1   2   1   0   0   3   1   0   5   1  0.92 0.57
   97 A    5 -2 -1 -3 -2 -2  1 -1 -1 -5 -6 -1 -4 -6 -4  3 -2 -6 -3 -2   50   2   2   1   1   2   9   4   1   0   0   3   0   0   0  19   2   0   1   2  0.90 0.59
   98 L   -4 -7 -7 -7 -5 -6 -7 -7 -7  6  3 -6  6  0 -7 -5 -3 -6 -5  1    1   0   0   0   0   0   0   0   0  47  24   0  16   3   0   1   1   0   0   7  1.50 0.70
   99 V    1 -5 -6 -6  0 -5 -6 -5 -5  4  2 -5  0  4 -6 -4 -3 -4  3  3   10   0   0   0   2   0   0   1   0  23  17   0   2  14   0   1   1   0   9  20  0.76 0.43
  100 R    0  3  3  0 -3  1  0 -3  3 -5 -4  3 -3 -5 -4  0  0 -2 -4 -3    7  16  15   5   0   6   6   1   6   0   1  21   1   0   0   7   6   1   0   2  0.50 0.36
  101 E   -1  0  0  0 -4  2  6 -1 -1 -5 -2 -1 -3 -4 -5 -2 -3 -6 -4 -5    4   5   4   3   1   8  55   5   2   0   4   3   1   1   0   3   1   0   0   1  1.02 0.62
  102 G    1 -6 -5 -6  1 -6 -5  7 -6 -5 -3 -6 -2 -5 -6 -1 -3 -3 -4 -3   10   0   0   0   3   0   1  70   0   1   3   0   1   1   0   5   1   0   1   2  1.61 0.77
  103 L   -2 -3 -2 -4  1 -2 -3 -5  0  1  3 -3  4  3 -5 -2 -3 -3  0  1    4   1   2   1   3   2   1   0   3   8  34   2  11  11   0   3   1   0   3  11  0.52 0.34
  104 R   -2  4 -2 -1 -4  0  1 -6 -1 -5 -3  6 -4 -5 -3 -2 -4 -7 -5 -4    3  24   1   3   0   3   9   0   1   0   3  46   0   0   1   2   1   0   0   1  1.14 0.64
  105 N    2 -1  3 -3 -1  0 -2 -3  1 -2  0  0  0  0 -4  0 -2 -2  3 -1   20   3  17   0   1   3   2   1   4   2  11   6   3   4   0   7   1   1  10   5  0.26 0.27
  106 V   -2 -4 -5 -4 -5 -5 -5 -7 -6  5  2 -4  1 -4 -6 -5 -2 -4 -5  5    3   1   0   1   0   0   1   0   0  31  14   1   3   0   0   0   2   0   0  41  1.18 0.59
  107 A    4 -1  0  0 -4 -1  1 -3 -2 -2 -3 -1 -1 -4 -3  1  1 -5 -4  0   38   3   5   5   0   2   9   1   1   2   2   2   1   1   0  12  10   0   0   5  0.45 0.37
  108 A    5 -1 -2 -2 -3 -2  0 -2 -3 -4 -3  1 -3 -3 -4  2  0 -3 -2 -3   49   4   2   2   0   1   5   2   0   1   2   8   0   1   0  14   5   0   1   1  0.68 0.49
  109 G   -4 -6 -1 -2 -7 -5 -5  7 -7 -5 -7 -4 -7 -8 -7 -4 -5 -7 -6 -8    1   0   2   2   0   0   1  88   0   1   0   1   0   0   0   1   1   0   0   0  2.37 1.02
  110 A    4 -3 -3 -3  2 -3 -3  0  2  1 -1 -3  3 -1 -4  0 -1 -1  2  0   35   1   1   1   4   0   1   7   5   7   4   1   9   2   0   5   2   1   6   7  0.41 0.35
  111 N   -3 -3  8  3 -7 -3 -3 -4  0 -8 -8 -3 -7 -8 -4  1 -3 -8 -7 -6    2   1  63  14   0   1   1   1   2   0   0   1   0   0   1  11   1   0   0   0  1.82 0.88
  112 P    1 -3 -6 -6 -7 -5 -5 -4 -5 -2 -6 -5 -7 -5  8 -2 -4 -8 -4 -2   10   1   0   0   0   0   0   1   0   3   1   0   0   0  72   3   1   0   1   4  2.13 0.99
  113 L   -1 -1 -2 -5 -5  0 -4 -5  0  3 -1 -4  7 -3 -5 -3  0 -6 -4  4    4   3   2   1   0   4   1   1   2  16   3   1  29   0   0   2   5   0   0  25  0.93 0.55
  114 G    0  0 -1  3 -3  2  3 -1  0  0 -1 -1 -1 -2 -3  0 -1 -5 -2 -2   10   5   1  18   1   9  17   4   2   6   8   2   1   2   1   6   2   0   1   3  0.23 0.23
  115 L   -4 -6 -7 -7 -5 -5 -7 -7 -7  4  5 -5  1 -1 -4 -6 -5 -6 -5  2    1   0   0   0   0   0   0   0   0  24  57   0   3   2   1   0   0   0   0  10  1.37 0.66
  116 K   -2  6 -3 -5 -2  1 -2 -3 -5 -5 -4  5 -5 -7 -6 -2 -1 -3 -3 -3    3  37   1   0   1   5   1   2   0   1   1  38   0   0   0   3   3   1   1   2  1.24 0.68
  117 R   -3  7  0 -2 -3  0  0 -4  0 -3 -4  3 -4 -7 -3 -2 -2 -7 -4 -4    2  51   4   2   1   4   5   1   2   2   2  16   0   0   1   3   2   0   0   1  1.14 0.63
  118 G   -2 -7 -5 -3 -4 -3 -1  7  1 -8 -7 -6 -4 -7 -7 -3 -4 -3 -2 -5    4   0   0   1   0   1   5  80   3   0   0   0   0   0   0   2   1   0   2   1  1.95 0.90
  119 I   -3 -5 -7 -7 -5 -6 -7 -7 -7  6  3 -6  5 -2 -7 -4 -4 -6 -3  1    2   1   0   0   0   0   0   0   0  46  25   0  14   1   0   1   1   0   1   9  1.37 0.66
  120 E   -3 -1  0  5 -4  2  4 -3 -1 -3 -2  1  2 -4 -5 -2 -2 -6 -4 -3    2   2   4  28   0   8  29   1   1   1   4   8   5   0   0   2   2   0   0   2  0.75 0.48
  121 K    0  3 -2 -1 -5  1  0 -4 -1 -2  1  5  0 -2 -4 -1 -2 -3 -2 -2    9  13   2   3   0   6   5   1   1   3  12  32   2   1   0   3   2   0   1   2  0.45 0.35
  122 A    6 -3 -5 -5  0 -5 -4  1 -3 -3 -3 -4 -4 -5 -5 -2  1 -4 -3 -3   66   1   0   1   2   0   1  12   1   1   2   1   0   0   0   2   7   0   1   2  1.25 0.71
  123 V    1 -3 -5 -5  0 -4 -3 -2 -3  0  1 -2 -2 -2 -5 -1  1 -2 -4  5   14   2   0   0   2   0   1   3   1   3  13   2   1   1   0   5   9   1   0  43  0.64 0.44
  124 E    1  1  1  3 -3  0  3 -2  0 -4 -4  2 -4 -5  0 -1 -1 -6 -2 -4   11   6   5  20   1   4  18   3   2   1   1  14   0   0   4   4   3   0   1   1  0.41 0.32
  125 K    3  0 -1 -1 -1 -1  0 -2 -1  0  0  1 -1  0 -3 -1  0 -2 -1  0   31   4   2   3   1   2   7   1   2   5   7   8   1   4   1   3   6   0   2   8  0.18 0.22
  126 V    2 -6 -6 -6 -1 -3 -4 -5 -6  3  1 -5  0 -2 -5 -3 -2 -6 -5  5   20   0   0   0   1   1   1   1   0  15  14   0   2   1   0   1   2   0   0  42  0.91 0.52
  127 T   -1 -2 -4 -2  1 -2 -2 -4 -4  3  2 -3  0 -3 -5 -2 -1 -5 -3  4    5   3   1   2   3   2   3   1   0  18  16   1   1   1   0   4   4   0   0  36  0.57 0.37
  128 E    3 -1  0  2 -5  1  4 -1 -2 -4 -5  2 -4 -6 -4  0 -1 -6 -3 -3   23   2   5  11   0   6  25   4   1   1   1  11   0   0   0   6   4   0   1   1  0.52 0.39
  129 T    1 -1  0  0 -3  1  4 -3  1 -2 -3  1 -1  0 -4  0 -2 -2  2 -1   15   2   4   4   1   6  25   2   3   2   2   8   2   4   0   7   2   0   7   4  0.30 0.28
  130 L   -6 -6 -7 -8 -3 -6 -7 -8 -5  4  6 -5  1 -1 -6 -6 -5 -6 -5 -1    0   0   0   0   0   0   0   0   0  19  71   1   2   2   0   0   0   0   0   3  1.63 0.76
  131 L   -1  2  0  1 -5  1  2 -2  0 -2 -1  4 -2 -4 -2 -1 -1 -5 -3 -3    6  12   4   7   0   7  12   2   2   2   7  29   0   0   2   3   3   0   0   2  0.39 0.31
  132 K    1  1  1  0 -4  0  3 -2 -3 -3 -3  4 -3 -5 -4  1 -1 -5 -4 -4   14   6   5   4   0   4  17   3   0   1   3  25   1   0   0  13   3   0   0   0  0.45 0.35
  133 S   -1  1  1 -2 -2  3 -2 -3  1  1  1  0  5 -1 -4  0 -2 -4 -1 -2    4   6   7   2   1  14   1   1   4   8  15   6  17   2   0   7   1   0   2   2  0.33 0.30
  134 A    5 -3 -4 -5 -2 -4 -3 -3 -3 -3 -5  0 -2 -6 -5  4  1 -6 -5 -1   40   1   0   0   1   0   2   1   0   1   1   6   1   0   0  35   7   0   0   4  0.98 0.61
  135 K   -3  4 -3 -3 -5  2 -1 -4  0  0 -2  4 -2 -3 -4 -1  0  0 -2  1    1  20   1   1   0   8   3   0   2   7   3  31   1   1   0   3   7   1   1   9  0.59 0.41
  136 E   -2 -2 -3  0 -6  0  1 -3 -1 -3 -5  2  0 -6  7 -2 -1 -6 -4 -4    3   2   1   4   0   5   9   2   1   2   1  12   2   0  48   2   4   0   1   1  1.14 0.61
  137 V   -1 -5 -5 -4  3 -5 -4 -5 -4  4  1 -5 -1 -2 -4 -3 -2 -6 -4  5    5   0   1   1   6   0   1   1   0  26  11   0   1   1   1   2   2   0   0  41  0.94 0.49
  138 E    0  0  2  1 -3  0  2 -3  0 -2 -4  2 -3 -5 -2  2  3 -5 -4 -2    7   5   8   8   1   4  13   1   2   3   1  13   0   0   1  14  18   0   0   2  0.34 0.29
  139 T   -2 -3  1  4 -5 -2 -1  2 -3 -4 -4 -2 -5 -5 -5  2  4 -6 -4 -4    3   1   5  20   0   1   3  17   1   1   2   3   0   0   0  15  27   0   1   1  0.67 0.45
  140 K   -1  2  0  0 -2  1  0 -2  0 -1 -2  2 -1 -2  2  1 -1 -3 -1 -2    4  10   4   6   1   6   5   3   3   5   4  16   1   2  11  12   3   0   1   3  0.17 0.16
  141 E    0  0 -1  3 -2  0  5 -1 -2 -4 -5  1 -5 -4 -3 -1 -1 -2 -4 -4    7   6   2  16   1   4  37   4   1   1   1   9   0   1   1   4   4   1   0   1  0.67 0.43
  142 Q    0 -1 -1  3 -2  3  4 -3 -1 -3 -3  0  1 -3 -4  0 -1 -3 -3 -2    7   3   2  15   1  11  33   1   2   1   2   4   3   1   0   6   4   0   1   2  0.54 0.36
  143 I   -3 -5 -5 -6 -5 -4 -6 -6 -6  6  3 -4  2 -2 -6 -5 -2 -2 -1  2    2   0   1   0   0   1   0   0   0  47  29   1   4   1   0   0   2   0   2   9  1.14 0.53
  144 A    4  0 -2 -3 -2  1  1 -2 -1  0 -1  1 -2 -2 -4  0  0 -4 -1 -1   38   6   1   1   1   5   9   1   1   5   6   8   1   2   0   5   6   0   2   4  0.33 0.29
  145 A    1  1  3  0 -3  6  0 -1  2 -4 -5  0 -3 -4 -2 -1 -3 -1 -2 -4   10   8  12   5   0  35   4   5   5   1   0   5   1   1   2   4   1   1   1   1  0.66 0.44
  146 T   -1 -5 -5 -4 -4 -5 -5 -4 -5  3  2 -5  0 -1 -5 -4 -2 -5 -4  6    5   0   0   1   0   0   0   1   0  16  15   0   2   2   0   0   2   0   0  52  0.97 0.48
  147 A    6 -5 -4 -4 -1 -4 -4  2 -5 -3 -1 -4  0 -5 -4 -2 -2 -5 -5 -2   66   0   0   1   1   0   0  13   0   1   7   0   2   0   0   2   2   0   0   2  1.15 0.60
  148 G    0  0 -1 -3 -2 -1  1 -2 -2 -1 -1 -1 -1 -3 -4  1  5 -4 -2 -2    8   6   2   1   1   3   9   2   1   4   5   4   1   1   0  12  38   0   1   2  0.46 0.35
  149 I    0 -3 -2 -4 -2 -4 -4 -3 -4  6  0 -4 -1 -2 -4  0  1 -4  0  2    6   1   2   0   1   0   0   2   0  43   6   0   1   1   0   7  10   0   4  14  0.67 0.39
  150 S    3 -4 -3 -4 -4 -4 -2 -3 -4 -2 -2 -4 -4 -3 -4  6  0 -5 -5  0   21   0   0   0   0   0   2   1   0   2   4   0   0   1   0  56   4   0   0   6  1.02 0.59
  151 A    5 -4  0 -4  4 -3 -4 -1 -1 -2 -3 -4 -1 -3 -1  2  0 -5 -2 -1   48   0   5   0   7   1   0   4   2   2   2   0   2   1   3  12   5   0   2   4  0.70 0.45
  152 G   -1 -1  5 -1 -5  0 -2  5  0 -6 -3 -2 -5 -3 -5 -2 -3 -5 -2 -5    5   3  27   2   0   4   2  41   2   0   3   2   0   1   0   3   1   0   1   0  0.94 0.50
  153 D   -3 -5  1  7 -6 -2  0  0  1 -6 -6 -3 -6 -6 -5  0 -2 -7 -6 -4    2   0   6  59   0   2   5   8   3   0   0   1   0   0   0   8   3   0   0   1  1.39 0.66
  154 Q    1  2 -1  2 -4  0  3 -3 -1 -3 -3  1 -2 -3  2 -1 -1  0 -2 -1   10  14   2  11   0   3  18   2   1   1   2  10   1   1  11   4   3   1   1   4  0.32 0.25
  155 S    0  0  0  1 -2  0  4 -2  1 -3 -3  1 -2 -2 -2  0  0  1 -2 -2    9   5   4   8   1   4  32   3   4   1   2   8   1   2   2   5   5   2   1   3  0.36 0.28
  156 I   -2 -4 -4 -3 -1 -4 -2 -2 -5  5  2 -1  2 -3 -2 -3 -1 -4 -4  3    2   0   0   1   1   0   3   4   0  37  19   4   4   0   2   1   4   0   0  16  0.60 0.36
  157 G    1 -3 -4 -4 -5 -4 -3  6 -5 -5 -1 -4 -4 -2 -2 -1 -2  0 -5 -2   12   2   0   0   0   0   2  61   0   0   8   0   0   2   2   4   3   1   0   2  1.10 0.54
  158 D    0  1  1  1 -1  1  3  0  0 -3 -3  2 -1 -4 -3  1  0 -4 -2 -2    8   6   7   7   1   6  19   6   1   1   2  14   1   0   0  11   4   0   1   3  0.25 0.22
  159 L   -2 -2 -2 -2 -1 -1 -1 -2  1  2  3 -1  4 -1 -2 -2 -1 -4 -1  0    2   2   2   2   1   2   3   4   4  14  32   5  11   2   2   2   4   0   2   4  0.30 0.24
  160 I   -1 -4 -4 -1 -3 -4 -4 -4 -4  5  1 -4  2  0 -4 -1 -1 -4 -3  2    6   0   0   4   0   0   0   1   0  43  13   0   4   4   0   4   4   0   0  14  0.66 0.36
  161 A    4 -1 -3 -2  2 -1 -1  1  0 -1 -2 -1  0 -1 -3  0 -1 -4  0 -1   45   2   0   2   4   2   2   8   2   3   4   2   2   2   0   7   3   0   3   4  0.38 0.30
  162 E   -1  0  0  3 -4  2  3 -1  0 -2 -2  1 -1 -2 -3 -1 -1 -4 -1 -3    4   4   4  16   0  11  25   4   2   2   3   8   2   2   0   4   4   0   2   0  0.35 0.25
  163 A    6 -6 -6 -6 -1 -5 -5 -4 -6  2 -2 -5  1 -6 -4 -1 -1 -6 -6  0   65   0   0   0   1   0   1   1   0  10   4   0   3   0   1   3   4   0   0   6  1.27 0.70
  164 M   -4 -6 -4 -7 -5 -5 -6 -7 -2  3  2 -6  7  4 -6 -4 -4 -2  3  1    1   0   1   0   0   0   0   0   1  16  15   0  26  18   0   1   1   0   9  10  1.14 0.58
  165 D   -1 -1  0  4 -3  0  4 -2  0 -4 -3  2 -3 -3 -4  0 -1 -1  0 -4    6   2   3  21   1   4  28   3   2   1   3  11   0   1   0   6   4   1   3   0  0.53 0.38
  166 K   -1  3 -2 -3 -6  2  1 -4 -1 -1 -2  5 -3 -4 -5 -2  0 -6 -3 -2    5  13   1   1   0   7   8   1   1   4   4  40   0   0   0   3   7   0   1   3  0.71 0.47
  167 V    0 -6 -6 -6 -1 -5 -6 -5 -6  3  1 -5  0 -3 -6 -4 -2 -6 -5  6    8   0   0   0   1   0   0   1   0  12  10   1   2   1   0   1   2   0   0  59  1.28 0.63
  168 G   -4 -6 -4 -2 -7 -5 -4  7 -6 -7 -6 -4 -7 -7 -3 -3 -3  0 -7 -6    1   0   1   2   0   1   1  86   0   0   1   1   0   0   1   1   1   1   0   1  2.22 0.95
  169 N   -1  2  0 -1 -4  0  1 -3 -1 -2 -2  4 -1 -3  3 -1 -1 -5 -3 -1    6  13   5   3   0   3   7   1   2   3   4  24   2   1  15   3   3   0   1   4  0.37 0.29
  170 E   -3 -3  2  5 -3 -1  4 -3  2 -6 -4  0 -4 -2 -4 -2 -2 -6  0 -6    2   1   9  35   1   2  23   2   5   0   1   7   0   2   1   3   2   0   4   0  0.88 0.52
  171 G    0 -7 -3 -6 -2 -6 -5  7 -6 -4 -7 -6 -7 -7 -6 -3 -5 -1 -7 -4    7   0   1   0   1   0   1  83   0   1   0   0   0   0   0   1   1   1   0   1  2.16 0.93
  172 V    0 -2 -2 -5 -4 -1 -3 -3  1  2 -1 -2  1 -2 -3 -2 -1 -5 -1  5    9   2   2   0   0   3   1   2   3  12   6   2   3   2   1   3   4   0   2  42  0.58 0.38
  173 I   -3 -7 -7 -7 -3 -6 -7 -7 -7  7  0 -6 -3 -1 -6 -6 -3 -3 -4  5    2   0   0   0   1   0   0   0   0  50   7   0   0   2   0   0   2   1   1  34  1.62 0.73
  174 T   -2 -2  0 -1 -1 -2 -1 -4  0  0 -2 -3 -1 -2 -5  2  6 -6 -3 -1    3   3   5   3   1   2   4   1   2   4   4   1   1   2   0  12  47   0   1   5  0.77 0.53
  175 V   -2 -6 -6 -4 -3 -6 -6 -6 -7  5  0 -6 -1 -1 -6 -3 -1 -2 -3  6    2   0   0   1   0   0   0   1   0  28   7   0   2   2   0   2   3   1   1  49  1.31 0.66
  176 E   -3  1 -2  1 -7  1  6 -4 -2 -4 -4  2 -1 -7 -5 -2 -4 -7 -6 -2    3   7   1   7   0   5  54   1   1   1   2  10   1   0   0   2   1   0   0   3  1.15 0.67
  177 E   -2 -2 -1  3 -6 -1  6 -5 -3 -3 -4 -1 -2 -4  1  0 -1 -7 -4 -5    3   2   3  18   0   2  44   1   0   1   2   3   1   1   6   7   4   0   0   1  0.89 0.57
  178 S    0 -4 -1 -2 -3 -3 -4  5 -2 -5 -6 -4 -6 -4 -6  4 -2 -6 -1 -5    8   1   3   2   0   1   1  43   1   1   1   1   0   1   0  31   2   0   3   1  1.10 0.64
  179 N   -2  2  2 -2 -3  2 -1 -1  1 -2 -3  4 -1 -3  0  0 -1 -3  0 -2    3  10  11   2   0   8   3   4   3   2   2  26   1   1   5   7   4   0   3   3  0.40 0.31
  180 T    0 -1  0 -2 -3 -2 -2  3 -1 -2 -3  0 -3 -4 -4  2  4 -2 -2 -3    8   3   3   3   0   1   3  18   2   2   2   5   1   1   1  17  26   1   1   1  0.45 0.38
  181 F    0  0 -1 -1 -3 -1 -1 -1  0  0  2 -2  1  2  1  0  0 -3 -1  0    7   6   2   2   0   3   3   6   2   6  22   1   4   9   6   5   6   0   2   5  0.08 0.12
  182 G   -1 -1  1  2 -3  0  4  1  0 -2 -3  1 -3 -2 -4 -1 -1 -2  1 -2    4   3   6  11   1   3  27  12   2   2   2  10   0   1   0   5   4   0   5   3  0.35 0.28
  183 L   -4 -5  1  4 -2 -4 -4 -4  0  0  0 -5 -1 -2 -3 -1  5 -6 -1  0    0   0   5  21   1   0   0   1   3   5  10   0   2   2   1   3  37   0   2   7  0.75 0.49
  184 Q   -2 -1 -1  1 -3 -1  5 -2  0 -1 -4 -1 -3 -2 -2  0  2 -1  1 -2    3   3   2   7   1   2  39   3   2   4   1   2   0   2   2   6  12   1   5   3  0.54 0.40
  185 L   -3  1 -5 -5 -2  0 -4 -5 -1  2  4 -2  2 -1 -5 -3 -1  3  0  2    2   9   0   0   1   5   0   0   2  10  37   1   4   2   0   2   3   3   3  15  0.51 0.33
  186 E   -3 -1 -1  2 -6  1  5 -4 -1  0 -3 -1 -2 -3 -3 -1 -1 -6 -2 -2    2   3   2  13   0   5  45   1   1   7   2   3   1   1   1   4   3   0   1   3  0.73 0.46
  187 L   -2 -1 -3 -4 -4  0 -2 -5  1  3  0 -2  0  3 -4 -2 -1  0  4  3    3   3   1   0   0   4   3   0   3  14   9   2   1  11   0   2   4   1  14  21  0.42 0.27
  188 T   -1 -2 -1 -2  0  1 -1 -2 -1  2 -1 -1 -1 -2 -2  0  2 -4  0  3    4   2   2   2   2   8   4   3   2  13   3   3   1   2   1   6  15   0   3  24  0.23 0.21
  189 E   -1 -1 -1  3 -2  0  5  0  0 -5 -3  0 -2 -5 -1 -1 -2 -5 -2 -3    5   3   3  14   1   4  41   7   2   0   2   5   1   0   2   4   2   0   1   2  0.65 0.38
  190 G   -1 -5 -4 -5 -5 -5 -5  7  1 -1 -6 -5 -5 -5 -5 -2 -5  2 -5 -5    4   0   0   0   0   0   0  77   3   5   1   0   0   0   0   3   0   3   0   0  1.77 0.68
  191 M   -2 -5 -5 -3  0 -2 -3 -2 -1  1  1 -2  7  0 -2 -1 -1  3  3 -1    4   0   0   2   2   2   2   3   2   6  14   2  29   4   2   5   5   4   8   4  0.66 0.39
  192 R   -1  2 -1 -1 -1  3  2 -2  1 -1 -2  1  0 -1 -1  0 -1  1  1 -1    3  10   2   2   2  14  17   2   4   4   3  10   2   3   2   8   4   2   5   4  0.19 0.19
  193 F   -4 -4 -5 -5 -4 -4 -5 -5  1  3  1 -5  2  5 -5 -2 -1  6  2  0    0   0   0   0   0   0   0   0   3  15  15   0   4  29   0   4   3  11   6   6  0.82 0.42
  194 D   -1  0  1  5 -5  0  3 -2  0 -4 -4  1 -4 -4  0 -1 -1 -5 -1 -2    5   4   7  33   0   3  17   3   3   0   1   8   0   0   4   3   3   0   3   3  0.54 0.34
  195 K    0  4  0 -2 -1  0 -1  1  1 -3 -3  2 -3 -4 -2  1  0 -1 -4 -1    7  28   5   1   2   4   2   9   4   1   1  10   0   0   1  13   7   1   0   4  0.37 0.30
  196 G   -3 -1  0 -2 -5 -1 -2  6  0 -5 -3 -1 -4 -2 -1 -1 -1  1 -4 -2    0   4   3   2   0   3   3  56   2   0   3   3   0   2   3   3   5   2   0   3  0.87 0.53
  197 Y   -1 -2 -4 -5  1 -2 -4 -5  0  0  1 -4  0  3 -1 -2 -1  4  6  0    5   3   0   0   3   2   0   0   2   6  11   0   3  12   3   3   3   5  30   6  0.61 0.44
  198 I   -1  0  0  0  2  0  0 -1  2  0 -1  0  2  1  0 -1  0  4  1 -1    5   5   5   5   5   5   5   5   5   5   5   5   5   5   5   5   5   5   5   5  0.09 0.08
  199 S    0  0  1  1 -2 -1 -1  0  2  0 -1 -1  1  1  1  0  0 -3 -1  0    8   8   7   8   0   0   0   8   7   8   1   0   7   7   8   8   8   0   0   8  0.07 0.12
  200 G    0  0  0 -1 -1  0  2 -2  0 -1 -3 -1  0 -1  5  0  0 -4 -3 -2    6   6   4   2   2   5  13   2   3   4   3   3   3   3  28   6   5   0   0   2  0.43 0.29
  201 Y   -1  0 -1  0 -3  0 -1  0  1  0 -1  0  0  2 -3  0 -1  5  3 -1    6   5   3   5   0   3   4   7   4   8   5   5   3   9   0   6   3   9  12   3  0.20 0.16
  202 F   -1 -4 -4 -5  2  0 -4 -5 -4  0  1 -4  4  6 -5 -1  0  4  2  0    5   0   0   0   4   5   0   0   0   5  10   0  13  30   0   4   5   5   6   5  0.70 0.39
  203 V    0 -1 -2 -3  2 -1 -2 -2 -3  2  1 -1  1  1 -1 -1  0 -3  0  2    7   3   2   0   4   2   3   2   0  17  15   3   3   6   3   4   6   0   4  17  0.14 0.14
  204 T    0  0  0  0  2  1  0  0 -2  0 -1  0  1 -2  1  0  0 -3  1  0    6   6   6   6   6   6   6   6   0   6   6   6   6   0   6   6   6   0   6   6  0.04 0.08
  205 D   -1 -2  4  5  0  0  0 -1  1 -2 -5  0  0 -5 -1  0 -1 -6 -5 -2    5   2  19  29   2   3   6   5   3   2   0   5   3   0   4   5   4   0   0   3  0.53 0.39
  206 A   -1  0  0  0  2  0  0 -1  2  0 -1  0  2  1  0 -1  0  4  1 -1    5   5   5   5   5   5   5   5   5   5   5   5   5   5   5   5   5   5   5   5  0.09 0.08
  207 E   -1 -1 -1  2  1  0  3  0  0 -2 -3  2  0 -1 -1 -1 -2  2 -1 -2    5   4   3   9   2   4  20   7   3   3   3  12   3   3   3   4   3   3   3   3  0.25 0.22
  208 R   -2  3  1  0 -7  0 -1  0  0 -7 -3  3  0 -1 -1  0  2 -7 -1 -3    4  16   6   5   0   4   3   7   3   0   3  18   2   3   4   8  10   0   2   2  0.37 0.29
  209 Q   -1  1  0  0  0  2 -1  0  1 -1 -1  0  5 -1 -1  0 -1 -4 -1 -1    5   7   5   5   2   8   3   9   4   2   6   5  20   2   3   6   4   0   2   3  0.20 0.25
  210 E    0  1  0  0  1  1  1 -1 -2  0 -1  1  0 -1 -2  0  1 -3  0  0    5   8   5   3   3   5  14   4   0   9   5   9   3   3   0   6   9   0   4   6  0.06 0.11
  211 A    2 -1 -1 -3  4 -2 -1 -1 -3  1  0 -1  1  0 -3  0  0  2  0  2   18   3   3   0   9   0   3   4   0   8   5   4   3   3   0   5   6   3   4  17  0.16 0.19
  212 V    0  0  0  0  2  1  0  0  2  0 -1  0  1  0 -2  0  0 -2  1  0    6   6   5   6   5   5   6   6   5   6   6   6   5   5   0   6   6   0   5   6  0.03 0.07
  213 L    0 -2  1 -2 -2  1 -2  0  2  0  0 -2  2  1 -3  0  0  4  2  0    7   0   7   0   0   7   0   7   7   7   7   0   7   7   0   7   7   7   7   7  0.12 0.15
  214 E   -1  0  1  2  2  0  3  0  1 -2 -2  0  0 -3 -1  0  0 -4  0 -2    3   4   6  12   4   4  20   6   3   3   3   6   3   0   3   5   6   0   4   3  0.16 0.19
  215 D   -2 -1  4  3 -4  1  1  0  2 -4 -1  0  0 -2 -1 -1 -2  0 -1 -4    2   3  22  20   0   6   7   7   5   0   6   6   2   2   2   3   2   2   2   0  0.39 0.30
  216 P    0  1 -1 -2  3 -1 -2  0  2 -1  0  0 -1  1  1  0  0 -2 -1  0    8   8   0   0   8   0   0   8   8   0   8   8   0   8   8   8   8   0   0   8  0.09 0.11
  217 Y   -1  0  0  0  2  0  0 -1  2  0 -1  0  2  1  0 -1  0  4  1 -1    5   5   5   5   5   5   5   5   5   5   5   5   5   5   5   5   5   5   5   5  0.09 0.08
  218 I   -7 -7 -7 -7 -7 -7 -7 -7 -7  5  0 -7  3  2  0 -7  0  4  2  4    1   0   0   0   0   0   0   1   0  31  10   0   5   7   5   1   6   5   5  21  1.17 0.44
  219 L   -1 -3 -4 -4 -3 -3 -4 -2 -3  1  4 -3  2  1 -4 -3 -1 -3  0  0    6   0   0   0   0   0   1   4   0   8  55   0   4   6   0   1   4   0   4   6  0.54 0.30
  220 L   -1 -4 -4 -4  0 -3 -4 -4 -4  4  3 -3  1  0 -4 -2 -1 -3 -1  3    4   0   0   0   2   0   1   1   0  28  31   0   3   4   0   3   2   0   2  18  0.52 0.27
  221 V    0 -2  0 -2  2  0 -2  0  2  0  0 -2  2  1 -3  0  0  4  2  0    7   0   7   0   6   7   0   7   6   7   7   0   6   6   0   7   7   6   6   7  0.13 0.16
  222 S    0  0  1  0  2  1  0  0  2  0 -1  0  1 -2  1  0  0 -3  1 -2    6   6   6   6   6   6   6   6   6   6   6   6   6   0   6   6   6   0   6   0  0.06 0.11
  223 S   -1  1  0  1  0  1  0  1  2 -2 -2  2  1 -1 -1  0 -1  2  0 -3    3   7   5   8   3   6   5  12   6   3   3  13   4   3   3   7   3   3   3   0  0.13 0.16
  224 K   -1  0  0  0  2  0  0 -3  2  0 -1  0  1  1  0  0  0  3  1  0    5   5   5   5   5   5   5   0   5   5   5   5   5   5   5   5   5   5   5   5  0.08 0.12
  225 V   -2 -5 -6 -6 -5 -5 -6 -6 -5  5  3 -2  1  1 -1 -2 -4 -5  0  1    3   0   0   0   0   0   0   0   0  36  26   3   3   5   4   3   0   0   4   7  0.81 0.46
  226 S    0  0  1  2  0  2  0  0  0 -2 -3  0 -1 -2 -2  2  1 -5 -1 -2    5   6   7  10   2   9   6   8   3   2   2   4   2   2   2  17   9   0   2   2  0.17 0.18
  227 T    0 -1  3  3 -1  0  1 -2  1 -3 -3  0 -1 -2 -3  2  1 -5 -1 -2    6   3  13  14   1   4  10   2   4   1   2   5   2   2   1  18   7   0   2   3  0.27 0.28
  228 V    1 -2 -2 -3 -4 -2 -2 -2  1  2  1 -3  2  2  1 -1 -2  1 -1  2   12   2   2   1   0   1   2   2   4  15  12   1   5  10   7   4   2   2   1  14  0.23 0.22
  229 K    0  1  1  0 -5  4  2 -2  0 -3 -4  2 -1 -3  0  0  0 -5  1 -3    7   8   7   6   0  19  11   2   2   1   1  11   1   1   5   6   5   0   5   2  0.33 0.31
  230 D    0  0  0  0  2  1  0  0  2  0 -1  0  1 -2  1  0  0 -3  1  0    6   6   6   6   6   6   6   6   6   6   6   6   6   0   6   6   6   0   6   6  0.05 0.09
  231 L   -1 -1 -5 -5  3 -1 -4 -5 -4  3  2 -1  3  1 -5 -4 -1  3  0  1    4   4   0   0   6   4   0   0   0  19  19   4   8   6   0   0   4   3   3  11  0.43 0.31
  232 L    0 -1 -1 -1  1  1 -1 -2  0  1  1 -1  1  0 -1 -1 -1 -3  0  1    7   3   3   3   3   6   4   3   3   9  18   3   4   5   3   3   3   0   3  14  0.06 0.09
  233 P   -1  0 -1 -1 -5 -1  0 -2  0 -1 -2  0 -4 -2  6 -1 -1  0  0 -2    4   4   3   4   0   3   5   4   2   4   4   5   0   2  39   3   5   1   3   3  0.65 0.42
  234 L    0 -2 -2  0  2  0  0  0  2  0  0 -2  1  1  1  0  0  4  1  0    6   0   0   6   6   6   6   6   6   6   6   0   6   6   6   6   6   6   6   6  0.09 0.15
  235 L   -1  0 -4 -4  3 -3  0 -5  1  1  3 -3  2  1 -4 -3 -1 -3  2  0    5   5   0   0   7   0   7   0   4   6  36   0   6   5   0   0   4   0   7   6  0.43 0.29
  236 E    0  1  0  0 -4  1  3 -2  1 -1 -2  0 -3  0 -1 -1 -1  3  0 -2   10  10   4   5   0   6  23   3   3   3   4   5   0   5   3   3   3   4   3   3  0.19 0.18
  237 K    0  1 -1 -1  2  1  0 -1  1  0 -1  2  0 -1 -1  0 -1  2  1 -1   10   7   3   3   5   6   4   3   3   6   6  15   3   2   3   6   3   3   5   4  0.07 0.10
  238 V    4 -3 -2 -5  2 -2 -3 -3 -4  1 -1 -4  1 -1 -2 -1 -1 -5 -1  3   30   2   2   0   5   2   2   2   0   8   5   0   3   3   2   3   3   0   3  24  0.44 0.36
  239 I   -1  0  0  0 -3  0  0 -1  1  0 -1  0  1  0  0  0  0  3  1 -1    5   5   5   5   0   5   5   5   5   5   5   5   5   5   5   5   5   5   5   5  0.02 0.09
  240 Q   -1  1  1  0 -4  3  1 -1  1 -2 -2  2 -3 -4  0  0 -1  3  0 -2    5   7   6   4   0  17   8   4   4   3   4  13   0   0   4   6   4   4   3   3  0.24 0.26
  241 S    1  0  0  0  0  2  1 -1  1 -2 -1  1  0 -3 -1  1  1 -4 -1 -1   13   5   5   4   2   9  10   4   4   2   5   7   2   0   2   9  10   0   2   3  0.12 0.16
  242 G    0  0  0  0 -3  1  0  0  2  0 -1  0  1 -2  1  0  0  3  1  0    6   6   5   6   0   5   6   6   5   6   6   6   5   0   6   6   6   5   5   6  0.07 0.10
  243 K   -2  4 -1 -2  1  0 -2 -1  3 -2 -3  3  0  0 -1 -2 -2  2  2 -2    4  18   3   3   2   5   3   5   6   3   3  14   2   4   3   3   3   2   6   4  0.32 0.26
  244 P    0  0  0  0 -3  0  0 -1 -2 -3 -3  1 -3  0  5  0  0 -3  1 -3    5   5   5   6   0   4   5   4   0   0   1   8   0   4  33   8   4   0   7   0  0.51 0.26
  245 L   -1 -1 -1 -3  1 -2 -1 -3 -2  1  3 -2  1  1 -3 -2 -1 -2  2  1    4   4   4   0   4   0   4   1   0   7  39   0   4   5   0   1   4   0   7   7  0.21 0.20
  246 L   -1 -3 -3  0  1 -3 -3 -2 -3  1  3 -3  1  0 -3 -2 -1 -3 -2  2    4   0   0   8   3   0   0   3   0   7  35   0   4   4   0   1   3   0   0  22  0.24 0.20
  247 I   -1 -4 -4 -4  1 -3 -4  0 -4  5  1 -3  2  0 -3 -3 -1 -3 -2  2    4   0   0   0   3   0   0   9   0  48  12   0   5   4   0   0   3   0   0  10  0.48 0.27
  248 I   -1 -3 -4 -4  2 -3 -4 -4 -4  4  1 -3  3  2 -3 -3 -2 -3 -2  3    5   0   0   0   4   0   0   1   0  37  10   0   8   8   0   0   0   0   0  20  0.49 0.28
  249 A    4 -3  0 -1  4  0 -2  0 -3  0 -1 -2 -2 -3 -3  0  0 -4 -3  0   39   0   6   4   9   4   0   5   0   4   5   0   0   0   0   6   5   0   0   6  0.33 0.29
  250 E   -1  0  1  1 -4  1  3  1  1 -3 -2  1 -3 -3  0  0 -1  3 -3 -2    4   4   5   8   0   4  27  10   3   0   4   8   0   0   5   4   4   5   0   4  0.28 0.21
  251 D   -1 -1  1  4  1  1  1 -1  1  0 -2 -1  0 -3 -3  0 -1 -4 -1 -1    4   3   7  28   4   5   7   4   3   5   3   4   3   0   0   8   3   0   3   3  0.25 0.22
  252 V    0 -4 -4  0  2  0 -3 -4 -3  3  1 -3  3  2 -4 -3  0 -3  1  2    7   0   0   6   4   4   0   0   0  18  13   0   9   8   0   0   5   0   5  18  0.34 0.26
  253 E   -1  0  0  2 -4  0  2  0  1 -1 -2 -1 -3 -3 -1  2  0  2  0 -1    4   4   4  13   0   3  17   7   3   3   3   3   0   0   3  17   5   3   3   4  0.21 0.23
  254 G   -1 -1  0  1 -4  1  1  3  1 -1 -2  0  1 -1  0  0 -1 -3  0 -2    4   3   4   7   0   8  10  24   3   3   3   4   4   3   5   6   3   0   3   3  0.18 0.19
  255 E   -1  0  0  3 -5  1  4 -2 -1 -3 -3  0  0 -2  0 -1 -1 -5 -4 -2    5   5   4  13   0   6  34   2   2   2   2   5   2   2   5   4   4   0   0   2  0.45 0.34
  256 A    0 -2 -2 -2  3 -1  0  0 -2  1  0 -2  2  1  1  0  1 -2 -1  0    8   0   0   0   8   0   8   8   0   8   8   0   8   8   8   8   8   0   0   8  0.09 0.10
  257 L    0  1 -2 -2 -2  1  0 -3 -1  0  0  0  2  1  1 -1  0 -2  1  0    8   8   0   0   0   7   8   1   0   8   8   8   7   7   8   1   8   0   7   8  0.09 0.11
  258 S    0  0  0  0 -2  1  0  0  1  0  0  0  1  0  1  0  0 -3 -1  0    6   6   6   6   0   6   6   6   6   6   6   6   6   6   6   6   6   0   0   6  0.04 0.07
  259 T    0 -1  0 -2 -3 -1 -1 -1  1 -1  0  0  1  0 -1  0  3  4 -1 -1   10   2   4   2   0   2   3   4   3   4  11   5   4   4   2   4  25   5   2   4  0.18 0.21
  260 L    0  0  0 -2  2  1 -2 -2 -2  0  0 -1  2  1  1  0  0 -2  1  0    7   7   7   0   7   7   0   0   0   7   7   0   7   7   7   7   7   0   7   7  0.09 0.13
  261 V    0 -1 -1 -1 -2 -1 -2  0  0  2  1 -1  1  0 -3 -1  0 -3 -2  2    8   4   3   3   0   3   0   6   3  11  14   4   4   3   0   4   4   0   0  23  0.09 0.13
  262 V    0 -1  0 -1 -2 -1 -1 -1 -1  1  1 -1  1  0 -1  0  0  0 -1  1   10   2   7   2   0   2   4   3   2   7  13   4   5   4   3   5   8   1   2  16  0.04 0.08
  263 N   -1  0  6  0 -4  1  0 -1  1 -1 -2  0 -3 -4 -4  0 -1 -4  0 -2    5   4  39   4   0   6   5   5   3   3   5   5   0   0   0   5   4   0   3   3  0.51 0.38
  264 K    0  2  2  0 -3  0  0 -1  1 -1 -1  2  0  0 -2  0  0 -3  0 -1    7  12  12   4   0   4   4   4   4   4   4  13   3   5   0   4   5   0   4   5  0.10 0.12
  265 I    0  0  0  0  2  0  0  0  1  0 -1  0  1  0  0  0  0 -3 -2  0    5   5   5   5   5   5   5   5   5   5   5   5   5   5   5   5   5   0   0   5  0.00 0.07
  266 R   -1  4  1 -1  1  1 -1 -2  2 -1 -2  3  1 -5  0 -1 -1 -5 -4 -4    4  21   8   3   3   6   4   3   4   3   4  18   3   0   5   5   4   0   0   0  0.37 0.31
  267 G   -1  0  0 -1  0  0  0  4  0  0 -2  0  1 -1 -4 -1 -1  2  0 -1    4   6   4   4   3   5   7  28   3   6   4   5   3   3   0   3   3   3   3   4  0.21 0.20
  268 T   -1  1  1  0 -3  1 -1  2  0  0 -2  0  0 -1 -1 -1  0  1 -3  1    3   7   7   6   0   6   3  19   2   5   3   5   3   3   3   4   8   2   0  12  0.11 0.16
  269 F   -2 -1 -2 -4  0 -2 -2 -2  0  2  3 -4  2  3 -2 -2 -1  0 -1  1    3   3   2   0   2   2   3   3   2  11  35   0   5  11   2   3   3   1   2   7  0.35 0.29
  270 K   -1  2  2  0 -5  3  0 -2  0 -2 -3  4 -1 -1 -1 -1  0 -5 -4 -1    5   9  11   5   0  12   3   2   3   2   2  26   1   3   3   4   4   0   0   4  0.36 0.34
  271 S    0 -5 -1 -5  4 -1 -5 -3 -5  3  0 -4  1  1 -2 -1  0 -5 -1  4    7   0   3   0   8   3   0   2   0  15   6   0   3   5   2   6   5   0   2  33  0.51 0.38
  272 V    3 -3 -3 -2  6 -4 -5 -3 -5  0  1 -5  0 -1 -5 -2 -1 -5 -2  3   25   1   2   2  19   0   0   2   0   5  11   0   2   2   0   3   2   0   2  22  0.68 0.46
  273 A    0  0 -2 -3  2  0 -2  0 -2  0  0  0  1  1  1  0  0  4  1  0    6   6   0   0   6   6   0   6   0   6   6   6   6   6   6   6   6   6   6   6  0.10 0.14
  274 V   -1 -4 -1 -4  1 -4 -4 -2 -4  3  0 -1  1 -1 -4 -1 -1  2 -3  4    5   0   3   0   3   0   0   3   0  17   9   4   3   3   0   6   3   3   0  35  0.46 0.34
  275 K   -1  1  0 -1  1  0  0 -1  1 -1 -2  4  0 -1  1 -1  0 -4 -3 -1    4   7   4   4   3   4   5   4   3   3   4  32   3   3   6   4   4   0   0   3  0.28 0.27
  276 A    2 -3 -1 -1  2  0 -1 -1  0  0  0 -3  0  0  3  0 -1 -3  0  1   20   0   3   3   5   4   3   4   3   6   8   0   3   3  14   6   3   0   3  10  0.17 0.20
  277 P    0  0  1  0 -2  1  0  0 -1  0 -1  0 -1  0  1  0  0 -3 -1  0    7   7   7   7   0   7   7   7   0   7   7   7   0   6   7   7   7   0   0   7  0.05 0.06
  278 G   -2  0  0 -1  2 -1  1  2  0 -2 -1 -1  0 -1  2  0  0  2 -1 -2    3   5   5   3   4   3   8  16   3   3   6   4   3   3  10   7   5   3   3   3  0.14 0.13
  279 F    1 -3  0 -2 -3  0 -3 -1  0  0  0 -3  1  3 -1  0 -1  3  3  0   12   0   5   2   0   4   0   5   3   5   7   0   4  15   3   8   3   4  12   8  0.20 0.21
  280 G    0 -2 -1 -1 -5 -4 -1  5 -1 -2 -2 -1 -2 -2  1  0 -1 -5 -2 -1    6   2   2   4   0   0   5  44   1   3   3   3   1   2   7   6   4   0   2   4  0.56 0.39
  281 D   -1 -1  0  4 -4  1  3 -1 -1 -3 -2 -1 -1 -1 -1  0  0 -1 -2 -2    6   3   3  21   0   5  21   4   2   2   3   3   2   3   3   8   5   1   1   3  0.30 0.28
  282 R    0  0  0  0 -3  1  0  0  2  0 -1  0  1  1 -3  0  0  3  1  0    6   6   5   6   0   5   6   6   5   6   6   6   5   5   0   6   6   5   5   6  0.06 0.10
  283 R    0  0  1  0  2  1  0  0  2  0 -1  0  1 -2 -2  0  0 -3  1  0    6   6   6   6   6   6   6   6   6   6   6   6   6   0   0   6   6   0   6   6  0.05 0.09
  284 K   -1  2  0  0 -1  2  0 -2  0 -1 -1  4  0 -2 -2  0  0 -4 -1 -2    5  13   4   5   1   7   4   2   2   3   6  26   2   2   1   5   6   0   2   3  0.28 0.24
  285 A    2 -1  1  1 -4  1  2  0  0 -4 -2 -1 -1 -1 -1 -1 -1  2 -1 -2   22   4   6   9   0   6  16   6   2   0   4   3   2   3   2   4   4   3   2   2  0.23 0.24
  286 M   -2 -1 -1 -1  1  2  0 -2  1  2  0 -2  4  0 -1 -2  0  3  1 -1    4   3   3   4   3   9   5   3   3  11   9   3  10   4   4   3   6   3   5   5  0.20 0.13
  287 L    0 -2 -2 -2  3 -1  0  0 -2  1  0 -2  2  1 -2 -1  0 -1  2  1    9   0   0   0   8   0   9   9   0   9   9   0   9   9   0   1   9   0   9   9  0.09 0.11
  288 Q    0  0  0  2 -3  2  3  0  1 -1 -2  0  0 -3 -2  0 -1 -3  0 -1    5   5   3  11   0   8  23   6   4   3   3   5   3   0   0   8   3   0   3   3  0.18 0.18
  289 D    0 -1  2  2 -2  0  1  1 -1  0 -2  1 -2 -2 -2 -1 -1  5 -1 -1   12   1  12  12   0   0  12  12   0  12   1  12   0   0   1   1   1  11   0   1  0.20 0.09
  290 M    0 -2 -2 -3  3 -2 -2 -2 -2  1  1 -2  2  2 -2 -1  1 -1  2  1   11   1   0   1  10   0   1   1   0  11  11   1  10  10   1   1  11   0  10  11  0.16 0.10
  291 A    4  0 -2 -2  2  1  0  0  1 -2 -1 -1 -2 -3 -2  1  0 -3 -2  0   45   4   0   0   4   6   4   5   4   0   5   1   0   0   0   6   5   0   0   4  0.23 0.19
  292 I    0  0 -2 -3  0 -1 -2 -2 -1  3  0 -1  0  1 -3 -1  0 -3  0  2    7   5   0   0   2   2   2   2   2  29   7   2   2   6   0   5   5   0   2  13  0.12 0.16
  293 L    1 -2 -3 -3  0 -1 -3 -3 -3  1  2 -1  3  2 -3 -1  0  1  0  1   12   2   0   0   2   2   0   0   0   4  28   3   8  10   0   3   4   2   2  12  0.19 0.19
  294 T   -1 -3 -2 -3  2 -3 -3 -2 -3 -1  0 -3 -2  1 -3  1  5 -3 -2  0    4   0   0   0   4   0   0   2   0   3   7   0   0   8   0   9  49   0   0   5  0.52 0.39
  295 G    0  1  1  1  2  1  1  0  2 -2 -2  1 -2 -3  1  0 -1 -3 -2 -1    7   7   7   7   7   7   7   7   7   0   1   7   0   0   7   7   0   0   0   7  0.10 0.13
  296 G    0  0 -1  0  2  1 -1  0 -2  0  0 -1  1 -2  1  0  0 -3 -2  0    7   7   0   7   7   7   0   7   0   7   7   0   7   0   7   7   7   0   0   7  0.03 0.12
  297 Q    0  0  0  0  2  0  0 -1  1  0 -1  0  1  0  0  0  0 -2  1  0    5   5   5   5   5   5   5   5   5   5   5   5   5   5   5   5   5   0   5   5 -0.00 0.06
  298 V    1 -1 -2 -3  1 -2 -1  0  0  1  0 -1  1  2  0 -1 -1 -2  1  2   11   3   0   0   4   0   3   6   3   5   6   4   3   9   4   3   3   0   6  21  0.07 0.14
  299 I    0  0 -2 -2  2  1  0  0  2  0  0 -1  1  1 -3  0 -1 -2  1  0    7   7   0   0   7   7   7   7   7   7   7   0   7   7   0   7   0   0   7   7  0.07 0.13
  300 S    1 -1  1  1  1  0 -1  0  1 -1 -1  0  0 -1  0  2  0 -3 -1 -1   10   3   5   7   3   4   3   6   4   3   5   7   2   3   4  19   6   0   2   3  0.09 0.13
  301 E    0  0  0  0  2  1  0  0  2  0 -1  0  1 -2  1  0  0 -3  1  0    6   6   5   6   5   5   6   6   5   6   6   6   5   0   6   6   6   0   5   6  0.04 0.08
  302 E    0 -1  1  2 -4  1  3 -1  1 -1 -2  0  0 -1 -1  0  0 -4  0 -1    7   3   7  14   0   5  19   4   3   3   4   4   3   3   3   6   5   0   3   4  0.16 0.18
  303 V    1 -1  0 -1  0 -1 -1 -1 -1  0  1 -1  1  0 -1  1  1  0 -1  0   10   3   4   3   2   2   2   4   1   5  18   4   3   3   2  11  10   2   1   7  0.05 0.09
  304 G   -1 -3  1 -1 -1 -2 -1  5  0 -2 -2 -2 -5 -1 -1 -1 -2 -5 -2 -3    5   2   7   4   2   2   5  46   2   3   4   3   0   3   3   5   2   0   2   2  0.63 0.44
  305 L   -1  0  0  0  2  0  0 -1  2  0 -1  0  2  1  0 -1  0  4  1 -1    5   5   5   5   5   5   5   5   5   5   5   5   5   5   5   5   5   5   5   5  0.09 0.08
  306 S   -2  1  0  1  2  0 -1 -1  0 -2 -2  2  0 -1  1  1  1  2  0 -2    4   6   5   8   4   3   5   5   3   3   4  14   3   3   6   9   8   3   3   3  0.14 0.15
  307 L   -3 -2 -7 -3  0 -2 -2 -4  0  0  5 -3  0  1 -1 -1 -2  2 -1  0    3   2   0   2   2   2   3   2   2   5  44   2   2   5   4   5   2   3   2   6  0.64 0.40
  308 E    0  0  1  2 -7  2  4 -2  2 -1 -4  1 -1 -7 -2  0 -1 -8 -2 -4    7   5   6  10   0   8  24   4   4   4   2   8   2   0   2   6   5   0   2   2  0.43 0.33
  309 T    0  0  0  0  2  1  0  0  2  0 -1  0  1 -2  1  0  0 -3  1  0    6   6   5   6   5   5   6   6   5   6   6   6   5   0   6   6   6   0   5   6  0.04 0.08
  310 A    2 -1 -1 -3  1 -1  0 -1 -3  1  0 -2  1  0  0 -1  0  2  0  2   19   3   4   0   3   3   6   3   0  11   6   0   3   5   4   3   5   3   3  15  0.12 0.17
  311 D   -1  0  0  2  0  1  0  0  0 -1 -2  0  0 -2  0  1  3 -4 -3 -2    4   5   3  13   2   5   6   8   3   3   3   5   2   2   3  10  20   0   0   2  0.17 0.21
  312 V    0 -1 -2 -3 -1 -2 -1 -3 -2  2  2 -1  1  0  3 -1 -1  0 -2  1    8   3   2   1   1   2   4   1   1  11  23   4   3   3  15   4   3   1   1   8  0.22 0.20
  313 S    0 -1  0  3  0  0  3 -2  3 -2 -3  0 -1 -4 -1  1 -1 -4  0 -2    7   2   4  14   2   4  20   3   7   3   2   4   2   0   3  12   4   0   3   3  0.27 0.23
  314 L   -1 -1  0  2  1  2  1 -2  2 -1 -1 -1  2  0 -3  0 -1  3  2  0    4   3   4  15   3   9   7   3   5   3   6   3   6   4   0   5   4   4   8   6  0.17 0.16
  315 L   -1 -2 -2 -3  3  1 -2 -3 -2  1  0 -2  2  2 -3  0  1  5  2  1    1   0   0   0   8   9   1   1   0   9   9   0   9   9   0   9   9   8   9   9  0.21 0.15
  316 G    1 -2 -1  1  3 -2 -1  1 -2  1  0 -2  0 -2 -2  1 -1 -3 -2  1   12   1   0  12  11   0   1  12   0  12  12   1   0   0   1  12   1   0   0  12  0.10 0.06
  317 K    0  0 -1 -1  3  0 -1 -1  0  1  0  0  2  0 -3  0  1 -3  0 -1    9   4   3   3   8   4   3   3   3   9   9   6   8   3   0   8   8   0   3   3  0.07 0.09
  318 A    3 -3 -3 -3  3 -2 -3  0 -3  0 -1 -2  1  0 -3  0  0 -3 -2  2   37   0   0   0   8   0   1   8   0   4   5   0   3   4   0   5   6   0   0  15  0.31 0.23
  319 R   -1  2  0  2 -4  1  1  1  1 -3 -1  1  0 -3 -1  0 -1 -4  0 -1    5  13   4  11   0   5   9  11   4   0   6  11   3   0   3   5   3   0   3   4  0.15 0.16
  320 K    0  0  0  0  2  1  0  0  2  0 -1  0  1 -2 -3  0  0  3  1  0    6   6   5   6   5   5   6   6   5   6   6   6   5   0   0   6   6   5   5   6  0.07 0.12
  321 V    2 -5 -5 -5  1 -4 -5 -5 -5  3  0 -5  1  0 -5 -2 -1  2 -4  5   15   0   0   0   3   0   0   0   0  15   6   0   3   4   0   3   3   3   0  39  0.70 0.45
  322 V    0  0  0  0 -3  1  0  0  2  0 -1  0  1  1 -3  0  0  3  1  0    6   6   5   6   0   5   6   6   5   6   6   6   5   5   0   6   6   5   5   6  0.06 0.10
  323 V    0  0 -2 -2  3  1 -2  0 -2  1  0 -1  2  1 -2  0  1 -2 -1  0    8   8   0   0   8   8   0   8   0   8   8   0   8   8   0   8   8   0   0   8  0.07 0.11
  324 T    0  0  0  0 -2  1  0  0  2  0 -1  0 -1  0  1  0  0 -2  1  0    6   6   6   6   0   6   6   6   6   6   6   6   0   6   6   6   6   0   6   6  0.04 0.06
  325 K   -1  2  0 -1  1  1  0 -2  1 -2 -2  5  0 -1 -1  0 -1 -4 -3 -2    4   9   3   3   3   5   5   3   3   3   3  35   3   3   3   6   3   0   0   3  0.35 0.32
  326 D   -1  0  2  3  0  0  3  0  1 -4 -3  1 -1 -2 -3  0  0  1  0 -2    3   4   8  20   2   2  18   6   3   0   3   8   2   2   0   6   5   2   3   2  0.30 0.27
  327 E    0  0  1  1  0  0  1 -1  2  0 -2  0  0  0 -3  1  0  2  1 -2    7   6   6  11   3   4   8   5   5   7   3   5   3   5   0  10   6   3   4   0  0.09 0.12
  328 T   -1 -1 -3 -1  4 -3 -4 -1  2  0 -1 -3  1  2 -4  0  5 -4 -3  0    5   4   0   4   7   0   0   5   4   4   6   0   4   8   0   6  36   0   0   5  0.49 0.37
  329 T   -1 -1 -1 -3  1 -1  0  0  0  0  0 -1  1 -1 -3  0  4 -4 -1  1    3   3   2   0   3   2   5   8   3   6   8   3   4   2   0   8  27   0   2   9  0.19 0.23
  330 I    0 -5 -5 -6  3 -5 -5 -5 -5  5  3 -5  3  3 -5 -5 -4 -4 -4  2    7   0   0   0   6   0   0   1   0  27  25   0   7  11   0   1   0   0   0  13  0.85 0.34
  331 V   -1 -1 -1 -1  1 -1 -1 -2  0  2  2 -1  1  0 -3 -1 -1  2  0  2    4   3   3   3   3   3   3   3   3  13  18   3   3   4   0   4   4   3   3  17  0.13 0.10
  332 E    0  0  1  1 -1 -1  0  3  2 -2 -2 -1 -3  0 -1 -1  1  0 -3 -2    6   4   6   8   2   2   7  26   6   3   3   3   0   4   3   3   8   1   0   2  0.23 0.19
  333 G   -1 -1  0  1  0 -1 -1  4 -1 -2 -3 -1  2 -2 -1  0  0 -4 -4 -1    3   3   4   7   2   2   5  38   2   3   3   3   5   2   4   7   5   0   0   4  0.42 0.28
  334 A    1 -1  1  0 -1  0  1  1  1 -2 -1  1 -1 -3  0  0 -1 -4 -1 -2   16   3   8   6   1   4  10  12   4   1   5  11   1   1   4   5   2   0   3   2  0.13 0.16
  335 G   -1 -2 -1  0 -2 -2  0  5 -1 -3 -4  0 -2 -3  0  1 -2 -5 -5 -3    3   2   2   6   1   2   7  47   1   2   1   5   1   1   4  10   2   0   0   2  0.70 0.45
  336 D   -1 -1  2  4 -4  0  0 -3  0 -3 -3  1 -1 -1  0  1  1 -4 -1 -3    4   2  10  23   0   3   6   1   2   2   2  10   2   3   4  10  11   0   2   2  0.30 0.28
  337 A    0  1  1  0 -2  2  2 -3  0 -2 -3  4 -3 -4  2  1 -1 -4 -2 -3    8   6   6   5   1   8  12   1   2   2   2  23   0   0   9   8   4   0   1   2  0.34 0.29
  338 E    1 -1 -1  2 -5  0  4 -2 -1 -3 -3  1 -2 -5  0  0 -1 -2 -4 -2   12   3   2  12   0   4  29   2   1   1   2  10   1   0   4   8   3   1   0   3  0.40 0.34
  339 A    3  0  0  2 -2  2  2 -2 -2 -2 -1  0 -2 -3 -2  0 -2 -4 -3 -2   24   6   3  13   1   9  13   2   1   1   8   6   1   1   2   4   2   0   1   3  0.26 0.26
  340 I   -2 -4 -6 -5 -1 -5 -6 -6 -3  6  1 -3  0 -3 -6 -4 -3 -5 -1  4    3   1   0   1   1   0   0   0   1  46  11   2   2   1   0   1   2   0   2  26  1.15 0.60
  341 Q    0  2  1  1 -5  3  4 -2 -1 -3 -2  2 -2 -4 -4 -1 -1 -5 -4 -3    8  10   6   6   0  13  25   3   1   2   4  12   1   1   0   3   3   0   0   1  0.43 0.35
  342 G    2  0  0  0 -1  2  3  0 -2 -3 -3  2 -1 -4 -3  0 -1 -5 -4 -2   20   5   5   6   1   8  17   8   1   1   2  12   1   1   0   7   3   0   0   2  0.31 0.29
  343 R   -5  8 -5 -6 -3 -1 -4 -7  4 -4 -4 -1 -6 -6 -6 -4 -3 -7  0 -4    1  72   0   0   1   2   1   0  10   1   2   3   0   0   0   1   1   0   3   2  2.02 0.97
  344 V   -1 -3 -6 -6  5 -4 -4 -5 -3  6  0 -3  0 -4 -6 -3 -2 -6 -2  4    5   2   0   0  10   1   1   1   1  38   9   2   2   0   0   2   2   0   1  24  0.95 0.53
  345 A    2  1  2  1 -5  2  3 -2 -2 -4 -3  1 -2 -5 -4  0 -1 -5 -2 -3   20   6  11   8   0   9  19   2   1   1   2   9   1   0   0   5   2   0   1   2  0.41 0.34
  346 Q   -1 -1 -1 -1 -4  6  2 -2  0 -3 -1 -1 -1 -1 -3 -1 -1 -1 -1 -2    5   3   3   4   0  34  15   4   3   1   8   3   2   3   1   4   3   1   2   3  0.53 0.43
  347 I   -4 -6 -7 -7 -2 -6 -7 -7 -7  6  4 -6  0 -2 -3 -6 -4 -6 -3  0    1   0   0   0   1   0   0   0   0  44  41   0   2   1   1   0   1   0   1   6  1.44 0.70
  348 R   -4  6  0 -3 -4  1  1 -5 -2 -4 -4  5 -3 -5 -5 -2 -2 -2 -4 -4    1  36   4   1   0   7   8   1   1   1   1  31   1   0   0   2   3   1   1   1  1.09 0.63
  349 A    2  1  2  0 -4  1  2 -1 -1 -3 -2  2 -2 -3 -4  1 -1 -2 -2 -3   20   7  10   4   0   5  11   4   1   2   3  13   1   1   0  11   4   0   1   1  0.27 0.26
  350 E    0  0 -2 -1 -6  6  3 -4 -3 -2  0 -1  0 -4 -5 -2 -3 -3 -2 -2    9   5   2   3   0  32  22   1   0   2  10   3   2   0   0   3   1   0   1   2  0.70 0.52
  351 I   -1 -3 -4 -6 -3 -2 -4 -6 -1  5  3 -4  3 -2 -4 -3 -4 -3  0  1    5   2   1   0   0   2   1   0   1  37  31   1   6   2   1   1   1   0   3   6  0.86 0.49
  352 E    1 -1  0  3 -6  1  5 -2 -1 -4 -3  1 -3 -5 -3 -1 -2 -6 -5 -3   11   3   4  15   0   5  34   3   1   1   2   9   1   0   1   5   2   0   0   2  0.60 0.44
  353 N    1  1  2  1 -4  2  2 -2  0 -1 -1  1 -2 -3  0  0  0 -3 -2 -1   11   6   9   8   0   9  15   2   2   3   5   8   1   1   4   7   7   0   1   4  0.17 0.18
  354 S    2 -2 -2 -3  0 -2  0 -2 -5 -3 -3 -2 -1 -4 -4  3  5 -6 -4 -1   19   2   2   1   2   1   7   2   0   1   3   2   1   0   1  17  35   0   0   3  0.67 0.52
  355 D   -2 -2  0  3 -5  0  2 -2  0 -3 -3  1 -2 -3 -1  0  4 -6 -3 -3    2   1   5  18   0   3  11   3   2   1   2   8   1   1   4   7  29   0   1   2  0.49 0.41
  356 S   -2 -3  2  3 -5  0 -1 -2 -1 -4 -5 -2 -4 -4 -2  5  0 -6 -1 -3    2   1  10  14   0   4   3   2   1   1   1   2   0   1   2  46   4   0   2   2  0.81 0.59
  357 D   -1 -1  0  4 -2  0  3 -2 -1 -3 -3  0 -2 -5  0  0  0 -6 -5 -2    5   3   4  27   1   3  22   3   1   2   3   6   1   0   4   5   7   0   0   3  0.49 0.38
  358 Y   -2 -2 -2 -1 -6 -4  0 -3  2 -3 -3 -3 -3  4 -4 -2 -1  2  7 -2    4   2   2   3   0   1   5   3   4   1   3   2   0  13   1   4   4   3  42   3  1.04 0.63
  359 D   -3 -2  0  6 -7  0  5 -5 -2 -4 -2 -2 -3 -3 -3 -3 -2 -7 -4 -4    2   2   4  38   0   4  33   1   1   1   5   2   1   1   1   2   3   0   1   1  1.07 0.66
  360 R   -1  5 -4 -3 -4  0 -2 -5 -2 -1 -2  5 -4 -5 -5 -2 -2 -1 -3 -2    5  32   0   1   0   4   2   1   1   3   5  35   0   0   0   3   2   1   1   3  0.95 0.61
  361 E   -3 -1 -1  3 -7  0  6 -3 -1 -4 -4  1 -4 -7 -3 -1  0 -1 -4 -5    2   2   2  13   0   4  49   2   1   1   2   7   0   0   1   5   5   1   0   1  0.96 0.63
  362 K   -1  2 -2 -1 -6  1  0 -3  0 -2 -2  6 -2 -1 -4 -2 -2 -3 -3 -2    4  10   2   3   0   5   5   1   2   2   4  48   1   3   1   3   2   0   1   3  0.81 0.55
  363 L   -2 -4 -4 -7 -3 -4 -5 -6 -1  2  6 -5  1  0 -7 -5 -4 -2  1 -1    4   1   1   0   0   1   0   0   1   9  67   0   3   3   0   1   1   1   4   2  1.24 0.68
  364 Q   -2  3  2 -2 -4  5  3 -3 -1 -4 -2  2 -3 -6 -5 -1 -3 -3 -4 -4    3  12   8   2   0  30  16   2   1   1   4  13   1   0   0   4   1   0   1   1  0.74 0.53
  365 E   -1  0 -1  1 -7  1  6 -4 -3 -5 -4  2 -2 -5 -5 -2 -2 -7 -3 -5    5   5   2   6   0   5  54   1   1   0   2  10   1   1   0   2   3   0   1   1  1.08 0.68
  366 R   -7  9 -6 -7 -9 -4 -5 -8 -3 -9 -8 -4 -7 -8 -8 -6 -5 -3 -7 -8    0  96   0   0   0   1   1   0   1   0   0   0   0   0   0   0   1   0   0   0  3.19 1.41
  367 L   -3 -3 -7 -7 -3 -4 -7 -7 -7  5  5 -3  0 -3 -7 -5 -3 -4 -4  0    2   1   0   0   0   1   0   0   0  30  52   2   2   1   0   1   1   0   0   6  1.27 0.67
  368 A    6 -4 -3 -4 -4 -3 -5  2 -4 -6 -6 -2 -6 -5 -5  2 -2 -7 -6 -4   63   1   1   1   0   1   0  13   0   0   0   2   0   0   0  13   2   0   0   1  1.34 0.79
  369 K   -1  4  0 -5 -4 -2 -4 -4 -1 -4 -4  6  1 -3 -5 -1 -3 -2 -3 -6    5  24   5   0   0   1   0   1   2   1   2  47   4   1   0   4   2   1   1   0  1.15 0.68
  370 L   -6 -7 -8 -8 -6 -7 -7 -8 -7 -1  7 -7  1  2 -7 -5 -6 -6 -5 -2    0   0   0   0   0   0   0   0   0   3  84   0   3   7   0   1   0   0   0   2  1.93 0.92
  371 A    2 -1 -1 -2 -1  0 -2 -2 -3 -3 -2 -1  0 -4 -4  4  2 -6 -5  0   15   4   3   1   1   4   2   3   0   1   5   4   2   0   0  35  13   0   0   6  0.47 0.41
  372 G   -1 -2  0 -1 -3 -3 -4  7 -1 -7 -7 -3 -4 -7 -6  0 -2 -1 -6 -6    4   2   5   4   1   1   1  69   2   0   0   2   0   0   0   6   2   1   0   0  1.50 0.75
  373 G   -1 -2 -3 -6 -7 -2 -5  7 -2 -7 -6  1 -7 -7 -6 -1 -2 -3 -7 -4    4   3   1   0   0   2   0  71   1   0   1   9   0   0   0   4   2   0   0   1  1.62 0.81
  374 V   -2 -6 -6 -7 -2 -5 -6 -5 -4  4 -2 -5  0 -2 -6 -1 -1 -7 -5  6    4   0   0   0   1   0   0   1   1  20   2   1   2   2   0   5   4   0   0  57  1.31 0.70
  375 A    7 -6 -6 -6  2 -6 -5  1 -6 -4 -5 -6 -6 -7 -4 -2 -3 -7 -5 -2   79   0   0   0   4   0   0   8   0   1   1   0   0   0   1   3   1   0   0   2  1.78 0.91
  376 V   -2 -2 -3 -6 -3 -2 -3 -6 -3  3 -1 -2  1 -2 -6 -3  2 -6 -3  6    2   3   1   0   0   2   2   0   1  17   5   3   2   1   0   1  11   0   1  47  0.90 0.53
  377 I   -6 -7 -7 -7 -6 -7 -7 -8 -7  7  3 -7 -1 -1 -7 -7 -5 -6 -1  1    0   0   0   0   0   0   0   0   0  62  24   0   1   2   0   0   0   0   2   8  1.75 0.79
  378 K   -4  4  0 -3 -6  1 -1 -4  2 -4 -4  5 -1 -1 -5 -1 -3  2  2 -5    1  20   4   1   0   5   3   1   4   1   2  37   2   2   0   4   1   3   8   0  0.86 0.53
  379 A   -2 -7 -7 -7 -1 -7 -7 -7 -7  3  0 -7 -2 -5 -7 -6 -4 -7 -6  7    3   0   0   0   1   0   0   0   0  16   6   0   1   0   0   0   1   0   0  71  1.83 0.84
  380 G   -2 -6 -5 -5 -4 -6 -4  7 -3 -6 -8 -6 -7 -5 -7 -4 -4 -3 -7 -8    3   0   0   1   0   0   1  89   1   1   0   0   0   1   0   1   1   1   0   0  2.36 1.01
  381 A    5 -6 -5 -3 -3 -5 -4  5 -6 -6 -5 -4 -6 -7 -5 -2 -3 -7 -4 -6   45   0   0   1   1   0   1  45   0   0   1   1   0   0   0   2   2   0   1   0  1.48 0.76
  382 A    3 -1  1 -1 -2  0 -2 -2  1 -1 -1 -1 -1 -2  1  1  1 -5 -1 -1   30   3   6   4   0   4   2   1   3   3   5   3   1   2   6  12   9   0   2   4  0.24 0.25
  383 T   -4 -5 -1 -3 -6 -5 -4 -3 -4 -5 -6 -5 -5 -5 -5  4  7 -7 -6 -4    0   0   2   1   0   0   1   2   0   1   0   0   0   0   0  32  58   0   0   1  1.71 0.91
  384 E   -2 -3 -2  3 -7  0  7 -4 -2 -5 -6 -1 -6 -7 -1 -3 -3 -7 -6 -4    3   1   2  14   0   3  62   1   1   1   1   3   0   0   4   2   1   0   0   1  1.44 0.77
  385 V   -1  0  0  0  2  0  0 -1  2  0 -1  0  2  1  0 -1  0  4  1 -1    5   5   5   5   5   5   5   5   5   5   5   5   5   5   5   5   5   5   5   5  0.09 0.08
  386 E    0 -2 -4  1 -6  1  7 -3  2 -2 -3 -3 -5 -6 -5 -4 -5 -6 -5 -2    7   2   0   6   0   4  64   2   4   2   3   0   0   0   0   0   0   0   0   3  1.38 0.73
  387 L   -1  2 -2 -4 -4  2 -3 -1 -4  2  1 -1  5 -1 -4 -1 -1 -4 -1  1    4  12   2   0   0   9   0   4   0  12  13   3  17   2   0   4   3   0   2  11  0.36 0.30
  388 K   -1  3  0  1 -2  0  2 -1  0 -2 -3  4  0 -2 -4 -1 -1  0 -2 -3    5  13   4   6   1   4  15   4   2   2   2  28   2   2   0   4   4   1   1   2  0.40 0.30
  389 E   -1 -2 -1  2 -1  0  6 -5 -1 -3 -2 -1  2 -5 -4  0 -2 -5 -1 -2    5   2   3   9   1   3  46   0   1   2   3   3   5   0   0   7   2   0   3   4  0.73 0.48
  390 R   -2  5 -1 -4 -1  1 -2 -5  0 -1  0  5 -1 -5 -5 -2 -1 -6 -5 -3    2  31   3   0   1   4   2   0   2   3  10  31   1   0   0   2   3   0   0   2  0.83 0.49
  391 K   -3  3 -4 -2 -2 -1 -2 -3 -2 -1 -3  6  0 -3 -5 -3 -2 -1 -2 -1    2  16   0   2   1   3   2   2   1   3   3  51   3   1   0   1   3   1   1   4  0.97 0.57
  392 H    1 -2 -2  4 -5  2  1 -3  3 -2  0 -2  0 -1 -2 -1 -2 -5  0 -3   10   2   1  26   0   8  11   1   7   2  12   1   2   3   2   4   2   0   4   1  0.36 0.32
  393 R   -3  7 -3 -3 -1  0 -2 -5 -5  0  1  1 -2 -3 -6 -3 -4 -6 -3 -3    1  55   1   2   1   4   2   1   0   5  12   7   1   1   0   1   1   0   1   2  1.16 0.67
  394 I    3 -5 -2 -6 -1 -3 -5 -4 -5  4  1 -5  0  1 -5 -3 -2 -5  2  4   23   0   2   0   1   1   0   1   0  21  10   0   2   5   0   1   2   0   7  25  0.66 0.43
  395 E   -3 -1 -1  3 -6  2  5 -4 -2 -3 -4  1 -3 -6 -5 -3  1 -6 -2 -1    2   3   2  14   0   9  44   1   1   2   1   8   1   0   0   1   7   0   1   4  0.87 0.56
  396 D   -2  3  1  6 -6 -2  1 -3 -1 -6 -6  0 -5 -6 -5 -1 -3 -6 -1 -4    3  14   7  51   0   2   6   2   1   0   0   4   0   0   0   5   1   0   2   1  1.12 0.59
  397 A    6 -5 -5 -5  0 -5 -5 -1 -5 -5 -3 -5 -1 -3 -5  0  1 -6 -5 -1   69   0   0   0   2   0   0   4   0   0   3   0   1   1   0   6  10   0   0   4  1.30 0.71
  398 V    0 -3 -5 -5 -4 -4 -5 -5 -3  3  4 -2  1 -2 -3 -2 -2 -2 -1  3    7   1   0   0   0   1   0   0   1  16  43   2   2   1   2   2   1   1   2  18  0.68 0.41
  399 R    0  3  5 -1  1  0 -2 -1  3 -3 -3  0 -2 -3 -4  0 -1 -2 -2 -4    8  14  30   3   3   5   2   4   8   2   3   6   1   1   0   6   2   1   1   0  0.52 0.36
  400 N    6 -5 -1 -5 -4 -4 -4 -3 -5 -2 -4 -4 -4 -2 -4  1  2 -6 -5  0   61   0   2   0   0   0   0   1   0   2   1   0   0   2   0  11  11   0   0   7  1.07 0.61
  401 A    1 -5 -4 -5 -1 -4 -4 -3 -5  0  1 -4  1 -4 -2 -2  5 -5 -4  3   11   0   0   0   1   0   0   2   0   5  14   0   4   0   2   1  41   0   0  19  0.77 0.49
  402 K   -2  7 -2 -4 -3  1 -2 -5 -3 -2 -3  4 -1 -2 -2 -2 -4 -3 -3 -5    3  50   1   0   1   5   2   0   0   2   2  24   1   2   2   2   1   0   1   1  1.20 0.62
  403 A    6 -3 -2 -3 -1 -2 -3 -1 -2 -3 -2 -3  0 -5 -2  1 -1 -6 -5 -2   59   2   2   1   1   1   1   5   1   1   4   1   2   0   1  12   3   0   0   2  0.90 0.55
  404 A    7 -6 -6 -6 -5 -5 -5 -1 -6 -3 -4 -5 -5 -6 -5 -2 -2 -7 -6 -2   84   0   0   0   0   0   0   5   0   2   1   0   0   0   0   2   2   0   0   3  1.85 0.86
  405 V    0 -2 -4 -5 -3 -1 -4 -5 -2  2  3 -3  4 -1 -5 -3 -3 -3 -2  4    7   2   1   0   0   3   1   1   1  12  25   1  11   2   0   1   0   0   1  29  0.62 0.37
  406 E    0  2 -1  0 -5  1  5 -2 -1 -4 -3  2 -2 -5 -4 -1 -1 -6 -4 -3    7  12   2   5   0   5  41   3   1   1   2  11   1   0   0   5   3   0   0   2  0.67 0.43
  407 E   -2  0 -1  1 -6 -1  6  1  1 -5 -5 -2 -3 -4 -5  0 -2 -2 -3 -6    2   4   3   7   0   1  54  12   3   1   1   1   1   1   0   6   2   1   1   0  1.01 0.58
  408 G   -3 -6 -3 -5 -6 -6 -6  8 -6 -7 -7 -5 -6 -7 -6 -4 -5 -6 -7 -3    1   0   1   0   0   0   0  91   0   0   0   0   0   0   0   1   0   0   0   2  2.41 0.91
  409 I   -3 -5 -6 -6 -1 -5 -5 -5 -5  6  0 -5  2 -1 -5 -5 -2 -5  0  5    2   0   0   0   1   0   0   1   0  40   6   0   4   2   0   0   2   0   3  36  1.16 0.53
  410 V   -2 -5 -5 -6 -4 -5 -4 -4 -6  1  3 -5 -2 -4 -5 -3 -3 -5 -4  6    4   0   0   0   0   0   1   2   0   5  22   0   0   0   0   2   1   0   0  61  1.26 0.57
  411 A    2 -5 -4 -4 -3 -4 -4 -5 -3 -2 -2 -4 -5 -6  7 -2 -2 -6 -5 -1   14   0   1   1   1   1   1   0   1   2   5   1   0   0  63   2   3   0   0   4  1.64 0.69
  412 G   -3 -2 -4 -3 -6 -5 -5  7 -5 -6 -6 -5 -6 -6 -5 -4 -5 -6 -6 -6    1   2   0   2   0   0   0  90   0   0   1   0   0   0   0   0   0   0   0   0  2.28 0.82
  413 G   -1 -2 -4 -4 -1 -5 -2  7 -5 -6 -6 -4 -5 -6 -5 -2 -4 -5 -6 -6    5   2   0   0   2   0   3  81   0   0   1   0   0   0   0   3   0   0   0   0  1.86 0.69
  414 G   -2 -5 -4 -3 -3 -5 -2  7 -5 -6 -5 -5 -5 -6 -5 -3 -5 -2 -6 -6    3   0   0   1   1   0   3  86   0   0   1   0   0   0   0   1   0   1   0   0  2.05 0.73
  415 V    2 -2 -3 -4  1 -3 -2 -3 -3  2 -1 -1  0 -3 -3  0  2 -4 -2  3   18   1   1   0   3   0   2   1   0  12   5   4   2   0   0   6  14   0   1  28  0.38 0.27
  416 A    6 -4 -3 -4 -1 -4 -4  0 -4 -3 -4 -4 -2 -2 -3  1  2 -5 -4 -1   62   0   1   0   1   0   0   7   0   1   1   0   1   2   1   7  12   0   0   3  1.04 0.53
  417 L   -3 -5 -5 -6 -4 -4 -5 -4 -3 -1  5 -5  0  3 -5 -3 -4 -2  4 -2    2   0   0   0   0   1   0   1   0   1  65   0   1  10   1   2   0   0  12   1  1.15 0.52
  418 L   -1 -4 -5 -4 -3 -4 -4 -2 -3  2  5 -4  0  2 -4 -3 -3 -2  0  1    5   0   0   1   0   0   1   3   1  11  52   0   1   7   0   2   1   1   3   9  0.69 0.35
  419 Q    1  5  1 -1  0  1 -1 -2  3 -4 -3  2 -1 -3 -4 -2 -2 -1  1 -3   12  30   8   3   2   5   3   3   8   0   1  11   2   1   0   2   1   1   6   1  0.47 0.30
  420 S    4 -4 -4 -5  7 -4 -4 -2 -5  1  1 -3 -1 -3 -4 -1 -1 -3 -4  0   39   0   1   0  21   0   0   2   0   9  11   1   1   1   0   3   3   0   0   6  0.83 0.42
  421 A    3  2 -1 -3 -1  1 -2 -1 -1  1 -1 -1 -1 -3 -3  2 -1 -4 -2 -1   27  10   3   0   1   5   1   4   1  10   6   2   1   1   0  20   2   0   1   4  0.27 0.24
  422 P    1  1  0  1 -3  2  1 -2  0 -3 -2  2 -1 -3  3  1 -1 -4 -2 -2   10   7   4   6   0   8   8   2   2   1   5  13   1   1  16  10   3   0   1   2  0.27 0.19
  423 S    3  0 -1 -1 -2 -1  1 -1 -1 -1 -2  1  0 -1 -2  0  0 -2 -2  0   34   5   2   2   0   2   9   4   2   3   3   8   2   2   1   6   4   0   1   8  0.22 0.20
  424 L   -1 -5 -5 -5 -3 -4 -5 -4 -5  3  5 -4  1 -2 -5 -4 -4 -4 -3  2    4   0   1   1   0   0   0   1   0  12  57   1   3   1   0   1   0   0   1  14  0.97 0.45
  425 E    1  1  0  4 -3  1  2 -1 -1 -3 -3  1 -1 -4 -1  0 -1 -3 -3 -3   11   8   4  22   1   6  16   4   1   1   2   9   1   1   2   7   2   0   0   2  0.34 0.23
  426 E    1  0  0  2 -3  1  2  0  0 -3 -3  2 -3 -2  1  1  0 -4 -2 -2   10   3   5  10   0   6  15   8   2   1   1  13   0   2   6  11   4   0   1   3  0.22 0.17
  427 L    0 -1 -1 -2 -1 -2 -1 -3 -2  2  3  0  1 -1 -2 -1  0  0  0  1    7   3   2   2   1   1   3   1   1  10  32   7   4   1   2   4   6   1   3   9  0.19 0.16
  428 S    0  0 -1  0 -3  0  1  0 -1 -2 -1  2 -1 -2  2  1  1 -2 -2 -2    8   3   3   6   0   3   9   6   1   2   6  18   2   2   9  11   8   1   1   2  0.16 0.15
  429 L    2 -1 -2 -1 -1 -1  0 -1 -2  0  2 -1  0 -2  0  0  0 -4 -2  0   21   4   2   3   1   3   6   5   1   4  25   2   2   1   4   5   4   0   1   6  0.13 0.16
  430 T    0 -1  4  3 -3 -1  2 -2  0 -3 -3  0 -4 -5  0  1  1 -5 -4 -3    7   2  18  19   1   2  12   2   2   2   2   4   0   0   4  13   8   0   0   1  0.43 0.29
  431 G   -1 -2  2  2 -1 -1  2  3 -1 -2 -2 -1 -2 -1  2  0 -1 -2 -3 -3    5   2  10  11   1   2  14  21   1   2   4   3   1   3   9   7   4   1   1   2  0.27 0.20
  432 D   -1 -4 -1  7 -5 -2  3 -1 -2 -5 -5 -3 -5 -5 -3 -2 -4 -6 -4 -5    4   1   3  56   0   1  20   4   1   1   1   1   0   0   1   3   1   0   1   1  1.40 0.61
  433 E    0 -1 -3 -1 -4  4  5 -4 -2 -1 -3 -2 -3 -3 -3 -3 -3 -1 -2 -1    7   2   1   2   0  21  43   1   1   4   3   2   1   1   1   1   1   1   2   5  0.86 0.49
  434 A    2  3  0  0 -2  2  0 -2 -1 -2 -2  3 -2 -3 -3  0 -1 -3 -3 -3   17  17   4   4   1  11   4   2   1   2   5  20   1   1   0   6   3   0   0   1  0.36 0.27
  435 T    2 -1 -3 -3 -2 -1 -2 -3 -2  3  1 -1  1  1 -2 -1  1 -1  0  1   21   3   1   1   1   2   2   1   1  18  11   3   3   6   1   3  11   1   3   8  0.22 0.20
  436 G    2 -6 -5 -4 -6 -5 -5  7 -6 -5 -6 -3 -6 -3 -4 -3 -5 -6 -6 -3   16   0   0   1   0   0   0  71   0   1   1   2   0   1   1   1   0   0   0   3  1.73 0.72
  437 A    2  0 -3 -4 -1 -3 -2 -3 -3  3 -1 -2  1  0 -4 -1 -1  0  2  3   20   5   1   1   1   0   3   1   0  16   5   2   4   4   0   3   2   2   9  20  0.34 0.25
  438 N   -1  2  2  2 -5  3  2 -2  1 -4 -2  1 -2 -3 -3  0 -2 -5 -3 -4    5  12  11  13   0  14  12   2   3   1   4  10   1   1   1   6   2   0   0   1  0.38 0.27
  439 I   -1 -6 -4 -6 -1 -6 -4 -4 -6  7  1 -6  1 -4 -6 -5 -3 -3 -5  2    6   0   1   0   1   0   1   2   0  61  11   0   3   0   0   1   1   0   0  10  1.42 0.62
  440 V   -3 -6 -6 -6 -3 -5 -6 -5 -6  3  3 -5  1  1 -6 -5 -3 -3 -3  5    1   0   0   0   1   0   0   1   0  16  29   0   3   5   0   0   1   0   1  40  1.08 0.51
  441 R    1  3 -2 -3 -2  1 -1 -2 -2  0  1  3  0 -2 -2 -1 -2 -3  0 -1   15  18   1   1   1   7   3   2   1   5  13  17   2   2   1   3   2   0   3   3  0.26 0.23
  442 V   -2  5  1  1 -5  1  2 -3  1 -4 -4  3 -2 -5 -4 -1 -1 -6 -4 -2    4  29   6   8   0   5  12   2   3   1   1  19   1   0   0   3   3   0   0   3  0.63 0.38
  443 A    6 -5 -5 -5 -3 -5 -3 -2 -5 -4 -5 -5 -5 -6 -5  2 -2 -6 -3 -1   73   0   0   0   0   0   2   3   0   1   1   0   0   0   0  12   2   0   1   3  1.54 0.74
  444 L   -2 -6 -6 -6  2 -5 -5 -6 -6  2  6 -6  1 -2 -6 -4 -3 -5 -5  0    3   0   0   0   4   0   1   0   0   8  70   0   3   1   0   1   1   0   0   5  1.37 0.61
  445 S    0  2 -2 -1 -2  1  4 -2 -1 -3 -1  2  0 -3 -2  1 -1 -5 -3 -2    6  10   1   3   1   6  28   2   1   1   7  10   2   1   2  11   4   0   1   3  0.34 0.28
  446 A    3  0 -3 -3 -3  1  3 -2 -3 -1 -3 -1  0 -4 -4  1  0 -2  1  0   31   5   1   0   0   6  19   2   0   4   2   2   2   0   0   9   7   1   4   5  0.40 0.33
  447 P   -6 -7 -7 -7 -3 -6 -6 -7 -7 -4 -2 -6 -7 -8  9 -4 -4 -8 -7 -3    0   0   0   0   1   0   0   0   0   1   4   0   0   0  87   1   1   0   0   3  2.89 1.14
  448 L    2 -3 -4 -5  2 -4 -4 -4 -3  2  3 -4  3  3 -5 -3 -1 -4 -1  0   17   1   1   0   5   0   1   1   1  12  29   0   8  13   0   1   4   0   1   5  0.56 0.34
  449 K   -2  6 -2 -3 -2  0  0 -3  0 -2 -2  3  1 -3 -5 -2 -2  1  0 -3    2  39   2   1   1   3   6   2   2   3   4  19   4   1   0   2   2   2   3   2  0.74 0.43
  450 Q    0  1 -2 -5 -2  6 -2 -5 -2 -2 -1  0  0 -5 -5 -3  3  2 -3 -2    8   7   1   0   1  36   1   0   1   2   7   5   2   0   0   1  21   3   1   2  0.80 0.51
  451 I   -6 -7 -6 -8 -6 -7 -7 -8 -7  8  2 -7 -1 -5 -7 -6 -4 -7 -6 -1    0   0   1   0   0   0   0   0   0  75  20   0   1   0   0   0   1   0   0   2  2.18 0.85
  452 A    5 -5 -5 -6  2 -4 -4 -4 -5  1  1 -4  0 -3 -5 -2 -2 -3 -2  2   48   0   0   0   4   0   1   1   0   8  15   1   2   1   0   2   1   0   1  13  0.82 0.48
  453 L    0  2  0  1 -3  1  3 -2  1 -1 -2  2 -2 -3 -4  1  0 -4 -2 -2    8   9   3   6   0   6  23   2   3   3   4  12   1   1   0   9   6   0   1   2  0.28 0.23
  454 N   -7 -6  9 -4 -8 -6 -6 -6 -1 -9 -7 -5 -3 -9 -8 -4 -4 -9 -8 -8    0   0  95   0   0   0   0   0   1   0   1   1   1   0   0   1   1   0   0   0  3.23 1.24
  455 G    6 -4 -3 -4  3 -5 -4 -1 -2 -6 -5 -4 -3 -5 -5  1 -1 -7 -4 -2   67   1   1   1   5   0   1   4   1   0   0   1   1   0   0  11   3   0   1   2  1.35 0.69
  456 G   -4 -7 -2 -3 -1 -7 -3  7 -2 -6 -8 -4 -8 -5 -7 -4 -6 -8 -8 -8    1   0   2   2   2   0   2  87   1   0   0   1   0   1   0   1   0   0   0   0  2.33 0.94
  457 L   -1  0 -3 -2 -3  0  1 -2  0  1  1  0  1  2 -4 -3 -2 -3  3  2    6   4   1   2   0   3   9   2   2   7  17   6   3   7   0   1   1   0   9  18  0.20 0.19
  458 E   -3 -2  3  5 -7 -2  4 -3  1 -5 -6 -2 -4 -6 -3  0 -3 -4 -2 -4    2   2  14  33   0   1  28   2   3   1   0   2   0   0   2   6   1   0   2   1  1.01 0.55
  459 P    1 -3 -2  0 -4 -5 -2  5 -3 -2 -5 -4 -4 -3  4  1 -3 -1 -2 -4   10   2   1   4   0   0   2  39   0   3   1   0   0   1  21   9   1   1   2   1  0.84 0.48
  460 G    2 -2 -1  2 -2 -1  1  1 -1 -4 -3 -1 -4 -4  0  3  0 -2 -2 -3   16   2   2  11   1   2  10   9   2   1   2   3   0   0   5  27   4   1   2   2  0.36 0.30
  461 V    0 -2 -3 -2 -3  0  1 -4 -2  1  1 -1 -1 -3 -1 -1 -1 -3 -1  4    7   1   1   2   0   4  12   1   1   6  13   4   1   1   3   4   3   0   2  34  0.34 0.27
  462 V   -2 -5 -5 -4 -5 -3 -4 -6 -6  5 -1 -3  0 -4 -5 -3 -2 -6 -2  5    4   0   1   1   0   1   1   0   0  33   4   2   2   0   1   2   2   0   2  44  1.19 0.56
  463 A    0 -3 -4 -4 -2 -2 -3 -5 -3  3  2 -3  1 -1 -4 -3 -2 -1  0  4    8   2   1   1   1   1   2   0   1  18  17   2   4   2   1   2   2   1   3  33  0.55 0.33
  464 E    1  0  2  2 -5  1  4  1  1 -5 -4  0 -4 -3 -3  0 -2 -5 -2 -4   12   5   8  10   0   6  27  11   4   0   1   5   0   1   1   6   1   0   1   1  0.46 0.32
  465 K   -1  3  0  0 -5  1  2 -3 -1 -1 -3  5 -2 -4 -4 -2 -1 -5 -3 -4    5  13   4   4   0   5  12   1   1   4   2  37   1   1   0   2   3   0   1   1  0.66 0.40
  466 V   -1 -6 -6 -4  1 -3 -5 -5 -6  5  3 -4  0 -3 -5 -4 -3 -2 -2  4    4   0   0   1   2   2   0   1   0  26  26   1   2   1   0   1   1   1   1  30  0.92 0.46
  467 S    1  3 -1 -2 -1  1  1 -3 -2 -2  1  2  1 -3 -3  1 -1 -4 -3 -2   10  14   3   2   1   5  11   1   1   2  17  14   3   0   1  10   3   0   0   3  0.23 0.22
  468 N    0  1  3  2 -4  2  3 -1  1 -5 -4  1 -3 -4 -4  0 -1 -4 -3 -5    7   8  13  12   0  11  16   5   4   0   1   8   1   1   0   8   3   0   1   0  0.42 0.30
  469 L    1  0  1  0 -1  0  0  1 -1 -2  0  0  0 -3 -1  2 -1 -4 -2 -2   12   4   6   5   2   5   5  10   1   1  13   7   3   1   3  16   3   0   1   2  0.10 0.13
  470 P   -2 -2  2  3 -4 -1  2  1 -1 -5 -5  2 -5 -3  3  0 -1 -3 -5 -5    3   1  10  18   0   2  11  12   1   0   0  11   0   2  15   8   3   0   0   0  0.52 0.35
  471 A    0 -2 -1  1 -3 -1  0  1 -1 -2 -2  0 -2  2  3  0  0  2  0 -2    8   2   3   8   0   1   6  13   1   2   3   6   1  10  16   8   6   3   2   2  0.22 0.19
  472 G    0 -1  4  2 -3 -1  1  3 -1 -4 -5  0 -3 -2 -2  0 -2  1 -1 -4    6   3  18  10   0   2   8  26   2   1   1   5   1   2   2   6   2   2   2   1  0.43 0.31
  473 H   -3 -3 -3 -2 -3 -2 -1 -5  3  1  0 -2  2  4 -4 -2  0  3  4  1    1   1   1   2   1   2   4   1   7   9   9   3   5  17   1   2   5   4  16  10  0.47 0.30
  474 G   -2 -7 -5 -3 -7 -3 -7  7 -7 -3 -7 -6 -7 -7 -7 -4 -4 -2 -4 -2    3   0   0   1   0   2   0  84   0   2   1   0   0   0   0   1   1   1   1   3  2.18 0.92
  475 L   -7 -7 -7 -4 -4 -7 -7 -5 -4  0 -1 -7 -2  6 -8 -7 -6  2  8 -3    0   0   0   1   0   0   0   1   0   4   7   0   1  33   0   0   0   2  48   2  2.11 0.88
  476 N   -7 -6  6  7 -4 -5 -1 -6 -5 -8 -8 -6 -7 -8 -7 -4 -6 -8 -3 -8    0   0  39  54   1   0   3   0   0   0   0   0   0   0   0   1   0   0   1   0  2.24 0.96
  477 A    6 -3 -6 -6 -1 -4 -5 -2 -4 -2 -2 -5 -3 -1 -2 -2 -1 -6 -5  3   55   1   0   0   1   1   0   3   0   2   4   0   1   2   2   3   3   0   0  21  1.07 0.60
  478 A    2  2  0 -2 -3  1  0 -3 -1  0  1  1  3 -3 -4 -1 -1 -4 -2  1   18  13   4   2   0   6   6   1   1   4  12   8   7   0   0   5   2   0   1  10  0.20 0.21
  479 T   -1  1  2 -1 -2 -1 -1 -3 -2 -4 -2  1 -3 -4 -3  1  5 -6 -4 -3    4   7  10   3   1   2   3   2   1   1   4   9   0   1   1  11  39   0   1   1  0.66 0.45
  480 G   -3 -1  2  3 -3 -2  1  5  0 -4 -4 -1 -1 -4 -5 -2 -5 -6 -4 -6    1   4   8  14   1   2   9  47   2   1   2   4   2   1   0   2   0   0   0   0  0.91 0.50
  481 E   -1  2 -1  1  1  1  4 -3 -4 -4 -4  3 -4 -6 -4  0  0 -6 -3 -1    4  11   2   7   3   7  28   2   0   1   1  17   0   0   0   6   7   0   1   4  0.55 0.38
  482 Y   -6 -3 -6 -7 -3 -3 -3 -7 -2  2 -1 -4  0  5 -5 -5 -4  4  7  1    0   1   0   0   1   1   2   0   1  10   6   1   2  21   1   0   1   4  38   9  1.36 0.64
  483 E   -1 -3 -4 -3  3 -3  3  2 -5 -1 -3 -2 -4 -5 -5 -4  0 -6 -5  5    4   1   0   1   5   0  21  15   0   2   1   2   0   0   0   1   5   0   0  38  0.76 0.48
  484 D   -5 -4  5  7 -3 -4 -2 -5 -3 -7 -6 -2 -7 -6 -3 -2 -4 -8 -7 -5    1   1  27  59   1   1   1   1   1   0   1   2   0   0   2   2   1   0   0   1  1.90 0.84
  485 L   -1 -6 -7 -5 -2 -5 -5 -5 -6 -2  4 -6  9 -1 -3 -5 -3 -4 -4 -2    5   0   0   1   1   0   1   1   0   1  37   0  43   2   2   1   2   0   1   3  1.66 0.77
  486 L   -1 -1 -5 -4 -4 -3 -3 -4 -2  3  1 -1  3  3 -3 -3 -2  2  1  3    5   4   0   1   0   1   2   1   1  20  12   5   7  12   1   1   2   3   5  18  0.41 0.27
  487 A    1 -1 -2  2 -6  1  5 -3 -4 -5 -3  3 -4 -6 -3  0 -2 -6 -5 -3   14   2   2  12   0   4  33   2   0   0   2  16   0   0   1   8   2   0   0   2  0.67 0.44
  488 A    4  0 -2 -2 -2  0  0 -2 -2 -3 -2  1  2 -3 -4  1  0 -3 -3 -2   42   5   2   2   1   4   6   2   1   1   4   7   5   1   0  10   5   0   1   3  0.48 0.37
  489 G   -5 -2 -1 -6 -3 -3 -6  7 -5 -8 -7 -4 -7 -8 -6 -4 -5 -4 -7 -6    0   3   3   0   1   2   0  86   0   0   0   1   0   0   0   1   1   0   0   1  2.29 0.95
  490 V   -5 -7 -6 -7 -6 -7 -7 -4 -7  7 -1 -7 -4 -5 -7 -6 -4 -7 -6  4    1   0   0   0   0   0   0   2   0  61   5   0   0   0   0   0   1   0   0  30  1.94 0.81
  491 A   -4 -3 -6 -7 -1 -6 -7 -7 -7  6  2 -6  1  0 -3 -4 -4  0 -2  3    1   2   0   0   2   0   0   0   0  47  17   0   3   3   2   1   0   1   1  20  1.19 0.56
  492 D   -7 -7 -3  9 -9 -3 -2 -7 -7 -9 -9 -6 -9 -9 -7 -6 -3 -10 -9 -7    0   0   1  94   0   1   2   0   0   0   0   0   0   0   0   0   2   0   0   0  3.05 1.21
  493 P    0 -7 -7 -7 -4 -5 -6 -4 -7 -6 -7 -6 -7 -9  8  1 -5 -9 -8 -3    8   0   0   0   0   0   0   2   0   0   0   0   0   0  76  11   1   0   0   2  2.44 1.06
  494 V    4 -5 -5 -6  1 -5 -5 -4 -6 -3  1 -2 -2 -1 -5 -1  4 -6 -1  2   35   0   0   0   2   0   0   0   0   1  12   2   0   3   0   4  23   0   2  15  0.74 0.49
  495 K   -1  0 -2 -1 -6  0 -1 -2 -4 -3 -1  6  0 -5 -2 -2 -2 -4 -4 -4    5   4   2   4   0   3   3   3   0   2   7  56   2   0   2   3   3   0   0   1  0.97 0.55
  496 V    1 -2  1 -2 -2 -1 -2  1 -2  1  1 -1  2 -1 -2  1  1 -2 -2  1   11   1  10   1   0   0   1  11   0  11  11   1  10   0   1  11  11   0   0  11  0.09 0.08
  497 T    0 -3 -3 -1  1  0 -1 -3 -3  2  1 -2  1  0  0 -1  0 -3 -2  3    5   0   0   4   4   5   4   0   0  13  10   0   5   5   4   5   7   0   0  29  0.19 0.16
  498 R   -1  5 -1 -2  1  0 -1 -4 -2  0 -1  2  0  0 -3 -1 -1  2  0 -1    3  36   2   2   3   4   3   0   0   6   4  13   2   5   0   3   4   3   3   4  0.39 0.27
  499 S    1 -1  0 -1  3  0  0 -1 -1  0 -1 -1 -1 -2 -3  3  2  0 -1 -1   10   2   4   3   7   3   7   3   1   5   4   2   1   1   0  23  16   1   2   4  0.21 0.21
  500 A    5 -4 -4 -4  3 -2 -2 -1 -4 -2 -4 -4 -4 -5 -1  2 -1 -5 -1  1   54   0   0   0   6   2   2   3   0   2   0   0   0   0   2  16   3   0   2   8  0.81 0.48
  501 L   -3 -6 -7 -7 -5 -2 -6 -7 -6  3  5 -6  1  1 -6 -6 -2 -5 -4  2    2   0   0   0   0   2   0   0   0  13  60   0   3   5   0   0   2   0   0  13  1.19 0.53
  502 Q   -2  3  0 -1 -5  3  3 -3 -1 -1 -2  1 -1 -4 -4 -2  1  0 -1  0    1  16   4   2   0  17  22   2   1   4   5   6   1   0   0   2   8   1   2   6  0.41 0.30
  503 N   -1 -2  6  2  0 -2 -2 -1  2 -3 -4 -1 -2 -3 -5  0  1 -6 -2 -2    5   2  39  11   2   1   2   4   5   1   2   4   1   1   0   6   9   0   2   4  0.67 0.39
  504 A    6 -5 -5 -5 -4 -5 -5  0 -6 -5 -2 -5 -5 -6 -5  1 -4 -6 -6 -2   78   0   0   0   0   0   0   6   0   0   4   0   0   0   0  10   0   0   0   2  1.54 0.67
  505 A    4 -4 -3 -4  1 -2 -3 -2 -4  2 -2 -2 -1 -2 -4  1  0 -5 -3  3   33   0   1   0   3   2   1   2   0  11   2   2   1   1   0   8   6   0   1  24  0.49 0.33
  506 S   -1  0 -1 -3 -5 -3 -3  0 -4 -6 -4  0 -2 -6 -4  6 -1 -6 -5 -4    4   6   1   1   0   0   1   8   0   0   1   4   1   0   0  69   3   0   0   1  1.19 0.60
  507 I    0 -5 -4 -4 -1 -2 -4 -1 -5  4  0 -4  2 -2 -5 -1  0 -5 -4  5    6   0   0   1   1   1   0   5   0  23   6   0   4   1   0   5   7   0   0  40  0.65 0.35
  508 A    6 -5 -4 -5 -1 -4 -4 -1 -5 -2 -2 -4 -4 -5 -4  1 -1 -6 -5  0   73   0   0   0   1   0   0   3   0   2   3   0   0   0   0   7   3   0   0   7  1.23 0.56
  509 A    2 -1  0 -2 -1 -2 -1  3 -3 -2 -3  0 -1 -4 -1  3  0 -2 -2 -2   18   2   4   1   1   1   2  22   0   3   2   5   2   0   3  26   6   1   1   1  0.36 0.25
  510 L   -1 -2 -1 -4 -3 -2 -3 -4 -2  1  3 -3  5 -2 -4 -1  2 -4 -2  1    5   2   2   0   0   1   2   1   1   7  35   0  18   0   0   4  13   0   1   8  0.49 0.30
  511 F    1 -4 -5 -5 -1 -4 -4 -3 -4  3  3 -4  3  2 -4 -3 -2  1 -1  2   11   0   0   0   1   0   0   1   0  14  35   0   8   9   0   0   2   2   2  12  0.53 0.28
  512 L   -2 -4 -5 -4 -2 -4 -5 -4 -5  2  5 -4  3 -2 -5 -2  0 -4 -2  0    2   0   0   1   1   0   0   1   0  12  63   0   6   1   0   2   6   0   1   3  0.88 0.41
  513 T   -1 -2 -1 -1 -2 -3 -4 -2 -1 -2 -1 -3  1 -4 -4  1  6 -5 -3 -2    4   1   3   4   1   0   0   3   1   2   6   1   3   0   0  10  57   0   1   2  0.87 0.49
  514 T    1 -4 -2 -3  0 -4 -4 -3 -4  0 -3 -4 -1 -5 -4  3  6 -5 -4  1   10   0   1   1   1   0   0   1   0   5   1   0   1   0   0  20  51   0   0   8  0.93 0.51
  515 E   -2 -3  2  4 -6  1  5  1 -2 -5 -4  0 -3 -6 -4 -1 -3 -6 -5 -4    3   0   8  23   0   4  41  10   0   0   1   4   1   0   0   4   1   0   0   0  0.84 0.42
  516 A    4 -3 -2 -4  5 -3 -4  0 -3 -1 -3 -2  0 -3 -4 -1  0 -5 -1  3   40   1   1   0  14   0   0   6   0   1   1   2   2   1   0   2   6   0   2  22  0.63 0.38
  517 V    1 -4 -4 -4 -1 -3 -4 -3 -4  2  3 -3  3 -1 -4 -1  0 -4 -3  3   14   0   0   0   1   1   0   1   0  13  28   1   7   2   0   3   4   0   0  24  0.47 0.28
  518 V   -3 -5 -6 -6 -4 -5 -5 -6 -6  5  0 -5  2 -3 -5 -5 -3 -5 -4  5    0   0   0   0   0   0   0   0   0  40   5   0   4   0   0   0   0   0   0  49  1.35 0.53
  519 A    2 -2 -3 -3  1 -2 -3 -1  2  0 -1 -2 -1 -2 -2  1  3 -4 -2  3   16   1   0   0   2   1   0   5   7   4   4   1   1   1   1   9  22   0   1  22  0.28 0.25
  520 D   -2  0  2  4 -5  0  4 -3  2 -4 -4  0 -4 -4 -2 -1 -1 -5 -2 -3    2   5  11  26   0   2  32   1   5   1   1   6   0   1   2   3   2   0   1   2  0.67 0.34
  521 K    1  1 -2 -1 -3  0  1 -3  0  2  0  3 -1 -2 -2 -1 -1 -4 -2  0   13   7   1   2   0   3   7   1   2  17   8  26   1   1   1   3   1   0   1   5  0.21 0.19
  522 P   -2  0  0 -1 -5 -1  0 -3 -1 -3 -4  2 -4 -6  7 -1 -2 -6 -4 -3    2   5   4   2   0   3   6   1   2   2   1  11   0   0  54   3   2   0   1   1  1.22 0.49
  523 E   -2  0 -2  2 -5  1  5 -3 -2 -2 -4  2 -3 -5  0  0  0 -5 -2 -3    2   5   1  12   0   6  37   1   0   3   1  14   0   0   4   6   5   0   2   2  0.55 0.32
  524 K   -1  0 -1  1 -5  0  3 -3  0 -3 -3  5 -2 -5  1  0 -1 -3 -3 -3    3   2   2   7   0   3  23   1   2   1   2  36   1   0   7   5   3   0   1   1  0.57 0.33
  525 A    0 -1  0  2 -2 -1  3 -3 -2 -2 -3  3  1 -4  0  1  0 -3 -4 -2    7   1   3  13   1   1  22   1   0   3   1  20   4   0   5   9   5   0   0   3  0.34 0.24
  526 A    1  0  0  1 -3  0  1 -1 -2 -1 -2  2  0 -2  1  1  0 -4 -1 -1   13   2   3   8   0   4   9   3   0   4   3  16   3   1   8  12   6   0   2   3  0.15 0.13
  527 A    2 -1  1  1 -3  0  2  0 -2 -2 -3  0 -2 -4  2  1  0 -1 -3 -2   23   3   7   7   0   4  14   5   0   2   2   4   1   0   9  12   3   1   0   2  0.25 0.19
  528 P    1 -2 -1 -1 -5 -2 -1 -3 -2 -4 -4 -1  1 -4  7  1 -2 -5 -2 -1   11   1   2   3   0   2   3   1   1   0   1   3   4   1  51  10   1   0   1   5  1.10 0.44
  529 A    2 -2 -1  0 -1  0  0  0 -1 -1 -1  0  3 -3  2  0  0 -4 -2 -1   25   0   3   5   1   4   5   7   2   3   5   6  11   0  11   5   4   0   1   3  0.19 0.16
  530 G    1 -2  1 -1 -1 -1  0  3 -1 -1 -2 -1 -1 -2  2  0 -1 -2 -1 -1   16   1   7   2   2   2   5  24   1   4   2   4   2   1  12   5   2   1   2   5  0.22 0.14
  531 D   -1  0  2  3 -4  0  0  0 -2 -2 -1 -1  2 -3  3 -1  0 -4 -2 -2    4   7  11  20   0   4   3   8   1   1   5   2   9   0  16   4   5   0   1   1  0.31 0.19
  532 P    0 -3 -2  3 -4 -2 -1 -1  1 -2 -3 -2 -1 -4  6  0 -2 -5 -3  0    6   1   1  16   0   1   4   5   3   2   3   1   1   0  40   6   2   0   1   8  0.77 0.32
  533 T    2  0 -2 -3 -3 -1 -2 -1 -2 -1 -1 -2  5  0  1  1  1 -4 -1 -1   21   4   1   1   0   3   2   5   1   3   2   1  24   3   6  10   9   0   2   3  0.30 0.24
  534 G    0  0  0  1  0 -2 -1  4  1 -4 -3 -2 -1 -2  4  0 -1 -4 -3 -3    5   5   3   7   2   0   2  36   3   0   1   1   2   2  19   7   3   0   0   2  0.52 0.24
  535 G   -1 -3  4  0 -4 -1 -2  5  0 -5 -4 -3 -3 -3 -4  0 -1 -5 -4 -4    4   0  19   3   0   2   1  51   2   0   2   0   1   1   0   8   4   0   0   0  0.88 0.35
  536 M   -1 -3 -4 -3 -4 -2 -4  0 -1  1  1 -4  8  1 -2  0 -3 -4  1 -2    4   1   0   1   0   1   0   7   1   6   9   0  48   6   2  10   0   0   4   0  0.92 0.43
  537 G   -2 -4 -1  1 -5 -4 -3  6 -4 -5 -5 -3 -5 -5  2  0 -1 -5 -5 -5    0   0   1   7   0   0   0  67   0   0   1   0   0   0  10   8   3   0   0   0  1.22 0.41
  538 G   -1 -3  0  3 -4 -3 -2  5 -3 -5 -5 -3 -1 -5 -2  1 -2 -4 -4 -4    2   0   4  23   0   0   0  57   0   0   0   0   2   0   1   8   2   0   0   0  0.93 0.27
  539 M   -1 -3 -2 -4 -3 -2 -1 -4 -1 -1  1 -3  9  1 -4 -2 -3 -3 -1 -1    5   0   2   0   0   0   4   0   1   1  11   0  67   6   0   1   0   0   2   0  1.18 0.36
  540 D   -2 -2  3  6 -4 -1  1  0 -2 -4 -5 -2 -4 -5 -3  1 -2 -5 -4 -4    0   0  13  63   0   0   7   8   0   0   0   0   0   0   0   9   0   0   0   0  0.97 0.20
  541 F   -3 -3 -4 -5 -4 -3 -4 -4  0 -2  0 -3  1  5 -4 -3 -3  1  7 -2    0   0   0   0   0   0   0   0   0   0   6   0   5  33   0   0   0   0  56   0  1.19 0.21

                      K         Lambda
Standard Ungapped    0.1300     0.3101
Standard Gapped      0.0410     0.2670
PSI Ungapped         0.1694     0.3178
PSI Gapped           0.0518     0.2670
