
Last position-specific scoring matrix computed, weighted observed percentages rounded down, information per position, and relative weight of gapless real matches to pseudocounts
           A  R  N  D  C  Q  E  G  H  I  L  K  M  F  P  S  T  W  Y  V   A   R   N   D   C   Q   E   G   H   I   L   K   M   F   P   S   T   W   Y   V
    1 M   -5 -5 -6 -7 -5 -4 -6 -7 -6 -3 -2 -5 11 -4 -7 -6 -5 -5 -5 -3    0   0   0   0   0   0   0   0   0   0   0   0 100   0   0   0   0   0   0   0  3.43 0.88
    2 P    4 -2 -1 -2 -3  2  2 -3 -2 -3 -2  0 -3 -4  1  1  0 -5 -3 -2   41   1   2   1   0   9  12   0   0   1   3   6   0   0   8  10   6   0   0   1  0.49 0.29
    3 Q   -3  2 -2 -4 -3  3  0 -5  0 -2 -4  1 -3 -5 -4  0  5 -5 -3 -2    0  10   1   0   0  13   5   0   3   2   1  10   0   0   0   5  46   0   1   2  0.81 0.41
    4 G   -4 -6 -4 -5 -7 -6 -6  8 -6 -8 -8 -6 -7 -7 -6 -3 -6 -7 -7 -7    0   0   0   0   0   0   0  99   0   0   0   0   0   0   0   1   0   0   0   0  2.64 0.77
    5 T   -3  0 -2 -4 -4 -1 -3 -5 -2 -1 -3  2 -3 -3 -4 -1  6 -6 -4  1    1   4   1   0   0   2   1   0   1   3   1  14   0   1   0   3  57   0   0   9  1.01 0.48
    6 V   -4 -7 -7 -7  2 -6 -7 -7 -7  0 -3 -6 -3 -5 -6 -6 -4 -7 -5  8    0   0   0   0   4   0   0   0   0   2   0   0   0   0   0   0   0   0   0  94  2.27 0.75
    7 K   -4  0 -3 -5 -7 -2 -3 -6 -2 -5 -6  8 -4 -7 -5 -3 -4 -7 -6 -4    1   3   1   0   0   1   1   0   1   0   0  89   0   0   0   1   0   0   0   1  2.19 0.76
    8 W   -8 -5 -9 -9 -8 -5 -8 -8 -7 -6 -7 -6 -6  2 -9 -8 -8 13 -2 -8    0   1   0   0   0   0   0   0   0   0   0   0   0   7   0   0   0  90   1   0  4.60 1.18
    9 F   -7 -7 -8 -8 -7 -8 -8 -8 -6 -5 -3 -8 -4  9 -8 -7 -7  0  2 -5    0   0   0   0   0   0   0   0   0   0   1   0   0  94   0   0   0   1   4   0  3.14 0.90
   10 N   -5 -4  8  1 -7 -4 -4 -5 -2 -6 -6 -4 -6 -7 -6  1 -4 -8 -6 -7    0   0  81   8   0   0   0   0   1   0   1   0   0   0   0   8   0   0   0   0  2.34 0.79
   11 A    2 -1  2  3 -2 -1  1  0 -1 -3 -3 -1 -2 -4  1  1  0 -5 -1  0   19   2  11  18   1   1   7   5   1   1   0   1   0   0   7   9   6   0   2   8  0.27 0.19
   12 E    2  0  0  1 -4  2  3 -3 -2 -3 -3  1 -2 -5 -2  1  1 -5 -4 -2   17   4   4   8   0   7  23   1   0   1   1   9   1   0   1  10  10   0   0   3  0.37 0.24
   13 K   -3  0 -4 -4 -7 -2 -3 -6 -5 -7 -7  8  0 -7 -5 -4 -5 -7 -4 -6    2   3   0   1   0   1   0   0   0   0   0  91   3   0   0   0   0   0   0   0  2.34 0.80
   14 G   -3 -4 -5 -6 -3 -6 -5  8 -1 -8 -8 -6 -7 -7 -6 -4 -6 -7 -7 -5    1   1   0   0   1   0   0  95   1   0   0   0   0   0   0   0   0   0   0   1  2.50 0.78
   15 F   -6 -7 -7 -8  0 -7 -7 -7 -1 -4 -4 -7 -4  8 -8 -6 -6  1  7 -5    0   0   0   0   2   0   0   0   1   1   1   0   0  64   0   0   0   2  30   0  2.45 0.76
   16 G   -4 -7 -5 -6 -7 -6 -7  8 -6 -8 -8 -6 -7 -7 -7 -5 -6 -7 -1 -8    0   0   0   0   0   0   0  98   0   0   0   0   0   0   0   0   0   0   2   0  2.69 0.88
   17 F   -7 -8 -8 -8 -7 -8 -8 -4 -6 -5 -3 -8 -5  9 -8 -7 -7 -4  0 -3    0   0   0   0   0   0   0   2   0   0   1   0   0  94   0   0   0   0   1   1  3.12 0.96
   18 I   -5 -7 -5 -7 -5 -7 -7 -8 -7  8 -1 -7 -3 -2 -7 -7 -5 -7 -5  1    0   0   1   0   0   0   0   0   0  88   4   0   0   1   0   0   0   0   0   6  2.32 0.78
   19 A    1 -1 -2 -3 -1  2  1 -2 -2 -1 -2 -2  0 -4 -4  1  4 -5 -4  0   12   2   1   1   1  11  10   2   1   3   4   1   2   0   0   8  35   0   0   6  0.46 0.32
   20 P   -1  2 -3 -4 -3  1 -3 -3 -2 -5 -3 -2 -3 -6  7 -1 -2 -4 -4 -2    4  13   1   0   1   6   1   2   1   0   2   1   1   0  56   4   2   0   0   3  1.37 0.55
   21 E   -2 -4  0  7 -7 -2  4 -3 -2 -6 -6 -3 -4 -7 -2 -2 -3 -7 -6 -5    3   0   3  60   0   1  23   1   1   0   1   0   0   0   2   2   1   0   0   1  1.51 0.60
   22 D   -2 -3  1  6 -4 -2  2  2 -3 -5 -5 -2 -4 -6 -3  0 -2 -6 -5 -4    3   0   6  49   0   1  11  13   0   1   1   1   0   0   1   8   3   0   0   1  0.98 0.43
   23 G   -2 -4 -2 -2 -3 -3 -3  7  0 -6 -6 -4 -6 -7 -4 -2 -4 -6 -5 -5    3   1   1   2   1   1   2  81   2   0   0   1   0   0   1   3   1   0   0   1  1.82 0.65
   24 S   -1  0  0  0 -4 -1  0  5 -3 -4 -4 -2 -3 -3 -3  2 -1 -4 -4 -4    3   5   4   6   0   3   7  42   0   1   2   1   0   1   1  20   3   0   0   1  0.63 0.29
   25 A    1 -1 -1  2 -3  1  4 -1 -1 -4 -4  2 -3 -5  2 -1 -1 -5 -4 -2   13   1   2  11   0   4  27   5   1   0   1  16   0   0  10   2   2   0   0   2  0.47 0.28
   26 D   -4 -5 -2  8 -7 -3  2 -5 -5 -7 -7 -4 -7 -7 -3 -4 -5 -7 -7 -7    1   0   1  83   0   1  11   0   0   0   0   0   0   0   1   0   0   0   0   0  2.34 0.80
   27 V   -2 -6 -6 -6 -2 -5 -6 -6 -4  3  2 -6  0 -3 -6 -4 -3 -6 -3  6    3   0   0   0   1   0   0   0   0  18  22   0   1   0   0   1   0   0   1  53  1.19 0.50
   28 F   -6 -5 -7 -8 -7 -7 -7 -7 -6 -2 -3 -7 -4  9 -5 -7 -6 -4  0 -4    0   1   0   0   0   0   0   0   0   2   1   0   0  92   1   0   0   0   1   1  2.96 0.91
   29 V    1 -6 -7 -7 -2 -6 -6 -5 -7 -1 -3 -6 -3 -3 -6 -4 -3 -7 -5  7   12   0   0   0   1   0   0   0   0   1   1   0   0   1   0   1   1   0   0  82  1.84 0.71
   30 H   -6 -4 -3 -4 -2 -3 -2 -7 11 -6 -5 -6 -6 -6 -7 -6 -5 -7 -2 -4    0   0   0   1   1   1   2   0  90   1   1   0   0   0   0   0   0   0   0   1  3.52 1.07
   31 Y   -3 -2 -5 -5 -5  2 -3 -6  4  0 -4 -3 -3  6 -6 -2 -3  1  6 -1    1   2   0   0   0  11   1   0   9   6   0   1   0  29   0   4   2   1  28   5  1.06 0.48
   32 T   -2  1 -2 -3 -5 -3 -4 -3 -5 -6 -5 -2 -5 -6 -5  6  3 -7 -6 -3    1   7   1   1   0   1   0   1   0   0   1   2   0   0   0  68  17   0   0   2  1.41 0.66
   33 E    4 -3  0  2 -2  0  2  0 -3 -4 -4 -3 -3 -5 -4  2 -2 -5 -4  0   41   0   4  10   1   3  11   6   0   0   0   0   0   0   0  14   1   0   0   6  0.56 0.35
   34 I   -5 -7 -7 -7 -5 -7 -7 -8 -7  8  0 -7 -3 -4 -7 -4 -5 -7 -5  2    0   0   0   0   0   0   0   0   0  78   7   0   0   0   0   2   0   0   0  13  2.03 0.71
   35 Q   -1  2  0  0 -5  4  3 -2  1 -2 -3  2 -2 -4 -2 -1 -1 -5 -3  0    5   9   4   4   0  24  17   2   3   2   2  10   0   0   2   4   2   0   0   7  0.41 0.27
   36 G    1  0  0 -2 -1 -1 -2  4 -2 -3 -3 -2  4 -4 -4  1  0 -3 -3  0   12   5   3   1   1   2   2  30   0   1   1   2  15   0   0  11   7   0   0   6  0.45 0.29
   37 T    0 -2  2  4 -3  0  3 -1 -2 -4 -4 -1 -2 -5 -1  1  0 -5 -3 -3    6   2  10  25   0   3  21   4   1   1   1   3   1   0   3  11   7   0   1   1  0.49 0.28
   38 G   -3 -2 -2 -3 -6 -5 -3  7 -5 -7 -5 -5 -6 -6 -2 -2 -4 -6 -6 -6    1   2   2   2   0   0   2  85   0   0   1   0   0   0   3   2   1   0   0   0  1.97 0.67
   39 F   -4 -1 -4 -2 -2 -3 -4 -5  2 -1 -1 -5  0  7 -3 -5 -4 -1  6 -2    1   4   1   3   1   1   1   1   4   3   6   0   2  46   1   0   1   1  23   2  1.28 0.50
   40 R   -2  6 -2 -3 -6  0 -2 -3 -3 -6 -5  5 -4 -6 -2 -2 -2 -6 -4 -4    2  41   1   1   0   3   2   2   0   0   1  40   0   0   2   2   2   0   0   1  1.28 0.53
   41 T   -1 -3 -1 -2 -3 -2  0 -2 -3 -2 -3 -2 -2 -2 -2  3  5 -5 -3  0    4   1   3   1   0   1   5   3   0   2   1   1   1   2   2  27  39   0   1   5  0.66 0.39
   42 L   -5 -6 -7 -7 -5 -2 -6 -7 -6 -1  7 -6  0 -2 -4 -6 -5 -6 -5 -2    0   0   0   0   0   2   0   0   0   1  91   0   2   1   1   0   0   0   0   1  1.89 0.70
   43 E    1  1  2  0 -3  2  1 -1  0 -2 -3  2 -1 -3 -2  0 -1 -1 -1 -1   16   8   9   6   0  10  10   3   2   2   1  14   1   1   1   5   3   1   2   5  0.20 0.16
   44 E    0 -4 -3  3 -7  0  7 -5 -4 -6 -6 -2 -4 -7  0 -4 -3 -7 -6 -4    8   0   0  15   0   4  63   0   0   0   0   1   0   0   4   0   1   0   0   1  1.46 0.64
   45 N   -3 -5  2 -1 -4 -4 -4  7 -6 -8 -8 -5 -7 -7 -6 -3 -5 -7 -7 -7    2   0   9   4   0   1   1  81   0   0   0   0   0   0   0   1   0   0   0   0  2.03 0.73
   46 Q   -2 -3 -4  3 -7  7  4 -5 -1 -7 -7 -2 -3 -7 -6 -3 -5 -3 -6 -7    3   0   0  16   0  56  21   0   1   0   0   1   1   0   0   1   0   0   0   0  1.72 0.74
   47 K    0  4 -2 -2 -3  1  1 -4 -2 -2 -3  4 -3 -5  1 -1 -1 -3 -4 -2    7  25   2   1   0   7  10   0   1   3   2  25   0   0   6   5   4   0   0   2  0.56 0.33
   48 V   -3 -7 -8 -8 -5 -7 -7 -8 -8  0 -3 -7 -4 -5 -7 -6 -5 -8 -6  8    1   0   0   0   0   0   0   0   0   3   1   0   0   0   0   0   0   0   0  95  2.47 0.87
   49 E   -2 -1 -1 -1 -4  2  6 -5 -3 -3 -5 -1 -3 -5 -5  2  1 -6 -5 -2    2   4   2   2   0   7  48   0   0   2   0   3   0   0   0  18   8   0   0   3  0.92 0.48
   50 F   -7 -7 -7 -8 -7 -7 -7 -8 -5 -4 -3 -7 -2  9 -8 -3 -6 -3  6 -3    0   0   0   0   0   0   0   0   0   1   1   0   1  71   0   2   0   0  23   1  2.55 0.84
   51 E   -2 -2 -1  5 -3  1  5 -4 -3 -3 -4  0 -4 -5 -4 -1  0 -6 -5 -2    2   1   2  29   1   6  36   0   0   1   1   4   0   0   0   4   7   0   0   4  0.87 0.43
   52 I   -2 -4 -5 -6  1 -5 -3 -6 -6  4  1 -4  0 -3 -4 -3  1 -6 -4  5    2   1   0   0   2   0   2   0   0  24  13   1   1   1   1   2   7   0   0  44  0.91 0.42
   53 G    0 -1 -2 -1 -2  1  3  0  0  0 -2  0 -1 -4 -4 -1  2 -5 -3  2    6   2   1   2   1   6  20   9   2   5   1   6   1   0   0   4  13   0   0  20  0.25 0.22
   54 H   -2  0 -1  2 -4  5  4 -4 -1 -4 -3  0 -1 -3  0 -1  0 -4 -3 -2    3   5   3  10   0  27  24   0   1   1   2   4   2   1   5   3   5   0   1   3  0.59 0.36
   55 S   -2 -3 -1  1 -2 -4 -3  6 -5 -5 -6 -3 -5 -5 -5  1  0 -6 -6 -6    2   1   2   7   1   0   2  63   0   1   1   1   0   0   0  11   7   0   0   0  1.30 0.55
   56 P    0  1 -1  3 -6  2  2 -2 -3 -6 -5 -1 -5 -6  5 -1 -2 -6 -5 -5    8   8   2  17   0  10  12   2   0   0   0   4   0   0  32   3   1   0   0   0  0.84 0.42
   57 K   -4  3  0  1 -7 -2 -2 -3 -3 -7 -6  7 -5 -5 -4 -3 -4 -7 -6 -6    0  14   4   7   0   1   2   2   0   0   0  67   0   0   0   1   1   0   0   0  1.58 0.67
   58 G   -3 -3 -5 -4 -7 -5 -5  8 -6 -8 -8 -4 -7 -8 -5 -4 -6 -7 -7 -8    1   2   0   1   0   0   1  93   0   0   0   1   0   0   1   0   0   0   0   0  2.48 0.86
   59 P   -3  2 -3 -3 -4 -2 -2 -6 -4 -3  2  1  1 -3  6 -3 -2 -1 -3 -3    2   9   1   1   0   2   2   0   0   1  22   8   4   1  40   2   3   1   1   2  0.91 0.45
   60 Q   -2  0 -2 -3 -2  6  2 -5  4 -3 -4  2 -1 -4 -5  0 -3 -6 -4 -3    4   5   2   0   1  41  13   0  10   2   1  11   1   1   0   6   1   0   0   2  0.95 0.50
   61 A    7 -6 -6 -6 -5 -5 -6 -4 -6 -6 -6 -5 -6 -7 -5 -3 -4 -7 -6 -3   97   0   0   0   0   0   0   0   0   0   0   0   0   0   0   1   1   0   0   1  2.38 0.91
   62 T    1  0 -1 -1 -2  0  2 -3 -2  0 -2 -1 -2 -2 -3  0  2 -5 -3  2   14   6   2   3   0   4  15   1   0   6   2   3   0   1   0   5  16   0   0  19  0.24 0.22
   63 G   -2  1  7  3 -2  0 -1 -3  2 -5 -4  0 -4 -5 -5 -2 -2 -3 -4 -5    3   6  47  17   1   5   4   2   4   0   2   4   0   0   0   3   1   0   0   1  1.07 0.51
   64 V   -5 -7 -5 -7 -5 -6 -5 -8 -5  4 -1 -7 -3 -5 -7 -6 -4 -7 -5  7    0   0   0   0   0   0   1   0   0  18   5   0   0   0   0   0   0   0   0  75  1.92 0.73
   65 R   -1  4 -3 -3 -3  1  0 -5  1 -1 -3  1 -2 -4 -4  0  4 -5 -4  2    3  24   0   0   0   6   5   0   4   3   1   9   0   0   0   6  24   0   0  13  0.52 0.34
   66 S    2  1 -3 -3 -3 -2 -3 -2 -4 -1 -2  1 -3 -5  5  0 -2 -5 -4  2   15   9   0   1   0   0   0   3   0   3   2   9   0   0  27   8   2   0   0  19  0.55 0.32
   67 L   -4 -5 -6 -6 -4 -5 -6 -6 -6  4  5 -5  1 -3 -6 -5 -4 -5 -4  4    0   0   0   0   0   0   0   0   0  24  49   0   2   0   0   0   0   0   0  25  1.18 0.44

                      K         Lambda
Standard Ungapped    0.1362     0.3156
Standard Gapped      0.0410     0.2670
PSI Ungapped         0.2260     0.3172
PSI Gapped           0.0692     0.2670
