
Last position-specific scoring matrix computed, weighted observed percentages rounded down, information per position, and relative weight of gapless real matches to pseudocounts
           A  R  N  D  C  Q  E  G  H  I  L  K  M  F  P  S  T  W  Y  V   A   R   N   D   C   Q   E   G   H   I   L   K   M   F   P   S   T   W   Y   V
    1 M   -6 -6 -7 -8 -6 -5 -7 -8 -6 -2 -1 -6 11 -5 -7 -6 -5 -6 -6 -4    0   0   0   0   0   0   0   0   0   2   4   0  94   0   0   0   0   0   0   0  3.52 1.06
    2 S    1  0  3 -3 -4  0 -2 -3 -3 -3 -4  3 -4 -4  1  3  1 -5 -4 -3   14   4  14   0   0   3   1   1   0   2   1  17   0   0   5  27  10   0   0   1  0.50 0.33
    3 K   -4  3  1 -3 -7  1 -3 -5  3 -2 -5  6 -3 -5  0 -2 -3 -6 -2 -4    0  17   7   1   0   6   1   1   6   2   0  49   1   0   5   2   1   0   2   1  1.10 0.54
    4 S   -2  4  1 -4 -6  1 -2  1 -1 -5 -5  5 -5 -6 -2  0  1 -6 -4 -5    3  20   6   0   0   5   1  10   1   0   1  35   0   0   2   6   7   0   0   0  0.78 0.44
    5 P   -4 -1 -4 -5 -4  0 -4 -5 -5 -6 -5  4 -6 -5  7 -2 -1 -7 -5 -5    1   4   1   0   0   4   0   1   0   0   1  25   0   1  55   2   3   0   0   1  1.73 0.75
    6 V   -1 -6 -6 -7 -1 -5 -6 -5 -2  3  2 -5  0 -1 -6 -5  0 -6 -4  6    5   0   0   0   1   0   0   1   1  13  19   1   2   2   0   0   5   0   0  48  1.06 0.52
    7 A    1 -6 -7 -7  4 -6 -6 -5 -7  3  2 -5  1 -3 -6 -5 -2 -6 -3  5   11   0   0   0   9   0   0   1   0  13  20   1   3   1   0   0   2   0   1  39  1.01 0.50
    8 I   -7 -8 -6 -9 -7 -6 -8 -9 -2 -2  7 -7 -1 -2 -8 -6 -3 -7 -6 -3    0   0   0   0   0   0   0   0   1   2  90   0   1   1   0   1   2   0   0   1  2.18 0.91
    9 I    0 -7 -6 -7  5 -6 -7 -6 -7  5  1 -7  4 -3 -7 -5 -2 -7 -6  4    7   0   0   0  10   0   0   0   0  35  13   0   9   1   0   0   2   0   0  23  1.19 0.56
   10 I   -7 -8 -9 -9 -2 -8 -9 -9 -9  8 -2 -8 -3 -6 -8 -6 -5 -8 -7  4    0   0   0   0   1   0   0   0   0  69   3   0   0   0   0   1   1   0   0  26  2.30 0.91
   11 L   -5 -1 -6 -8 -3 -7 -7 -8 -1  2  6 -7  4 -1 -8 -7 -4 -2 -6 -1    1   4   0   0   1   0   0   0   2   9  68   0   9   2   0   0   1   1   0   3  1.54 0.71
   12 D   -8 -8 -4  9 -10 -7 -3 -4 -8 -10 -10 -7 -10 -10 -8 -2 -7 -11 -10 -10    0   0   1  93   0   0   1   1   0   0   0   0   0   0   0   3   0   0   0   0  3.15 1.27
   13 G   -6 -9 -7 -8 -9 -8 -9  8 -9 -10 -10 -8 -9 -10 -9 -7 -8  0 -9 -10    0   0   0   0   0   0   0  99   0   0   0   0   0   0   0   0   0   1   0   0  3.13 1.22
   14 F   -4 -8 -9 -9 -8 -8 -9 -8 -8 -2 -2 -9 -4  5 -9 -8 -6 12  1  0    1   0   0   0   0   0   0   0   0   2   4   0   0  19   0   0   1  60   5   7  3.17 1.23
   15 G   -3 -8 -3 -7 -8 -8 -8  8 -8 -9 -9 -7 -8 -9 -8 -4 -7 -8 -9 -9    2   0   1   0   0   0   0  95   0   0   0   0   0   0   0   1   0   0   0   0  2.85 1.17
   16 K   -4 -3 -4 -4 -2 -4  0 -7  3  5  2 -3 -1 -1 -6 -4 -4  0  3  2    1   1   1   1   1   1   8   0   7  31  20   2   1   2   0   1   0   2  10  11  0.75 0.45
   17 R    2  3  2 -4 -3 -4 -4  3 -2 -5 -5 -3 -6 -6 -4  4 -1 -3 -5 -5   19  17  11   0   1   0   0  18   1   0   1   1   0   0   1  25   4   0   0   0  0.78 0.53
   18 A    0 -1  0  2 -7 -1  3 -5 -1 -6 -5  2 -5 -6  5  0 -2 -7 -3 -5    6   4   4  10   0   2  17   0   2   0   1  11   0   0  31   8   2   0   1   1  0.82 0.52
   19 E    0 -1  1  2 -4  0  3 -2  1 -4 -4  1 -3 -4  3  1 -2  0 -3 -4    9   3   6  13   0   3  20   2   3   1   1  10   0   1  15   8   2   2   1   1  0.44 0.34
   20 T   -1  0  1  2 -3 -1  0  0  0 -3 -4  1 -4 -5  1  1  2  5 -1 -3    3   4   5  13   1   2   5   8   2   1   1  10   0   0   6  11  12   8   2   2  0.31 0.29
   21 V    0  0 -1  1 -4  1  3  0  1 -3 -3  2 -2 -3  2  0 -2 -4  0 -3    7   5   3   8   0   6  19   7   3   2   2  12   1   1  10   5   2   0   3   2  0.27 0.25
   22 G   -1 -3  0 -1 -3 -4 -4  6  3 -5 -6 -3 -6 -1 -6  0 -1 -2  2 -3    4   1   5   4   1   1   1  51   7   0   0   2   0   3   0   7   4   1   7   2  0.99 0.55
   23 N   -8 -5  9  2 -9 -6 -6 -5 -3 -9 -10 -5 -8 -9 -8 -2 -6 -10 -8 -9    0   0  84  10   0   0   0   0   0   0   0   1   0   0   0   2   0   0   0   0  2.90 1.25
   24 A    7 -7 -7 -5 -1 -7 -7 -2 -7 -3 -5 -6 -4 -8  1 -3 -6 -8 -4 -3   81   0   0   1   1   0   0   2   0   2   1   0   1   0   7   1   0   0   1   2  1.94 0.98
   25 V   -5 -6 -8 -8 -6 -7 -8 -8 -8  7  0 -7 -2  0 -4 -6 -2 -2 -4  4    1   1   0   0   0   0   0   0   0  53   6   0   1   4   1   0   3   1   0  29  1.65 0.77
   26 A    2  0  0 -2 -3 -1  0 -3  3 -2  0  0 -1  0 -4  1  1  0  2 -1   21   5   3   2   0   2   5   0   6   1   8   6   1   4   0  11  10   1   8   4  0.20 0.23
   27 Q    1  0  1 -2 -2  3 -1 -3  0 -1  2  0  3 -3 -3  0 -1 -5 -1 -1   12   4   7   2   1  14   3   1   3   3  23   4   8   1   1   6   2   0   2   4  0.24 0.25
   28 A    7 -5 -2 -7 -3 -3 -4 -2 -7 -6 -4 -5 -3 -8 -6  0 -2 -8 -7 -5   80   0   2   0   1   1   1   3   0   0   1   0   1   0   0   6   3   0   0   0  1.84 0.94
   29 N   -1  2  5  1 -3  1  0 -2  3 -6 -6  4 -2 -6 -2  0 -2 -7 -2 -5    4   9  23   8   1   6   5   2   7   0   0  23   1   0   2   6   2   0   1   0  0.68 0.45
   30 K   -4 -5 -6 -5  0 -6 -5 -7 -3 -2 -2  0  3 -7  3 -3  7 -8 -5 -3    1   0   0   0   2   0   0   0   1   2   5   6   7   0  14   1  58   0   0   2  1.51 0.84
   31 P   -5 -4 -3 -6 -9 -4 -2 -6 -4 -6 -7  0 -8 -6  8 -3 -2 -10 -9 -2    1   1   2   0   0   1   3   1   0   0   0   6   0   0  77   2   2   0   0   3  2.40 1.13
   32 N   -4 -4  5 -5  0 -4 -4 -6  3 -1 -5 -6 -5  4 -7 -3  3  0  1  2    1   1  28   0   2   1   1   0   7   3   0   0   0  16   0   2  16   1   5  14  0.92 0.58
   33 F   -5 -6 -5 -5 -7 -5 -7 -8 -1  3  3 -7  6  5 -8 -7 -4  5  3 -2    1   0   1   1   0   0   0   0   1  14  23   0  16  24   0   0   1   7   9   2  1.26 0.63
   34 D   -5 -1  3  7 -5 -2 -1 -5  0 -6 -5 -1 -8 -3 -6 -2 -1 -9 -5 -8    1   3  13  59   0   2   4   0   3   0   2   3   0   1   0   3   4   0   0   0  1.59 0.81
   35 R    1  3  1 -1 -5 -1  1 -1  1 -4 -3  2 -1 -1 -5  1 -1  1  2 -3   10  16   7   3   0   3   9   4   4   0   2  11   2   3   0  12   3   2   8   1  0.29 0.28
   36 Y   -4 -6 -9 -9 -1 -5 -8 -9 -4  3  6 -8  0  2 -9 -6 -7  2  1 -3    2   0   0   0   1   0   0   0   1  12  66   0   2   8   0   0   0   3   4   1  1.58 0.76
   37 W   -1  0 -1 -4  0 -2 -2 -4 -3  0  1  0  3  2 -5 -1  0  8  1  0    5   6   3   1   2   1   3   1   0   5  11   7   6   8   0   4   6  20   5   5  0.61 0.37
   38 A    1  3  1 -1 -4  1  2 -2 -1 -3 -5  3 -4 -5 -3  1 -1 -6 -4 -4   13  16   7   3   0   6  11   3   1   2   1  20   0   0   1  10   3   0   0   1  0.48 0.36
   39 D   -1  1  4  1 -4  2  2 -2  3 -3 -5  2 -3 -3 -4  0  2 -6 -2 -4    4   6  17   7   0   8  12   3   6   1   1  10   0   1   1   7  14   0   1   1  0.44 0.34
   40 F   -3 -2 -2 -5  3 -5 -3 -1  3 -5 -4 -4 -4  4 -5 -1 -4  1  8 -4    3   2   2   1   5   0   2   5   5   1   1   1   0  12   1   4   1   1  49   1  1.56 0.76
   41 P   -2 -4 -4 -5 -4 -5 -4 -3 -8 -6 -2 -3 -3 -2  8 -1 -6 -8 -5 -6    3   1   1   1   0   1   1   3   0   1   5   2   1   2  71   5   0   0   0   0  2.10 1.02
   42 H   -2  0  2 -5 -3 -3 -4 -4  8 -4 -5 -1 -1  2 -4  1  0  4  3 -3    3   6   8   0   1   1   1   1  31   1   1   4   2   8   1  10   6   5   9   2  1.00 0.54
   43 G    2 -2 -3 -5  3 -3 -3 -2 -5  0 -2  0  0  0 -5  1  5 -3 -3 -1   17   3   1   0   5   1   1   3   0   5   4   5   3   4   0  11  33   0   1   3  0.57 0.40
   44 E   -1 -1 -1 -2 -3  1 -1 -4 -1  1  2  0 -1 -2 -1 -1  3 -3 -2  1    5   4   3   1   0   8   5   1   1   9  19   6   1   1   2   4  17   0   1   9  0.17 0.19
   45 L   -4 -7 -4 -8 -6 -7 -7 -5 -7  3  6 -7 -1 -5 -7 -7 -4 -7 -6  0    1   0   1   0   0   0   0   1   0  17  71   0   1   0   0   0   1   0   0   6  1.66 0.72
   46 K   -1  1 -1  0 -2  4  1 -2  3 -1 -2  2 -2 -2 -4  0 -1  0 -2 -2    4   9   3   6   1  18   8   3   8   5   5  12   1   1   0   7   3   1   1   3  0.28 0.22
   47 A    6 -6 -5 -6  1 -5 -5 -3 -2 -4 -4 -5 -5 -6 -3  0  2 -7 -6 -5   66   0   0   0   3   0   0   2   1   1   1   0   0   0   1   8  14   0   0   0  1.47 0.73
   48 A    1 -4 -4 -2  2 -3 -4 -2  5 -6 -1 -4 -2  2 -6  5 -3 -2  1 -4   10   1   0   2   4   1   1   3  12   0   5   1   1   8   0  41   1   1   5   1  0.83 0.53
   49 G   -1 -1 -3 -1 -2 -2 -1  7 -6 -7 -7 -2 -6 -7 -6 -1 -5 -7 -7 -7    4   3   1   3   1   2   4  69   0   0   0   3   0   0   0   6   0   0   0   0  1.60 0.70
   50 L   -2  1  0 -1 -2  1  4 -4  0  0  0  0 -1 -3  0 -2  1 -1 -3 -1    3   8   4   3   1   5  28   1   2   5   8   6   1   1   5   2  10   1   1   4  0.31 0.26
   51 D    4 -3 -2  1 -2 -3  1 -4  4 -3 -4 -3 -1  0 -1  1 -3 -1  1 -2   31   2   2   8   1   1   9   1   9   2   1   2   2   4   4  11   1   1   5   3  0.47 0.35
   52 V   -1 -5 -6 -6 -5 -5 -5 -6 -6  1  1 -5  0 -4 -5 -2 -2 -5  0  7    4   0   0   0   0   0   0   1   0   7  11   0   2   0   0   3   2   0   3  64  1.36 0.56
   53 G   -4 -6  0 -1 -6 -5 -5  7  2 -7 -7 -5 -6 -6 -6 -1 -5 -6 -6 -6    1   0   5   4   0   0   0  79   4   0   1   0   0   0   0   4   0   0   0   0  2.01 0.80
   54 L   -2 -5 -1 -6 -5 -1 -5 -6 -5 -1  6 -2  2 -1 -5 -5 -4 -5  0  0    3   0   3   0   0   3   1   1   0   3  65   3   4   2   0   1   0   0   3   5  1.12 0.62
   55 P   -3 -1 -1 -2 -6 -2  0 -3 -1 -1 -2 -2  0 -2  7 -1 -2 -6 -2 -3    2   3   4   3   0   2   5   2   1   4   4   3   3   2  53   5   2   0   2   2  1.18 0.67
   56 E    0  0 -2  2 -1  0  3 -1 -1 -3 -3  0 -1 -2  2 -1 -2  4  0 -3    8   6   1  13   1   5  18   4   2   1   2   6   1   2  11   3   2   6   4   2  0.31 0.29
   57 G    0  0  0  0  2  0  0 -1  1 -2 -1  0  1  0  0  0  0  3 -2 -1    5   5   5   5   5   5   5   5   5   0   5   5   5   5   5   5   5   5   0   5  0.04 0.13
   58 Q   -2 -1 -1  1 -1  5  3 -3 -1 -2 -2  1 -1 -1 -2 -1 -1 -4 -1 -1    2   3   2   6   1  31  19   2   1   2   4   6   1   3   2   4   4   0   2   5  0.49 0.32
   59 M   -1 -1 -2 -1  1  1 -1 -1 -1  1 -1 -1  4 -1  4 -1 -1 -3 -2  1    5   3   2   2   3   8   2   3   1   9   3   2  18   2  20   2   4   0   1  11  0.28 0.19
   60 G   -1 -1 -3 -3 -4 -3 -4  6 -4 -5 -5 -3 -4 -5  0  0 -3 -4 -5 -5    4   5   0   0   0   0   0  75   0   0   1   0   0   0   5   8   0   0   0   0  1.39 0.47
   61 N    0 -1  6  1  0  0 -1  0 -2 -4 -4 -2 -3 -4 -3  2  0 -5 -4 -4    6   4  44   8   2   3   3   6   0   0   1   0   0   0   0  18   4   0   0   0  0.71 0.34
   62 S    1  0 -2 -3  2 -2 -2  1 -3 -3 -1 -2 -3 -4  1  4  1 -4 -3 -1    7   6   0   0   6   0   0  12   0   0   6   0   0   0   6  45   8   0   0   6  0.44 0.29
   63 E    0  0  0  1 -4  1  4 -1 -2 -1 -3  1  0 -4 -3  0 -1 -4 -3 -1    7   4   4   7   0   4  42   4   0   4   0   6   4   0   0   4   4   0   0   4  0.40 0.25
   64 V    1 -7 -7 -7 -5 -4 -6 -7 -3  2 -1 -6 -1 -5 -5 -5 -1 -7 -6  7    9   0   0   0   0   1   0   0   1   9   5   0   1   0   1   1   3   0   0  70  1.60 0.69
   65 G   -3 -7 -2 -6 -8 -7 -7  8 -7 -9 -9 -7 -8 -8 -7 -3 -7 -8 -8 -8    2   0   2   0   0   0   0  94   0   0   0   0   0   0   0   2   0   0   0   0  2.68 0.99
   66 H   -7 -6 -3 -6 -3 -5 -5 -7 11 -8 -6 -6 -6 -3 -7 -6 -7 -7  2 -8    0   0   1   0   1   0   0   0  88   0   1   0   0   1   0   0   0   0   5   0  3.72 1.22
   67 T   -3 -3  1 -5 -5  1 -2 -5 -5  0  4 -3  6 -1 -5 -2  0 -5 -4 -2    2   2   7   0   0   6   3   1   0   5  39   1  19   2   0   3   6   0   0   2  0.76 0.45
   68 N    1 -6  6 -5 -1 -5 -4 -6  2 -3 -6 -5 -1 -7 -6 -1  5 -8 -6 -2   12   0  37   0   1   0   1   0   4   2   0   0   2   0   0   4  35   0   0   4  1.35 0.73
   69 I   -5 -8 -8 -8 -2 -7 -8 -9 -8  7  4 -7  4 -3 -8 -7 -4 -7 -6 -2    1   0   0   0   1   0   0   0   0  54  34   0   8   1   0   0   1   0   0   1  1.83 0.79
   70 G   -3 -7 -6 -7 -8 -7 -4  8 -7 -9 -9 -7 -8 -8 -7 -1 -7 -8 -8 -8    2   0   0   0   0   0   1  89   0   0   0   0   0   0   0   5   0   0   0   0  2.56 1.10
   71 A    6 -6 -6 -7  1 -6 -6 -1 -7 -4 -2 -4 -2 -7 -6  2  1 -8 -7 -4   65   0   0   0   3   0   0   4   0   1   4   1   1   0   0  14   7   0   0   1  1.42 0.79
   72 G   -3 -7 -6 -6 -7 -7 -7  8 -7 -8 -4 -7 -7 -8 -7 -6 -7 -7 -8 -8    2   0   0   0   0   0   0  93   0   0   2   0   0   0   0   0   0   0   0   0  2.72 1.11
   73 R   -3  8 -4 -6 -4  1 -5 -7 -1 -2 -5  0 -3 -3 -6 -3 -2 -7 -4 -3    2  72   1   0   1   6   0   0   1   2   1   4   1   1   0   2   2   0   1   2  1.94 0.90
   74 I   -3 -3 -4 -3 -2 -4 -4 -6 -6  5 -1 -2 -1 -3 -1 -3  0 -6 -4  5    2   2   1   2   1   1   1   0   0  33   6   3   1   1   4   2   6   0   0  35  0.92 0.50
   75 V   -3 -5 -3 -5 -2 -3 -4 -5 -4  4 -1 -4 -1  0 -3 -3 -1 -6  0  6    1   1   2   1   1   1   1   1   0  19   6   1   1   4   1   2   3   0   4  50  1.02 0.55
   76 Y   -1  0  0 -1 -5 -1  0 -4 -1 -2  0  1  0  1  1 -2 -2  3  6 -2    5   4   4   4   0   2   6   1   1   2   9   8   2   6   8   2   3   3  26   3  0.43 0.32
   77 Q   -4 -2 -3 -4 -8  8 -3 -4  1 -8 -5 -4 -1 -4 -3  0 -2 -1 -2 -6    1   2   1   1   0  69   1   2   3   0   1   1   2   1   2   7   3   1   1   1  1.98 1.12
   78 S   -2 -1  0  5 -6 -3  1  0  1 -2 -3 -2 -1 -3  1  0 -2 -2  0 -2    2   3   4  36   0   1  10   8   3   3   3   2   2   1   7   6   2   1   4   3  0.58 0.42
   79 L    0 -2 -3 -4 -2 -2 -3 -3 -3  1  4 -4  1  0 -1  0 -3 -2 -1 -1    9   2   1   1   1   2   1   2   1   8  47   1   3   3   4   8   1   1   3   3  0.56 0.41
   80 T    0 -1 -2 -2 -2  0  1 -3 -2 -1  0  1  0 -4  2  1  2  0 -2  2    6   3   1   2   1   4   8   1   1   2   8   8   2   0  11   9  16   1   1  16  0.22 0.25
   81 R   -4  7 -3 -4 -2  1 -2 -5 -3 -1  1  2 -1 -1 -6 -3 -3 -6 -1 -4    1  50   1   1   1   5   3   1   1   4  12   9   1   3   0   2   1   0   2   1  1.08 0.65
   82 I   -4 -7 -7 -7 -2 -7 -7 -7 -7  8 -1 -7  0 -2 -7 -2 -3 -7 -6  2    2   0   0   0   1   0   0   0   0  68   4   0   2   2   0   4   2   0   0  12  1.84 0.88
   83 D   -3 -1  5  4 -6 -1 -1 -3  2 -3 -2  0  0 -3 -5  1  1 -1 -3 -4    2   3  28  22   0   2   4   1   4   2   4   5   3   1   0   9   8   1   1   1  0.70 0.48
   84 K   -1  3  1  2 -3  2  2 -4  1 -3 -1  3  0 -3 -3 -1 -2 -5 -2 -3    5  14   7  11   1  10  12   1   3   1   6  17   3   1   1   4   2   0   1   2  0.36 0.31
   85 A    4 -1 -2  0 -1 -1  0 -1 -1 -2 -2 -1 -1  0  0  2 -1  0  1 -2   33   3   1   4   1   2   6   3   1   1   3   3   2   4   4  13   3   1   5   2  0.25 0.29
   86 I   -3 -5 -1 -2  0 -5 -5 -4 -1  6  0 -2  1  1 -5 -3 -2 -5 -1  1    2   0   3   2   2   0   0   2   2  49   8   3   3   6   0   2   2   0   2   9  0.84 0.54
   87 E    1  1  0  1 -4  2  2 -1  0 -2 -1  2 -1 -4 -3  1 -1 -4 -1 -2   13   8   4   6   0   8  15   4   2   2   6  13   2   0   0  10   4   0   2   2  0.21 0.22
   88 E   -1 -1  2  4 -1  0  2 -1 -1 -3 -3  0 -4 -2  0  2  0 -5 -2 -4    3   3   9  22   1   3  11   4   1   2   2   6   0   2   5  15   6   0   2   0  0.31 0.31
   89 G   -3 -1  1  1 -2 -2  0  6  0 -6 -4  0 -2 -6 -3 -2 -3 -5 -5 -5    0   3   7   8   1   2   6  55   2   0   2   7   1   0   1   1   1   0   0   0  0.99 0.55
   90 E    0  0  0  1  0  0  2 -1  0 -1 -2  1 -2 -1 -1  2  0 -3  0 -1    6   4   3   7   3   3  14   4   3   3   3   7   0   3   3  15   5   0   3   3  0.06 0.13
   91 F    0 -2 -2 -3 -2 -2 -2 -2 -1  1  1 -2  2  2 -2 -2 -1  5  2  1   11   1   0   1   0   0   1   1   0  11  11   1  10  10   1   1   1  10  10  11  0.17 0.10
   92 Q    1 -1 -2 -2 -3 -1 -1 -1 -1 -3 -2  0 -1  6 -5 -1 -3  2  3 -3   10   4   2   3   0   3   5   4   1   1   3   6   2  34   0   5   1   3   9   2  0.60 0.43
   93 E   -1  1  2  2 -3  2  3 -3  0 -4 -4  3 -3 -6 -4  0  1 -6 -3 -4    4   7   8   9   1   9  19   2   2   1   1  19   1   0   0   8   8   0   1   1  0.48 0.38
   94 N   -3 -2  7 -1 -2 -2 -2  0  3 -2 -2 -2 -2 -5 -6  0 -3 -7 -2 -3    2   2  52   3   1   1   2   6   6   2   4   2   1   1   0   7   2   0   2   2  1.15 0.71
   95 K   -1 -2 -2  0 -6  1  3 -3 -2 -4 -2  1 -3 -5  5 -1 -2 -2 -6 -3    6   2   2   6   0   6  19   2   1   1   4  10   1   1  31   5   2   1   0   2  0.73 0.51
   96 A    3 -2  0 -2 -2 -1  0  0 -2  1 -2 -1 -2 -3 -2  0  1 -5 -2  3   22   2   6   2   1   2   7   7   1   7   3   3   1   1   2   5   8   0   1  20  0.23 0.25
   97 L   -3 -4 -7 -4 -2 -7 -7 -7 -7  2  5 -7  0  4 -4 -4 -4  7  0 -2    2   1   0   1   1   0   0   0   0  10  44   0   2  16   1   2   1  13   3   3  1.23 0.67
   98 N   -1  2  0 -1 -1  2  0 -3 -1  0  1  3 -1 -3 -3 -1 -1 -2 -2  1    6  10   5   3   1   8   5   2   2   5  16  18   1   1   1   4   4   1   1   9  0.19 0.20
   99 N    0  1  1  2 -2  1  2 -1  0 -3 -3  2 -1 -4 -1  0 -1  0  1 -3   10   6   6  10   1   6  14   6   2   1   2  15   1   0   3   7   4   1   5   1  0.24 0.24
  100 A    4 -4 -3 -6  0 -3 -5 -3 -2  2  2 -3  0  1 -4 -1 -1  1 -2  1   30   1   1   0   2   1   0   2   1  11  19   2   2   6   1   4   5   2   1  10  0.47 0.37
  101 F   -1 -2 -2 -5  2 -4 -3 -3 -1  4  1  0  3  3 -5 -1 -1  1  0  1    5   2   2   0   4   0   2   2   2  20  13   5   8  13   0   4   4   2   3   9  0.39 0.29
  102 T    1  1  1  2 -1  1  2 -1  0 -2 -3  1 -1 -4 -1  0  0  0 -2 -2   11   6   6  11   1   5  16   5   2   2   3   9   1   0   2   6   6   2   1   3  0.18 0.21
  103 H   -1  2  2 -1  0  1 -1 -2  5 -2 -2  1  0 -1 -2  0 -1  0  2 -3    6  13  10   4   2   6   3   2  13   3   3   8   2   2   2   7   3   1   7   2  0.29 0.26
  104 T    0 -2 -2  0  2  0  0 -1  2  0 -1  0  1  1  0  0  0  3  1  0    6   0   0   6   5   5   6   6   5   6   6   6   5   5   6   6   6   5   5   6  0.07 0.13
  105 K   -1  3  0 -3 -1  1 -1 -3  0 -1 -1  5 -2 -2 -2 -1 -2 -3 -3 -2    5  13   4   1   1   6   3   2   3   4   6  39   1   2   1   3   3   0   1   3  0.52 0.34
  106 E    1  1  2  1 -4  2  2 -3 -2 -3 -3  3 -3 -2 -3  0  0 -3 -2 -2   11   7   9   7   0   8  12   1   1   1   2  21   0   2   1   8   6   0   1   2  0.33 0.25
  107 N   -2  1  5 -1 -4  0 -1  0  3 -4 -3  1 -4 -2 -3  1  1 -3  1 -3    3   9  29   2   0   3   2   6   6   0   2   8   0   2   1  10  10   0   4   1  0.47 0.32
  108 N   -3 -1  5  1 -4  0 -2  4  2 -5 -4  0 -5 -5 -3  0 -1 -5 -4 -5    1   2  28   7   0   4   2  28   4   1   1   7   0   0   1   7   4   0   0   0  0.72 0.40
  109 S   -1  0 -2 -3  0 -2 -3  4 -2 -5 -3  2 -4 -5 -3  4  0 -5 -5 -4    4   5   1   1   2   1   1  30   1   0   2  13   0   0   1  30   5   0   0   1  0.69 0.42
  110 D    2  4  2 -3 -2 -1 -3 -3 -2 -4 -4  1 -4 -4  0  0  3 -5 -5 -2   15  25   9   1   1   3   1   1   1   1   1   8   0   1   4   7  20   0   0   3  0.52 0.36
  111 L   -2 -6 -7 -7  1 -6 -7 -6 -7  3  5 -6  0 -1 -6 -6 -4 -6 -5  3    3   0   0   0   3   0   0   1   0  14  56   0   1   2   0   0   0   0   0  19  1.22 0.57
  112 H   -8 -6 -2 -7 -9 -4 -6 -8 11 -9 -7 -7 -7 -7 -8 -7 -8 -8 -3 -9    0   0   2   0   0   1   0   0  95   0   0   0   0   0   0   0   0   0   1   0  4.20 1.42
  113 L   -5 -6 -7 -7 -2 -6 -7 -8 -7  4  5 -7  0  3 -7 -6 -4 -5 -3  1    1   0   0   0   1   0   0   0   0  20  58   0   2  11   0   0   0   0   1   7  1.36 0.61
  114 F   -1 -6 -6 -7 -1 -5 -6 -6 -2  4  2 -5  7  2 -6 -5 -3  0 -3  2    5   0   0   0   1   0   0   0   1  24  20   0  25   7   0   0   1   1   0  13  1.08 0.53
  115 G   -2 -7 -6 -7 -2 -5 -7  7 -7 -5 -5 -7 -4 -8 -7 -2 -4 -8 -5 -8    3   0   0   0   1   0   0  89   0   1   1   0   0   0   0   3   1   0   0   0  2.42 0.97
  116 L   -6 -7 -8 -8 -2 -4 -5 -8 -8  1  6 -6  3 -5 -3 -6 -4 -7 -6 -3    0   0   0   0   1   1   1   0   0   7  80   0   6   0   2   0   1   0   0   1  1.80 0.79
  117 L   -2 -6 -7 -7  3 -6 -6 -6 -3  2  4 -6  1  1 -6 -5 -2 -5  0  4    3   0   0   0   5   0   0   0   1  10  41   0   3   5   0   0   2   0   3  26  0.97 0.49
  118 S   -4 -6 -3 -2 -4 -1 -4  0 -6 -8 -8 -6 -7 -8 -6  7  1 -8 -7 -7    0   0   1   2   0   2   1   7   0   0   0   0   0   0   0  80   6   0   0   0  2.01 0.99
  119 D   -3 -3  2  7 -7 -2 -1 -3 -1 -7 -5 -2 -6 -1  2  1 -1 -7 -4 -7    2   1   7  51   0   2   4   2   1   0   1   3   0   3  10   9   4   0   1   0  1.13 0.60
  120 G    0 -3 -3 -2 -7 -2 -2  7 -6 -7 -8 -3 -7 -3 -7 -1 -4  0 -4 -5    8   2   1   2   0   2   3  71   0   0   0   2   0   2   0   4   1   1   1   1  1.62 0.74
  121 G   -2 -3  2 -3 -1 -2 -4  6 -4 -5 -6 -3 -4 -3 -4  0 -3 -7 -6 -6    3   2   9   1   1   2   1  66   0   1   0   2   1   1   1   8   1   0   0   0  1.47 0.70
  122 V   -3 -4 -4 -8 -6 -3 -5 -6 -3  3 -4 -4 -3 -6 -4 -2 -3 -8 -5  7    2   1   1   0   0   1   1   0   1  12   0   1   0   0   1   4   1   0   0  72  1.73 0.80
  123 H   -7 -7 -1 -8 -9 -4 -4 -9 11 -9 -9 -7 -8 -1 -5 -7 -8 -9 -1 -6    0   0   3   0   0   0   1   0  89   0   0   0   0   3   1   0   0   0   2   1  3.88 1.41
  124 S    3 -6 -5 -6 -2 -6 -6  2 -6 -7 -6 -6 -3 -8 -6  7 -3 -8 -7 -6   18   0   0   0   1   0   0  12   0   0   0   0   1   0   0  66   1   0   0   0  1.70 0.89
  125 H   -3 -1  0  0 -3 -1 -4 -5  9 -5 -5 -3 -2 -4 -5  2 -3 -4  1 -5    2   3   5   5   1   2   1   1  53   1   1   2   1   1   1  15   1   0   4   1  1.76 0.80
  126 I   -3 -2 -1 -1 -3  2  0 -5 -2  5  1 -3  2 -1 -1 -3 -1  1 -1  0    2   3   2   5   0  10   5   0   1  33  14   1   4   3   3   1   4   2   2   5  0.46 0.33
  127 N   -2  1  3  5 -6  0  3 -3  0 -5 -5  1 -3 -6 -4  0 -1 -7 -3 -5    4   7  14  31   0   3  18   2   2   0   1   8   1   0   0   6   3   0   1   0  0.74 0.44
  128 H   -7 -6 -4 -4 -9  0 -5 -7 11 -7 -7 -7 -7  0 -8 -5 -4 -8 -2 -6    0   0   0   1   0   4   1   0  85   0   0   0   0   3   0   1   1   0   1   1  3.57 1.32
  129 L   -3 -7 -4 -8  0 -6 -6 -6 -7  3  6 -7  1  2 -4 -6 -4 -3 -2 -1    2   0   1   0   2   0   0   1   0  13  65   0   2   7   1   0   1   0   1   3  1.29 0.62
  130 V   -1 -1 -2 -3 -2 -1 -1 -4  2  1  1  1  0  4 -1 -2 -2 -1  4 -1    5   4   1   1   1   3   5   0   5   8  12   9   2  19   3   2   1   1  15   5  0.35 0.26
  131 A    6 -3 -4 -4 -5 -2  0  0 -3 -3 -4 -1 -2 -3 -1  0 -2 -3 -2 -3   58   1   0   1   0   2   7   8   1   1   2   4   1   1   3   5   2   0   2   1  0.90 0.56
  132 L   -3 -6 -7 -6 -2 -6 -7 -7 -7  2  6 -7  4  1 -7 -5 -3 -6 -3  0    3   0   0   1   1   0   0   0   0  12  64   0   8   5   0   1   1   0   1   4  1.36 0.63
  133 L    0 -5 -4 -7  0 -6 -6 -6 -6  4  4 -6  3  1 -6 -4 -3 -5 -1  1    7   0   1   0   2   0   0   0   0  23  43   0   6   4   0   1   1   0   2   8  0.94 0.48
  134 E   -2  3  0  3 -3  1  5 -4 -1 -3 -5  3 -4 -6 -4 -2 -2 -4 -6 -5    3  13   3  14   1   5  32   1   1   2   1  18   0   0   1   2   2   0   0   0  0.79 0.48
  135 T    1 -1 -4 -3  0 -1 -3 -2  0  1  3 -3  4  2 -5 -2 -1  0  0  0   12   4   0   1   2   3   2   3   2   8  26   1  13  10   0   2   3   1   3   6  0.34 0.26
  136 A    6 -6 -6 -6  4 -5 -5 -3 -6  0  1 -5 -1  0 -6 -3 -3 -3 -5 -2   58   0   0   0   8   0   0   1   0   5  15   0   2   5   0   1   1   0   0   3  1.15 0.62
  137 K    2  3 -1 -2 -3  0  0 -3  1 -2 -4  5 -3 -4 -2  0 -2 -4 -3 -1   17  13   3   2   1   3   5   2   3   2   1  33   0   1   2   5   1   0   1   5  0.52 0.37
  138 D    0  2  0  1 -5  3  2 -2 -1 -2 -3  3  0 -3 -3  0 -1 -5 -3 -3    9  12   4   9   0  12  14   3   2   2   2  17   3   1   1   5   3   0   0   1  0.37 0.28
  139 K    0  1  2 -1 -3  3  2 -3  3 -2 -2  1 -1  0 -4 -1 -2 -2  2 -2    9   7  10   2   0  14  16   1   8   2   4   7   2   4   0   4   2   0   6   2  0.31 0.26
  140 G   -3 -2  4  1 -6  0 -1  5 -1 -6 -5  2 -4 -5 -3 -1 -3 -6 -4 -5    1   1  18   6   0   4   3  45   2   0   1  11   0   0   1   4   1   0   1   0  0.93 0.49
  141 V   -1 -5 -4 -5  1 -3 -5 -4 -3  4  1 -4 -1  2 -3 -4 -3 -3 -2  5    6   0   1   1   3   1   0   1   1  19  12   0   1   9   1   1   1   0   1  41  0.79 0.42
  142 K   -1  0  1  0 -1  0  1 -3 -2 -3 -4  3 -3 -4  3  1  0 -5 -3 -3    4   5   5   6   2   3  11   2   1   1   1  23   1   1  16  12   5   0   1   1  0.44 0.29
  143 N   -2  3  3  1 -5  1  2 -3  2 -4 -4  3 -2 -4  0 -1 -2 -5 -2 -3    3  16  14   7   0   5  14   1   4   1   1  19   1   0   4   4   2   0   1   2  0.47 0.29
  144 V   -3 -6 -5 -6  0 -2 -5 -6 -6  4  0 -5 -1 -2 -4 -3  0 -6 -5  6    2   0   1   0   2   2   1   0   0  21   8   0   1   1   1   1   4   0   0  54  1.15 0.54
  145 Y   -1  1  0 -5  0 -3 -4 -5  0 -1 -1 -2 -2  5 -5 -3 -4  2  6  0    6   8   6   0   2   1   1   1   2   2   6   2   1  23   0   1   0   3  28   8  0.79 0.42
  146 I   -4 -6 -6 -7 -2 -6 -6 -7 -3  5  3 -6  0  1 -6 -6 -4 -2 -3  4    1   0   0   0   1   0   0   0   1  30  28   0   1   6   0   0   0   0   1  29  1.09 0.51
  147 H   -5 -4 -3 -3 -8 -3 -6 -8 11 -9 -8 -6 -7 -2 -8 -6 -7 -8 -4 -9    1   1   1   2   0   1   0   0  92   0   0   0   0   2   0   0   0   0   0   0  3.88 1.31
  148 A    3 -4 -4 -6  4 -5 -5 -1 -5  1  2 -5  1  2 -1 -2 -2 -5 -3  1   28   0   1   0  10   0   0   4   0   7  21   0   3   8   3   2   2   0   0  11  0.52 0.35
  149 F   -6 -7 -7 -8 -3 -7 -7 -4 -6  5  1 -7  1  7 -7 -4 -4  0  0 -1    0   0   0   0   1   0   0   2   0  33   9   0   3  43   0   2   1   1   2   4  1.54 0.67
  150 L   -1 -5 -5 -6 -2 -4 -5 -2 -3 -2  4 -3  2  0 -6  0  5 -6 -3 -3    5   0   0   0   1   0   0   4   1   2  38   1   4   3   0   7  32   0   1   1  0.82 0.51
  151 D   -7 -7 -4  8 -9 -6 -1 -1 -7 -8 -9 -6  1 -9 -7 -6  0 -10 -9 -8    0   0   0  83   0   0   3   4   0   0   0   0   3   0   0   0   5   0   0   0  2.54 1.08
  152 G   -5 -1 -6 -7 -8 -7 -4  7  0 -9 -9 -7 -8 -8 -8 -2 -2 -8 -8 -3    0   4   0   0   0   0   1  85   2   0   0   0   0   0   0   3   3   0   0   2  2.28 1.01
  153 R   -4  8 -5 -4 -8 -1 -2 -5 -3 -3 -3  1 -4 -7 -3 -4 -3 -7 -2 -4    1  73   0   1   0   3   2   1   1   2   3   6   0   0   1   1   1   0   1   2  1.91 0.95
  154 D   -3 -5 -2  8 -8 -3 -3 -2 -6 -8 -5 -6 -7 -8 -7 -3 -4 -8 -4 -8    2   1   1  84   0   1   1   3   0   0   1   0   0   0   0   2   1   0   1   0  2.45 1.11
  155 V   -1 -3 -5 -2 -1 -5 -3 -4 -6 -4 -4 -4 -1 -6 -3  3  6 -7 -6  3    5   2   0   2   1   0   2   1   0   0   1   1   1   0   1  17  41   0   0  23  1.01 0.67
  156 A    1 -2 -2  0 -5 -1 -1  0  0 -3 -2 -1 -2 -4  6  1 -3 -6 -1 -4   13   2   2   6   0   2   4   6   2   1   5   4   1   1  36  11   1   0   2   1  0.70 0.47
  157 P   -2 -1 -3 -1 -3 -1 -1 -5 -3 -4 -5 -3 -1 -4  8 -3 -3 -7 -1 -3    3   3   1   3   1   3   4   1   1   1   1   2   1   1  63   2   2   0   2   2  1.65 0.86
  158 Q   -2  3  1  0 -1  3 -1 -1  1 -3 -4  3  0 -2 -4 -1  2 -5 -1 -3    3  14   6   6   1  12   3   6   4   1   1  20   2   2   0   3  12   0   2   1  0.38 0.32
  159 S    1 -3 -1 -2  0 -2  1 -2 -2 -3 -5 -2 -1 -6 -3  5  1 -6 -2 -2    9   1   3   2   2   2  10   3   1   1   1   2   1   0   1  48   8   0   2   3  0.77 0.56
  160 S    5 -5 -5 -5 -1 -5 -5  4 -5 -2 -3 -5 -2  1 -5  1 -3 -1 -2 -3   44   0   0   0   1   0   0  28   0   3   2   0   1   6   0   8   1   1   1   2  0.99 0.60
  161 L    1  0 -2 -2 -1 -1  0 -2 -1  1  2  1  0 -2 -1  0 -1 -1  0  1   12   4   2   2   1   3   6   3   1  10  21  10   2   1   3   5   3   1   3   8  0.08 0.12
  162 E    0  1  1  1 -4  1  2  1  0 -1 -2  2 -2 -3 -2  0  0 -2 -1 -2    6   7   6   9   0   5  13  12   2   4   3  15   1   1   2   5   7   1   2   2  0.19 0.18
  163 Y   -4 -4 -4  0 -2 -3 -2 -7  1 -2  0 -6 -2  5 -5 -1 -3  0  7 -3    2   1   1   6   1   1   3   0   3   2   9   0   1  20   1   5   1   1  40   1  1.25 0.68
  164 L   -1 -4 -5 -5  2  0 -4 -5 -4  3  3 -1  4  2 -5 -4 -1  3  1  2    5   0   0   0   4   4   0   0   0  13  25   4   9   8   0   0   4   4   5  13  0.51 0.31
  165 E   -1  0  0  0 -3  0  0 -1  2  0 -1  0  1  0  0  0  0  3  1  0    5   5   5   5   0   5   5   5   5   5   5   5   5   5   5   5   5   5   5   5  0.06 0.08
  166 T    0  1  0  1 -1  2  2 -3  0 -2 -1  2 -1 -1 -1 -1 -1  0 -1 -3    6   8   5   8   1   9  16   2   2   3   5  13   2   3   3   5   4   2   2   1  0.20 0.20
  167 L   -2 -6 -6 -7  1 -6 -6 -7 -6  2  5 -6  1  3 -6 -6 -1 -5 -1  1    3   0   0   0   3   0   0   0   0  11  51   0   3  10   0   0   3   0   2  10  1.06 0.56
  168 Q   -1  0  0  0 -1  3  4 -3 -1 -1 -1  1  0 -2 -2 -2 -1 -5 -2 -1    5   4   5   4   1  12  30   2   2   4   7   7   2   2   2   3   3   0   1   4  0.38 0.32
  169 K    1  0  1  2 -2  1  3 -1  0 -2 -2  1 -1 -2 -2  0 -1 -4 -1 -3   12   5   7  12   1   7  19   4   2   3   3   8   1   2   2   5   3   0   2   2  0.22 0.22
  170 A    0  1 -1 -1 -1  1  1 -3  2 -1  0  2  0  1 -3 -1 -1  2  1 -1    7   8   3   4   2   5   8   2   5   4  11  15   2   7   1   3   4   3   5   3  0.12 0.15
  171 I   -2 -2 -6 -6  5 -3 -3 -4 -6  4  3 -3  5  1 -3 -3 -1  0 -2  0    3   2   0   0   9   1   2   2   0  19  28   2  12   5   2   2   4   1   1   5  0.70 0.43
  172 S    2  0  0  1 -5  1  2 -2  0 -2 -3  3 -1 -3  0  0  0 -5 -2 -2   18   5   4   6   0   6  11   3   2   2   3  17   1   1   4   5   6   0   2   2  0.25 0.25
  173 D   -1  1  0  2 -5  1  3 -1  0 -3 -4  3 -2 -2 -2  0 -1 -1 -2 -2    5   8   5  10   0   7  20   4   2   1   2  16   1   2   2   6   3   1   1   3  0.34 0.31
  174 L    0 -1 -1 -2  0 -1 -1 -1  1  2  2  0  1  0 -2  0  0  0  2  0    6   3   4   2   2   2   4   5   3  11  20   6   3   4   2   6   5   2   7   4  0.08 0.10
  175 N    0  0  0  0  2  1  0  0  1  0 -1  0 -1 -2  1  0  0 -2  1  0    6   6   5   6   5   5   6   6   5   6   6   6   0   0   6   6   6   0   5   6  0.02 0.08
  176 Y    0 -1  1  0  0  0  0  0  1  0 -1  0 -1  1 -2 -1 -1 -1  0  1    7   2  10   5   2   3   4   9   4   6   5   5   1   8   1   3   3   1   4  15  0.05 0.08
  177 G    1 -2  0  0  2 -1 -2  4 -1 -1 -2 -1 -1 -1 -2 -1 -2  1  1  0   10   2   4   5   5   2   2  33   1   5   2   4   2   3   2   2   2   2   5   8  0.27 0.19
  178 A    0  3  0 -1 -1  1  1 -2  1 -2 -2  3 -1 -1 -2  1  0 -3 -1 -1   10  18   2   1   1   8   8   2   3   2   1  19   2   3   1   9   5   0   2   3  0.22 0.16
  179 I    0 -4 -4 -4  1 -3 -4 -4 -4  5  1 -4  1  0 -4 -3 -1  1  0  2    6   0   0   0   4   0   0   0   0  53  10   0   2   4   0   0   2   2   2  10  0.55 0.28
  180 A    3 -1 -1 -1  0 -2 -1  1 -2 -1 -2 -1 -2 -3 -2  1  1 -3 -1  1   43   3   2   2   2   0   2  12   0   3   0   2   0   0   0   6   7   0   2  14  0.28 0.20
  181 T    0 -2 -1 -1  1 -2 -2 -1 -3 -2 -3 -2  0 -3 -2  4  4 -4 -3 -1    5   0   0   3   3   0   0   4   0   0   0   0   3   0   0  43  32   0   0   4  0.57 0.32
  182 V    1 -2 -2 -2  3 -2 -2  1 -2  1  1 -2  2  1 -2  0 -1 -2 -1  1   11   1   0   1  10   0   1  11   0  11  11   1  10  10   1  11   1   0   0  11  0.11 0.09
  183 S    0  0  0 -2  1  0 -1  1  2  0 -1 -1  1  0 -2  1  0 -2  1  1    4   4   3   1   4   3   3  11   8   7   3   1   6   4   1  14   4   0   7  12  0.03 0.05
  184 G   -1 -3 -1 -2 -3 -2 -2  6 -3 -4 -4 -2 -3 -3 -2  2 -2 -3 -3 -3    1   1   1   1   0   1   1  68   0   1   1   1   0   1   1  19   1   0   0   1  1.02 0.26
  185 R   -1  2  0  2 -3  2  2  2 -1 -3 -3  0 -2 -3 -2  1 -1 -3 -2 -3    0  17   0  17   0  17  17  17   0   0   0   0   0   0   0  17   0   0   0   0  0.35 0.07
  186 F   -1  1 -1  0 -4 -1 -1 -2  1 -1 -1  0  4  1 -4 -1 -1  2  5 -2    3   7   3   7   0   2   4   3   3   2   3   7  14   6   0   4   2   2  27   0  0.37 0.30
  187 Y   -1 -4 -4 -5 -4 -4 -4 -5  2  0 -1 -4  1  3 -1 -2  0  6  6  0    6   0   0   0   0   0   0   0   4   6   5   0   3  12   3   3   7  10  33   8  0.77 0.42
  188 A    0 -2 -2 -2  3 -2 -2  0  2  1  0 -2  2  1  1  0  1 -2 -1  0    8   0   0   0   8   0   0   8   8   8   8   0   8   8   8   8   8   0   0   8  0.11 0.12
  189 M    0 -2 -2  1  3 -2 -2 -2 -2  1  1 -2  2  2 -2 -1  1 -1  2  0   11   1   0  11  10   0   1   1   0  11  11   1  10  10   1   1  11   0  10   1  0.12 0.10
  190 D    0  1  1  4 -3 -1  1 -2 -1 -2 -1 -1 -2 -3 -2  0  1 -3 -2 -2    6  11   7  38   0   0   6   1   0   1   7   1   0   0   1   6  14   0   0   1  0.35 0.14
  191 R   -2  6 -1 -2  0 -1 -1 -2  0 -2 -4  1 -1 -1 -1 -1 -2 -4  4 -4    2  44   2   2   2   2   4   3   2   2   0   6   2   2   3   4   2   0  13   0  0.79 0.55
  192 D   -1 -1  1  5 -4  0  1 -1 -3 -2 -2 -1  0 -1 -1  0 -1  2  0 -2    4   3   6  34   0   3  10   4   0   3   3   3   3   3   3   5   4   3   3   3  0.41 0.35
  193 K    0  0  0  0  2  0  0  0  1  0 -1  0  1  0 -2  0  0 -2  1  0    5   5   5   5   5   5   5   5   5   5   5   5   5   5   0   5   5   0   5   5 -0.00 0.07
  194 R   -2  3  4  1  1  0 -1 -2  2 -1 -2  0  1 -4 -4 -1 -1  2  0 -4    3  18  22   8   3   5   4   3   5   4   3   4   3   0   0   3   4   3   3   0  0.43 0.35
  195 W   -2 -2 -1 -2  1 -5 -2 -1  0 -1 -2 -2  0  2 -2 -2 -2 10  3 -2    4   3   3   3   3   0   3   5   3   3   4   3   3   7   3   4   3  36   8   3  1.20 0.66
  196 E    0  0  1  4 -4  0  3  0  0 -3 -2  1 -3 -4 -1  0 -1 -4 -1 -2    6   3   6  27   0   3  22   5   2   0   3   8   0   0   2   4   3   0   2   2  0.36 0.26
  197 R   -1  5  0 -3 -4  1  0 -4  1  0 -1  1  1  0 -4 -1 -2 -4 -3 -1    4  48   4   0   0   4   4   0   4   5   6   5   4   4   0   4   0   0   0   4  0.55 0.35
  198 V    0 -2  1  1  3  1  0 -2 -2  0  0 -2  2  1 -3  0  0 -3 -2  0    7   0   7   7   7   7   7   0   0   7   7   0   7   7   0   7   7   0   0   7  0.04 0.14
  199 E    0  1 -1 -1  1  3  4 -3  1 -1 -3  2  0 -1 -2 -2 -2  2 -1 -3    7   7   3   4   3  10  21   3   3   3   3  11   3   3   3   3   3   3   3   3  0.34 0.24
  200 K    0  2 -2 -2 -2  1 -1 -4  0  0  1  3 -1 -2 -2 -2 -1 -1 -1  0    8  12   1   2   1   6   3   0   2   6  15  23   1   1   1   3   3   1   2   7  0.25 0.24
  201 A    4 -4 -4 -4  3 -3 -2  1  0 -1 -1 -3  1  0 -4  0  0 -4  1  0   43   0   0   0   6   0   3  10   3   3   5   0   3   4   0   4   5   0   6   6  0.47 0.37
  202 Y   -2 -1 -5 -6  1 -5 -2 -2  1  0 -1 -5  2  2 -6 -1 -1  6  7 -1    4   3   0   0   4   0   3   3   4   4   4   0   5   8   0   4   4   9  35   5  0.90 0.52
  203 K    0  1  1  3  1  1  1 -1  1 -3 -2  1  0  0 -4 -1  0  2  0 -1    7   9   6  21   3   6   7   3   4   0   4   7   3   4   0   3   5   3   3   4  0.21 0.20
  204 A    0 -2  1 -2  3  1  0  0  2  0  0 -2  2 -2 -3  0  0  4  1  0    7   0   7   0   7   7   7   7   7   7   7   0   7   0   0   7   7   7   7   7  0.14 0.18
  205 I   -1 -4 -5 -5  2  0 -5 -5  2  4  3 -4  4  2 -5 -4 -3  3  1  0    5   0   0   0   5   5   0   0   5  22  27   0  10   8   0   0   0   5   5   6  0.61 0.37
  206 V    0 -1 -1 -3  1 -1 -1 -2  0  0 -1 -1  1  0 -4 -1  3 -4  0  3    5   3   3   0   4   3   3   3   3   4   4   3   3   3   0   3  19   0   3  28  0.22 0.24
  207 S   -1  0  2  1 -1  1  1  2  2 -2 -1  1  0 -1 -4 -1 -1  1  0 -2    5   4   9   6   2   6  10  14   7   2   8   8   2   3   0   4   3   2   3   2  0.14 0.16
  208 A    0  0  0  0  2  0  0 -1  1  0 -1  0  1  0  0  0  0 -2  1  0    5   5   5   5   5   5   5   5   5   5   5   5   5   5   5   5   5   0   5   5 -0.00 0.06
  209 E    0  0  0  0  2  0  0 -1  1  0 -1  0  1  0  0  0  0 -2  1  0    5   5   5   5   5   5   5   5   5   5   5   5   5   5   5   5   5   0   5   5 -0.00 0.06
  210 G    1 -1  0 -1  1  0  0  3  1 -1 -2  0 -3 -1  1  0 -1 -4  0 -1   10   3   4   4   3   3   5  26   3   3   3   5   0   3   8   6   4   0   3   4  0.21 0.22
  211 E    0  1  0  0 -1  0  2 -2  2  0 -1  1 -1 -2  2 -1  0 -4 -1 -1    7   7   4   5   2   4  17   3   4   6   5   8   1   2   9   4   6   0   2   4  0.13 0.17
  212 K   -1  0  0  0  2  0  0 -1  2  0 -1  0  2  1  0 -1  0  4  1 -1    5   5   5   5   5   5   5   5   5   5   5   5   5   5   5   5   5   5   5   5  0.09 0.08
  213 F    1 -1 -1 -1  1  0 -1 -1  1 -1 -2  0  0  3 -1  0  0  2  2  0   13   3   3   3   3   4   5   4   4   4   3   5   3  12   3   7   5   3   6   6  0.14 0.13
  214 E    0  0  0  0 -2  0  0  0  1  0 -1  0  1  0  0  0  0 -2  1  0    5   5   5   5   0   5   5   5   5   5   5   5   5   5   5   5   5   0   5   5  0.00 0.06
  215 D   -3 -2  3  4  0 -2 -3 -3  0 -2 -4 -1 -7  0 -1  3  1 -8  0 -3    3   2  11  24   2   2   2   3   3   2   2   4   0   3   3  20   7   0   3   2  0.58 0.42
  216 P    3 -2 -1 -2  1 -1 -2 -2  0  1 -1 -2  1  0  2 -1 -1  3  1 -1   20   3   3   3   3   3   3   4   2   7   6   3   3   3  12   4   4   4   4   5  0.19 0.20
  217 I   -1  0  0  0  2  0  0 -1  2  0 -1  0  2  1  0 -1  0  4  1 -1    5   5   5   5   5   5   5   5   5   5   5   5   5   5   5   5   5   5   5   5  0.09 0.08
  218 E    0  0  0  1 -4  1  3 -1  1 -1 -2  1  0 -4  0  1  0 -4 -1 -2    8   4   3   8   0   5  18   3   3   3   3   9   3   0   4   9   5   0   3   3  0.13 0.21
  219 L   -1  0  0  0  2  0  0 -1  1  0 -1  0  1  0 -3  0  0  3  1  0    5   5   5   5   5   5   5   5   5   5   5   5   5   5   0   5   5   5   5   5  0.03 0.10
  220 V   -1 -4 -1 -1  1 -3 -1 -2 -4  4  1 -4  1  0 -4 -3 -1 -4  0  3    5   0   4   4   3   0   5   4   0  25  13   0   4   5   0   0   4   0   4  18  0.32 0.28
  221 K    1  1  0  1  0  1  1 -1  0 -1 -1  1  0 -1 -3  0  0 -3  0 -1   14   9   3   8   3   7  11   3   3   5   6  10   3   3   0   4   4   0   3   3  0.09 0.11
  222 A    1  1  1  1 -1  1  2 -2  1 -2 -2  1 -1  0 -3  0  0 -4  0 -2   15   8   7   8   1   6  12   3   3   3   3  10   2   4   0   7   5   0   3   2  0.17 0.18
  223 S   -1  0  0  0  2  0  0 -1  2  0 -1  0  2  1  0 -1  0  4  1 -1    5   5   5   5   5   5   5   5   5   5   5   5   5   5   5   5   5   5   5   5  0.09 0.08
  224 Y   -5  0 -2 -2  2 -1 -1 -6  2 -2 -2 -2 -4  2 -2 -5 -2  2  8 -2    0   5   2   3   4   2   4   0   4   2   4   3   0   6   2   0   2   3  47   3  1.17 0.72
  225 A    1  0  1  1  0  1  1  0  1 -2 -2  1 -1 -1  0  1 -1 -3 -1 -1   14   3   7   8   2   5  11   5   4   3   3   9   2   3   3   9   3   0   2   3  0.09 0.13
  226 N    0  0  0  0 -2  1  0  0  1  0 -1  0  1  0  1  0  0 -2  1  0    6   6   5   6   0   5   6   6   5   6   6   6   5   5   6   6   6   0   5   6  0.03 0.06
  227 D   -1 -1  2  1  0  0  0  3  1 -3 -2  0  0 -1  0  0 -1 -4  0 -2    4   3  10   9   3   3   6  25   3   0   3   6   3   3   4   5   3   0   3   3  0.22 0.21
  228 K    0  0  0  0  1  0  1 -1  1  1 -1  1  0 -1  1  0  0 -3  0  0    7   3   4   6   3   5   8   3   5   9   5   9   2   2   6   6   7   0   4   6  0.05 0.07
  229 N   -1 -1  1  1  2  1  1 -1  0 -1 -2  1  0 -1  0  0  2  1  0 -1    4   2   6   9   4   6   7   4   2   4   4  10   2   3   4   7  13   2   3   3  0.09 0.13
  230 D    0  0  1  0 -3  1  0  0  2  0 -1  0  1 -2  1  0  0 -2  1  0    6   6   6   6   0   6   6   6   6   6   6   6   6   0   6   6   6   0   6   6  0.05 0.08
  231 E    0  0  0  0  2  0  0 -1  1  0 -1  0  1  0  0  0  0 -2  1  0    5   5   5   5   5   5   5   5   5   5   5   5   5   5   5   5   5   0   5   5 -0.00 0.06
  232 F   -3 -2  0  1 -5  1  0 -3  0 -2 -1 -2  1  6 -3 -2  0  1  3 -3    2   2   5   7   0   6   5   2   2   2   5   3   3  31   2   2   6   2  10   2  0.51 0.44
  233 V   -1 -4 -4 -1  2 -1 -4 -5 -4  4  1 -1  2  1 -1 -2 -1  2  1  2    4   0   0   3   4   3   0   0   0  22  13   3   6   6   4   4   4   3   5  13  0.31 0.27
  234 V    0  0  0  0  2  0  0 -1  1  0 -1  0  1  0  0  0  0 -2  1  0    5   5   5   5   5   5   5   5   5   5   5   5   5   5   5   5   5   0   5   5  0.03 0.05
  235 P   -1 -2 -2 -2  1 -2 -1 -3  1 -2 -3 -2  0 -1  6 -2 -2  2 -1 -3    5   3   3   3   2   2   5   3   3   3   3   3   2   3  42   3   3   2   3   3  0.87 0.64
  236 A    1 -1 -1 -3  1 -1 -2 -1  0  1  0 -2  0  2  0  0  2  1  1  0   11   3   3   0   3   2   2   5   2   7   8   2   3   8   4   5  16   2   5   7  0.10 0.17
  237 I   -1 -1 -1 -4  1 -1 -2 -1  0  3  0 -1  1  0 -1 -1  0  2  0  3    5   3   3   0   4   3   3   4   3  17   7   3   4   4   3   4   6   3   3  21  0.17 0.19
  238 I   -1 -1 -1 -1  1 -1 -1 -4  1  4  1 -1  1  1 -1 -1 -1 -4  0  2    3   3   4   3   3   3   3   0   3  24  12   3   3   6   3   4   3   0   3  12  0.22 0.20
  239 T   -1  0  0  1  1  0  0  1  0  0 -1 -1  0 -1  2  0  0  0 -1  0    5   5   5   8   3   3   4  10   2   6   5   4   2   2  11   6   6   2   2   8  0.07 0.07
  240 K    0  0  0  0  2  1  0  0  2  0 -1  0  1 -2  1  0  0 -3  1  0    6   6   5   6   5   5   6   6   5   6   6   6   5   0   6   6   6   0   5   6  0.04 0.08
  241 D    0  0  2  2  0  0  0  0  1 -1 -1  1 -1 -1  0  0  0  0  0 -1    7   4  11  11   2   5   6   6   3   4   4   8   2   3   5   7   4   1   3   4  0.08 0.09
  242 G   -1 -1  2  2 -4  0  0  3  1 -2 -2  0 -1 -1  0  0  0  0 -1 -1    5   3   9  10   0   4   6  20   4   2   4   5   2   2   4   7   4   2   2   4  0.18 0.18
  243 K    0  0  0  0  2  0  0 -1  1  0 -1  0  1  0  0  0  0 -2  1  0    5   5   5   5   5   5   5   5   5   5   5   5   5   5   5   5   5   0   5   5  0.03 0.05
  244 P   -1  0  0  0  2  0  0 -1  2  0 -1  0  2  1  0 -1  0  4  1 -1    5   5   5   5   5   5   5   5   5   5   5   5   5   5   5   5   5   5   5   5  0.09 0.08
  245 V    0  0  0 -1  0 -1 -1 -1 -4  0 -1 -1  0  0  1  0  0  1  4  1    7   5   4   4   2   3   4   5   0   5   6   5   2   4   8   6   6   2  12  11  0.13 0.11
  246 A    1 -1 -1 -1  2  0 -1  3  1 -1 -2 -1  0  0  0 -1  0  3  0 -1   11   3   4   3   4   4   4  21   4   3   4   4   3   4   5   4   6   3   3   4  0.19 0.16
  247 T   -1  0  0  0  2  0  0 -1  2  0 -1  0  2  1  0 -1  0  4  1 -1    5   5   5   5   5   5   5   5   5   5   5   5   5   5   5   5   5   5   5   5  0.09 0.08
  248 V   -3 -3 -2 -4  0 -2 -2 -5 -2  5  1 -4  4  0 -3 -4 -2  3 -3  3    2   2   2   0   2   2   2   1   1  37  11   0  10   3   1   1   1   4   0  18  0.68 0.38
  249 K    0  2  0  0  0  2  2  0  0 -2 -2  3 -1 -2 -1  0  0 -4 -3 -2    5  11   5   3   2   8  12   6   3   3   3  19   1   2   3   6   4   0   0   1  0.17 0.17
  250 D    0 -2  0  5 -2  0  1 -1  1 -4 -4  0 -4 -3  2  0 -1 -4 -2 -3    7   2   4  31   1   3  10   5   3   0   1   5   0   1  10   8   4   0   1   1  0.44 0.31
  251 N   -1 -1  3  1  0  0  1  4  1 -4 -4  0 -3 -2 -3  0  0 -4  0 -4    2   3  14   8   2   4   8  31   4   0   1   4   0   2   0   5   5   0   4   1  0.42 0.25
  252 D   -1 -3  0  6  1  0  1 -1  1 -4 -4 -2 -4 -1 -3 -1 -3 -5 -4 -4    4   0   3  57   3   3   7   4   3   0   1   0   0   3   0   5   0   0   0   1  0.94 0.46
  253 A    1 -1 -1 -1  0  0  0  1 -2  0 -1  0  0 -1  1  1  0  1 -1  0   16   3   2   2   2   2   5  11   0   5   4   5   2   2   7  12   5   2   2  10  0.06 0.07
  254 V    0 -2 -2 -3  3 -2 -2  1 -2  1  1 -2  2  2 -2 -1 -1 -2 -1  1   12   1   0   1  11   0   1  12   0  12  12   1  11  12   1   1   1   0   0  12  0.13 0.08
  255 I    0 -2 -2 -3  3 -2 -2 -2 -2  1  1 -2  2  2 -3  0 -1  5  2  1   10   0   0   0   9   0   1   1   0  10  10   1   9   9   0  10   1   9   9  10  0.23 0.13
  256 F   -1 -3 -1 -2  4 -3 -3  0  1  0  0 -3  2  5 -2 -1 -1  2  1 -1    3   0   3   2  11   0   0   8   4   4   8   0   6  31   2   3   3   2   3   4  0.39 0.27
  257 F    0  0 -2 -3  2 -2 -2  0 -2  0  0 -2  1  1  1  0  0  4  1  0    7   7   0   0   6   0   0   7   0   7   7   0   6   6   7   7   7   6   6   7  0.08 0.15
  258 N    0 -1  1  1  3  1 -1  1  2 -2 -1 -1 -1 -2 -2  1  1 -3 -2 -2   10   0   9  10   9   9   1  10   9   0  10   1   0   0   0  10  10   0   0   1  0.14 0.11
  259 F   -1  1 -2 -3  0 -1 -2 -3  4  0  1 -2 -1  3  0 -2  0  2  3 -1    6   9   0   0   3   3   1   1  14   4  14   0   0  17   4   1   6   2  13   3  0.21 0.16
  260 R    0  1  1 -1 -2  1  1  1 -1 -2  0  1  2 -2 -2  1 -1 -3 -2 -2   10  10   9   0   0   9  10  10   0   0  10  10   9   0   0  10   1   0   0   1  0.13 0.10
  261 P    0  0  1 -2  1  0  0 -1  1 -1 -2  1 -2 -1  4  1  0 -4 -3 -1    7   3   6   0   3   3   6   4   3   4   4   9   0   3  22  13   4   0   0   3  0.28 0.18
  262 D    0 -2  1  5 -4  1  1 -2 -2 -3 -2 -2 -3 -3 -3  0  1 -4  0 -3    7   0   7  45   0   6   9   1   0   0   5   0   0   0   0   5   8   0   4   1  0.59 0.30
  263 R   -1  5  0  0 -4  1 -1  1 -2 -3  0  0 -2 -3  1 -1 -1 -4 -3 -3    3  37   3   5   0   6   3  11   0   0  13   4   0   0   7   5   3   0   0   1  0.38 0.24
  264 A    0 -1 -2 -2  2  1  0  0 -2  0  0  0  1  1  1  0  0 -2 -2  0    7   0   0   0   7   7   7   7   0   7   7   7   7   7   7   7   7   0   0   7  0.06 0.11
  265 I   -1  5 -1 -3 -4  0 -1 -2  1  0 -2  1  0  0 -4 -1 -1  2  0 -1    4  36   3   0   0   5   4   3   3   7   4   6   3   4   0   3   3   3   4   5  0.39 0.30
  266 Q    0  1 -1 -2 -2  1  0  0 -1 -2  0 -1  1  1  1  0  0 -2  2 -1    8   8   0   0   0   8   8   8   0   0   8   0   8   8   8   8   8   0   8   0  0.10 0.12
  267 L   -2 -2 -2 -1 -2 -2 -2 -3  2  2  3 -2  2  2  0 -1  0 -2 -1  0    1   0   0   5   0   0   1   1   8  14  34   0   5  10   5   5   5   0   0   5  0.22 0.16
  268 S    2 -3 -1 -3  1 -1 -3 -2 -3  0  0 -3  2  0 -1  1  3 -3 -1  1   17   0   2   0   3   2   0   2   0   5   7   0   7   4   2  10  21   0   2  13  0.26 0.24
  269 N    0  2  1  0 -1  2  1 -1  2 -2 -2  1 -1 -2 -1  0  0  0 -1 -2    6  15   6   3   1   8  12   3   5   2   4  10   2   2   2   7   7   2   2   2  0.16 0.14
  270 A    4 -1 -3 -3  1 -1 -2 -2 -3  0 -1 -1  2 -2 -1  0 -1  0 -3  1   45   3   0   0   3   3   2   2   0   5   5   4   6   2   2   5   3   1   0   8  0.40 0.33
  271 F   -3 -4 -5 -5  0 -4 -5 -5 -4  1  4 -4  1  5 -5 -4 -3  2  0 -1    2   0   0   0   2   0   1   1   0   9  40   0   3  30   0   1   0   3   2   3  0.88 0.43
  272 T    0 -2 -1 -1  1 -2  0  0 -1  0  1 -1  0 -2 -2  1  3 -4 -2  1    6   1   3   2   3   1   6   8   1   6  12   2   2   2   1  10  21   0   1  12  0.14 0.16
  273 D    0  0  0  0  2  0  0 -1  1  0 -1  0  1  0  0  0  0 -2  1  0    5   5   5   5   5   5   5   5   5   5   5   5   5   5   5   5   5   0   5   5 -0.00 0.06
  274 K   -1  0  0  0  0  0  1  0  0 -1 -2  1  0 -1  4 -1 -1 -4 -3 -2    4   4   4   6   3   4  12   6   3   3   4   9   3   3  20   5   4   0   0   3  0.22 0.23
  275 E   -1  0  2  3 -4  0  1  0  1 -1 -2  0  0 -1  0  0 -1 -4  0 -2    5   4   9  22   0   4  11   7   4   3   3   4   3   3   4   4   4   0   3   3  0.21 0.21
  276 W   -1 -1 -1 -1  0 -1 -2 -2  1 -1 -1 -1  0  6 -1 -2 -2  1  1 -2    5   4   3   3   2   2   3   4   4   4   5   3   2  38   4   2   2   2   4   3  0.58 0.40
  277 D   -1  0  1  2  0  0  1 -1  1 -1 -1  0  0 -1  1  0  0 -3  0 -1    5   6   9  14   3   4   8   4   3   3   4   7   3   3   6   8   5   0   3   4  0.10 0.12
  278 H   -1  0  0  1  1  0  2  1  3 -1 -2  0  0  0  0 -1 -1 -3  1 -1    5   3   4   8   3   4  12  12   8   3   3   7   3   4   5   4   3   0   5   3  0.11 0.14
  279 F   -2 -2 -2 -2  1 -1 -2 -3  0 -1 -1 -2  0  7 -2 -2 -1  2  1 -1    3   2   2   3   3   3   3   3   2   4   5   3   2  44   2   3   4   3   4   4  0.87 0.52
  280 D   -1 -1  2  3 -4  0  1 -1  0 -2 -2  1  0 -1  2 -1 -1  0  0 -2    6   2   9  16   0   4  10   4   2   3   4   9   2   2  11   4   3   2   4   3  0.21 0.21
  281 R   -1  0  0  0  2  0  0 -1  2  0 -1  0  2  1  0 -1  0  4  1 -1    5   5   5   5   5   5   5   5   5   5   5   5   5   5   5   5   5   5   5   5  0.09 0.08
  282 G    0  0  1  0  0  0  1  2  1 -2 -2  2 -1 -2  1  0 -1  1 -1 -2    8   6   6   6   2   5   7  15   3   2   4  10   2   2   7   6   3   2   2   3  0.13 0.12
  283 A    0  1  1  0  1  0  0  0  1  0 -1  0  1  0  1  0  0 -3  0  0    7   7   6   5   3   4   6   6   3   5   5   6   4   4   6   6   6   0   4   7  0.03 0.03
  284 D   -1  0  0  0  2  0  0 -1  2  0 -1  0  2  1  0 -1  0  4  1 -1    5   5   5   5   5   5   5   5   5   5   5   5   5   5   5   5   5   5   5   5  0.09 0.08
  285 H   -1  1  0 -1  1  0 -1 -2  3  0 -1  1  1  1  0 -1  0  2  1  0    5   9   4   3   3   5   4   4   8   5   6   7   3   5   5   4   5   3   5   7  0.09 0.08
  286 P   -1 -1 -1 -2  0 -2 -3 -2  0  1  0 -1  0  1  5 -3 -2  1  0 -1    6   3   3   2   2   2   2   3   2   9  10   5   2   5  27   3   3   2   3   5  0.44 0.32
  287 K    0  1  0 -1  0  1 -1 -2  1 -1 -1  2  1 -1  3  0 -1 -4 -1  0    7   6   4   3   2   6   3   3   4   4   6  13   3   2  14   5   3   0   2   8  0.14 0.16
  288 N   -1 -1  3  1  0 -1  0 -1  1  0  0  0  0  2  0 -1 -1  1 -1 -1    4   3  15   9   2   3   5   5   3   5   8   6   3   9   5   4   4   2   2   3  0.10 0.13
  289 I    0 -1 -1 -4  1 -1 -2 -2  0  2  2 -2  0  1 -2  0 -1 -4  0  2    7   3   3   0   3   2   3   3   3  10  25   3   2   5   2   8   3   0   2  13  0.16 0.17
  290 K    0  2  1  0  1  0  0 -1  3 -1 -1  1  0  0 -1  0 -1 -3  1 -1    8  12   8   4   3   3   6   3   7   3   4   7   2   4   3   5   3   0   7   5  0.09 0.13
  291 F   -1 -1 -1 -4  2 -1 -2 -1  2  0  0 -1  1  3 -1 -1 -1  2  4  1    4   3   3   0   4   3   3   5   5   6   7   3   5  11   3   4   3   2  14  10  0.17 0.20
  292 V    0 -1 -1 -4  1 -1 -3 -2  0  1  2 -3  2  1  0 -1  0  2  1  1    9   3   3   0   3   3   0   3   3   7  19   0   6   6   5   4   7   3   4  11  0.15 0.18
  293 T    0 -4 -1 -2  3 -1 -3  2  1 -1 -2 -2  0 -1  1  1  4 -5 -4 -2    7   0   2   2   7   2   0  15   3   3   3   2   3   3   6   9  29   0   0   3  0.39 0.37
  294 M    0  0  0  0  2  0  0  0 -1  0 -1  0  1  0  1  0  0 -2  1  0    6   6   5   6   5   5   6   6   0   6   6   6   5   5   6   6   6   0   5   6  0.03 0.06
  295 T   -2 -3 -2 -3  0 -2 -2 -4 -1 -2 -2 -2  2  1 -1 -1  5  1  5 -1    5   2   2   2   2   2   3   2   2   2   4   3   5   6   3   4  28   2  16   5  0.62 0.43
  296 L   -1 -1  1  3  1  0  2 -1  1 -1 -1  0  1 -1  0  0 -1 -6 -1 -2    6   3   6  14   3   4  12   6   3   3   6   7   4   3   5   6   4   0   3   3  0.15 0.14
  297 Y   -3 -2 -2 -2  1 -1 -3 -3  1 -2 -3 -1  0  1 -2 -3 -2  2  8 -2    3   3   3   3   3   3   3   3   3   3   3   4   3   6   3   3   3   3  41   4  1.11 0.65
  298 N    0  0  0  0 -2  1  0  0  1  0 -1  0  1  0  1  0  0 -2  1  0    6   6   5   6   0   5   6   6   5   6   6   6   5   5   6   6   6   0   5   6  0.03 0.06
  299 P    0  0  0  2 -3  0  1 -1  1 -1 -1  1  0 -1  2  0 -1 -3  0 -1    7   4   5  13   0   3  12   5   3   3   5  10   3   3   9   6   4   0   3   3  0.12 0.13
  300 S   -1 -1  2  3 -1 -1  1  1  1 -2 -4 -1 -1 -1 -1  1  1  0 -2 -3    5   4   8  18   1   3  10  10   3   2   2   4   2   3   4  10   7   1   2   2  0.26 0.22
  301 I   -3 -3 -1 -1  0 -1 -2 -3  0  1  2 -1  0  4  0 -1 -2  3  2 -1    3   2   3   4   2   3   3   2   3   9  20   4   3  15   5   5   3   4   5   5  0.32 0.20
  302 D   -1 -3  4  1 -2 -1 -1 -2  2 -3 -4  2 -2 -2  4  0 -1  0 -1 -3    5   1  15   8   1   3   4   3   4   2   3  12   1   2  19   7   4   1   2   2  0.44 0.36
  303 A    1 -6 -2 -4  1 -2 -4 -2  0  2  1 -2  1  1 -2 -1  0 -7  0  3   13   0   2   1   3   2   2   3   2   9  15   3   3   6   3   5   6   0   3  18  0.31 0.21
  304 E   -2 -1  1  0 -2  0  0 -2  3 -1 -3  1 -2 -2  5 -1 -1 -7 -1 -3    3   4   7   6   1   5   5   4   6   4   3   7   1   2  30   5   4   0   2   2  0.51 0.40
  305 V   -1 -4 -3 -6  0 -3 -4 -6  0  3 -2 -4  0  0  0 -1  1 -1  1  5    6   1   2   0   2   1   1   0   2  12   2   1   2   4   5   6   8   1   5  38  0.68 0.46
  306 A    5 -4 -3 -6 -1 -5 -6 -4 -1  2  3 -4  1 -1 -4 -3 -5 -6 -3  1   40   1   1   0   1   0   0   1   2  12  24   1   3   3   1   1   0   0   1   8  0.82 0.56
  307 F   -4 -8 -8 -8 -7 -8 -5 -5 -6 -1 -1 -8 -1  8 -4 -7 -7 -5  4  0    2   0   0   0   0   0   1   1   0   3   5   0   1  64   1   0   0   0  13   6  2.19 1.02
  308 E   -1 -1 -1  0 -6 -1  2 -2 -1 -4 -3  1 -3 -3  6  0 -2 -6 -3 -3    5   3   3   5   0   3  11   4   1   1   2   8   1   1  38   8   3   0   1   2  0.77 0.52
  309 P    0  0  0 -1 -4  0  0 -2  1 -1 -2  1  1 -1  4  1  0 -5 -4 -2    6   5   4   4   0   4   6   4   4   3   4   7   3   3  24  11   5   0   0   3  0.34 0.29
  310 I   -1  1  0  1  0  1  2 -2  1 -1 -1  0  0 -1  2  0  0 -4  0 -1    5   7   3   6   3   7  17   3   3   4   5   5   3   3   9   5   4   0   3   5  0.12 0.14
  311 E   -1  0  1  2 -3  1  1 -2  1 -1 -2  1  0 -1  1  0  0  1  0 -1    4   5   6  10   0   5  11   3   3   4   4  10   2   2   6   7   5   2   3   5  0.10 0.13
  312 M   -2 -2 -2 -3  0 -2 -2 -5  0  4  2 -2  2 -1  1 -3 -2 -5  0  3    3   2   3   2   2   2   2   0   2  23  17   2   4   2   6   2   2   0   3  19  0.43 0.31
  313 K   -1  1  1  1 -1  1  2 -2  0 -1 -2  1 -1 -2  0  0  1 -4 -1 -1    6   7   7   9   2   6  12   3   3   4   4  11   1   2   4   8   8   0   2   3  0.13 0.15
  314 N   -3  0  6  1  0 -1 -1 -1  2 -2 -3 -1  0 -1 -3 -1  0  1 -1 -2    2   4  36   8   2   3   4   5   5   2   2   4   2   3   2   4   5   2   2   3  0.63 0.44
  315 V   -3 -2  0 -3  2 -2 -5 -1 -1  0 -1 -3 -1 -2  3  1  4 -6 -5  0    2   2   5   2   3   2   0   5   2   5   5   2   2   2  14  10  29   0   0   8  0.49 0.42
  316 I   -2 -6 -6 -7  0 -6 -6 -6 -6  1  5 -6  2  2 -6 -2 -2  1 -1 -1    3   0   0   0   2   0   0   0   0   7  61   0   4   8   0   3   2   2   2   4  1.15 0.61
  317 G    3 -3 -2 -3 -1 -5 -3  5 -5 -3 -4 -3 -5 -2  0  1 -2 -6 -5 -3   22   1   1   1   1   0   2  45   0   2   2   1   0   2   4   9   3   0   0   2  0.88 0.52
  318 E   -1  0 -2  2 -5  2  5 -3  0 -4 -3  2 -1 -3 -4 -1 -3 -5 -3 -3    4   5   2   9   0   9  42   2   2   1   2  10   2   2   0   4   1   0   1   2  0.74 0.49
  319 V   -1 -1 -1 -3  1  1 -1 -3  1  1 -1 -1  1  1 -3 -1  0  4  3  2    4   3   3   0   3   8   4   1   3   8   5   3   4   4   0   3   4   5  11  22  0.20 0.18
  320 L    0 -2 -2 -3  3 -2 -2 -2 -2  1  1 -2  2  2 -3  0 -1  5  2  1   10   0   0   0   9   0   1   1   0  10  10   1   9   9   0  10   1   9   9  10  0.23 0.13
  321 S    3 -2 -2 -2  1 -1  0  0  0 -3 -3 -2 -2 -3 -4  4 -1 -5 -2 -2   26   1   2   2   3   2   5   8   2   2   2   1   1   1   0  35   2   0   1   3  0.57 0.43
  322 N    1  0  1  2 -1  1  2  0  1 -3 -2  2 -1 -3 -3  1 -1 -4 -2 -2   10   5   8  10   1   7  14   7   3   1   4  13   1   1   0   9   2   0   1   1  0.20 0.19
  323 E    2  0  4 -2 -2  1 -1 -3  4 -3 -1  2 -1 -2 -4 -1 -2  1 -1 -3   16   4  20   1   1   6   3   1  10   1   7  13   2   1   0   4   2   2   2   1  0.36 0.31
  324 G   -3  0  2  1 -1  0 -1  6  1 -6 -6 -1 -2 -6 -5 -1 -3 -5 -2 -6    2   5   9   7   1   3   4  52   4   0   0   5   1   0   0   3   2   0   2   0  0.97 0.53
  325 L    0  0 -2 -2  2  1  0  0  2  0  0  0  1  1 -3  0 -2  4  1  0    6   6   0   0   6   6   6   6   6   6   6   6   6   6   0   6   0   6   6   6  0.06 0.15
  326 S   -1  0  0 -2  2  0  0 -1  2  0 -1  0  1  1  0  0  0  3  1  0    5   5   5   0   5   5   5   5   5   5   5   5   5   5   5   5   5   5   5   5  0.07 0.11
  327 Q   -2 -1  0 -1  0  7 -1 -5  1 -2 -2 -2  0 -5 -1 -1 -1 -5 -4 -2    3   2   5   2   2  55   3   0   3   3   5   0   3   0   2   4   4   0   0   3  1.03 0.66
  328 L   -1 -4 -4 -4  1 -3 -2 -2 -3  0  3 -2  2  4 -4 -1 -1  2  2  1    4   0   0   0   3   0   3   3   0   4  31   3   4  19   0   4   3   2   6   9  0.40 0.30
  329 R    0  1 -1 -2 -2  1 -1 -2  2  0  0  1 -1  1 -2  0  0 -2  2  0    8   8   0   0   0   8   0   1   8   8   8   8   0   8   0   8   8   0   8   8  0.08 0.11
  330 I   -1 -3 -3 -3  4 -3 -3 -3 -3  4  1 -3  1  0 -3 -1  0 -2  2  2    3   0   0   0  12   0   1   1   0  35   9   0   4   3   0   3   4   0   8  15  0.35 0.18
  331 A    2  1 -1 -2 -2 -1 -1  0 -1 -1 -1 -1 -1  2 -2  1  1 -2  1  0   28  11   0   0   0   0   1   6   0   0   6   0   0  11   0  10  13   0   6   6  0.13 0.10
  332 E   -1  1 -1  1 -3  2  1  1  3 -2  0  0 -1 -2  2 -1 -1 -3 -1 -2    1  12   0  12   0  12  12  12  11   1  12   1   0   0  12   1   1   0   0   1  0.21 0.09
  333 T    0  0  0  0 -2  1  0  0 -1  0 -2  0  1  0  1  0  0 -2  1  0    6   6   6   6   0   6   6   6   0   6   1   6   6   6   6   6   6   0   6   6  0.02 0.10
  334 E    0  0 -2  1  2  1  3 -1  0 -1 -1 -1 -2 -2 -2  1  0 -3  2 -1    7   4   0   7   5   7  28   3   2   4   5   1   0   0   0   9   5   0   8   4  0.23 0.22
  335 K   -1  1  0 -1 -4  0 -2 -2 -3 -1 -2  6 -3 -4 -3 -1 -3 -5 -4 -2    5   7   4   3   0   4   0   3   0   4   4  53   0   0   0   4   0   0   0   3  0.65 0.46
  336 Y    0  0  0  0 -3  1  0  0  2  0 -2  0  1  1  0  0  0  3  1  0    6   6   5   6   0   5   6   6   5   6   0   6   5   5   6   6   6   5   5   6  0.08 0.12
  337 P   -1  0  0  0 -3  0  0 -1  2  0 -1  0  1  0  0  0  0  3  1  0    5   5   5   5   0   5   5   5   5   5   5   5   5   5   5   5   5   5   5   5  0.06 0.08
  338 H   -1 -1  0 -3  1  0 -2 -4  8 -4 -2 -1  0  0 -1 -1 -1  5  1 -4    4   3   4   0   3   4   1   1  38   0   4   4   3   3   4   4   4   9   4   1  0.78 0.38
  339 V    0 -2 -2 -3  4 -2 -2 -2 -2  1  1 -2  2  2 -2 -1  1 -2 -1  1   12   1   0   1  11   0   1   1   0  12  12   1  11  12   1   1  12   0   0  12  0.15 0.08
  340 T   -1  1  0  0 -3 -2  0 -1 -2 -1 -2  0  0  0  0  0  4 -3 -2 -1    4  10   4   4   0   0   4   5   0   4   1   4   4   4   4   5  39   0   0   4  0.30 0.22
  341 F   -2  0 -3 -2  0 -2 -3 -2  0 -1  1 -1  0  3 -3 -1 -1  2  5 -1    2   6   0   2   2   0   1   3   2   2  16   3   2  15   1   4   3   3  26   4  0.34 0.24
  342 F   -2 -3 -1 -2 -1 -3 -4 -2  0 -1  0 -4  0  6 -4 -3 -3  2  4 -1    2   1   4   2   2   0   1   3   2   3   9   1   3  46   1   1   1   3  13   2  0.78 0.38
  343 M   -3 -4 -1 -4  3 -1 -4 -2 -3 -1  1 -4  0  7 -4 -1 -3  3  2 -1    1   0   4   0   8   3   0   3   0   2  12   0   2  47   0   4   0   4   4   3  0.82 0.40
  344 N   -1  0  6  1 -4 -2 -2  1  0 -4 -2 -1 -3 -4 -3  1  0 -4 -3 -4    5   6  45   8   0   0   0   8   2   0   4   2   0   0   0  10   4   0   0   0  0.67 0.37
  345 G    0 -3  0  0  2  0 -1  5 -3 -1 -3 -1  1 -4 -3  0 -1 -4 -4 -1    6   0   5   5   5   4   4  43   0   4   1   4   4   0   0   6   4   0   0   4  0.51 0.31
  346 G   -1  0  0 -1  1  2  0  3  1 -3 -1  1  1 -1 -3 -1 -1 -3  1 -3    4   3   3   3   3  10   4  27   3   0   6  12   4   3   0   3   4   0   7   0  0.23 0.21
  347 R   -1  3  1 -1 -1  1  0 -2  1 -1 -2  2 -1  0 -3  0  0  1  1  0    3  19   6   3   2   5   4   2   3   4   3  14   2   4   0   6   6   2   5   6  0.16 0.19
  348 N   -2 -1  1  2 -6  0  5 -3  0 -3 -3  0 -1 -2 -1 -1 -1  0 -2 -3    3   3   6  12   0   4  40   2   2   2   2   6   1   2   3   4   3   1   2   2  0.62 0.44
  349 E    0 -1 -1  2 -1  1  3  0  0  0 -3  2 -1 -3 -2 -1  0 -4 -2 -2    7   3   3  10   1   6  20   7   2   7   2  14   2   1   2   4   6   0   1   3  0.22 0.22
  350 E    0 -2 -1 -1 -2  1  0 -4 -1 -2 -2  1 -1 -5  6 -1 -1 -6  0 -1    7   2   3   3   1   6   7   1   1   3   4  10   2   0  35   4   4   0   3   6  0.65 0.45
  351 F   -4 -2 -1 -3 -2 -3 -4 -4  1 -1  1 -4 -1  7 -4 -2 -3  1  5 -1    1   2   4   2   1   1   1   2   3   3  11   1   2  39   1   3   2   2  15   5  0.94 0.53
  352 P    1 -1 -1  2 -5  0  2 -3  0 -3 -2  2 -3 -2  4 -1 -2 -5 -3 -3   10   3   2  13   0   3  12   2   2   1   3  13   1   2  23   4   3   0   1   1  0.49 0.37
  353 G   -3 -1  4 -1 -1 -2 -2  5  0 -5 -1 -1 -1 -3 -3 -2 -3 -6 -1 -4    1   3  17   3   2   2   3  45   2   0   7   4   2   1   1   2   1   0   2   1  0.82 0.51
  354 E   -3 -3 -5 -2  0  0  8 -6 -5 -7 -5 -2 -1 -7 -6 -3 -3 -7 -6 -3    2   1   0   2   2   3  79   0   0   0   2   2   1   0   0   1   2   0   0   2  2.03 1.04
  355 N   -3 -1 -1  5 -3  0  3 -3  0 -4 -4  2 -1 -2 -5 -2  1 -6  0 -2    2   4   2  27   1   4  22   1   2   1   2  11   2   2   0   2  10   0   4   3  0.62 0.45
  356 R   -6  7 -1 -1 -3  0 -2 -5  1 -4 -5  0 -2 -2 -5 -4 -3  3  2 -5    0  59   3   3   1   4   3   1   3   1   1   5   1   2   1   1   1   3   6   1  1.46 0.82
  357 I   -2 -1 -4 -3  0 -1  0 -4  0  5  0 -1  0  1 -5 -3 -2 -2  0  3    2   4   0   2   2   3   6   1   3  29   9   4   2   5   0   2   3   0   3  20  0.45 0.34
  358 L   -4 -2 -2 -6  0 -2  1 -7  1  3  4 -2  4 -1 -6 -5 -4 -6 -2  0    1   3   2   0   2   2   9   0   3  14  44   2  11   2   0   1   1   0   1   4  0.80 0.51
  359 I   -3 -5 -4 -8 -1 -5 -5 -8 -3  6 -1 -5 -2 -1 -4 -6 -4 -7 -6  5    3   1   1   0   1   0   1   0   1  46   4   1   1   2   1   0   1   0   0  37  1.52 0.77
  360 N    0  0  1  0 -2  1  0  0  1  0 -1  0 -1  0  1  0  0 -3 -1  0    6   6   6   6   0   6   6   6   6   6   6   6   0   6   6   6   6   0   0   6  0.05 0.06
  361 S   -2 -1 -4 -2 -5 -4 -2 -2 -5 -1 -3 -2 -5 -6 -2  6  1 -6 -6 -3    2   3   0   2   0   0   3   3   0   4   3   3   0   0   2  65   7   0   0   2  1.22 0.75
  362 P   -2  0  0  0 -5  0  0 -2  1 -2 -1  0 -1 -2  6 -1 -1  0 -2 -3    3   5   4   6   0   4   5   4   3   2   6   5   2   2  38   4   3   1   1   2  0.66 0.41
  363 K   -2  2  0  2 -5 -1  0  0  0 -2 -3  4 -1 -2  1 -1 -1 -5 -1 -3    3   9   5  12   0   2   5   8   2   2   2  28   1   1   7   4   3   0   2   2  0.35 0.30
  364 V   -2 -1  0 -1 -1  0 -1 -1 -1  1 -1 -2  0 -1  0 -1  0 -5 -2  4    3   3   4   4   1   5   4   4   2   5   6   2   2   2   5   5   5   0   2  38  0.32 0.29
  365 E    2 -1 -1  1 -4  1  1 -1  0 -1 -3  1 -2 -2  2  0 -1 -4 -1  0   19   3   3   8   0   5   9   4   2   4   2  10   1   1  10   7   3   0   2   7  0.18 0.19
  366 T   -2  1  0  0 -1 -1 -2 -3  2 -2 -1 -1  0 -4 -1  2  4 -1 -3 -2    3   8   4   6   1   2   2   2   5   2   7   4   3   0   4  13  30   1   1   3  0.36 0.33
  367 Y   -4 -6 -3 -2 -6 -1 -3 -6  3  0 -2 -6 -5  5 -2 -5 -4  0  8 -3    1   0   1   2   0   3   2   0   7   6   5   0   0  20   2   0   1   1  46   2  1.53 0.77
  368 D    1  0  1  5 -5  0  2 -2 -2 -3 -2 -2 -2 -5 -2 -1 -2 -6 -2 -2   13   4   6  36   0   4  11   3   1   1   4   2   1   0   2   5   2   0   2   4  0.58 0.41
  369 L   -1 -1 -1  1 -4  2  3 -3 -1 -1  2  2 -1 -2 -2 -1  0 -4 -2 -1    4   2   3   7   0   9  19   1   1   4  19  13   1   2   2   3   4   0   1   4  0.23 0.26
  370 Q    0  1  2  0 -1  2  0 -2  3 -2 -3  3 -1 -1 -3  0  0 -4  0 -1   10   7   9   4   1   9   4   3   8   2   1  18   2   3   1   5   5   0   3   5  0.22 0.23
  371 P   -3 -7 -7 -7 -8 -7 -6 -3 -7 -8 -4 -6 -7 -3  9 -2 -6  0 -7 -7    3   0   0   0   0   0   0   2   0   0   2   0   0   1  86   3   0   1   0   0  2.87 1.28
  372 E    0 -1 -3 -2 -1  1  6 -2 -1 -6 -3  2 -3 -4 -3 -3 -2  3 -3 -4    8   3   1   1   1   5  49   3   1   0   3  10   1   1   1   2   2   4   1   1  0.89 0.59
  373 M   -6 -4 -7 -8 -1 -6 -4 -3 -7 -2  0 -7 11 -6 -7 -2 -3 -7 -6 -4    0   1   0   0   1   0   1   3   0   2   8   0  76   0   0   3   2   0   0   1  2.86 1.23
  374 S    0  2  1 -2 -2  0 -1 -1 -1 -5 -4  3  0 -6 -5  4 -1 -6 -5 -5    6  11   7   1   1   4   3   5   1   0   2  15   2   0   0  37   3   0   0   0  0.63 0.48
  375 A    6 -2 -3 -4  1 -4 -4 -4 -6 -1 -2 -5  0 -6 -5  2  1 -7 -6 -1   60   2   1   1   3   0   0   1   0   4   3   0   2   0   0  12   7   0   0   4  1.12 0.68
  376 Y    1  1 -1  0 -3 -1  1 -2  0 -2 -1  0 -1  2  2  0 -2 -1  2 -1   12   8   3   6   0   2   9   3   2   2   5   7   1  12   9   6   1   1   7   3  0.13 0.17
  377 E    0 -2 -2  0 -6  1  5 -1 -3 -4 -1  2 -3 -5 -3 -2 -1 -2 -5 -3    9   2   2   5   0   5  40   6   0   1   6  13   0   0   1   3   4   1   0   2  0.65 0.47
  378 V   -3 -6 -7 -7 -3 -4 -4 -7 -4  6  1 -3  0 -4 -6 -6 -3 -6 -5  5    2   0   0   0   1   1   1   0   1  42  14   2   2   0   0   0   1   0   0  34  1.36 0.66
  379 T    3 -2 -4 -6  0 -3 -3 -3 -6 -3 -4 -2 -3 -4 -6  0  6 -7 -2 -1   24   2   0   0   2   1   2   2   0   1   1   2   0   1   0   5  51   0   1   4  1.14 0.70
  380 D   -2 -1  0  5 -4  2  3 -3 -3 -5 -6  2 -6 -5 -4 -2  0  0 -4 -5    4   3   5  37   0   7  20   1   0   0   1  10   0   0   0   2   6   1   0   1  0.88 0.54
  381 A    2  2 -1 -2  1  1  2 -3  1 -3 -4  3 -2 -4 -4 -1  1 -5 -1 -2   18  11   2   2   3   4  15   1   3   1   1  20   1   1   0   3  10   0   2   3  0.41 0.34
  382 L    2 -6 -6 -6  0 -5 -4 -5 -6  3  2 -5  0  1 -6 -3  0 -5 -1  3   20   0   0   0   2   0   1   0   0  17  20   0   2   6   0   1   6   0   2  24  0.67 0.42
  383 V   -1 -1 -4 -4  1 -3 -2 -5 -5  5  2 -1  1 -2 -3 -3 -2 -5 -3  3    4   4   1   1   3   1   3   0   0  30  20   3   3   2   1   2   2   0   0  19  0.60 0.38
  384 E    1  2  0  1 -6  2  4 -1 -1 -5 -4  3 -5 -6 -3  0 -2 -3 -3 -4   13   9   4   8   0   7  26   4   1   0   1  15   0   0   1   6   2   0   1   1  0.52 0.39
  385 D    4  1  0 -2  0  0  1 -2 -2 -2 -3  0 -3 -2 -4  0 -2 -4 -1  0   38   8   5   1   2   4  10   3   1   2   3   6   0   2   0   5   2   0   2   6  0.39 0.34
  386 I   -3 -6 -6 -7 -3 -6 -7 -7 -7  6  3 -6  4 -1 -7 -5 -4  0 -3  1    2   0   0   0   0   0   0   0   0  48  26   0   9   3   0   1   1   1   1   7  1.37 0.66
  387 K   -1  3  0  1 -5  1  3 -1  1 -3 -2  3 -1 -5 -4 -1 -1 -5 -3 -4    6  14   5   8   0   6  20   4   4   1   5  18   1   0   0   3   4   0   0   1  0.40 0.32
  388 N    0  1  2  1 -5  0  2 -1 -2 -5 -4  2 -2 -5 -3  3  0 -5 -3 -4    6   6   9   8   0   3  13   5   1   0   2  15   1   0   0  24   6   0   1   0  0.42 0.35
  389 D   -1  0  3  2 -1  0  0  4  0 -5 -4  1 -3 -4 -1 -2 -3 -6 -5 -4    4   5  14  13   2   4   5  30   2   1   1  10   1   1   3   2   1   0   0   1  0.54 0.37
  390 K   -1  1  0  2 -3  0  2 -1 -1 -1 -3  4 -2 -4 -1  0  0 -3 -3 -1    4   8   4  10   0   4  12   4   1   4   1  24   1   1   3   7   6   0   1   4  0.30 0.26
  391 H   -2 -4 -2 -1 -2 -3 -4 -6  5 -3 -3 -4 -5  4 -1 -3 -3 -2  7 -3    3   1   2   4   1   1   1   0  13   1   2   1   0  17   4   2   2   0  42   2  1.37 0.69
  392 D   -3  0  0  7 -7  0 -1 -1  0 -7 -7 -1 -5 -5 -1  0 -2 -8 -5 -7    3   5   4  57   0   4   3   4   2   0   0   3   0   1   4   6   2   0   0   0  1.30 0.71
  393 A   -2 -6 -7 -8 -2 -3 -7 -6 -3 -2  3 -7 -2  8 -8 -6 -4 -3 -1  2    3   0   0   0   1   2   0   1   1   2  22   0   1  53   0   0   1   0   1  12  1.60 0.77
  394 I   -2 -6 -7 -7 -4 -6 -7 -2 -4  6  0 -6  1  0 -6 -4 -3 -5  2  3    3   0   0   0   0   0   0   3   0  49   8   0   3   4   0   1   1   0   7  18  1.17 0.61
  395 I   -1  1 -6 -6  1 -5 -6 -5 -6  4  2 -4  2  0 -6 -5 -3 -6 -4  5    4   9   0   0   3   0   0   1   0  19  20   0   4   3   0   0   1   0   0  34  0.84 0.49
  396 L    1 -6 -4 -6  4 -4 -6 -5 -2  3  1 -5  2 -3 -6 -4 -2 -6 -5  5   13   0   1   0   9   1   0   0   1  17  13   0   4   1   0   1   2   0   0  37  0.90 0.51
  397 N   -6 -6  9 -2 -8 -5 -5 -4 -2 -8 -5 -5 -4 -8 -7 -2 -5 -8 -7 -8    1   0  90   2   0   0   0   1   1   0   2   0   0   0   0   3   0   0   0   0  2.91 1.22
  398 F   -6 -7 -7 -8 -6 -7 -7 -7 -5  1  2 -7 -1  7 -7 -6 -6 -1  6 -3    0   0   0   0   0   0   0   0   0   6  16   0   1  49   0   0   0   1  24   1  1.89 0.82
  399 A    6 -6 -6 -4  1 -3 -5 -4 -6 -5 -5 -5 -6 -7  3 -1 -5 -7 -6 -4   73   0   0   1   2   1   0   1   0   0   1   0   0   0  14   5   0   0   0   1  1.70 0.86
  400 N    0 -5  8 -2 -3 -3 -5 -3 -5 -7 -6 -5 -7 -7  0 -2 -5 -8 -7 -5    8   0  78   2   1   1   0   1   0   0   1   0   0   0   5   2   0   0   0   1  2.26 1.00
  401 P    3 -5 -5 -5  2 -5 -4  2 -5 -1 -1 -4 -3 -3  5 -2 -2 -6 -5 -1   27   0   0   0   4   0   1  17   0   3   6   0   0   1  30   2   2   0   0   4  0.87 0.50
  402 D   -4 -6 -4  9 -8 -5 -3 -4 -6 -5 -8 -6 -8 -8 -6 -4 -5 -9 -8 -8    2   0   0  93   0   0   1   1   0   1   0   0   0   0   0   1   1   0   0   0  2.88 1.14
  403 M   -2 -4 -7 -7 -4 -1 -6 -7 -1  0  1 -6 10 -2 -7 -5 -4 -3 -6  0    4   1   0   0   0   3   0   0   1   4  12   0  66   1   0   1   1   0   0   5  2.23 0.96
  404 V    0 -6 -7 -7 -5 -6 -6 -7 -7  2  0 -6 -1 -3 -6 -4 -2 -6 -5  7    8   0   0   0   0   0   0   0   0   8   8   0   1   1   0   1   2   0   0  71  1.58 0.71
  405 G    2 -6 -5 -6 -6 -6 -6  7 -6 -7 -7 -6 -7 -7 -6 -3 -6 -7 -7 -7   16   0   0   0   0   0   0  81   0   0   0   0   0   0   0   2   0   0   0   0  2.19 0.89
  406 H   -7 -2 -4 -5 -8 -3 -2 -7 11 -8 -8 -6 -4 -4 -7 -4 -7 -7 -4 -8    0   2   0   0   0   1   2   0  91   0   0   0   1   1   0   1   0   0   0   0  3.77 1.31
  407 S   -4 -4 -4 -5 -1 -2 -3 -5 -6 -2 -3 -5 -4 -2 -5  2  7 -6 -3 -3    0   1   0   0   1   1   2   0   0   2   3   0   0   2   0  14  70   0   1   1  1.64 0.81
  408 G   -2 -6 -4 -4 -7 -4 -2  7 -6 -8 -8 -4 -7 -7 -6 -4 -5 -7 -7 -7    3   0   1   1   0   1   3  89   0   0   0   1   0   0   0   0   1   0   0   0  2.32 0.91
  409 M   -4 -3  6  5 -6 -2 -1 -5 -1  0 -4  0 -3 -5 -4 -1 -4 -7 -5  1    0   1  34  28   0   1   3   0   2   6   1   5   1   0   1   5   0   0   0  13  0.93 0.52
  410 L   -3 -1 -4 -5 -4 -4 -2 -6 -2  2  3 -3  2  5 -2 -4 -3  1  3  0    1   3   1   0   0   1   3   0   1  12  27   1   6  23   2   1   1   2  11   6  0.66 0.37
  411 E    1 -1  1  3 -5  1  4 -2 -1 -3 -3  1 -2 -5  2 -1 -1 -5 -2 -3   11   2   7  14   0   6  28   2   1   1   2   8   1   0   9   4   3   0   1   1  0.46 0.32
  412 P    6 -1 -4 -5 -5 -2 -3 -4 -2 -3 -1 -1 -4 -6 -1 -1 -3 -6 -5 -4   74   3   0   0   0   1   1   0   1   1   6   4   0   0   4   3   1   0   0   1  1.34 0.70
  413 T    4 -5 -3 -5  1 -4 -4 -2 -5  0 -3 -4 -3 -5 -5  0  5 -6 -5  1   38   0   1   0   3   0   0   3   0   4   2   1   0   0   0   4  35   0   0   9  0.93 0.55
  414 I   -3  0 -5 -5  1 -3 -3 -4 -4  5 -1  0  0 -4 -5 -3 -1 -6 -4  4    1   6   0   0   3   1   2   1   0  36   4   7   2   0   0   2   4   0   0  31  0.83 0.45
  415 K   -1  3 -2 -3 -2  2  2 -5 -2 -1 -3  5 -2 -5 -4 -2  0 -1 -4 -2    5  12   1   1   1  10  14   0   1   4   2  38   1   0   0   2   5   1   0   3  0.68 0.42
  416 A    7 -5 -5 -6  0 -5 -5  0 -6 -4 -5 -5 -5 -5 -5  0 -3 -6 -6 -3   81   0   0   0   2   0   0   6   0   1   1   0   0   0   0   6   1   0   0   1  1.71 0.80
  417 I    0 -6 -5 -6  5 -5 -6 -5 -5  4  0 -6  1 -3 -6 -4 -3 -6 -5  5    6   0   1   0  12   0   0   1   0  20   6   0   4   0   0   0   1   0   0  47  1.17 0.55
  418 E   -1 -1 -3 -1 -6  2  6 -3 -2 -6 -4  1 -3 -5 -5 -1 -1 -6 -5 -4    4   2   1   2   0   8  61   2   1   0   2   7   1   0   0   4   3   0   0   1  1.21 0.64
  419 A    3 -3 -3 -4  2 -3 -1 -3  0  0 -2 -1 -2  1 -4  0  3 -4  1  1   30   1   0   0   4   0   5   1   2   6   2   3   0   7   0   4  19   0   5  11  0.40 0.33
  420 V   -2 -5 -4 -6 -2 -5 -5 -6 -6  3  2 -5  2 -1 -5 -4  1 -5 -4  5    3   0   1   0   1   0   0   0   0  16  17   0   4   2   0   1   8   0   0  48  1.00 0.50
  421 D   -5 -6 -3  8 -8 -5 -3 -6 -6 -7 -8 -3 -7 -8 -6 -3 -6 -8 -7 -7    1   0   0  93   0   0   1   0   0   0   0   1   0   0   0   2   0   0   0   0  2.84 1.07
  422 E    1  2  0  0 -3  2  2 -1 -1 -2 -1  2 -2 -3 -2  0  1 -4 -2 -2   12   9   4   4   0   9  17   3   1   2   5  15   1   1   1   4   8   0   1   2  0.24 0.21
  423 N    3 -4 -2 -5  9  2  0 -2  0 -2 -3 -2 -3 -4 -5 -2 -3 -4 -2 -3   23   1   2   0  38  10   6   3   2   2   3   2   1   0   0   3   1   0   1   2  1.16 0.57
  424 L   -3 -5 -5 -6 -2 -5 -6 -6 -6  3  5 -5  1 -2 -5 -5 -2 -5 -3  3    2   0   0   0   1   0   0   0   0  17  49   0   3   1   0   0   2   0   0  22  1.06 0.50
  425 G    1 -1 -1 -2 -4 -1 -1  5 -1 -5 -5  2 -4 -4 -3  0 -3 -4 -4 -5    9   3   3   2   0   3   4  48   1   0   1  14   0   1   1   6   1   0   0   0  0.83 0.45
  426 R   -2  5 -2  0 -5  2  2 -2 -2 -1 -2  3 -1 -3 -3 -2 -1 -3 -4 -2    3  29   1   5   0   7  11   3   0   3   3  22   2   1   1   1   3   0   0   3  0.56 0.36
  427 V   -4 -6 -7 -7 -3 -6 -6 -7 -7  6  3 -6  0 -2 -6 -6 -3 -6 -5  4    1   0   0   0   1   0   0   0   0  42  28   0   2   1   0   0   1   0   0  25  1.33 0.59
  428 V    0 -3 -4 -4  1 -4 -3 -4 -1  2  1 -2  1  0 -5 -2 -1  2  3  3    9   1   0   1   4   0   1   1   1  12  16   2   3   3   0   2   3   3  10  27  0.41 0.28
  429 D    0  1  1  3 -5  1  4 -3 -2 -5 -5  2 -4 -6  1  0 -1 -6 -4 -5    9   7   6  16   0   5  26   2   1   0   1  11   0   0   7   6   4   0   0   0  0.54 0.36
  430 L    4 -2 -2 -4  0  0  1 -3 -1 -1 -1  0 -2 -1 -4  0 -1  0 -2  0   42   2   1   0   2   4   8   1   2   4   5   7   0   2   0   5   4   1   1   8  0.43 0.34
  431 I    3 -5 -4 -5  5 -5 -5 -3 -5  3  0 -5 -1 -2 -5 -2  0 -2 -4  4   22   0   1   0  11   0   0   1   0  16   9   0   1   1   0   2   6   1   0  26  0.71 0.41
  432 L   -1  1 -2  0 -3  1  2 -3  0  0  2  2 -1 -3 -3 -1 -1 -1 -1 -1    3   9   1   5   0   7  13   1   2   6  23  15   1   0   0   4   4   1   1   3  0.22 0.22
  433 E    2  1 -1  1 -4  1  3 -3 -2 -4 -3  4 -2 -5 -4  0 -2 -4 -4 -4   19   6   2   6   0   6  22   1   1   1   2  24   1   0   0   5   2   0   0   1  0.55 0.38
  434 K    1  1  2 -2 -2  1  0 -3  3 -2 -1  2  0 -3 -3 -1  0 -4 -1  1   14   7  13   1   1   7   5   1   7   2   6  13   2   1   0   4   6   0   2  10  0.20 0.20
  435 G   -4 -2  4  3 -6 -3 -1  5 -1 -7 -7 -1 -6 -3 -5 -2 -4 -6 -5 -6    0   2  18  16   0   1   5  47   2   0   0   4   0   1   0   2   0   0   0   0  1.16 0.58
  436 G    0 -4 -5 -5 -4 -5 -5  5 -1 -3 -5 -5 -3 -1 -3 -3 -2  4  6 -2    6   1   0   0   0   0   0  46   1   2   0   0   1   2   1   2   3   6  24   3  1.21 0.61
  437 S    1 -2 -2 -1  0  0 -1 -4  0  2 -1 -2 -1 -1 -2 -1  3  0 -1  2   13   2   2   3   2   6   4   0   2  12   4   1   1   2   2   3  20   1   2  18  0.24 0.23
  438 A    1 -5 -5 -5  1 -5 -5 -5 -5  1  4 -5  4  0 -5 -2 -1  1 -1  3   11   0   0   0   3   0   0   0   0   5  37   0  12   3   0   2   4   2   2  17  0.69 0.41
  439 I   -3 -6 -6 -6  0 -6 -6 -6 -6  5  4 -6  2  3 -6 -5 -4 -3 -3  3    2   0   0   0   2   0   0   0   0  29  33   0   5  10   0   0   0   0   1  17  1.01 0.49
  440 I   -5 -7 -7 -7 -5 -6 -4 -7 -7  7  1 -6 -2 -2 -7 -6 -5 -6 -5  4    0   0   0   0   0   0   1   0   0  56  10   0   1   2   0   0   0   0   0  28  1.66 0.71
  441 F   -4 -6 -5 -6  1 -6 -6 -6 -6  0 -4 -6 -3 -2 -6 -2  8 -7 -6  0    1   0   0   0   2   0   0   0   0   5   1   0   0   2   0   1  80   0   0   5  2.08 0.95
  442 A    6 -6 -5 -6 -3 -5 -5  0 -6 -6 -6 -5 -5 -7 -5  3 -4 -7 -6 -5   70   0   0   0   1   0   0   6   0   0   0   0   0   0   0  22   0   0   0   0  1.69 0.81
  443 D   -5 -6 -3  8 -3 -5 -4 -6 -6 -8 -8 -6 -7 -8 -4 -2 -1 -8 -8 -7    1   0   0  88   1   0   0   0   0   0   0   0   0   0   1   3   4   0   0   0  2.63 1.03
  444 H   -7 -6 -2 -7 -8 -4 -6 -7 11 -8 -8 -6 -7 -4 -7 -5 -7 -7 -1 -8    0   0   1   0   0   0   0   0  94   0   0   0   0   1   0   1   0   0   1   0  4.03 1.36
  445 G   -3 -7 -5 -6 -7 -6 -7  8 -7 -8 -8 -6 -7 -7 -7 -4 -6 -7 -7 -5    2   0   0   0   0   0   0  95   0   0   0   0   0   0   0   1   0   0   0   1  2.64 0.98
  446 N   -5 -4  9 -3 -7 -5 -5 -2 -1 -6 -6 -2 -6 -7 -6 -3 -2 -7 -6 -7    1   1  85   0   0   0   0   3   1   1   1   3   0   0   0   1   2   0   0   0  2.56 0.99
  447 S    5 -5 -5 -5  6 -5 -5 -2 -5  2 -3 -5 -4 -4 -5  0 -3 -6 -5  1   50   0   0   0  18   0   0   3   0  10   2   0   0   1   0   6   0   0   0   9  1.15 0.57
  448 E   -5 -5 -4  3 -7 -3  7 -4 -5 -7 -7 -4 -6 -7 -5 -4 -5 -7 -6 -6    0   0   0  17   0   0  78   1   0   0   0   0   0   0   0   0   0   0   0   0  2.19 0.91
  449 T   -2  0  0  0  0  4  4 -4  0 -1 -2  1  0 -3 -4 -2  0 -3 -1  0    2   5   4   5   2  18  26   0   2   3   3   9   2   1   0   2   5   0   3   7  0.41 0.30
  450 M   -3 -5 -3 -7 -4 -3 -5 -6 -3 -1  0 -2 10 -3 -4 -5 -3  1 -4 -1    2   0   1   0   0   1   0   0   1   3   9   3  70   1   1   0   2   2   0   3  2.31 0.91
  451 S   -2  1 -3 -3 -2 -2 -2 -3 -3  3  2  0  0  1 -4 -2  0  2  1  2    2   8   1   1   1   1   2   1   0  22  18   5   2   6   0   2   6   3   4  14  0.30 0.21
  452 T   -3 -3  4  6 -6 -2  1 -3 -2 -6 -4 -3 -3 -4 -2 -2  0 -4  1 -5    2   1  18  47   0   1   7   2   1   0   1   1   1   1   2   3   6   0   6   1  1.09 0.54
  453 P    0 -1 -1  2 -4  0  3 -2 -1 -2 -2  2 -3 -4  4  0 -2 -5 -3 -3    9   3   2  10   0   4  17   2   1   3   5  11   0   1  23   5   2   0   1   1  0.47 0.31
  454 E   -2 -2  2  4 -4 -1  2 -4 -2 -5 -5 -1 -3 -5 -5  0  5 -6 -5 -4    3   1  10  23   0   2  15   1   1   0   1   4   0   0   0   6  32   0   0   1  0.82 0.48
  455 G   -2 -5  1 -3 -5 -4 -5  7 -1 -6 -5 -2 -6 -7 -5 -2 -3 -2 -6 -6    2   0   7   2   0   1   0  75   1   0   2   3   0   0   0   3   1   1   0   1  1.73 0.73
  456 K    0  1  2  0 -2  2  3  0 -1 -3 -3  2 -1 -4 -4  1  1 -5 -4 -3    7   7   9   4   1   9  20   6   1   1   2  13   1   0   0   9   8   0   0   1  0.33 0.26
  457 P   -1 -2 -4 -5 -4 -2 -4 -5 -3  2 -2 -1  1 -5  7 -4 -2 -1 -6  1    5   2   1   0   0   2   1   0   1  12   3   4   3   0  52   1   2   1   0  10  1.30 0.62
  458 H   -3  0  2  2  0  0  0 -4  6 -2 -1  1 -1  0 -3 -1 -2 -1  0 -1    1   4  10  13   2   3   4   0  24   2   6   8   2   4   1   5   1   1   3   5  0.49 0.32
  459 T   -3 -1 -4 -5 -4 -5 -3 -2 -6 -3 -3  1 -2 -6  1 -3  7 -7 -6 -3    2   4   0   0   0   0   1   3   0   1   2   8   1   0   6   1  68   0   0   2  1.52 0.77
  460 A    4 -1 -2 -2 -2  1  1  0 -2 -3 -3  1 -3 -2 -4  2  0 -5 -2 -3   32   2   2   1   1   6   9   8   1   1   2   8   0   1   0  19   5   0   2   0  0.44 0.34
  461 H   -7 -3  0 -6 -8 -5 -6 -5 11 -5 -8 -6 -7 -7 -3 -6 -7 -8 -4 -8    0   1   4   0   0   0   0   1  89   1   0   0   0   0   2   0   0   0   0   0  3.75 1.29
  462 T   -4 -5  0 -2 -6 -5 -3 -5 -6 -6 -6 -5 -6 -7 -6  3  7 -7 -6 -5    0   0   4   2   0   0   1   0   0   0   0   0   0   0   0  23  68   0   0   0  1.89 0.89
  463 T   -1 -1  0 -1  1 -4 -3 -3 -3  0  2 -1  0 -2 -2  0  5 -5 -3 -1    4   3   5   4   3   0   0   1   0   5  19   3   2   2   2   8  35   0   0   4  0.45 0.34
  464 V   -1 -4  8 -3 -5 -3 -3 -2  0 -7 -5 -4 -5 -2 -5  2 -4 -7 -1 -6    5   0  66   0   0   1   1   3   2   0   1   0   0   2   1  13   0   0   2   0  1.76 0.80
  465 P   -3  0 -1 -2 -4 -2 -4 -6 -2 -6  0  1 -4 -4  8 -4 -5 -7 -6 -5    2   5   3   3   0   2   1   0   1   0   9   8   0   1  63   1   0   0   0   1  1.71 0.77
  466 V   -4 -7 -7 -7 -5 -7 -7 -5 -7 -1 -3 -7 -4 -5 -5 -5 -3 -7 -6  8    1   0   0   0   0   0   0   1   0   1   2   0   0   0   1   1   1   0   0  91  2.36 0.94
  467 P   -5 -5 -5 -5 -7 -5 -3 -6 -3 -4 -6 -5 -3 -4  9 -5 -5 -2 -5 -5    0   1   1   1   0   1   2   1   1   1   1   0   1   1  87   1   0   1   0   1  2.79 1.08
  468 V   -3 -6 -7 -7  4 -6 -7 -6 -4  0  2 -6 -2  8 -7 -5 -4 -4 -2  0    2   0   0   0   9   0   0   1   0   5  22   0   0  54   0   0   1   0   0   6  1.62 0.67
  469 I   -2 -5 -5 -6  1 -5 -6 -5 -1  6  1 -5  1  1 -6 -4 -2  2  2  2    4   0   0   0   3   0   0   1   2  46  10   0   3   5   0   1   2   2   7  14  0.95 0.46
  470 V   -3 -5 -5 -6 -1 -5 -5 -6 -4  4  3 -5  3  1 -5 -4 -3 -2  3  3    1   0   1   0   1   0   0   0   0  26  28   0   6   5   0   1   1   1   9  18  0.82 0.41
  471 T    0 -4 -4 -4  2 -4 -5 -1 -3  4  0 -4  1 -1 -3 -2  1 -3  1  4    9   0   1   0   5   0   0   4   0  20   6   0   3   2   1   2  10   0   4  31  0.54 0.34
  472 K   -1 -1  1  2  1  0  0  3  1 -2 -2  0 -3 -1  0  1 -1 -4 -1 -2    5   3   8  14   3   3   4  20   3   3   3   4   0   3   5   9   4   0   3   3  0.20 0.21
  473 K   -1  0  1  1  0  1  1 -1  0 -2 -2  2  0 -1  3  0 -1 -4  0 -2    5   5   6   7   3   7   8   4   3   3   3  14   3   3  14   5   3   0   3   3  0.18 0.19
  474 G   -1  0  2  2 -5  0  1  2  1 -3 -5  1 -1 -2  0  0 -1 -5 -1 -3    5   5  11  12   0   4   8  17   3   1   0  10   1   2   6   7   3   0   2   2  0.29 0.27
  475 V    0  0 -1 -2  0 -1 -1 -1  0  0  0  0  0  2 -2 -1 -1  2  2  1    9   4   4   2   2   1   3   5   2   6  10   8   1   8   2   3   4   4   8  12  0.06 0.10
  476 T    0  1  0 -1 -1  1  1 -2  0 -1 -3  3 -3 -2 -1  0  1  0 -1 -2    6   8   4   3   1   7   9   3   3   4   2  22   0   2   3   8  10   1   2   3  0.23 0.25
  477 L   -2 -1 -1 -3 -1 -1 -1 -2 -1  0  4  1  0  1 -2 -3 -1  0 -1 -1    4   4   3   1   1   2   4   4   2   4  38   8   2   7   2   2   5   1   2   3  0.33 0.28
  478 R   -1  4  0 -1 -2  0  0 -2 -2 -1  0  3 -1 -4 -1 -2 -1 -5 -2 -1    6  23   5   3   1   3   5   4   1   4   9  22   1   1   3   2   3   0   1   4  0.35 0.29
  479 E   -1  0  1  2 -5  1  2 -2  1 -2 -4  3 -3 -4  3  0 -1 -5 -3 -4    6   5   5  12   0   5  15   3   3   2   1  16   0   1  12   7   4   0   1   1  0.37 0.29
  480 G   -2 -1  2  2 -4 -1  0  3  0 -2 -3  1 -3 -3  0  0  1 -5 -2 -2    3   2  12  12   0   2   5  21   3   2   2   9   1   1   6   8   8   0   1   3  0.29 0.25
  481 G    0 -2 -3 -4 -3 -4 -4  7  0 -7 -3 -3 -7 -4 -3 -3 -4 -2 -4 -6    7   2   1   1   1   1   1  72   2   0   4   1   0   1   2   1   1   1   1   0  1.63 0.81
  482 R    1  1 -1 -2 -2 -2 -1  2 -4  1 -2  1 -1 -3 -4  2  1 -5 -4  0   10   7   2   2   1   1   4  17   0  10   3   8   1   1   0  16  10   0   0   7  0.23 0.24
  483 L   -6 -7 -8 -8 -6 -3 -8 -8 -8  1  7 -7  0 -5 -8 -7 -3 -7 -6 -2    0   0   0   0   0   1   0   0   0   6  87   0   1   0   0   0   1   0   0   3  2.08 0.96
  484 A    5 -1 -3 -4  4 -1 -3  0 -5 -2 -5 -1 -3 -4 -2  3 -1 -2 -3 -2   42   4   1   1   8   3   1   7   0   2   0   4   1   1   2  18   3   1   1   2  0.74 0.52
  485 D   -6 -5  3  8 -3 -3 -3 -4 -1 -9 -9 -4 -3 -9 -7 -2 -4 -10 -8 -9    1   1  12  74   1   1   1   1   2   0   0   1   1   0   0   4   1   0   0   0  2.23 1.06
  486 V   -4 -8 -8 -8 -2 -8 -8 -9 -8  6  0 -8 -2 -3 -8 -7 -5 -1 -6  6    1   0   0   0   1   0   0   0   0  40   6   0   1   1   0   0   0   1   0  49  1.85 0.86
  487 A    7 -7 -7 -7 -2 -6 -6 -2 -7 -4 -5 -4 -2 -8 -3 -1 -1 -8 -7 -4   83   0   0   0   1   0   0   3   0   1   1   1   1   0   2   4   3   0   0   1  1.97 0.99
  488 P    1 -5 -5 -7 -8 -4 -7 -2 -8 -8 -8 -3 -8 -9  8 -2 -4 -9 -8 -4   12   1   1   0   0   1   0   3   0   0   0   1   0   0  76   3   1   0   0   1  2.46 1.06
  489 T   -4 -7 -6 -7 -7 -7 -7 -7 -8 -7 -4 -7 -6 -2 -7 -1  8 -1 -7 -6    1   0   0   0   0   0   0   0   0   0   2   0   0   2   0   5  89   1   0   0  2.61 1.15
  490 M   -3 -7 -4 -7  0 -7 -7 -6 -7  6  1 -7  4 -2 -7 -5 -4 -7 -3  4    2   0   1   0   2   0   0   0   0  42  14   0   8   2   0   1   1   0   1  27  1.32 0.60
  491 L   -4 -7 -9 -9  0 -7 -8 -9 -8  0  7 -8  1  0 -8 -6 -6 -7 -4 -3    1   0   0   0   2   0   0   0   0   4  84   0   3   3   0   1   0   0   1   1  1.98 0.84
  492 D    0 -2  2  3 -3  1  3 -2  1 -4 -5  2 -3 -3 -4  0  0 -3 -2 -4    8   1  10  18   1   6  20   2   4   1   1  14   1   1   0   6   5   0   2   1  0.48 0.33
  493 L   -3 -4 -4 -7 -5 -2 -5 -6 -3  4  5 -5  3 -1 -7 -5 -4 -6  1  1    2   1   1   0   0   2   0   0   1  19  53   0   5   2   0   1   1   0   4   7  1.07 0.53
  494 L   -2 -7 -5 -8 -2 -6 -7 -8 -2 -1  4 -5  8  0 -8 -5 -5 -2 -2 -3    4   0   0   0   1   0   0   0   1   3  42   1  41   4   0   1   0   1   1   1  1.78 0.79
  495 G   -3 -2  3  1 -4 -2  0  6 -1 -8 -8 -2 -7 -7 -6 -3 -6 -7 -4 -6    1   2  12   7   0   1   7  61   1   0   0   2   0   0   0   1   0   0   1   0  1.43 0.67
  496 V   -4 -6 -7 -7 -3 -3 -3 -7 -4  5  4 -5  1  1 -6 -6 -4 -3  0  2    0   0   0   0   0   1   2   0   1  35  38   1   3   5   0   0   1   0   3  10  1.09 0.52
  497 K    0 -2 -1  2 -6  0  4 -3 -2 -4 -4  1 -5 -6  4 -1 -1 -6 -3 -2    7   2   3   9   0   4  25   2   1   1   1  10   0   0  23   5   4   0   1   3  0.62 0.39
  498 K    0 -1 -4 -5 -2  4 -2 -4 -2  2 -3  4 -2 -4  2 -2 -2 -6 -3  1    9   2   0   0   1  18   1   0   1  14   2  25   0   0  10   2   1   0   1  11  0.60 0.42
  499 P   -3 -8 -5 -6 -8 -4 -5 -5 -2 -8 -6 -5 -8 -9  9 -2 -5 -3 -8 -5    3   0   1   0   0   1   1   1   1   0   1   0   0   0  87   3   1   1   0   1  2.87 1.16
  500 A    1 -2 -1  2 -3  0  2 -2 -1 -4 -4  3 -2 -4  2  2 -1 -5 -4 -2   11   1   3   9   0   4  15   3   1   1   1  16   1   0  11  15   4   0   0   3  0.37 0.29
  501 E    0 -4 -3  3 -3  0  6 -2 -3 -3 -4 -3 -4 -2 -4 -1 -3 -2 -2 -3    8   1   0  13   1   4  52   4   0   2   2   1   0   2   0   4   2   1   1   2  1.01 0.58
  502 M   -6 -7 -8 -9 -7 -6 -8 -5 -7 -2 -3 -7 11 -1 -8 -5 -5 -2  1 -3    0   0   0   0   0   0   0   1   0   2   1   0  84   3   0   1   1   1   5   2  3.33 1.27
  503 T   -3 -4 -2  1 -6 -1  1 -4 -4 -4 -4 -2 -3 -6 -5  1  7  1 -4 -4    1   1   2   7   0   2   8   1   0   0   2   3   1   0   0   9  59   2   1   1  1.25 0.67
  504 G   -1 -1 -2 -3 -1 -3 -3  7 -3 -6 -5 -3 -4 -3 -4 -2 -5 -5 -5 -5    5   3   1   1   1   2   2  74   1   0   1   1   0   1   1   3   1   0   0   1  1.62 0.66
  505 E   -3  3  0 -1 -4  2  2 -4  2 -3 -4  4 -2 -4  1  0  0 -6 -3 -1    1  15   4   2   0   9  13   0   4   2   1  22   1   1   6   7   6   0   0   5  0.45 0.32
  506 S   -2 -5  2  0 -1 -4 -4 -3 -4 -2 -7 -4 -6 -7  1  6 -1 -8 -6 -2    2   0   7   5   1   0   0   2   0   3   0   0   0   0   7  65   4   0   0   3  1.33 0.73
  507 L   -6 -5 -8 -9 -1 -7 -8 -9 -8  1  7 -7  1 -4 -8 -7 -6 -2 -6 -2    0   1   0   0   1   0   0   0   0   6  88   0   3   0   0   0   0   1   0   1  2.07 0.85
  508 I   -4 -5 -7 -7 -3 -6 -7 -8 -7  6  4 -6 -1  1 -7 -6 -5 -1 -3  2    0   0   0   0   0   0   0   0   0  42  39   0   1   5   0   0   0   1   0  11  1.36 0.58
  509 Q   -1  2 -1 -1 -1  1  3 -3  0 -1 -2  3 -2 -4 -4  1 -1 -5 -3  0    3  12   3   2   1   7  22   1   3   5   4  18   0   0   0  10   2   0   0   7  0.34 0.25
  510 K   -4  5 -3 -4 -6  3  1 -5 -3 -6 -6  6 -4 -6 -4 -3 -4 -6 -5 -5    0  27   0   0   0  10  10   0   0   0   0  53   0   0   0   0   0   0   0   0  1.41 0.55

                      K         Lambda
Standard Ungapped    0.1341     0.3148
Standard Gapped      0.0410     0.2670
PSI Ungapped         0.1670     0.3178
PSI Gapped           0.0511     0.2670
