
Last position-specific scoring matrix computed, weighted observed percentages rounded down, information per position, and relative weight of gapless real matches to pseudocounts
           A  R  N  D  C  Q  E  G  H  I  L  K  M  F  P  S  T  W  Y  V   A   R   N   D   C   Q   E   G   H   I   L   K   M   F   P   S   T   W   Y   V
    1 M   -7 -7 -8 -9 -7 -6 -8 -9 -7 -4 -4 -7 11 -6 -8 -7 -6 -7 -7 -5    0   0   0   0   0   0   0   0   0   0   0   0 100   0   0   0   0   0   0   0  4.16 1.24
    2 R   -4  8 -3 -6 -9 -4 -5 -7 -4 -7 -6  2 -3 -8 -4 -3 -4 -8 -7 -5    2  80   1   0   0   0   0   0   0   0   1   9   1   0   1   2   1   0   0   1  2.33 0.90
    3 K   -4  5 -1 -4 -7  1 -3 -5 -4 -3 -6  6 -4 -7 -2 -3  1 -7 -6 -3    1  24   3   1   0   6   1   0   0   2   0  46   0   0   2   2   9   0   0   2  1.25 0.59
    4 P   -3 -1 -2 -5 -3 -3 -5 -5 -4 -2 -3  4 -2  3  6 -3 -1 -6  0 -3    2   3   2   0   1   1   0   0   0   2   3  23   1  13  37   2   4   0   3   2  1.04 0.52
    5 I   -5 -6 -7 -8 -2 -6 -7 -8 -5  5  4 -6  2  4 -7 -6 -3  0  2  1    0   0   0   0   1   0   0   0   0  27  35   0   4  17   0   0   1   1   5   7  1.14 0.50
    6 I   -3 -8 -8 -8 -4 -7 -8 -8 -8  6  0 -7 -1 -1 -8 -6 -5 -7 -5  5    2   0   0   0   0   0   0   0   0  46   7   0   1   2   0   0   0   0   0  41  1.77 0.69
    7 A    5 -6 -6 -7 -1 -6 -6  2 -7  2 -3 -6  0 -3 -6 -3 -4 -7 -4  2   47   0   0   0   1   0   0  17   0  13   2   0   2   1   0   1   0   0   1  16  1.07 0.55
    8 G    4 -8 -6 -7 -5 -7 -7  7 -8 -9 -8 -7 -8 -9 -7 -5 -5 -8 -8 -8   28   0   0   0   0   0   0  72   0   0   0   0   0   0   0   0   0   0   0   0  2.21 0.88
    9 N   -8 -7  9 -5 -9 -7 -7 -7 -6 -10 -10 -7 -9 -10 -9 -6 -7 -11 -9 -10    0   0  99   0   0   0   0   0   0   0   0   0   0   0   0   0   0   0   0   0  3.63 1.31
   10 W   -10 -10 -11 -12 -10 -7 -10 -10 -5 -10 -7 -10 -6  0 -11 -10 -10 13 -5 -10    0   0   0   0   0   0   0   0   0   0   1   0   0   3   0   0   0  96   0   0  5.31 1.67
   11 K   -7 -4 -6 -7 -10 -5 -5 -8 -7 -9 -9  9 -8 -10 -7 -7 -7 -9 -8 -9    0   0   0   0   0   0   0   0   0   0   0  99   0   0   0   0   0   0   0   0  3.25 1.21
   12 M   -5 -8 -9 -10  4 -5 -7 -9 -8 -4 -1 -8 11 -7 -9 -4 -6 -8 -8 -6    1   0   0   0   8   0   0   0   0   0   6   0  82   0   0   2   0   0   0   0  3.52 1.28
   13 N   -6 -6  9 -5 -9 -4 -6 -7  6 -9 -9 -4 -8 -2 -8 -4 -5 -4  1 -9    0   0  74   0   0   1   0   0  15   0   0   1   0   2   0   1   1   0   5   0  2.66 1.05
   14 K   -3 -3 -2 -5 -5 -2 -4  4  0 -4  1  4  2 -3  1 -3  0 -6 -3 -3    1   0   2   0   0   1   0  31   2   1  15  25   4   1   6   1   6   0   1   1  0.69 0.43
   15 T   -3 -4  2  1 -4 -4 -5  0 -5 -4 -1 -4 -3 -6 -5  3  6 -7 -5 -4    1   1  10   8   0   1   0   6   0   1   6   1   1   0   0  21  41   0   0   1  0.97 0.57
   16 A    0  1 -2 -3 -1  0 -2 -3  0  1  2  1 -1 -1  2 -1 -1 -2 -2  1    7  10   2   0   1   4   2   2   3   8  19   8   1   3  11   4   4   1   1  11  0.16 0.15
   17 A    3 -1 -1  1 -5  1  2 -1 -1 -4 -3  2 -3 -4 -1  1 -1 -4 -3 -2   24   3   2   9   0   7  13   4   1   1   3  11   0   1   3  11   3   0   1   3  0.31 0.25
   18 K   -1 -4 -3  1 -7  2  6 -3 -4 -6 -3 -1  0 -2 -5  2 -3 -7 -6 -6    6   1   1   7   0   7  49   2   0   0   4   3   2   2   0  13   1   0   0   0  1.00 0.56
   19 A    5 -5  0 -5 -1 -5 -5  0 -4  1 -1 -5 -4 -4 -5  1  1 -5 -5  2   43   0   4   0   1   0   0   7   0   8   5   0   0   0   0   9   9   0   0  11  0.71 0.43
   20 G    0  2 -1  0 -2  1  1 -2 -2  0  0  2  0 -3 -3  0 -1 -4 -3  0    8  12   2   4   1   6  11   3   1   7   9  15   2   1   0   5   4   0   0   8  0.16 0.15
   21 Q    2  0  0  1 -5  1  3 -2  0 -3 -3  1 -3 -3 -3  1  0 -6 -3 -2   19   4   3   9   0   6  21   3   2   1   2   9   1   1   1   8   6   0   1   3  0.34 0.26
   22 F   -5 -6 -6 -6 -6 -7 -7 -7 -3  1  5 -7  1  5 -7 -6 -4  1  3 -2    1   0   0   0   0   0   0   0   1   7  48   0   3  25   0   0   1   2   8   2  1.30 0.57
   23 A    3 -5 -5 -6  2 -5 -6 -4 -6  3  2 -5  0  2 -6 -3 -1 -5 -3  3   23   0   0   0   4   0   0   1   0  14  19   0   2  10   0   1   4   0   0  21  0.68 0.37
   24 E    0  2  1  1 -3  2  3 -1 -1 -4 -3  2 -3 -5 -3  1  0 -5 -4 -3    9  10   6   6   0   8  16   6   2   1   3  13   0   0   1  10   6   0   0   1  0.29 0.23
   25 D    2 -1  0  1 -5  1  3  1 -1 -3 -3  1 -1 -3 -4  1  0 -5 -3 -2   17   3   4   8   0   7  19   9   2   1   2   7   1   1   0   9   6   0   0   2  0.30 0.23
   26 V   -4 -7 -7 -6 -3 -7 -7 -8 -7  4  5 -7  0  4 -6 -6 -4 -1 -3  2    1   0   0   0   0   0   0   0   0  20  45   0   2  14   0   0   1   1   1  15  1.19 0.52
   27 K    1  1  2 -2 -1  0 -1 -2 -2  0  1  2 -1 -3 -3  0 -2 -3 -4  1   14   9  11   2   1   3   4   3   1   6  13  15   1   0   1   6   2   0   0   9  0.18 0.17
   28 N    1  1  2  2 -4  0  2 -1 -1 -4 -3  2 -3 -3  1  1  0 -2 -3 -4   12   6  10  10   0   4  11   5   1   0   2  13   1   1   8   9   4   0   0   1  0.27 0.21
   29 N    1  0  0 -1 -2  1  1  2  0 -2  0  1  0 -1 -3  0 -1 -2 -1 -2   14   6   4   3   1   7   9  14   3   2  12   8   2   2   0   7   4   0   2   2  0.10 0.11
   30 V    1 -3 -2 -2 -1 -2 -2 -2 -2  2  3 -2  1 -1 -2 -1 -1 -1  0  2   13   1   1   2   1   2   2   2   1  13  26   2   3   2   2   4   4   1   3  14  0.24 0.17
   31 P    1  0  0  0 -2  0  1  0 -1 -2 -2  2 -2 -2  3  0 -1 -3 -3 -2   12   4   4   6   1   4   8   8   1   3   3  15   1   1  14   8   3   0   0   3  0.21 0.16
   32 S    0 -1  1  3 -3  0  1  1 -1 -1 -1  1 -3 -3  0  1 -1 -2 -3 -2    8   3   7  19   0   4   7  10   1   3   7   8   0   1   5   9   3   1   1   3  0.18 0.15
   33 S    0 -1  1  1 -2  0  0 -2  0  0 -1  0 -1  0  2  1  0 -2  0  0   10   3   7   7   1   3   4   2   2   7   7   7   0   5   9  10   5   0   3   9  0.06 0.07
   34 D    0  0  0  3 -3  0  2 -1  0 -3 -4  2 -3 -3  2  1  0 -5 -4 -3    8   5   5  15   1   4  11   4   2   1   1  12   0   1  11   9   7   0   0   1  0.30 0.21
   35 A    0  0  4  3 -3  0  0  1  2 -4 -3  1 -4 -4 -2  1 -1 -4 -3 -2    8   4  18  15   1   3   6  12   5   1   3   7   0   0   2   9   3   0   1   3  0.33 0.22
   36 V    1  0 -4 -3  4 -3 -5 -4 -4  1 -1 -3 -2 -3 -3 -2  1 -5 -3  5   10   5   1   1   9   1   0   1   0   7   6   2   1   1   2   3   8   0   1  43  0.69 0.36
   37 E   -4 -1 -2  5 -6  1  6 -4 -1 -5 -6 -1 -4 -6 -4 -2 -1 -7 -5 -3    1   3   1  29   0   4  44   1   2   1   1   4   0   0   0   2   4   0   0   2  1.21 0.58
   38 S   -1 -5 -7 -7 -1 -6 -4 -7 -7  4  0 -5  0 -2 -7 -4 -1 -3 -3  6    4   1   0   0   2   0   1   0   0  21   7   1   2   1   0   1   5   0   1  54  1.26 0.55
   39 V    1 -5 -7 -7 -2 -6 -6 -1 -7  3  0 -6  0 -2 -6 -4 -3  0 -2  6   13   0   0   0   1   0   0   6   0  15   8   0   2   2   0   1   1   2   1  48  1.00 0.48
   40 V   -4 -7 -8 -8 -1 -7 -7 -8 -8  6  2 -7 -3  0 -7 -7 -5 -7 -5  5    1   0   0   0   1   0   0   0   0  34  19   0   0   4   0   0   0   0   0  41  1.50 0.61
   41 A    4 -7 -7 -8  9 -7 -7 -2 -3 -2 -3 -7 -2  4 -6 -1 -4 -6 -4 -3   30   0   0   0  39   0   0   3   1   2   2   0   1  16   0   4   1   0   0   1  1.74 0.70
   42 A    0 -8 -8 -7 -2 -7 -7 -5 -8 -5 -5 -7 -8 -7  8 -3 -5 -9 -8  0    7   0   0   0   1   0   0   1   0   0   1   0   0   0  79   2   1   0   0   8  2.57 1.00
   43 P   -3 -7 -4 -6 -8 -2 -6 -6 -7 -6 -7 -6 -4 -9  8  2 -1 -9 -8 -3    2   0   1   0   0   2   0   0   0   0   0   0   0   0  73  12   4   0   0   3  2.32 0.94
   44 A    2 -7 -4 -3 -5 -5 -6 -5 -3 -4 -4 -6 -1  7 -2  1 -2 -4  4 -4   16   0   1   2   0   0   0   0   1   1   1   0   2  48   2  10   3   0  12   1  1.39 0.62
   45 L   -4 -6 -5 -6 -1 -6 -6 -6 -5  2  1 -6 -2 -3  4 -4  5 -7 -3  3    1   0   0   0   1   0   0   0   0  12  14   0   1   1  18   1  30   0   1  20  0.94 0.50
   46 F    1 -5 -2 -1  1 -4 -5 -3  5 -4  0 -5 -2  3 -6  1 -3  2  6 -3   13   0   2   3   3   1   0   2  11   1   9   0   1  10   0  12   1   2  28   2  0.81 0.44
   47 L   -4 -7 -8 -8 -4 -7 -8 -8 -8  4  6 -7  0 -2 -8 -7 -5 -7 -5 -1    1   0   0   0   0   0   0   0   0  18  73   0   1   2   0   0   0   0   0   3  1.76 0.70
   48 Q    1 -1 -1  1 -1  1  1  0  1 -3 -2 -1 -2 -1  2  2 -1 -2  1 -2   15   3   2   8   1   6   7   6   4   1   4   3   1   3  12  14   3   0   5   2  0.18 0.16
   49 E    2 -1 -2  0 -2  1  0 -2  0 -2 -1  0 -1 -2  1  1  1 -4  0 -1   16   3   1   6   1   7   7   2   3   2   8   4   2   1   8  13  11   0   3   4  0.14 0.15
   50 L    2 -5 -6 -7 -1 -5 -6 -5 -6  1  2 -6  2  0 -6 -3 -1 -4 -3  5   19   0   0   0   1   0   0   1   0   6  17   0   5   4   0   1   4   0   1  40  0.86 0.44
   51 V    2  1 -1 -3 -1  2 -1  0  0 -1 -1  1 -1 -3 -3  1 -1 -5 -2  1   21   9   3   1   1   9   2   6   2   4   5  10   1   1   0  12   2   0   1  10  0.19 0.19
   52 R    0  1  0  1 -5  3  3 -1 -1 -3 -4  2 -3 -5 -2  0  0 -5 -2 -3    8   8   4   8   0  11  21   5   1   1   1  13   0   0   2   7   5   0   1   1  0.34 0.25
   53 L    2 -1 -1 -3  0  0  0 -2 -1  2  2  0  0 -2 -3  0  0 -3 -2  1   19   3   3   1   2   6   5   2   2  11  18   6   2   1   1   7   5   0   1   7  0.13 0.13
   54 T    0 -4 -3 -5  1 -3 -5 -4 -4  2  4 -3  0  0 -5 -2  0 -5 -3  2    8   1   1   0   2   1   0   1   0  12  44   1   2   4   0   4   5   0   0  12  0.62 0.32
   55 E    1  2 -1  0 -3  1  2 -1  0 -3 -2  3 -2 -3 -2  0 -1 -4 -2 -2   14  10   3   5   0   7  14   4   2   1   4  20   1   1   1   6   4   0   1   2  0.28 0.20
   56 G   -1  0  2  2 -3 -1 -1  5 -1 -5 -5  1 -5 -4  0  0 -2 -4 -3 -5    4   5   9  11   0   2   4  37   1   1   1   9   0   1   4   7   2   0   1   0  0.57 0.30
   57 T    0 -2  0  0 -2 -1 -2 -1 -1 -3 -3 -1 -3 -3  0  4  3 -4 -3 -3    7   2   3   5   1   3   2   4   1   1   3   4   1   1   4  34  21   0   1   1  0.52 0.34
   58 N    0  1  3  2 -2 -1  0  2  0 -3 -4  1 -3 -3  2  0 -1 -3 -3 -3    7   7  15  10   1   2   4  14   2   1   1   9   0   1  12   7   3   0   1   1  0.31 0.21
   59 L   -3 -6 -7 -7 -2 -6 -7 -7 -7  6  2 -6 -1  2 -5 -6 -4 -2 -2  4    1   0   0   0   1   0   0   0   0  44  19   0   1   8   1   0   0   0   1  22  1.25 0.51
   60 R    1  1 -1 -2 -2  1  1  0  1 -2 -1  3 -1 -2 -3  1 -1 -3 -2 -2   14   7   2   2   1   8  10   9   4   2   6  18   2   2   0   9   2   0   1   3  0.19 0.17
   61 V   -4 -6 -7 -7 -4 -6 -7 -7 -7  3  4 -6 -1 -1 -6 -5 -2  3 -2  4    1   0   0   0   0   0   0   0   0  16  41   0   1   3   0   0   2   4   1  30  1.13 0.49
   62 A    3 -7 -5 -6 -1 -6 -6  7 -7 -5 -6 -6 -4 -6 -6 -1 -5 -7 -5 -4   21   0   0   0   1   0   0  68   0   1   1   0   0   0   0   5   0   0   1   1  1.76 0.70
   63 A    7 -7 -6 -7 -4 -6 -6  1 -7 -5 -5 -6 -5 -6 -5  0 -4 -8 -7 -2   79   0   0   0   0   0   0  10   0   0   1   0   0   0   0   6   0   0   0   3  1.86 0.78
   64 Q   -6 -5 -6 -6 -9  9 -1 -8 -6 -9 -8 -5 -7 -9 -7 -6 -7 -8 -8 -8    0   0   0   0   0  96   3   0   0   0   0   0   0   0   0   0   0   0   0   0  3.42 1.25
   65 N   -6 -6  8  5 -8 -5 -5 -6 -3 -9 -8 -6 -8 -8 -7 -4 -2 -9 -6 -8    0   0  68  26   0   0   0   0   1   0   0   0   0   0   0   1   2   0   0   0  2.44 0.92
   66 C   -1 -7 -6 -8  8 -6 -7 -5 -7  2  0 -7  5 -1 -7 -4 -4 -7 -6  4    5   0   0   0  28   0   0   1   0   8  10   0  12   2   0   1   1   0   0  30  1.38 0.58
   67 Y   -2 -5 -1 -4  0 -5 -5 -4  7 -6 -6 -6 -6  4 -7  3 -3  3  5 -6    4   0   3   1   2   0   0   2  28   0   0   0   0  15   0  21   1   4  19   0  1.38 0.62
   68 F    0 -3 -3 -1 -3  0  0 -4  2 -3 -3 -1 -3  3  2 -1 -2  8  3 -1    9   1   1   4   0   4   7   1   5   1   2   3   0  11   9   5   3  20   8   5  0.67 0.36
   69 E    1 -1  0 -2 -6  1  5 -3  4 -6 -4  1 -2 -1 -5 -2 -2 -5 -1 -3   10   3   3   2   0   6  43   2   8   0   1   8   1   3   0   2   3   0   2   2  0.78 0.43
   70 D    0 -2  0  3 -5 -1  3 -1 -3 -3 -3  1 -3 -5  2 -1  0 -6 -3 -3    9   2   4  19   0   2  22   5   0   2   3   8   1   0  10   4   5   0   1   2  0.41 0.27
   71 E   -1 -1  2 -1 -2  1  2 -1  0 -5 -4  3 -2 -2 -1  3 -2 -2 -2 -4    4   2   8   3   1   6  15   5   2   0   1  19   1   2   2  23   1   1   1   1  0.42 0.30
   72 G   -5 -8 -6 -7 -8 -8 -8  8 -8 -10 -10 -6 -9 -9 -8 -6 -6 -9 -9 -8    0   0   0   0   0   0   0  99   0   0   0   0   0   0   0   0   0   0   0   0  3.01 1.04
   73 A    7 -7 -7 -7 -6 -6 -7 -6 -7 -7 -7 -6 -7 -8  0 -3 -5 -8 -8 -6   93   0   0   0   0   0   0   0   0   0   0   0   0   0   6   1   0   0   0   0  2.45 0.97
   74 F   -8 -6 -5 -9 -8 -7 -8 -9  4 -5 -4 -8 -4  8 -9 -7 -7  0  7 -6    0   0   1   0   0   0   0   0   8   0   1   0   0  51   0   0   0   1  38   0  2.55 0.90
   75 T   -6 -7 -6 -7 -7 -7 -7 -8 -8 -7 -7 -7 -7 -8 -7 -5  9 -9 -8 -6    0   0   0   0   0   0   0   0   0   0   0   0   0   0   0   0 100   0   0   0  3.21 1.19
   76 G   -4 -8 -6 -7 -8 -8 -8  8 -8 -10 -10 -7 -9 -9 -8 -4 -7 -8 -9 -9    1   0   0   0   0   0   0  98   0   0   0   0   0   0   0   1   0   0   0   0  2.99 1.03
   77 E   -3 -5 -5  1 -4 -1  8 -3 -6 -9 -9 -4 -6 -7 -7 -4 -5 -9 -8 -8    2   0   0   7   1   2  84   2   0   0   0   0   0   0   0   1   0   0   0   0  2.33 0.93
   78 I   -5 -7 -5 -8 -4 -6 -7 -8 -5  6 -1 -7 -2 -5 -7 -5  1 -4 -6  6    0   0   1   0   0   0   0   0   0  42   4   0   1   0   0   1   8   0   0  44  1.66 0.66
   79 S    0 -7 -3 -6 -5 -6 -6 -4 -5 -8 -8 -6 -7 -8 -5  7 -3 -9 -7 -6    8   0   1   0   0   0   0   1   0   0   0   0   0   0   1  87   1   0   0   0  2.29 0.97
   80 P    5 -6 -6 -6  0 -6 -6  0 -5 -1 -3 -5 -2 -5  5 -3 -1 -5 -4  0   42   0   0   0   2   0   0   7   0   3   2   0   1   0  30   1   3   0   1   7  1.14 0.56
   81 F    2  0 -1  0 -4  1  2  0 -1 -3 -1  1 -1 -4  2  1 -1 -4 -3 -1   17   5   2   6   0   5  15   6   1   1   6   8   2   0   9  10   4   0   0   3  0.21 0.18
   82 A   -2 -7 -5 -8 -7  2 -7 -8 -1 -2 -2 -7 11 -2 -8 -5 -5 -4 -6 -4    4   0   0   0   0   9   0   0   1   2   2   0  75   2   0   1   1   0   0   1  2.88 1.05
   83 L   -3 -7 -8 -9 -4 -7 -8 -9 -8  2  6 -7 -2 -4 -8 -7 -6 -7 -5  1    2   0   0   0   0   0   0   0   0   9  80   0   0   0   0   0   0   0   0   8  1.86 0.73
   84 A    2  2 -3 -3 -4  0 -1 -3 -1 -2 -1  5 -3 -5 -5 -1 -2 -5 -5  0   19   8   1   1   0   4   2   1   1   2   6  39   0   0   0   4   3   0   0   6  0.67 0.39
   85 D   -1 -4  0  6 -6 -2  4 -2 -3 -6 -8 -2 -5 -7 -5  1 -4 -8 -7 -6    4   1   4  44   0   1  26   4   0   0   0   2   0   0   0  12   0   0   0   0  1.28 0.58
   86 L    1 -5 -4 -5  2 -4 -5 -5 -3  3  3 -5  3  2 -5 -2 -2 -1 -1  2   15   0   1   0   4   0   0   0   1  14  30   0   6   9   0   3   2   1   2  12  0.57 0.31
   87 G   -3 -4  0 -2 -5 -3 -3  7 -2 -7 -7 -3 -4 -4 -5 -3 -5 -4 -5 -6    2   1   4   3   0   1   2  78   1   0   1   2   0   1   1   2   0   0   0   0  1.85 0.68
   88 V    2 -7 -7 -8  9 -7 -7 -3 -8  2 -3 -7 -5 -5 -7 -5 -3 -7 -6  4   18   0   0   0  36   0   0   3   0  10   2   0   0   0   0   0   1   0   0  28  1.66 0.66
   89 S   -2  2  0  2 -4  1  2 -2  0 -5 -5  2 -5 -5 -1  2  1 -6 -4 -5    2  13   4  11   0   7  13   3   2   0   0  13   0   0   3  18  10   0   0   0  0.47 0.31
   90 Y   -3 -5 -5 -6 -2 -6 -7 -6  4 -4 -3 -6 -2  2 -8 -5 -4  8  8 -4    2   1   1   0   1   0   0   1   9   1   3   0   1   8   0   1   1  19  51   1  2.17 0.82
   91 V    0 -7 -7 -8  2 -7 -7 -5 -8  0 -4 -7 -4 -5 -7 -3  0 -8 -6  7    9   0   0   0   4   0   0   1   0   3   0   0   0   0   0   2   6   0   0  74  1.80 0.73
   92 I   -6 -8 -9 -9 -6 -8 -7 -9 -8  8  3 -8 -1 -5 -8 -8 -6 -8 -6 -1    0   0   0   0   0   0   0   0   0  69  27   0   1   0   0   0   0   0   0   2  2.14 0.78
   93 I   -3 -7 -7 -8  0 -7 -7 -8 -7  5  4 -7 -3 -4 -7 -5 -2 -7 -6  5    2   0   0   0   2   0   0   0   0  31  31   0   0   0   0   0   2   0   0  31  1.33 0.55
   94 G   -4 -8 -6 -7 -3 -8 -8  8 -8 -10 -10 -7 -9 -9 -8 -6 -7 -8 -9 -9    1   0   0   0   1   0   0  98   0   0   0   0   0   0   0   0   0   0   0   0  2.99 1.03
   95 H   -8 -5 -6 -8 -10 -6 -7 -9 12 -10 -10 -7 -8 -8 -9 -8 -8 -9 -5 -10    0   1   0   0   0   0   0   0  99   0   0   0   0   0   0   0   0   0   0   0  4.55 1.41
   96 S   -4 -7 -5 -6 -7 -6 -6 -6 -7 -6 -9 -6 -8 -5 -7  8 -4 -9 -8 -8    0   0   0   0   0   0   0   0   0   1   0   0   0   1   0  98   0   0   0   0  2.78 1.11
   97 E   -7 -6 -6 -3 -10 -4  8 -8 -6 -10 -9 -5 -8 -10 -7 -6 -7 -9 -8 -9    0   0   0   1   0   0  99   0   0   0   0   0   0   0   0   0   0   0   0   0  3.14 1.16
   98 R   -6  9 -7 -8 -2 -4 -6 -9 -6 -7 -7 -4 -7 -9 -6 -7 -6 -9 -8 -9    0  97   0   0   1   0   0   0   0   0   0   0   0   0   1   0   0   0   0   0  3.25 1.13
   99 R   -8  9 -7 -8 -10 -5 -6 -9 -6 -7 -8 -3 -8 -9 -8 -6 -7 -9 -8 -9    0  99   0   0   0   0   0   0   0   0   0   1   0   0   0   0   0   0   0   0  3.37 1.16
  100 E    1  0 -1 -2 -5  4  1 -3  5 -1 -3  1 -1 -5 -4  0  1 -4 -3 -3   13   6   2   2   0  20   8   2  12   3   2   8   2   0   0   7  10   0   1   2  0.43 0.30
  101 Y   -3 -3 -1 -2 -4 -2 -3 -4  2  3  2 -3  1  1 -6 -5 -4  0  6  0    2   1   4   3   0   2   1   1   5  18  22   1   3   4   0   0   0   1  24   6  0.67 0.35
  102 F   -4 -5 -3 -6 -1 -2 -6 -6  4 -2  1 -6 -1  8 -7 -5 -6 -1  3 -5    2   1   2   0   1   2   0   1  10   2  13   0   1  53   0   0   0   1  10   0  1.64 0.63
  103 H    0 -1  2 -3 -1 -1 -4  5  4 -6 -4  1 -4 -3 -4 -1 -4 -6 -2 -6    7   3   9   1   1   3   1  46   9   0   2   8   0   1   1   5   0   0   1   0  0.88 0.43
  104 E   -7 -6 -5 -1 -10 -3  8 -8 -6 -9 -8 -5 -6 -7 -7 -6 -6 -9 -6 -9    0   0   0   3   0   0  95   0   0   0   0   0   0   0   0   0   0   0   0   0  2.88 1.09
  105 T   -3 -3  0  2 -3 -3 -3 -3 -4 -5 -6 -4 -6 -7 -3  4  6 -8 -7 -5    1   1   4  11   1   1   1   2   0   0   0   1   0   0   1  26  49   0   0   0  1.29 0.64
  106 D   -5 -6  5  7 -5 -5 -2 -5 -3 -7 -8 -5 -8 -9 -5  0 -5 -9 -6 -8    1   0  23  65   0   0   2   1   1   0   0   0   0   0   1   6   0   0   0   0  2.08 0.81
  107 E    2 -2 -1  2 -6  1  6 -3 -1 -4 -4  0 -4 -5 -4  0 -2 -5 -5 -3   16   2   2   9   0   6  44   2   1   1   2   5   0   1   0   5   2   0   0   2  0.81 0.45
  108 D   -2 -2 -3  0 -3  1 -1 -4 -3  2  3 -3  4  2 -5 -2  1 -2 -3  1    3   2   1   7   0   6   5   1   0  10  24   1  10   8   0   3   9   1   0   8  0.29 0.22
  109 I   -3 -7 -7 -8  0 -7 -7 -8 -7  6  0 -7 -3 -4 -7 -5 -3 -7 -6  6    2   0   0   0   2   0   0   0   0  39   9   0   0   0   0   0   1   0   0  45  1.59 0.63
  110 N    4  1  6 -4 -1 -1 -3  0  0 -5 -4 -1 -3 -4 -4 -1 -3 -7 -4 -3   29   8  35   0   1   3   1   7   2   1   1   3   1   1   1   4   1   0   1   2  0.86 0.46
  111 K    2  3 -2  0 -4  2  2 -4 -3 -4 -1  4 -1 -5 -4 -2 -3 -3 -5 -4   15  14   1   5   0  10  11   1   1   1   7  28   1   0   0   2   1   0   0   1  0.58 0.35
  112 K   -6  0 -6 -5 -9 -2 -5 -7 -6 -8 -8  8 -7 -9 -7 -5 -5 -9 -8 -8    0   5   0   0   0   1   0   0   0   0   0  93   0   0   0   0   0   0   0   0  2.82 1.03
  113 A    1 -5 -5 -6 -1 -5 -5 -6 -6  3  2 -5  0  1 -5 -3  2 -4 -2  5   13   0   0   0   1   0   0   0   0  14  16   0   2   5   0   1  11   0   1  35  0.76 0.38
  114 H    1  2 -1 -2 -2  1  0 -3  2 -1 -1  4 -3 -4 -4 -1 -1 -4 -4 -2   15  11   2   2   1   5   7   2   5   4   8  29   0   1   0   4   3   0   0   3  0.40 0.27
  115 A    5  1 -2 -4 -3  0 -4 -3  1 -1 -2  0 -1 -1 -5 -1 -1 -4  0 -2   48   8   2   0   0   5   0   1   3   3   5   7   1   2   0   4   4   0   4   3  0.61 0.38
  116 I    6 -6 -6 -7  3 -5 -6 -3 -6 -1 -1 -6 -5 -6 -6 -1 -2 -7 -6  2   65   0   0   0   5   0   0   1   0   3   6   0   0   0   0   3   2   0   0  14  1.38 0.63
  117 F   -4 -3 -5 -7 -3  0 -5 -7 -1  3  5 -4  0  1 -6 -5 -3  0 -2  1    1   1   0   0   0   5   0   0   2  12  57   1   1   6   0   1   1   1   1   7  0.99 0.46
  118 K    2  2  0  2 -5  1  3 -3 -1 -5 -4  3 -4 -5 -4  1 -2 -6 -4 -4   18  10   4  12   0   4  18   2   1   0   1  16   0   0   0  11   2   0   0   0  0.51 0.32
  119 H    3 -3  3 -2  0  1  0 -1  4 -4 -3 -1 -3 -2 -4  1 -1  0  1 -2   26   1  15   1   2   5   6   3  12   0   2   4   0   2   0   9   3   1   4   2  0.43 0.30
  120 G   -3 -2  2  1 -4 -2 -1  6 -3 -7 -7  0 -7 -7 -5 -2 -5 -7 -6 -7    1   2   9   8   0   2   4  63   1   0   0   5   0   0   0   2   0   0   0   0  1.41 0.59
  121 M   -5 -6 -7 -8 -5 -6 -7 -8 -7  3  6 -7  4 -1 -7 -7 -5 -6 -5 -1    1   0   0   0   0   0   0   0   0  14  68   0  10   2   0   0   0   0   0   4  1.62 0.63
  122 T   -2  1  0 -2 -4  0 -2 -2 -1  2 -2  3  0 -4 -4  0  4 -3 -3  0    3   7   4   2   0   4   1   3   2  11   3  18   2   0   0   6  26   0   0   8  0.38 0.27
  123 P   -1 -7 -7 -7 -3 -6 -6 -6 -7 -1 -5 -6 -6 -7  8 -4 -3 -8 -7  3    6   0   0   0   1   0   0   1   0   3   1   0   0   0  63   1   2   0   0  22  2.03 0.80
  124 I   -5 -8 -8 -8 -4 -7 -8 -8 -8  8 -2 -7  1 -4 -8 -7 -4 -7 -5  3    0   0   0   0   0   0   0   0   0  71   3   0   3   1   0   0   1   0   0  20  2.15 0.77
  125 I   -1 -6 -7 -7 -3 -6 -6 -6 -6  2  4 -6  0  3 -6 -6 -4 -4  1  3    6   0   0   0   0   0   0   0   0  11  44   0   1  13   0   0   0   0   4  19  1.00 0.44
  126 C   -3 -9 -9 -6 12 -9 -9 -9 -9 -8 -8 -9 -8 -9 -9 -7 -7 -9 -9 -7    3   0   0   1  96   0   0   0   0   0   0   0   0   0   0   0   0   0   0   0  4.56 1.34
  127 C   -5 -7 -8 -8  4 -7 -7 -8 -8  5 -2 -7 -2 -2 -7 -6 -4 -7 -4  6    0   0   0   0   8   0   0   0   0  30   3   0   1   2   0   0   1   0   0  56  1.78 0.68
  128 G   -5 -8 -6 -2 -8 -7 -7  8 -7 -9 -9 -7 -8 -8 -7 -6 -7 -8 -8 -8    0   0   0   2   0   0   0  96   0   0   0   0   0   0   0   0   0   0   0   0  2.85 0.98
  129 E   -7 -6 -6 -3 -9 -4  8 -8 -6 -9 -8 -5 -8 -9 -7 -6 -7 -8 -8 -8    0   0   0   1   0   0  98   0   0   0   0   0   0   0   0   0   0   0   0   0  3.01 1.10
  130 T   -3 -3  0 -2 -5 -2 -3 -5 -2 -5 -2  0 -4 -6 -2  2  7 -7 -5 -3    1   1   4   2   0   1   1   1   1   0   3   6   0   0   2  16  56   0   0   1  1.20 0.59
  131 L   -1 -2 -5 -3 -5  0  1 -5 -3 -1  5  0  1 -2 -5 -4 -4 -2 -2 -2    6   2   0   2   0   4   9   1   0   3  57   6   3   2   0   1   0   1   1   2  0.80 0.41
  132 D    2 -2 -1  2 -6  2  5 -2 -2 -4 -4 -1 -5 -5 -3  0 -3 -4 -5 -4   15   2   2  12   0   8  41   3   1   1   1   3   0   0   1   7   1   0   0   1  0.77 0.42
  133 Q   -3 -4 -4  1 -8  5  7 -6 -3 -3 -5 -3 -4 -8 -6 -4 -2 -7 -7 -2    2   0   0   7   0  22  57   0   0   2   1   0   0   0   0   1   2   0   0   3  1.56 0.70
  134 R   -6  8 -2 -6 -8 -4 -4 -6  0 -8 -6  0 -5 -3 -7 -6 -6 -7  1 -7    0  81   2   0   0   0   1   1   2   0   1   6   0   1   0   0   0   0   5   0  2.39 0.88
  135 E   -2  0  1  2 -7  2  6 -5 -4 -5 -5  2 -5 -7 -5 -2 -3 -4 -6 -5    4   4   6   9   0   9  50   0   0   1   1  12   0   0   0   2   1   0   0   1  1.12 0.54
  136 A    4 -1  1 -1 -3  2  1 -1 -2 -4 -3  0 -3 -3 -4  2  0 -6 -5 -4   33   3   7   4   0   8   8   5   1   0   3   5   0   1   0  18   4   0   0   0  0.48 0.33
  137 G   -3 -4  3 -1 -5 -2 -2  7 -1 -8 -7 -1 -7 -5 -7 -3 -5 -7 -7 -7    1   1  12   4   0   2   2  70   1   0   0   4   0   1   0   2   0   0   0   0  1.69 0.67
  138 Q   -2  2  0 -1 -5  3  2 -3  0 -1 -1  4  0 -4 -4 -1 -1 -5 -4 -1    2  12   5   4   0  14  12   1   2   4   7  23   2   1   0   4   3   0   0   4  0.40 0.28
  139 T    2 -4 -4 -3 -4 -2 -2 -5  3 -2 -4 -3 -1 -3 -5 -1  7 -3 -1 -2   14   1   0   1   0   2   3   1   6   2   2   2   2   1   0   3  56   0   2   3  1.13 0.58
  140 D   -1  0  0  0 -3  0  3 -2 -1  0  0  1  1  3 -3 -1 -1  0 -1 -1    6   4   5   6   0   3  19   2   2   5  10   9   4  13   0   2   2   1   1   4  0.16 0.16
  141 T    1 -1  0  3 -4  2  4 -4  0 -4 -3  1 -3 -4 -3  1 -1 -4 -2 -3   13   3   5  14   0   8  27   1   2   1   2   7   0   1   1   8   3   0   1   1  0.47 0.31
  142 W   -2 -2 -7 -6 -4 -5 -5 -6 -2  2 -3 -2 -3  1 -5 -6 -2  2  0  7    2   2   0   0   0   0   0   0   1   9   1   3   0   5   1   0   2   2   4  65  1.38 0.60
  143 V   -5 -7 -2 -7  2 -6 -7 -7 -7  5  3 -7 -2 -5 -6 -5 -3 -7 -5  5    0   0   2   0   4   0   0   0   0  26  24   0   0   0   0   1   1   0   0  41  1.31 0.54
  144 R    0  1 -1  0 -1  0  3 -1 -1 -2 -1  2 -2  0 -3  1  1 -3 -2 -1   10   8   2   4   1   3  18   5   1   2   6  12   1   4   0   9   8   0   1   4  0.16 0.15
  145 G    1  4  1  1 -5  1  1  0 -1 -3 -4  1 -2 -3 -4  0  0 -4 -2 -4   11  26   7   6   0   5  10   6   1   1   1   8   1   1   0   8   5   0   1   1  0.40 0.27
  146 Q   -6 -5 -6 -6 -9  9 -2 -7 -1 -9 -8 -4 -5 -9 -6 -6 -7 -8 -7 -8    0   0   0   0   0  94   2   0   1   0   0   0   0   0   0   0   0   0   0   0  3.30 1.22
  147 I   -5 -7 -7 -8 -4 -6 -7 -8 -5  4  5 -7  1 -3 -7 -6 -2 -6 -5  3    0   0   0   0   0   0   0   0   0  18  57   0   3   1   0   0   3   0   0  18  1.36 0.56
  148 R    0  3 -1  1 -3  1  2 -2  0 -2 -1  3 -1 -3 -4  0  0 -4 -3 -2    6  16   3   9   0   7  12   3   2   2   6  16   1   1   0   7   5   0   0   2  0.27 0.20
  149 A    3 -1  0 -1 -4  0  2  1 -1 -2 -2  1 -2 -4 -1  1 -1 -4 -4 -2   30   3   5   2   0   3  13  10   1   2   3   9   1   0   2  10   3   0   0   2  0.32 0.24
  150 A    3 -5 -3 -1  2 -4 -4  3 -5  1 -2 -4 -3 -3 -5  1 -2 -6 -3  2   26   0   1   4   4   0   0  20   0   8   4   0   0   1   0  12   1   0   1  17  0.54 0.34
  151 L   -1 -4 -6 -7 -4 -5 -6 -6 -5  2  6 -4  0  2 -6 -5 -3 -4 -3  0    6   1   0   0   0   0   0   0   0   9  64   1   1   7   0   1   1   0   1   5  1.16 0.51
  152 A    2  0  0  2 -4  1  2 -2 -1 -4 -3  2 -2 -1  1  1 -1 -4 -2 -2   16   4   3  12   0   5  14   2   1   0   1  13   1   4   6  10   3   0   1   3  0.25 0.21
  153 G    0 -1  1  2 -3 -1  0  5  1 -3 -2  0 -3 -3 -3 -1 -2 -4 -3 -2    6   3   7  10   0   2   6  38   3   1   4   6   1   1   1   4   2   0   1   4  0.47 0.26
  154 L   -1 -4 -4 -5  0 -3 -4 -4 -5  4  3 -4  0  0 -5 -3 -3 -3 -3  4    4   1   1   0   2   1   1   1   0  24  30   1   1   4   0   2   1   0   0  25  0.77 0.35
  155 T   -1 -1 -1  2 -2 -1  0  0 -1 -3 -3  1 -3 -3  2  3  2 -3 -3 -3    5   2   2  11   1   2   6   8   1   1   2  10   0   1  10  24  11   0   1   1  0.32 0.23
  156 E    2  0 -1  0 -2  0  1  0 -2 -1 -1  1 -1 -2  2  0 -1 -3 -2  0   18   4   3   5   1   3   9   7   1   4   5  11   1   2  10   6   3   0   1   6  0.11 0.11
  157 E    1 -2  1  3 -4  0  3  0 -1 -2 -3  0 -2 -3 -1  1  0  0 -3 -2   12   2   5  17   0   4  21   6   1   3   2   5   1   1   2   9   4   2   0   2  0.30 0.20
  158 Q    0 -1  0  4 -3  3  3 -2  0 -5 -3 -1 -3 -2 -2  0 -1 -4 -3 -3    7   3   5  25   1  15  16   3   2   0   3   4   0   2   1   5   4   0   1   1  0.49 0.30
  159 V    1 -3 -3 -4 -3 -3 -3 -2 -3  2  2 -3  3  2  0 -3 -2  6 -1  1   11   1   1   1   0   1   2   3   1  12  19   1   6   9   4   2   1  13   1  10  0.48 0.25
  160 I    2  0  0  1 -2  1  1  0 -2 -4 -2  2 -3 -4 -1  2  0 -4 -2 -2   15   5   4   6   1   5  11   5   1   1   3  12   0   0   2  18   6   0   1   2  0.23 0.19
  161 K   -2  3  5  0 -4  1  0 -1  0 -5 -5  3 -4 -5 -2  0 -1 -6 -3 -4    2  16  23   6   0   6   6   5   2   0   1  18   0   0   2   8   3   0   1   1  0.59 0.33
  162 S   -1 -6 -6 -6  1 -5 -6 -4 -6  4  3 -6  1  0 -5 -3  0 -2 -4  4    5   0   0   0   3   0   0   1   0  26  26   0   3   4   0   1   5   1   0  23  0.80 0.38
  163 V   -2 -7 -6 -5 -4 -5 -6 -7 -5  5 -2 -6  0 -4 -6 -3  0 -3 -2  6    3   0   0   1   0   0   0   0   0  27   2   0   2   0   0   2   5   0   1  54  1.40 0.59
  164 I   -6 -8 -8 -8 -5 -7 -5 -8 -8  7  1 -7 -3 -1 -7 -7 -5 -5 -5  4    0   0   0   0   0   0   1   0   0  59  13   0   0   2   0   0   0   0   0  23  1.76 0.67
  165 A    7 -7 -7 -7 -6 -6 -6 -4 -7 -7 -7 -6 -5 -8 -6 -3 -5 -8 -7 -4   95   0   0   0   0   0   0   1   0   0   0   0   0   0   0   1   0   0   0   1  2.49 0.96
  166 Y   -8 -8 -8 -9 -9 -8 -8 -9 -5 -8 -7 -8 -7 -3 -9 -8 -8 -4 11 -7    0   0   0   0   0   0   0   0   0   0   0   0   0   0   0   0   0   0  99   0  4.06 1.32
  167 E   -7 -6 -6 -4 -9 -4  8 -8 -6 -9 -9 -5 -8 -9 -7 -6 -7 -9 -8 -8    0   0   0   0   0   0  98   0   0   0   0   0   0   0   0   0   0   0   0   0  3.07 1.14
  168 P   -7 -9 -9 -8 -9 -8 -8 -9 -9 -9 -9 -7 -9 -10  9 -7 -8 -10 -10 -9    0   0   0   0   0   0   0   0   0   0   0   0   0   0 100   0   0   0   0   0  3.76 1.29
  169 I   -6 -6 -8 -8 -6 -7 -8 -9 -8  4 -2 -8 -3 -6 -8 -4 -3 -8 -6  7    0   0   0   0   0   0   0   0   0  23   3   0   0   0   0   1   1   0   0  71  2.08 0.79
  170 W   -7 -8 -11 -12 -10 -9 -10 -8 -10 -10 -9 -10 -9 -6 -11 -10 -10 13 -5 -10    1   0   0   0   0   0   0   0   0   0   0   0   0   0   0   0   0  99   0   0  5.51 1.63
  171 A    8 -7 -7 -8 -6 -7 -7 -6 -7 -7 -7 -7 -7 -8 -7 -3 -6 -8 -8 -4   97   0   0   0   0   0   0   0   0   0   0   0   0   0   0   1   0   0   0   1  2.64 1.01
  172 I   -7 -9 -9 -9 -7 -9 -9 -10 -9  9 -4 -9 -5 -6 -9 -8 -7 -9 -7 -1    0   0   0   0   0   0   0   0   0  98   0   0   0   0   0   0   0   0   0   2  3.17 1.05
  173 G   -6 -8 -6 -7 -8 -8 -8  8 -8 -10 -10 -7 -9 -9 -8 -2 -7 -8 -9 -7    0   0   0   0   0   0   0  97   0   0   0   0   0   0   0   3   0   0   0   0  2.91 1.01
  174 T   -4 -6 -5 -7 -7 -6 -5 -6 -8 -7 -7 -5 -5 -8 -7  0  8 -8 -8 -5    1   0   0   0   0   0   1   0   0   0   0   0   0   0   0   7  89   0   0   1  2.64 1.04
  175 G   -6 -8 -3 -4 -8 -8 -8  8 -4 -8 -10 -6 -9 -9 -7 -6 -6 -8 -9 -9    0   0   1   1   0   0   0  96   0   0   0   0   0   0   0   0   0   0   0   0  2.86 1.00
  176 K   -4  3 -1 -2 -4  2  1 -6  1 -1  0  5 -2 -6 -5 -4 -3 -6 -5  1    1  13   2   2   0   8   7   0   3   3  10  39   1   0   0   0   1   0   0   9  0.74 0.41
  177 S    1 -5  2 -5 -5 -4 -5 -4 -1 -2 -5 -4 -4 -4 -1  1  5 -7 -5  3   12   0   9   0   0   0   0   1   1   1   0   0   0   0   4   9  40   0   0  21  0.94 0.52
  178 S    7 -7 -7 -4  4 -6 -6 -5 -7 -5 -7 -6 -3 -8  1 -3 -5 -8 -6 -4   82   0   0   1   7   0   0   0   0   1   0   0   1   0   7   1   0   0   0   1  2.05 0.85
  179 T   -3 -3 -1 -1 -6 -3 -2 -3 -4 -6 -5 -3 -6 -7 -4  4  6 -7 -4 -5    1   1   3   3   0   1   3   2   0   0   1   2   0   0   0  30  52   0   1   0  1.40 0.68
  180 S    2 -6 -4 -4 -5 -5 -3 -3 -7 -3 -2 -3 -5 -5  7  0 -2 -8 -6 -2   14   0   1   1   0   0   1   2   0   2   4   2   0   1  59   8   3   0   0   3  1.56 0.68
  181 A    1 -4 -1  4 -7  2  6 -3 -3 -5 -6 -1 -5 -6 -3 -1 -3 -5 -5 -4   12   0   3  19   0   9  43   2   0   0   1   3   0   0   1   4   1   0   0   1  1.01 0.51
  182 D   -4 -4 -3  4 -8  7  2 -6 -2 -1 -4 -3 -1 -7 -6 -4 -3 -7 -3 -5    1   0   1  23   0  48  13   0   1   4   2   1   1   0   0   1   2   0   1   1  1.50 0.70
  183 A    7 -7 -7 -7 -6 -6 -6 -5 -7  2 -5 -6 -6 -7 -6 -4 -4 -8 -7  1   78   0   0   0   0   0   0   0   0  11   1   0   0   0   0   0   1   0   0   9  1.89 0.79
  184 N    0 -2  1 -2 -7  7  3 -4 -4 -6 -3 -2 -2 -4 -6 -2 -3 -5 -5 -3    7   2   7   2   0  48  19   1   0   0   3   2   1   1   0   2   2   0   0   2  1.24 0.62
  185 E    0 -1 -1  2 -6  1  6 -4 -2 -6 -5  0 -5 -6 -5  0 -2 -5 -6 -4    9   4   2   9   0   4  54   1   1   0   1   4   0   0   0   6   3   0   0   1  1.09 0.54
  186 T    2 -6 -6 -7 -4 -6 -5 -3 -7  1 -3 -6  6 -5 -6 -3  1 -7 -6  5   18   0   0   0   0   0   1   2   0   8   0   0  18   0   0   2   8   0   0  43  1.21 0.57
  187 C    0 -4 -4 -7  5 -3 -6 -7 10  0 -4 -5 -1 -5 -7 -3 -5 -8 -4 -4    8   1   0   0  10   1   0   0  66   6   2   0   1   0   0   2   0   0   0   2  2.54 0.91
  188 A    4  1 -1 -1 -4  1  0  0  1 -2 -1  1 -1 -3 -4  1 -1 -5 -3 -2   33   7   2   2   0   6   4   7   4   1   6  10   1   1   0   8   3   0   1   2  0.32 0.25
  189 V    1 -3 -4 -2 -2 -1 -1 -3  2 -1  1 -3  1  6 -5 -2 -2  2  3  0   12   1   1   2   1   3   4   2   5   3  12   2   4  29   0   3   3   2   8   5  0.50 0.29
  190 I   -5 -8 -8 -8  0 -8 -8 -9 -8  8  1 -8 -2 -5 -8 -6 -5 -8 -6  1    1   0   0   0   2   0   0   0   0  78  11   0   1   0   0   1   0   0   0   6  2.26 0.80
  191 R   -5  9 -4 -6 -7 -3 -4 -8 -2 -8 -7  1 -7 -7 -8 -6 -6 -4 -7 -7    1  87   1   0   0   1   1   0   1   0   0   7   0   0   0   0   0   0   0   0  2.74 0.99
  192 A    0  1  2  1 -4  2  2  0 -1 -5 -4  3 -3 -5 -4  2 -2 -6 -4 -4    9   6   8   7   0  10  15   7   1   0   1  18   0   0   0  14   2   0   0   0  0.44 0.29
  193 E   -2  0 -3 -4 -1  0 -1 -4  1  1  1 -1  0  1 -5 -2  1  7  0  1    3   5   1   1   1   4   5   0   3   8  16   4   2   5   0   2  10  16   3  10  0.43 0.25
  194 V   -4 -7 -7 -8 -3 -6 -7 -8 -7  4  5 -7  0  0 -7 -6 -5 -3 -5  2    1   0   0   0   1   0   0   0   0  20  57   0   2   3   0   0   0   0   0  13  1.37 0.56
  195 A    3  1 -2 -2 -2 -1  0  1 -1 -1 -2  1 -3 -3 -3  1  0 -3 -2 -1   30   8   1   2   1   2   6   9   2   3   3  10   0   1   1  11   7   0   1   3  0.28 0.22
  196 D    0  0  1  3 -4  1  4 -1 -2 -5 -4  2 -3 -5 -4  1 -1 -5 -4 -4    8   5   6  15   0   7  25   4   1   0   2  14   0   0   0   9   4   0   0   1  0.51 0.30
  197 A   -1  1  2 -3 -2  0 -1 -3  0  1  2  1  3 -2 -3 -1 -1 -3 -2 -1    4   9   9   1   1   5   3   1   2  10  21  11   8   1   1   4   4   0   1   3  0.21 0.18
  198 V   -1 -3 -4 -4  0 -3 -4 -3 -1 -1  0 -3 -1  5 -4 -2 -2  2  6  1    4   2   1   1   2   1   1   3   1   4   9   2   1  22   1   2   2   3  28  11  0.81 0.35
  199 S   -2 -4  1  2 -3 -3 -3  5 -4 -5 -5 -2 -4 -5 -1  3 -2 -3 -4 -5    3   1   6  13   0   1   2  40   0   0   1   2   0   1   4  23   3   0   1   1  0.87 0.42
  200 Q    2  0  0  1 -3  1  2 -1 -1 -3 -3  2 -3 -2  2  0 -1 -3 -2 -2   15   5   4   8   0   6  13   5   1   1   3  11   0   1  11   8   2   0   1   2  0.23 0.17
  201 K    0 -1  0  3 -3  1  3  0 -1 -4 -4  1 -3 -3 -1  0 -1 -5 -3 -2    9   3   5  15   0   6  24   6   1   1   2   9   0   1   2   8   4   0   1   3  0.35 0.23
  202 A    1 -2 -2 -2 -2 -2 -3 -2 -2  2  0 -3 -1  0 -3 -1  1 -4 -2  4   14   2   2   2   1   1   2   3   1  13  10   1   1   3   1   4   9   0   1  28  0.32 0.20
  203 A    6 -5 -4 -4 -4 -4 -4  1 -5 -4 -4 -4 -5 -4 -3  2 -3 -6 -5 -2   65   0   0   1   0   1   1  10   0   1   1   1   0   1   1  12   1   0   0   3  1.30 0.59
  204 D    0  0  2  4 -5  2  4 -2 -1 -4 -5  0 -3 -4 -3  1 -2 -5 -4 -4    8   5   8  21   0   8  25   3   1   1   1   5   0   1   1   8   2   0   0   1  0.58 0.33
  205 A    1  1  2  0 -3  2  1 -1  0 -4 -4  3 -2 -5 -3  2  0 -5 -4 -4   12   7  10   5   0   8   8   5   2   1   1  18   1   0   0  16   4   0   0   1  0.38 0.26
  206 V   -3 -6 -6 -6  0 -6 -6 -7 -6  5  1 -5  3 -3 -4 -4  3 -6 -4  4    2   0   0   0   2   0   0   0   0  26  13   0   6   1   1   1  18   0   0  29  1.00 0.47
  207 R   -3  7 -5 -6 -5 -1 -5 -6 -2 -2 -5 -1 -4 -6  4  0 -2 -7 -4 -4    2  59   0   0   0   3   0   0   1   2   1   3   0   0  17   6   3   0   0   1  1.60 0.71
  208 I   -6 -8 -9 -9 -3 -8 -8 -9 -9  8  0 -8 -2 -5 -8 -8 -5 -8 -7  3    0   0   0   0   0   0   0   0   0  76   8   0   1   0   0   0   0   0   0  14  2.33 0.84
  209 Q   -6 -6 -8 -8 -4  3 -6 -8 -7  3  6 -6 -2 -5 -8 -7 -5 -7 -6 -1    0   0   0   0   0  13   0   0   0  16  67   0   0   0   0   0   0   0   0   3  1.61 0.67
  210 Y   -8 -8 -9 -10 -9 -8 -9 -10 -5 -8 -8 -9 -8 -2 -10 -8 -8 -4 11 -8    0   0   0   0   0   0   0   0   0   0   0   0   0   1   0   0   0   0  99   0  4.11 1.34
  211 G   -6 -8 -6 -7 -9 -8 -8  8 -8 -10 -10 -8 -9 -9 -8 -6 -6 -9 -9 -9    0   0   0   0   0   0   0 100   0   0   0   0   0   0   0   0   0   0   0   0  3.07 1.05
  212 G   -5 -8 -6 -7 -9 -8 -8  8 -8 -10 -10 -8 -9 -9 -8 -6 -8 -9 -9 -9    1   0   0   0   0   0   0  99   0   0   0   0   0   0   0   0   0   0   0   0  3.06 1.05
  213 S   -4 -7 -5 -6 -7 -6 -6 -5 -7 -9 -9 -6 -8 -9 -7  8 -5 -9 -8 -8    0   0   0   0   0   0   0   0   0   0   0   0   0   0   0  99   0   0   0   0  2.89 1.14
  214 V   -3 -8 -8 -9  1 -8 -8 -9 -9  0 -2 -8  2 -6 -8 -6 -5 -8 -7  8    2   0   0   0   3   0   0   0   0   3   3   0   5   0   0   0   0   0   0  84  2.28 0.85
  215 K   -4 -3  5  0 -7 -3 -4 -5 -3 -7 -7  6 -6 -8 -6 -1  2 -8 -7 -6    1   1  29   4   0   0   0   0   0   0   0  45   0   0   0   5  14   0   0   0  1.48 0.67
  216 P    3 -4 -5 -2 -5 -3  0  0 -5 -5 -6 -3 -5 -7  7  1 -4 -8 -7 -3   22   1   0   3   0   1   5   7   0   1   1   1   0   0  44  11   1   0   0   2  1.24 0.59
  217 E    1 -2  1  4 -6  0  3  1 -2 -5 -5  1 -5 -6 -5  1 -1 -6 -5 -4   13   1   5  22   0   4  19   9   1   0   0   9   0   0   0  12   3   0   0   1  0.58 0.35
  218 N   -7 -6  9 -4 -9 -6 -6 -6 -5 -7 -9 -5 -8 -9 -8 -2 -2 -10 -8 -7    0   0  92   0   0   0   0   0   0   0   0   0   0   0   0   3   3   0   0   0  3.10 1.11
  219 I    5 -6 -6 -7  5 -6 -6 -5 -7  3 -4 -6 -2 -2 -6  0 -3 -5 -5  1   52   0   0   0  11   0   0   0   0  17   1   0   1   2   0   5   1   0   0  10  1.25 0.58
  220 A    3  1 -1  0 -4  0  1  0 -1 -4 -3  3 -3 -3 -2  0 -2 -5 -2 -2   29   6   2   6   0   3   8   7   2   1   2  18   0   1   2   7   1   0   1   3  0.36 0.26
  221 D    1 -3 -1  3 -6  0  5  0 -4 -5 -5 -2 -4 -6 -5  1 -2 -5 -5 -4   12   1   2  13   0   4  43   8   0   1   1   2   0   0   0   9   2   0   0   1  0.85 0.47
  222 Y   -6 -7 -8 -8 -6 -6 -8 -8 -5  3  5 -7 -2  4 -8 -6 -6 -5  3 -3    0   0   0   0   0   0   0   0   0  15  60   0   0  15   0   0   0   0   9   1  1.55 0.63
  223 L    1 -5 -6 -7 -2 -5 -6 -3 -6  2  3 -5  5  5 -6 -2 -3 -3 -3  0   11   0   0   0   1   0   0   2   0  11  27   0  16  21   0   3   1   0   0   4  0.85 0.42
  224 A    3  0  0 -1 -3  0  0  0 -1 -4 -3  2 -2 -4 -4  3 -1 -6 -3 -2   29   4   4   3   0   5   5   7   2   1   2  12   1   0   0  19   3   0   1   2  0.40 0.29
  225 E   -2 -2 -3 -3  2  6  1 -4 -2  0 -1  2  4 -5 -5 -3 -2 -6 -3 -1    3   2   1   1   5  37   9   1   1   6   7  10  10   0   0   2   2   0   1   4  0.79 0.46
  226 S    1 -3  0  0 -6 -1  2 -2 -2 -6 -5  1 -6 -7  6  0 -2 -7 -6 -5   11   1   4   6   0   3  12   2   1   0   1   8   0   0  42   6   2   0   0   1  1.02 0.51
  227 D   -3 -5  4  7 -6 -3  1  0  1 -7 -5 -4 -6 -6 -6 -3 -5 -8 -5 -6    3   0  16  55   0   1   9   7   3   0   1   1   0   0   0   2   0   0   0   0  1.49 0.64
  228 I   -5 -8 -8 -8 -4 -7 -8 -9 -8  7 -2 -8  0 -4 -8 -7 -5 -8 -6  5    0   0   0   0   0   0   0   0   0  56   2   0   2   1   0   0   0   0   0  38  2.03 0.75
  229 D   -4 -6  2  8 -9 -3 -3 -4 -3 -9 -9 -5 -8 -9 -7 -2 -6 -10 -8 -9    1   0   8  83   0   1   1   2   1   0   0   0   0   0   0   3   0   0   0   0  2.53 0.93
  230 G   -6 -8 -6 -7 -8 -8 -8  8 -8 -9 -9 -7 -8 -9 -8 -6 -7 -8 -9 -9    0   0   0   0   0   0   0  99   0   0   0   0   0   0   0   0   0   0   0   0  3.04 1.03
  231 A    4 -6 -6 -6 -1 -6 -6  3 -6 -4  0 -6 -3  5 -6 -4 -4 -5 -4  2   32   0   0   0   1   0   0  21   0   0  11   0   0  20   0   0   0   0   0  14  0.90 0.47
  232 L   -7 -7 -9 -9 -7 -7 -8 -9 -8 -3  7 -8 -3 -3 -8 -8 -7 -7 -6 -4    0   0   0   0   0   0   0   0   0   1  97   0   0   1   0   0   0   0   0   1  2.45 0.89
  233 V   -4 -8 -8 -8 -6 -7 -8 -8 -8  5 -3 -7 -4 -5 -6 -7 -5 -8 -6  7    1   0   0   0   0   0   0   0   0  24   2   0   0   0   0   0   0   0   0  73  2.15 0.79
  234 G   -5 -8 -6 -7 -8 -7 -8  8 -8 -9 -9 -7 -8 -9 -8 -5 -7 -8 -9 -9    0   0   0   0   0   0   0  99   0   0   0   0   0   0   0   0   0   0   0   0  2.97 1.00
  235 G   -2 -2 -3 -5 -7 -5 -7  7 -5 -8 -8 -4 -7 -8 -7 -2 -2 -8 -8 -7    2   3   1   1   0   0   0  85   0   0   0   1   0   0   0   3   3   0   0   0  2.20 0.80
  236 A    7 -7 -7 -5 -3 -5 -5 -4 -7 -7 -7 -5 -6 -8 -6 -1 -5 -8 -7 -5   92   0   0   1   1   0   1   1   0   0   0   0   0   0   0   4   0   0   0   1  2.35 0.92
  237 S    0 -6 -5 -6 -2 -6 -6 -4 -7 -8 -8 -6 -7 -8 -6  8 -4 -9 -7 -7    7   0   0   0   1   0   0   1   0   0   0   0   0   0   0  91   0   0   0   0  2.47 0.99
  238 L   -7 -7 -9 -9 -5 -6 -8 -9 -8 -2  7 -6 -2 -5 -8 -8 -5  0 -6 -3    0   0   0   0   0   0   0   0   0   1  95   1   0   0   0   0   0   1   0   1  2.32 0.85
  239 E   -4 -2  2  5 -7  0  1 -5 -2 -3 -5  5 -5 -6 -5 -1 -2 -7 -6 -2    1   1   9  27   0   4   7   0   1   2   1  37   0   0   0   4   2   0   0   4  0.98 0.48
  240 P    4 -5 -5 -5 -2 -4 -3 -2 -4 -1 -3 -3 -4 -3  5  0 -2 -6 -4  1   38   0   0   0   1   0   1   3   0   4   2   1   0   1  26   7   2   0   1  11  0.90 0.47
  241 A    0 -2  0  4 -5  1  5 -2 -2 -5 -5  1 -3 -5 -3  0 -2 -5 -5 -3    9   1   5  20   0   5  35   3   1   0   1   9   1   0   1   6   2   0   0   2  0.72 0.39
  242 S   -1 -2 -1  3 -5  0  3 -2 -1 -4 -4  1 -4 -5 -3  4  0 -5 -4 -3    4   2   2  18   0   4  20   2   1   1   1   9   0   0   1  27   5   0   0   1  0.60 0.34
  243 F   -8 -9 -9 -10 -8 -9 -9 -9 -7 -5 -4 -9 -3 10 -10 -8 -8 -2 -1 -6    0   0   0   0   0   0   0   0   0   0   1   0   1  96   0   0   0   1   1   0  3.55 1.12
  244 L    2 -3 -2 -4  0 -2 -2 -1 -2  2  2 -2  1 -2 -4  0  0 -1 -2  2   19   1   1   0   2   1   2   4   1  12  22   2   2   1   0   8   4   1   1  14  0.26 0.20
  245 A    2  1 -1  1 -5  2  2  0 -3 -4 -5  3 -3 -6 -1  1  0 -6 -5 -4   17   8   3   9   0   9  12   6   0   1   0  17   0   0   2  10   5   0   0   1  0.40 0.27
  246 L   -6 -8 -8 -8 -5 -8 -8 -8 -8  8  2 -8  2 -5 -8 -8 -6 -8 -6 -1    0   0   0   0   0   0   0   0   0  79  14   0   4   0   0   0   0   0   0   2  2.32 0.81
  247 L    0 -7 -7 -7  6 -6 -7 -6 -7  6  0 -7 -2 -4 -7 -5 -4 -6 -1  4    8   0   0   0  13   0   0   0   0  38   8   0   1   0   0   0   0   0   3  29  1.32 0.53
  248 E   -1  3  4  1 -6  2  3 -4  0 -5 -5  3 -3 -6 -5 -1 -2 -4 -5 -5    5  15  22   6   0   8  15   1   2   0   1  18   0   0   0   4   2   0   0   0  0.71 0.38
  249 A    5 -3 -1 -5 -1 -2 -3 -2 -3  1 -4 -2 -4 -5 -5  3  0 -6 -4 -1   50   1   3   0   1   1   1   2   0   9   1   2   0   0   0  20   4   0   0   4  0.84 0.45
  250 V    5 -2 -5 -6 -2 -4 -5 -3 -5  1  0 -4  0 -2 -4 -2 -2 -2 -1  3   49   2   0   0   1   0   0   1   0   7  10   0   3   1   0   1   1   1   2  21  0.78 0.40
  251 K   -4  4 -3 -3 -6  4  4 -5 -3 -6 -5  5 -4 -6 -4 -3 -4 -6 -5 -5    0  20   0   0   0  18  23   0   0   0   0  39   0   0   0   0   0   0   0   0  1.21 0.44

                      K         Lambda
Standard Ungapped    0.1303     0.3149
Standard Gapped      0.0410     0.2670
PSI Ungapped         0.2296     0.3176
PSI Gapped           0.0703     0.2670
