
Last position-specific scoring matrix computed, weighted observed percentages rounded down, information per position, and relative weight of gapless real matches to pseudocounts
           A  R  N  D  C  Q  E  G  H  I  L  K  M  F  P  S  T  W  Y  V   A   R   N   D   C   Q   E   G   H   I   L   K   M   F   P   S   T   W   Y   V
    1 M   -6 -6 -7 -8 -6 -5 -7 -7 -6 -3 -2 -6 11 -5 -7 -6 -5 -6 -6 -4    0   0   0   0   0   0   0   0   0   0   0   0 100   0   0   0   0   0   0   0  3.74 1.11
    2 A    4 -2 -2 -4 -3 -2 -2 -2 -4 -1 -3 -1 -3 -5  1  3  1 -5 -4 -1   46   2   2   0   0   0   1   1   0   3   2   3   0   0   6  22   9   0   0   3  0.64 0.38
    3 F   -2 -2 -2 -3 -3 -1 -1 -4 -1  3 -1  0  2  2 -4 -2  2 -3  3  2    1   2   1   1   0   3   5   0   2  18   3   5   6   9   0   1  18   0  10  16  0.33 0.24
    4 E   -3 -3 -1  3 -6  2  5 -4 -2 -2 -4  0 -4 -4 -3 -1 -2 -6 -4 -2    1   0   2  18   0  10  48   0   0   3   1   6   0   1   1   3   3   0   0   3  0.91 0.46
    5 F   -3 -6 -6 -6 -4 -6 -5 -6 -5  4  0 -6 -1  6 -6 -5 -4 -1  0  4    1   0   0   0   0   0   0   0   0  26   5   0   1  34   0   0   0   1   2  31  1.23 0.50
    6 K   -2  2  0 -3 -3  0 -1 -3 -1  1  0  5 -1 -2 -2 -2  0 -5 -2  0    1  12   4   0   1   2   3   1   1   8   7  38   2   2   1   1   7   0   1   8  0.43 0.29
    7 L   -3 -5 -6 -6 -3 -5 -6 -6 -5  1  4 -5  6  2 -6 -5 -3 -5 -3  3    1   0   0   0   0   0   0   0   0   4  38   0  25   8   0   0   1   0   0  22  1.11 0.49
    8 P   -1 -5 -6 -6 -7 -3 -5 -6 -2 -7 -5 -4 -6 -8  8 -2 -4 -8 -7 -6    5   0   0   0   0   1   0   0   1   0   1   0   0   0  87   4   1   0   0   0  2.72 0.91
    9 D   -1 -1 -1  6 -6  2  1 -3 -3 -5 -5  1 -3 -5 -3 -1 -1 -6 -5 -3    5   3   1  51   0  10   8   1   0   0   0  10   1   0   0   3   3   0   0   2  1.00 0.46
   10 I   -3 -5 -6 -6 -4 -4 -5 -6 -5  5  4 -5  4 -1 -3 -5 -3 -3 -4  2    1   0   0   0   0   1   0   0   0  31  41   0   9   2   1   0   1   0   0  12  1.00 0.43
   11 G   -2 -6 -4 -4 -6 -5 -5  7 -6 -7 -7 -4 -6 -7 -2  0 -5 -6 -6 -6    2   0   0   1   0   0   0  87   0   0   0   0   0   0   2   7   0   0   0   0  2.09 0.73
   12 E   -4 -3 -3  3 -6  0  7 -3 -3 -5 -3 -3 -1 -4 -3 -3 -3 -5 -4 -4    1   0   0  15   0   2  69   1   0   0   3   0   2   1   1   1   1   0   0   1  1.47 0.60
   13 G   -1 -4  1 -1 -4 -3 -3  5 -3 -4 -4 -2 -4 -4 -4  3  2 -4 -4 -3    2   0   5   2   0   0   1  45   0   0   1   2   0   1   0  24  13   0   0   1  0.88 0.40
   14 I   -2 -5 -5 -3 -4 -4 -4 -5 -3  5  0 -4  5  1 -5 -4 -2 -4 -2  4    3   0   0   2   0   0   1   0   1  36   7   0  14   6   0   1   1   0   1  27  0.88 0.40
   15 H    1 -1 -1  1 -4  0  2 -2  3 -2 -3  0 -1 -3 -3  0  3 -5 -2  0   15   2   1   6   0   3  14   1   9   1   0   6   1   1   0   6  25   0   0   7  0.35 0.27
   16 E   -3 -4 -2  2 -7 -1  7 -2 -3 -6 -6 -1 -5 -7 -4  0 -2 -6 -6 -4    2   0   2   9   0   2  71   3   0   0   0   2   0   0   0   8   2   0   0   1  1.51 0.65
   17 G    3 -5 -4 -5  2 -5 -4  5 -5 -2 -4 -5 -3 -4 -5 -2 -3 -6 -5  3   21   0   0   0   4   0   0  50   0   2   0   0   0   0   0   1   0   0   0  21  1.11 0.50
   18 E   -3 -2 -2  1 -5  0  4 -5 -2 -2 -4 -1 -4 -5  0 -1  4 -6 -5  0    1   1   1   8   0   3  34   0   1   2   1   4   0   0   4   2  33   0   0   6  0.78 0.45
   19 I   -3 -6 -7 -7 -1 -6 -6 -7 -7  6  1 -6 -1 -3 -6 -5 -4 -6 -5  5    1   0   0   0   1   0   0   0   0  44  12   0   1   1   0   0   0   0   0  41  1.43 0.56
   20 V    1 -3 -3 -4 -2 -2 -3 -1 -4  3  0 -1 -1 -3 -4  0  2 -5 -3  4   12   1   1   0   0   1   1   4   0  19   9   3   1   0   0   5  11   0   0  31  0.42 0.27
   21 K   -1  3  0  0 -5  2  4 -2 -1 -5 -4  3 -4 -4 -4  0  0 -5 -4 -3    6  14   3   3   0   7  28   2   1   0   0  22   0   1   0   5   6   0   0   1  0.60 0.34
   22 W   -6 -7 -8 -8 -2 -7 -7 -7 -7  2 -2 -7 -4 -3 -8 -7 -6 12 -2  2    0   0   0   0   1   0   0   0   0  11   4   0   0   1   0   0   0  69   1  13  3.24 0.99
   23 F   -3 -1 -3 -5 -1 -3 -4 -5  4 -1  5 -1  2  2 -4 -3 -3 -3  2 -2    1   3   1   0   1   1   1   0  11   1  53   3   4  10   1   1   1   0   6   1  0.77 0.40
   24 V   -2 -3 -5 -6 -2 -4 -5 -6 -6  1 -3  4 -3 -3 -5 -4 -3 -6 -4  6    2   0   0   0   1   0   0   0   0   6   1  31   0   1   0   0   0   0   0  58  1.35 0.61
   25 K    1  0  1 -2 -4  3  1 -2 -1 -4 -5  5 -4 -6 -3  1 -1 -6 -4 -4   11   3   6   1   0  12   7   2   1   0   0  42   0   0   1  10   3   0   0   0  0.72 0.40
   26 P   -1 -4 -3  0 -5 -1  4 -5 -4 -1 -3 -1 -4 -5  4 -3 -2 -6 -5  4    5   0   1   4   0   2  30   0   0   2   1   2   0   0  22   1   2   0   0  29  0.80 0.44
   27 N   -4 -7 -3 -4 -7 -6 -5  8 -3 -8 -8 -6 -7 -7 -6 -4 -6 -7 -7 -7    0   0   1   1   0   0   0  97   1   0   0   0   0   0   0   0   0   0   0   0  2.60 0.85
   28 D   -3 -4 -3  8 -7  1  2 -4 -5 -7 -7 -4 -2 -7 -5 -2 -4 -8 -7 -6    2   1   0  76   0   5  11   1   0   0   0   0   1   0   0   2   0   0   0   0  1.98 0.73
   29 E    1  2 -1 -1 -3  1  1 -3  0 -2 -2  1 -1 -1  0  1  2 -3 -1  0   10  10   1   2   0   6  10   0   3   2   2   8   2   3   5  10  19   0   2   6  0.18 0.17
   30 V   -4 -6 -7 -7 -2 -6 -6 -7 -7  4 -2 -6 -3 -3 -6 -6 -4 -7 -5  7    0   0   0   0   1   0   0   0   0  24   2   0   0   1   0   0   0   0   0  73  1.85 0.70
   31 N    2  0  0  0 -5  1  4 -3 -1 -4 -4  3 -3 -5 -4  0  0 -5 -4 -3   18   3   3   3   0   6  29   0   1   1   1  21   0   0   0   7   5   0   0   2  0.56 0.35
   32 E    1  1 -2 -1 -4  2  4 -4 -2 -2 -2  2 -1 -5 -1 -1 -2 -5 -4  1   12   8   0   2   0  10  29   0   0   2   3  16   1   0   2   3   1   0   0  10  0.44 0.30
   33 D   -4 -5  0  6 -6 -3  2  3 -1 -6 -6 -4 -6  1 -5 -3 -4 -6 -1 -6    0   0   3  47   0   0  12  26   1   0   0   0   0   8   0   0   0   0   2   0  1.23 0.55
   34 D   -2 -3 -3  5 -7  6  4 -4 -4 -7 -6 -3 -4 -7 -5 -2 -3 -6 -6 -6    2   0   0  30   0  33  30   1   0   0   0   0   0   0   0   2   1   0   0   0  1.42 0.64
   35 V    0 -3 -1 -1 -3 -3 -1 -2 -2  0 -2 -3 -2 -4  6  1  1 -6 -4  1    7   1   3   3   0   0   3   2   1   7   3   1   1   0  40  10   8   0   0   9  0.77 0.38
   36 L   -4 -6 -6 -7 -4 -5 -6 -7 -6  4  5 -6  1 -1 -6 -5 -4 -5 -3  2    0   0   0   0   0   0   0   0   0  26  54   0   2   2   0   0   0   0   1  15  1.22 0.50
   37 A    2 -5 -5 -5  4 -4 -5 -4 -5  2  2 -4  1  2 -5 -3 -3 -4 -1  3   18   0   0   0  10   0   0   1   0  10  21   0   4   9   0   0   0   0   1  26  0.63 0.34
   38 E   -3 -3 -2  1 -6 -1  7 -5 -4 -4 -4 -2 -4 -5 -5 -2  1 -6 -5  0    2   0   1   7   0   1  66   0   0   1   2   2   0   0   0   2   9   0   0   6  1.30 0.61
   39 V   -3 -6 -6 -7 -4 -5 -6 -7 -6  4  3 -6  0 -2 -6 -5 -4 -6 -4  5    1   0   0   0   0   0   0   0   0  24  23   0   2   1   0   0   0   0   0  49  1.27 0.53
   40 Q   -2 -4 -3 -2 -6  3  6 -4 -4 -4 -3 -3  4 -6 -5  1 -3 -6 -5 -4    2   0   1   1   0  13  57   1   0   1   2   0  11   0   0  10   1   0   0   1  1.25 0.61
   41 N   -3 -5 -1 -5 -5 -4 -5 -3 -5 -4 -5 -4 -3 -6 -5  3  7 -7 -6 -4    1   0   3   0   0   0   0   1   0   1   0   0   0   0   0  22  71   0   0   0  1.76 0.77
   42 D   -3 -6 -2  8 -8 -3  1 -4 -5 -7 -8 -5 -7 -8 -6 -3 -5 -8 -7 -6    2   0   0  87   0   1   9   1   0   0   0   0   0   0   0   1   0   0   0   0  2.43 0.86
   43 K   -5 -2 -5 -5 -8 -3 -4 -6 -5 -7 -7  8 -6 -8 -5 -5 -5 -8 -6 -7    0   0   0   0   0   0   0   0   0   0   0 100   0   0   0   0   0   0   0   0  2.77 0.99
   44 A    6 -5 -5 -6 -4 -5 -5 -4 -5 -1 -3 -5 -2 -4 -5 -1 -3 -6 -5  4   63   0   0   0   0   0   0   0   0   3   1   0   1   0   0   3   1   0   0  27  1.30 0.61
   45 V    0 -4  1  2 -3 -3 -2 -4 -4 -1 -1 -4 -1 -5 -4  2  5 -6 -5  2    7   0   6  11   0   0   1   0   0   2   5   0   1   0   0  16  33   0   0  16  0.60 0.43
   46 V    0 -5 -3 -5 -4 -3 -4 -5 -3  1  1 -4  6 -2 -5 -2  1 -5 -3  5    7   0   2   0   0   1   1   0   1   5  10   0  22   1   0   3   9   0   0  38  0.85 0.48
   47 E   -3 -4 -3  2 -7 -1  7 -6 -3 -7 -6 -2 -6 -6 -3 -2  1 -7 -6 -4    2   0   1  10   0   1  73   0   0   0   1   1   0   0   1   2   7   0   0   1  1.70 0.80
   48 I   -3 -6 -7 -6 -5 -4 -6 -7 -7  6  1 -6  1 -1 -6 -5 -4 -3 -4  5    1   0   0   0   0   1   0   0   0  45  12   0   2   2   0   0   0   0   0  35  1.35 0.60
   49 P   -3 -4 -2 -3 -4 -4  2 -4 -4 -6 -5 -4 -6 -6  7 -2  2 -7 -5 -3    2   1   2   1   0   0  13   1   0   0   1   0   0   0  63   2  11   0   0   1  1.79 0.79
   50 S    4 -5 -3 -5  1 -4 -4 -4 -5 -4 -6 -4 -3 -6 -4  6 -2 -7 -6 -4   35   0   0   0   3   0   0   0   0   1   0   0   0   0   0  58   1   0   0   1  1.50 0.77
   51 P   -3  0 -4 -1 -7 -3 -1 -5 -6 -5 -5 -3 -2  0  8 -2 -1 -7 -2 -5    1   6   0   3   0   1   5   1   0   1   1   2   1   4  66   3   4   0   2   1  1.73 0.76
   52 V    2 -1 -2 -1  0 -1  0 -2  0 -1 -2  0 -1  1 -4 -1  0  0  3  2   21   2   1   3   2   2   6   3   3   2   1   5   1   7   0   3   5   1  11  21  0.20 0.22
   53 K    4 -3 -1  4 -4 -2  0 -1 -3 -5 -5 -2 -3 -6 -2  3  1 -6 -5 -3   33   1   3  21   0   1   5   4   0   0   0   2   0   0   2  19   7   0   0   1  0.65 0.43
   54 G   -3 -7 -5 -6 -7 -6 -7  8 -7 -8 -8 -6 -2 -8 -7 -5 -6 -7 -8 -8    2   0   0   0   0   0   0  97   0   0   0   0   1   0   0   0   0   0   0   0  2.71 1.00
   55 K   -3  1 -3 -5 -4 -2 -2 -5 -4  2 -3  2 -2 -3 -4 -2  4 -5 -2  4    0   8   0   0   0   1   3   0   0  11   1  15   0   1   0   1  25   0   1  32  0.67 0.44
   56 V   -4 -6 -7 -7 -5 -6 -6 -7 -7  4  4 -6  0 -2 -6 -6 -4 -6 -5  5    1   0   0   0   0   0   0   0   0  26  34   0   1   1   0   0   0   0   0  37  1.29 0.58
   57 L    0  1 -2 -1 -3  0  0 -1 -1 -1  1  2 -1 -2 -3  0  2 -4 -2  1   10   7   1   2   0   4   7   5   1   3  15  13   1   1   0   6  13   0   1   9  0.12 0.15
   58 E    0  1 -2 -1 -6  1  4 -4  1 -5 -5  4 -4 -5 -3  0 -2 -1 -1 -4    7   7   1   3   0   5  30   1   3   0   1  30   0   0   1   7   2   1   2   1  0.73 0.44
   59 L   -4 -3 -6 -5 -5 -3 -6 -7 -2  6  3 -4  0 -1 -5 -5 -3 -3 -3  2    0   1   0   0   0   1   0   0   1  49  27   1   1   2   1   0   1   0   1  14  1.15 0.53
   60 K   -1  0 -1 -3  0  0 -2 -1  3  0  2  1  0  0 -3 -1 -1 -3  2  0    4   5   3   1   2   4   1   5  10   3  29  10   1   4   1   3   2   0   7   5  0.19 0.20
   61 V    2 -4 -4 -5 -1 -4 -3 -1  0  1 -1 -1 -1  0 -3 -3 -2 -2  2  5   15   1   0   0   1   0   1   6   3   6   3   4   1   4   1   1   1   0   7  45  0.58 0.39
   62 E    1  0  0  0 -5  3  2 -1 -1 -4 -4  4 -4 -5  2  0 -2 -5 -4 -3   14   2   4   6   0  12  13   4   1   1   1  26   0   0   8   6   2   0   0   1  0.46 0.35
   63 E    1 -3 -3 -1 -5  0  5 -4 -4 -1 -2 -1 -2 -5  1 -2 -2 -6 -5  2   10   1   1   3   0   3  46   1   0   4   4   3   1   0   6   1   2   0   0  15  0.68 0.48
   64 G   -3 -3 -1  3 -6 -3 -3  7 -5 -7 -7 -3 -6 -7 -6 -3 -5 -7 -7 -7    1   1   2  15   0   1   1  77   0   0   0   1   0   0   0   1   0   0   0   0  1.83 0.80
   65 T    0 -2 -1  6 -5  2  3 -2 -2 -4 -4 -2 -3 -5 -3 -1 -1 -5 -5 -3    8   1   1  42   0   8  23   2   1   1   1   2   1   0   1   2   5   0   0   1  0.89 0.50
   66 V   -2 -1 -2 -2 -3 -1  0 -3 -1  2 -2  2  1 -4 -3  0  4 -4 -4  2    2   3   1   2   0   2   5   1   1  12   2  12   4   0   0   4  35   0   0  12  0.44 0.36
   67 A    2 -4 -5 -5 -2 -4 -5 -4 -5  2 -1 -3 -1 -3 -3 -3 -3 -5 -4  6   21   1   0   0   1   0   0   1   0  11   4   2   1   1   1   1   0   0   0  55  1.00 0.55
   68 T    1  0  0 -1 -4  2  1 -2  0 -2 -2  2 -2 -3  3  1 -1 -4 -2 -2   11   4   5   3   0   8  11   2   3   1   3  15   1   1  15  12   3   0   1   2  0.28 0.23
   69 V   -1 -3 -3 -4 -1 -1  0 -5 -5  2 -2 -2 -1 -4 -1 -1  0 -5 -4  6    4   1   1   0   1   4   7   0   0   8   1   3   1   0   3   4   4   0   0  59  0.85 0.51
   70 G   -3 -4  0  0 -5 -3 -3  6  2 -5 -4 -2 -5 -5 -3 -2 -3 -5 -5 -5    1   1   5   5   0   1   2  70   6   1   2   2   0   0   1   2   1   0   0   0  1.38 0.62
   71 Q    1 -2 -1  3 -3  2  2 -1 -1 -3 -3  0 -2 -3 -2  1  2 -4 -3 -2   15   1   1  16   0  11  11   4   1   1   2   6   1   1   1  12  15   0   0   2  0.32 0.27
   72 T    0 -2 -3 -2 -3 -2 -1 -3 -2  0  1 -2 -1 -3  4 -2  0 -4 -3  4    7   2   1   2   0   1   5   2   1   5  11   3   1   1  20   1   7   0   1  32  0.44 0.32
   73 I   -2 -4 -5 -5 -2 -3 -3 -3 -5  4  4 -4  1  0 -1 -3 -3 -4 -2  2    2   1   0   0   1   1   1   2   0  27  41   0   3   2   3   1   0   0   1  13  0.74 0.41
   74 I    2 -3 -3 -3  2 -1  0  0 -3  1  1 -2  2  1  0 -2 -1 -3  0  1   23   0   0   0   4   3   6   7   0   6  15   0   5   8   4   0   3   0   3  11  0.15 0.19
   75 T    0  1 -1  0  0  0  1 -1  0  0 -1  0  0 -1  1  0  1  1  0  0    8   7   0   6   2   4  11   4   2   5   4   4   2   2   6   7  10   2   4   9  0.04 0.07
   76 F    0 -4 -4 -4  1 -3 -4 -2 -3  4  1 -3  2  2  1 -1 -2 -3  1  2    7   0   0   0   3   0   0   3   0  27  12   0   5   8   8   3   0   0   6  14  0.36 0.26
   77 D    0 -1 -1  3 -5  0  4  1 -2 -3 -2 -1 -2 -5 -2 -1  0 -5 -3 -2    8   3   2  18   0   3  29  12   1   1   3   3   1   0   2   4   5   0   1   2  0.44 0.35
   78 A    2 -2 -2  0 -2 -1  2  0 -2 -1 -2  0 -1 -3  0  1  2 -4 -3  1   16   1   1   6   1   2  13   7   1   3   3   4   1   1   5   8  16   0   0  11  0.18 0.21
   79 P    1 -1 -1  1 -4  1  3  1 -1 -3 -3 -1 -3 -4  2  1  0 -5 -4 -2   14   2   2   9   0   5  20  13   1   1   2   3   0   0  11   9   5   0   0   3  0.33 0.28
   80 G    2 -3 -1  1 -4 -1  0  4 -1 -3 -4 -2 -2 -3 -2  0 -1 -5 -3 -2   20   1   3   8   0   3   5  36   1   1   1   2   1   1   2   7   3   0   1   2  0.52 0.37
   81 Y    2 -1 -1  0 -3  0  2  1 -1 -2 -3 -1 -2 -4  1  1  0 -1 -1 -1   21   2   2   6   0   3  18   9   2   1   2   3   1   0   6  11   5   1   2   5  0.24 0.24
   82 E    3 -2 -1  0 -3  0  2  0 -1 -2 -3  0 -2 -3  1  1  0 -4 -4  0   26   1   2   5   0   3  17   7   1   2   1   5   1   1   6  10   5   0   0   6  0.28 0.27
   83 D    2 -2 -1  2 -3  0  1  0 -1 -2 -3  0 -2 -3  3  1  0 -2 -3  0   18   2   3  11   0   3  10   6   1   2   2   4   1   1  13  10   6   1   1   6  0.24 0.23
   84 L    2 -2 -1  0 -3  0  1  0 -1 -1 -2  0 -1 -3  2  1  0 -4 -2  0   20   1   2   5   0   5  11   6   1   3   4   5   1   1  10  10   6   0   1   8  0.17 0.19
   85 Q    2 -1 -1  0 -3  1  2  0 -1 -3 -3  0 -2 -4  2  1  0 -4 -4 -1   17   3   3   6   0   7  17   6   1   1   2   5   1   1   9  11   6   0   0   5  0.26 0.26
   86 F    2 -2 -1  0 -3  0  1  0 -1 -2 -2  0 -2 -2  2  1  1 -2 -2 -1   21   2   2   4   0   4  10   7   2   2   5   5   0   1  12   8   7   0   1   5  0.19 0.20
   87 K    2 -1 -1  0 -3  1  2 -1 -1 -2 -2  1 -2 -2  2  0  0 -2 -3 -1   18   2   2   6   0   5  13   5   1   2   3  11   1   1  12   7   5   0   0   5  0.22 0.22
   88 G    2 -1 -1 -1 -3  0  1  1 -2 -2 -2  1 -2 -3  3  1  0 -4 -3 -1   18   2   2   3   0   4  10  10   1   3   3   8   1   1  15  10   6   0   0   4  0.25 0.24
   89 D    2 -2 -1  2 -4  1  2 -1 -1 -2 -3  0 -2 -3  3  1  0 -3 -4 -1   18   2   2  11   0   5  14   5   1   2   2   6   1   1  12   8   6   0   0   4  0.28 0.26
   90 E    2 -1 -1  0 -3  1  2  0 -1 -3 -2  0 -2 -3  2  1  0 -4 -3 -1   19   3   2   5   0   5  17   6   1   1   3   6   1   1  10   9   7   0   1   3  0.24 0.25
   91 S    2 -2 -1  0 -3  0  2  0 -1 -2 -3  1 -2 -3  2  1  1 -4 -3 -1   18   2   2   4   0   4  12   5   1   2   2   7   1   1  11  11  10   0   0   5  0.23 0.24
   92 G    2 -2 -1  0 -2  0  1  1 -2 -2 -3  0 -3 -4  2  1  0 -4 -3 -1   22   1   2   5   1   3  10  12   1   2   2   6   0   0  11  10   6   0   1   5  0.27 0.25
   93 E    2 -2 -1  1 -4  1  3 -2  0 -3 -4  1 -2 -3  3  1 -1 -3 -4 -2   18   1   3   7   0   5  21   2   2   1   1   7   1   1  14   9   4   0   0   2  0.40 0.34
   94 A    3 -2 -2 -2 -4  0  1 -1 -2 -2 -3  0 -2 -4  3  1  1 -5 -3  0   25   2   1   2   0   4   8   5   1   2   2   6   0   1  14  12   7   0   0   9  0.32 0.31
   95 K    2 -1 -1  0 -3  1  2 -2 -2 -2 -3  2 -2 -4  3  1  0 -5 -4  0   17   2   2   4   0   6  12   3   1   2   2  14   1   1  14   9   5   0   0   6  0.29 0.28
   96 A    3 -2 -2 -1 -4  1  1 -1 -2 -3 -4  0 -3 -5  3  1  0 -5 -4  0   30   2   1   3   0   6   8   5   1   1   1   5   0   0  14  10   7   0   0   6  0.39 0.30
   97 E    2 -2 -2  0 -4  1  3 -2 -3 -3 -4  0 -3 -5  3  1  0 -5 -4 -1   19   1   2   5   0   7  19   2   0   1   1   5   0   0  17   9   6   0   0   4  0.46 0.32
   98 E    2 -2 -1 -1 -4  1  3 -2 -2 -3 -3  1 -3 -4  3  0  0 -5 -4 -1   18   2   2   3   0   6  18   2   1   1   1   8   0   0  17   8   6   0   0   5  0.41 0.30
   99 A    3 -2 -1 -1 -3  0  1 -1 -2 -2 -3  1 -3 -4  3  1  1 -5 -4  0   25   2   2   3   0   4   9   3   1   2   2   8   0   0  14  10   8   0   0   7  0.32 0.26
  100 E    2 -1 -2 -1 -4  1  2 -2 -2 -3 -3  1 -4 -4  4  0  0 -5 -4  0   18   3   1   3   0   6  15   3   1   1   1   9   0   0  20   7   5   0   0   6  0.42 0.30
  101 K    2  0 -2 -1 -4  1  1 -1 -1 -2 -2  1 -3 -4  3  0  1 -5 -4 -1   18   4   1   3   0   6  11   4   1   2   3  11   0   0  13   8   7   0   0   6  0.26 0.22
  102 Q    2 -1 -2  0 -4  2  2 -2 -3 -3 -3  0 -2 -5  3  1  1 -5 -4 -1   19   2   2   4   0   9  14   2   0   1   2   6   1   0  15   9   8   0   0   5  0.35 0.27
  103 E    2 -1 -2 -1 -4  1  3 -2 -2 -2 -3  1 -3 -4  3  0  0 -5 -4  0   19   2   1   3   0   7  18   2   1   2   1   8   0   1  14   7   6   0   0   7  0.36 0.28
  104 T    2 -1 -2 -1 -3  0  1 -1 -2 -1 -3  0 -2 -4  3  1  2 -4 -3  0   19   3   2   2   0   3  10   3   1   3   2   5   1   0  14   8  16   0   1   6  0.30 0.25
  105 D    2 -2 -1  1 -4  0  2 -1 -2 -3 -3  1 -3 -4  3  1  1 -5 -3 -1   17   2   2   8   0   5  14   3   1   1   1   7   0   0  17  10   8   0   0   4  0.35 0.26
  106 A    3 -1 -2 -2 -3  0  1 -1 -2 -2 -2  0 -2 -4  3  1  1 -4 -4  0   28   4   2   2   0   4   8   5   1   1   3   5   1   0  14   9   8   0   0   7  0.31 0.25
  107 P    2 -2 -3 -2 -4  0  0 -1 -2 -3 -3  0 -3 -4  5  1  0 -5 -4 -1   18   2   1   2   0   4   5   4   1   1   3   7   0   1  33   9   4   0   0   4  0.65 0.37
  108 A    3 -1 -2 -1 -3  1  1 -1 -3 -2 -3  0 -2 -4  3  1  1 -3 -4 -1   27   3   1   3   0   5   8   3   0   1   2   5   1   1  14  12   7   0   0   5  0.36 0.27
  109 E    2  0 -1 -1 -4  1  2 -2 -1 -3 -3  0 -1 -4  3  1  1 -4 -3  0   17   4   3   3   0   6  15   2   1   1   2   5   1   0  17   8   8   0   0   6  0.32 0.24
  110 A    3 -1 -1 -2 -3  0  0 -1 -2 -2 -2  0 -2 -4  3  2  1 -4 -4 -1   25   3   2   2   0   5   7   3   1   2   3   7   1   1  15  13   7   0   0   5  0.33 0.25
  111 A    2  0 -1 -1 -3  0  0 -1  0 -2 -3  0 -2 -3  3  1  1 -4 -3  0   22   4   2   2   0   4   7   4   2   2   2   5   1   1  16   9   9   0   0   7  0.27 0.21
  112 E    1  0 -1  0 -3  1  2 -1  0 -2 -3  0 -2 -3  3  1  1 -3 -3 -1   15   4   3   4   0   7  13   4   2   1   2   5   1   1  14   9   8   0   1   5  0.25 0.19
  113 A    3 -1 -1 -2 -3  0  0  0 -2 -2 -2  0 -2 -3  3  1  1 -4 -4  0   25   2   2   2   0   3   7   5   1   2   3   6   0   1  15  12   7   0   0   6  0.30 0.23
  114 N    2 -1  0  0 -3  0  1  0  0 -3 -3  0 -2 -3  3  1  1 -4 -3 -1   20   2   5   5   0   4   8   6   2   1   2   5   1   1  12  11  10   0   0   5  0.24 0.19
  115 E    2 -1 -1  0 -3  1  2  0 -1 -2 -2  0 -1 -3  3  1  1 -4 -3 -1   17   4   3   5   0   7  13   5   1   1   2   5   1   1  13  10   8   0   1   5  0.23 0.18
  116 Q    2 -1 -1 -1 -3  1  1 -1  0 -2 -3  0 -1 -3  3  1  1 -4 -3  0   18   3   2   3   0   8  11   4   2   2   1   6   1   1  15  10   7   0   1   7  0.25 0.20
  117 A    2 -1 -1 -1 -2  0  0  0 -2 -1 -2  0 -2 -3  3  1  1 -4 -3  0   21   4   2   2   0   4   7   6   1   3   2   5   0   1  14  10  10   0   1   7  0.24 0.19
  118 D    1 -1 -1  1 -3  0  1  0  0 -2 -2 -1 -2 -3  3  1  1 -4 -3  0   13   3   2   7   0   4   9   6   2   2   4   3   0   1  15  11   9   0   0   6  0.21 0.17
  119 A    2  0 -1  0 -3  0  0 -1  0 -1 -2  0 -2 -3  2  1  1 -3 -2  0   19   5   2   4   0   4   7   5   2   3   3   6   1   1  12  13   7   0   1   6  0.20 0.17
  120 D    1  0  0  1 -3  1  1  0 -1 -2 -2  0 -2 -3  2  1  0 -3 -3 -2   15   4   3  10   0   5  11   8   1   2   2   6   1   1   9  12   6   0   1   3  0.18 0.15
  121 P    1  0  0  1 -3  0  1  1 -1 -2 -3  0 -3 -2  3  1  0 -3 -3 -2   13   4   3   7   0   3   8  10   1   2   2   6   0   1  18  12   5   0   0   3  0.27 0.18
  122 N    0  0  2  1 -3 -1  0  3  0 -3 -3  0 -3 -2  0  1  0 -4 -2 -3    9   6   9   7   0   2   6  24   2   1   2   4   0   2   4  13   6   0   1   1  0.26 0.18
  123 K    0  2  0  1 -4  0  2  2 -1 -2 -3  1 -2 -3 -1  0 -1 -4 -3 -2    9  10   3   7   0   4  12  19   2   2   2  11   1   1   3   8   4   0   0   3  0.22 0.17
  124 R   -1  4 -1  0 -5  0 -1 -1  1 -3 -2  4 -2 -3  0 -1 -2 -5 -2 -2    6  28   2   4   0   3   4   5   3   1   4  24   1   1   5   3   2   0   1   2  0.49 0.30
  125 V    1 -3 -4 -4 -4 -3 -4 -2 -4  2 -1 -3 -2 -2  2 -2  0 -4 -3  5   14   2   0   1   0   1   1   3   0  13   4   2   1   1  11   2   5   0   0  40  0.62 0.37
  126 I   -2  2 -3 -4 -4 -2 -3 -5  4 -1  3  1 -1  1  2 -2 -3 -3  3 -2    3  10   1   1   0   2   1   0  11   3  29   9   1   5  10   2   0   0  11   2  0.48 0.32
  127 A    6 -5 -5 -4 -1 -4 -4 -3 -5 -1 -2 -4 -3 -3 -3  0 -1 -5 -1  1   68   0   0   1   1   0   0   1   0   3   3   0   0   1   1   5   3   0   2   8  1.23 0.61
  128 M    1 -5 -4 -5 -5 -4 -4  0 -5 -3 -4 -3  1 -5 -3  5  5 -6 -5 -3   10   0   0   0   0   0   0   7   0   1   1   1   4   0   1  43  30   0   0   2  1.06 0.60
  129 P   -6 -8 -7 -7 -8 -7 -7 -8 -8 -8 -8 -6 -8 -9  9 -6 -7 -9 -8 -8    0   0   0   0   0   0   0   0   0   0   0   0   0   0  99   0   0   0   0   0  3.58 1.27
  130 S    4 -1 -4 -5 -4 -4 -4 -2 -3 -1  2 -2 -2 -3 -3  3 -2 -4 -2  0   40   3   0   0   0   0   0   2   0   2  20   1   0   0   1  19   1   0   1   7  0.63 0.43
  131 V    2 -6 -6 -6 -5 -6 -6 -6 -7  0 -3 -6 -3 -5 -6 -5  1 -7 -6  7   19   0   0   0   0   0   0   0   0   4   1   0   0   0   0   0   9   0   0  66  1.57 0.72
  132 R   -4  8 -5 -7 -8 -3 -5 -7 -5 -8 -5  1 -4 -6 -7 -5 -6 -8 -7 -7    1  89   0   0   0   1   0   0   0   0   1   6   0   0   0   0   0   0   0   0  2.70 1.03
  133 K   -1  6 -2 -4 -7  0 -3 -5  0 -6 -4  5 -1 -5 -6 -2 -4 -7 -5 -5    5  43   2   0   0   3   0   0   3   0   1  37   2   0   0   3   0   0   0   1  1.41 0.66
  134 Y   -3  0 -6 -7 -5 -4 -6 -7 -4  3  5 -4  3  2 -6 -5 -3 -5  1 -1    2   5   0   0   0   0   0   0   0  16  51   1   7   9   0   0   1   0   4   3  0.98 0.48
  135 A    7 -6 -6 -7 -3 -6 -6 -4 -6 -3 -3 -6 -1 -7 -6 -3 -4 -7 -6 -1   90   0   0   0   0   0   0   1   0   1   2   0   2   0   0   1   0   0   0   3  2.09 0.90
  136 R    1  6 -2 -3 -6  0  0 -4 -2 -4 -4  3  0 -5 -5 -1 -3 -3 -4 -5   10  51   2   2   0   4   5   1   1   1   1  16   2   0   0   4   1   0   0   1  1.12 0.56
  137 E   -4 -3 -3  2 -8  1  7 -6 -5 -6 -6 -1 -6 -8 -6 -4 -4 -8 -7 -5    1   1   1  11   0   6  73   0   0   0   0   4   0   0   0   1   1   0   0   1  1.85 0.82
  138 K   -1 -1  2 -4 -5 -1 -1 -5  6 -2  3  1  1  0 -5 -3 -4 -5  0 -3    4   4  11   0   0   2   4   0  20   2  34   8   4   3   0   1   0   0   2   0  0.66 0.41
  139 G   -3 -3  3  1 -7 -1 -3  6 -2 -7 -8 -1 -7 -7 -6 -2 -5 -7 -7 -7    1   2  12   7   0   2   2  67   1   0   0   4   0   0   0   3   0   0   0   0  1.55 0.67
  140 V   -3 -7 -7 -7 -5 -7 -7 -7 -7  6  1 -7 -2 -3 -7 -6 -4 -7 -5  6    1   0   0   0   0   0   0   0   0  37  10   0   0   0   0   0   0   0   0  51  1.66 0.69
  141 D   -3 -3  2  8 -8 -3  0 -5 -3 -8 -8 -2 -7 -8 -2 -1 -3 -8 -6 -7    2   1   9  70   0   1   6   0   0   0   0   3   0   0   2   3   2   0   0   0  1.86 0.78
  142 I   -3 -5 -7 -7 -5 -6 -6 -8 -7  4  6 -6 -2 -3 -1 -6 -5 -3 -3 -1    2   0   0   0   0   0   0   0   0  19  70   0   0   0   4   0   0   0   1   2  1.50 0.66
  143 V    2  1  1  1 -4  0  1  0  0 -4 -4 -1 -3 -4 -3  3  1 -4 -3 -4   18   7   7   6   0   3   9   5   2   0   1   2   0   0   0  27   9   0   1   0  0.40 0.31
  144 N    0  1  0  1 -4  4  2 -2 -1 -3 -1  2 -2 -3 -3  0  1 -5 -3 -3    8   7   3   7   0  20  11   2   1   0   7  10   1   1   0   8  10   0   0   1  0.33 0.27
  145 V   -5 -7 -7 -8 -5 -7 -7 -8 -8  5  0 -7 -2 -5 -7 -6 -5 -7 -6  7    0   0   0   0   0   0   0   0   0  27   7   0   1   0   0   0   0   0   0  65  1.88 0.76
  146 S    0  1 -1 -2 -4  2  1 -3 -1 -3 -4  3 -3 -4  3  1  2 -5 -4 -1    7   8   2   1   0   9   7   1   1   1   0  19   0   0  13   8  15   0   0   4  0.41 0.30
  147 G    0 -6 -5 -6 -7 -5 -6  7 -6 -8 -8 -6 -7 -7  1 -3 -6 -7 -7 -7    6   0   0   0   0   0   0  85   0   0   0   0   0   0   7   1   0   0   0   0  2.24 0.86
  148 S   -3 -5 -4 -5 -5 -5 -4 -5 -6 -5 -6 -4 -5 -7 -5  5  6 -7 -6 -5    1   0   0   0   0   0   0   0   0   0   0   1   0   0   0  43  54   0   0   0  1.86 0.87
  149 G   -3 -5 -5 -4 -7 -6 -5  8 -7 -8 -8 -5 -7 -8 -7 -5 -6 -7 -8 -8    2   1   0   1   0   0   1  94   0   0   0   0   0   0   0   0   0   0   0   0  2.62 0.96
  150 K   -1  2 -3 -2 -6 -2 -1 -5 -3 -2 -2  3 -3 -4  6 -2 -3 -6 -4  0    5  11   1   2   0   1   3   0   1   2   4  17   1   1  39   2   1   0   0   7  0.89 0.47
  151 N    0  0  2  2 -5  0 -1  4  2 -6 -4  2 -4 -5 -5 -1 -4 -6 -4 -5    6   6   9  13   0   4   4  36   5   0   1  12   0   0   0   4   0   0   0   0  0.67 0.38
  152 G   -3 -6 -1 -4 -7 -4 -5  7 -3 -8 -7 -6 -7 -8 -7 -3 -6 -7 -7 -7    1   0   2   1   0   1   1  91   1   0   0   0   0   0   0   2   0   0   0   0  2.44 0.92
  153 R   -5  8 -5 -7 -6 -2 -5 -7 -2 -4 -6 -1 -5 -7 -7 -5 -6 -8 -7 -5    1  90   0   0   0   2   0   0   1   1   1   2   0   0   0   0   0   0   0   1  2.69 1.03
  154 V   -5 -7 -8 -8 -6 -7 -7 -8 -8  7 -2 -7 -3 -5 -7 -7 -5 -7 -6  5    0   0   0   0   0   0   0   0   0  62   2   0   0   0   0   0   0   0   0  35  2.07 0.80
  155 L   -4  2 -4 -4 -5 -3 -4 -5 -4 -1  3 -4  2 -5 -5  0  5 -6 -4  1    0  10   0   0   0   1   1   0   0   3  25   0   5   0   0   5  42   0   0   8  0.88 0.52
  156 K   -2  3 -3 -3 -6  0  1 -5  1 -2 -3  6 -2 -5 -3 -3 -3 -6 -4 -2    3  12   0   1   0   3  10   0   3   3   3  54   1   0   1   1   1   0   0   3  1.10 0.56
  157 E    0  0 -2  2 -6  3  5 -1 -3 -6 -6  1 -5 -6 -3 -2 -2 -6 -5 -5    8   5   1  12   0  11  44   5   0   0   0   8   0   0   1   3   2   0   0   0  0.90 0.50
  158 D   -7 -7 -3  9 -9 -6 -3 -7 -5 -8 -9 -6 -8 -9 -7 -5 -6 -9 -8 -8    0   0   0  99   0   0   0   0   0   0   0   0   0   0   0   0   0   0   0   0  3.21 1.16
  159 I   -4 -7 -7 -7 -4 -6 -7 -7 -7  4  1 -6 -1 -3 -6 -6 -4 -6 -5  6    1   0   0   0   0   0   0   0   0  22  13   0   1   1   0   0   0   0   0  62  1.64 0.68
  160 D   -3  1 -2  1 -5  3  3 -5  0 -1  3  1  0 -2 -4 -3 -2 -5 -2 -2    1   7   1   7   0  13  17   0   2   2  31   9   2   2   0   1   2   0   1   2  0.43 0.31
  161 S    3  2  2  0 -4  1  0 -1  0 -4 -3  1 -3 -4 -3  1 -1 -4 -4 -3   30  12  11   5   0   5   5   4   2   0   2   9   0   0   1   9   2   0   0   1  0.38 0.27
  162 F    2 -4 -4 -4 -4 -4 -4 -4  4 -3 -3 -4 -3  5 -5 -3 -3  1  6 -2   19   1   1   1   0   1   1   1   9   1   2   1   1  27   0   2   1   2  29   3  1.16 0.51
  163 L    2 -2 -3 -4 -3 -2 -3 -3 -2  3  2 -2  0 -2 -3 -1 -1 -3 -2  3   17   1   1   1   0   1   2   1   1  17  21   3   2   1   1   4   2   0   1  23  0.40 0.25
  164 N    2  0  0  1 -3  1  3 -1 -1 -4 -3  3 -3 -4 -1  0 -1 -4 -3 -3   16   5   4   6   0   5  21   4   1   1   2  22   0   0   2   6   2   0   0   1  0.40 0.26
  165 G    2  0  1 -1 -3  2  1  2  0 -3 -2  1 -2 -3 -1  1  0 -3 -2 -2   16   5   7   3   0  12   7  15   2   1   3   8   1   1   2  11   4   0   1   2  0.22 0.17
  166 G    1  2 -1 -2 -3  2  0  2 -1 -2 -1  1 -1 -3  1  0 -1 -3 -3 -1   14  13   2   1   0   9   4  19   1   2   5   6   1   1   6   5   4   0   1   5  0.20 0.16
  167 T    1  0 -1 -1 -2  1  0  1 -1 -1  0  1  1 -2  0  0  1 -3 -2  0   16   4   2   3   0   5   6   9   1   3  10   8   6   1   5   8   8   0   0   5  0.08 0.09
  168 A    3  0 -1 -2 -3  2  0  0 -2 -2 -3  1 -2 -3  2  1  0 -4 -2 -1   26   4   3   2   0   9   5   7   1   1   2   8   1   1   9  11   6   0   1   3  0.26 0.20
  169 G    3 -1 -1 -1 -3  1  0  1 -2 -2 -2  0 -2 -3  2  1  0 -3 -3 -1   26   3   2   2   0   8   6  11   1   2   3   6   1   1   9   9   6   0   1   4  0.24 0.18
  170 D    2  0 -2 -1 -3  1  0  1 -1 -2 -2  0 -1 -3  3  0  0 -4 -3 -1   20   4   1   4   0   6   6   9   1   2   3   6   1   1  17   7   6   0   0   3  0.27 0.18
  171 A    3 -1 -2 -1 -3  0  0  0 -2 -2 -2  0 -2 -3  3  1  1 -4 -2  0   25   3   1   2   0   4   6   6   1   2   3   5   1   1  13  12   7   0   1   7  0.25 0.19
  172 K    2  0 -2 -2 -3  1  0 -1 -2 -2 -2  1 -2 -3  3  1  1 -4 -3  0   22   5   2   1   0   6   7   5   1   1   2   9   1   1  14  10   7   0   1   6  0.27 0.20
  173 A    3 -1 -2 -2 -3  0 -1  0 -2 -2 -2 -1 -2 -3  3  1  1 -4 -3 -1   27   3   1   2   0   4   4   8   1   1   4   3   0   1  16  10   9   0   1   5  0.34 0.23
  174 A    3 -1 -2 -1 -3  0  0  0 -2 -2 -2 -1 -2 -3  3  1  0 -4 -3 -1   31   2   2   2   0   3   5   6   1   2   3   4   1   1  14  12   6   0   1   5  0.37 0.25
  175 Q    2  0 -2 -1 -3  1  0  0 -1 -2 -2  0 -2 -3  3  1  1 -3 -3 -1   22   4   1   2   0   8   6   5   1   1   3   6   1   1  15   9   8   0   1   4  0.27 0.20
  176 A    3 -1 -1 -1 -3  0 -1  0 -2 -1 -2  0 -2 -3  3  1  0 -4 -3  0   27   3   2   3   0   4   4   7   1   3   3   5   1   1  14  10   6   0   1   6  0.27 0.20
  177 E    3 -1 -1 -1 -2  1  1  0 -2 -2 -3  0 -2 -3  2  1  0 -2 -2 -1   24   3   3   2   0   8   9   6   1   2   2   5   1   1  12  10   6   0   1   5  0.25 0.18
  178 E    3 -1 -1 -1 -3  1  1  0 -1 -2 -2  0 -1 -3  3  1  0 -4 -3 -1   24   3   2   2   0   6  10   6   1   2   3   4   1   1  14   9   6   0   0   5  0.26 0.19
  179 K    2  0 -2 -2 -3  0  0  0 -2 -1 -2  1 -1 -3  3  1  1 -3 -2  0   21   4   1   1   0   5   4   8   1   3   3   8   1   1  14   8   9   0   1   6  0.22 0.17
  180 A    3 -1 -1 -1 -3  0 -1  1 -2 -1 -2 -1  0 -3  3  1  1 -3 -3  0   25   3   2   2   0   4   4   9   1   3   2   4   2   1  13  10   8   0   1   8  0.25 0.19
  181 E    2 -1 -1 -1 -3  1  1  0 -1 -1 -2  0 -2 -3  2  1  1 -3 -2 -1   23   3   2   2   0   5   8   7   1   3   4   6   1   1  11  10   7   0   1   4  0.20 0.16
  182 P    2 -2 -2 -2 -3  0 -1  1 -2 -2 -2  0 -1 -3  5  0  0 -3 -3 -1   20   2   1   2   0   4   4   9   1   2   4   4   1   1  28   7   6   0   1   4  0.48 0.25
  183 A    3 -1 -1 -1 -2  0 -1  1 -2 -1 -2  0 -1 -3  2  1  1 -3 -3  0   24   4   2   2   0   4   4   9   1   3   4   4   1   1  10  12   7   0   1   6  0.20 0.15
  184 A    2 -1 -2 -1 -2  0 -1  1 -2 -1 -2 -1 -1 -2  3  1  1 -3 -2  0   22   4   1   3   0   3   4  10   1   3   3   4   1   2  15   9   8   0   1   6  0.23 0.16
  185 Q    1  0 -1 -1 -2  1  0  0 -1 -1 -1  0 -2 -2  3  1  0 -3 -2  0   14   4   2   3   0   8   7   7   1   2   5   6   1   2  14   9   7   0   1   6  0.15 0.11
  186 Q    2  0 -1  0 -2  1  1  0 -1 -1 -1  0 -1 -2  2  1  0  0 -2 -1   19   4   3   4   0   8   7   5   1   3   6   5   2   1  11   9   7   1   1   4  0.14 0.11
  187 P    2 -1 -2 -2 -3 -1 -1  0 -3 -1 -1 -1 -1 -3  5  0  0 -2 -3 -1   19   3   2   2   0   3   3   6   1   4   5   3   2   1  30   7   5   0   1   5  0.47 0.24
  188 A    2  0 -1 -1 -2  0  0  0 -2 -1 -1  0 -1 -2  3  0  0 -2 -2  0   24   4   2   3   0   3   4   7   1   3   7   5   1   1  13   7   7   1   1   6  0.18 0.13
  189 A    2 -1 -1 -2 -2  0  0  0 -1 -1 -1  0 -1 -1  4  0  0 -2 -2  0   20   4   2   2   1   4   5   7   1   3   4   5   1   2  20   7   5   1   1   6  0.25 0.16
  190 A    2 -1 -1 -1 -2  0  0  0 -1 -1 -2  0 -1 -2  3  1  0  1 -2  0   16   3   1   4   0   4   5   5   1   3   4   6   1   1  17   9   6   2   1   7  0.20 0.13
  191 V    1 -1 -2 -1 -2  0 -1 -1 -1  0  0  0  0 -1  3  0  0 -1 -2  1   14   3   1   3   0   3   4   5   1   6   9   5   2   2  16   7   5   1   1  12  0.15 0.10
  192 Q    1  0 -1  0 -3  1  1 -1 -2 -1 -2  1 -2 -1  3  1  0 -3 -1 -1   13   4   2   6   0   6   9   4   1   3   4   7   1   3  17  10   5   0   2   4  0.20 0.13
  193 V    1 -1 -1  1 -1 -1  0 -1 -2  1  0 -1 -1 -1  2  0  0  0 -1  1   13   4   2   8   1   2   4   5   1   8   6   4   1   3  11   5   7   1   1  13  0.08 0.07
  194 P    1 -2 -1  1 -3  0  0 -1 -1 -1 -2 -1 -2  1  4  0  0 -3 -1 -1   11   2   2  10   0   3   6   4   1   3   4   4   1   8  22   7   5   0   2   5  0.27 0.15
  195 E    1 -1 -1  1 -2  0  1 -1 -1 -1 -1  0 -1  1  1  1  0 -2 -1  0   13   3   2   9   0   4  13   5   1   2   4   6   1   9   7  10   5   1   1   7  0.10 0.10
  196 G    1  0  0  0 -2  0  0  1 -1 -1 -2  1 -1  0  2  1  0 -3 -1 -1   10   3   3   4   0   4   5  13   1   3   4   8   1   5   9  15   4   0   2   5  0.11 0.09
  197 E    0  0 -1  1 -3  1  2 -1  0 -2 -2  1 -2  0  1  0  0  3  0 -2   10   3   2   9   0   8  13   5   2   1   3   8   1   5   6   7   6   5   4   2  0.14 0.11
  198 F    0  1 -1 -1 -3  0  0  3 -1 -1  0 -1 -1  2  0 -1 -1 -1 -1 -1    9   7   2   3   0   4   8  22   1   3  11   2   1  10   5   3   3   1   2   3  0.12 0.11
  199 P    0  2 -1  0 -4 -1  2  2 -2 -2 -2 -1 -2 -4  3  0 -1 -2 -2 -2    6  14   2   5   0   2  13  17   1   2   3   3   1   0  16   6   4   0   1   3  0.31 0.20
  200 E   -2 -3 -2  3 -3 -1  3  1 -2  1 -3 -2 -3 -2 -3 -1 -1 -3 -2  2    3   1   1  17   0   2  24  11   1   7   1   1   0   2   1   3   4   0   1  19  0.39 0.29
  201 T   -3  3 -2 -1 -5  1  5 -4  0 -2 -4  1 -3 -5 -4 -2  3 -3 -4 -1    1  15   2   3   0   5  37   1   2   2   1   7   0   0   0   2  17   0   0   4  0.72 0.43
  202 R   -2  5 -4 -2 -4 -2  1 -5 -1  0 -2 -1 -3 -4 -4 -1  2 -4 -4  2    3  35   0   2   0   1   8   0   1   6   2   3   0   1   1   3  14   0   0  18  0.66 0.41
  203 E   -3 -2 -4 -4 -5  2  4 -6 -3  3 -2  0 -1 -4 -5 -3 -2 -4 -5  4    1   2   0   0   0   8  24   0   0  17   3   6   1   0   0   1   2   0   0  33  0.75 0.45
  204 K   -1  0 -4 -3 -7 -2  0 -5 -5 -7 -7  3 -6 -8  7 -2 -4 -8 -7 -5    5   5   1   2   0   1   6   0   0   0   0  18   0   0  58   2   1   0   0   1  1.71 0.74
  205 M   -3 -5 -5 -7 -4 -5 -6 -7 -5  2  4 -6  7  2 -5 -6 -5 -4 -2  1    1   0   1   0   0   0   0   0   0  11  39   0  28   7   0   0   0   0   1  10  1.27 0.58
  206 S   -2  3  1 -1 -5 -3 -3 -2 -2 -2 -5  1 -4 -6 -1  4  3 -6 -5 -2    2  15   5   3   0   0   1   2   1   2   0   9   0   0   3  33  21   0   0   2  0.68 0.45
  207 G   -2  5  0 -4 -6  0 -3  5 -3 -5 -6  1 -2 -6  1 -1 -2 -6 -6 -3    3  28   3   0   0   3   0  39   0   0   0   7   1   0   7   4   2   0   0   2  0.92 0.49
  208 I   -4 -2 -6 -7 -5 -5 -6 -7 -5  5  3 -6  6 -1 -6 -5 -2 -5 -1  2    0   2   0   0   0   0   0   0   0  33  24   0  19   2   0   0   2   0   2  15  1.15 0.53
  209 R   -4  8 -3 -5 -8  2 -4 -5 -2 -8 -6  1 -2 -8 -7 -5 -2 -7 -6 -6    1  76   1   0   0   8   0   1   1   0   0   8   1   0   0   0   2   0   0   0  2.13 0.88
  210 K   -1  5 -4 -5 -5  2 -2 -5 -4 -6 -5  6 -3 -6 -6 -3 -4 -7 -5 -6    5  30   0   0   0   9   2   0   0   0   1  49   0   0   0   1   1   0   0   0  1.48 0.69
  211 A    3  1 -4 -4 -4 -1 -3 -3 -3  2  0  1  0 -4 -4 -1  2 -5 -3  2   23   8   0   0   0   2   0   1   0  14   7  11   2   0   0   2  15   0   0  12  0.38 0.30
  212 I   -3 -6 -6 -6 -5 -5 -6 -4 -7  7 -2 -6  5 -5 -6  0  2 -7 -5  0    1   0   0   0   0   0   0   1   0  54   1   0  15   0   0   8  14   0   0   5  1.44 0.66
  213 A    6 -5 -5 -6 -5 -5 -5  1 -5 -2 -5 -5 -3 -1 -5  0 -3 -6 -4  0   69   0   0   0   0   0   0  10   0   2   0   0   1   3   0   7   1   0   1   6  1.33 0.67
  214 K    0  3 -1  1 -6  2  4 -4 -2 -5 -5  4 -4 -6 -1 -2 -2 -6 -5 -4    7  13   2   7   0   9  29   0   1   0   0  24   0   0   3   2   2   0   0   1  0.75 0.44
  215 A    0  5  4 -4 -6  1 -3 -4  5 -6 -5  1 -5 -5 -5  0  0 -6 -3 -4    8  29  18   0   0   5   0   1  15   0   0   8   0   0   0   6   7   0   1   1  0.90 0.49
  216 M   -4 -7 -8 -8 -6 -6 -7 -8 -7 -3  4 -7 10 -5 -8 -7 -3 -7 -6 -2    1   0   0   0   0   0   0   0   0   0  29   0  66   0   0   0   2   0   0   2  2.62 1.01
  217 V    1 -1 -2 -3 -4  0 -2 -4  4 -1 -1 -1  0 -4 -4  1  2 -4 -3  3   10   3   1   1   0   5   1   1  10   3   6   4   2   0   0  12  16   0   0  25  0.37 0.30
  218 N    1  4  0  0 -5  2  4 -4  0 -3 -1  1  0 -4 -4 -2 -1 -5 -1 -3   10  21   4   4   0  10  24   0   2   1   6   7   2   0   0   2   3   0   2   1  0.48 0.33
  219 S    3 -5  1 -5 -1 -4 -5 -4 -5 -6 -7 -5 -6 -7 -5  6 -2 -7 -5 -3   26   0   7   0   1   0   0   1   0   0   0   0   0   0   0  63   1   0   0   2  1.53 0.77
  220 K    0  0 -2 -5 -5  1 -4 -5  0 -3  1  4  0 -1 -5 -3 -3  8 -2  0    8   4   2   0   0   7   0   0   2   1  16  23   2   2   0   1   1  23   1   7  0.89 0.47
  221 H   -1  2  1 -1 -3  3 -2 -3  3 -2  0  0 -1  1 -3  0  0 -4  0 -1    6  14   7   3   0  16   1   0   8   1   8   5   1   6   0   8   7   0   2   5  0.25 0.23
  222 T   -2 -1  2 -2 -4  0  1 -3  0 -1 -3 -1  0 -4 -4  1  5 -5 -3 -1    2   4  10   1   0   4   8   2   2   3   2   3   3   0   0   8  42   0   1   4  0.61 0.39
  223 A    3 -5 -3 -5 -3 -2 -5 -5 -6  5 -2 -4 -1 -4 -5  1  0 -6 -5  2   24   0   1   0   0   2   0   0   0  39   2   0   1   0   0  12   6   0   0  12  0.89 0.49
  224 P    3 -7 -7 -7 -7 -6 -6 -6 -7 -6 -7 -6 -7 -8  8 -4 -4 -8 -8 -2   27   0   0   0   0   0   0   0   0   0   0   0   0   0  69   0   1   0   0   3  2.38 0.97
  225 H   -4 -3 -5 -5 -8  3 -4 -7 10 -3 -5 -5  3 -5 -3 -4 -2 -7 -4 -6    1   1   0   0   0  13   0   0  69   1   1   0   7   0   1   1   2   0   0   0  2.65 1.01
  226 V   -1 -6 -6 -7 -2 -6 -6 -7 -6  0  2 -6 -1  5 -6 -5 -2 -5  0  5    6   0   0   0   1   0   0   0   0   3  16   0   1  23   0   0   3   0   3  46  1.13 0.54
  227 T   -2 -6 -3 -6 -4 -3 -5 -1  1 -4 -3 -5 -4 -4 -6  0  7  2  2 -3    2   0   1   0   0   1   0   6   3   0   2   0   0   1   0   6  66   2   8   2  1.46 0.73
  228 L   -2 -4 -1 -3 -2  3 -2 -2  3 -1  1 -3 -2  0 -5  0  3 -4  4  0    3   0   3   0   1  17   2   2   8   3  12   0   1   4   0   6  18   0  14   6  0.42 0.34
  229 M   -2 -4 -1 -4  1 -3 -4 -2  3 -1 -2 -4  4  5 -5 -1  0 -1  0  3    2   0   4   1   4   1   1   3   6   2   2   1  11  30   0   5   7   1   2  19  0.66 0.40
  230 D   -2 -4  2  6 -5 -2  2 -4  0  0 -3 -3  0  0 -5 -3 -2 -3 -2  1    3   0   8  42   0   1  15   1   3   5   2   1   2   4   0   1   2   0   1   9  0.81 0.45
  231 E   -4 -2 -3  2 -8  0  7 -6 -4 -6 -4 -1 -4 -7 -6 -3 -2 -7 -5 -5    1   1   1  10   0   3  73   0   0   0   2   4   1   0   0   1   2   0   0   1  1.75 0.80
  232 V    4 -6 -6 -6  2 -5 -6 -5 -6  4 -2 -5 -3 -2 -6 -3 -3 -6 -3  5   30   0   0   0   4   0   0   0   0  19   3   0   0   1   0   1   1   0   1  40  1.10 0.55
  233 D   -5 -3  1  8 -4 -4  0 -6 -5 -6 -7 -5 -8 -8 -6 -4 -5 -9 -6 -5    0   1   7  82   0   1   4   0   0   0   0   0   0   0   0   0   0   0   0   1  2.38 0.93
  234 V    0 -6 -6 -7 -1 -5 -6 -6 -6  4  0 -6  7  0 -6 -5 -3 -4 -4  5    7   0   0   0   1   0   0   0   0  21   7   0  25   3   0   0   1   0   0  34  1.23 0.57
  235 T   -3 -4 -3  1 -5 -3 -2 -2 -4 -6 -6 -3 -5 -6 -5  2  7 -7 -6 -5    2   0   1   9   0   1   3   3   0   0   0   1   0   0   0  15  65   0   0   0  1.55 0.76
  236 N    2  2  2  2 -5  0  4 -1 -1 -5 -5  2 -4 -6 -1 -1 -3 -4 -5 -4   16  11   8  12   0   4  26   3   1   0   1  11   0   0   4   2   1   0   0   0  0.54 0.35
  237 L   -1 -6 -7 -7 -3 -5 -6 -7 -6  3  5 -6  2 -2 -6 -5 -2 -6 -5  2    5   0   0   0   0   0   0   0   0  12  61   0   4   1   0   0   2   0   0  14  1.22 0.56
  238 V    0 -3 -3 -1 -4 -2  3 -5 -3  1  0 -2  4 -2 -5 -2 -2  1 -2  3    9   1   1   3   0   1  24   0   0   6   7   2  11   1   0   2   2   2   1  26  0.48 0.35
  239 A    3  2  0  1 -5  1  2 -2 -2 -4 -4  1 -4 -5 -4  0 -1 -6 -4 -2   30  10   5   9   0   7  16   2   1   0   1  10   0   0   0   5   3   0   0   2  0.48 0.34
  240 H   -2 -4 -5 -6 -4 -4 -5 -6  0  1  5 -5  2  4 -6 -4 -3  3  0  0    3   1   0   0   0   0   0   0   3   6  49   0   5  18   0   1   1   4   3   5  0.91 0.45
  241 R   -7  9 -6 -7 -6 -3 -5 -8 -4 -6 -5 -1 -6 -8 -7 -6 -6 -6 -5 -5    0  93   0   0   0   1   0   0   0   0   1   2   0   0   0   0   0   0   0   1  2.88 1.08
  242 K    1  1  1  0 -4  2  3 -2 -2 -4 -4  4 -3 -5 -3  0 -1 -5 -4 -2   13   5   8   5   0   7  18   3   1   1   1  26   0   0   0   5   4   0   0   3  0.46 0.32
  243 Q    1  3 -2 -1 -5  4  2 -3  0 -5 -3  3 -3 -5 -4  1 -1 -4 -4 -3   10  19   1   3   0  17  15   1   2   0   2  15   0   0   0   9   3   0   0   1  0.56 0.36
  244 F   -1 -2 -1 -4 -3 -1 -1 -4  2  1  3 -2  2  1 -5 -2 -2 -1  3  0    6   2   3   0   0   3   3   1   5   6  36   3   6   6   0   2   1   1  10   5  0.37 0.26
  245 K   -2  1  4 -3 -6  0 -3 -3 -3 -5 -3  6 -4 -6 -5 -2 -3 -6 -5 -4    4   6  19   1   0   4   1   2   0   1   2  55   0   0   0   2   1   0   0   1  1.25 0.61
  246 Q    2 -1 -1  3 -5  0  3 -1 -2 -5 -4  1 -3 -5  2  0 -1 -5 -4 -3   18   2   2  16   0   4  22   4   1   0   1   8   0   0  11   5   4   0   0   2  0.48 0.32
  247 V    1  0 -1  0 -3  1  2 -2  0  0  0  0  0  3 -2  0  0 -2 -1  0   11   6   2   6   0   5  15   1   2   5   8   6   2  14   1   5   5   0   1   5  0.12 0.13
  248 A    3  0 -2 -3 -3 -1 -1 -2 -2 -1  0 -1 -1  3 -2 -1 -2  0  1  0   32   5   2   1   0   2   4   2   1   3  11   3   1  14   2   3   1   1   5   7  0.26 0.23
  249 A    2  0 -3 -1 -5  1  5 -2 -3 -4 -3  3 -3 -4 -1 -1 -2 -5 -5 -4   19   3   1   2   0   6  35   3   0   1   2  18   1   0   3   4   2   0   0   1  0.66 0.40
  250 D    1  2 -1  1 -5  1  3 -1 -2 -4 -4  4 -3 -3 -2  0 -2 -5 -3 -4   13  10   2   6   0   6  18   4   1   1   1  27   0   1   2   5   2   0   0   1  0.50 0.32
  251 Q    0  3  0 -1 -4  3  2 -1  4 -4 -3  2 -1 -4 -2  0  0 -4  0 -3    7  14   4   3   0  11  14   3  10   0   2  13   1   0   2   6   5   0   3   1  0.37 0.25
  252 G   -3 -3  0  1 -6 -1 -1  6 -3 -6 -6 -3 -6 -5 -3 -2 -4 -6 -6 -6    1   2   4   9   0   2   4  69   1   0   1   2   0   0   2   3   0   0   0   0  1.46 0.61
  253 I    0 -2 -3 -4 -3 -2 -2  0 -3  3 -1 -3 -2  0  0 -2  1 -4 -1  4    6   2   1   1   0   2   2   7   0  17   4   1   0   4   4   1   7   0   2  37  0.46 0.30
  254 K   -4  4  1 -3 -7 -3 -3 -3  1 -7 -6  7 -5 -7 -3 -1 -3 -7 -6 -5    1  18   6   1   0   0   0   2   3   0   0  61   0   0   1   5   1   0   0   0  1.48 0.68
  255 L   -5 -6 -7 -8 -5 -6 -7 -8 -5  2  6 -6  0  0 -3 -6 -5 -5 -4  1    0   0   0   0   0   0   0   0   0  11  72   0   1   3   2   0   0   0   0  10  1.51 0.65
  256 T   -4 -6 -3 -4 -6 -5 -5  0 -5 -6 -6 -5 -6 -7 -5  4  7 -7 -6 -5    0   0   1   0   0   0   0   8   0   0   0   0   0   0   0  25  65   0   0   0  1.84 0.86
  257 Y   -5 -6 -6 -7 -6 -5 -6 -5 -3  0  1 -6  3  6  1 -6 -4 -3  6  0    0   0   0   0   0   0   0   1   0   4  12   0   8  28   9   0   1   0  31   7  1.31 0.60
  258 L   -4 -6  1 -6 -5 -4 -6 -6 -6 -2  5 -5  7 -2 -6 -4  3 -6 -5 -2    0   0   8   0   0   0   0   0   0   1  46   0  25   2   0   1  15   0   0   2  1.27 0.62
  259 P    2 -6 -5  1 -5 -5 -5 -3 -2 -5 -5 -5 -6 -7  7  1 -4 -8 -5 -1   19   0   0   9   0   0   0   2   1   0   1   0   0   0  53   9   1   0   0   4  1.52 0.70
  260 Y   -6 -7 -8 -8 -7 -8 -8 -8 -6  1  1 -8  0  9 -8 -7 -6 -3  1 -3    0   0   0   0   0   0   0   0   0   9  11   0   2  73   0   0   0   0   4   1  2.33 0.86
  261 V   -3 -6 -6 -7 -3 -6 -7 -7 -5  4  2 -6  1  6 -7 -6 -4 -4 -2  3    2   0   0   0   0   0   0   0   0  27  20   0   3  30   0   0   0   0   0  16  1.18 0.53
  262 V    1 -6 -6 -6 -3 -5 -6 -6 -6  5  1 -5  4 -3 -6 -4  0 -6 -4  4   12   0   0   0   0   0   0   0   0  31  11   0  11   1   0   1   6   0   0  28  0.98 0.48
  263 K   -3  2 -4 -5 -7 -1 -2 -6 -3 -6 -3  7 -3 -5 -6 -3 -4 -3 -4 -5    2   9   0   0   0   2   1   0   1   0   3  77   1   0   0   1   1   0   1   1  1.88 0.82
  264 A    7 -6 -6 -7 -4 -6 -5 -5 -7 -1 -5 -6 -3 -6 -6 -2 -4 -7 -7 -1   90   0   0   0   0   0   0   0   0   3   1   0   1   0   0   2   0   0   0   3  2.13 0.92
  265 L    3 -5 -5 -6  5 -5 -5 -5 -6  0  2 -5  1 -3 -5 -1  0 -6 -5  4   21   0   0   0  11   0   0   0   0   4  16   0   3   0   0   3   7   0   0  33  0.80 0.45
  266 T    4 -5 -5 -5  3 -4 -5 -4 -5  1 -2 -5 -2 -5 -4  2  1 -6 -4  4   33   0   0   0   5   0   0   1   0   8   2   0   0   0   0  14   8   0   0  28  0.78 0.47
  267 S    1  1  0 -1 -3  0  1 -1  1  0  1  1  1 -2 -2  0 -1 -2 -1  0   15   7   3   3   0   4  12   3   4   5  16   8   4   1   1   5   3   0   2   5  0.08 0.11
  268 A    7 -6 -5 -6  0 -5 -5  0 -6 -5 -4 -5 -2 -7 -5 -1 -1 -7 -6 -1   77   0   0   0   2   0   0   6   0   0   1   0   1   0   0   4   4   0   0   4  1.61 0.76
  269 L   -5 -7 -8 -8 -3 -7 -7 -8 -7  1  6 -6  1 -3 -7 -6 -5 -6 -6 -1    1   0   0   0   0   0   0   0   0   7  86   0   3   0   0   0   0   0   0   3  1.92 0.78
  270 K   -1  4 -2 -4 -5  2 -1 -4  0 -4 -2  6 -3 -6 -2 -2 -2 -6 -4 -3    4  21   1   1   0   9   4   1   2   1   4  44   1   0   2   2   2   0   0   2  0.92 0.50
  271 K    1  2 -2  2 -6  3  4 -4 -1 -4 -4  3 -4 -6 -4 -1 -2 -6 -5 -3   14   9   1   9   0  12  27   0   1   1   1  18   0   0   0   3   2   0   0   1  0.66 0.41
  272 Y   -5 -6 -1 -7 -3 -3 -5 -7  6 -3 -3 -6  1  7 -7 -5 -4 -1  6 -1    0   0   3   0   1   1   0   0  21   1   2   0   3  39   0   0   1   1  22   4  1.66 0.70
  273 P   -5 -4 -6 -6 -8 -5 -5 -8 -8 -8 -9 -5 -8 -9  9 -6 -6 -4 -9 -8    1   1   0   0   0   0   0   0   0   0   0   0   0   0  96   0   0   0   0   0  3.41 1.24
  274 V    0  1  0 -1 -3  1  1 -2 -1  2  0  0  2 -2 -3 -1 -1 -2  0  0    8   7   5   4   0   9   9   1   2  16   8   6   6   1   0   3   3   0   4   7  0.10 0.14
  275 L   -3 -6 -7 -7 -2 -6 -6 -7 -6  2  4 -6  2  5 -6 -6 -4 -4 -3  3    2   0   0   0   1   0   0   0   0  12  33   0   5  27   0   0   0   0   0  21  1.14 0.52
  276 N   -6 -5  9 -4 -6 -5 -6 -6 -5 -9 -9 -5 -8 -7 -8 -4 -5 -9 -8 -8    0   0  98   0   0   0   0   0   0   0   0   0   0   0   0   0   0   0   0   0  3.32 1.22
  277 T    6 -5 -5 -5 -1 -5 -5 -2 -6 -4 -6 -5 -5 -6 -5  4 -1 -4 -6 -2   60   0   0   0   1   0   0   2   0   1   0   0   0   0   0  29   3   0   0   3  1.45 0.72
  278 S   -1  1 -3 -4 -1  0  0 -5  1 -4 -5 -3 -2 -4 -5  6  2 -2 -2 -3    3   8   1   0   1   4   5   0   3   1   1   1   1   1   0  57  10   1   2   2  1.02 0.60
  279 I   -4 -6 -6 -7 -3 -5 -6 -6 -5  4  4 -6  0  2 -5 -5 -3  5  2  2    1   0   0   0   0   0   0   0   0  21  36   0   2   7   0   0   1   7   8  16  0.97 0.46
  280 D   -2 -3  2  7 -5  0 -1 -4 -1 -4 -4 -3 -4 -4 -4  0 -1 -6 -4 -3    3   1   8  59   0   4   2   1   1   1   2   1   0   1   1   7   4   0   1   3  1.24 0.55
  281 D    0 -2 -1  3 -4 -1  4  1 -2 -3 -2 -1  1 -3  1 -1 -1 -1 -3 -2    7   1   2  16   0   1  28  12   1   1   5   2   4   1   7   4   3   1   1   3  0.37 0.24
  282 N    1 -2  1  3 -4 -1  4 -2 -1 -4 -4  0 -3 -4 -2  0  0 -5 -3 -3   12   1   6  19   0   2  30   3   1   0   1   5   0   1   1   7   6   0   1   2  0.53 0.32
  283 T    1  0  2 -2  2 -2 -1  4 -1 -4 -3  1 -3 -3 -3  0  1 -4 -3 -3   13   5  11   1   5   1   4  31   1   0   2   9   0   1   1   4   8   0   0   1  0.43 0.27
  284 D   -2 -1  1  3 -4  3  3  2 -2 -3 -3  1 -2 -4 -2  0 -1 -4 -3 -4    2   2   6  19   0  12  18  14   1   2   2   7   1   1   1   5   4   0   1   1  0.43 0.25
  285 E   -1  0  2  1 -5  2  5 -3  0 -3 -4  1 -3 -4 -4  0  0 -5 -3 -2    4   4  10   7   0   8  37   1   2   2   1   7   0   1   0   6   6   0   1   4  0.58 0.34
  286 V   -5 -5 -6 -7 -5 -6 -7 -7 -7  7  3 -5  1 -3 -7 -6 -4 -4 -2  3    0   1   0   0   0   0   0   0   0  56  22   1   3   1   0   0   0   0   1  15  1.49 0.62
  287 I   -3  0 -5 -5 -4 -3 -4 -6  1  5  0 -3 -2 -3 -6 -4  2 -4 -2  5    1   5   0   0   0   1   1   0   4  31   6   1   0   0   0   1  13   0   1  34  0.90 0.47
  288 Q   -4  0 -5 -6 -4  1 -3 -6  1  0  2 -2  0  1 -6 -5 -3 -1  7  0    0   5   0   0   0   7   2   0   2   6  21   2   2   4   0   0   1   1  38   8  0.95 0.50
  289 K   -4  1  0 -5 -6 -2 -3 -6  6 -5 -4  6 -3 -1 -2 -4 -5 -5  1 -5    1   7   3   0   0   1   0   0  20   0   2  54   1   3   2   1   0   0   4   1  1.46 0.68
  290 H    0  1  2  2 -5  1  0  1  4 -4 -5  4 -4 -5 -1  0 -3 -4 -3 -5    9   7   8  11   0   5   5  10   9   1   0  26   0   0   3   6   1   0   0   0  0.49 0.32
  291 Y    0  0 -1  1 -5 -1  0 -3  3 -5 -5 -3 -4  1 -4  0 -3 -3  7 -2    8   5   3   9   0   3   6   1   6   0   0   0   0   5   1   8   1   0  40   3  0.90 0.50
  292 Y   -3 -4 -5 -6  2 -3 -1 -6  5  4 -3 -5 -3  2 -5 -5 -4 -2  6  3    2   1   0   0   4   1   5   0  12  20   1   0   0   7   0   0   0   0  25  22  1.01 0.51
  293 N   -6 -5  8  1 -8 -4 -5 -5  8 -8 -8 -5 -7 -7 -7 -4 -5 -8 -5 -7    0   0  62   6   0   0   0   1  30   0   0   0   0   0   0   0   0   0   0   0  2.51 0.97
  294 I   -4 -7 -7 -7 -4 -7 -7 -8 -7  7  2 -7  2 -2 -7 -6 -4 -6 -5  2    1   0   0   0   0   0   0   0   0  65  16   0   4   1   0   0   0   0   0  12  1.74 0.69
  295 G   -2 -6 -4 -6 -2 -6 -7  7 -7 -8 -8 -6 -7 -8 -7  0 -6 -7 -8 -8    3   0   0   0   1   0   0  89   0   0   0   0   0   0   0   7   0   0   0   0  2.42 0.92
  296 I   -5 -7 -7 -7 -2 -6 -7 -8 -7  6 -1 -7  4  3 -7 -6 -5 -6 -4  4    0   0   0   0   1   0   0   0   0  48   5   0   8  11   0   0   0   0   0  27  1.50 0.64
  297 A    7 -7 -7 -7 -5 -6 -6 -3 -7 -6 -7 -6 -5 -7 -6 -3 -5 -8 -7 -5   98   0   0   0   0   0   0   1   0   0   0   0   0   0   0   1   0   0   0   0  2.52 1.03
  298 A    1 -6 -6 -7 -4 -6 -6 -7 -7  0 -3 -6  4 -5 -6 -5  2 -7 -6  7   10   0   0   0   0   0   0   0   0   2   1   0   8   0   0   0  12   0   0  67  1.59 0.72
  299 D    3 -5 -1  7 -6 -1 -2 -2 -1 -7 -7 -5 -3 -7 -5  0 -4 -8 -5 -6   27   0   2  55   0   3   2   3   1   0   0   0   1   0   0   6   0   0   0   0  1.46 0.69
  300 T   -1 -4 -5 -5 -4 -5 -5 -4 -5 -2  0 -5 -3 -6 -6  0  7 -7 -6 -1    4   1   0   0   0   0   0   1   0   2  11   0   0   0   0   7  69   0   0   4  1.57 0.76
  301 E   -2 -4 -3  4 -7 -2  4 -4 -5 -7 -7  0 -6 -8  6 -3 -4 -8 -7 -6    3   0   1  22   0   1  25   1   0   0   0   5   0   0  40   2   0   0   0   0  1.45 0.68
  302 K    0  3  3  3 -5  2  1 -1  1 -4 -4  1 -3 -4 -4 -1 -1  1 -2 -3    9  15  15  16   0  10   9   3   3   1   1   8   0   0   0   3   3   2   1   1  0.43 0.29
  303 G   -4 -6 -5 -6 -8 -7 -6  8 -7 -9 -9 -5 -8 -8 -7 -5 -7 -8 -8 -8    1   0   0   0   0   0   0  98   0   0   0   0   0   0   0   0   0   0   0   0  2.83 1.03
  304 L   -6 -7 -8 -9 -6 -7 -8 -9 -8 -3  7 -7 -3 -4 -8 -7 -6 -7 -6 -3    0   0   0   0   0   0   0   0   0   0 100   0   0   0   0   0   0   0   0   0  2.47 0.96
  305 L   -3 -6 -5 -7 -5 -5 -6 -7 -6  4  2 -5  5  0 -6 -5 -2 -5 -1  4    1   0   0   0   0   0   0   0   0  24  21   0  13   3   0   0   3   0   2  32  1.07 0.50
  306 V   -3 -7 -7 -8 -6 -7 -7 -8 -8 -2 -4 -7 -3 -6 -6 -4  0 -8 -6  8    2   0   0   0   0   0   0   0   0   0   0   0   0   0   0   1   5   0   0  91  2.38 0.95
  307 P   -4 -8 -8 -7 -8 -7 -7 -8 -8 -8 -8 -7 -8 -6  9 -6 -7 -9 -9 -6    2   0   0   0   0   0   0   0   0   0   0   0   0   1  97   0   0   0   0   0  3.47 1.26
  308 V   -5 -7  3 -7 -3 -6 -7 -7 -7 -1 -4 -5 -3 -5 -6 -5 -4 -8 -6  7    0   0  15   0   0   0   0   0   0   2   0   0   0   0   0   1   1   0   0  81  2.06 0.87
  309 V   -5 -7 -7 -8 -5 -7 -7 -8 -7  7  2 -7 -2 -3 -7 -6 -5 -7 -5  4    0   0   0   0   0   0   0   0   0  56  15   0   0   1   0   0   0   0   0  28  1.72 0.70
  310 K   -4  6 -3 -5 -8 -2 -4 -5  3 -7 -6  6 -5 -6 -4 -4 -4 -7 -5 -7    1  40   1   0   0   1   0   0   6   0   0  47   0   0   1   1   1   0   0   0  1.77 0.77
  311 N   -4 -2  5  6 -6 -1 -1 -1  4 -7 -7 -2 -6 -3 -6 -2 -5 -8 -5 -7    1   2  31  42   0   2   2   5   9   0   0   2   0   1   0   2   0   0   0   0  1.42 0.65
  312 A    6 -6 -6 -6  3 -6 -6 -5 -6 -3 -5 -5 -5 -6 -4 -3 -1 -7 -6  4   60   0   0   0   5   0   0   0   0   0   0   0   0   0   1   1   3   0   0  30  1.52 0.73
  313 D   -3 -4  0  7 -7  3  2  0  0 -7 -7 -4 -6 -7 -6 -3 -5 -5 -6 -7    2   1   4  56   0  12  14   8   2   0   0   0   0   0   0   1   0   0   0   0  1.51 0.69
  314 R   -1  3  1  1 -4  4  1 -2 -1 -4 -4  3 -2 -5 -4  0 -1 -6 -4 -4    5  18   5   9   0  18   8   2   1   1   2  18   1   0   0   7   3   0   0   1  0.54 0.35
  315 K   -5  1 -5 -6 -3 -2 -4 -6 -5 -4  3  6  3 -4 -6 -5 -5 -6 -3 -4    0   6   0   0   0   1   0   0   0   0  30  52   8   0   0   0   0   0   1   0  1.35 0.67
  316 A   -3 -4  3  0 -5 -4 -4  3 -4 -7 -7 -4 -6 -7 -3  5  1 -7 -6 -6    0   1  15   6   0   0   0  18   0   0   0   0   0   0   1  50   9   0   0   0  1.17 0.64
  317 I   -5 -6 -7 -7 -4 -6 -7 -7 -6  5  4 -6  2  1 -4 -6 -4 -5 -4  3    0   0   0   0   0   0   0   0   0  33  40   0   4   6   1   0   0   0   0  16  1.23 0.54
  318 F    1  0 -3 -3 -3 -2 -2 -2 -2  1  2 -1  1  2 -1 -1  0  3  0  1   16   5   1   0   0   0   1   3   1   7  22   4   3  11   3   4   5   5   3   8  0.19 0.17
  319 E   -1 -2 -3  3 -7  4  5  2 -3 -7 -6 -3 -4 -7 -5 -2 -1 -6 -6 -6    5   1   1  14   0  18  39  16   0   0   0   1   0   0   0   2   3   0   0   0  1.04 0.56
  320 I   -5 -7 -6 -7 -4 -7 -7 -8 -7  7  4 -7 -1 -3 -7 -6 -4 -4 -5  1    1   0   0   0   0   0   0   0   0  54  36   0   1   0   0   0   1   0   0   8  1.63 0.67
  321 S    6 -5 -3 -5 -2 -2  0 -2 -3 -6 -6 -5 -5 -7 -5  2 -2 -7 -6 -3   70   0   1   0   1   1   7   2   0   0   0   0   0   0   0  14   2   0   0   1  1.45 0.72
  322 N    1  4 -1 -1 -4  2  1 -2 -1 -2 -2  3 -2 -5 -4  0  0 -4 -4 -1   14  20   2   3   0   8   7   3   1   3   3  19   1   0   0   6   4   0   0   5  0.37 0.27
  323 E    1 -1 -2  1 -7  1  6 -2 -3 -6 -6  0 -3 -7 -5 -2 -3 -7 -6 -5   11   3   2   7   0   4  58   3   0   0   0   6   1   0   0   2   2   0   0   0  1.20 0.62
  324 I   -1 -5 -6 -6 -2 -5 -6 -6 -6  5  3 -6  3 -3 -6 -2 -1 -6 -4  2    4   0   0   0   1   0   0   0   0  38  30   0   6   0   0   3   5   0   0  13  1.00 0.48
  325 N    2  0  3  0 -4  1  0  0 -1 -3 -3  1  0 -4 -3  1  0 -5 -3 -2   20   6  15   4   0   8   6   7   1   1   1  10   2   0   1   8   6   0   1   3  0.28 0.23
  326 E   -1  4 -2  5 -6  0  4 -3 -2 -4 -5 -2 -5 -6 -5 -2 -1 -4 -4 -3    6  22   1  28   0   3  26   2   1   1   1   1   0   0   0   3   3   0   0   2  0.85 0.47
  327 L   -4 -6 -5 -8 -4 -6 -7 -8 -6  1  6 -3  0  0 -7 -6 -5 -6 -2  0    1   0   1   0   0   0   0   0   0   6  79   2   2   3   0   0   0   0   1   6  1.60 0.69
  328 A    5 -4 -4 -5 -4  1 -4  0 -3 -1 -4 -4 -2 -6 -5  2  1 -6 -5  0   48   0   0   0   0   6   0   7   0   4   1   0   1   0   0  17   7   0   0   7  0.85 0.51
  329 T    1  0 -1  1 -5  2  4  0 -2 -3 -3  2 -3 -5 -4  0  0 -5 -3 -2   14   3   3   9   0   8  29   6   1   1   2  10   0   0   0   5   6   0   1   3  0.43 0.31
  330 K    1  5 -3 -3 -6 -1 -3 -3 -4 -5  0  5 -4 -5 -5 -3 -3 -6 -5 -4   12  32   1   1   0   2   1   1   0   0  10  36   0   0   0   1   1   0   0   1  1.03 0.55
  331 A    7 -5 -6 -6 -2 -5 -5  1 -6 -5 -6 -5 -5 -7 -5 -2  1 -7 -6 -1   77   0   0   0   1   0   0   9   0   0   0   0   0   0   0   2   7   0   0   3  1.69 0.78
  332 R   -3  8 -3 -6 -8  0 -4 -6  0 -5 -5  2 -3 -7 -6 -3 -5 -6 -5 -5    2  77   1   0   0   3   1   0   2   1   1   9   1   0   0   1   0   0   0   1  2.12 0.87
  333 E    2 -2  2  4 -5  0  3 -2 -3 -5 -4 -1 -5 -6 -4  1  1 -6 -5 -4   16   2  11  24   0   4  19   2   0   0   1   3   0   0   0   9   9   0   0   0  0.62 0.39
  334 G   -4  3  3 -4 -7 -2 -4  5 -3 -7 -6  3 -5 -7 -6 -3 -5 -7 -6 -6    0  16  14   0   0   2   0  49   0   0   0  15   0   0   0   1   0   0   0   0  1.29 0.61
  335 K   -3  2 -2 -3 -7  2 -2 -3 -3 -6 -5  7 -4 -7 -5 -1  1 -7 -6 -5    2   9   2   1   0   8   2   2   1   0   1  61   0   0   0   5   7   0   0   0  1.36 0.66
  336 L   -1 -6 -6 -7 -5 -6 -7 -7 -6  2  6 -6 -2 -1 -6 -4 -3 -6 -5  0    5   0   0   0   0   0   0   0   0  11  72   0   0   2   0   1   1   0   0   6  1.44 0.64
  337 A    0  0 -1 -1 -4  0 -1  1 -3 -4 -2  3 -1 -5 -1  3  3 -5 -4 -3    8   4   1   3   0   3   3  10   0   0   4  17   2   0   2  22  19   0   0   1  0.40 0.32
  338 P    0  0 -5 -5 -5 -2 -4 -4 -4  0  1 -2  1 -4  6 -1 -1 -6 -4 -1    6   6   0   0   0   2   1   1   0   5  16   2   4   0  45   4   3   0   0   4  1.00 0.51
  339 A    1 -3  1  5 -6  0  4 -2 -2 -6 -6 -1 -3 -6 -4  0 -2 -7 -6 -5   13   1   5  37   0   3  24   3   1   0   0   3   0   0   0   6   2   0   0   0  0.93 0.49
  340 E   -5 -5 -3  6 -8  0  6 -6 -2 -8 -7 -4 -7 -8 -6 -4 -5 -8 -6 -7    1   0   0  49   0   3  44   0   1   0   0   1   0   0   0   1   0   0   0   0  1.94 0.83
  341 M   -5 -6 -7 -7 -5 -4 -7 -7 -5  1  5 -6  8  0 -7 -5 -3 -2 -2  1    0   0   0   0   0   0   0   0   0   6  45   0  33   3   0   0   1   1   1   8  1.53 0.67
  342 K    0  2 -3 -3 -5  5  0 -2 -2 -4 -5  2 -1 -5 -5  3  2 -6 -4 -3    6   9   0   1   0  29   4   3   1   1   0  10   1   0   0  19  14   0   0   1  0.71 0.46
  343 G   -4 -6 -1 -1 -7 -6 -4  7 -3 -9 -9 -5 -8 -7 -7 -4 -6 -7 -7 -8    0   0   3   4   0   0   1  89   1   0   0   0   0   0   0   0   0   0   0   0  2.38 0.91
  344 A    1 -6 -3 -5 -6 -5 -6  7 -5 -8 -8 -6 -7 -7 -6  2 -4 -7 -7 -7   12   0   1   0   0   0   0  70   0   0   0   0   0   0   0  16   1   0   0   0  1.82 0.77
  345 S   -5 -6 -3 -6  4 -6 -6 -5 -7 -5 -6 -6 -6 -7 -6  1  8 -8 -7 -4    0   0   1   0   9   0   0   1   0   0   0   0   0   0   0   9  80   0   0   1  2.28 0.98
  346 C   -6 -8 -8 -8 -2 -8 -8 -8 -6  2 -3 -8  0  9 -8 -7 -6 -4  0 -3    1   0   0   0   1   0   0   0   0  12   1   0   2  80   0   0   0   0   1   1  2.68 0.97
  347 T   -4 -6 -5 -6 -4 -6 -6 -6 -7 -6 -6 -6 -6 -7 -6  3  8 -8 -7 -5    0   0   0   0   0   0   0   0   0   0   0   0   0   0   0  17  82   0   0   0  2.38 1.02
  348 I   -5 -7 -8 -8 -6 -7 -7 -8 -8  7  2 -7 -3 -3 -7 -7 -5 -7 -4  3    0   0   0   0   0   0   0   0   0  68  16   0   0   1   0   0   0   0   0  15  1.91 0.75
  349 T   -3 -6 -1 -4 -6 -5 -5 -5 -6 -6 -6 -5 -6 -5 -6  6  6 -7 -6 -5    1   0   2   0   0   0   0   0   0   0   0   0   0   0   0  51  45   0   0   0  1.85 0.87
  350 N   -6 -5  8 -4 -7 -4 -4 -5 -5 -8 -7 -5 -7 -8 -7  3 -5 -9 -7 -8    0   0  76   0   0   0   0   0   0   0   0   0   0   0   0  22   0   0   0   0  2.52 1.01
  351 I   -2 -5 -4 -5 -4 -3 -5  0 -2  4  3 -5  0  0  0 -4  1 -3  1  1    2   0   0   0   0   1   0   8   1  21  34   0   1   3   6   0   8   0   5   8  0.53 0.33
  352 G   -4 -7 -5 -6 -8 -7 -7  8 -7 -9 -9 -7 -8 -8 -7 -4 -7 -4 -8 -8    0   0   0   0   0   0   0  98   0   0   0   0   0   0   0   1   0   0   0   0  2.86 1.04
  353 S    2 -3 -1 -4 -3 -2 -4  3 -2 -1 -4 -2  3 -4  0  3  0 -5 -5  1   14   1   3   0   0   1   0  19   1   3   0   2   9   0   4  27   6   0   0  11  0.48 0.36
  354 A   -2 -1 -4 -5 -4 -3 -4 -4 -2  5  1 -4  0  5 -6 -4 -3 -1  2  1    3   4   1   0   0   1   1   1   1  35  13   0   2  23   0   1   1   1   8   6  0.84 0.42
  355 G   -4 -5 -4 -2 -7 -6 -5  8 -7 -9 -9 -6 -8 -8 -5 -5 -6 -8 -8 -7    1   1   1   2   0   0   1  93   0   0   0   0   0   0   0   0   0   0   0   0  2.57 0.96
  356 G    1 -5 -1 -5 -5 -5 -5  6 -6  0 -5 -5 -4 -6 -5  2 -1 -6 -6  0   10   0   2   0   0   0   0  56   0   6   1   0   0   0   0  14   3   0   0   6  1.15 0.56
  357 Q   -3 -2 -3  0 -4 -2 -1 -2 -4  1  3 -3  2 -3 -4 -1  4 -1 -3  0    1   2   1   7   0   2   5   3   0   7  25   1   4   0   0   3  31   1   1   6  0.47 0.35
  358 W    1 -3 -2 -4 -4 -2 -2  0  1 -1  0 -4  3  4 -5 -1 -1  3  5 -1   12   1   1   1   0   2   3   7   4   3   7   0   8  21   0   4   3   3  18   3  0.49 0.32
  359 F    2 -5 -4  0 -4 -5 -5  2 -4 -5 -3 -5 -1  6 -5  2  0 -4 -3 -3   20   0   0   7   0   0   0  15   0   0   1   0   1  35   0  15   5   0   0   1  0.90 0.51
  360 T   -1 -3 -3 -5 -5 -4 -5 -5 -3 -2 -4 -2  1 -3 -6  0  7 -7 -5 -2    5   1   1   0   0   0   0   1   1   2   2   3   3   1   0   6  73   0   0   2  1.64 0.79
  361 P    0 -7 -7 -7 -8 -6 -6 -4 -8 -7 -7 -6 -8 -9  9 -3 -6 -9 -8 -6    6   0   0   0   0   0   0   1   0   0   0   0   0   0  90   2   0   0   0   0  3.06 1.14
  362 V   -6 -8 -8 -8 -3 -7 -8 -8 -8  8 -1 -7 -1 -5 -7 -7 -5 -7 -6  3    0   0   0   0   1   0   0   0   0  75   4   0   1   0   0   0   0   0   0  19  2.19 0.83
  363 I   -5 -7 -8 -8 -5 -7 -7 -8 -8  7  1 -7 -2 -4 -6 -6 -5 -7 -6  3    0   0   0   0   0   0   0   0   0  67  12   0   0   0   0   0   0   0   0  20  1.91 0.75
  364 N   -6 -3  8 -4 -7 -3 -5 -5 -1 -6 -3 -3  0 -1 -2 -3 -3 -8 -3 -2    0   1  77   0   0   1   0   0   2   0   4   1   2   3   3   1   1   0   1   4  2.10 0.89
  365 H    2 -3 -4 -4 -4  3 -4 -4  3 -4 -2 -2 -2 -1  5 -1 -2  2  4 -2   15   1   0   0   0  14   0   1   8   0   3   1   1   3  28   3   2   2  14   2  0.79 0.47
  366 P   -5 -7 -5 -5 -8 -7 -6 -2 -8 -8 -8 -5 -8 -9  9 -6 -6 -9 -7 -8    0   0   1   0   0   0   0   4   0   0   0   0   0   0  94   0   0   0   0   0  3.26 1.20
  367 E   -5 -4  0 -1 -8  6  6 -7 -3 -8 -7 -4 -6 -8 -6 -5 -4 -7 -7 -7    0   0   4   2   0  37  56   0   0   0   0   0   0   0   0   0   1   0   0   0  2.02 0.90
  368 V    2 -6 -5 -6 -1 -6 -6 -4 -6 -1 -2 -6 -4 -5 -5  2 -1 -7 -5  6   14   0   0   0   1   0   0   1   0   1   2   0   0   0   0  14   4   0   0  62  1.31 0.65
  369 A    7 -6 -6 -6  1 -6 -6  2 -6 -6 -6 -5 -3 -7 -6 -2 -4 -7 -7 -3   78   0   0   0   3   0   0  15   0   0   0   0   0   0   0   1   0   0   0   1  1.82 0.82
  370 I   -6 -8 -7 -8 -4 -8 -8 -9 -8  9 -2 -8 -1 -5 -8 -7 -5 -8 -6 -1    0   0   0   0   0   0   0   0   0  95   1   0   1   0   0   0   0   0   0   2  2.84 1.02
  371 L   -4 -6 -7 -8 -5 -6 -7  0 -7  0  6 -6  2 -1 -7 -6 -5 -6 -5  0    1   0   0   0   0   0   0   7   0   4  77   0   4   2   0   0   0   0   0   6  1.53 0.67
  372 G    3 -5 -5 -5 -2 -4 -5  7 -6 -7 -6 -6 -6 -7 -6 -2 -4 -4 -7 -6   24   0   0   0   1   1   0  70   0   0   0   0   0   0   0   2   1   0   0   0  1.85 0.77
  373 I   -3 -6 -6 -6 -4 -5 -6 -7 -6  3  2 -6  4  0 -3 -5  1 -6 -4  5    1   0   0   0   0   0   0   0   0  17  15   0  12   4   1   0   9   0   0  40  1.01 0.50
  374 G   -2 -5  0 -4 -2 -4 -2  6  5 -7 -7 -5 -3 -6 -6  2 -2 -6 -2 -6    3   0   5   1   1   1   2  56  14   0   0   0   1   0   0  14   2   0   2   0  1.35 0.62
  375 R    2  5 -2 -5 -5  0 -2 -2 -4 -4 -5  4 -2 -6 -4 -1 -1 -6 -5 -3   17  34   2   0   0   4   1   3   0   1   0  26   1   0   1   5   4   0   0   1  0.89 0.49
  376 I    1 -5 -5 -6 -5 -5 -6 -2 -5  6 -1 -5  3 -3 -5  1  0 -5 -4  2   11   0   0   0   0   0   0   3   0  49   3   0   6   0   0  10   6   0   0  10  0.97 0.50
  377 A    0  2 -2 -2 -4  4  1 -4 -1 -2 -3  2 -1 -3 -4  0  0 -5 -1  2    6  13   1   1   0  19  11   0   1   2   1  14   1   1   0   5   6   0   2  16  0.40 0.31
  378 E   -3  1 -3  1 -5  1  2 -5 -1 -1 -2  4  3 -4 -1 -2 -1  1 -2 -1    1   6   0   8   0   6  16   0   1   4   3  31   8   1   3   1   3   2   1   4  0.50 0.35
  379 K   -3  5 -4 -4 -6  2  1 -5 -4 -3  0  4  0 -6 -5 -3 -1 -6 -4 -1    2  36   0   0   0   8   8   0   0   1  10  24   3   0   0   0   3   0   0   5  0.89 0.49
  380 A    0 -7 -7 -7 -7 -3 -6 -6 -7 -6 -4 -6 -6 -5  8 -5 -5 -6 -8 -1    8   0   0   0   0   1   0   0   0   0   2   0   0   1  83   0   0   0   0   5  2.67 1.03
  381 V    0  2 -6 -6 -3 -3 -5 -5 -3  1 -2 -3  2 -3 -6 -4 -3  2 -3  6    7  14   0   0   0   1   0   1   1   7   2   2   4   1   0   0   1   3   1  56  1.07 0.55
  382 V    0 -5 -6 -6 -4 -5 -6 -6 -4  0 -2 -6 -2  3 -3 -5 -4  7  2  6    7   0   0   0   0   0   0   0   0   4   3   0   0  11   2   0   0  13   7  50  1.26 0.59
  383 R   -3  2  2  2 -3 -2  1 -4 -2  2 -2  1 -1 -3 -3 -2 -2 -4 -3  3    1  12  12  13   0   1   8   0   1  12   2   9   2   0   1   1   1   0   0  22  0.37 0.29
  384 D   -3 -3  4  5 -5 -1  2  2 -1 -7 -7 -1 -6 -7 -4 -2 -2 -7 -6 -6    2   1  19  36   0   2  14  16   2   0   0   3   0   0   0   1   2   0   0   0  1.03 0.51
  385 G   -3 -4  0  4 -5 -3  0  5 -4 -7 -7  0 -6 -7 -5 -1 -3 -7 -7 -6    1   1   4  27   0   1   5  49   0   0   0   7   0   0   0   3   1   0   0   0  1.24 0.58
  386 E    1  0  1 -1 -5  4  4 -3 -3 -5 -5  1  0 -5 -4  0  0 -6 -5 -3   12   4   6   3   0  18  33   1   0   0   0   8   2   0   0   5   4   0   0   2  0.66 0.42
  387 I   -4 -6 -7 -7 -3 -6 -6 -7 -6  6  0 -6 -1  4 -2 -6 -4 -1 -4  4    0   0   0   0   0   0   0   0   0  45   7   0   1  18   2   0   0   1   0  23  1.33 0.58
  388 V    3 -1 -4 -4 -3  0  2 -2 -2  0 -3 -1 -2 -4 -5 -2 -1 -6 -2  4   22   3   0   0   0   5  13   3   1   3   1   4   0   0   0   2   4   0   1  37  0.56 0.39
  389 A    1 -3 -3 -5 -5 -4 -3 -4 -5  5 -3 -1 -3 -4  5 -3 -3 -5 -5  3   10   2   1   0   0   0   1   1   0  31   1   5   0   0  25   2   1   0   0  19  0.91 0.48
  390 A    0  8 -4 -5 -5 -1 -3  0 -2 -6 -5  0 -5 -7 -6 -3 -4 -7 -6 -4    9  70   0   0   0   2   1   8   1   0   1   4   0   0   0   1   1   0   0   1  1.76 0.77
  391 P   -2 -1  0  0 -4  1 -1 -4  3 -4  1  1 -2 -3  3  1 -1  1 -2 -4    2   2   4   5   0   8   3   0   8   0  18  10   0   1  17  13   4   2   1   0  0.35 0.29
  392 V   -4 -1 -5 -6 -4 -4 -5 -6 -6  4  0 -4  8 -3 -6 -4 -1 -6 -2  2    0   4   0   0   0   0   0   0   0  20   7   1  44   1   0   1   4   0   2  14  1.46 0.66
  393 L   -2 -6 -6 -7  1 -4 -7 -4 -6  0  3 -6  9 -4 -7 -5 -3 -6 -5  1    3   0   0   0   3   1   0   1   0   3  29   0  49   0   0   0   2   0   0   9  1.73 0.75
  394 A   -3 -3  3 -4 -2 -2 -4 -3  0 -4 -5  0 -2 -1  5 -2  0 -2  5 -4    2   1  16   0   1   2   1   2   2   1   1   6   1   3  31   2   6   1  22   1  0.96 0.52
  395 L   -3 -6 -7 -7 -3 -6 -7 -7 -5  2  5 -6  2  0 -7 -5 -4 -5 -3  2    1   0   0   0   1   0   0   0   0  11  64   0   4   4   0   1   0   0   1  15  1.30 0.58
  396 S    2 -5 -3 -3  3 -5 -4 -2 -5 -5 -6 -5 -5 -5 -3  6  2 -7 -6 -2   14   0   1   1   6   0   0   2   0   0   0   0   0   0   1  60  11   0   0   2  1.29 0.69
  397 L   -4 -6 -7 -7 -2 -6 -7 -6 -1  0  6 -6  2  0 -7 -3 -4  6 -3 -1    1   0   0   0   1   0   0   1   2   5  67   0   5   4   0   2   0  11   0   4  1.43 0.63
  398 S    0 -5 -4 -5 -1 -5 -5 -2 -6 -6 -7 -5 -6 -7 -5  7  3 -7 -6 -5    6   0   0   0   1   0   0   3   0   0   0   0   0   0   0  73  17   0   0   0  1.77 0.85
  399 F    1 -6 -6 -7  3 -6 -6 -2 -2 -2 -3 -6 -3  6 -7 -4 -4  0  7 -2   13   0   0   0   6   0   0   4   0   2   2   0   0  28   0   1   0   1  40   2  1.53 0.66
  400 D   -7 -7 -4  9 -9 -6 -4 -7 -7 -9 -9 -6 -9 -9 -7 -6 -6 -10 -9 -9    0   0   0 100   0   0   0   0   0   0   0   0   0   0   0   0   0   0   0   0  3.29 1.16
  401 H   -8 -6 -5 -7 -9 -5 -6 -8 11 -9 -9 -7 -7 -7 -8 -7 -8 -8 -4 -9    0   0   0   0   0   0   0   0 100   0   0   0   0   0   0   0   0   0   0   0  4.45 1.41
  402 R   -6  9 -6 -7 -9 -1 -5 -8 -5 -8 -8 -3 -7 -8 -7 -6 -6 -8 -7 -8    0  97   0   0   0   2   0   0   0   0   0   0   0   0   0   0   0   0   0   0  3.14 1.14
  403 M   -1 -6 -7 -7 -4 -5 -6 -7 -7  5  2 -6  0 -3 -6 -5 -2 -4 -4  5    6   0   0   0   0   0   0   0   0  27  20   0   2   0   0   0   1   0   0  43  1.21 0.54
  404 I   -2 -7 -4 -7 -4 -6 -7 -7 -7  7  0 -6 -2 -3 -7 -6 -3 -7 -4  5    2   0   1   0   0   0   0   0   0  53   8   0   1   1   0   0   1   0   0  32  1.58 0.65
  405 D   -7 -7  0  9 -9 -5 -3 -6 -6 -8 -9 -6 -8 -9 -7 -5 -6 -10 -6 -8    0   0   4  94   0   0   1   0   0   0   0   0   0   0   0   0   0   0   0   0  3.00 1.08
  406 G   -5 -7 -5 -6 -8 -7 -7  8 -7 -9 -9 -7 -8 -8 -7 -5 -7 -8 -8 -8    0   0   0   0   0   0   0 100   0   0   0   0   0   0   0   0   0   0   0   0  2.94 1.04
  407 A    6 -1 -5 -3 -5 -2 -2  0 -1 -5 -4 -1 -2 -5 -5 -1 -4 -1 -2  0   68   3   0   1   0   1   3   6   2   0   1   3   1   0   0   2   0   1   1   6  1.15 0.60
  408 T   -1 -3 -2  4 -4  0  2 -3 -2 -2 -1 -3  0 -4 -1 -1  3 -5 -1  1    5   0   1  26   0   5  14   1   1   2   7   1   2   0   3   2  18   0   2  10  0.44 0.32
  409 A    6 -6 -5 -6 -2 -5 -4  3 -6 -1 -3 -5  3 -6 -5 -2 -4 -6 -6 -2   60   0   0   0   1   0   0  21   0   3   2   0   7   0   0   2   0   0   0   3  1.25 0.63
  410 Q    5 -5 -4 -1 -2  0 -4  2 -4 -2 -4 -4 -3 -6 -5 -1 -2 -5 -5  2   56   0   0   3   1   4   1  13   0   2   1   0   0   0   0   4   1   0   0  13  0.96 0.53
  411 N   -1  7 -1 -4 -6  3  0 -3 -2 -6 -3  1 -2 -5 -5 -1 -1 -6 -3 -3    5  54   2   0   0  11   4   2   1   0   3   6   1   0   0   4   3   0   1   2  1.11 0.55
  412 A   -2 -8 -8 -9 -5 -8 -8 -7 -6 -4 -4 -8 -2  9 -9 -7 -7 -2  1 -5    4   0   0   0   0   0   0   0   0   1   1   0   1  90   0   0   0   0   3   0  3.04 1.05
  413 L   -2 -5 -2 -6  1 -4 -5 -4 -5  1  4 -5  5 -3 -5  0  1 -5 -4  1    2   0   2   0   3   0   0   1   0   6  47   0  13   0   0   9   9   0   0   8  0.80 0.44
  414 N    1  2  4 -2 -4  2 -1 -1 -1 -3 -3  0 -2 -5 -4  0  1 -5 -2  1   10  10  24   1   0  12   2   3   1   1   1   6   1   0   0   6  10   0   1  11  0.40 0.31
  415 H    1  3 -2  1 -2  0  1 -3  2 -3 -1  0 -2  0 -3 -1  2  2  1 -2   12  17   0   7   1   2   9   1   6   1   7   5   1   3   0   3  15   3   6   2  0.23 0.22
  416 I   -4 -6 -7 -7 -4 -6 -6 -7 -6  3  3 -6  2  1 -6 -6 -4  6 -2  4    0   0   0   0   0   0   0   0   0  18  29   0   4   5   0   0   0   9   1  33  1.15 0.52
  417 K    0  1 -3 -5  1 -2 -3 -2 -3  1 -4  6 -1 -6 -5 -1 -1 -6 -5  0    8   8   1   0   3   1   0   3   1   9   1  52   1   0   0   3   3   0   0   6  0.91 0.50
  418 R    0  2  0  1 -5  3  3  0  1 -5 -4  1 -3 -4 -4  1 -1 -3 -4 -4    9  13   5   7   0  12  22   6   3   0   1   9   0   1   0  10   3   0   0   0  0.44 0.30
  419 L   -1  2 -2 -4 -1 -1 -3 -4  1  1  3 -2  1  0 -5 -2 -1 -2  5  0    6  11   1   0   1   3   1   0   3   7  29   1   3   3   0   2   3   0  20   6  0.43 0.29
  420 L   -5 -7 -8 -8 -6 -6 -7 -8 -7  3  6 -7  0 -3 -7 -7 -5 -6 -5  0    0   0   0   0   0   0   0   0   0  12  81   0   2   1   0   0   0   0   0   4  1.81 0.73
  421 N   -1 -3 -2 -3 -7  1  7 -2 -2 -7 -7 -2 -6 -7 -5  0 -3 -7 -6 -6    6   1   1   0   0   5  73   3   1   0   0   1   0   0   0   8   1   0   0   0  1.69 0.77
  422 D   -3 -3  5  6 -7  1  2 -5  2 -7 -7 -2 -6 -7 -5 -1 -2 -7 -6 -6    2   1  27  40   0   6  11   0   4   0   0   2   0   0   0   4   2   0   0   0  1.24 0.57
  423 P   -5 -6 -7 -7 -7 -6 -6 -7 -7  0 -4 -5  0 -1  8 -5 -5 -1 -5 -3    0   0   0   0   0   0   0   0   0   6   2   0   2   2  82   0   0   1   0   2  2.58 0.96
  424 Q    1  2  0  1 -3  0  2 -1 -1 -2 -1  0  0 -1 -3  0  0 -2  0 -1   15  16   3   7   0   3  14   5   1   2   6   4   3   3   0   5   5   0   4   4  0.13 0.14
  425 L   -1  4 -1 -3 -3  0 -2 -3 -2 -2  3  0  1 -2 -4  0  1 -3 -2 -2    5  25   3   1   0   4   2   1   1   1  27   5   4   1   0   7   8   0   1   2  0.36 0.28
  426 I   -3 -6 -7 -7 -4 -5 -6 -6 -6  2  5 -6  6  0 -7 -5 -3 -1 -4 -1    2   0   0   0   0   0   0   0   0   9  59   0  21   3   0   0   1   1   0   3  1.41 0.60
  427 L   -2 -6 -6 -7 -4 -5 -6 -6 -6  1  5 -6  3  2 -6 -3 -3 -2 -4  0    3   0   0   0   0   0   0   0   0   6  63   0   8   9   0   2   1   0   0   7  1.17 0.52
  428 M   -2 -5 -6 -7 -5 -5 -6 -7 -6  1  5 -6  5 -2 -6 -5 -3 -2 -3  2    3   0   0   0   0   0   0   0   0   6  60   0  12   1   0   0   1   1   1  15  1.22 0.53
  429 E   -3 -3 -2  5 -6  1  5 -2  4 -6 -6 -2 -5 -6 -3 -2 -3 -2 -4 -6    1   1   1  28   0   4  48   3  11   0   0   1   0   0   1   2   0   1   0   0  1.24 0.51
  430 A    3 -4 -3 -3 -4 -3 -4  6 -4 -5 -5 -3 -4 -5 -4  1 -3 -5 -5 -4   27   0   0   0   0   0   0  61   0   0   0   0   0   0   0  12   0   0   0   0  1.22 0.37

                      K         Lambda
Standard Ungapped    0.1301     0.3116
Standard Gapped      0.0410     0.2670
PSI Ungapped         0.2054     0.3176
PSI Gapped           0.0629     0.2670
