
Last position-specific scoring matrix computed, weighted observed percentages rounded down, information per position, and relative weight of gapless real matches to pseudocounts
           A  R  N  D  C  Q  E  G  H  I  L  K  M  F  P  S  T  W  Y  V   A   R   N   D   C   Q   E   G   H   I   L   K   M   F   P   S   T   W   Y   V
    1 M   -3 -4 -5 -6 -4 -3 -5 -5 -4 -1  0 -4 10 -2 -5 -4 -3 -4 -3 -2    0   0   0   0   0   0   0   0   0   0   0   0 100   0   0   0   0   0   0   0  2.44 0.54
    2 V   -1 -4 -4 -5 -3 -4 -2 -5 -5  1 -1 -4 -1 -3 -4 -1 -1 -5 -3  6    2   0   0   0   0   0   2   0   0   0   2   0   0   0   0   4   3   0   0  86  1.06 0.33
    3 V   -2 -2 -4 -1 -3 -3 -4 -5 -4  0 -1 -4  7 -3 -4 -1 -2 -4 -3  5    1   2   0   4   0   0   0   0   0   1   0   0  42   0   0   5   0   0   0  46  1.03 0.36
    4 G    1 -4 -3 -3 -4 -3 -3  7 -4 -5 -5 -2 -4 -5 -4 -1 -2 -5 -5 -5   11   0   0   0   0   1   1  82   0   0   0   2   0   0   0   1   1   0   0   0  1.53 0.39
    5 D   -1 -2  1  5 -5  0  4 -2 -2 -4 -3 -1 -4 -5 -3  0 -1 -5 -4 -4    3   1   7  39   0   2  34   1   0   0   3   1   0   0   0   5   3   0   0   0  0.83 0.29
    6 F   -2 -4 -3 -5 -2 -2 -2 -5 -3  2  1 -3  8  2 -5 -1 -2 -4  0  1    3   0   1   0   1   2   2   0   0  11   8   1  48   7   0   4   1   0   2   7  1.05 0.44
    7 P    2 -1 -1  1 -3  0  2 -1 -3 -1 -2 -1 -1 -3  1  1  2 -4 -3 -1   21   2   2   9   0   3  14   3   0   3   2   2   1   1   6  11  14   0   1   5  0.23 0.17
    8 I   -2 -1 -1  0 -4  1  3 -4  1  2  0  0  5 -1 -3 -2  0 -4 -1 -1    1   3   2   5   0   6  24   0   3  12   7   4  16   3   0   2   6   0   1   4  0.33 0.25
    9 E   -2  0  0  3 -6  3  3 -2  2 -5 -5  3 -4 -6 -3  0 -1 -6 -4 -4    2   4   4  14   0  11  23   3   5   0   0  22   0   0   1   6   4   0   0   0  0.63 0.35
   10 L    0 -2 -5 -6  3 -5 -6 -6 -2 -3 -3 -1 -3  5 -6 -4  1 -3  7 -1    7   2   0   0   5   0   0   0   0   1   1   3   0  23   0   1  10   0  40   5  1.31 0.58
   11 D   -6 -5 -2  8 -8  0  1 -4 -5 -8 -8 -2 -8 -8 -6 -5 -5 -9 -8 -8    0   0   1  84   0   4   7   1   0   0   0   2   0   0   0   0   0   0   0   0  2.46 0.90
   12 T   -1 -6 -6 -7 -1 -6 -6 -7 -5  3  4 -6  0 -2 -6 -5 -1 -6 -3  5    4   0   0   0   1   0   0   0   0  14  39   0   1   1   0   0   3   0   0  35  1.08 0.49
   13 V    3 -6 -6 -6  0 -5 -6 -5 -6  4  2 -5 -1 -3 -5 -4 -1 -6 -5  4   24   0   0   0   2   0   0   0   0  19  17   0   1   1   0   0   4   0   0  33  0.89 0.45
   14 V   -5 -7 -8 -8 -6 -7 -7 -8 -8  5 -3 -7 -4 -3 -7 -6 -5 -7 -6  7    0   0   0   0   0   0   0   0   0  32   0   0   0   1   0   0   0   0   0  66  2.08 0.79
   15 V   -5 -7 -8 -8 -6 -7 -8 -8 -8  8  2 -7 -3 -5 -7 -7 -5 -7 -6  1    1   0   0   0   0   0   0   0   0  73  19   0   0   0   0   0   0   0   0   8  2.07 0.76
   16 G   -5 -7 -5 -6 -7 -7 -7  8 -7 -8 -8 -6 -8 -8 -7 -5 -7 -7 -8 -8    0   0   0   0   0   0   0  99   0   0   0   0   0   0   0   0   0   0   0   0  2.89 1.00
   17 A    5 -5 -4 -5 -3 -5 -5  5 -6 -6 -6 -5 -6 -6 -5  3 -3 -6 -6 -5   40   0   0   0   0   0   0  36   0   0   0   0   0   0   0  22   1   0   0   0  1.34 0.63
   18 G   -5 -7 -5 -6 -7 -7 -7  8 -7 -8 -8 -6 -7 -8 -7 -5 -6 -7 -8 -8    0   0   0   0   0   0   0  98   0   0   0   0   0   0   0   0   0   0   0   0  2.87 1.00
   19 P   -5 -7 -6 -7 -8 -6 -6 -7 -7 -5 -7 -6 -4 -7  9 -4 -2 -8 -8 -4    0   0   0   0   0   0   0   0   0   1   0   0   0   0  91   1   3   0   0   2  3.10 1.10
   20 G    3 -6 -5 -6 -5 -6 -6  7 -6 -7 -7 -6 -7 -7 -6 -4 -6 -7 -7 -7   19   0   0   0   0   0   0  78   0   0   0   0   0   0   0   1   0   0   0   0  2.16 0.81
   21 G   -5 -7 -5 -6 -7 -7 -7  8 -7 -8 -8 -6 -5 -8 -7 -5 -6 -7 -8 -8    0   0   0   0   0   0   0  98   0   0   0   0   0   0   0   0   0   0   0   0  2.87 1.00
   22 Y   -7 -7 -6 -7 -8 -7 -7 -9 -3 -7 -7 -8 -7 -3 -8 -7 -7 -4 10 -7    0   0   0   0   0   0   0   0   0   0   0   0   0   0   0   0   0   0  98   0  3.87 1.32
   23 V   -3 -6 -4 -6 -4 -4 -2 -6  0  0 -3 -5 -2 -5 -1  0  2 -7 -3  6    2   0   1   0   0   1   3   0   2   3   1   0   1   0   3   7  11   0   1  63  1.26 0.61
   24 A    7 -6 -6 -7  3 -6 -6 -1 -7 -6 -6 -6 -5 -7 -5  0 -2 -7 -7 -4   82   0   0   0   6   0   0   4   0   0   0   0   0   0   0   5   2   0   0   0  1.96 0.85
   25 A    7 -7 -7 -7 -5 -6 -6 -2 -7 -7 -7 -6 -6 -7 -6 -2 -5 -8 -7 -5   95   0   0   0   0   0   0   3   0   0   0   0   0   0   0   2   0   0   0   0  2.46 1.01
   26 I   -4 -7 -7 -8 -6 -7 -5 -8 -8  8  1 -7 -3  2 -8 -7 -6 -7 -4 -1    1   0   0   0   0   0   1   0   0  73  12   0   0   9   0   0   0   0   0   3  2.02 0.79
   27 R   -5  8 -6 -6 -6 -3 -3 -7  0 -8 -6  3 -4 -7 -7 -4 -4 -6  0 -7    1  74   0   0   0   1   1   0   2   0   0  14   0   0   0   1   1   0   3   0  2.22 0.91
   28 A    7 -6 -6 -7  3 -6 -6 -1 -7 -6 -1 -6 -4 -7 -6 -1 -4 -7 -7 -4   77   0   0   0   6   0   0   5   0   0   8   0   0   0   0   4   0   0   0   0  1.77 0.81
   29 A    7 -3 -5 -6 -4 -5 -6  1 -5 -6 -7 -4 -6 -7 -6  1 -3 -7 -7 -4   75   2   0   0   0   0   0  11   0   0   0   0   0   0   0  10   1   0   0   1  1.74 0.81
   30 Q   -4  0 -4  2 -8  8 -1 -6 -1 -7 -7  0 -4 -9 -7 -4 -6 -8 -7 -7    1   4   0   9   0  72   3   0   1   0   0   6   0   0   0   1   0   0   0   0  2.19 0.97
   31 L   -3 -1 -2 -7 -3 -2 -3 -7 -1 -3  6 -1  0 -3 -7 -5 -5 -6 -1 -4    2   3   2   0   1   2   2   0   1   0  77   3   2   1   0   1   0   0   2   0  1.44 0.67
   32 G   -5 -7 -3 -5 -8 -7 -7  8 -7 -9 -9 -2 -8 -9 -8 -5 -7 -8 -9 -9    0   0   1   1   0   0   0  94   0   0   0   3   0   0   0   0   0   0   0   0  2.74 1.03
   33 Q    2 -1 -5 -6 -4 -1 -4 -1 -3 -1  4  2  4  0 -5 -3 -4 -4 -3 -2   17   3   0   0   0   3   0   5   0   2  38  13  11   4   0   1   0   0   0   2  0.62 0.40
   34 K   -4  3  0  2 -5  0  1 -6 -1 -7 -7  6 -6 -7 -4  2 -2 -7 -6 -6    1  12   5   9   0   4   7   0   1   0   0  46   0   0   1  13   2   0   0   0  1.10 0.57
   35 V   -2 -7 -7 -7 -4 -7 -7 -8 -8 -2 -5 -7 -5 -6 -5 -4  5 -8 -6  7    2   0   0   0   0   0   0   0   0   1   0   0   0   0   1   1  30   0   0  65  1.95 0.86
   36 A    5 -6 -6 -6  3 -5 -5 -3 -5  0  0 -5 -1 -5 -5 -2  3 -6 -6  3   43   0   0   0   5   0   0   1   0   5   8   0   1   0   0   1  17   0   0  19  0.93 0.53
   37 I   -4 -7 -7 -8  5 -7 -7 -8 -7  3  5 -7 -1 -4 -7 -6 -5 -6 -6  3    1   0   0   0  12   0   0   0   0  17  52   0   1   0   0   0   0   0   0  17  1.43 0.62
   38 I   -3 -8 -8 -8 -4 -7 -8 -8 -8  6 -3 -7 -3 -1 -7 -7 -5 -7 -6  6    2   0   0   0   0   0   0   0   0  43   0   0   0   3   0   0   0   0   0  51  1.96 0.79
   39 E   -7 -6 -5  2 -9 -4  8 -7 -5 -9 -9 -5 -8 -9 -7 -6 -6 -9 -8 -8    0   0   0  10   0   0  89   0   0   0   0   0   0   0   0   0   0   0   0   0  2.71 1.11
   40 K   -2  4 -3 -3 -6  0  1 -3 -5 -7 -7  6 -1 -7 -5 -3 -5 -7 -5 -7    4  23   1   1   0   4   7   2   0   0   0  53   2   0   0   1   0   0   0   0  1.44 0.68
   41 A    0  1  1  5 -5  0  4  1 -1 -6 -6  0 -5 -5 -3 -1 -4 -3 -1 -5    7   7   5  28   0   3  24  10   2   0   0   4   0   0   1   4   0   0   2   0  0.70 0.41
   42 N    0  2  1  0 -5  0  2 -2  2 -4 -3  3 -3 -1 -3  0  1 -1  0 -3   10  11   6   5   0   4  13   2   5   0   2  17   0   2   1   8   9   1   3   1  0.30 0.24
   43 L   -3 -6 -7 -7 -5 -6 -7 -7 -7  2  5 -6  1 -1  0 -6 -5  0 -3  3    2   0   0   0   0   0   0   0   0  10  59   0   3   3   6   0   0   1   1  16  1.23 0.57
   44 G   -5 -8 -6 -7 -8 -8 -8  8 -8 -9 -9 -7 -8 -9 -8 -6 -6 -8 -9 -9    0   0   0   0   0   0   0  99   0   0   0   0   0   0   0   0   0   0   0   0  3.04 1.12
   45 G   -6 -8 -6 -7 -8 -8 -8  8 -8 -10 -9 -7 -8 -9 -8 -6 -7 -8 -9 -9    0   0   0   0   0   0   0 100   0   0   0   0   0   0   0   0   0   0   0   0  3.06 1.13
   46 V   -3 -6 -6 -7 -4 -6 -3 -7 -5  1 -4 -6 -4 -6 -6 -4  7 -7 -6  5    1   0   0   0   0   0   2   0   0   7   1   0   0   0   0   0  55   0   0  32  1.69 0.80
   47 C   -7 -10 -9 -10 12 -9 -10 -9 -9 -8 -8 -10 -8 -9 -9 -6 -7 -9 -9 -7    0   0   0   0  99   0   0   0   0   0   0   0   0   0   0   0   0   0   0   0  4.86 1.53
   48 L   -6 -7 -7 -9 -6 -7 -8 -8 -8 -3  7 -8 -3 -5 -8 -7 -2 -7 -6 -3    0   0   0   0   0   0   0   0   0   1  94   0   0   0   0   0   2   0   0   1  2.31 0.93
   49 N   -7 -3  9 -5 -8 -4 -6 -6  4 -7 -5 -6 -6 -5 -8 -5 -4 -5 -3 -7    0   1  84   0   0   1   0   0   9   0   1   0   0   1   0   0   1   0   1   0  2.81 1.10
   50 V   -4  5 -5 -6 -2 -3 -1 -7  0 -1 -4  0 -4 -4 -6 -3 -3  8  0  4    1  28   0   0   1   1   4   0   3   4   1   5   0   0   0   2   1  19   3  28  1.23 0.60
   51 G   -4 -8 -6 -7 -8 -7 -8  8 -8 -9 -9 -7 -8 -9 -8 -6 -7 -8 -9 -9    1   0   0   0   0   0   0  99   0   0   0   0   0   0   0   0   0   0   0   0  3.01 1.11
   52 C   -7 -9 -9 -10 12 -9 -10 -9 -9 -8 -8 -9 -8 -9 -9 -7 -7 -9 -9 -7    0   0   0   0  99   0   0   0   0   0   0   0   0   0   0   0   0   0   0   0  4.82 1.51
   53 I   -7 -8 -9 -9 -7 -8 -9 -9 -9  9 -4 -8 -2 -6 -8 -8 -6 -8 -7 -1    0   0   0   0   0   0   0   0   0  96   0   0   1   0   0   0   0   0   0   3  3.05 1.09
   54 P   -6 -8 -8 -7 -9 -7 -7 -8 -8 -9 -9 -7 -8 -9  9 -6 -6 -9 -9 -8    0   0   0   0   0   0   0   0   0   0   0   0   0   0  98   0   0   0   0   0  3.64 1.34
   55 S   -3 -6 -5 -6 -6 -6 -6 -6 -7 -6 -7 -6 -4 -7 -6  5  7 -8 -6 -4    2   0   0   0   0   0   0   0   0   0   0   0   0   0   0  42  54   0   0   1  1.97 0.93
   56 K   -7 -3 -6 -6 -9 -4 -5 -7 -7 -8 -8  8 -7 -9 -5 -6 -6 -9 -8 -8    0   1   0   0   0   0   0   0   0   0   0  98   0   0   0   0   0   0   0   0  3.08 1.19
   57 A    6 -6 -4 -6 -1 -5 -6 -4 -6 -3 -5 -5 -5 -3 -6  1  3 -7 -5 -1   61   0   1   0   1   0   0   1   0   1   0   0   0   1   0  11  18   0   0   4  1.39 0.72
   58 L   -6 -7 -8 -9 -6 -7 -8 -8 -7  0  6 -7  4  1 -8 -7 -6  1  0 -3    0   0   0   0   0   0   0   0   0   4  77   0   8   5   0   0   0   2   3   1  1.83 0.79
   59 I   -3 -7 -6 -8 -3 -6 -7 -8 -4  4  6 -5 -1 -2 -7 -5 -4 -3 -1  1    2   0   0   0   1   0   0   0   1  19  63   1   1   1   0   1   1   0   3   8  1.38 0.63
   60 N    0  2  1 -1 -6  1  1 -4  7 -6 -6  2 -4 -4 -5  0 -1 -5  0 -5    9  11   6   3   0   6   9   1  29   0   0  13   0   0   0   6   3   0   3   0  0.87 0.48
   61 A    2 -4  2 -2  0 -3 -4 -2 -2  0 -3 -3 -3 -4 -5  5  1 -5 -3  0   19   0  10   1   2   1   0   3   1   5   2   1   0   0   0  37   9   0   1   7  0.66 0.46
   62 G    6 -6 -5 -6 -3 -5 -5 -1 -6 -5 -4 -5 -5 -5 -6  3  1 -7 -6 -1   60   0   0   0   1   0   0   4   0   0   1   0   0   1   0  23   7   0   0   5  1.37 0.72
   63 H   -1  0  0  1 -6  0  5 -2  5 -6 -5  2 -5 -5 -5 -1 -3 -3 -2 -5    4   4   5   8   0   4  37   4  14   0   1  12   0   0   0   5   1   0   1   0  0.86 0.49
   64 R   -1 -1 -3 -5 -3 -2 -3 -4  0  2  3 -1  1  0 -4 -3 -1 -3 -1  3    4   4   1   0   0   1   1   1   3  12  28   4   3   4   0   2   4   0   2  23  0.43 0.28
   65 Y   -1 -5 -5 -7 -3 -5 -6 -6 -2  2  3 -3  1  4 -7 -5 -4  0  6  0    5   1   0   0   1   0   0   0   1  12  25   1   3  16   0   0   0   1  27   6  1.00 0.50
   66 E   -1  2  1  2 -5  1  3 -2  6 -5 -4  0 -3 -4 -5  0 -1  0  0 -3    6  11   6  11   0   6  17   2  18   0   1   5   0   1   0   7   3   1   3   1  0.54 0.35
   67 N   -1  0  0  1 -4  2  3 -3  1 -2  0  1  0 -3 -4  0  1 -3 -1 -3    5   5   5   8   0  10  21   1   4   2   9   8   3   1   0   5   9   0   2   1  0.27 0.24
   68 A    3 -5 -5 -6  0 -5 -5 -4 -4  4  2 -4  2  0 -3 -2  0 -4 -4  2   28   0   0   0   2   0   0   1   0  21  17   0   5   3   1   3   5   0   0  13  0.64 0.39
   69 M   -1  3  0 -2 -4  2  1 -2  1 -4 -2  5 -3 -5 -4  0 -2 -6 -5 -4    6  17   4   2   0   9   7   2   3   1   4  36   0   0   0   6   3   0   0   1  0.69 0.42
   70 H   -2  2  3  1 -6  0  2 -2  7 -6 -5  2 -3 -5 -5  0 -2 -5 -4 -5    3  11  12   6   0   4  13   3  23   0   1  14   1   0   0   6   2   0   0   0  0.78 0.44
   71 S    5 -5 -3 -5 -1 -4 -4  1 -5 -2  0 -4  1  2 -3  2 -2 -1 -3 -3   44   0   1   0   1   0   0   9   0   2  10   0   4   8   1  14   2   1   1   1  0.70 0.46
   72 D    3  0 -1  1 -4  0  3  1 -1 -4 -5  3 -4 -5 -2  2 -2 -6 -5 -4   22   4   3   7   0   4  16   8   1   1   0  16   0   0   2  14   2   0   0   0  0.46 0.34
   73 D    0  1  0  3 -5  1  3 -2  1 -3 -3  2 -2 -4 -4  0 -1 -6 -3 -2    7   7   4  16   0   5  23   3   3   2   3  12   1   1   0   6   4   0   0   3  0.39 0.28
   74 M   -3  0 -3 -5 -2 -3 -6 -6  4  0  1 -3  4  6 -6 -4 -5  3  4 -3    3   5   1   1   1   1   0   0   8   5  11   1   9  33   0   1   0   4  13   2  1.01 0.50
   75 G   -4 -6 -4 -6 -6 -7 -7  8 -8 -7 -8 -7 -8 -9 -8 -6 -7 -6 -9 -9    1   0   1   0   0   0   0  97   0   0   0   0   0   0   0   0   0   0   0   0  2.86 1.09
   76 I   -6 -7 -8 -8 -3 -7 -7 -7 -8  7  1 -7 -3  0 -6 -6 -4 -7 -5  4    0   0   0   0   0   0   0   0   0  55  13   0   0   3   0   0   1   0   0  26  1.69 0.71
   77 T   -1  1  1  1 -4  0  2 -2  1 -1 -2  2 -1 -2 -3  1  1 -4 -2 -1    3   6   8   8   0   3  15   1   4   4   4  13   2   2   1  12  11   0   1   3  0.22 0.20
   78 A    2 -5 -3 -5  1 -4 -4 -2 -3  2  0 -3 -1  3 -4 -1  0 -2 -1  4   16   0   1   0   3   0   0   3   1  12   6   1   1  12   0   4   7   1   2  28  0.48 0.31
   79 E   -1 -3  0  3 -4  0  3  3 -3 -5 -6  0 -5 -6 -1  2  0 -6 -5 -4    4   1   4  15   0   3  18  24   0   0   0   7   0   0   4  14   5   0   0   1  0.57 0.37
   80 N   -1 -2  3  3 -5 -1  2  2  0 -4 -4  2 -4 -3 -1  0 -1 -5 -3 -3    5   1  15  14   0   2  14  18   2   1   2  11   0   1   3   7   3   0   1   1  0.43 0.29
   81 V    1 -5 -4 -5 -3 -4 -3 -4 -3  2  1 -3 -2  1  4 -3 -2 -4  0  4   12   0   1   0   0   0   1   1   1  10  11   1   1   5  22   1   1   0   3  27  0.63 0.38
   82 K    0  2 -1 -1 -4  1  2  0 -1 -4 -4  3 -4 -5 -3  3  2 -6 -3 -2    7   9   2   3   0   4  12   7   1   1   1  18   0   0   0  20  12   0   1   2  0.41 0.32
   83 V   -2 -6 -6 -7 -3 -6 -6 -5 -5  4  2 -6 -1  4 -1 -5 -3 -4  0  3    4   0   0   0   0   0   0   1   0  25  22   0   1  16   4   0   1   0   3  22  0.88 0.44
   84 D   -6 -4  4  8 -9 -4 -2 -6 -2 -9 -8 -5 -8 -7 -7 -1 -6 -10 -8 -8    0   1  20  70   0   0   2   0   1   0   0   0   0   0   0   4   0   0   0   0  2.27 0.95
   85 F   -4 -4 -7 -7 -6 -6 -6 -5 -4  1  3 -6  4  5 -3 -5 -5  6  4  0    1   1   0   0   0   0   0   1   0   8  29   0   8  21   2   1   0  11  12   5  1.10 0.53
   86 T    2 -2  0  1 -5  0  2  1 -3 -4 -4  2 -4 -5  3  1  0 -6 -5 -4   18   1   4   8   0   4  15   9   0   0   1  12   0   0  13   9   5   0   0   0  0.42 0.31
   87 K    3  2 -2 -3 -6  2 -1 -1 -3 -4 -4  5 -3 -5 -4 -1 -1 -5 -5 -2   20   9   2   1   0  10   4   4   0   1   2  38   1   0   0   3   3   0   0   2  0.74 0.46
   88 V    1 -6 -6 -7 -3 -6 -6 -5 -6  4  3 -6  7 -2 -6 -4 -1 -5 -5  3   10   0   0   0   0   0   0   1   0  18  22   0  23   1   0   1   4   0   0  20  1.05 0.53
   89 Q   -2  2 -2 -5 -5  4 -4 -5  1  1  0 -1  5 -1 -6 -3 -3 -2 -1  2    4  11   2   0   0  19   0   0   3   9   9   3  17   2   0   1   0   1   2  15  0.62 0.41
   90 E    3  0  0  1 -4  2  2 -1 -2 -5 -4  3 -4 -6 -4  0 -1 -6 -4 -4   23   5   3   8   0   8  15   4   1   0   1  20   0   0   0   7   3   0   0   1  0.49 0.35
   91 W   -3  7 -1 -6 -8  0 -4 -5  3 -7 -6  0 -5  0 -7 -5 -5  8  2 -7    2  51   3   0   0   3   1   1   6   0   0   5   0   3   0   0   1  17   6   0  1.71 0.78
   92 K   -3  1 -4 -6 -8 -1 -5 -6 -6 -7 -6  8 -4 -8 -6  2 -4 -8 -7 -4    2   5   0   0   0   2   0   0   0   0   1  75   0   0   0  12   1   0   0   1  2.01 0.91
   93 N   -2  3  4  5 -5  1  2 -4 -2 -6 -6  0 -4 -5 -5 -1 -2 -4 -5 -5    4  14  18  30   0   6  13   1   1   0   0   4   0   0   0   5   2   0   0   1  0.86 0.48
   94 G    0  2  0  1 -5  2  2  1 -2 -5 -5  3 -3 -6 -4  1 -1 -6 -4 -5    9   9   5   8   0  10  13  11   1   0   1  21   0   0   0   9   3   0   0   0  0.46 0.33
   95 V   -1 -6 -5 -7 -4 -6 -7 -7 -8  5 -3 -5 -2 -5 -7 -2  0 -7 -6  6    5   0   0   0   0   0   0   0   0  29   1   0   0   0   0   3   5   0   0  55  1.56 0.69
   96 V    0 -5 -7 -8 -3 -5 -7 -7 -8  3 -3 -5 -3 -6 -6 -1 -3 -8 -6  7    6   1   0   0   1   0   0   0   0  16   1   0   0   0   0   5   1   0   0  68  1.69 0.75
   97 K    1  0  2  3 -5  0  1  0 -1 -5 -4  3 -4 -5 -4  2  0 -6 -5 -5   10   4   9  14   0   4  10   7   1   0   1  21   0   0   0  13   5   0   0   0  0.46 0.32
   98 K   -2  4  0 -2 -6  4 -1  0 -3 -3 -5  4 -2 -6 -5 -1  2 -4 -5 -5    2  20   5   1   0  18   4   7   0   1   0  24   1   0   0   3  11   0   0   0  0.74 0.45
   99 L   -6 -6 -2 -8 -5 -2 -6 -7 -4 -1  6 -7  3 -2 -8 -4 -4 -7 -5 -3    0   0   3   0   0   2   0   0   0   2  81   0   6   1   0   1   1   0   0   1  1.77 0.77
  100 T   -1  3  0 -4 -3 -2 -2 -3  0 -2 -4 -1 -3 -5 -5  1  5 -3 -2  3    6  16   4   0   0   2   2   2   2   2   0   3   0   0   0   9  31   0   1  20  0.65 0.44
  101 G   -1  2  1  0 -6  2 -1  3 -2 -6 -5  4 -2 -5 -5  1  0 -6 -5 -5    4   9   7   5   0   8   3  22   1   0   0  24   1   0   0  12   5   0   0   0  0.57 0.37
  102 G   -5 -7 -2 -6 -8 -7 -7  8 -8 -10 -9 -6 -8 -9 -8 -4 -7 -8 -9 -9    0   0   2   0   0   0   0  96   0   0   0   0   0   0   0   1   0   0   0   0  2.83 1.07
  103 V   -5 -7 -8 -8 -6 -7 -8 -8 -8  6  2 -7 -3 -5 -7 -7 -4 -7 -6  6    0   0   0   0   0   0   0   0   0  39  15   0   0   0   0   0   1   0   0  45  1.76 0.73
  104 E    2  0 -1  0 -6  2  4  1  0 -5 -4  1 -3 -5 -5  0 -3 -6 -5 -4   17   5   2   4   0   7  32  10   2   0   2  10   0   0   0   7   1   0   0   1  0.59 0.40
  105 G    0 -2 -2 -3 -5  1 -3  2  3 -3 -2 -1  1  4 -5  0 -1 -4  3 -4    8   2   2   1   0   8   1  17   6   1   3   4   4  21   0   9   4   0  10   0  0.46 0.32
  106 L   -5 -7 -9 -8 -6 -4 -8 -9 -7 -1  7 -7  2 -5 -8 -7 -5 -5 -6 -3    1   0   0   0   0   1   0   0   0   2  90   0   4   0   0   0   0   0   0   1  2.18 0.89
  107 L    0 -6 -6 -7  3 -6 -6 -7 -6  0  4 -6  5  5 -7 -5 -4 -5 -4  0    7   0   0   0   5   0   0   0   0   4  44   0  14  19   0   1   1   0   0   5  1.17 0.56
  108 K   -2  2 -1 -1 -7  0  0 -4 -4 -6 -6  7 -5 -6 -5 -2 -3 -8 -6 -5    3  10   3   3   0   3   6   1   0   0   0  64   0   0   0   2   1   0   0   1  1.51 0.71
  109 G    2  1 -1 -4 -5  1 -2  0 -1 -6 -5  6 -1 -7 -5  1 -3 -7 -6 -5   17   6   3   1   0   5   2   7   1   0   1  44   2   0   0  10   1   0   0   0  0.90 0.52
  110 N   -1  3  7 -4 -5 -3 -5 -3  4 -8 -6 -2 -6 -6 -6 -1 -5 -1  1 -7    5  16  54   0   0   1   0   2   9   0   1   2   0   0   0   3   0   1   6   0  1.58 0.74
  111 K   -4 -1  3 -2 -7  0 -2  4 -1 -7 -7  5 -6 -7 -6 -3 -5 -7 -6 -7    0   3  12   2   0   4   2  34   1   0   0  39   0   0   0   2   0   0   0   0  1.26 0.63
  112 V   -3 -8 -8 -8 -4 -7 -8 -7 -8  5 -3 -7 -4 -6 -8 -6 -4 -8 -6  7    2   0   0   0   0   0   0   0   0  31   0   0   0   0   0   0   0   0   0  65  2.09 0.85
  113 E   -2  0  0  4 -6  1  4 -5 -2 -5 -5  2 -4 -6 -4 -2  3 -7 -6 -4    3   5   4  19   0   6  26   0   1   0   0  11   0   0   1   3  20   0   0   1  0.75 0.46
  114 I   -3 -2 -6 -6 -5 -3 -4 -6  1  3  2 -4 -1  1 -5 -4  0  3  2  5    1   2   0   0   0   1   1   0   4  15  17   1   1   5   0   1   5   4   6  36  0.74 0.41
  115 I   -4 -5 -7 -7 -4 -6 -4 -7 -2  6  1 -4  0  3 -7 -5 -4 -3  2  4    1   1   0   0   0   0   1   0   1  39  14   1   1  10   0   0   0   0   6  24  1.12 0.52
  116 R   -2  2  2 -1 -3  3  1 -4  2 -3 -4  3  0 -1 -2  0 -1 -1  1 -3    3  13   9   2   0  12   9   0   5   1   1  22   2   3   1   5   4   1   5   2  0.41 0.30
  117 G   -1 -8 -5 -5 -8 -6 -6  8 -8 -9 -9 -6 -8 -9 -8 -4 -6 -8 -9 -9    4   0   0   1   0   0   1  92   0   0   0   0   0   0   0   1   0   0   0   0  2.64 1.02
  118 E   -2  2  0 -2 -3  0  3 -4  2 -2 -2  1 -1  1 -4  0  3  1  0 -1    3  13   4   1   0   2  19   0   6   2   3   7   2   6   0   5  18   2   3   4  0.33 0.28
  119 A    6 -7 -6 -7 -2 -6 -6  5 -7 -7 -7 -6 -7 -7 -6 -4 -6 -8 -7 -4   55   0   0   0   1   0   0  43   0   0   0   0   0   0   0   0   0   0   0   1  1.88 0.84
  120 Y   -1  4 -2 -3 -4  0  0 -4 -1 -3 -4  3 -3 -1 -5  2  2 -6 -1  0    4  23   2   1   0   3   6   1   1   1   1  19   0   3   0  17  11   0   2   6  0.52 0.36
  121 F   -5 -7 -8 -8 -4 -7 -7 -7 -7  3  4 -7 -1  7 -6 -7 -6 -5 -3  0    0   0   0   0   0   0   0   0   0  18  32   0   1  41   0   0   0   0   0   7  1.56 0.66
  122 V    0 -1 -2 -2 -2 -1  1 -4 -3  2  2  1 -1 -3 -3 -1  2 -5 -3  2    8   2   1   2   1   2   9   0   1  11  19  10   1   0   1   3  13   0   0  15  0.21 0.20
  123 D    0 -3  0  4 -6 -4 -1  3 -3 -6 -7 -1 -5 -7 -2  3 -1 -7 -6 -6    7   1   5  26   0   0   4  22   1   0   0   4   0   0   2  26   3   0   0   0  0.81 0.47
  124 A    1 -1  1  1 -5 -1  1 -1 -2 -5 -5  2 -5 -6  5  1 -2 -6 -5 -4   11   4   6   9   0   2   8   5   1   0   1  12   0   0  28  10   2   0   0   1  0.62 0.38
  125 N   -3  1  5  1 -6  0 -2  2  5 -6 -6  1 -5 -5 -5  0  0 -6 -3 -6    1   8  24   6   0   3   2  17  15   0   0  10   0   0   0   6   7   0   1   0  0.77 0.44
  126 T   -2  2 -1 -2 -3  1  2 -4  1 -3 -3  2 -3 -5 -5  1  4 -6 -3 -2    3  12   2   1   1   6  16   1   3   1   3  12   1   0   0  10  26   0   1   3  0.52 0.37
  127 L   -2 -7 -7 -8 -3 -7 -7 -8 -7  5  2 -7 -2 -4 -7 -6 -5 -7 -6  6    3   0   0   0   0   0   0   0   0  26  19   0   1   0   0   0   0   0   0  50  1.52 0.66
  128 R    0  2 -2 -1 -1  1  3 -2 -1 -1 -1  1 -1 -3 -4  1  0 -4 -3  0    7  10   1   3   1   6  25   2   1   3   6   9   1   1   0   8   7   0   0   7  0.27 0.23
  129 V   -3 -7 -6 -7 -5 -7 -7 -7 -7  4 -1 -7 -4 -3 -7 -6 -4 -7 -5  7    2   0   0   0   0   0   0   0   0  22   5   0   0   1   0   0   1   0   0  67  1.83 0.75
  130 M   -1  0  1  1 -3  1  2 -2 -1 -1 -1  1 -1 -2 -3  1  2 -3 -2 -1    5   4   7   8   0   4  15   2   1   4   5  10   1   1   1   9  16   0   1   5  0.19 0.16
  131 T   -1 -1  1  1 -2  0 -1  3  0 -3 -1  0  0 -3  0  1  1 -3 -2 -3    5   3   6   9   1   3   2  24   2   1   7   7   2   1   4   9  11   0   1   1  0.23 0.17
  132 E    1 -1  1  1 -3  0  2  1 -1 -3 -3  1 -2 -3  1  0  0 -3 -3 -2   12   3   7   9   0   3  15  11   2   1   3   9   0   1   7   7   6   0   1   2  0.21 0.15
  133 E    0 -2  2  5 -2 -1  2  1  0 -3 -4  0 -4 -4 -3  0 -1 -4 -3 -4    6   1   7  31   1   2  15  11   2   1   2   5   0   1   1   6   3   0   1   1  0.55 0.30
  134 A   -1 -3  0 -1 -4 -2  1  6 -2 -3 -5  0 -4 -4 -3  0 -1 -4 -4 -3    5   2   4   4   0   2   9  51   1   2   1   6   0   1   1   6   3   0   0   2  0.85 0.40
  135 A   -1 -1  0  1 -3  0  2  1 -2 -1 -2  2 -2 -2 -1  1  2 -3 -2 -1    5   3   3   6   0   3  14  13   0   4   3  12   0   1   2   9  15   0   1   4  0.19 0.17
  136 Q   -2  2 -2  0 -4  3  4 -3 -1 -2 -3  2 -2 -4 -4  0  1 -4 -3 -1    3  12   1   4   0  14  27   2   1   3   2  11   1   1   0   6   8   0   1   4  0.48 0.33
  137 T   -2  1 -1 -1 -4 -1  2 -4 -1  1 -2  1 -2 -3 -4  0  4 -4 -3  2    2   9   3   2   0   2  15   1   1   7   4   8   1   1   0   5  26   0   0  13  0.37 0.29
  138 Y   -4 -4 -5 -6 -3 -6 -5 -7 -3  5  3 -6 -1  0 -7 -6 -5 -3  3  3    0   1   0   0   0   0   0   0   0  33  25   0   1   4   0   0   0   0  11  22  1.09 0.52
  139 T   -1  2  0  0 -4  2  3 -3  0 -2 -4  2 -4 -3 -3  1  2 -5 -3 -3    4  11   4   4   0   7  20   2   2   2   1  13   0   1   0  11  14   0   1   1  0.40 0.31
  140 F    5 -6 -5 -6  1 -6 -6  1 -6 -4 -5 -6 -5  5 -2 -1  1 -2 -2 -4   47   0   0   0   2   0   0   9   0   1   0   0   0  24   2   4   8   0   1   1  1.13 0.61
  141 K   -2  2  0  4 -7  0  2 -2 -1 -5 -6  5 -5 -7 -2 -1 -2 -7 -6 -5    3  10   4  19   0   3  15   3   1   0   0  33   0   0   2   3   3   0   0   0  0.82 0.47
  142 N   -1  1  6  0 -5  0 -3 -4  5 -5 -7  3 -6 -2 -6  0 -3 -5  1 -6    5   7  35   4   0   4   1   1  15   0   0  15   0   2   0   6   1   0   5   0  0.98 0.53
  143 A    2 -6 -6 -7  3 -6 -7 -7 -7  6  0 -5 -2  0 -6 -5 -3 -6 -3  3   15   0   0   0   6   0   0   0   0  48   8   1   0   4   0   0   1   0   1  17  1.21 0.56
  144 V   -6 -8 -8 -8 -4 -7 -8 -8 -8  7  1 -7 -1 -4 -8 -7 -5 -7 -6  3    0   0   0   0   0   0   0   0   0  68  13   0   1   0   0   0   0   0   0  16  2.01 0.80
  145 L   -5 -7 -8 -8 -6 -7 -8 -8 -8  7  3 -7 -3 -4 -7 -7 -5 -4 -6  2    0   0   0   0   0   0   0   0   0  61  25   0   0   0   0   0   0   0   0  12  1.89 0.76
  146 A    7 -7 -7 -6 -1 -6 -6 -5 -7 -7 -7 -6 -6 -8 -6 -3 -5 -8 -7 -4   95   0   0   0   1   0   0   0   0   0   0   0   0   0   0   2   0   0   0   1  2.51 1.06
  147 T   -1 -7 -5 -7 -3 -6 -6 -5 -6 -5 -6 -6 -2 -7 -4  0  8 -8 -7 -2    5   0   0   0   1   0   0   1   0   0   0   0   1   0   1   5  81   0   0   3  2.20 0.99
  148 G   -4 -8 -6 -7 -8 -8 -8  8 -8 -10 -10 -7 -9 -9 -8 -6 -7 -8 -9 -9    1   0   0   0   0   0   0  99   0   0   0   0   0   0   0   0   0   0   0   0  3.05 1.14
  149 S    2 -6 -5 -6 -5 -5 -6 -2 -5 -8 -8 -6 -7 -8 -6  7 -1 -8 -7 -6   14   0   0   0   0   0   0   2   0   0   0   0   0   0   0  80   3   0   0   0  2.10 0.98
  150 T   -1  4 -2 -1 -2  1  2 -4  0 -2 -2  3 -3 -5 -5  1 -1 -6 -3  1    3  22   1   2   1   5  14   1   2   2   3  16   0   0   0  12   4   0   1  11  0.46 0.33
  151 P    1 -4 -2 -5 -5 -4 -3 -6 -3 -4 -6 -4 -5 -5  7  0 -2 -2 -5  1   10   1   2   0   0   1   2   0   1   1   0   1   0   0  62   6   3   1   0   9  1.70 0.77
  152 I    2  3 -2 -4 -4 -2 -4 -4 -4  2  0  1  0 -1 -3  0  1 -3 -3  1   18  17   1   0   0   1   0   1   0  15   8   8   2   3   1   6   8   0   0  11  0.32 0.26
  153 E   -1  0  0  0 -2  1  2 -2  0 -2 -2  1  0 -4  3  1  0 -2 -2 -1    5   6   4   5   1   5  16   2   2   3   3   7   3   0  16  11   5   1   1   4  0.26 0.21
  154 I   -5 -5 -6 -7 -5 -6 -7 -7 -2  5  5 -6 -1  2  2 -6 -4 -6 -5 -1    0   0   0   0   0   0   0   0   1  31  45   0   1   7  10   0   0   0   0   3  1.25 0.58
  155 P   -3 -4 -3 -2 -8 -5 -3 -4 -5 -8 -8 -1 -8 -9  8 -2 -5 -9 -8 -6    2   1   1   2   0   0   2   2   0   0   0   5   0   0  79   4   0   0   0   0  2.46 1.02
  156 G   -1 -5  2 -1 -3 -3 -3  6 -1 -3 -4 -4 -2  2 -1  0 -3 -3 -3 -3    5   0   8   3   1   1   2  53   2   2   2   1   1   9   3   5   2   0   1   2  0.93 0.48
  157 F    0 -6 -6 -6 -3 -6 -6 -5 -4  4  3 -5  2  4 -3 -4 -3  0 -2  1    7   0   0   0   0   0   0   0   0  25  28   0   5  19   1   1   1   1   0   9  0.84 0.43
  158 K   -2 -2  0  3 -6 -1  3 -2 -2 -4 -5  2 -5 -6  5 -1 -2 -7 -5 -4    4   1   4  14   0   3  20   3   1   1   1  11   0   0  30   3   3   0   0   1  0.84 0.47
  159 Y   -1 -2 -2 -1 -3 -2 -1 -1  0  2  1 -2 -1  4  0 -2 -1 -1  1  1    4   2   2   4   0   2   3   6   3  14  12   1   1  21   5   1   4   1   3  10  0.23 0.18
  160 S   -3 -5  0  7 -7 -4 -2  1 -2 -4 -6 -3 -6 -6  0  1 -4 -7 -5 -5    2   0   4  62   0   0   2   9   1   1   1   1   0   0   5   9   1   0   0   1  1.51 0.68
  161 K   -3 -3  0  2 -7 -2  4  4  0 -7 -6  3 -6 -7  2 -2 -4 -7 -5 -5    1   0   4  10   0   1  26  27   2   0   0  16   0   0  10   2   0   0   0   0  0.84 0.48
  162 R   -2  5  2  1 -3  0 -1 -1  1 -4 -2  4 -3 -2 -3 -2 -1 -4 -2 -4    2  31  10   7   1   3   2   5   3   1   4  21   1   2   1   2   3   0   1   1  0.63 0.36
  163 V   -3 -7 -8 -8  0 -7 -7 -8 -8  6 -2 -7 -1 -4 -6 -6 -4 -5 -4  6    2   0   0   0   2   0   0   0   0  42   2   0   1   0   0   0   1   0   0  48  1.79 0.74
  164 I   -5 -6 -5 -7 -3 -5 -7 -7 -5  5  3 -6  4  0 -7 -6 -4  5 -2  3    0   0   1   0   0   0   0   0   0  31  29   0   9   3   0   0   0   8   1  17  1.19 0.54
  165 N   -4 -5  2  4 -3 -4 -4 -1 -2 -6 -6 -5 -6 -5 -5  3  5 -6 -3 -5    0   0  10  23   0   0   0   5   1   0   0   0   0   0   0  23  34   0   1   0  1.16 0.64
  166 S   -1 -6 -1 -6 -5 -5 -4 -5 -5 -7 -8 -6 -7 -5 -2  7 -1 -7  2 -5    3   0   2   0   0   0   1   0   0   0   0   0   0   0   2  81   3   0   6   0  2.00 0.95
  167 T   -3  2  0  5 -6 -3  0 -5 -3 -5 -6  1 -4 -5 -5 -1  5 -1 -4 -5    2  11   4  28   0   1   5   1   1   0   0   8   0   1   0   4  34   1   0   0  0.97 0.55
  168 G   -1 -2 -2  3 -7  2  5  3  2 -7 -7 -2 -6 -6 -5 -1 -2 -4 -5 -6    4   2   1  16   0   7  36  21   5   0   0   1   0   0   0   3   2   0   0   0  0.94 0.52
  169 A    6 -6 -6 -7 -3 -5 -6 -3 -6  2  1 -6  1 -2 -6 -3 -4 -7 -6  0   63   0   0   0   0   0   0   1   0  13  11   0   4   1   0   1   0   0   0   5  1.31 0.66
  170 L   -6 -7 -8 -9 -6 -6 -8 -9 -8  0  6 -7  2 -1 -8 -6 -4  0 -4 -1    0   0   0   0   0   0   0   0   0   5  81   0   4   3   0   0   1   1   1   4  1.85 0.78
  171 S    1 -1  2  2 -2 -1  3 -2 -2 -3 -3  0 -2 -1 -4  2 -1 -5 -2 -2   13   3  10  13   1   2  19   2   1   1   2   4   1   3   0  18   3   0   1   2  0.36 0.29
  172 L   -2 -3 -5 -5 -4 -2 -5 -6 -4  2  5 -4  3  1 -1 -3 -3  2 -3 -2    3   2   1   0   0   2   1   0   0   9  58   1   5   6   4   2   1   3   1   2  0.95 0.49
  173 P   -1  0  0  3 -6  1  3 -2 -2 -5 -5  3 -4 -6  2  0  1 -6 -5 -4    4   5   4  14   0   5  18   2   1   0   0  18   0   0  10   6  11   0   0   1  0.53 0.36
  174 E   -1  0 -1  1 -5  1  5 -3  0 -5 -5  3 -4 -3 -4  1  0 -3 -3 -3    5   5   3   7   0   6  33   1   3   0   0  15   0   1   0  11   6   0   1   1  0.61 0.40
  175 I   -2 -3 -6 -6 -1 -2 -6 -7 -6  5  3 -4  0 -3 -1 -5 -3 -6 -4  4    2   1   0   0   1   2   0   0   0  27  29   1   2   1   3   0   1   0   0  28  0.96 0.48
  176 P   -6 -7 -8 -6 -9 -7 -7 -8 -8 -6 -7 -6 -6 -6  9 -7 -7 -10 -4 -7    0   0   0   0   0   0   0   0   0   1   0   0   0   0  96   0   0   0   1   0  3.47 1.32
  177 K   -1  1 -1  1 -7  2  4 -1 -4 -6 -6  5 -4 -7 -2  0 -3 -7 -6 -5    6   5   3   7   0   7  23   4   0   0   0  36   0   0   2   5   1   0   0   0  0.85 0.49
  178 K   -3  4  0 -1 -6 -3 -1 -5  3 -7 -7  3 -6 -7 -5  5  0 -7 -5 -6    1  18   3   3   0   0   4   0   7   0   0  16   0   0   0  42   5   0   0   0  1.07 0.61
  179 L   -4 -7 -8 -8 -4 -6 -7 -7 -7  3  5 -7  6 -2 -7 -7 -5 -6 -6  1    1   0   0   0   0   0   0   0   0  14  56   0  20   1   0   0   0   0   0   7  1.55 0.68
  180 V    1 -6 -5 -7 -1 -6 -6 -2 -6  3  3 -6 -1 -3 -6 -5  0 -6 -5  4   14   0   0   0   1   0   0   3   0  13  31   0   1   1   0   0   6   0   0  30  0.85 0.46
  181 V   -5 -8 -8 -8 -3 -7 -8 -9 -8  7 -3 -8 -2 -4 -8 -7 -5 -8 -6  6    0   0   0   0   0   0   0   0   0  53   1   0   1   0   0   0   0   0   0  44  2.13 0.85
  182 I   -4 -6 -8 -7 -4 -7 -8 -8 -8  7  0 -7 -1 -4 -7 -6 -4 -7 -4  5    1   0   0   0   0   0   0   0   0  55   8   0   1   1   0   0   1   0   1  32  1.80 0.74
  183 G   -6 -8 -6 -7 -8 -8 -8  8 -8 -10 -10 -7 -9 -9 -8 -6 -5 -8 -9 -7    0   0   0   0   0   0   0  99   0   0   0   0   0   0   0   0   1   0   0   0  3.02 1.13
  184 G    3 -7 -5 -6 -7 -6 -7  7 -7 -8 -8 -6 -7 -8 -7  0 -5 -8 -8 -7   25   0   0   0   0   0   0  67   0   0   0   0   0   0   0   7   0   0   0   0  1.90 0.82
  185 G   -5 -7 -4 -5 -5 -7 -8  8 -8 -10 -9 -7 -8 -9 -8 -3 -7 -8 -9 -9    0   0   1   1   0   0   0  96   0   0   0   0   0   0   0   2   0   0   0   0  2.86 1.08
  186 Y    3 -6 -7 -7 -4 -6 -5 -6 -4  2 -4 -6 -4 -3 -2 -4 -3 -5  5  5   25   0   0   0   0   0   1   0   0   9   0   0   0   1   3   1   1   0  17  43  1.24 0.63
  187 I   -5 -8 -7 -8 -6 -8 -5 -9 -8  8 -3 -8 -2 -4 -8 -5 -3 -8 -5  2    1   0   0   0   0   0   1   0   0  80   0   0   1   0   0   1   2   0   0  14  2.34 0.91
  188 G   -1 -8 -6 -7 -8 -7 -8  8 -4 -9 -9 -7 -8 -9 -8 -4 -7 -8 -9 -9    4   0   0   0   0   0   0  95   0   0   0   0   0   0   0   1   0   0   0   0  2.80 1.07
  189 M   -3 -6 -7 -7  6 -5 -7 -7 -7  2  4 -6  4 -4 -6 -4 -2 -6 -5  4    1   0   0   0  15   0   0   0   0  11  34   0  11   0   0   1   2   0   0  23  1.18 0.55
  190 E   -5 -6 -6 -4 -10 -4  8 -8 -4 -9 -9 -5 -8 -9 -7 -6 -5 -9 -8 -7    1   0   0   0   0   0  98   0   0   0   0   0   0   0   0   0   1   0   0   0  3.04 1.23
  191 L   -5 -7 -8 -8 -5 -7 -8 -8 -5  0  3 -7  5  7 -8 -7 -5  1 -1 -4    1   0   0   0   0   0   0   0   0   4  27   0  15  49   0   0   0   2   2   0  1.85 0.76
  192 G    6 -7 -6 -7 -6 -6 -6  4 -7 -7 -7 -6 -6 -8 -6 -1 -5 -8 -7 -5   69   0   0   0   0   0   0  27   0   0   0   0   0   0   0   4   0   0   0   0  1.89 0.86
  193 T   -2 -4 -2 -2  3  1 -3 -2 -1 -3 -4 -4  0  1 -5  4  4 -1  2 -4    2   0   2   2   6   6   1   3   1   1   1   0   2   6   0  36  22   1   8   1  0.74 0.49
  194 A    0 -6 -7 -7 -4 -6 -6 -7 -5  5  1 -6  2  3 -6 -4 -3 -5 -2  4    8   0   0   0   0   0   0   0   0  33  11   0   5  12   0   1   1   0   1  27  1.06 0.50
  195 Y   -6 -8 -8 -9 -6 -7 -8 -8 -4 -6  0 -8  1  7 -9 -7 -7  7  7 -6    1   0   0   0   0   0   0   0   0   0   7   0   4  35   0   0   0  14  40   0  2.33 0.91
  196 A    3  3  4 -3 -4  1 -4 -2  2 -6 -4 -1 -4 -6 -5  3 -3 -7 -5 -4   25  13  17   1   0   5   0   2   5   0   1   2   0   0   0  25   1   0   0   1  0.77 0.49
  197 N    3  3  0  0 -1 -1  0 -2 -1 -4 -4  1 -2 -5 -3  2  0 -4 -4 -3   25  19   4   4   1   2   5   3   1   0   1   9   1   0   1  15   7   0   0   1  0.45 0.33
  198 F   -4 -7 -8 -8 -4 -7 -7 -6 -6 -1  5 -7  2  5 -8 -6 -6 -5  1 -2    1   0   0   0   0   0   0   1   0   3  59   0   5  25   0   0   0   0   5   2  1.56 0.68
  199 G   -5 -7 -5 -4 -6 -6 -5  8 -6 -10 -10 -7 -8 -9 -8 -6 -7 -8 -9 -9    0   0   0   1   0   0   1  97   0   0   0   0   0   0   0   0   0   0   0   0  2.89 1.09
  200 T    2 -5 -5 -5  3 -5 -5 -5 -5 -4 -5 -4 -2 -6 -5  5  3 -7 -5  3   19   0   0   0   5   0   0   0   0   1   0   1   1   0   0  36  20   0   0  18  1.03 0.60
  201 E   -2  2  0  2 -7  3  4 -4 -1 -7 -7  5 -5 -7 -4 -2 -3 -7 -6 -5    3   9   3   9   0  10  26   1   2   0   0  33   0   0   0   3   1   0   0   0  0.99 0.54
  202 V   -5 -7 -8 -9 -5 -8 -8 -9 -9  1 -3 -8 -5 -6 -5 -7 -3 -8 -7  8    1   0   0   0   0   0   0   0   0   7   2   0   0   0   1   0   1   0   0  89  2.48 0.99
  203 T   -4 -5 -4 -2 -4 -4 -3 -7  1 -3 -6 -3 -5 -6 -6  1  7 -4 -1 -3    1   0   1   3   0   0   2   0   3   2   0   1   0   0   0   8  74   0   2   2  1.84 0.88
  204 V   -4 -7 -8 -8 -4 -7 -7 -8 -8  5  2 -7  1 -3 -7 -7 -5 -7 -5  6    1   0   0   0   0   0   0   0   0  35  16   0   3   1   0   0   0   0   0  44  1.59 0.68
  205 V   -3 -7 -8 -8 -5 -7 -7 -8 -8  5  1 -7 -1 -2 -7 -6 -5 -7 -3  6    2   0   0   0   0   0   0   0   0  27  13   0   1   2   0   0   0   0   1  55  1.61 0.69
  206 E   -6 -5 -6 -2 -8 -1  8 -6 -2 -7 -6 -4 -7 -6 -6 -5 -6 -8 -6 -5    0   0   0   1   0   2  90   1   1   0   1   1   0   0   0   0   0   0   0   1  2.56 1.07
  207 A    2 -1 -4 -5 -3 -2 -3 -2 -3  0  1 -2  7  3 -4 -3 -2 -4  2 -1   16   3   0   0   0   1   2   3   0   4  12   2  29  11   0   2   2   0   7   3  0.72 0.43
  208 G    0 -1 -4 -4 -3  1 -1 -2 -5 -3  4 -3  6 -1 -5 -1  0 -5 -4 -3    9   3   1   1   1   6   3   4   0   0  37   1  21   2   0   5   5   0   0   1  0.71 0.45
  209 D   -3 -5  0  5 -7 -3  2 -2 -4 -7 -8 -1 -7 -8  6  0 -4 -8 -7 -6    2   0   4  33   0   0  11   3   0   0   0   4   0   0  35   6   1   0   0   0  1.33 0.65
  210 E   -2  5  1 -1 -5  4  0 -1  3 -6 -6  0 -5 -5 -5  1  0 -6 -4 -5    3  30   7   4   0  17   5   4   7   0   0   4   0   0   0   9   7   0   0   1  0.74 0.45
  211 I   -3 -7 -8 -8 -3 -7 -7 -8 -7  6  4 -7  0  0 -4 -7 -5 -4 -4  2    2   0   0   0   0   0   0   0   0  50  31   0   1   3   1   0   0   0   0  11  1.50 0.64
  212 L   -2 -6 -7 -8  0 -6 -7 -2 -7  2  6 -7  2 -3 -7 -6 -4 -6 -4  1    3   0   0   0   2   0   0   4   0   8  69   0   4   1   0   0   1   0   0   7  1.41 0.63
  213 A    0 -3 -2 -5 -7 -3 -4 -2 -4 -6 -5 -4 -2 -6  8  0 -2 -8 -4 -4    8   2   2   0   0   1   1   4   0   0   1   1   1   0  68   6   2   0   1   1  1.90 0.84
  214 G    0 -1  2 -2 -4 -1 -2  4 -2 -2  0 -2  2 -1 -1  0  1 -3 -3 -1    7   3  11   1   0   2   3  29   1   2   8   1   7   3   3   6   9   0   1   4  0.30 0.24
  215 F    1 -4 -3 -3 -1 -3  4 -4 -4  1  1 -4  5  2 -5 -3 -1 -2 -1  1   11   0   1   0   1   0  29   1   0   7  11   0  15   7   0   1   4   1   2  10  0.57 0.40
  216 E   -7 -7 -4  9 -6 -6  0 -5 -7 -9 -10 -6 -9 -9 -6 -4 -7 -10 -9 -9    0   0   0  92   0   0   6   1   0   0   0   0   0   0   0   1   0   0   0   0  2.98 1.14
  217 K    1  2 -1  0 -5  0  3  0  0 -4 -3  2 -2 -5  2  0 -1 -5 -3 -3   13  12   2   4   0   4  18   6   2   1   3  14   1   0   9   7   3   0   0   2  0.33 0.26
  218 A   -3 -2 -4  6 -8  0  6 -4 -5 -7 -7 -3 -3 -8 -5 -2 -5 -6 -7 -7    3   2   0  40   0   4  44   1   0   0   0   1   1   0   0   3   0   0   0   0  1.64 0.77
  219 M   -1 -6 -6 -6  0 -5 -7 -7 -7  5  3 -6  1 -3 -7 -4 -2 -6 -5  4    6   0   0   0   2   0   0   0   0  33  25   0   3   0   0   1   2   0   0  27  1.14 0.53
  220 S    3 -2 -3 -5 -1 -2 -4  0 -5 -1 -4 -4 -4 -6 -5  5  0 -7 -5  3   23   3   1   0   1   2   0   7   0   3   1   0   0   0   0  37   5   0   0  17  0.78 0.50
  221 S    1  3 -1  0 -5  2  1 -2 -3 -4 -3  5 -3 -6 -4  0 -1 -6 -5 -3   12  16   3   4   0   8   7   3   0   1   2  32   0   0   0   6   3   0   0   1  0.62 0.39
  222 V    0  1 -1 -2 -3  1  2 -3 -1  1  0 -1  0  0  1 -1  0 -4 -1  1    9   7   3   1   0   5  16   1   1   7  10   2   2   3   7   3   7   0   3  13  0.12 0.15
  223 V   -1 -6 -7 -7 -4 -6 -6 -6 -5  2  5 -6  3  2 -6 -5 -4  1 -1  3    6   0   0   0   0   0   0   0   0   8  49   0   6   7   0   0   1   2   2  17  1.00 0.49
  224 K    1  2 -2 -2 -3  3  3 -2  0 -2 -1  1  0 -3 -4  0  1 -4 -2 -2   14   9   1   1   0  16  17   2   2   2   5  10   2   1   0   5   8   0   1   2  0.32 0.27
  225 R   -2  5 -1 -2 -7  1 -1 -3 -3 -5 -4  5  0 -6 -3 -1 -2 -4 -4 -4    4  33   2   3   0   5   3   1   0   0   2  35   3   0   1   4   2   0   0   1  0.99 0.53
  226 A    1  0  0 -2 -2  1  1 -2  0  2  0  0  0 -2 -3  2  0 -2 -1  0   11   6   4   1   1   6   8   2   2  15   8   6   2   2   0  17   4   0   2   4  0.13 0.16
  227 L   -2 -6 -2 -7 -3 -5 -7 -6 -6  0  5 -5  4  5 -7 -6 -5 -3 -1 -2    4   0   2   0   1   0   0   0   0   4  52   0   9  23   0   0   0   0   1   1  1.29 0.60
  228 Q    0  2 -1 -3 -6  2  2 -2 -2 -2 -4  5 -2 -5 -4 -1  1 -6 -5 -3    7   8   2   1   0   7  15   2   1   3   1  37   1   0   0   5   8   0   0   1  0.66 0.41
  229 K   -1  4 -1 -2 -7 -1  0 -3 -1 -7 -6  7 -6 -7 -5 -2 -4 -7 -6 -6    5  17   3   2   0   3   6   2   1   0   0  56   0   0   0   3   1   0   0   0  1.35 0.65
  230 K   -2  4 -1  0 -6  5  0 -5 -1 -3  0  3  1 -4 -5 -1 -3 -5 -4 -4    3  24   2   4   0  24   4   0   1   1   8  17   3   1   0   5   1   0   0   1  0.75 0.45
  231 G   -3 -4 -3 -4 -3 -4 -4  7 -4 -5 -4 -2 -4  1 -4 -3 -4 -5 -1 -5    2   1   1   1   1   1   1  75   0   1   2   2   0   5   1   1   1   0   3   1  1.69 0.64
  232 N    0  0  1  0  0  0  0  0  0 -1 -1  1  0 -1  0  0  0 -1 -1 -1    7   5   7   6   2   3   7   7   2   5   7  13   2   3   4   6   5   1   2   5  0.04 0.01
  233 V   -3 -5 -5 -5 -3 -5 -5 -5 -5  6  0 -3  3 -1 -5 -5 -4 -5 -4  4    2   1   0   1   0   0   1   1   0  48   7   2   7   3   0   1   1   0   0  25  1.27 0.52
  234 N   -1  2  2  2 -4  1  2 -3 -2 -5 -5  4 -2 -5 -4 -1  1 -6 -5 -5    6   9   9  11   0   6  14   1   1   0   1  28   1   0   0   3   9   0   0   0  0.59 0.37
  235 I   -4 -7 -6 -7 -1 -6 -7 -7 -6  6  1 -6 -1  4 -7 -4 -2 -5 -3  4    1   0   0   0   1   0   0   0   0  39  10   0   1  18   0   1   2   0   0  26  1.27 0.56
  236 H   -3  1 -1 -5 -3 -1 -1 -5  5  1  2  1  2  1 -5 -3 -3 -2  3 -1    1   7   3   0   1   2   3   0  17   7  20   9   6   6   0   1   1   0  11   4  0.50 0.32
  237 T   -3 -5 -3 -5  0 -5 -3 -6 -6 -3  3 -2 -1 -1 -3 -3  6 -6 -3  0    2   0   1   0   2   0   2   0   0   1  27   3   1   3   1   1  49   0   1   6  1.08 0.60
  238 K   -2 -3  4  0 -5  0  0  4 -3 -7 -7  1 -6 -7 -5  2 -4 -7 -5 -6    3   1  17   5   0   4   6  36   1   0   0  10   0   0   0  16   0   0   0   0  0.86 0.48
  239 A    3 -3 -4 -4  1 -3 -3 -4  0 -3 -4 -3 -3 -5 -5  2  5 -6 -3  0   27   1   0   1   3   1   1   0   2   1   1   1   1   0   0  15  37   0   1   7  0.90 0.54
  240 M   -1  3 -1 -3 -5  1  0 -2 -2 -4 -3  5  0 -4 -2  0  1 -6 -4 -3    5  18   2   1   0   4   5   3   1   1   2  39   2   1   1   6   7   0   0   2  0.72 0.43
  241 A    1 -7 -6 -6 -2 -6 -6 -6 -7  2  0 -6 -2 -3 -4 -4 -2 -5 -5  6   12   0   0   0   1   0   0   0   0  11   9   0   0   1   1   1   3   0   0  61  1.35 0.63
  242 K   -1 -1 -1 -1 -4  2  3 -3 -2 -1  0  2 -2 -5 -4  0  3 -2 -4  0    5   2   2   3   0   8  18   2   1   4   8  14   1   0   0   6  19   1   0   6  0.32 0.28
  243 G    1  1  0  0 -4 -1  2  2 -2 -5 -5  2 -4 -5 -4  3 -2 -6 -4 -5   10   7   4   4   0   2  15  16   1   0   1  14   0   0   0  24   2   0   0   0  0.50 0.35
  244 V    2 -5 -6 -6  0 -4 -5 -3 -4  5  1 -5  1  0 -4 -2 -2  0  0  4   15   0   0   0   2   0   0   2   0  30  10   0   3   3   0   3   2   1   3  24  0.71 0.39
  245 E   -1  1 -1  1 -4  1  4 -4 -1 -3 -4  2 -3 -5 -4  0  0 -4 -4 -1    4   7   3   7   0   6  33   0   1   2   1  14   0   0   0   8   7   0   0   4  0.56 0.36
  246 E    1  1  0  1 -4  0  1 -2 -1 -1 -3  3 -3 -4  0 -1  0 -5 -2  1   12   8   3   8   0   4  10   2   1   4   2  20   0   0   5   4   4   0   1  11  0.23 0.20
  247 T    0  0  1  1 -3  1  1  0  0 -2 -2  2 -2 -3 -3  1  2 -4 -3 -1    6   5   8   7   0   5   9   8   2   2   3  14   1   1   0  11  14   0   0   4  0.20 0.18
  248 E    0 -2  1  3 -5 -1  2  3 -1 -5 -5  2 -4 -5  0  0 -2 -5 -4 -4    9   2   7  16   0   2  15  22   1   0   1  11   0   0   5   6   1   0   0   1  0.48 0.31
  249 T   -1 -2  3  4 -5 -1  1  2 -1 -4 -4  1 -4 -5 -3  1 -1 -5 -5 -4    6   1  12  26   0   3   9  15   1   1   1   8   0   0   1   9   4   0   0   1  0.53 0.32
  250 G   -1  0  0 -2 -4  0  0  5  0 -4 -3  2 -1 -4 -4  0 -1 -5 -3 -3    4   4   4   2   0   4   5  43   3   1   2  12   1   1   1   7   3   0   1   2  0.64 0.36
  251 V    0 -3 -3 -4  0 -2 -4 -4 -3  2  2  0 -1 -1 -4 -3 -2 -3 -1  5    8   1   1   1   2   2   1   1   0  12  20   6   1   2   0   1   1   0   2  37  0.58 0.34
  252 K    0  2 -1 -1  0  0  2 -3  0  0 -1  2 -1 -3 -3  0  2 -2 -2  0    6  11   2   3   2   4  12   1   2   6   5  14   1   1   0   7  14   1   1   8  0.19 0.19
  253 V    0 -6 -6 -7  1 -6 -6 -6 -7  2  2 -6 -1 -4 -6 -4 -1 -5 -4  6    9   0   0   0   3   0   0   0   0  11  15   0   1   0   0   1   3   0   0  54  1.20 0.56
  254 S   -1  0  0 -1 -1  0  1 -3  1  0 -2  1 -2 -2 -2  1  3 -4 -1  1    5   5   3   3   1   3  12   1   4   6   3   7   1   2   1   8  23   0   2   9  0.21 0.20
  255 F   -1 -4 -4 -4  0 -5 -5 -4 -4  2  3 -4  0  4 -5 -4 -2 -1  3  3    4   0   1   1   2   0   0   1   0  12  23   1   2  17   0   1   2   1  11  18  0.64 0.34
  256 E    0 -1  0  2 -5  1  5 -3 -3 -3 -3  1 -3 -4 -4  1  1 -5 -4 -2    6   3   3  10   0   5  35   1   0   1   2   9   1   0   0  10   9   0   0   3  0.58 0.37
  257 V    0  0  1  1 -2  0 -1  2  0 -2 -2  2 -2 -4 -2  1  2 -4 -3 -1    9   4   8   9   1   4   3  14   3   2   3  13   0   0   1  10  14   0   0   4  0.21 0.18
  258 K    0 -1  2  3 -5 -1  1  3 -3 -5 -5  3 -5 -6  1 -1 -2 -6 -5 -4    7   2  10  16   0   2   9  22   1   0   1  18   0   0   6   3   1   0   0   1  0.55 0.34
  259 G   -2 -3  2  2 -4 -1  1  5 -2 -4 -5  0 -4 -4 -4  0 -2 -5 -4 -4    3   1   8  10   0   2   9  45   1   1   1   6   0   1   1   6   3   0   0   1  0.77 0.38
  260 E    0 -1  0  0 -3  1  2  2 -2 -3 -4  4 -4 -4 -3  0 -1 -4 -4 -2    7   3   4   4   0   5  16  18   1   1   2  24   0   1   1   5   4   0   0   3  0.41 0.27
  261 I    0  0 -1  0 -3  1  3 -1 -2 -1 -2  1 -2 -3  1  0  2 -4 -3 -1    6   4   3   4   0   5  23   5   1   3   3   9   1   1   7   7  12   0   1   5  0.23 0.19
  262 Q   -2  1 -1 -1 -3  2  4 -2  0 -2 -2  2 -2  0 -3 -1  0 -2 -2 -1    3   7   2   3   0  10  27   3   2   3   5  15   1   4   1   5   6   0   1   4  0.34 0.26
  263 T   -1 -1 -1 -1 -2  1  3 -4 -2 -1 -3  1 -2 -2 -1  1  3 -5 -1  0    4   4   3   2   1   5  18   1   1   3   2   9   1   2   2  10  23   0   2   8  0.31 0.27
  264 V   -1 -3 -5 -3 -4 -1 -2 -4 -2  4  3 -2  0  1 -5 -4 -2 -2 -1  3    5   1   0   1   0   2   3   1   1  24  29   2   2   6   0   0   2   0   2  17  0.56 0.32
  265 E   -1  1  0  1 -3  0  4 -4 -2 -2 -3  1 -3 -4 -2  0  2 -4 -3  0    4   6   4   6   0   3  32   1   1   3   2   7   0   1   2   7  13   0   1   6  0.44 0.32
  266 A    5 -6 -5 -5  3 -5 -5  1 -5 -3 -4 -5 -4  3 -5  0  0 -5  2  1   42   0   0   0   7   0   0  10   0   1   0   0   0  10   0   6   5   0   6  12  0.82 0.49
  267 D   -4 -5 -2  7 -8  0  4 -4 -2 -8 -8 -4 -7 -8 -6 -2 -3 -8 -7 -6    1   0   2  59   0   3  27   1   1   0   0   1   0   0   0   3   2   0   0   0  1.84 0.81
  268 Y    0  2 -2 -4 -2  1 -3 -5  1 -1 -1  5  1 -3 -4 -3 -1 -2  2  1    7  11   1   0   1   5   0   0   3   3   6  34   4   1   0   1   4   0   7   9  0.53 0.37
  269 V    0 -7 -7 -8  0 -7 -7 -7 -7  3  1 -7  0 -3 -7 -6 -4 -7 -4  6    6   0   0   0   2   0   0   0   0  15  13   0   2   1   0   0   1   0   0  60  1.46 0.65
  270 L   -4 -7 -8 -8 -3 -7 -8 -7 -8  1  7 -7  1 -1 -8 -7 -6 -6 -6 -2    2   0   0   0   1   0   0   0   0   6  84   0   3   2   0   0   0   0   0   2  1.94 0.80
  271 V   -3 -7 -7 -6 -2 -3 -5 -7 -7  3  1 -6  3 -3 -7 -2 -3 -7 -3  6    2   0   0   0   1   1   1   0   0  12  12   0   6   1   0   3   1   0   1  59  1.36 0.63
  272 T    6 -6 -6 -6  3 -6 -5 -3 -6 -6 -6 -6 -5 -6 -6  3  0 -7 -7 -3   63   0   0   0   6   0   0   1   0   0   0   0   0   0   0  22   5   0   0   1  1.58 0.77
  273 V    0 -6 -7 -4 -5 -6 -7 -6 -7  5 -3 -5 -2 -4 -7 -3  1 -7 -3  6    8   0   0   1   0   0   0   0   0  28   1   1   1   0   0   1  10   0   1  48  1.32 0.63
  274 G   -5 -6 -5 -7 -8 -7 -5  8 -8 -10 -7 -7 -8 -9 -8 -5 -7 -8 -9 -9    0   0   0   0   0   0   1  97   0   0   0   0   0   0   0   1   0   0   0   0  2.90 1.10
  275 R   -7  8 -6 -7 -9 -3 -6 -8 -4 -1 -6 -2  0 -3 -8 -6 -7 -3 -6  0    0  83   0   0   0   1   0   0   0   4   0   1   2   2   0   0   0   0   0   6  2.47 1.01
  276 R   -1  5 -3 -4 -3  1 -1 -3 -2 -1 -3  4 -3 -5 -5  0  0 -3 -4  1    5  29   1   0   1   5   4   2   1   4   2  21   1   0   0   6   7   0   0  11  0.59 0.38
  277 P    2 -6 -7 -7 -5 -6 -6 -1 -7 -6 -4 -6 -6 -3  8 -3 -4 -9 -6 -5   15   0   0   0   0   0   0   5   0   0   2   0   0   2  71   2   1   0   0   1  2.20 0.95
  278 N   -2 -1  7 -1 -2 -3 -3 -5 -1 -4 -3 -5 -4  0 -6 -1 -4 -4  3  0    3   4  56   4   1   1   1   0   1   1   3   0   0   4   0   4   0   0   9   8  1.31 0.65
  279 T   -3 -5 -4 -5 -3 -5 -5 -1 -2  1  1 -5 -2  0 -5  2  6 -6 -3  0    2   0   0   0   0   0   0   5   1   8  11   0   1   4   0  14  45   0   1   7  0.87 0.53
  280 Q    0 -1  0  4 -6  1  4 -1 -1 -5 -5  1 -4 -5 -3  0 -1 -4 -5 -5    8   3   4  23   0   5  29   4   1   0   0   9   0   0   1   8   3   0   0   0  0.69 0.42
  281 E   -2 -2  3  2 -2 -2 -1  5 -1 -5 -3 -1 -4 -5 -4 -1 -2 -6 -5 -4    3   2  14  12   1   2   5  45   1   0   3   3   0   0   0   4   2   0   0   1  0.85 0.44
  282 I   -3 -5 -6 -6 -2 -5 -4 -6 -6  4  5 -6  1 -2 -5 -5 -3 -2 -4  0    2   0   0   0   1   0   1   0   0  22  61   0   3   2   0   1   1   1   0   4  1.31 0.57
  283 G   -1 -4  3  1 -2 -4 -2  6 -3 -6 -5 -3 -6 -2 -5 -3 -4 -5 -6 -5    4   1  13   7   1   1   2  63   1   0   1   2   0   2   0   1   1   0   0   1  1.39 0.62
  284 L    0 -5 -7 -5 -1 -5 -6 -5 -5  1  6 -5 -2 -1 -3 -4 -4 -2 -3 -1    8   0   0   1   2   0   0   1   0   6  71   0   0   2   1   1   1   1   1   3  1.31 0.60
  285 E   -1 -4 -3  3 -7 -1  7 -4 -3 -7 -5 -1 -6 -7 -2 -1 -4 -7 -7 -5    5   1   1  15   0   2  60   1   1   0   1   4   0   0   2   4   1   0   0   1  1.42 0.70
  286 Q    1  0  4  0 -4  0  3 -1 -1 -5 -4  3 -3 -5 -4 -1  0 -6 -4 -4   14   4  18   5   0   3  18   4   1   0   1  19   0   0   0   4   5   0   0   1  0.51 0.35
  287 V    3 -5 -4 -5 -1 -4 -5 -4 -4  3  2 -4  0 -3 -5 -2  2 -5 -5  2   25   0   1   0   1   0   0   1   0  15  23   0   2   0   0   2  13   0   0  16  0.63 0.38
  288 G   -3 -3  0 -1 -5 -3 -4  7 -6 -8 -6 -1 -7 -7 -4 -1 -5 -7 -7 -6    2   2   5   4   0   1   1  73   0   0   1   5   0   0   1   4   0   0   0   1  1.71 0.73
  289 V   -4 -6 -6 -7 -4 -7 -6 -6 -7  5  2 -7 -1 -4 -6 -6 -5 -7 -5  6    1   0   0   0   0   0   0   0   0  32  17   0   1   0   0   0   0   0   0  46  1.51 0.65
  290 K    1  1  0  0 -5  2  4 -4 -1 -2 -4  4 -3 -5 -4 -2 -1 -6 -5 -1   10   6   4   5   0   7  27   1   1   3   1  22   0   0   0   2   4   0   0   4  0.56 0.37
  291 M   -2 -1 -4 -5  0 -3 -4 -5 -1  2  3 -2  3  1 -2 -3  2 -4 -1  2    2   3   1   0   2   1   1   0   1   9  27   3   8   5   2   1  16   0   2  16  0.44 0.28
  292 T   -2 -2  3  6 -4 -1 -1  0 -2 -4 -4 -2 -3 -4 -4  0  2 -4 -4 -3    3   2  12  42   0   2   3   6   1   1   2   1   1   1   1   6  13   0   1   1  0.85 0.42
  293 D   -1  0  0  3 -5  1  4  0 -2 -4 -5  2 -4 -5  0  0 -3 -5 -5 -5    6   5   4  15   0   5  32   7   1   1   1  12   0   0   5   5   1   0   0   1  0.62 0.36
  294 R   -2  6  2  0 -5  0 -2 -2  0 -6 -5  4 -4 -5 -3 -2 -3 -3 -4 -6    3  42   9   5   0   4   1   4   2   0   1  23   0   0   1   3   1   0   0   0  1.06 0.53
  295 G   -4 -4 -1 -4 -6 -4 -5  7 -4 -7 -7 -2 -5 -7 -5 -4 -5 -6 -4 -7    1   1   3   1   0   1   1  84   0   0   1   3   0   0   1   1   1   0   1   0  2.16 0.83
  296 I    0  2 -3 -4 -2 -1 -2 -2  1 -3 -2 -1 -2  7 -4 -2 -4  1  2 -3    8  13   1   1   1   2   2   3   3   1   3   4   1  40   1   3   1   2   7   2  0.82 0.41
  297 I   -6 -8 -8 -8 -6 -8 -7 -9 -8  8 -1 -8 -4 -4 -8 -7 -6 -8 -6  4    0   0   0   0   0   0   0   0   0  71   4   0   0   0   0   0   0   0   0  25  2.28 0.88
  298 E    0  0 -2 -1 -3  1  2 -4 -3  1 -1  3 -1 -3  2 -2 -1 -1 -4  2    8   5   1   3   0   6  13   0   0   7   7  20   1   1   9   2   2   1   0  14  0.27 0.24
  299 I   -2 -7 -7 -8 -4 -7 -7 -8 -6  2 -4 -7 -3 -5 -7 -6  2 -8 -6  7    3   0   0   0   0   0   0   0   0   8   0   0   0   0   0   0  14   0   0  74  1.97 0.84
  300 D   -7 -6  6  7 -9 -4 -4 -3 -6 -9 -8 -5 -8 -9 -7 -4 -5 -9 -5 -8    0   0  34  61   0   0   0   2   0   0   0   0   0   0   0   1   0   0   0   0  2.34 0.96
  301 E    0 -1  0  4 -6  0  5  0 -1 -5 -6  1 -5 -7 -1  1 -3 -7 -5 -5    8   3   4  21   0   3  33   7   1   0   0   7   0   0   3   9   1   0   0   0  0.72 0.44
  302 Q   -2  3  1 -1 -3  4 -1 -3  5 -5 -4  2 -2  1 -5 -1 -1  0  3 -4    2  15   8   3   1  17   3   2  12   0   1  12   1   7   0   4   4   1   9   1  0.55 0.36
  303 C   -5 -1 -5 -7  4  0 -6 -2 -5 -4  2 -5  8  3 -7 -5 -4 -2  3 -4    1   3   0   0   9   4   0   4   0   0  17   0  38  11   0   0   1   1  10   0  1.41 0.68
  304 R   -2  6 -3 -5 -1  5  3 -5 -3 -6 -5  1 -2 -7 -6 -3 -5 -7 -6 -6    4  40   1   0   2  22  19   1   1   0   1   8   1   0   0   1   0   0   0   0  1.32 0.67
  305 T   -5 -7 -6 -7 -5 -6 -7 -7 -7 -6 -7 -6 -6 -8 -7 -1  8 -8 -7 -5    0   0   0   0   0   0   0   0   0   0   0   0   0   0   0   3  95   0   0   1  2.90 1.19
  306 N    0 -4  6 -1 -4 -4 -3 -1 -3 -5 -6 -1 -5 -7 -4  4  1 -8 -6 -5    7   0  39   3   0   0   1   4   0   1   1   3   0   0   1  32   8   0   0   1  1.19 0.63
  307 V    0 -2 -2 -1 -1 -2 -1 -5 -3  4  0 -3 -1 -3 -5 -3 -2 -6 -4  5    8   2   2   4   1   2   5   0   1  19   6   1   1   1   0   1   2   0   0  42  0.70 0.41
  308 P   -1 -3 -1  2 -7 -2  2 -3 -4 -7 -7  1 -7 -7  7  0 -4 -8 -7 -6    5   1   2  10   0   1  12   2   0   0   0   9   0   0  49   7   1   0   0   0  1.37 0.67
  309 N   -4 -2  5 -2 -5 -4 -5  5  6 -7 -8 -2 -7 -6 -6 -1 -3 -3 -5 -7    1   2  25   2   0   0   0  41  19   0   0   2   0   0   0   4   2   0   0   0  1.45 0.67
  310 I   -6 -8 -8 -8 -5 -8 -8 -9 -6  7 -1 -8 -3 -3 -8 -7 -6 -8 -3  4    0   0   0   0   0   0   0   0   0  65   4   0   0   1   0   0   0   0   1  28  2.11 0.83
  311 Y   -7 -2 -8 -9 -8 -7 -8 -9 -3 -7 -3 -6 -6  5 -9 -5 -7  4  9 -7    0   2   0   0   0   0   0   0   1   0   3   0   0  18   0   1   0   6  70   0  2.81 1.08
  312 A    7 -7 -7 -7 -1 -6 -7 -5 -7 -7 -7 -6 -7 -8 -7 -4 -5 -8 -7 -3   96   0   0   0   1   0   0   0   0   0   0   0   0   0   0   0   0   0   0   2  2.55 1.07
  313 I    1 -8 -8 -8 -2 -8 -8 -8 -8  8 -3 -7 -3 -5 -5 -7 -6 -8 -6  3   10   0   0   0   1   0   0   0   0  71   1   0   0   0   1   0   0   0   0  17  2.08 0.84
  314 G   -6 -8 -6 -7 -8 -8 -8  8 -8 -10 -10 -7 -9 -9 -8 -6 -7 -8 -9 -9    0   0   0   0   0   0   0 100   0   0   0   0   0   0   0   0   0   0   0   0  3.09 1.15
  315 D   -8 -8 -5  9 -10 -6 -4 -7 -7 -9 -10 -7 -9 -10 -8 -6 -7 -11 -9 -9    0   0   0 100   0   0   0   0   0   0   0   0   0   0   0   0   0   0   0   0  3.44 1.27
  316 I   -1 -7 -8 -8  5 -7 -7 -8 -8  3  0 -7 -2 -5 -7 -6 -5 -7 -6  6    5   0   0   0  10   0   0   0   0  17   8   0   1   0   0   0   0   0   0  59  1.64 0.71
  317 V    1 -4  1 -6  0 -5 -5 -6 -6  4 -2 -4 -4 -5 -6 -3  5 -7 -5  3   12   1   7   0   2   0   0   0   0  21   3   1   0   0   0   1  32   0   0  21  0.91 0.52
  318 P   -1  0  0 -2 -3 -4 -3  6 -1 -7 -7 -2 -4 -2  1 -1 -4 -6 -5 -6    4   5   4   2   1   1   1  63   1   0   0   2   0   2   8   4   1   0   0   0  1.29 0.61
  319 G   -2  0 -1 -2 -6  1  0  5 -2 -2 -4  2 -4 -5  2 -2  0 -6 -4 -4    3   5   2   1   0   7   5  39   1   2   2  15   0   0   9   2   6   0   1   1  0.65 0.40
  320 P   -1 -3 -4 -6 -2 -2 -4 -5 -2  1 -1 -2  2 -2  7 -2 -2  1  1 -1    4   1   1   0   1   2   1   1   1   7   6   3   6   2  48   3   3   2   5   4  1.10 0.56
  321 P   -1 -4 -4 -6 -1  4 -5 -4 -6 -4  2 -3  9 -1 -2 -4 -5  3 -1 -5    5   1   1   0   1  15   0   2   0   0  15   1  45   3   3   1   0   4   2   0  1.48 0.73
  322 L   -7 -7 -5 -8 -6 -7 -8 -8 -8 -3  7 -7 -2 -2 -8 -6 -6 -4 -4 -4    0   0   1   0   0   0   0   0   0   0  95   0   0   1   0   1   0   0   0   0  2.34 0.94
  323 A    8 -7 -7 -7 -6 -6 -6 -5 -7 -7 -7 -6 -5 -8 -6 -4 -6 -8 -7 -6   99   0   0   0   0   0   0   0   0   0   0   0   0   0   0   0   0   0   0   0  2.73 1.12
  324 H   -5 -7 -5 -6 -10 -5 -7 -9 11 -10 -9 -7 -8 -8 -9 -5 -8 -9 -1 -7    1   0   0   0   0   0   0   0  95   0   0   0   0   0   0   1   0   0   2   0  4.27 1.45
  325 K    0  1 -4 -6 -6 -3 -3 -5 -5 -2 -2  5 -3 -4 -6 -3  0 -4 -5  4    9   6   0   0   0   1   1   1   0   1   3  38   0   1   0   2   6   0   0  32  0.96 0.54
  326 A    7 -7 -7 -7 -6 -6 -7 -2 -7 -7 -7 -6 -7 -8 -6 -3 -6 -8 -8 -6   95   0   0   0   0   0   0   3   0   0   0   0   0   0   0   1   0   0   0   0  2.55 1.07
  327 S   -1 -5 -4 -5 -6 -2  1 -5 -2 -2 -5 -5  3  2 -6  6  1 -4  0 -2    4   0   0   0   0   1  11   0   1   2   1   0   6   7   0  51   9   0   4   3  0.99 0.61
  328 Y    3  2 -3  0 -5  0  2 -5  7 -5 -5  1  0 -2 -5 -3 -3 -2  2 -4   25  10   1   5   0   3  12   0  22   0   1   7   2   2   0   1   1   1   7   1  0.77 0.46
  329 E   -5 -4 -5 -1 -7  6  7 -6  0 -8 -7 -4  1 -8 -6 -5 -6 -8 -7 -7    0   0   0   2   0  29  62   0   2   0   0   0   4   0   0   0   0   0   0   0  2.07 0.94
  330 G    3 -7 -6 -7 -4 -7 -6  7 -7 -8 -8 -7 -7 -8 -7 -4 -6 -8 -8 -7   20   0   0   0   0   0   0  79   0   0   0   0   0   0   0   1   0   0   0   0  2.28 0.92
  331 K   -3  1 -5 -5 -4 -4  2 -6  1  5  0  2  1 -2 -5 -4 -3 -4 -3  3    1   7   0   0   0   0  13   0   3  31   7  11   4   1   0   0   1   0   1  18  0.65 0.39
  332 V    2 -3 -2 -5  0 -3 -4 -6 -1  3  0 -4  1 -3 -6 -3 -1 -5 -2  5   15   1   2   0   2   1   1   0   2  17   7   1   3   1   0   2   4   0   1  40  0.75 0.42
  333 A    6 -7 -7 -7  4 -6 -6 -5 -7 -3 -3 -6 -3 -5 -6 -4 -4 -7 -7  3   70   0   0   0   8   0   0   0   0   1   2   0   0   0   0   1   1   0   0  16  1.74 0.81
  334 V    6 -6 -7 -7 -4 -6 -6 -4 -7  0 -4 -6 -3 -6 -5 -3 -3 -7 -6  5   55   0   0   0   0   0   0   1   0   4   1   0   0   0   0   2   1   0   0  35  1.53 0.74
  335 E   -1 -3 -1  2 -3 -1  7 -3 -1 -7 -5 -2 -6 -8 -6 -3 -4 -8 -6 -6    5   1   2   9   1   2  71   2   1   0   1   2   0   0   0   2   1   0   0   0  1.70 0.80
  336 A    0  0  5 -2 -3 -1 -3 -2  5  0 -3 -1 -2 -3 -5 -1  0 -4  0  2    9   6  30   2   0   2   1   2  12   5   2   4   1   1   0   3   4   0   3  13  0.54 0.36
  337 I    2 -7 -7 -7  0 -6 -7 -6 -7  7  1 -6  4 -3 -7 -4 -5 -5 -6 -1   19   0   0   0   2   0   0   0   0  55  11   0   9   1   0   1   0   0   0   2  1.49 0.67
  338 S    5 -5 -2 -5  2 -5 -5 -3 -1 -2  2 -2  3 -1 -5  0 -2 -6 -4 -1   46   0   2   0   5   0   0   1   2   2  16   3   8   3   0   7   2   0   0   3  0.75 0.46
  339 G   -4 -5 -1 -4 -8 -5 -4  7 -4 -9 -7 -3 -8 -8 -7 -4 -4 -6 -8 -7    1   1   2   1   0   1   1  88   1   0   0   2   0   0   0   1   1   0   0   0  2.33 0.92
  340 H   -2  1  0 -1 -5  2  2  1  4 -1 -1  3  1 -3 -4 -2 -3 -3 -2 -3    2   7   4   2   0   9  11  10  11   5   7  22   4   1   0   2   1   0   1   1  0.37 0.28
  341 A    0  0  2  2 -5  0  1 -2  2 -5 -5  3 -4 -5  4  0 -1 -5 -3 -3    9   5   8  12   0   3  10   2   4   0   1  16   0   0  17   6   4   0   1   1  0.45 0.30
  342 S    2  1 -1 -2 -2 -1  0  0  3 -2 -4  0 -2 -4  1  2  1 -4 -2  0   15   8   1   2   1   2   7   9   7   1   0   5   1   0   6  17   8   0   1   8  0.23 0.22
  343 A    1  1 -2 -2 -3  0  1 -2  4 -2 -3  1 -2 -3  3  0  0 -2 -1 -1   12   6   1   1   0   3  11   2  11   3   2  10   1   1  15   6   6   1   2   6  0.31 0.25
  344 I   -2 -4 -3 -6 -2 -4 -4 -6 -4  3  1 -3  6  3 -3 -4 -2 -1  2  3    3   1   1   0   1   0   1   0   0  19  10   1  20  14   2   1   2   1   6  17  0.78 0.41
  345 D   -3  0  5  7 -6 -2  0 -4 -1 -5 -6 -2 -4 -7 -5 -1 -3 -8 -7 -5    2   4  22  51   0   2   6   1   1   1   1   3   0   0   0   4   1   0   0   1  1.41 0.66
  346 Y   -1 -3 -1 -2 -5 -3 -2 -3  0 -4 -1 -2 -3  0  2 -3 -4  1  8 -3    6   2   3   3   0   1   3   3   2   0   6   3   1   3   9   1   1   2  51   2  1.26 0.62
  347 I   -1  3  2  2 -4  0  0 -1  1 -3 -2  1 -1 -4 -3  1  1 -4 -3 -2    4  18   9  13   0   3   5   5   3   1   4   9   2   1   1  11   7   0   1   2  0.28 0.22
  348 G    3 -1  0 -3  2 -2 -3 -3 -1  0  0 -1 -1 -1 -2 -1  1 -3 -1  2   30   3   6   1   5   2   0   1   2   3   8   3   1   3   1   4   8   0   2  18  0.30 0.26
  349 I   -5 -7 -4 -8 -2 -6 -8 -8 -8  7 -2 -7  3 -3 -7 -6 -3 -7 -5  5    0   0   1   0   1   0   0   0   0  50   3   0   6   1   0   0   1   0   0  38  1.79 0.74
  350 P   -4 -8 -8 -8 -9 -8 -7 -8 -9 -8 -9 -7 -9 -10  9 -6 -6 -10 -9 -9    1   0   0   0   0   0   0   0   0   0   0   0   0   0  98   0   0   0   0   0  3.63 1.36
  351 A    2  2  1 -3 -3 -2 -3  1 -2 -4 -4 -1 -2 -3 -5  4 -1  3  0 -4   18  12   7   1   0   1   1  12   1   1   1   3   1   1   0  32   2   3   3   1  0.55 0.40
  352 V    2 -7 -6 -8  9 -7 -7 -3 -7  0 -5 -7 -5 -4 -4 -3 -2 -7 -5  5   16   0   0   0  36   0   0   2   0   4   0   0   0   1   1   1   2   0   0  36  1.74 0.75
  353 C    0 -7 -7 -7  0 -6 -7 -7 -7  5 -2 -6 -1 -5 -7 -5  2 -7 -5  5    6   0   0   0   2   0   0   0   0  35   2   0   2   0   0   0  13   0   0  39  1.35 0.63
  354 F   -8 -7 -8 -9 -5 -8 -8 -9 -4 -7 -6 -8 -6  7 -9 -6 -6 -2  9 -7    0   0   0   0   0   0   0   0   0   0   0   0   0  36   0   1   0   0  63   0  3.03 1.13
  355 T   -3 -7 -5 -6  5 -6 -6 -4 -7 -4 -6 -6 -4 -7 -6  2  7 -8 -7 -4    2   0   0   0  11   0   0   1   0   1   0   0   0   0   0  16  68   0   0   1  2.00 0.92
  356 D   -3 -1  1  4 -4  0  1 -4  5 -1 -3 -2  0  0 -4  1  0  1  1 -3    2   3   5  22   0   5   8   1  16   5   2   2   2   4   0   9   6   2   5   1  0.48 0.33
  357 P   -7 -8 -8 -8 -9 -7 -7 -8 -8 -6 -7 -7 -9 -10  9 -7 -5 -10 -9 -7    0   0   0   0   0   0   0   0   0   0   1   0   0   0  98   0   1   0   0   0  3.58 1.35
  358 E   -6 -6 -5 -4 -9  4  8 -7 -6 -9 -8 -5 -7 -9 -3 -5 -6 -8 -8 -8    0   0   0   0   0  14  83   0   0   0   0   0   0   0   2   0   0   0   0   0  2.51 1.07
  359 L   -1 -7 -8 -8 -2 -7 -7 -8 -8  6  0 -7 -1 -2 -7 -6 -4 -6 -4  5    5   0   0   0   1   0   0   0   0  43   8   0   1   1   0   0   1   0   0  39  1.56 0.67
  360 A    7 -7 -7 -7 -5 -6 -6  0 -7 -6 -6 -6 -6 -8 -6 -1 -5 -8 -7 -4   86   0   0   0   0   0   0   8   0   0   0   0   0   0   0   4   0   0   0   1  2.17 0.95
  361 S   -1 -4 -4 -6  0 -2 -5 -1 -3 -4 -5 -5 -1 -1 -6  5  2  8 -1 -1    5   1   0   0   2   1   0   5   1   1   1   0   2   2   0  44  10  17   2   4  1.15 0.63
  362 V    0 -7 -8 -8  2 -7 -7 -8 -8  2 -3 -7 -1 -1 -7 -6 -2 -5 -6  7    7   0   0   0   4   0   0   0   0   9   1   0   1   3   0   0   3   0   0  71  1.73 0.76
  363 G   -5 -7 -6 -7 -8 -8 -8  8 -8 -10 -10 -7 -9 -9 -8 -6 -7 -8 -9 -9    0   0   0   0   0   0   0 100   0   0   0   0   0   0   0   0   0   0   0   0  3.06 1.14
  364 Y   -3 -3 -6 -6 -6 -2 -4 -7 -3  1  5  1  5 -1 -3 -5 -5 -1  1 -1    1   1   0   0   0   2   1   0   0   6  54  10  11   2   1   0   0   1   6   3  1.03 0.53
  365 T   -4 -3  0 -2 -2 -3 -6 -4 -5 -6 -6 -3 -3 -6 -5  3  7 -8 -6 -5    1   1   4   3   1   1   0   1   0   0   0   2   1   0   0  18  67   0   0   0  1.73 0.84
  366 K   -2 -4 -6 -3 -9 -1  8 -7 -6 -7 -6 -3 -7 -9 -2 -4 -5 -8 -7 -5    4   0   0   1   0   2  87   0   0   0   1   1   0   0   2   1   0   0   0   1  2.40 1.03
  367 K    2  0 -1  1 -6  3  5 -3 -2 -5 -5  3 -4 -5 -4 -1 -1 -5 -4 -4   15   4   2   8   0  10  32   1   1   1   1  15   0   0   0   4   4   0   0   0  0.69 0.44
  368 Q    0 -1 -3  0 -7  5  6 -5 -3 -6 -6  1 -2 -7 -6 -2 -3 -7 -6 -5    8   2   1   5   0  27  42   0   0   0   0   7   1   0   0   2   1   0   0   0  1.24 0.66
  369 A    6 -7 -7 -6  2 -6 -6 -5 -7 -3  2 -6 -4 -6 -5 -4 -5 -7 -7 -1   73   0   0   0   4   0   0   0   0   1  17   0   0   0   0   0   0   0   0   3  1.68 0.80
  370 E   -1  4 -3 -3 -5  1  0 -4 -4 -1 -2  6 -4 -6 -5 -3 -2 -5 -5 -2    5  19   1   1   0   5   5   1   0   4   4  48   0   0   0   2   2   0   0   3  1.04 0.55
  371 E    3 -1  0  1 -6  1  5 -3 -3 -5 -4  2 -5 -6 -5 -1 -3 -6 -5 -4   21   3   3   6   0   6  37   1   0   1   2  13   0   0   0   5   1   0   0   1  0.79 0.48
  372 A    2  2  0 -2 -4  3  2 -3 -1 -3 -2  3  0 -5 -4  0 -2 -4 -4 -4   18  10   4   2   0  15  12   1   1   1   4  21   2   0   0   6   1   0   0   0  0.50 0.36
  373 G   -3 -4  1 -3 -5 -3 -2  7 -2 -7 -7 -1 -6 -2 -5 -3 -5 -6  0 -6    1   1   7   2   0   1   3  73   1   0   0   3   0   2   0   1   0   0   3   0  1.68 0.72
  374 M   -3  1 -3 -3 -3 -2 -3 -2  2  4  1 -1  0  0 -3 -3 -2 -3  4  1    2   8   1   2   0   1   2   3   6  27  13   4   2   4   1   1   2   0  15   7  0.44 0.29
  375 T    0 -2  2  4 -6  0  4 -3 -2 -6 -6  2 -5 -6  2  0 -2 -6 -5 -4    9   1   8  21   0   4  23   1   1   0   0  12   0   0   9   7   2   0   0   1  0.65 0.40
  376 V   -2 -6 -7 -7 -2 -6 -6 -7 -3  4 -2 -6 -4  1 -2 -5 -2 -4  6  5    3   0   0   0   1   0   0   0   0  18   3   0   0   5   2   0   3   0  28  35  1.26 0.61
  377 T   -1  2  0 -2 -4  0  1 -3 -2  0 -2  5 -2 -5 -5 -1 -1 -6 -4  0    5  10   5   1   0   3   8   2   1   5   5  41   1   0   0   5   3   0   0   6  0.62 0.39
  378 V   -1 -4 -6 -6 -2 -4 -3 -7 -7  3 -3  0 -4 -5 -6 -2  3 -7 -6  6    4   0   0   0   1   1   2   0   0  16   1   6   0   0   0   3  15   0   0  50  1.13 0.58
  379 S    1 -5 -4 -5 -4 -5 -4  7 -3 -6 -6 -3 -6 -2 -6  1 -2 -7 -5 -3   11   1   1   0   0   0   1  67   1   0   1   1   0   2   0   9   3   0   0   3  1.51 0.69
  380 K   -4  5 -2 -5 -7  1 -2 -6 -3 -3 -3  6 -2 -5 -6 -1  1 -6 -6 -1    1  25   1   0   0   4   3   0   1   2   2  44   1   0   0   5   7   0   0   5  1.10 0.58
  381 F   -3 -8 -7 -9 -3 -6 -8 -8 -3 -4 -3 -8 -2  9 -9 -3 -6 -3  2 -3    3   0   0   0   1   0   0   0   1   1   2   0   1  81   0   2   0   0   6   2  2.71 1.02
  382 P   -4 -3 -1 -2 -8 -1 -6 -6 -2 -6 -3 -5 -1 -3  8 -1 -5 -8 -3 -7    2   2   3   2   0   3   0   0   1   0   3   1   1   1  73   5   1   0   1   0  2.13 0.93
  383 F   -6 -7 -8 -8 -7 -7 -8 -8 -5 -3  1 -8  4  8 -8 -6 -5  6  3 -3    1   0   0   0   0   0   0   0   0   1  13   0   8  56   0   0   0  10   8   1  2.07 0.83
  384 A    3  3 -2 -4 -4  0 -3  0 -2 -1 -2  0  1 -5 -4  2  1 -5 -3 -1   26  14   2   0   0   5   1   6   1   4   4   5   4   0   0  17   7   0   0   3  0.39 0.32
  385 A    7 -6 -4 -6 -4 -5 -5  1 -1 -4 -6 -6 -3 -4 -4 -1 -4 -6 -3 -3   75   0   1   0   0   0   0  11   1   1   0   0   1   1   1   4   1   0   1   2  1.62 0.78
  386 N   -4 -5  7 -4 -1 -5 -5 -6 -3 -1  1 -5 -4 -6 -7  3 -4 -8 -6 -3    1   0  53   0   1   0   0   0   0   4  16   0   0   0   0  22   0   0   0   2  1.53 0.76
  387 G   -1 -7 -6 -6 -5 -7 -6  7 -7 -9 -9 -7 -8 -8 -5  1 -6 -8 -8 -8    5   0   0   0   0   0   0  83   0   0   0   0   0   0   1  10   0   0   0   0  2.29 0.93
  388 R   -6  7 -6 -6 -8 -4 -5 -7 -5 -5 -7  6  0 -6 -7 -5 -6 -8 -4 -7    0  49   0   0   0   0   0   0   0   1   0  45   2   0   0   1   0   0   1   0  2.12 0.91
  389 A    7 -7 -6 -7 -4 -6 -6 -4 -5 -7 -7 -6 -6 -5 -6  1 -3 -8 -6 -5   87   0   0   0   0   0   0   1   0   0   0   0   0   1   0   9   1   0   0   0  2.19 0.98
  390 L   -2  1 -3 -5 -5  0 -4 -5  2  2  3  1  3 -3 -5 -2 -2 -4 -3  2    2   7   1   0   0   5   0   0   5  10  33   9   8   0   0   2   2   0   1  13  0.52 0.34
  391 S    4 -6 -5 -6  2 -5 -5 -1 -6  3 -3 -5 -1 -6 -5  1  3 -7 -6  0   40   0   0   0   4   0   0   4   0  15   2   0   1   0   0   9  21   0   0   5  0.89 0.53
  392 L    0 -3  1 -1 -3 -1  0 -3 -2  1  2 -3  6 -3 -5  0  0 -4 -1 -1    7   1   8   3   0   3   8   2   1   9  19   1  20   0   0   8   5   0   2   4  0.38 0.30
  393 N   -2 -2  3  2 -4 -2 -1  6  0 -7 -4 -4 -2 -6 -6 -3 -5 -7 -6 -6    3   2  12  10   0   2   4  58   2   0   2   1   1   0   0   2   0   0   0   0  1.26 0.61
  394 S    0  1 -1  2 -1  2  5 -4  2 -5 -5  0 -3 -6 -5 -1 -2 -6 -4 -4    7   7   2  12   1   7  42   1   4   1   1   5   1   0   0   5   2   0   1   1  0.81 0.47
  395 T    1  0  0 -1 -4 -2 -1 -1 -3 -1 -3 -1 -2 -5  1  1  5 -5 -2 -2   10   4   4   4   0   1   4   4   1   3   2   3   1   0   7  10  39   0   1   2  0.54 0.39
  396 D   -1  0  0  4 -5  0  5 -3 -2 -4 -5 -2 -3 -5 -5 -1  0 -7 -3 -3    4   4   4  26   0   3  39   1   1   1   1   2   1   0   0   4   5   0   1   2  0.91 0.51
  397 G   -5 -8 -5 -7 -8 -8 -8  8 -8 -10 -10 -7 -9 -9 -7 -5 -7 -8 -9 -9    0   0   0   0   0   0   0  99   0   0   0   0   0   0   0   0   0   0   0   0  3.03 1.14
  398 F   -6 -6 -7 -8 -7 -2 -5 -7 -5 -1  2 -4  4  8 -8 -5 -5  0  0 -2    0   0   0   0   0   2   1   0   0   3  16   1   9  61   0   1   1   1   2   3  1.87 0.77
  399 L    0 -7 -7 -7 -1 -7 -7 -7 -7  3 -3 -7 -2 -2 -7 -4  2 -7 -6  7    8   0   0   0   2   0   0   0   0  14   1   0   1   1   0   1  10   0   0  62  1.52 0.70
  400 Q   -6  0 -5 -6 -9 -2 -3 -7 -6 -7 -8  8 -6 -9 -7 -6 -5 -9 -7 -7    0   5   0   0   0   1   1   0   0   0   0  91   0   0   0   0   1   0   0   0  2.71 1.09
  401 L   -3 -7 -7 -7 -5 -6 -7 -7 -7  5  3 -6  2  0 -7 -5 -2 -1 -4  5    1   0   0   0   0   0   0   0   0  30  24   0   4   3   0   0   3   1   0  34  1.21 0.55
  402 V   -5 -7 -8 -8 -6 -7 -7 -8 -8  6  3 -7 -1 -3 -7 -7 -5 -7 -3  5    0   0   0   0   0   0   0   0   0  44  22   0   1   1   0   0   0   0   1  31  1.58 0.67
  403 T    4 -3 -5 -5  1 -4 -4 -1 -3  0 -3 -3 -2  3 -5  1  1 -4  0  1   38   1   0   0   3   0   1   3   1   5   2   1   1  12   0  11   8   0   3  10  0.59 0.40
  404 R   -4 -2  1  7 -2 -2  3 -2  2 -7 -6 -4 -6 -7 -6 -2 -3 -8 -6 -6    2   2   5  59   1   2  16   3   5   0   1   0   0   0   0   3   1   0   0   0  1.55 0.70
  405 K    3  0 -1 -1 -5 -1  2 -2 -3 -4 -4  4 -3 -5  2  0 -1 -6 -5 -3   24   5   2   2   0   2  11   3   0   1   1  29   0   0   8   6   3   0   0   2  0.57 0.38
  406 E    0  0  0  2 -6  1  4  0 -2 -5 -6  4 -5 -6 -2 -1 -1 -6 -4 -4    7   4   3  13   0   5  25   6   1   0   0  25   0   0   1   5   3   0   0   1  0.64 0.40
  407 D   -4 -4  1  1 -4 -4 -3 -4  0 -5 -4 -4 -4 -2 -5  2  6 -3  4 -5    1   1   7   9   0   0   1   1   2   0   1   1   0   1   0  16  44   0  12   0  1.02 0.58
  408 G   -4 -1  1  4 -7 -1  0  5  3 -7 -6  1 -5 -6 -6 -3 -4 -7 -5 -6    0   4   6  24   0   3   6  42   6   0   1   7   0   0   0   1   1   0   0   0  1.07 0.54
  409 L   -3  4 -3 -2 -4  2  4 -5 -2 -3 -3  3 -4 -6 -4 -3 -1 -5 -4 -1    2  25   1   2   0   8  28   0   1   1   3  19   0   0   1   1   4   0   0   6  0.83 0.48
  410 L   -5 -7 -8 -8 -5 -7 -7 -8 -8  7  3 -7 -1 -3 -7 -7 -5 -2 -6  3    0   0   0   0   0   0   0   0   0  51  25   0   1   1   0   0   0   1   0  21  1.65 0.69
  411 V   -5 -6 -8 -8 -6 -7 -8 -8 -8  3  6 -6 -1 -3 -8 -7 -6 -7 -5  0    1   0   0   0   0   0   0   0   0  14  77   1   1   1   0   0   0   0   0   6  1.80 0.76
  412 G   -5 -7 -6 -7 -8 -7 -8  8 -8 -9 -9 -7 -8 -9 -8 -5 -7 -8 -9 -9    1   0   0   0   0   0   0  99   0   0   0   0   0   0   0   0   0   0   0   0  2.99 1.12
  413 A    4 -6 -6 -6  2 -6 -6  0 -6  1 -2 -6  2 -3 -6 -3 -3 -4 -5  5   33   0   0   0   4   0   0   8   0   7   3   0   4   1   0   1   1   0   0  38  1.01 0.54
  414 Q   -2 -5 -4 -6 -4  3 -3  0 10 -8 -7 -5 -4 -5 -7 -1 -1 -1 -3 -3    3   0   0   0   1  12   1   8  60   0   0   0   0   0   0   5   4   1   0   2  2.16 0.90
  415 V   -2 -7 -8 -8 -2 -7 -8 -7 -8  7  1 -7  5 -3 -7 -7 -5 -7 -6  1    3   0   0   0   1   0   0   0   0  61  11   0  14   1   0   0   0   0   0   8  1.81 0.74
  416 A   -2 -7 -7 -7  1 -6 -7 -7 -7  5  1 -6  3  0 -7 -5 -3 -6 -3  5    4   0   0   0   2   0   0   0   0  33  11   0   6   3   0   0   1   0   1  38  1.24 0.56
  417 G   -1 -8 -5 -7  1 -7 -7  7 -5 -9 -9 -7 -8 -8 -7 -3 -7 -8 -8 -8    5   0   0   0   3   0   0  90   0   0   0   0   0   0   0   2   0   0   0   0  2.56 0.99
  418 A    2 -3 -2 -2 -5 -3  0 -2  1 -4 -4 -2 -5 -6  6  0  0 -5 -2 -2   17   2   2   2   0   1   5   3   3   1   2   2   0   0  46   6   5   0   1   3  1.06 0.56
  419 G   -3  1  3  1 -3  1  2  1  7 -6 -6 -2 -2 -5 -5 -1 -2 -2 -1 -4    2   8  16   8   1   5  13  11  24   0   0   2   1   0   0   4   2   1   2   1  0.77 0.43
  420 A    7 -7 -7 -7 -2 -6 -6 -4 -7 -4 -6 -6 -6 -7 -6 -3 -4 -8 -7  2   80   0   0   0   1   0   0   1   0   1   0   0   0   0   0   1   1   0   0  15  1.96 0.89
  421 S    0 -5 -3 -3 -3 -5 -3  3 -4 -6 -6 -5 -5 -5 -3  4  5 -7 -6 -4    6   0   0   1   1   0   2  19   0   0   0   0   0   0   1  34  35   0   0   1  1.15 0.64
  422 D   -4 -5  0  5 -6 -3  6 -6 -3 -6 -7 -4 -4 -8 -6 -2 -2 -8 -7 -6    1   0   4  30   0   0  56   0   0   0   0   0   0   0   0   3   2   0   0   0  1.75 0.81
  423 I   -5 -7 -7 -8 -6 -5 -8 -8 -6  1  6 -7  6 -3 -8 -7 -6 -4 -4 -3    0   0   0   0   0   0   0   0   0   8  69   0  19   0   0   0   0   0   0   1  1.88 0.80
  424 I   -4 -8 -7 -8 -5 -8 -8 -9 -8  8  0 -8 -2 -5 -8 -6 -5 -8 -6  1    2   0   0   0   0   0   0   0   0  81   8   0   1   0   0   1   0   0   0   8  2.33 0.90
  425 S    4 -5  0 -5 -3  1 -4  3  4 -6 -5 -4 -1 -6 -2  3 -2 -3 -3 -5   34   0   4   0   0   5   1  18  11   0   1   0   2   0   2  18   2   0   1   0  0.81 0.50
  426 E   -3 -5 -4 -4 -4  1  7 -1 -4 -5 -5 -4 -6 -6 -4 -2 -2 -8 -6 -3    3   0   0   0   0   5  77   5   0   1   1   0   0   0   1   3   3   0   0   2  1.88 0.88
  427 I    4 -5 -5 -6  0 -5 -5  2 -5  2  2 -5 -1  1 -2 -3 -3 -5 -1  0   36   0   0   0   2   0   0  16   0  10  16   0   2   5   2   1   1   0   2   7  0.61 0.39
  428 G    4 -5 -4 -5  2 -3 -4  0 -5 -2 -3 -5 -1 -5 -5  1  3 -6 -4  3   33   0   0   0   4   1   0   6   0   1   2   0   1   0   0  10  19   0   0  21  0.76 0.48
  429 L   -1 -6 -5 -6 -5 -4 -6 -6 -3  2  5 -6  1 -2 -5 -3 -1 -6 -3  2    5   0   1   0   0   1   0   0   1   8  60   0   3   1   0   1   4   0   1  13  1.09 0.54
  430 A    7 -6 -6 -7 -1 -6 -6 -1 -5 -2 -2 -6  0 -2 -6 -2 -3 -7 -4 -2   77   0   0   0   1   0   0   5   0   2   3   0   2   2   0   2   1   0   1   3  1.62 0.78
  431 I   -4 -1 -5 -7 -3 -3 -6 -6 -4  5  1 -1  7 -4 -7 -5 -4 -6 -4  2    1   4   0   0   0   1   0   0   0  35  13   4  24   0   0   0   0   0   0  14  1.19 0.57
  432 E    0  1  1 -1 -5  2  5 -3  0 -5 -4  2 -3 -4 -5 -1  0 -4 -3 -3    7   8   7   2   0   9  36   2   2   0   2  13   1   1   0   4   5   0   1   2  0.64 0.42
  433 A    0 -2  2 -4 -1 -1 -3 -3  0 -3  2 -1  6  2 -5 -1 -2  1  2 -2    7   2  10   0   1   3   1   2   2   0  23   4  21   7   0   4   2   2   6   1  0.50 0.35
  434 G   -2 -1  0 -1 -6 -2  4  5 -1 -7 -7  1 -5 -7 -6 -2 -5 -5 -6 -6    2   4   4   3   0   1  31  42   1   0   0   7   0   0   0   2   0   0   0   0  1.11 0.58
  435 M    4 -5 -4 -6  3 -4 -5  1 -5  0  2 -5  3 -3 -5 -1 -1 -3 -5 -1   40   0   1   0   5   1   0   9   0   5  22   0   7   1   0   3   3   0   0   3  0.70 0.44
  436 T   -2  0 -1  0 -2 -4 -3 -4 -4 -4 -3  1 -4 -3 -3  2  6 -7 -4 -3    2   4   2   5   1   0   1   1   0   1   2   7   0   1   1  13  54   0   1   2  1.05 0.61
  437 A    3 -4 -4 -3 -1 -3 -1 -3 -4  1  1 -4  0 -3  1  0 -1 -3 -3  3   29   1   0   1   1   0   4   2   0   8  15   0   2   1   6   6   3   0   1  21  0.42 0.31
  438 E   -1 -1 -1  3 -6  0  5 -3  1 -5 -3  0 -3 -4 -4 -1 -1  0 -2 -4    6   3   2  13   0   3  45   2   3   1   2   6   0   1   1   5   3   1   1   1  0.78 0.47
  439 D   -2 -5 -2  7 -4  2  4 -5 -4 -7 -8 -3 -5 -7 -6 -4 -4 -8 -7 -6    3   0   1  54   0   7  29   1   0   0   0   1   0   0   0   1   1   0   0   1  1.72 0.78
  440 I   -3 -7 -7 -8 -5 -6 -7 -8 -7  5  4 -7  1  0 -7 -6 -5 -1 -4  3    2   0   0   0   0   0   0   0   0  36  38   0   3   4   0   0   0   1   0  16  1.31 0.58
  441 A    5 -3 -4 -3 -4 -2 -1  2 -3  1 -2 -1  0 -3 -5  0  0 -6 -2 -1   44   1   0   1   0   1   4  14   1   7   4   3   3   1   0   7   4   0   1   3  0.58 0.39
  442 Q    0  3  1  1 -4  1  2 -1  3 -3  0  1 -1 -2 -4  0 -2 -2 -2 -3    7  16   6   7   0   4  14   5   7   0  13   6   2   2   0   7   2   0   1   0  0.25 0.22
  443 T    0 -6 -3 -6 -3 -4 -5 -5 -4  0 -1 -5  2 -3 -4  0  6 -7 -6  2    9   0   1   0   0   1   0   0   0   6   5   0   5   1   1   7  53   0   0  12  1.11 0.62
  444 I   -4 -7 -8 -8  4 -6 -8 -8 -8  7 -2 -7  2 -4 -5 -4 -3 -7 -5  4    1   0   0   0   8   0   0   0   0  59   2   0   4   1   1   1   2   0   0  22  1.73 0.72
  445 H   -5 -3 -4 -7 -9 -2 -6 -8 11 -7 -5 -6 -4  3 -8 -6 -7 -4  1 -7    1   2   1   0   0   1   0   0  77   0   1   0   1  11   0   0   0   0   4   0  3.17 1.16
  446 A    5 -7 -6 -6 -4 -5 -6 -2 -7 -4 -6 -6 -6 -7  6 -1 -2 -8 -7 -4   48   0   0   0   0   0   0   3   0   1   0   0   0   0  40   4   2   0   0   1  1.73 0.81
  447 H   -8 -7 -6 -8 -10 -6 -6 -9 12 -10 -9 -7 -8 -8 -7 -7 -8 -9 -4 -10    0   0   0   0   0   0   0   0  99   0   0   0   0   0   0   0   0   0   0   0  4.56 1.52
  448 P   -7 -8 -8 -8 -9 -7 -7 -8 -6 -9 -9 -7 -9 -10  9 -7 -7 -10 -9 -9    0   0   0   0   0   0   0   0   0   0   0   0   0   0  99   0   0   0   0   0  3.70 1.37
  449 T   -4 -7 -6 -6 -5 -6 -6 -4 -7 -6 -7 -6 -6 -8 -7  1  8 -8 -7 -5    1   0   0   0   0   0   0   1   0   0   0   0   0   0   0   8  89   0   0   1  2.60 1.11
  450 L   -5 -4 -6 -8 -3 -5 -7 -8 -4  1  5 -6  2  2 -7 -6 -2 -4  0  1    0   1   0   0   0   0   0   0   0   6  62   0   5   8   0   0   2   0   4  10  1.24 0.58
  451 G    1 -6 -1 -5 -1 -4 -4  1 -1 -6 -6 -5 -5 -6  1  6 -1 -7 -3 -4   12   0   3   0   2   0   1  10   1   0   0   0   0   0   6  61   3   0   1   1  1.25 0.69
  452 E   -7 -5 -6 -4 -10 -4  8 -8 -6 -9 -9 -5 -8 -9 -7 -6 -7 -9 -8 -8    0   0   0   0   0   0 100   0   0   0   0   0   0   0   0   0   0   0   0   0  3.12 1.24
  453 I    5 -5 -4 -5 -1 -5 -5  0 -6  1 -3 -5  1 -4 -5  2  2 -6 -5  0   45   0   0   0   1   0   0   7   0   7   2   0   3   0   0  15  11   0   0   7  0.84 0.51
  454 T   -4 -6 -6 -6 -5 -5 -6 -7 -7  5  3 -6  3  2 -7 -5 -3 -1 -3  4    1   0   0   0   0   0   0   0   0  33  22   0   6   9   0   0   2   1   0  25  1.11 0.51
  455 M    0  1 -3 -5 -2  0 -4  1  4 -3 -1  3  7 -2 -3 -3 -4  0 -2 -3    7   7   1   0   1   4   0  11  11   1   5  16  27   2   1   2   1   1   1   2  0.72 0.45
  456 E   -6 -5 -4 -1 -9 -2  8 -6 -5 -7 -4 -4  0 -3 -7 -5 -6 -8 -7 -8    0   0   0   3   0   1  88   1   0   0   2   0   2   1   0   0   0   0   0   0  2.47 1.05
  457 A    7 -7 -6 -6 -1 -6 -6 -3 -7 -5 -5 -6 -6 -7 -6  1 -2 -8 -7 -4   85   0   0   0   1   0   0   1   0   0   1   0   0   0   0   8   3   0   0   1  2.04 0.91
  458 A    6 -6 -3 -5  4 -5 -5 -3 -3 -1 -3 -5  0 -1 -5  0 -2 -4 -4  1   62   0   1   0   7   0   0   1   1   3   2   0   2   2   0   5   2   0   0  10  1.19 0.62
  459 E   -1 -1 -4 -2 -4 -1  4 -3  3 -3  4 -1  3 -2 -5 -4 -4 -1 -4 -4    6   3   0   2   0   2  27   2   6   1  35   4   8   1   0   1   0   1   0   0  0.69 0.45
  460 V    4 -3  0  4 -3 -2 -2  1 -2 -1 -1 -2  0 -5 -4  0 -2 -6 -5  0   32   1   5  21   0   1   1  10   1   3   5   2   3   0   0   7   1   0   0   6  0.46 0.34
  461 A    4 -5 -5 -6  0 -4 -5 -2 -4  1  1 -5 -2  1 -4 -1 -1  0 -2  3   39   0   0   0   2   0   0   2   0   7  11   0   1   7   0   4   4   1   1  19  0.63 0.40
  462 L   -1 -1  0  1 -2  0  1 -2  3 -1  2 -1  1  1 -4 -1 -1 -2  2 -1    4   2   4   8   1   4  10   2   7   4  21   2   3   7   0   5   4   0   9   2  0.15 0.16
  463 G   -3 -4  1  1 -7 -5 -2  7 -3 -5 -8  1 -7 -5 -6 -2 -6 -6 -7 -6    1   1   5   7   0   0   2  70   1   1   0   8   0   1   0   3   0   0   0   0  1.64 0.71
  464 M   -2  4 -1 -3 -3  1  2 -1  2 -2 -1  4  1 -4 -4 -2 -1  0 -3 -3    3  22   2   0   0   6  14   4   6   2   7  22   3   0   0   2   3   1   0   1  0.49 0.33
  465 P    5 -6 -5 -5  1 -4 -4 -2 -6 -6 -6 -5 -1 -6  4  1 -2 -7 -5 -3   54   0   0   0   3   1   1   3   0   0   0   0   2   0  20  12   2   0   0   2  1.26 0.65
  466 I   -4 -5 -7 -7 -5 -7 -7 -8 -6  7  2 -7 -1 -3 -7 -6 -1 -7 -6  2    1   1   0   0   0   0   0   0   0  64  18   0   1   1   0   0   4   0   0  10  1.70 0.69
  467 H   -7 -6  2 -6 -9 -4 -5 -8 11 -9 -9 -7 -8 -7 -8 -5 -7 -8 -3 -9    0   0   9   0   0   0   1   0  89   0   0   0   0   0   0   1   0   0   0   0  3.85 1.30
  468 I   -3 -5 -5 -6 -4 -4 -5 -6 -5  5  2  0  4  3 -6 -4 -1 -4  0  2    2   0   0   0   0   1   0   0   0  34  15   6  10  13   0   1   4   0   2  12  0.79 0.39
  469 V   -2 -3 -5 -4 -4 -3 -4 -4 -4  2  2 -3  2  1  5 -2 -2 -3  2  2    3   1   0   0   0   0   0   1   0  15  16   1   5   7  29   2   1   0   7  12  0.67 0.33
  470 K   -4  5  5 -3 -6  1 -2 -4 -3 -6 -5  5 -4 -6 -4 -3 -3 -6 -5 -5    0  30  28   0   0   6   0   0   0   0   0  36   0   0   0   0   0   0   0   0  1.28 0.49

                      K         Lambda
Standard Ungapped    0.1338     0.3150
Standard Gapped      0.0410     0.2670
PSI Ungapped         0.2367     0.3176
PSI Gapped           0.0725     0.2670
