
Last position-specific scoring matrix computed, weighted observed percentages rounded down, information per position, and relative weight of gapless real matches to pseudocounts
           A  R  N  D  C  Q  E  G  H  I  L  K  M  F  P  S  T  W  Y  V   A   R   N   D   C   Q   E   G   H   I   L   K   M   F   P   S   T   W   Y   V
    1 M   -6 -7 -7 -8 -7 -5 -7 -8 -7 -4 -3 -6 11 -5 -8 -7 -6 -7 -6 -4    0   0   0   0   0   0   0   0   0   0   0   0 100   0   0   0   0   0   0   0  3.93 1.29
    2 A    2 -2  1  0 -4  1 -1 -1 -2 -2 -3 -1 -2 -2 -1  2  3 -5 -4 -2   19   1   7   5   0   6   2   5   1   2   2   3   1   1   3  19  21   0   0   2  0.34 0.29
    3 K   -1  2  1  0 -4  2  2 -2 -1 -3 -5  4 -4 -4  2  0  0 -5 -3 -4    3  11   6   4   0   9  11   2   1   2   0  28   0   1  10   5   5   0   0   1  0.49 0.32
    4 Y   -1  0 -2 -2 -2  2  1 -3  0 -1  0  2  0  1 -3  1 -1 -3  3  0    3   3   1   1   1   9  10   1   2   4  10  16   2   5   0  12   2   0  12   6  0.21 0.22
    5 T   -1 -4  3 -1 -5 -2 -3 -4 -2 -4 -4 -2 -5 -5 -5  3  6 -6 -5 -4    5   1  12   3   0   1   2   1   1   1   2   2   0   0   0  18  50   0   0   1  1.16 0.65
    6 K    2  1 -2 -3 -3  1  0 -3 -3  0 -1  3 -1 -1  2  0 -1 -5 -3  0   17   7   2   1   0   8   6   1   0   5   6  19   1   3  10   5   3   0   1   7  0.25 0.23
    7 E   -1 -1 -2  4 -7  2  5 -5 -2 -6 -6  1 -6 -7 -5  0 -3 -7 -5 -5    6   3   2  22   0   8  39   1   1   0   1   9   0   0   0   6   2   0   0   0  1.04 0.61
    8 D   -2 -1  0  5 -7  2  5 -4 -2 -5 -6  1 -6 -3 -4 -1 -2 -7 -2 -6    4   3   4  26   0   8  34   1   1   0   0   8   0   1   1   4   2   0   2   0  0.95 0.57
    9 I    0 -5 -6 -8 -1 -7 -7 -7 -7  5  3 -5  0 -1 -6 -6 -5 -3 -3  4    7   1   0   0   1   0   0   0   0  27  26   0   2   3   0   0   0   0   1  31  1.13 0.58
   10 F   -1  2 -2 -3 -5  0  1 -5 -2  1  3  1  1  0 -3 -3 -1 -1 -3  0    6  10   1   1   0   5   8   0   1   9  29   9   4   4   1   1   3   1   0   6  0.29 0.25
   11 R    1  3  1  1 -6  2  3 -3 -2 -6 -5  3 -4 -6 -5  0 -1 -6 -4 -5   14  13   6   7   0   9  17   2   1   0   1  18   0   0   0   7   4   0   1   0  0.57 0.42
   12 F   -1  1 -3 -2 -3  1 -1 -4 -3  1  1  1  0  3 -4 -2  0  3  2 -2    6   9   1   3   0   7   4   1   0   8  15   8   2  14   0   2   5   4   7   2  0.26 0.23
   13 A    1 -6 -7 -7  1 -4 -7 -7 -6  5  4 -7  1 -2 -6 -5 -4 -2 -5  3   11   0   0   0   3   1   0   0   0  30  31   0   3   2   0   1   1   1   0  16  1.06 0.55
   14 D    1  2 -1  1 -6  2  4 -4 -1 -4 -4  4 -5 -7 -5 -1 -2 -7 -5 -4   10  12   3   7   0   9  22   1   1   1   1  24   0   0   0   4   3   0   0   1  0.69 0.46
   15 E    1  0  0  2 -6  2  5 -3 -1 -5 -6  1 -5 -7 -5  0 -2 -7 -6 -6   12   4   5  12   0   7  36   2   1   1   1   9   0   0   0   6   3   0   0   0  0.80 0.52
   16 Q    0  1  4  1 -5  1  2  0  4 -4 -3  1 -5 -5 -2 -1 -3 -5 -3 -5    7   9  16   7   0   7  14   8  10   1   3   9   0   0   2   5   1   0   1   0  0.47 0.35
   17 N   -4  0  3  4 -7 -1  1  4  0 -8 -7  1 -7 -8 -6 -2 -4 -8 -7 -6    1   5  13  23   0   2   9  33   2   0   0   7   0   0   0   2   1   0   0   0  0.98 0.57
   18 V   -2 -8 -8 -7 -2 -7 -8 -7 -6  6  0 -7 -3 -2 -7 -5 -2 -7 -2  5    4   0   0   0   1   0   0   0   0  40   8   0   0   1   0   1   2   0   2  39  1.55 0.73
   19 K   -2  4 -2  3 -6  1  3 -6  1 -7 -5  4 -5 -8 -4 -2 -1 -8 -6 -5    3  18   2  15   0   5  21   0   4   0   1  22   0   0   1   3   4   0   0   1  0.86 0.54
   20 F   -2 -1 -3 -4 -3 -2 -2 -6  1 -2  0 -3  1  6 -7 -2  2  4  4 -2    4   3   1   1   1   2   3   0   3   2   8   1   3  30   0   3  12   5  14   3  0.82 0.48
   21 I   -4 -9 -9 -9 -3 -8 -9 -9 -9  5  1 -8 -3  0 -9 -8 -5 -8 -3  6    2   0   0   0   1   0   0   0   0  32  12   0   0   4   0   0   0   0   1  49  1.76 0.82
   22 R   -3  5 -2  3 -5  0  1 -6  0 -1 -1  1  0 -2 -6 -3 -3 -2  0 -2    2  31   1  18   0   4  10   0   2   4   6   8   3   2   0   2   2   1   3   3  0.69 0.45
   23 L   -1 -7 -7 -8  3 -7 -8 -6 -7  2  4 -7  0  4 -5 -5 -4 -5  0  3    6   0   0   0   6   0   0   1   0   9  39   0   2  15   1   0   1   0   3  19  1.03 0.55
   24 Q    1  0 -3 -4 -1  3  0 -1  0  0  1  0  0 -2 -5  0 -1  3 -3  0   14   5   1   0   1  16   5   6   2   5  13   6   3   2   0   6   3   4   0   7  0.23 0.24
   25 F   -3 -8 -8 -9 -3 -4 -8 -3 -4  1 -1 -8  0  7 -9 -5 -3  5  4  1    3   0   0   0   1   1   0   3   0   6   7   0   2  47   0   1   2   7  11   9  1.57 0.76
   26 T    1 -7 -3 -7  5 -5 -6 -4 -2  0 -3 -6 -3 -2  3  1  4 -7 -5  3   10   0   1   0   9   0   0   1   1   5   2   0   1   2  13   9  23   0   0  22  0.80 0.53
   27 D   -7 -9 -3  9 -7 -6 -5 -4 -9 -11 -11 -8 -11 -11 -6 -5 -3 -12 -11 -11    1   0   1  92   0   0   0   2   0   0   0   0   0   0   1   1   2   0   0   0  3.18 1.40
   28 I   -3 -7 -1 -7 -3 -1 -7 -7 -1  4  4 -6  4  0 -1 -5 -1 -5 -1  2    3   0   4   0   0   3   0   0   1  21  32   0  10   3   4   0   4   0   2  12  0.80 0.47
   29 L    0 -2  3  1 -1  0 -2 -4  4 -2  1 -3 -1  2 -1  0  0 -1  1 -2    7   2  15   9   2   5   2   1  11   2  12   1   1  10   3   7   5   1   4   2  0.30 0.26
   30 G   -4 -10 -2 -9 -6 -9 -9  8 -9 -11 -11 -9 -7 -10 -9 -5 -8 -10 -10 -10    1   0   2   0   0   0   0  95   0   0   0   0   0   0   0   1   0   0   0   0  3.02 1.32
   31 I   -2  4  0 -4 -4  0 -3 -2 -1  3 -1  0  0 -2 -6 -2  0 -6 -2  3    3  20   5   1   0   4   1   3   2  17   6   6   2   2   0   3   6   0   1  18  0.42 0.31
   32 I    0 -4 -4 -5 -2  1 -4 -4 -1  1  4 -5  2  0  2 -1 -2  4 -4  1    8   1   1   1   1   6   1   1   2   7  33   0   4   4   9   5   3   6   0   7  0.50 0.36
   33 K   -7  7 -4 -8 -1  0 -6 -7  4 -4 -4  4  0 -5 -8 -6 -7 -9 -3 -3    0  54   1   0   1   5   0   0   8   1   2  22   2   1   0   0   0   0   1   3  1.79 0.91
   34 N    0 -5  2 -5  2 -2 -2  5  4 -5 -6 -4 -2 -5 -7  2 -1 -8 -4 -3    8   0   8   0   4   2   3  41  10   1   0   1   1   1   0  14   4   0   1   2  0.95 0.57
   35 V   -6  1 -5 -7 -3 -5 -4 -8 -5  2  0  6  0  1 -7 -6 -2 -6 -5  2    0   6   0   0   1   0   1   0   0   9   7  49   2   5   0   0   2   0   0  15  1.26 0.71
   36 E    1  2 -2 -2 -2 -2  0 -3 -2  0  0 -3 -1 -2 -4  1  3  2  1  0   11  13   1   2   1   2   6   2   1   5   8   1   1   1   0  10  20   2   5   8  0.28 0.28
   37 I   -4 -7 -7 -8 -5 -7 -5 -8 -5  5  2 -7  2  1 -8 -5 -3 -7 -1  5    2   0   0   0   0   0   1   0   0  31  18   0   5   6   0   1   2   0   3  32  1.25 0.63
   38 P   -2 -2 -2 -1 -4 -3 -3 -4  1 -7 -3 -4  0 -4  7  1  1 -8 -5 -4    3   2   2   4   0   1   2   2   4   0   3   1   3   1  50  11   9   0   0   2  1.28 0.75
   39 V    3  1 -4 -4 -3 -3 -3 -3 -3  1 -1  0 -3 -3  1  0 -1 -6 -2  2   28   8   0   1   1   1   1   2   1   8   6   6   0   1   8   7   4   0   1  16  0.40 0.33
   40 S    1  2  0  3 -4 -1  2 -1  1 -6 -6  1 -4 -7 -3  3 -1 -4 -2 -5   10   9   4  17   0   3  12   5   3   0   0   9   0   0   2  20   3   0   1   0  0.50 0.39
   41 Q    0  3  0  0 -3  2  2 -3  4 -5 -3  2 -1 -1 -4  0 -2 -6  1 -4    9  13   3   5   1   9  13   2  10   1   2  13   2   3   0   6   2   0   4   1  0.42 0.32
   42 L    0 -8 -7 -9 -4 -8 -8 -8 -6  1  4 -5 -1  6 -7 -7 -6  2  0  0    8   0   0   0   0   0   0   0   0   8  36   1   1  32   0   0   0   2   2   7  1.32 0.67
   43 K    0 -1 -1  3 -5  0  4 -1 -1 -3  0  0 -2 -4  1 -2 -2 -5 -3 -2    8   4   2  13   0   3  28   4   1   1  11   7   1   1   7   2   3   0   1   3  0.40 0.33
   44 K   -1  2  0  3 -6  0  2  0  0 -6 -5  3 -4 -6 -4  2 -1 -6 -3 -4    4  11   4  13   0   3  15   6   2   0   1  19   0   0   1  14   4   0   1   1  0.51 0.38
   45 A    3 -2 -2 -3 -2 -3 -3 -2 -1  2  0 -2  1 -1 -5  0 -1 -4 -1  3   29   2   2   1   1   1   1   3   1  10  10   2   4   3   0   7   4   0   2  17  0.38 0.29
   46 L    0 -3 -5 -6  0 -3 -5 -4 -6  2  3 -4  2  5 -6 -3 -3  1  1  1    9   2   1   0   2   2   1   1   0   9  31   1   5  20   0   2   1   2   4   9  0.68 0.40
   47 D    0  1 -1  2 -4  1  4 -4  0 -4 -5  2 -3 -5 -4  1  1 -4 -4 -3    8   8   3  10   0   5  27   1   2   1   1  13   1   0   1   9   8   0   1   2  0.53 0.39
   48 N   -2  1  3  3 -5  0  2  1  3 -4 -5  1 -3 -4 -4  1 -1 -3 -1 -4    2   6  13  13   0   4  15  10   8   1   1   8   1   1   0  10   3   0   2   1  0.45 0.33
   49 K   -5 -3 -5 -6 -9 -4 -3  7 -3 -10 -7 -3 -5 -8 -5 -3 -5 -9 -7 -8    1   2   0   0   0   1   2  85   1   0   1   2   0   0   1   2   1   0   0   0  2.38 1.09
   50 I   -1 -5 -5 -7 -1 -3 -4 -4 -4  4  2 -4  2  1 -5 -4  0 -2  0  4    6   1   0   0   1   1   2   1   0  23  17   1   5   6   1   1   5   1   3  25  0.71 0.41
   51 M    1  1  1 -3 -1 -2 -3  4 -1 -3 -2 -2  2 -3  1  0  0  2 -2 -3   10   7   6   1   2   2   1  31   2   2   3   2   6   1   7   6   5   3   1   2  0.41 0.31
   52 F   -4 -7 -8 -7 -1 -7 -7 -7 -4  2  1 -7  4  8 -7 -6 -4 -3  1  0    2   0   0   0   1   0   0   0   0  11  13   0   8  49   0   0   1   0   4   7  1.62 0.76
   53 D    0 -6 -2  7  3 -5 -4 -5 -2 -6 -6 -5 -7 -5  2 -1  0 -8 -1 -6    9   0   2  53   6   0   1   1   1   0   1   0   0   1  11   5   5   0   3   1  1.43 0.76
   54 G    1 -2 -3 -3 -5 -2 -4  6 -4 -3 -4 -3  0 -4 -1  0 -2 -3 -5 -2   12   3   1   1   0   2   1  53   1   2   2   1   3   1   3   7   3   0   1   3  1.00 0.55
   55 S    1 -4  0 -2 -6 -3 -2 -2 -2 -5 -4 -4 -2  0 -4  6  0  0  0 -3   11   1   4   3   0   1   2   4   1   1   2   1   1   3   1  53   6   1   4   2  0.99 0.64
   56 S    2 -4  0  1 -2 -3 -4 -2 -4 -3 -2 -4 -4 -4 -1  5  1 -7 -4  0   15   1   4   7   1   1   1   3   0   1   4   1   0   1   3  42   7   0   1   7  0.72 0.52
   57 I   -1 -6 -6 -5 -1 -6 -6 -7 -4  6  2 -5  1  0 -5 -4 -2 -6  0  4    5   0   0   1   1   0   0   0   1  36  15   1   4   4   1   1   3   0   3  25  1.05 0.53
   58 E    0  1 -1  2 -4 -1  2 -1 -1 -3 -2 -1 -1  0  3 -1  1  3 -1 -3    7   7   3  12   0   2  12   4   1   1   4   3   1   4  15   4  10   4   2   2  0.27 0.24
   59 G   -3 -5 -2 -2 -5 -5 -7  7 -8 -3 -4 -5 -4 -3 -4 -3 -5 -2 -4 -4    2   1   2   3   0   1   0  76   0   2   2   1   1   2   1   3   1   1   1   2  1.88 0.90
   60 F   -4 -4 -6 -1 -2 -5 -6 -1 -2 -1  1 -6  2  7 -4 -4 -2  6  4 -2    2   1   0   5   1   0   1   6   1   3  11   0   4  35   1   2   3  11  10   3  1.09 0.57
   61 V    2 -1 -1  0 -2  0  0  2 -2 -1 -1  0  1 -1 -1  0  1 -2 -2  0   20   3   2   4   1   4   6  14   1   3   5   6   3   3   2   7   8   1   1   6  0.11 0.13
   62 R    0  3  0  2 -2  0  2  0  1 -3 -3  0 -2 -4  1  1  1 -2 -2 -3    7  16   5  11   1   3  11   7   4   1   2   4   1   0   7   9   7   1   1   1  0.26 0.23
   63 I   -1 -3 -2  0 -2 -2 -3 -2 -3  4 -1 -3  1 -3  2 -1  2 -3 -4  3    6   2   2   5   1   2   1   4   1  24   4   1   3   1   9   4  12   0   0  19  0.43 0.30
   64 E   -1 -2  1  1 -2  0  4  4  2 -5 -5 -2 -5 -2 -1 -1 -2 -5 -2 -5    6   2   7   7   1   4  25  26   4   1   1   3   0   2   3   5   3   0   2   1  0.57 0.40
   65 E   -1 -1  0  3 -3 -1  4 -2  1 -5 -5  0 -5  1 -5  0 -3  0  3 -4    6   3   5  17   1   2  30   3   3   1   1   5   0   5   0   6   1   1   9   1  0.62 0.43
   66 S    0 -1 -3 -3 -3 -2 -2  3 -3 -5 -6 -3 -3 -6  3  5 -1 -4 -6 -4    6   4   1   2   1   2   2  20   1   1   1   1   1   0  13  40   3   0   0   1  0.86 0.56
   67 D   -6 -5 -1  8 -8 -5  1 -6 -5 -8 -8 -5 -8 -8 -7 -4 -6 -8 -6 -8    1   1   3  81   0   0  10   1   0   0   0   1   0   0   0   1   0   0   0   0  2.59 1.13
   68 M   -2 -2 -5 -7  1 -4 -7 -1 -4  2  3 -4  7  2 -6 -5 -4 -1 -2  1    4   3   0   0   3   1   0   5   0   9  25   1  28   8   0   1   1   1   2   9  0.97 0.53
   69 Y   -2  2 -2 -4 -1 -3 -3 -5  1  3  2 -1  1  1 -3 -3  0  0  1  2    4  12   2   1   1   1   1   0   3  14  18   4   3   6   1   1   5   1   6  16  0.33 0.25
   70 L    3 -7 -8 -8  3 -5 -7 -4 -6  0  5 -7  3 -2 -5 -5 -4 -3 -3  1   22   0   0   0   5   0   0   2   0   4  46   0   7   2   0   0   1   0   1   9  1.07 0.60
   71 F   -3  2 -5 -5 -3 -1 -3 -6  1  3  0  2  3  1 -6 -4 -2  0 -1  3    2  13   0   0   1   2   2   0   3  14   9  14   8   6   0   1   3   1   2  20  0.51 0.35
   72 P   -1 -9 -9 -9 -6 -8 -8 -4 -7 -2 -3 -8 -6 -8  9 -8 -7 -10 -10 -4    6   0   0   0   0   0   0   1   0   3   4   0   0   0  84   0   0   0   0   2  2.86 1.34
   73 D   -5 -6 -5  8 -7 -2 -2 -7 -5 -1 -5 -7 -7 -9 -7 -5 -5 -10 -9  0    1   0   0  80   0   2   3   0   0   4   1   0   0   0   0   1   1   0   0   6  2.47 1.13
   74 L   -1 -4 -6 -5 -3 -4 -3 -4 -4  0  3 -4  1 -1  6 -3 -2  2 -3 -2    6   1   0   1   1   1   2   1   1   6  29   1   3   3  35   2   2   3   1   3  0.93 0.56
   75 D    0  0  1  3 -6 -1  2  0 -2 -6 -6 -1 -6 -7 -5  4  1 -7 -6 -5    8   4   6  18   0   2  13   6   1   0   0   4   0   0   0  28   8   0   0   1  0.66 0.48
   76 T   -2 -2 -5 -6 -7 -4 -6 -6 -5 -7 -8 -4 -7 -7 -5  3  8 -9 -5 -6    3   3   0   0   0   1   0   1   0   0   0   1   0   0   1  17  72   0   0   0  2.13 1.10
   77 W    1 -4 -6 -7  0 -7 -4 -4 -6  0  3 -5  1  6 -3 -5 -4  1  1 -1   12   1   0   0   2   0   1   1   0   4  29   1   3  32   2   1   1   2   5   4  1.00 0.55
   78 V    0  5 -4 -5  0  1 -3 -3  2 -1 -3  0 -1  2 -6  0  1  0  0  1    9  28   1   0   2   5   1   2   4   4   2   6   1   7   0   6  10   2   3   9  0.47 0.36
   79 V   -2  1 -5 -3 -4  0 -2 -6 -3  4  1 -2  1 -2  2 -3 -1 -3 -2  3    3   8   0   1   0   4   3   0   0  23  12   2   3   1  10   1   4   0   1  22  0.51 0.34
   80 F   -2 -4 -4  2 -1 -5 -3 -7 -5  3  4 -5  0 -1 -5 -4 -3 -4 -2  2    4   1   1  12   1   0   2   0   0  13  42   0   2   2   1   1   2   0   2  15  0.80 0.46
   81 P   -4 -5 -3 -3 -7 -7 -4 -5 -6 -6 -6 -6 -7 -8  9 -3 -4 -6 -6 -6    2   1   1   2   0   0   1   1   0   0   1   0   0   0  84   2   1   0   0   1  2.79 1.25
   82 W   -6 -6 -7 -6 -4 -7 -6 -5  0 -4 -3 -6 -4  4 -5 -4 -7 12  3 -4    1   0   0   1   1   0   1   1   2   1   3   1   0  13   1   2   0  62   7   2  3.12 1.24
   83 T    1  3 -1  1  0  0  1 -2  0 -2  0  0  0 -1 -2  0  1 -1  0 -2   15  15   3   7   2   4   9   3   2   2  10   4   2   3   1   6   7   1   3   3  0.13 0.14
   84 A    0 -1 -1  2 -4 -1  2  0 -2 -3 -3  0 -3 -3  5  0 -1 -3 -2 -2    7   3   3   9   0   2  14   6   1   2   2   6   1   1  26   8   4   0   1   3  0.46 0.31
   85 E   -2  2  2  2 -3  2  2  2  1 -3 -4 -1 -2 -3 -2  0 -1 -4 -2 -3    3  12   8   9   1   8  15  17   3   1   2   4   1   1   2   7   3   0   1   2  0.33 0.24
   86 K   -1  0  0  0 -3  1  2  0  2 -2 -2  1 -1 -2  3  0  0  0 -1 -2    4   6   4   6   1   5  13   7   5   2   4   9   2   1  13   7   5   1   2   3  0.19 0.13
   87 G    0  1  0  0 -1  0  0  2  0 -1 -1  0 -1 -1  0  0  0  0  0 -1    6   8   5   6   1   3   7  18   2   3   5   5   2   2   5   7   6   1   4   4  0.08 0.05
   88 K    0  2  1  0 -1  0  0  0  0 -1 -1  2  0 -1  1  0  0  1 -1 -1    7  10   6   5   2   2   4   8   3   3   6  14   3   3   7   6   5   2   2   4  0.08 0.06
   89 V   -1 -3 -3 -4  0 -3 -3 -4 -3  1 -1 -3 -1 -3 -4 -1  5 -4 -4  4    5   2   1   1   2   1   2   1   1   7   5   2   1   1   1   3  37   0   1  26  0.83 0.46
   90 A    6 -5 -5 -6 -2 -5 -5  2 -4  0  1 -4 -1 -5 -2 -2 -5 -3 -4  0   54   1   0   0   1   0   0  12   0   5  12   1   2   1   2   2   0   0   1   6  1.02 0.58
   91 R   -1  5 -2 -4 -1  2 -2 -3  0  0  0 -2  1  1 -5  1 -2  5 -2 -1    5  26   2   0   2  10   2   2   2   4   8   1   3   6   0  10   2   7   1   5  0.46 0.34
   92 M   -1 -5 -5 -5  1 -5 -5 -6 -6  2  1 -6  4  4 -6 -5 -4 -5 -2  5    5   0   1   1   3   0   1   1   0   9  14   0  11  16   0   1   1   0   1  35  1.00 0.51
   93 I   -3 -5 -5 -7 -5 -4 -7 -7 -3  5  4 -6  3  4 -1 -5 -2 -2  0  0    2   0   1   0   0   1   0   0   1  28  30   0   5  17   3   1   2   1   3   4  1.01 0.52
   94 C    2 -7 -7 -8 10 -7 -6  1 -2 -4 -3 -7  1 -5 -7 -2 -2 -7 -5 -1   14   0   0   0  51   0   1  12   1   1   3   0   3   1   0   4   2   0   0   5  1.99 0.88
   95 D   -5 -1  2  7 -8 -2  1 -4  0 -7 -7 -4 -5 -3 -7  0  0 -1 -1 -6    1   3   8  55   0   2   7   1   3   0   1   1   0   1   0   7   5   1   2   1  1.40 0.73
   96 I   -1 -5 -5 -6  0 -3 -5 -3 -3  4  2 -5  4  1 -1 -3 -1 -2 -2  3    5   0   1   0   2   1   1   2   1  21  20   0  10   5   3   2   4   0   1  21  0.68 0.39
   97 Y   -2  0 -5 -5  1 -1 -2 -5  3 -1  0  0 -1  2 -6 -2 -1  1  6  2    4   5   0   0   3   3   3   1   7   3   8   5   2   8   0   3   4   1  28  12  0.66 0.41
   98 N   -3 -1  1  4 -3 -1  2 -2  2 -3 -2 -1 -1 -1 -4 -1  2  4  1 -3    1   3   7  20   1   2  14   3   4   1   5   4   2   3   1   4  14   5   5   2  0.40 0.31
   99 P    0  0 -2  0 -5  0  1 -1  1 -3 -1  0 -2 -3  5 -1 -1 -3 -3 -1    9   5   2   5   0   5   8   5   4   2   7   6   1   1  28   4   4   1   1   5  0.43 0.32
  100 D   -2 -3  2  6 -7 -1  2 -1  0 -6 -5 -2 -5 -5 -2 -1  0 -4 -3 -7    3   1   9  44   0   3  12   5   2   0   1   3   0   1   3   5   6   0   1   0  1.00 0.57
  101 M   -4 -1 -1 -3 -7 -4 -2  7  2 -7 -4 -2 -3 -5 -6 -3 -1 -7 -5 -6    1   4   3   2   0   1   3  68   4   0   2   3   1   1   0   2   5   0   1   0  1.56 0.76
  102 T   -1  2  0 -1 -5  2  4 -2 -2 -5 -4  2 -2 -6 -4  1  2 -7 -6 -3    4   9   3   3   0   8  23   3   1   1   2  14   1   0   1  12  14   0   0   2  0.53 0.40
  103 P    0  2 -4 -2 -8 -4 -1 -5 -2 -4 -2 -4 -3 -4  7 -2 -5 -8 -3 -3    7  10   1   2   0   1   4   1   1   1   5   1   1   1  57   3   1   0   1   2  1.51 0.82
  104 F   -3 -7 -4 -5  0 -3 -5 -6  2 -1  0 -6 -1  6 -6 -1 -3  6  4  2    3   0   1   1   2   1   1   0   5   4   9   0   1  27   0   6   2  10  15  13  0.98 0.53
  105 A    0 -2  0  1 -3  0  3 -2 -1 -4 -3 -2  0 -2  4  1 -2 -2 -3 -3    9   2   4   9   1   3  22   3   2   1   3   2   2   2  20   9   2   1   1   2  0.48 0.37
  106 G    1  1 -2 -3  1  0 -2  2  1  0  0 -1  0  1 -3 -1 -1 -2  1  0   14   7   1   1   3   3   2  18   3   6  11   4   2   5   0   3   4   0   6   6  0.13 0.14
  107 D    0 -7 -3  7  7 -7 -4 -5 -3 -8 -7 -7 -6 -6 -8  1 -4 -9 -1 -7    9   0   1  49  23   0   1   1   1   0   0   0   0   0   0   9   1   0   3   0  1.86 0.90
  108 P   -3 -9 -8 -8 -1 -4 -8 -3 -9 -7 -6 -8 -5 -6  8  1  1 -10 -7 -3    3   0   0   0   1   1   0   3   0   0   1   0   0   0  70  10   8   0   0   2  2.26 1.12
  109 R   -9  9 -8 -9 -11 -5 -8 -10 -6 -8 -8 -3 -9 -10 -10 -8 -9 -10 -9 -8    0  98   0   0   0   0   0   0   0   0   0   1   0   0   0   0   0   0   0   0  3.57 1.50
  110 A    0 -1  3 -2 -3  2 -1  2  3 -4 -4 -3 -4 -1 -5  2  0  0  4 -2    8   3  11   1   0  10   3  13   6   1   1   1   0   3   0  14   6   1  12   3  0.40 0.33
  111 N    0 -3 -2 -7 -3 -3 -5 -6 -4  5  1 -5  1  0 -7 -5 -1 -5 -4  5    9   2   3   0   1   1   1   0   0  27  12   1   3   4   0   0   4   0   0  32  0.91 0.50
  112 L    2 -8 -9 -9  0 -8 -9 -9 -9 -4  6 -8 -2 -3 -9 -5 -4 -8 -4 -3   16   0   0   0   2   0   0   0   0   1  75   0   1   1   0   1   1   0   1   1  1.85 0.90
  113 K   -1  5 -3 -3 -6  3  0 -3 -1 -4 -4  5 -1 -5 -7 -3 -4 -5 -5 -5    6  26   1   1   0  10   6   2   2   1   2  35   1   0   0   2   1   0   0   1  1.06 0.62
  114 R   -2  6  1 -2 -5  1 -2 -3 -2 -7 -4  4 -6 -8 -7 -2 -2 -8 -6 -6    4  43   5   3   0   6   3   2   1   0   2  24   0   0   0   3   3   0   0   1  1.25 0.69
  115 V    4 -5 -4 -7 -4  4 -4 -6 -6  1 -1 -4  3 -2 -6 -3  1 -7 -3  4   28   0   1   0   0  15   1   0   0   6   5   1   6   1   0   2   7   0   1  25  0.82 0.54
  116 L   -2 -4 -4 -4  1 -3  1 -6  0  3  4 -5  1 -3 -6 -3 -2 -5 -4  3    4   1   1   1   2   1  11   0   2  14  33   0   3   1   0   2   3   0   0  20  0.68 0.42
  117 K    3  1  0  3 -6  1  3 -1 -3 -5 -5  2 -3 -7 -5 -1 -2 -7 -4 -4   20   6   5  15   0   7  21   4   0   1   1  12   1   0   0   4   3   0   0   1  0.60 0.43
  118 E    0  4 -2 -1 -5  1  2 -3  0 -3 -1  3 -2 -2 -5 -3 -2 -2  3 -3    8  24   2   4   0   5  11   2   2   2   5  18   1   2   0   2   2   0   8   2  0.52 0.37
  119 M    4 -7 -7 -8  0 -6 -7 -5 -6 -1  4 -7  1  2 -7 -4 -4 -1  3 -1   28   0   0   0   2   0   0   1   0   3  39   0   3   8   0   1   1   1   8   4  1.00 0.58
  120 E    3  2 -1  0 -6  0  2 -2  0 -4 -4  3 -4 -5 -5  0 -1 -2 -4 -3   24  12   3   5   0   4  14   3   2   1   2  18   0   0   0   5   4   1   1   2  0.50 0.38
  121 E    2  0 -1  2 -6  0  4 -2 -1 -6 -6  2 -5 -6 -4  1 -2 -7 -6 -5   17   4   3  13   0   4  25   4   1   0   0  13   0   0   0  11   2   0   0   1  0.65 0.45
  122 L    0  2 -2 -2 -3  1  1 -5  0 -2  2  1  5 -3 -5 -1  0 -6 -3 -2    7  11   2   2   1   5  10   0   3   2  19   9  15   1   0   4   6   0   1   2  0.40 0.32
  123 G   -5 -5 -1 -2 -9 -5 -5  7 -4 -7 -6 -3 -7 -1 -8 -5 -3 -8 -3 -8    0   1   3   2   0   0   1  80   0   0   1   2   0   3   0   1   2   0   1   0  2.14 0.99
  124 F   -5 -6 -2 -5 -5 -5 -6 -1 -4  2  3 -5  1  5 -6 -6 -6  3  6 -2    1   0   2   1   0   0   0   6   0  12  22   1   3  18   0   0   0   4  25   2  1.09 0.57
  125 T    1  0 -1  0  0 -1 -1  0 -1 -1  0 -1 -1 -1 -2  1  3 -2 -1  0   12   6   3   5   2   2   4   7   1   4   8   4   1   3   1  10  20   0   2   6  0.13 0.13
  126 E    1  1 -2  2 -2  0  2 -2  0 -3 -3  0 -3 -3  4 -1  0 -4 -3 -2   11   7   2  13   1   3  15   3   2   2   3   5   1   1  19   3   5   0   1   4  0.38 0.24
  127 F    0 -4 -5 -6  2 -5 -5 -5 -5  2  2 -5  4  4 -4 -3 -3 -3  2  3    7   1   0   0   4   0   1   1   0  11  15   1   9  17   1   2   1   0   7  20  0.71 0.37
  128 N   -2  1  2 -2 -2  1 -1 -2  1 -1  0  2  1  0 -3  0  0 -1  3 -2    3   8  11   2   1   7   4   2   3   3   8  13   5   4   1   7   5   1  10   3  0.18 0.15
  129 L    2 -6 -6 -6  1 -5 -6 -4 -5  2  0 -6  3  3 -6 -1  1  2 -4  4   16   0   0   0   3   0   0   1   0  10   7   0   6  10   0   5   8   3   0  28  0.70 0.43
  130 G    4 -3 -4 -6 -7 -5 -7  6 -3 -7 -4 -5 -7 -4 -7  0 -4 -4 -8 -6   30   1   1   0   0   1   0  52   1   0   2   1   0   1   0   7   1   0   0   0  1.52 0.79
  131 P    0 -6 -5 -6  1 -5 -6 -6  0  0  0 -6 -1  3  5  0  1 -3 -1  1    9   0   1   0   3   0   0   0   2   6   8   0   1  12  30   8   7   0   2  10  0.75 0.48
  132 E   -7 -6 -8 -4 -11 -4  8 -7 -7 -10 -10 -4 -9 -10 -8 -5 -8 -10 -9 -10    0   0   0   1   0   1  95   1   0   0   0   1   0   0   0   1   0   0   0   0  3.11 1.41
  133 P   -1 -6 -1 -6  2 -4 -6 -6 -1  2  4 -6  2  2  2 -3 -2 -5  2  1    5   0   4   0   4   1   0   0   2   9  33   0   4   7  11   2   3   0   7   8  0.61 0.39
  134 E   -7 -8 -8 -3 -11 -3  8 -6 -8 -10 -10 -6 -9 -10 -9 -5 -5 -10 -7 -10    0   0   0   1   0   1  94   1   0   0   0   0   0   0   0   1   1   0   0   0  3.08 1.41
  135 F   -5 -9 -9 -10 -2 -9 -10 -6 -2 -5 -6 -10 -2  9 -10 -9 -7  1  2 -5    1   0   0   0   1   0   0   1   1   0   1   0   1  84   0   0   0   2   6   1  3.18 1.28
  136 F   -7 -3 -4 -9 -4 -5 -7 -9  3 -3 -5 -8  0  6 -9 -2 -1 -4  8 -5    0   2   1   0   0   1   0   0   6   1   1   0   2  31   0   3   4   0  46   1  2.16 0.99
  137 L   -4 -7 -5 -8 -4 -3 -8 -8 -8  3  5 -8  1 -3 -8 -7 -5  1  0  3    1   0   1   0   0   1   0   0   0  12  56   0   2   1   0   0   1   2   3  18  1.39 0.68
  138 F   -4 -6 -7 -8 -2 -7 -8 -6 -5  0  3 -7  0  7 -8 -5 -3 -3  2  1    2   0   0   0   1   0   0   1   0   4  26   0   2  44   0   1   2   0   5   9  1.50 0.70
  139 K   -3  3  0  4 -5  1  2 -4  0 -5 -5  4 -4 -6 -3 -2 -1 -6 -4 -5    2  17   5  23   0   5  12   1   2   1   1  21   0   0   1   3   4   0   1   1  0.77 0.46
  140 L    0  2 -1  0 -2  1  1 -1 -1 -2  0  2 -1 -2  2  0  0  0 -2 -1    7  14   3   5   1   5   8   4   1   3   8  11   1   1   9   6   6   2   1   4  0.14 0.13
  141 D   -1 -2  2  5 -5 -2  2 -1 -4 -2 -4 -2 -3 -5 -2  0  1 -4 -3 -1    5   3   8  34   0   2  12   5   0   3   2   3   1   1   2   8   7   0   1   5  0.62 0.38
  142 E    0 -1  0  3 -3  0  4  1 -2 -5 -4  0 -4 -3  1  0 -1 -1 -1 -3    8   3   4  13   0   3  26   9   1   1   2   6   0   1   8   7   4   1   3   2  0.41 0.30
  143 N   -1 -1  3  3 -3 -1  1  1  0 -3 -3  0 -3 -2  0  1  0 -1 -2 -2    6   3  13  17   0   2   8  13   2   2   3   5   1   2   5   8   6   1   1   3  0.27 0.20
  144 R   -1  1  0 -1 -4  0  0  4  0 -4 -3  0 -3 -3 -1  0 -2  0  0 -3    6   8   4   3   0   4   6  35   2   1   3   5   1   1   4   6   3   1   4   2  0.44 0.28
  145 R   -1  2  2  0 -2  1  1 -1  1 -2 -1  1 -2 -2  1  0 -1  2 -1 -2    6  12  12   4   1   5   8   5   3   3   6   9   1   1   7   6   4   3   2   3  0.15 0.13
  146 P    0  0 -1  0 -3 -1  0  1 -1 -2 -1 -1 -2 -2  5  0 -1  0 -2 -3    8   4   4   5   1   3   6   9   1   3   6   3   1   2  29   6   4   2   1   2  0.43 0.27
  147 T   -1  0 -1 -1 -2 -1 -1  1 -1  0  0 -1 -1 -2  1  1  2  0  0  0    5   5   3   4   0   3   4  12   1   5  12   2   1   1   6   9  15   1   3   7  0.09 0.11
  148 L    0 -1 -1 -2 -2 -1 -2 -2  2  0  1 -1 -1  1  2 -1  1  1  2  0    9   4   3   2   1   2   3   2   5   4  12   4   1   7  12   3   9   2   9   6  0.15 0.14
  149 E    0  1 -1  0 -3  0  2 -2  1  0 -1  1 -1 -3  3  0 -1 -3 -1  0    7   6   3   5   0   4  13   3   4   5   5   9   1   1  15   6   4   0   2   7  0.20 0.17
  150 L   -1 -3 -3 -1 -3 -2 -4 -2 -2  1  1 -4 -1 -1  6 -2  0 -1 -2  0    6   1   1   3   0   2   1   4   1   9  12   1   2   3  35   3   6   1   2   6  0.65 0.42
  151 N    0  1  0 -1 -2 -1 -1  0  2  0  0 -1  0  0  0  0  1 -2  0  0    9   8   5   3   1   2   2   6   7   6  10   3   2   5   5   8   8   0   3   7  0.04 0.07
  152 D   -2 -1 -1  6 -7  0  0 -1  1 -5 -4 -2 -6 -2  2 -1 -1  0 -1 -2    3   4   3  43   0   4   5   5   3   1   2   2   0   2   9   4   5   1   2   3  0.82 0.50
  153 S    0  2  1  0 -3  0  0  0  1 -3 -3  2 -2 -2  0  1  1 -3 -1 -2    8  10   7   6   1   4   6   7   4   1   2  14   1   2   5  10   8   0   2   2  0.18 0.18
  154 G    1 -2  0 -2 -3 -1 -1  4  0 -3 -3  1 -1 -4 -2  2  0 -3 -3 -3   13   2   4   2   0   3   4  31   2   1   3   8   2   1   2  13   6   0   1   2  0.43 0.31
  155 G   -1  0  0 -2 -2  1 -2  5  0 -4 -3 -2 -1 -3  1  0 -1 -2 -1 -2    5   5   4   2   1   5   2  40   2   1   3   2   1   1   7   8   4   1   3   3  0.54 0.36
  156 Y   -1 -2 -4 -2  4 -3 -5 -5  0 -2 -2 -6  0  0 -3 -2 -3 -1  8  0    5   2   1   3   8   1   1   1   2   2   4   0   2   3   2   4   2   1  50   6  1.43 0.72
  157 F   -2 -4 -7 -6  1 -4 -4 -4  4 -3  0 -6  2  6 -5 -4 -5 -2  7 -5    3   1   0   0   3   1   1   1   7   1  10   0   5  29   1   1   1   1  30   1  1.41 0.69
  158 D    1 -2 -1  5 -3 -1 -1  0  2 -3 -4 -4 -2 -2  0  3  0 -3 -2 -2    9   2   2  27   1   2   3   6   5   2   2   0   1   2   6  21   5   0   2   3  0.50 0.37
  159 L    0 -4 -2 -2 -1 -1 -1 -3 -1  2  2 -3  2 -1  0  1  1 -4 -1  2    7   0   1   2   1   3   4   1   2  10  20   1   4   2   4  10  10   0   2  15  0.21 0.20
  160 A    1 -1  0  1 -3  0  1  0  0 -1 -1 -1 -1 -2  2  1  1 -4 -1 -1   10   4   3   8   0   5   8   6   2   3   7   2   2   2  12  12   8   0   3   4  0.13 0.15
  161 P    0  1 -2 -2 -4  1  0  0  1 -4 -3 -3 -4 -4  6  0 -2 -3 -2 -3    9   9   2   2   0   6   5   8   3   1   3   1   0   1  36   7   3   0   1   2  0.72 0.46
  162 T   -1 -1  0 -2 -2  0 -1 -1 -1  1  2 -2  2  1 -2  0  1 -2  1  0    5   4   4   2   0   4   3   4   1   6  24   2   6   7   2   7   8   0   4   6  0.11 0.13
  163 D   -1 -3  1  7 -4 -3  0 -2  0 -5 -3 -4 -1 -5 -3  0  0 -4 -3 -2    6   2   6  50   0   1   6   3   2   1   3   0   2   1   2   6   6   0   1   3  1.02 0.57
  164 L    0  3 -1  1 -4  1  1 -2  2 -1 -1  1 -2 -3 -1  0  0 -3 -2 -1    9  15   2   8   0   6  11   2   5   4   7   9   1   1   2   7   6   0   1   4  0.17 0.17
  165 G    1 -1  0 -1 -1 -1 -1  2  1 -1  0 -2  1  1 -1 -1  0  0  2 -1   13   2   4   3   2   3   3  15   4   3  11   1   4   8   3   4   4   1   7   5  0.09 0.11
  166 E    0  0 -1  1 -2  2  4 -1  2 -2 -2 -1  0 -1 -3  1 -1 -2  1 -2    8   5   2   8   1   8  24   4   4   2   4   2   3   3   1   9   3   1   5   2  0.26 0.25
  167 N   -1  0  2  4 -4 -1  2  0 -1 -4 -3 -1 -4 -5  3 -1 -2 -2 -3 -5    5   4  10  23   0   3  15   7   1   1   3   3   0   1  15   5   3   1   1   1  0.52 0.37
  168 C   -1 -6 -6 -5 -1 -5 -4 -6 -2  3  3 -5  0  5 -5 -5 -3  1  2  3    5   0   0   1   1   0   2   1   1  15  23   0   2  22   1   0   1   2   6  17  0.81 0.44
  169 R   -4  6 -5 -7 -2 -3 -4 -7 -4  2  3 -1  1  2 -7 -5 -3 -1  0  0    1  37   0   0   1   1   1   0   0   9  24   3   3   7   0   1   2   1   4   6  0.91 0.52
  170 R   -1  4  1  2 -1  1  0 -1  1 -3 -2  0 -1 -3 -4  1  1 -4  0 -3    4  25   6  10   1   6   7   4   3   1   5   6   1   1   0  10   8   0   3   1  0.34 0.28
  171 D    0  1 -2  4 -7  1  5 -3 -1 -3 -4  1 -3 -5 -2 -2 -1 -5 -5 -4    7   7   2  23   0   5  33   2   1   2   1   7   1   1   2   2   3   0   0   1  0.78 0.49
  172 I   -2 -7 -7 -6 -3 -6 -6 -7 -7  5  3 -7  5 -1 -7 -5 -1 -3 -5  3    4   0   0   0   1   0   0   0   0  34  24   0  13   3   0   1   4   0   0  15  1.15 0.57
  173 V    0  2 -3 -2  4 -1 -2 -3 -2  1  0 -3  2 -1 -4  0  0 -3  0  3    9  11   1   2   8   2   2   1   1   8   9   1   6   3   0   7   5   0   4  19  0.26 0.23
  174 L    0  2  1  2 -3  1  2 -2  0 -2  1  1 -1 -3 -3  0  0 -5 -2 -3    8  10   7  14   0   6  13   2   3   1  13   7   1   1   1   7   5   0   1   1  0.22 0.21
  175 E    3 -1  0 -2  0 -1 -1 -1  1 -1 -1 -2  1 -2 -4  0  2 -1  3  0   25   3   5   2   2   2   4   4   3   3   4   1   3   1   0   6  14   1  10   7  0.25 0.25
  176 L   -1 -7 -7 -8  4 -5 -7 -3 -7 -1  5 -7  5 -1 -7 -3 -3 -6 -3 -2    7   0   0   0   9   0   0   2   0   3  57   0  13   2   0   2   1   0   1   2  1.31 0.66
  177 E    0  1  1  1 -3  2  4 -2 -1 -2 -2  0 -2 -5 -2  0 -1 -4 -4 -2    9   8   6   6   0   8  30   3   2   3   4   6   1   0   2   5   4   0   0   2  0.41 0.32
  178 E    3  0  0  2 -5  2  3  0 -2 -3 -3  2 -3 -5 -4  0 -1 -6 -3 -3   21   5   3  11   0   7  18   6   1   1   2  10   0   0   0   7   4   0   1   2  0.39 0.32
  179 M    1 -5 -3 -6  2  2 -5 -6 -4  0  2 -5  7  2 -6 -2 -3 -3 -2  0   12   0   2   0   3  11   0   0   0   5  21   0  26   8   0   3   1   0   1   5  0.82 0.50
  180 G   -5 -3  1  0 -6 -3 -1  7 -1 -7 -8 -4 -8 -5 -7 -3 -6 -8 -6 -7    0   1   6   6   0   1   4  75   1   0   0   1   0   1   0   2   0   0   0   0  1.91 0.87
  181 F   -4 -4 -7 -8 -1 -5 -6 -7 -7  6  2 -7  1  2 -7 -6 -4  3 -1  3    1   1   0   0   1   0   1   0   0  42  18   0   4   8   0   0   1   4   2  16  1.18 0.57
  182 E   -2 -1  0  2 -5  0  2 -1 -1 -3 -4  1 -3 -4  5 -1 -1 -6 -2 -2    4   4   4  13   0   4  14   6   1   1   1   8   1   1  25   5   4   0   2   2  0.52 0.36
  183 I    0 -5 -4 -7 -1 -6 -5 -4 -7  4  1 -6  1 -2  2 -4 -2 -4 -3  5    7   0   1   0   1   0   0   1   0  19  11   0   4   2  10   1   3   0   1  39  0.89 0.50
  184 E   -3  1 -3  1 -7  0  6 -4 -1 -1 -3  1 -2 -3 -5 -2 -1 -3  1 -2    2   6   0   8   0   4  45   2   2   4   3   7   1   1   0   3   5   0   5   3  0.76 0.50
  185 A    2  0 -1 -3 -2  2 -2  0  0 -3 -3  1  0 -1 -4  2  2 -4  3 -1   16   4   2   1   1   9   2   7   2   1   2   8   2   2   0  14  12   0  11   4  0.28 0.28
  186 S    1 -4 -3 -3 -1 -2 -4 -1  5  2  1 -3  1  1 -5  2 -1  1  1  0   10   0   1   1   1   1   1   4  14  10  12   1   4   7   0  17   4   2   4   7  0.36 0.29
  187 H   -4 -2  2  1 -5 -1  0 -3  9 -1 -4 -1 -3 -2 -7 -3 -3 -7  1 -2    1   2   8   7   0   3   5   2  49   4   2   4   1   2   0   2   2   0   4   3  1.53 0.73
  188 H    0 -2 -3 -4 -1 -2 -4 -1  9 -5 -6 -1 -5 -7  0 -1  1 -4 -1 -2    8   2   1   1   1   2   1   4  51   1   1   4   0   0   5   5   8   0   2   4  1.58 0.76
  189 E   -4 -4 -6 -4 -10 -2  8 -4 -2 -6 -6 -4 -3 -9 -6 -6 -6 -9 -4 -9    2   1   0   0   0   1  89   2   1   1   1   0   1   0   0   0   0   0   1   0  2.59 1.18
  190 V    0 -3 -1  0  1 -3 -3  0  1 -2 -2 -3 -1  1 -4  1 -1  2  3  3    9   1   2   6   3   1   1   8   3   1   3   1   2   6   0   9   3   3  12  25  0.31 0.27
  191 A    3 -6 -3 -2 -4 -3 -4  6 -5 -4 -7 -6 -5 -3 -5  0  0 -5 -6 -5   25   0   1   2   0   1   1  51   0   1   0   0   0   1   0   7   6   0   0   1  1.24 0.65
  192 P    1 -1  1 -3 -3 -2 -2 -3  0 -4 -3 -2 -4 -5  7  0 -2 -4 -3 -4   13   3   5   2   1   2   3   3   2   1   3   2   0   0  49   6   3   0   1   1  1.14 0.63
  193 G    0 -5 -3 -6  0 -7 -6  7 -4 -9 -7 -7 -8 -7 -6  2 -5 -3 -5 -8    6   1   1   0   2   0   0  73   1   0   0   0   0   0   0  14   0   0   1   0  1.93 0.88
  194 Q   -6 -6 -4 -7 -6  9 -4 -8 -3 -8 -6 -4  0 -5 -5 -6 -7 -9 -8 -2    1   0   1   0   0  89   0   0   1   0   1   1   2   1   1   0   0   0   0   3  3.04 1.35
  195 H   -3 -5  2 -6  1  1 -4 -4  6  0  0 -5  1  5 -7 -4 -5 -1  4 -1    2   0   9   0   3   7   1   1  19   5   8   0   4  20   0   1   0   1  14   5  0.89 0.50
  196 E   -5 -4 -6 -4 -5 -4  8 -5 -4 -9 -9 -4 -5 -7 -7 -5 -5 -9 -8 -5    1   1   0   0   0   0  93   1   0   0   0   1   0   0   0   1   1   0   0   1  2.78 1.23
  197 I   -1 -7 -8 -8 -3 -6 -7 -6 -7  7  1 -7  1  1 -6 -6 -3 -7 -3  2    5   0   0   0   0   0   0   1   0  56  13   0   3   6   0   0   1   0   1  14  1.47 0.67
  198 D    0 -4  5  3 -5 -4  1 -2 -4 -4 -5 -4 -4 -7 -2  1  2 -7 -6  0    8   0  30  18   0   0  10   3   0   1   1   0   0   0   2   9  10   0   0   6  0.78 0.49
  199 F   -5 -7 -6 -7 -3 -5 -7 -7 -5  2  4 -7  2  6 -4 -6 -1  2  1  1    0   0   0   0   0   0   0   0   0  11  35   0   4  27   1   0   4   3   4   8  1.09 0.54
  200 K    1  3  0  0 -3  1  1  0  2 -4 -2  2  0 -4 -1  0 -1 -1 -2 -2   10  20   4   4   0   5   8   7   5   1   4  15   2   0   3   5   4   1   1   2  0.27 0.23
  201 Y   -2 -3 -5 -5 -4 -4 -3 -6  7 -6 -3 -4 -3  4  4 -3 -4 -1  6 -5    4   1   0   1   0   1   2   0  21   0   3   1   1  13  18   2   1   1  29   1  1.40 0.70
  202 E    2  0  0  3 -2  0 -1  2 -2 -4 -2 -1  0 -3 -4  1  1 -5 -3 -2   17   4   4  16   1   5   2  14   1   1   5   4   2   1   0  12   9   0   1   2  0.28 0.25
  203 D   -3 -2  1  6 -4 -3  2 -2 -2 -5 -5 -3 -3 -2  3  0  1 -4 -2 -5    2   2   5  37   0   1  13   3   1   0   1   1   1   2  13   6   8   0   1   1  0.81 0.49
  204 A    5 -6 -6 -4  0 -5 -6  2 -6 -1  1 -5 -1 -4  4 -3 -4 -7 -6  0   43   0   0   1   2   0   0  12   0   3  12   0   1   0  17   1   1   0   0   6  0.91 0.56
  205 I   -3 -4 -6 -4 -3 -4 -4 -5 -7  2  5 -4  3 -2 -6 -4 -1 -6 -5  2    2   1   0   1   0   1   1   1   0   9  56   1   7   1   0   1   3   0   0  14  1.07 0.56
  206 T    1  2 -1  0 -3  1  2 -2 -1 -2 -2  2 -2 -4 -2  0  2 -5 -3 -1   12  13   2   5   0   6  13   2   1   2   4  13   1   0   1   7  13   0   0   4  0.27 0.24
  207 A    5 -4 -3 -6  0 -2 -5 -4 -5 -1 -2 -4  5 -4 -4  1  3 -7 -6 -1   42   1   1   0   2   2   0   1   0   4   4   1  15   1   1   9  15   0   0   3  0.93 0.57
  208 C    7 -7 -7 -7  4 -5 -7 -1 -7 -4 -6 -7 -4 -8 -4 -1 -4 -8 -8 -3   80   0   0   0   7   0   0   4   0   1   0   0   0   0   1   3   1   0   0   2  1.99 0.94
  209 D   -7 -7 -3  9 -10 -7 -3 -8 -4 -10 -9 -6 -6 -10 -8 -7 -8 -11 -10 -10    0   0   1  96   0   0   1   0   0   0   0   0   0   0   0   0   0   0   0   0  3.29 1.30
  210 S    0  3  5  1 -4  2 -1 -3  2 -4 -5  0 -1 -3 -5 -1 -1 -2 -3 -5    9  17  25   9   0  10   4   1   5   1   1   5   2   1   0   5   3   1   1   1  0.62 0.41
  211 I    2 -4 -4 -5 -1 -1 -4 -3  2  3  1 -4  2  0 -5 -2  0 -3 -1  2   21   0   1   0   1   3   1   2   6  15  15   0   5   5   0   2   7   0   2  15  0.39 0.29
  212 Q   -1 -5 -5 -6 -2  2 -5 -5 -3  3  1 -5  5  3 -5 -2  0 -3 -1  3    5   0   0   0   1   9   0   0   1  18  12   0  13  11   0   3   5   0   2  21  0.65 0.40
  213 T   -2 -1 -4 -5 -4 -4 -5 -6 -4  2  4 -2  2  2 -6 -2  4  0  0 -1    2   4   1   0   0   0   0   0   0   9  34   3   4   7   0   2  23   1   3   4  0.63 0.41
  214 F    1 -7 -7 -8 -1 -5 -7 -6 -2 -1  2 -6 -1  7 -7 -3 -2 -3  4 -1   11   0   0   0   1   0   0   0   1   3  16   0   2  40   0   2   3   0  15   5  1.22 0.60
  215 K   -7  5 -5 -6 -5 -4 -4 -8 -6 -5 -7  7 -2 -9 -7 -6 -7 -9 -8 -7    0  28   0   0   0   0   0   0   0   1   0  68   1   0   0   0   0   0   0   0  2.34 1.03
  216 L   -2  1  1 -2 -3  2  0 -4  2 -2  0 -2  2  1 -5  0  1  2  5 -3    3   9   6   1   0   9   7   1   5   3   9   1   4   5   0   7   8   3  18   1  0.34 0.29
  217 V    3 -6 -5 -6 -1 -5 -5 -1 -5  3  1 -5  2 -1 -5 -2  1 -4 -3  3   22   0   0   0   1   0   0   6   0  14  12   0   5   2   0   3  10   0   1  22  0.57 0.37
  218 V    1 -7 -7 -7  2 -6 -7 -6 -7  4  0 -6 -1 -3 -7 -3  0 -7 -6  5   13   0   0   0   4   0   0   0   0  22   7   0   1   1   0   2   6   0   0  43  1.15 0.58
  219 K   -3  5 -4 -5 -6 -1 -3 -5  1 -6 -6  7 -5 -6 -7 -3 -3 -2 -5 -7    2  30   1   1   0   2   1   1   4   0   1  54   0   0   0   2   1   1   0   0  1.73 0.82
  220 T    1 -1  2  0 -3  2  3  0 -1 -3 -4 -1  0 -4 -5  0  0 -3 -3 -2   13   4  12   4   0  11  23   6   2   2   2   2   3   0   0   8   5   0   1   3  0.38 0.31
  221 I   -1 -5 -6 -7 -2 -4 -5 -7 -5  5  2 -5  1 -2 -7 -4  0 -2 -1  5    4   0   0   0   1   1   1   0   0  31  15   0   3   2   0   1   5   1   2  33  1.03 0.52
  222 A    7 -7 -7 -7  3 -7 -7 -1 -7 -6 -4 -7 -4 -4 -7 -1 -3 -8 -7 -4   81   0   0   0   5   0   0   5   0   0   2   0   0   1   0   4   1   0   0   1  2.00 0.95
  223 R    2  4 -1 -1 -4  1  0 -2  2 -2 -1  1 -1 -2 -4  0 -1  0 -1 -2   16  22   3   3   0   7   7   2   6   2   7   7   1   1   0   6   3   2   2   2  0.29 0.25
  224 K   -1  5 -1 -2 -5  4  1 -3 -1 -3 -2  3 -1 -5 -5 -1 -2 -5 -5 -4    6  26   3   2   0  15   9   2   1   2   5  19   1   0   0   5   2   0   0   1  0.66 0.43
  225 H   -2  0  3 -3 -2  1  0 -3  8 -5 -3 -1  1  0 -6 -2 -3 -3  3 -6    4   5  12   1   1   6   5   2  36   1   3   3   3   4   0   3   1   0   9   0  1.11 0.59
  226 G   -3 -6  2  1 -3 -2 -3  7 -3 -9 -9 -3 -8 -9 -8 -4 -7 -8 -8 -9    2   0   9   7   1   2   2  74   1   0   0   1   0   0   0   1   0   0   0   0  1.96 0.89
  227 L   -2 -2 -6 -7  0 -3 -6 -6 -2  0  4  1  4  2 -6 -3 -4  1  3  0    3   2   0   0   2   1   0   1   1   4  41   9   9   7   0   2   0   2  11   6  0.77 0.45
  228 H   -2  0 -2 -2 -2 -1 -1 -4  4  2  0 -1  0  0 -5 -1  2  0  3  1    3   6   1   2   1   3   4   1  12  11   9   4   2   4   0   5  13   1   9   9  0.25 0.22
  229 A    7 -7 -6 -7 -1 -6 -7 -4 -2 -1 -3 -6 -6 -4 -1 -4 -3 -8 -5  2   73   0   0   0   1   0   0   1   1   3   2   0   0   1   3   1   1   0   0  11  1.67 0.85
  230 T   -4 -7 -2 -2  2 -5 -5 -6 -7 -5 -6 -6 -7 -8 -3  4  7 -8 -6 -3    1   0   2   2   4   0   0   0   0   1   1   0   0   0   1  28  58   0   0   2  1.78 0.93
  231 F   -7 -9 -10 -10 -4 -10 -10 -7 -5 -7 -3 -10 -1 10 -10 -5 -7 -1 -1 -6    0   0   0   0   1   0   0   0   0   0   2   0   1  91   0   1   0   1   1   0  3.35 1.29
  232 M   -3 -5 -9 -10 -3 -5 -5 -7 -8 -3  1 -8 11 -7 -9 -2 -5 -8 -8 -4    2   1   0   0   1   0   1   0   0   2  10   0  77   0   0   4   1   0   0   1  3.12 1.30
  233 P    3 -8 -8 -7  1 -7 -7 -3 -8 -8 -8 -7 -8 -9  7  0 -1 -9 -9 -6   25   0   0   0   2   0   0   2   0   0   0   0   0   0  60   6   4   0   0   1  2.07 1.01
  234 K   -4  2 -7 -7 -5 -3 -6 -8 -7 -9 -6  8 -3 -4 -6 -4 -7 -9 -4 -4    2   8   0   0   0   1   0   0   0   0   1  83   1   1   0   1   0   0   1   2  2.49 1.15
  235 P   -6 -5 -8 -8 -9 -8 -8 -9 -3 -3 -5 -8 -8 -5  9 -6 -5  2 -1 -3    0   1   0   0   0   0   0   0   1   2   2   0   0   1  84   0   1   3   2   2  2.89 1.31
  236 L   -2 -2 -2 -2 -3 -4 -4 -5 -1  2  2 -4  1  6 -5 -1 -3  1  3  0    4   3   2   3   0   1   1   1   1  11  19   1   3  28   1   6   1   2   8   5  0.62 0.38
  237 F    1 -1  0  0 -2  0  1 -1  0 -2 -2  0  0  1  2  0  1 -1  1 -2   15   3   5   4   0   3   8   4   2   2   4   5   3   7  11   7   8   1   4   2  0.12 0.14
  238 G   -2 -4  3  5 -4 -1  1  4  1 -5 -5 -2 -3 -6 -5 -1 -1 -3 -4 -6    2   1  11  27   0   2   9  29   3   1   1   2   1   0   0   4   4   0   1   0  0.85 0.51
  239 V    0  0 -2  2  0  2  2 -2  1  0  0 -1  1  0 -4 -1 -2  1  0  0    7   5   1  11   2  10  16   3   3   5  10   3   3   4   0   4   2   2   3   6  0.13 0.16
  240 N    3 -2  3 -2 -1 -3 -1 -2  0 -4 -3 -3 -1 -1  4  1  0 -2 -2 -2   23   2  15   2   2   1   5   3   2   1   2   1   2   3  19  10   5   1   1   3  0.47 0.37
  241 G   -2 -4 -5 -7 -9 -8 -6  7 -8 -10 -9 -8 -9 -5 -4 -1 -4 -9 -9 -6    4   1   0   0   0   0   0  86   0   0   0   0   0   1   1   4   1   0   0   1  2.44 1.09
  242 S   -3 -7  6 -5  1 -3 -6 -7 -7 -5 -5 -6 -8 -9 -7  6 -3 -9 -8 -4    2   0  32   0   3   1   0   0   0   1   2   0   0   0   0  57   1   0   0   1  1.91 1.01
  243 G   -1 -8 -4 -5 -4 -4 -8  7 -8 -9 -9 -7 -8 -9 -5  2 -4 -9 -9 -6    5   0   1   1   0   1   0  74   0   0   0   0   0   0   1  16   1   0   0   0  2.08 0.99
  244 M   -1 -7 -5 -8  5 -3 -7  0 -1 -4  3 -7  8  0 -8 -3 -3  3 -2 -4    6   0   1   0  12   2   0   7   1   0  23   0  33   4   0   2   2   4   2   1  1.32 0.70
  245 H   -6 -3 -4 -5 -10 -4 -7 -7 11 -5 -6 -8 -8 -2 -5 -5 -5 -9 -5 -6    1   2   1   1   0   1   0   1  86   1   1   0   0   2   1   1   1   0   0   1  3.75 1.49
  246 F   -3 -6 -7 -7  1 -4 -6 -7  0  4  3 -6  2  2 -7 -3  0 -3 -1  3    1   0   0   0   3   1   0   0   3  21  25   0   5   9   0   2   7   0   2  22  0.84 0.46
  247 N   -4 -4  3 -6 -3 -2 -6 -3 11 -7 -8 -6 -3 -5 -9 -3 -4 -9 -2 -10    2   1  14   0   1   2   0   2  71   0   0   0   1   1   0   2   1   0   1   0  2.99 1.26
  248 M   -3 -5 -5 -6  0  5 -4 -6  2  3  2 -5  4  3 -7 -4 -3 -3 -3  2    2   0   0   0   2  22   1   0   4  14  19   0   8  12   0   1   1   0   0  12  0.81 0.51
  249 S   -3 -1 -2 -5 -2 -3 -4 -4 -3 -4 -5 -3 -5 -3 -7  7 -1 -1 -1 -6    2   4   2   0   1   1   1   1   1   1   1   1   0   1   0  74   4   1   2   0  1.71 0.96
  250 L   -2 -7 -8 -5  0 -7 -8 -8 -8  1  6 -7  1  0 -4 -7 -5 -7 -6  1    3   0   0   1   2   0   0   0   0   8  68   0   3   4   1   0   1   0   0   8  1.49 0.73
  251 F   -1  0 -2 -6 -1 -2 -2 -5  1 -2  0 -1  0  3 -6 -3 -1  9  0  0    5   6   2   0   2   2   2   1   4   3   8   3   2  11   0   3   4  31   3   7  1.09 0.57
  252 T   -3  1  1  6 -5  0 -1 -2 -2 -6 -5  3 -4 -5 -4  0 -1 -4 -4 -5    2   8   5  38   0   5   4   3   1   0   1  19   1   0   1   6   3   0   0   1  0.90 0.53
  253 E    1  0  2  3 -5  0  1  2  0 -4 -3  2 -3 -5 -1  0  0 -6 -4 -3   11   4   9  16   0   3  10  15   2   1   3  12   1   0   2   6   5   0   0   1  0.33 0.27
  254 E   -1 -3  1  4 -6 -1  2  4 -2 -6 -5  0 -4 -4 -4 -1 -2 -7 -5 -5    5   1   7  22   0   3  14  31   1   0   1   6   1   1   1   3   2   0   0   1  0.74 0.46
  255 G   -2  2  0 -1 -4  0  2  4  1 -5 -5  3 -3 -3 -4 -2  0 -6 -4 -3    2  10   3   3   0   4  13  32   3   0   1  15   1   1   0   3   6   0   0   2  0.60 0.40
  256 N   -4  0  8 -1 -5 -3 -3 -5 -2 -6 -7  1 -7 -7  1  0 -2 -8 -5 -6    2   5  61   3   0   1   1   1   1   0   1   7   0   0   7   6   2   0   0   1  1.67 0.84
  257 A    2 -3  3 -4 -2 -3 -2 -4 -5  2  3 -3 -1 -3  0 -2 -2 -2 -4  2   18   1  14   1   1   1   2   1   0  10  25   1   1   0   5   2   2   1   0  13  0.44 0.33
  258 F   -3 -5 -4 -6 -2 -5 -7 -7 -6 -1  2 -6  1  8 -6 -5 -4 -1 -2  0    2   1   1   1   1   0   0   0   0   4  15   1   4  59   1   1   1   1   1   7  1.80 0.79
  259 F    1 -3 -3 -2 -1 -3 -2 -3  2 -3 -2 -3  0  5 -3 -1 -1  2  5 -1   12   1   1   2   1   1   2   2   5   1   4   1   3  26   2   4   4   2  20   4  0.71 0.40
  260 D    1 -3  0  6 -2 -2  0 -1  2 -6 -4 -3 -3 -4 -1  0 -3 -2 -4 -4   13   1   4  47   1   1   5   6   4   0   2   1   1   1   3   6   2   1   1   1  0.98 0.54
  261 K    1 -1 -1  1 -2 -2  2  2 -3 -5 -3  1 -4 -4  4  0  0 -5 -5 -4   11   3   2   8   1   2  12  14   1   1   2   8   0   1  22   7   5   0   0   1  0.46 0.33
  262 E   -1 -1  2  4 -4  0  2  0  0 -4 -4  1 -5 -5 -2  1  1 -5 -4 -4    6   2  10  20   0   3  14   8   2   1   1   8   0   0   2  12   7   0   0   1  0.43 0.31
  263 G    1 -2 -1  4 -3 -1 -1  4  1 -5 -5  0 -3 -6 -2  0  0 -6 -4 -4   10   3   3  23   1   3   4  28   3   0   1   5   1   0   2   7   5   0   1   1  0.59 0.38
  264 E   -1  0 -1  1 -5  0  3 -1 -3 -4 -4  1 -3 -3  4  0 -1 -3  3 -4    5   5   3   7   0   3  20   6   1   1   2   7   0   1  18   6   4   0   9   1  0.45 0.33
  265 L    1 -1  0  1 -2 -1  0  0  3 -2  0 -1  0 -1 -1 -1  0  0  3 -2   14   3   5   9   1   2   6   8   6   1   9   3   2   3   3   5   5   1  12   2  0.13 0.15
  266 E   -1 -1  1  0 -3  1  0  5  2 -4 -4  0  0 -4 -1 -2 -2 -5 -3 -4    4   4   7   5   1   5   7  39   5   1   2   5   3   1   3   3   3   0   1   1  0.56 0.35
  267 L   -3 -4 -5 -4 -2 -5 -3 -4 -4  1  5 -4  4  0 -2 -4 -3 -1 -3 -1    2   1   0   1   1   0   2   2   1   8  56   1   8   4   3   2   1   1   1   4  1.00 0.50
  268 S   -3 -6 -2 -4 -2 -3 -4 -4 -3 -6 -5 -5 -4 -7 -2  7  1 -7 -6 -4    1   0   2   1   1   1   1   1   1   0   1   1   0   0   3  75   8   0   0   1  1.82 0.96
  269 K    0  0 -2  4 -6  3  3 -3 -3 -5 -4  2 -4 -6  2 -2 -1 -7 -6 -4    7   4   1  21   0  11  20   2   0   1   2  13   0   0  10   3   3   0   0   1  0.63 0.44
  270 T   -1 -1 -2 -3 -3 -1  0 -5 -3  2  2 -2  2 -1 -4 -3  3 -5 -4  1    6   3   1   1   0   3   6   0   1  13  22   2   4   3   1   1  22   0   0   9  0.42 0.32
  271 A    5 -4 -6 -6  2 -4 -5  4 -4 -4  0 -5  3  2 -6 -3 -4 -1 -3 -3   38   1   0   0   4   1   0  27   0   0  10   1   6   7   0   1   1   1   1   1  0.93 0.57
  272 Y   -2  5 -2 -2 -2  1  0 -3  1 -3  1  2  1 -3 -5 -2 -3 -3  2 -4    3  33   1   2   1   5   7   2   3   1  14  12   3   1   0   2   1   0   6   1  0.62 0.42
  273 H   -1 -1  1 -5 -3  2 -3 -3  8 -7 -6 -3 -4 -3 -7  2 -5  3  4 -7    6   4   7   0   1   9   2   3  33   0   0   1   1   1   0  12   0   4  14   0  1.28 0.71
  274 F    2 -8 -8 -9 -4 -8 -8 -7 -3 -5 -5 -8 -1  8 -9 -4 -6  4  5 -3   14   0   0   0   0   0   0   0   1   0   1   0   1  54   0   1   0   6  18   2  2.11 0.98
  275 L   -1 -5 -7 -8 -3 -7 -7 -7 -7  6  3 -7  3 -4 -7 -4 -2 -7 -6  3    4   1   0   0   0   0   0   0   0  44  22   0   6   0   0   2   2   0   0  18  1.29 0.63
  276 A    6 -6 -2 -5 -3 -5 -4  5 -4 -7 -7 -6 -7 -8 -7 -2 -4 -8 -7 -6   56   0   2   1   0   0   1  36   0   0   0   0   0   0   0   2   1   0   0   0  1.68 0.86
  277 G   -5 -5 -4 -7 -9 -8 -8  8 -8 -10 -10 -8 -9 -9 -8 -5 -8 -9 -9 -9    1   1   1   0   0   0   0  97   0   0   0   0   0   0   0   0   0   0   0   0  3.00 1.24
  278 M   -4 -6 -5 -7 -3  1 -6 -8 -5  5  4 -6  1 -5 -7 -6 -5 -2 -6  3    1   0   1   0   1   8   0   0   0  29  38   0   3   0   0   0   0   1   0  17  1.20 0.62
  279 L   -5 -5 -8 -8 -6  1 -6 -7 -6  1  6 -5  3 -2 -8 -5 -4 -7 -4 -1    0   0   0   0   0   7   0   0   0   7  71   1   6   2   0   1   1   0   0   3  1.55 0.77
  280 K    2  1  0  1 -4  0  2 -3  3 -6 -5  4 -4 -4 -5  0 -1 -6 -1 -3   16   7   4   8   0   3  14   1   7   0   1  25   0   1   0   5   4   0   2   2  0.52 0.39
  281 H   -3  0 -1 -6 -1 -4 -4 -4 10 -8 -3 -3 -2 -3 -6 -4  0 -4  3 -5    3   4   3   0   1   1   1   1  61   0   3   2   1   1   0   1   6   0   9   1  2.18 0.97
  282 A    5 -6 -4 -6 -2 -4 -5 -1 -4  1  2 -5  4 -2 -5  0 -1 -6 -5 -2   41   0   1   0   1   0   0   5   0   9  18   0  10   1   0   6   4   0   0   2  0.79 0.52
  283 R    0  4 -1 -2 -1 -1 -1 -2 -2 -5 -5  2 -4 -6  5 -1 -4 -4 -5 -5    9  24   3   2   2   3   4   4   1   1   1  11   0   0  32   4   0   0   0   1  0.91 0.55
  284 G    4 -4 -4  2 -5 -2  4  1 -4 -6 -7 -4 -3 -6 -3  1 -4 -7 -4 -5   38   0   0  11   0   1  26  10   0   0   0   0   1   0   1   8   0   0   0   1  0.94 0.60
  285 F    0 -6 -5 -7  0 -5 -6 -5 -5  4  4 -6  4  1 -6 -1 -2 -4 -3 -1    8   0   1   0   2   0   0   1   0  20  41   0  10   6   0   6   2   0   1   2  0.90 0.51
  286 T    1 -6 -2 -5  5 -1 -5 -5 -6 -2  0 -5  5 -1 -5  2  4 -6 -5 -2   12   0   2   0  11   3   0   0   0   1   8   0  16   2   0  12  27   0   0   3  0.85 0.56
  287 A    6 -5 -7 -7  0 -6 -6 -2 -7 -1  2 -6 -3 -4  0 -2 -4 -4 -4  0   57   0   0   0   2   0   0   3   0   4  18   0   0   1   4   2   0   0   0   7  1.12 0.66
  288 V   -4 -7 -8 -8 -4 -7 -7 -7 -7  4  3 -7  2  6 -5 -6 -5 -1 -2  3    1   0   0   0   0   0   0   0   0  21  26   0   5  29   1   0   0   1   1  16  1.25 0.61
  289 T    0 -5 -4 -6  1 -4 -5 -2 -1 -1  2 -5  1  4 -6 -1  4 -1  2 -1    9   0   0   0   3   1   0   3   1   2  17   0   3  15   0   4  28   1   6   4  0.61 0.44
  290 N    5 -4  6 -4  4 -4 -6 -3 -3 -6 -4 -5 -2 -6 -6  0 -1 -3 -5 -4   38   1  36   0   8   0   0   2   1   0   2   0   1   0   0   5   4   0   0   1  1.31 0.73
  291 P   -4 -6 -5 -7 -3  0 -7 -5 -6 -9 -9 -7 -6 -10  9  0 -4 -10 -6 -8    2   0   1   0   1   4   0   1   0   0   0   0   0   0  83   7   1   0   0   0  2.79 1.24
  292 T   -4 -4  2 -4 -2 -4 -5 -5  2 -1 -1 -5 -4 -2 -6  2  6  3 -1 -3    0   1  10   1   1   0   0   1   5   4   5   0   0   1   0  15  48   3   2   2  1.07 0.67
  293 I   -1 -4 -5 -6 -2 -4 -2 -6 -4  3 -2 -4 -2 -3  1 -4  2 -4 -2  5    6   1   0   0   1   1   3   0   1  18   3   1   0   1   8   1  12   0   2  42  0.87 0.52
  294 N   -5 -7  9 -4 -9 -3 -3 -6 -4 -5 -7 -6 -6 -9 -7 -5 -3 -10 -8 -6    1   0  90   1   0   1   2   0   0   1   1   0   0   0   0   0   1   0   0   1  3.00 1.28
  295 S   -1 -6 -5 -4  3 -6 -5 -1 -7 -8 -8 -6 -7 -8 -6  7 -3 -8 -7 -7    5   0   0   1   5   0   0   5   0   0   0   0   0   0   0  81   1   0   0   0  2.11 1.06
  296 F   -7 -6 -8 -9 -6 -6 -8 -9 -4 -5 -5 -8 -4  3 -9 -6 -8 -1 10 -5    0   0   0   0   0   0   0   0   0   0   1   0   0   9   0   1   0   1  86   1  3.37 1.35
  297 K   -3  5 -3 -1 -6 -1 -1 -5 -1 -7 -5  7 -5 -6 -6 -3 -4 -8 -6 -6    2  26   1   4   0   2   3   0   1   0   1  55   0   0   0   2   1   0   0   1  1.57 0.78
  298 R   -5  9 -6 -7 -9 -5 -6 -6 -6 -8 -8 -3 -5 -8 -8 -7 -7 -8 -7 -8    1  96   0   0   0   0   0   1   0   0   0   1   0   0   0   0   0   0   0   0  3.22 1.30
  299 L   -5 -4 -6 -7 -4 -5 -7 -7 -6  2  5 -6  1  4 -6 -5 -4 -3  2 -2    0   1   0   0   0   0   0   0   0   8  58   0   2  18   0   1   1   0   6   2  1.34 0.65
  300 V    0  2  0 -2 -2  2 -2  0  0  1 -1  0 -1 -3 -4 -2 -1  0 -3  4    7  10   4   2   1  10   2   8   2   6   4   4   1   1   0   2   4   2   0  29  0.27 0.26
  301 P    1 -1 -3  0 -4 -3 -1 -2 -2 -5 -4 -1 -3 -6  7  0 -1 -7 -5 -4    9   3   1   6   0   1   4   4   1   0   2   4   1   0  50   7   3   0   0   2  1.17 0.62
  302 G   -1 -1  2  1 -4  0 -1  5  3 -5 -5 -2 -4 -2 -4 -2 -3 -3  0 -5    5   3   9   8   0   4   3  44   7   1   1   2   0   2   1   2   1   0   4   1  0.78 0.44
  303 Y   -1 -2 -1 -3 -1 -2 -2 -2  2 -2 -2 -2  1  4 -3  3  1  1  4 -3    6   2   2   1   2   2   3   4   4   2   4   2   3  18   1  20  10   2  12   1  0.41 0.33
  304 E   -2 -3 -3 -1 -1 -3  4 -3  0 -5 -2 -3 -3  4 -6 -2 -3  8  1 -5    3   2   1   3   1   1  31   2   2   0   5   1   1  15   0   3   1  22   4   1  1.16 0.61
  305 A    7 -6 -5 -4 -1 -5 -4 -4 -3 -4 -6 -5 -6 -7 -4  1 -1 -7 -6 -1   73   0   0   1   1   0   1   1   1   1   0   0   0   0   1  10   4   0   0   5  1.60 0.83
  306 P   -4 -5 -7 -7 -5 -5 -7  0 -8 -8 -7 -7 -5 -9  9 -2 -6 -9 -8 -8    1   1   0   0   0   1   0   9   0   0   1   0   0   0  83   3   0   0   0   0  2.80 1.21
  307 C    1 -1  0  0  0 -2 -2 -2 -3  1 -1 -1  0 -2 -3  0  3 -1 -1  3   11   3   4   4   2   1   2   2   0   9   3   3   2   1   1   6  19   1   2  23  0.27 0.25
  308 Y   -1  1  3 -3 -3 -1 -2 -2  3 -3 -3  0 -2  2 -5  0  0  0  5 -2    6   7  15   1   1   3   2   3   7   1   3   5   1   7   0   6   7   1  22   3  0.49 0.35
  309 I    2 -1 -3 -4 -2 -1 -4 -4 -5  4  1 -2 -1 -3  0 -2  0 -6 -3  3   15   3   1   1   1   3   0   1   0  24  13   2   1   1   5   2   4   0   0  21  0.47 0.33
  310 A    2 -3  1 -1  5 -2 -3 -1 -1 -2 -3 -2 -1 -1 -5  3  2 -6 -4  0   17   1   6   3  14   1   1   5   1   2   1   2   1   3   0  19  15   0   0   6  0.49 0.37
  311 W   -5 -9 -10 -10 -4 -8 -6 -5 -4 -6 -5 -9 -6  0 -10 -6 -7 12  4 -4    1   0   0   0   0   0   1   1   0   0   1   0   0   3   0   1   0  76  12   2  3.96 1.49
  312 S    1 -5 -5 -4 -7 -6 -5  6 -7 -4 -7 -6 -7 -6 -7  3 -2 -8 -7 -6   10   1   0   1   0   0   0  60   0   1   0   0   0   0   0  23   2   0   0   0  1.61 0.81
  313 G   -1  1 -1 -1 -2 -1 -1 -1  2  0  0  0  0  1  0 -1 -1  1  3  1    6   9   3   4   0   2   3   4   5   7   8   5   3   4   4   4   3   2  13   9  0.08 0.11
  314 K   -2  1  3  5 -6  0  2  0 -1 -4 -4  0 -2 -5 -4 -1 -2 -6 -3 -3    4   8  12  30   0   4  13   8   1   1   1   4   1   0   1   4   3   0   1   2  0.60 0.39
  315 N   -5 -4  9  1 -6 -6 -2 -4  1 -9 -7 -5 -8 -9 -8 -2 -3 -9 -6 -7    1   1  80   6   0   0   2   1   3   0   1   0   0   0   0   3   1   0   0   0  2.53 1.11
  316 R   -5  8 -5 -6 -5 -3 -5 -5 -4 -7 -5  0 -6 -6 -5 -4 -6 -8 -4 -8    1  86   1   0   0   1   0   1   0   0   1   4   0   0   1   1   0   0   1   0  2.64 1.15
  317 S   -1 -3  0 -3 -3 -2  1 -1 -1 -6 -4 -3 -1 -3 -4  4  5 -7 -4 -5    5   1   4   1   1   1   9   6   2   0   1   1   2   1   0  35  30   0   0   0  0.88 0.59
  318 P    5 -4 -3 -3  4  0 -4 -4 -1 -4 -4 -5 -5 -2 -1  0  2 -6 -5  2   43   1   1   1   8   4   1   1   2   0   1   0   0   2   3   7  11   0   0  15  0.81 0.53
  319 L    4 -5 -5 -5  0 -4 -5  0 -5 -2  3 -5  5 -1 -1  0 -2 -3 -1 -2   31   0   0   0   2   0   0   8   0   1  24   0  13   2   4   8   2   0   2   2  0.64 0.46
  320 V   -3 -7 -7 -8  1 -7 -7 -8 -6  5  3 -7  0  2 -7 -6 -4 -3 -2  4    2   0   0   0   3   0   0   0   0  34  23   0   1   8   0   0   0   0   1  27  1.23 0.60
  321 R   -7  9 -6 -8 -2 -3 -6 -8 -3 -6 -8 -3 -7 -9 -8 -7 -6 -9 -6 -8    0  95   0   0   1   1   0   0   1   1   0   1   0   0   0   0   0   0   0   0  3.18 1.31
  322 V   -2 -6 -7 -7 -1 -5 -7 -5 -7  6  0 -6 -1 -2 -6 -5 -3 -6 -3  5    4   0   0   0   1   1   0   1   0  36   9   0   1   1   0   1   1   0   1  42  1.34 0.64
  323 P   -2 -3 -4 -4 -1 -4 -5 -6 -4  0 -2 -1 -3 -5  8 -2 -3 -6 -6 -1    3   2   1   1   2   1   0   0   0   6   5   4   1   0  63   3   2   0   0   5  1.66 0.78
  324 S    2  0  0  0 -1 -1  0  2  0 -1 -2 -1  0 -3  0  1  0 -4 -2  0   18   4   5   4   1   3   5  14   3   3   3   3   3   1   5  11   7   0   2   8  0.13 0.14
  325 S    0 -1  1  0 -2 -2  0  3  0 -3 -3 -1 -3 -1  0  2  0 -3  3 -2    7   3   6   5   1   1   6  23   2   1   2   3   1   2   4  14   6   0  11   2  0.28 0.24
  326 R    0  3  1  1 -2 -1  0  1  2 -3 -4  1 -3 -2  1  2 -1 -3 -2 -3    6  17   6   8   1   2   5   9   5   2   1   9   0   2   7  14   3   0   1   1  0.26 0.22
  327 G    0 -2 -1  1 -5 -2  1  4 -2 -5 -5  0 -4 -4  4 -1 -2 -5 -4 -4    8   2   3   7   0   2  11  28   1   1   1   7   0   1  22   3   3   0   1   1  0.63 0.39
  328 L    1  0  1  2 -1  1  2  1 -1 -2 -4  2 -3 -4  0  1 -1 -5 -3 -2   11   5   7  11   1   5  12   9   1   2   1  16   1   0   5   9   2   0   1   2  0.26 0.21
  329 S    3  0  1  0 -3 -1 -1  1 -1 -3 -3 -1 -3 -3 -1  3  0 -5 -2 -3   26   5   6   6   0   2   3  12   1   1   2   4   0   1   3  19   6   0   2   1  0.34 0.28
  330 T    1  2 -2 -4  0 -2 -2  0 -3 -1 -1  1  1 -3 -3  0  4 -5 -3 -1   13  10   2   0   2   2   1   8   1   4   5  10   4   1   1   6  26   0   0   4  0.33 0.29
  331 R   -5  8  1 -4 -6 -4 -5 -5  3 -5 -6 -2 -1 -2 -6 -3 -4 -4  0 -4    1  69   7   1   0   0   0   1   6   1   1   2   1   2   0   2   1   0   4   2  1.88 0.88
  332 L   -2 -7 -7 -8  0 -7 -7 -7 -6  6  2 -7  2  4 -7 -6 -5 -2 -4  3    4   0   0   0   2   0   0   0   0  39  17   0   4  14   0   0   0   1   0  19  1.23 0.60
  333 E   -7 -6 -6 -4 -10 -3  8 -8 -6 -7 -9 -3 -4 -10 -7 -5 -5 -9 -8 -6    0   0   0   0   0   1  95   0   0   0   0   1   0   0   0   0   1   0   0   0  2.92 1.31
  334 L   -4 -5  3 -4  3 -4 -5 -6  4  1  2 -5 -1  3 -6 -3 -4  2  3  1    1   0  15   1   5   0   0   0  10   7  20   0   1  14   0   1   1   3  10  11  0.69 0.43
  335 R   -6  8 -3 -7 -9 -3 -5 -8 -6 -9 -6  1 -4 -9 -8 -4 -4 -9 -8 -8    0  86   1   0   0   1   1   0   0   0   1   7   1   0   0   1   1   0   0   0  2.75 1.18
  336 S    1 -3  0 -4  3 -3 -4 -2 -2  2  1 -4  1  0  0  2  1 -1 -2  2   11   1   5   0   5   1   0   2   1  11  13   0   3   4   4  16   7   1   1  13  0.22 0.23
  337 V    2 -7 -6 -6 -2 -6 -6  1 -4 -2 -4 -6 -3 -2  7  0 -4 -8 -7  0   19   0   0   0   1   0   0  12   0   3   2   0   1   2  48   6   1   0   0   6  1.34 0.73
  338 D   -2 -6 -4  7 -4 -6 -2  4 -7 -9 -9 -6 -8 -9 -7 -1 -5 -9 -8 -8    4   0   0  63   0   0   3  25   0   0   0   0   0   0   0   4   0   0   0   0  1.97 0.92
  339 P    4 -6 -2 -6 -1 -5 -6  2 -5 -4 -6 -5 -3 -6  5  1 -3 -8 -7 -3   38   0   2   0   2   0   0  15   0   1   1   0   1   0  28  10   1   0   0   2  1.16 0.67
  340 S    2 -5 -3  4  1 -4 -3 -1 -5 -5 -1 -4  1 -6 -5  3  2 -7 -5 -4   18   0   0  25   3   0   0   4   0   0   6   1   4   0   0  23  14   0   0   1  0.75 0.52
  341 A    5 -6 -4 -7  7 -6 -6 -1 -7 -1 -3 -6  0 -4 -6  1  0 -7 -6  0   43   0   1   0  23   0   0   5   0   3   2   0   2   1   0   8   5   0   0   7  1.24 0.66
  342 N   -7 -7  9 -3 -3 -3 -5 -7  0 -10 -10 -6 -8 -9 -8 -3 -5 -10 -8 -9    0   0  93   1   1   1   0   0   2   0   0   0   0   0   0   2   0   0   0   0  3.22 1.32
  343 P   -5 -8 -8 -8 -9 -6 -7 -7 -5 -2 -5 -7 -6 -5  9 -4 -5 -10 -7 -3    1   0   0   0   0   0   0   0   0   3   1   0   0   1  89   1   1   0   0   3  3.01 1.28
  344 Y   -7 -8 -7 -9 -9 -8 -8 -9  4 -8 -7 -8 -7 -1 -9 -7 -8 -4 10 -8    0   0   0   0   0   0   0   0   9   0   0   0   0   1   0   0   0   0  88   0  3.62 1.42
  345 L   -6 -7 -9 -9 -6 -6 -8 -9 -6  1  7 -8 -1 -1 -8 -8 -4 -3 -3 -3    0   0   0   0   0   0   0   0   0   6  86   0   1   3   0   0   1   0   1   1  2.02 0.89
  346 A    5 -5 -3 -6  0 -3 -5 -1 -4 -2  0 -4 -1 -2 -5  0  0 -5  0  2   46   0   1   0   2   1   0   5   0   2  10   1   1   1   0   6   5   0   3  15  0.72 0.48
  347 M   -1 -6 -6 -7 -1 -3 -5 -6 -1  2  4 -6  3  5 -5 -4 -1 -4  1  0    5   0   0   0   1   1   0   0   1  12  33   0   6  24   0   1   3   0   5   6  0.85 0.46
  348 A    6 -6 -6 -5 -3 -4 -6  0 -4 -5 -5 -5 -3 -6 -4  1  0 -8 -4 -5   72   0   0   0   1   1   0   6   0   0   1   0   1   0   1  10   5   0   1   0  1.59 0.83
  349 V    5 -6 -6 -6  0 -5 -5  1 -6 -3  1 -5  0 -4 -5  0 -2 -6 -4  2   50   0   0   0   2   0   0   9   0   1  12   0   2   1   0   8   2   0   1  12  0.91 0.56
  350 L   -1 -5 -4 -5  0 -1 -5 -6 -5  4  3 -5  5 -2 -6 -1  1 -5 -1  2    4   0   1   0   2   4   0   0   0  23  24   0  13   1   0   4   8   0   2  13  0.69 0.41
  351 L   -4 -7 -8 -8 -4 -6 -7 -8 -5  5  5 -7  0 -2 -7 -7 -4 -6 -4  1    1   0   0   0   0   0   0   0   0  25  60   0   2   1   0   0   1   0   0   8  1.51 0.70
  352 K    5 -1 -3 -5 -3 -1 -1 -1  0 -2 -1 -1  3 -2 -5 -1 -2 -3  1 -2   50   3   1   0   0   3   3   5   3   2   6   3   7   1   0   4   2   0   5   2  0.69 0.47
  353 A    7 -7 -6 -7  2 -6 -6  0 -5 -6 -5 -6 -4 -6 -6  1 -2 -8 -6 -5   76   0   0   0   4   0   0   7   0   0   1   0   0   0   0   8   2   0   0   0  1.79 0.89
  354 G    0 -7 -6 -7 -2 -7 -7  7 -7 -1 -6 -7  1 -5 -7 -4 -5 -8 -8 -2    7   0   0   0   1   0   0  80   0   4   0   0   4   1   0   1   1   0   0   3  2.08 0.91
  355 L   -2 -3 -6 -5 -3 -5 -4 -7  1  2  5 -6  3 -1 -7 -6 -4  0  0 -1    4   2   0   1   0   0   1   0   3  12  60   0   6   2   0   0   1   1   3   3  1.13 0.57
  356 S   -2 -1 -3  7 -5 -1  1 -5  3 -4 -2  0 -4 -5 -6 -3 -4  1  1 -5    3   3   1  51   0   3   9   0   7   1   5   6   0   0   0   2   1   2   5   0  1.14 0.61
  357 G   -4 -8 -4 -7 -8 -8 -8  8 -8 -9 -9 -7 -5 -9 -8 -6 -7 -8 -9 -9    1   0   1   0   0   0   0  98   0   0   0   0   0   0   0   0   0   0   0   0  2.96 1.17
  358 I   -5 -7 -8 -8 -6 -6 -7 -8 -8  7  2 -7  2 -4 -7 -7 -5 -7 -4  2    0   0   0   0   0   0   0   0   0  65  15   0   5   0   0   0   0   0   0  13  1.88 0.79
  359 K   -2  3 -1  1 -5  1  5 -4 -2 -3 -4  3 -2 -4 -5 -2 -1 -6 -5 -3    4  16   2   7   0   6  35   1   1   2   1  18   1   1   0   2   4   0   0   2  0.78 0.48
  360 D   -2  4  5  0 -6  2  2 -3  2 -6 -5  2 -4 -6 -5 -2 -2 -7 -5 -6    2  20  28   4   0   7  11   2   5   0   1  13   0   0   0   2   2   0   0   0  0.86 0.50
  361 E   -1  2  1 -1 -5  2  1  1  0 -6 -5  5 -3 -6 -4 -2 -4 -6 -5 -6    4   9   7   3   0   7  10  12   2   0   1  39   0   0   1   3   0   0   0   0  0.82 0.50
  362 L   -2 -3 -4 -4 -2 -4 -3 -5 -4  4  5 -4  3 -3 -4 -3 -1 -3  0 -1    4   2   1   1   1   0   2   1   0  21  48   1   6   0   1   1   3   0   4   3  0.85 0.46
  363 T   -1 -2 -1  5 -6  0  4 -4  0 -3 -4  0 -3 -6  1 -1  0 -6 -4 -3    4   2   2  28   0   3  26   1   2   1   2   6   1   0   8   5   6   0   0   2  0.67 0.42
  364 P   -1 -5 -5 -5  0 -5 -5 -6 -6 -3  3 -5 -2 -4  7 -5 -4 -6 -6 -3    6   0   0   0   2   0   0   0   0   2  26   1   1   1  56   1   1   0   0   2  1.68 0.77
  365 P   -2 -3 -3 -1 -4 -2 -2  4 -3 -3 -5 -3 -2 -5  6 -1 -1 -4 -4 -4    3   1   1   4   0   2   3  29   1   2   1   1   1   1  39   5   4   0   1   1  1.06 0.54
  366 A    2 -2 -1  2 -5  0  3 -2 -3 -4 -4  0 -4 -5  4 -2 -2 -5 -4 -3   15   1   2  12   0   4  23   2   0   1   2   6   0   0  23   3   2   0   0   2  0.65 0.40
  367 P    1 -2 -4 -4 -3 -2  0 -3 -2 -3 -3 -2 -1 -5  7 -2 -4 -5 -3 -3   12   3   1   1   1   2   7   2   1   2   2   2   1   1  56   3   1   0   1   2  1.36 0.63
  368 V    0 -2 -2 -3  1 -1 -2 -2 -1  2  1 -2  1  1 -3 -1  1 -1  0  3    8   2   2   1   3   2   3   3   1  13  11   1   4   5   1   5   7   1   3  24  0.20 0.16
  369 D   -1 -1  1  3 -3  0  3 -1 -1 -2 -3  0 -1 -3 -2  0  1 -4 -3 -1    5   3   6  18   0   4  21   3   2   2   2   5   1   1   2   7  11   0   1   6  0.31 0.23
  370 R   -1  0 -2  0 -2 -1  2  4 -2 -1 -2  1 -1 -1 -2  0 -1 -3 -2  0    4   6   1   6   1   2  13  32   1   4   3   7   1   2   1   5   3   0   1   6  0.32 0.22
  371 N   -3 -3  6  5 -3 -3 -1 -2 -3 -4 -4 -2 -3 -4 -2  1 -3 -4 -3 -3    3   2  38  29   1   1   3   3   1   1   2   2   1   1   2   8   1   0   1   2  1.10 0.50
  372 I    3 -3 -3 -3 -2 -2 -2 -1 -3  1  1 -3  1 -1  3 -1 -1 -3 -1  1   23   1   1   1   0   1   2   5   0   9  14   1   3   2  13   4   4   0   2  12  0.29 0.20
  373 Y   -1 -2 -2 -1 -2 -2 -2 -1  1 -3 -3 -3 -3  3 -3  0 -3  0  8 -3    6   3   2   3   1   2   3   6   3   1   3   1   0   9   1   6   2   1  44   2  1.00 0.46
  374 G    0  0  0  2 -2  0  2  0  2 -2 -1  1 -1 -2 -1  0  1 -3 -2 -2   10   4   4  13   1   3  13   7   6   2   7   8   1   1   2   7   8   0   1   3  0.14 0.11
  375 M   -1 -1 -1  0 -2  0 -1 -1 -1  0  3 -1  3  0 -1 -1 -1  0  0  0    6   3   2   5   1   5   4   4   1   4  28   4  10   3   4   4   3   1   3   5  0.14 0.12
  376 N   -1 -1  0  1 -2 -1  0  0  0 -1 -2 -1 -2 -2  2  3  2 -3 -2 -1    5   3   4  10   1   2   5   7   2   3   4   3   1   1  11  20  14   0   1   3  0.23 0.17
  377 E    1 -1 -1  2 -2  0  3 -1 -1 -2 -2  0 -2 -3  3  0 -1 -3 -2 -1   11   3   3  12   1   5  19   4   2   2   4   5   1   1  12   6   4   0   2   4  0.25 0.16
  378 E    1  0  0  1 -2  1  3 -1  0 -1 -2  0 -2 -2 -1  0  0 -1 -2 -1   13   4   3   9   1   6  22   5   2   3   4   5   1   2   3   7   4   1   1   4  0.18 0.13
  379 E   -1  0 -1  1 -2  1  4  0 -1 -2 -2  0 -2 -2  0 -1  0 -2 -2 -1    5   4   2   6   1   6  32   8   1   2   4   6   1   2   4   4   5   1   1   4  0.31 0.18
  380 R   -1  4 -1 -1 -2  1  0 -1  0  0  1  1  0 -2  0 -1 -1 -2 -1 -1    5  22   3   3   1   5   5   4   2   7  15   8   2   2   4   4   3   1   2   3  0.16 0.11
  381 E    1  1  0  0 -1  0  2 -1 -1 -2 -1  2 -1 -1 -1  0  0 -2 -1 -1   13   8   4   6   1   3  12   5   1   2   5  14   1   3   3   7   5   0   2   4  0.11 0.09
  382 A    1  1  0  0 -2  1  1 -1  0 -1 -1  2 -2 -2 -1  0 -1 -1 -2 -1   16   8   4   6   1   5  11   4   2   3   5  14   1   2   3   6   4   1   1   5  0.12 0.10
  383 T    0  2  0 -1 -1  0  0 -1  0 -1  0  0  0 -1  0  0  0 -1  0 -1   10  13   4   3   1   4   7   5   3   3  11   6   3   2   4   6   6   1   3   4  0.05 0.05
  384 G    0  0  1  1 -2 -1  0  4  1 -2 -2  1 -2 -3 -1  0 -1 -3 -2 -2    7   5   7   7   1   3   5  29   3   2   3   8   1   1   2   7   4   0   1   2  0.29 0.16
  385 I    0 -2 -1 -2 -1 -2 -2 -2 -2  4  1 -2  0  0 -1 -2 -2 -2  0  2    8   2   3   3   2   1   2   3   1  28  14   3   2   4   4   3   2   0   3  13  0.30 0.18
  386 Y    0  1 -1  1 -4  1  1  0 -1 -2 -3  2 -3 -2  3 -1  0 -4 -2 -2    6   9   3   7   0   5  11   7   1   3   3  12   0   2  16   4   5   0   2   3  0.25 0.18
  387 D    0  3 -2 -1 -3  1  0 -3  0 -1 -1  1  1 -1  2  1  1 -2 -2 -1    6  16   1   3   0   7   6   1   2   3   5   7   3   3   9  13   9   0   1   4  0.19 0.18
  388 L   -4 -6 -7 -7 -4 -5 -7 -7 -7  1  6 -7  1 -1 -5 -6 -3 -6 -5  1    1   0   0   0   0   1   0   0   0   6  74   0   2   3   1   0   1   0   0   9  1.60 0.73
  389 P   -2 -8 -8 -7  0 -7 -7 -8 -5 -9 -9 -7 -8 -9  9 -5 -5 -9 -7 -8    4   0   0   0   2   0   0   0   0   0   0   0   0   0  90   1   1   0   0   0  3.21 1.35
  390 E    0  3 -1 -1 -3  1  0  1  0 -2 -1  1 -2 -3 -2  1  2 -4 -2 -2    9  18   2   3   0   5   6   9   2   2   5   8   1   1   1  10  12   0   1   2  0.22 0.21
  391 S   -3 -3  4  2 -6 -4 -4 -4  0 -6 -6 -4 -6 -6 -6  5  4 -8 -5 -6    1   2  18   9   0   1   1   1   2   0   0   0   0   0   0  37  27   0   0   0  1.22 0.71
  392 L   -5 -7 -9 -9 -7 -5 -8 -9 -6 -1  6 -7  2  0 -6 -8 -6  5 -5 -4    1   0   0   0   0   0   0   0   0   4  79   0   5   4   0   0   0   6   0   0  1.94 0.88
  393 G    0  1 -1  1 -3  0  2  2  0 -2 -1  1 -1 -1  0  0 -1 -1 -1 -3    7   9   2   8   1   3  15  15   2   2   6   8   2   2   5   7   3   1   2   1  0.16 0.16
  394 H    0 -3 -3  3 -6  1  6 -4 -1 -7 -5 -3 -3 -8 -4 -2 -1 -5 -7 -4    8   1   1  16   0   6  53   1   1   0   1   1   1   0   1   3   3   0   0   1  1.25 0.70
  395 A    7 -7 -7 -7 -3 -7 -7 -3 -7 -7 -7 -7 -7 -8 -7  1 -4 -8 -8 -3   85   0   0   0   0   0   0   2   0   0   0   0   0   0   0   9   1   0   0   2  2.24 1.06
  396 L   -1 -5 -6 -7 -4 -6 -6 -6 -6  4  5 -4  1 -4 -7 -6 -2 -5 -4  2    5   0   0   0   0   0   0   1   0  21  52   1   2   0   0   0   3   0   1  12  1.16 0.58
  397 I    1  1  0  4 -5  1  3 -3 -1 -4 -4  1 -4 -4 -4 -1 -1 -6 -2 -3   12   8   4  24   0   5  21   2   1   1   2   7   0   1   0   5   4   0   1   1  0.55 0.38
  398 E    4  1  0 -2  1 -2  2 -4  0 -1  0 -2 -3 -2 -5 -1 -2 -4 -1 -2   34   8   4   2   3   1  16   1   2   4  11   2   0   2   0   3   2   0   2   2  0.41 0.35
  399 L    1 -7 -8 -8 -3 -7 -7 -8 -7 -4  5 -7  2  6 -8 -6 -3 -2 -2 -4   11   0   0   0   1   0   0   0   0   0  51   0   5  28   0   0   2   1   1   0  1.49 0.72
  400 E    0  1 -1  1 -6  1  5 -3  0 -5 -4  2 -2 -6 -5 -1 -2 -5 -4 -4    8   8   3   7   0   4  39   2   2   1   2  12   1   0   0   5   2   0   0   1  0.73 0.48
  401 K    2  1  2  0 -3  2  2  0 -1 -5 -5  3 -5 -6 -5  1 -2 -3 -5 -4   17   8  11   4   0   9  12   7   2   0   0  16   0   0   0  10   1   0   0   1  0.46 0.36
  402 D   -3 -6  0  7 -1 -5 -4 -2 -3 -8 -8 -5 -8 -8 -6  5 -5 -9 -8 -8    2   0   5  48   1   0   1   3   1   0   0   0   0   0   0  39   0   0   0   0  1.75 0.89
  403 D    0  0  0  3 -6  1  3 -3  0 -5 -5  2 -4 -6  1  0  2 -6 -5 -3    8   4   4  13   0   5  22   2   2   0   1  12   0   0   8   7  11   0   0   1  0.48 0.36
  404 I    0 -3 -5 -3 -2 -5 -3 -5 -5  1  2 -4  0  5 -3 -4 -2  2  1  3    7   1   0   1   1   0   2   1   0   8  18   1   2  25   1   1   3   2   4  21  0.65 0.38
  405 I    1 -6 -5 -7 -1 -5 -6 -5 -6  3  4 -6  3  1 -6 -4 -3 -5 -2  2   14   0   0   0   1   0   0   0   0  14  39   0   7   5   0   1   2   0   1  15  0.86 0.47
  406 R   -1  5 -1 -4  1  1 -1 -3  0 -2 -2  4 -1 -5 -2 -2  0 -4 -4 -1    6  28   2   0   3   6   4   2   2   2   5  21   2   0   2   3   6   0   0   4  0.53 0.37
  407 D    0  1  1  3 -6  1  4  0 -2 -6 -5  1 -5 -6 -3  0 -1 -5 -4 -5    8   7   5  17   0   4  29   6   1   0   1   9   0   0   1   7   5   0   0   0  0.59 0.40
  408 G    3 -4 -4 -4  0 -3 -3 -2 -2  1  0 -3  0 -1 -5 -1  1 -1  2  3   28   1   1   0   2   1   1   3   1   8   9   1   2   2   0   3   7   1   7  21  0.43 0.33
  409 L   -6 -7 -6 -8 -6 -7 -8 -7 -7  1  5 -7  2  6 -7 -7 -6 -3 -1 -2    0   0   0   0   0   0   0   0   0   6  52   0   5  32   0   0   0   0   2   2  1.67 0.76
  410 G   -5 -7 -2 -2 -7 -6 -5  7 -3 -8 -7 -6 -6 -5  2  0 -1 -8 -8 -8    0   0   2   2   0   0   1  72   1   0   0   0   0   1  10   6   5   0   0   0  1.84 0.87
  411 E    0  0 -1  4 -7  0  4 -3 -3 -6 -6  2 -4 -6  2 -1 -2 -5 -4 -5    8   4   3  20   0   3  30   2   1   0   0  10   0   0   9   5   2   0   1   0  0.73 0.47
  412 H   -1  1 -1  4 -5  0  4 -1  4 -4 -3 -1 -3 -2 -1 -1 -1 -3 -3 -2    6   7   2  20   0   4  23   4   9   1   3   4   1   2   3   5   4   0   1   3  0.46 0.34
  413 I   -2 -6 -4 -7 -4 -4 -6 -5 -5  2  3 -7  2  6 -7 -6 -3 -5  1  2    4   0   1   0   0   1   0   1   0  11  27   0   4  32   0   0   2   0   4  12  1.06 0.54
  414 F   -1 -2 -5 -6  1 -2 -5 -5  1  3  1 -3 -1  2 -4 -2 -1 -1  2  4    6   2   0   0   3   2   0   0   4  19  12   2   1   9   1   3   3   1   6  26  0.51 0.33
  415 E   -2  2  1  4 -5  1  4 -2  1 -7 -6  2 -4 -6 -3 -1 -1 -7 -4 -5    4  10   7  22   0   5  23   3   3   0   0  10   0   0   1   5   4   0   0   1  0.67 0.43
  416 H    1  0  0 -2 -1 -1  0 -2  4 -1 -1  0  0 -1 -4  0  1  1  1  0   14   5   5   2   2   2   5   2  11   4   6   7   2   2   0   8  10   2   5   7  0.15 0.17
  417 F   -7 -8 -8 -9 -8 -6 -8 -9 -3 -1  0 -8 -5  7 -9 -8 -7  5  8 -3    0   0   0   0   0   0   0   0   0   3   8   0   0  35   0   0   0   6  45   2  2.31 0.99
  418 I    1 -3 -5 -4  0 -3 -5 -3 -4  4  3 -3  1 -1 -5 -2  0 -4 -2  2   11   2   0   1   2   1   0   2   0  23  25   2   2   2   0   3   7   0   2  16  0.52 0.33
  419 E    3  1 -1  1 -3  0  3 -1  1 -2 -3  2 -2 -5 -4  0  0 -3 -3 -3   23   8   3   7   0   4  18   4   3   2   2  10   1   0   0   7   6   0   1   1  0.36 0.30
  420 A    0 -3  0 -3  1 -2 -2 -3 -2  2  2 -3  2 -1 -5 -1  1 -3  0  2    9   1   4   1   3   2   3   2   1  12  21   1   6   2   0   4   9   0   3  16  0.25 0.22
  421 K   -1  3 -5 -6 -6 -2 -4 -5 -6 -7 -5  7 -4 -5 -7 -5 -6 -5 -5 -5    6  16   0   0   0   2   1   1   0   0   1  70   0   1   0   1   0   0   0   1  1.98 0.94
  422 T   -3  5 -1 -3 -4  2  2 -4  0 -3 -2  2  2 -5 -6 -2 -1 -1 -3 -4    2  35   2   1   0   8  14   1   2   2   5  13   4   0   0   3   4   1   1   1  0.76 0.48
  423 I    2  1  0  0 -3  2  1 -3  2 -1 -2  2 -1 -1 -4  0 -1  3 -2 -2   17   7   4   5   0   9   9   2   5   3   4  13   2   3   0   7   3   4   1   2  0.22 0.21
  424 E   -5 -6 -6  0 -9 -1  8 -8 -3 -9 -7 -5 -3 -9 -7 -6 -6 -9 -8 -6    1   0   0   4   0   3  89   0   1   0   0   0   1   0   0   0   0   0   0   1  2.66 1.20
  425 C   -1 -4 -5 -5  1 -2 -4 -6  0  3  1 -6 -1  0 -7 -4 -5 10  1  1    5   1   1   1   3   2   1   0   3  14  14   0   1   3   0   2   0  32   5  10  1.30 0.63
  426 D    1  2  1  3 -4  1  3 -2 -1 -3 -3  1 -2 -4 -4  0 -2 -3 -3 -3   14  10   8  16   0   7  19   2   1   2   3   7   1   1   0   5   2   0   1   1  0.38 0.30
  427 M    1  3 -1  1 -3  2  3 -4  1 -3 -2  0 -1 -3 -2  0 -1 -6 -2 -3   13  18   2   8   1   7  21   1   3   1   5   5   2   1   2   5   3   0   1   1  0.39 0.31
  428 F   -3 -6 -5 -7 -4 -4 -6 -6  0 -1  0 -7  0  6 -8 -3 -6  3  7 -1    2   0   1   0   0   1   0   0   2   4   7   0   2  32   0   2   0   4  35   5  1.56 0.73
  429 R    0  3  2  0  1  2  2 -3  3 -2 -1  0  0 -2 -4  1 -1 -1 -2 -3    8  14   8   5   3   8  11   1   6   2   6   5   3   2   0   9   4   1   1   1  0.23 0.22
  430 T    1  3  1  0 -3  1  0 -1 -1 -2 -1  2 -1 -4 -4  2  1 -5 -3 -2   12  14   6   5   0   6   7   4   1   2   5  11   1   0   0  14   8   0   1   2  0.24 0.23
  431 A    2  2 -2 -3 -1  3  1 -3  4 -2 -3 -1 -2 -2 -4  0  2  0  1 -1   16  10   1   1   1  12  10   1  11   2   2   3   1   2   0   5  11   1   4   5  0.34 0.30
  432 V   -5 -6 -7 -4 -5 -7 -6 -6 -6  4 -3 -4 -2 -4  3 -4 -2 -8 -4  6    1   0   0   1   0   0   0   0   0  20   1   1   1   1  14   1   2   0   1  55  1.47 0.73
  433 H   -4 -5 -2 -1 -3 -5 -4 -4  6 -5 -6 -4 -5 -5 -2  3  6 -5 -6 -5    1   0   1   3   1   0   1   1  15   0   1   1   0   1   2  22  48   0   0   1  1.47 0.80
  434 P   -1 -2 -1  5 -6  1  2 -5 -3 -7 -7 -2 -6 -8  5  0 -3 -5 -7 -5    6   2   3  33   0   6  12   1   1   0   0   2   0   0  25   6   2   0   0   1  1.08 0.61
  435 W   -2 -2 -9 -6 -8 -3 -4 -8 -2 -2 -1 -3 -1  1 -8 -7 -4 12  3 -2    4   2   0   1   0   1   1   0   1   2   7   2   1   6   0   0   1  59   8   3  2.69 1.10
  436 E   -7 -6 -6  0 -10 -3  8 -8 -5 -10 -9 -6 -8 -8 -8 -6 -7 -9 -8 -7    0   0   0   5   0   1  93   0   0   0   0   0   0   0   0   0   0   0   0   0  2.92 1.27
  437 R   -5  3 -5 -5 -4 -1 -5 -7  1  3  2 -3  1  3 -6 -5 -2  1  4  0    0  18   0   0   0   3   0   0   4  15  18   1   3  13   0   0   3   2  13   6  0.67 0.41
  438 E    0  2  1  3 -4  2  4 -3 -2 -5 -4  2 -2 -5 -5 -1 -2 -5 -2 -4    8  12   6  16   0   7  23   2   1   0   2  13   1   0   0   3   2   0   2   1  0.56 0.38
  439 Q   -3  5 -1 -4 -6  0  2 -5  1 -4  0  2  2 -3 -5 -2  0  4  0 -4    2  30   3   0   0   4  13   0   4   1  10  10   5   1   0   2   6   6   3   1  0.62 0.41
  440 Y   -7 -8 -6 -10 -9 -5 -9 -5 -1 -8 -2 -8 -4  0 -9 -5 -4 -1 10 -8    0   0   0   0   0   1   0   1   1   0   5   0   0   3   0   1   1   1  85   0  3.26 1.31
  441 L   -3 -3 -8 -8 -6 -7 -7 -5 -4  0  5 -7  2  6 -8 -5 -6 -5  2 -3    2   2   0   0   0   0   0   1   0   5  50   0   4  27   0   1   0   0   7   1  1.40 0.67
  442 E   -3  0  2  5 -7 -1  5 -1 -1 -7 -7 -1 -6 -4 -1 -1 -1 -7 -2 -6    2   4  10  28   0   2  33   4   1   0   0   2   0   1   3   4   5   0   2   0  0.89 0.51
  443 I   -1 -1 -3 -3 -4 -3 -5 -6 -5  4  3 -1  3  0 -5 -4 -2 -5 -2  3    4   4   1   1   0   1   0   0   0  21  32   5   6   3   0   0   2   0   1  19  0.60 0.34
  444 Y   -6 -6 -6 -7 -6 -6 -6 -7 -1 -4 -4 -6 -4  7 -7 -6 -6 -2  8 -5    0   0   0   0   0   0   0   0   1   0   0   0   0  52   0   0   0   0  47   0  2.44 0.74

                      K         Lambda
Standard Ungapped    0.1391     0.3202
Standard Gapped      0.0410     0.2670
PSI Ungapped         0.2021     0.3177
PSI Gapped           0.0619     0.2670
