
Last position-specific scoring matrix computed, weighted observed percentages rounded down, information per position, and relative weight of gapless real matches to pseudocounts
           A  R  N  D  C  Q  E  G  H  I  L  K  M  F  P  S  T  W  Y  V   A   R   N   D   C   Q   E   G   H   I   L   K   M   F   P   S   T   W   Y   V
    1 M   -6 -6 -7 -8 -6 -5 -7 -8 -6  1  0 -6 11 -4 -7 -6 -5 -6 -6 -4    0   0   0   0   0   0   0   0   0   6   5   0  89   0   0   0   0   0   0   0  3.24 1.08
    2 P   -2 -2  3 -2 -5 -4 -2 -2 -2 -4 -5  1 -3  2  6  0  1 -6 -3 -4    3   1  14   1   0   0   2   3   1   1   0  10   1   8  39   8   7   0   0   1  0.90 0.48
    3 I   -3 -1 -5 -1 -3 -2  0 -3 -2  0  1  0  8 -4 -4 -1 -2 -5  2 -1    2   3   0   4   1   1   6   2   1   5  13   5  39   0   1   6   2   0   7   3  0.93 0.55
    4 T   -2 -2  2  1 -4 -3 -2 -3 -5 -4 -5 -1 -3 -6 -2  3  6 -7 -6 -4    2   2   9   7   0   1   3   2   0   1   0   3   1   0   2  23  43   0   0   1  0.99 0.62
    5 A    2  0 -3 -2 -1  0 -1 -3 -1  2  0  1 -1  0  1 -1 -1 -3 -2  1   20   4   1   2   1   3   4   1   1  11   9  11   1   4   8   5   2   0   1  12  0.17 0.18
    6 A    2 -1 -2  3 -6  1  4 -4 -3 -4 -5  1 -6 -7 -4  1  0 -7 -5 -5   16   3   2  18   0   7  29   1   0   1   1   9   0   0   1   8   5   0   0   1  0.72 0.49
    7 D   -1 -1  0  5 -8  2  5 -3 -4 -7 -7  0 -7 -7 -5 -1 -2 -8 -5 -6    5   3   4  28   0   8  34   2   0   0   0   6   0   0   0   4   2   0   0   0  1.07 0.62
    8 I   -1 -6 -5 -8 -2 -7 -7 -8 -6  5  3 -5  0 -2 -5 -5 -4 -2 -4  4    6   0   1   0   1   0   0   0   0  28  27   1   2   2   1   0   1   1   1  30  1.14 0.58
    9 R   -1  2 -3 -3 -4  1  1 -4 -2  1  3  1  1  0 -3 -3 -2 -3 -3  0    6  12   1   1   0   5   8   1   1   8  28  10   3   4   1   1   2   0   0   5  0.32 0.26
   10 R    2  3  0  1 -6  2  3 -4 -3 -5 -6  3 -4 -7 -5  0 -1 -7 -5 -5   16  13   5   7   0  10  18   1   1   0   0  18   0   0   0   7   4   0   0   0  0.62 0.45
   11 E   -1  2 -3 -1 -4  1  0 -4 -2  0  1  1  0  3 -5 -2  0  3  2 -2    5   9   1   3   0   6   6   1   1   7  14  10   2  14   0   2   6   5   7   1  0.28 0.24
   12 V    1 -7 -8 -8  1 -7 -7 -7 -8  5  4 -6  1 -1 -7 -5 -4 -4 -5  3   10   0   0   0   3   0   0   0   0  30  32   0   3   2   0   1   1   0   0  16  1.14 0.58
   13 K    1  3 -1  0 -7  2  4 -4 -1 -5 -4  4 -6 -6 -5 -1 -2 -7 -6 -4   10  13   3   6   0   8  23   1   2   1   2  24   0   0   0   4   3   0   0   1  0.72 0.48
   14 E    1  0  0  3 -6  2  5 -3 -1 -6 -6  1 -5 -7 -5  0 -2 -7 -7 -6   13   4   4  13   0   7  36   2   1   0   1   9   0   0   0   6   3   0   0   0  0.83 0.54
   15 K    0  2  4  1 -6  1  2  0  4 -5 -2  1 -5 -5 -3 -1 -3 -5 -4 -6    7   9  17   7   0   7  14   8   9   1   4   9   0   0   1   5   1   0   0   0  0.49 0.36
   16 N   -4  0  3  4 -8 -1  1  5 -1 -8 -7  0 -7 -8 -6 -2 -5 -8 -7 -7    2   5  12  23   0   2   9  34   2   0   0   6   0   0   0   2   1   0   0   0  1.03 0.59
   17 V   -2 -8 -8 -7 -5 -8 -8 -8 -9  6  0 -8 -5 -3 -8 -5 -2 -8 -3  5    4   0   0   0   0   0   0   0   0  41   8   0   0   1   0   1   2   0   1  40  1.70 0.79
   18 T   -3  4 -2  3 -6  1  4 -6  1 -7 -5  4 -5 -8 -5 -2 -1 -8 -7 -5    3  18   2  14   0   5  21   0   3   0   1  24   0   0   0   3   4   0   0   1  0.90 0.55
   19 F   -2 -2 -4 -4 -4 -2 -2 -6  1 -2  0 -4  1  6 -7 -2  2  4  4 -2    4   2   1   1   0   2   3   1   3   3   8   1   3  31   0   3  12   6  13   3  0.88 0.50
   20 I   -4 -9 -9 -9 -3 -8 -9 -9 -9  5  1 -8 -3  0 -9 -8 -5 -8 -3  6    2   0   0   0   1   0   0   0   0  32  11   0   1   4   0   0   0   0   1  49  1.78 0.83
   21 R   -3  5 -2  4 -5  0  1 -6  0 -1 -1  1  1 -3 -6 -3 -3 -2  0 -2    2  30   1  18   0   4   9   0   2   3   6   9   3   1   0   2   2   1   3   3  0.68 0.45
   22 L   -1 -8 -7 -8  3 -7 -8 -6 -7  2  4 -7  0  4 -5 -5 -4 -5  0  3    6   0   0   0   6   0   0   1   0  10  39   0   2  14   1   1   1   0   3  19  1.05 0.55
   23 M    2  0 -3 -4 -1  3  0 -1  0  0  1  0  1 -2 -5  0 -1  3 -3  0   15   6   1   0   2  16   5   6   2   4  12   6   3   2   0   6   3   3   1   7  0.23 0.24
   24 F   -3 -8 -9 -9 -3 -4 -9 -2 -4  0 -1 -9 -1  8 -9 -6 -3  5  4  1    3   0   0   0   1   1   0   3   0   6   7   0   2  48   0   1   2   7  11   9  1.62 0.78
   25 S    1 -7 -3 -7  5 -5 -6 -5 -3  0 -3 -6 -3 -2  3  1  4 -8 -5  3   10   0   1   0  10   0   0   1   1   5   2   0   1   2  13   9  23   0   0  22  0.84 0.55
   26 D   -7 -9 -3  9 -11 -6 -5 -5 -9 -11 -11 -8 -11 -11 -6 -5 -3 -12 -11 -11    1   0   1  92   0   0   0   1   0   0   0   0   0   0   1   1   2   0   0   0  3.23 1.42
   27 I   -3 -7 -1 -8 -4 -1 -7 -7 -1  4  4 -7  4 -1 -1 -5 -1 -5 -1  2    3   0   4   0   0   3   0   0   1  21  32   0  10   3   4   0   4   0   2  12  0.85 0.49
   28 L    0 -2  3  1 -1  0 -2 -4  4 -2  1 -3 -1  2 -1  0  0 -1  0 -2    7   2  14   9   1   5   2   1  11   2  12   1   1  10   3   7   5   1   3   2  0.30 0.26
   29 G   -5 -10 -2 -9 -10 -9 -10  8 -9 -11 -11 -9 -7 -11 -10 -5 -9 -10 -11 -9    1   0   2   0   0   0   0  95   0   0   0   0   0   0   0   1   0   0   0   0  3.05 1.34
   30 T   -2  4  0 -4 -4  0 -3 -2 -1  3 -1  0  0 -2 -6 -2  0 -6 -2  3    3  21   5   1   0   4   1   3   1  17   6   6   2   2   0   3   6   0   1  17  0.44 0.32
   31 M    0 -4 -4 -5 -2  1 -4 -5 -1  1  4 -5  1  0  2 -1 -2  4 -3  1    8   1   1   1   1   6   1   1   2   7  34   0   4   4   9   4   3   6   0   8  0.52 0.36
   32 K   -7  7 -5 -8 -1  0 -6 -7  4 -4 -4  4  0 -5 -8 -6 -7 -9 -3 -3    0  53   0   0   1   5   0   0   8   1   2  22   2   1   0   0   0   0   1   3  1.82 0.92
   33 N    0 -5  2 -5  2 -2 -2  5  5 -6 -7 -5 -3 -5 -7  2 -1 -8 -4 -3    8   0   9   0   4   2   3  40  11   0   0   0   1   1   0  13   4   0   1   2  0.99 0.59
   34 V   -6  1 -5 -7 -2 -5 -4 -8 -4  2 -1  6  0  1 -6 -5 -3 -6 -5  2    0   6   0   0   1   0   1   0   0   9   7  49   3   5   0   0   2   0   0  15  1.26 0.70
   35 E    1  3 -2 -2 -3 -2  0 -3 -3  0  0 -3 -1 -2 -5  1  3  1  1  0   10  14   1   2   0   2   6   2   1   5   8   1   1   1   0  11  21   2   5   7  0.31 0.29
   36 I   -5 -7 -7 -8 -5 -7 -7 -7 -5  5  2 -7  2  1 -7 -6 -3 -7 -1  5    1   0   0   0   0   0   0   0   0  31  17   0   5   6   0   0   1   0   2  33  1.33 0.64
   37 P   -2 -3 -2  0 -2 -3 -2 -3  1 -4 -2 -3  1 -3  7  0 -1 -4 -3 -3    3   2   2   5   1   1   3   2   3   1   5   2   3   2  51   8   4   0   1   3  1.18 0.55
   38 A    4 -2 -2 -3 -2 -2 -2 -2 -2  1  0 -1 -2 -2 -1  0 -1 -2 -1  2   32   3   2   1   1   1   2   3   1   8   8   3   1   2   3   8   4   1   2  16  0.36 0.22
   39 T    1  1 -1 -1 -2 -1 -1  0  1 -2 -2  0 -3 -3 -2  4  1 -3 -2 -2   11   6   3   3   1   2   4   7   3   2   4   6   1   1   2  28  10   0   2   3  0.30 0.22
   40 D   -1  2  0  1 -1  0  1 -1  1 -1 -1  1 -1 -2  1  0  0 -3 -2 -1    6  13   5   8   1   4   7   4   4   4   5  10   2   2   8   7   5   0   1   3  0.14 0.10
   41 E    0  1 -1  2 -2  0  2 -2  1 -2 -1  1 -1  3 -3 -1 -2 -1  1 -1    8   6   3  13   1   3  12   3   4   2   7   7   1  12   1   5   1   1   5   4  0.18 0.14
   42 Q    0  1 -1  0 -2  2  2 -2  3 -3 -1  2 -1  1 -3 -1 -1 -3  0 -2    9   8   3   6   1   8  13   3   8   1   6  11   2   7   1   4   3   0   3   3  0.21 0.18
   43 L   -1 -2 -3 -2 -1 -3 -2 -4 -3  1  4 -3 -1  4 -3 -3 -1  1 -1  0    6   2   1   2   1   1   3   1   1   8  37   2   1  16   2   2   5   2   2   5  0.55 0.32
   44 D    0 -1  0  3 -6 -1  4 -1 -2 -4 -1  0 -2 -4  1 -2 -2 -5 -4 -4    8   4   4  17   0   3  29   6   1   1   6   6   1   1   7   2   2   0   0   2  0.53 0.38
   45 K   -1  2  0  2 -4  0  1  0  0 -5 -4  3 -3 -5 -4  2 -1 -4 -1 -3    6  10   4  11   0   4  10   6   2   1   1  18   0   0   1  16   4   0   2   2  0.39 0.31
   46 V    3 -3 -3 -3 -1 -4 -4 -3 -1  2  1 -3  1  0 -5 -1 -1 -4 -1  3   27   2   2   2   1   0   1   2   1  12  11   2   4   4   0   4   4   0   2  19  0.46 0.32
   47 L    0 -2 -5 -5  0 -3 -4 -4 -5  1  3 -2  2  5 -5 -3 -3  1  1  1    8   2   0   1   2   1   1   1   0   7  30   2   5  22   1   2   2   2   4   8  0.65 0.38
   48 S    1  1  0  2 -5  0  4 -2  0 -5 -4  2 -3 -5 -3  1  1 -7 -4 -3   10   7   4   9   0   4  25   4   2   1   1  11   1   0   1  10   8   0   0   1  0.46 0.36
   49 N   -3  0  3  2 -5  0  2  1  3 -2 -3  1 -2 -3 -4  1 -1 -3 -2 -3    2   6  13  12   0   3  14  11   7   2   2   7   1   1   1  10   3   0   2   1  0.37 0.29
   50 K   -4 -3 -3 -4 -5 -3 -3  7 -5 -7 -5 -3 -3 -6 -4 -3 -4 -5 -9 -9    1   2   1   1   0   1   2  80   0   0   2   2   1   0   1   2   1   0   0   0  2.12 1.00
   51 V   -1 -5 -6 -5 -2 -3 -3 -4 -4  4  2 -3  2  2 -4 -5  0 -1  0  4    6   0   0   1   1   1   2   2   0  23  15   1   4   7   1   0   5   1   3  25  0.66 0.38
   52 M    1  1  0 -2 -1 -2 -3  4 -1 -2 -2 -2  2 -2  1  0  0  2 -2 -2   10   7   5   2   1   2   2  31   1   2   4   3   6   2   6   6   5   3   2   3  0.36 0.28
   53 F   -4 -7 -7 -7  0 -8 -6 -6 -5  2  1 -8  3  8 -7 -6 -4 -1  1  0    2   0   0   0   2   0   0   1   0  11  12   0   6  50   0   1   2   1   4   7  1.60 0.74
   54 D    0 -7 -1  7  3 -5 -4 -4 -3 -6 -7 -5 -6 -4  2 -2  0 -6 -3 -6    8   0   2  58   5   0   1   1   1   0   1   1   0   1   9   4   5   0   1   0  1.55 0.80
   55 G    1 -2 -3 -2 -4 -3 -3  6 -4 -4 -4 -4  2 -4 -1  0 -2 -3 -5 -2   10   3   1   2   0   1   2  51   1   1   2   1   4   1   3   8   3   0   0   4  0.96 0.53
   56 S    1 -4 -1 -2 -6 -2 -3 -2 -2 -6 -4 -4 -3  0 -4  6  0 -3  0 -2   12   1   3   2   0   2   2   3   1   0   2   1   1   4   1  53   5   0   4   3  1.01 0.65
   57 S    2 -4  0  1 -2 -3 -2 -2 -3 -4 -3 -4 -4 -6  0  5  1 -7 -6  0   15   1   4   7   1   1   2   3   1   1   3   1   0   0   5  42   7   0   0   7  0.76 0.54
   58 I   -2 -4 -6 -4 -2 -6 -6 -6 -4  6  1 -5  1  1 -4 -5 -3 -6  0  4    4   1   0   1   1   0   1   0   1  35  13   1   4   5   1   1   1   0   4  26  1.03 0.52
   59 E    0  1 -1  2 -3 -1  2 -1 -1 -3 -2 -1 -1  0  3 -1  2  3 -1 -3    7   7   2  11   1   2  12   5   1   1   3   3   2   4  15   4  12   4   2   2  0.26 0.23
   60 G   -3 -6 -2 -2 -5 -5 -5  7 -5 -4 -5 -5 -4 -4 -3 -3 -5 -2 -4 -4    2   1   2   3   0   1   1  78   0   1   2   1   1   1   2   2   1   1   1   2  1.96 0.91
   61 F   -4 -4 -5 -2 -2 -5 -6 -1 -2 -1  1 -6  2  7 -4 -4 -3  6  4 -2    1   1   1   3   1   0   0   5   1   3  12   0   4  36   1   1   2  11  11   4  1.17 0.59
   62 V    2 -1 -1 -1 -1  0  0  2 -2 -2 -1  0  0 -1 -2  0  1  1 -1  0   20   4   3   3   1   4   5  14   1   2   5   7   3   3   2   7   7   2   2   6  0.12 0.14
   63 R    0  2  0  2 -3  0  2  0  1 -4 -3 -1 -2 -4  1  1  1 -2 -4 -4    7  13   4  12   0   3  13   7   4   1   2   4   1   1   8   9   8   1   1   1  0.29 0.25
   64 I   -1 -2 -1 -1 -2 -1 -3 -2 -3  4 -1 -3  1 -3  1 -2  2 -4 -3  3    6   2   3   3   1   3   2   3   1  24   4   1   3   1   8   3  12   0   1  19  0.41 0.29
   65 N    0 -2  2  1 -3 -1  3  4  2 -5 -5 -2 -5 -3 -3 -1 -2 -5 -1 -5    6   2   8   7   1   3  21  29   4   1   1   3   0   1   2   5   3   0   2   1  0.61 0.41
   66 E   -1 -1  0  3 -4 -1  4 -2  1 -4 -4  0 -5  1 -5  0 -3  1  3 -4    5   3   4  18   0   2  27   3   3   1   2   5   0   6   0   6   2   2  10   2  0.58 0.40
   67 S    0  0 -4 -2 -3 -2 -2  3 -2 -5 -6 -3 -4 -5  3  5 -2 -3 -6 -4    7   4   1   2   1   2   2  19   1   1   1   1   1   0  14  39   2   0   0   1  0.87 0.56
   68 D   -6 -5 -1  8 -8 -5  1 -6 -5 -7 -8 -5 -7 -8 -7 -5 -6 -4 -6 -7    1   1   2  81   0   0  10   1   0   0   1   1   0   0   0   1   0   0   0   0  2.61 1.12
   69 M   -2 -2 -5 -8  1 -4 -6 -2 -4  2  3 -4  7  2 -6 -5 -4 -2 -1  1    3   3   0   0   3   1   0   4   0   9  25   1  28   8   0   1   1   1   2  10  1.01 0.54
   70 Y   -2  2 -2 -4 -2 -2 -4 -5  1  3  2 -1  1  2 -3 -3  0 -1  1  2    4  12   2   1   1   1   1   1   3  14  18   4   3   7   2   1   5   1   5  16  0.34 0.25
   71 L    3 -7 -8 -8  3 -5 -8 -4 -6  0  5 -7  3 -2 -6 -5 -4 -3 -5  1   22   0   0   0   5   0   0   2   0   5  48   0   6   2   0   0   1   0   0   9  1.14 0.63
   72 Y   -3  3 -5 -5 -2 -1 -3 -7  1  3  0  2  3  1 -5 -4 -2  0 -1  3    2  13   0   0   1   2   2   0   3  13   8  14   8   6   0   1   3   1   2  20  0.53 0.36
   73 P   -1 -10 -9 -9 -7 -9 -9 -5 -7 -2 -3 -8 -6 -8  9 -8 -7 -11 -10 -3    6   0   0   0   0   0   0   1   0   3   4   0   0   0  84   0   0   0   0   2  2.89 1.36
   74 D   -5 -5 -5  8 -7 -3 -2 -7 -5 -1 -5 -7 -7 -9 -7 -5 -6 -10 -9  0    1   1   0  80   0   1   3   0   0   4   1   0   0   0   0   1   0   0   0   6  2.51 1.14
   75 L   -1 -4 -6 -5 -4 -4 -4 -5 -4  0  3 -4  0 -1  6 -3 -2  2 -3 -2    6   1   0   1   0   1   1   1   1   6  28   1   2   3  35   2   3   3   1   3  0.97 0.58
   76 D    0  0  1  3 -6 -1  2  0 -2 -6 -6 -1 -6 -7 -5  4  1 -8 -7 -5    9   4   6  18   0   2  13   6   1   0   0   4   0   0   0  27   8   0   0   1  0.67 0.48
   77 T   -3 -2 -5 -6 -8 -4 -6 -6 -5 -8 -7 -4 -8 -7 -5  3  8 -9 -6 -6    3   3   0   0   0   1   0   1   0   0   0   1   0   0   1  17  72   0   0   0  2.18 1.12
   78 W    1 -5 -8 -8  0 -7 -5 -4 -5  0  3 -5  0  6 -3 -5 -4  1  2 -1   12   1   0   0   2   0   1   2   0   5  29   1   2  31   2   1   1   2   5   4  1.02 0.55
   79 T    0  5 -3 -5  0  1 -4 -4  1 -1 -3  0 -1  2 -6  0  1  0  0  1    9  29   1   0   2   5   1   1   3   4   2   5   1   7   0   6   9   2   3   8  0.50 0.36
   80 V   -2  2 -5 -4 -5  0 -2 -7 -3  4  1 -2  1 -2  2 -4 -1 -4 -3  3    3  10   0   1   0   4   2   0   1  23  12   2   3   2   9   1   4   0   1  22  0.55 0.36
   81 F   -2 -5 -4  2 -2 -5 -3 -7 -4  3  4 -5  1 -1 -4 -5 -3 -5 -2  2    4   0   1  12   1   1   2   0   0  13  42   0   3   2   1   1   1   0   2  15  0.84 0.47
   82 P   -4 -6 -4 -3 -7 -7 -4 -5 -6 -7 -6 -7 -7 -8  9 -3 -4 -6 -6 -6    2   1   1   2   0   0   1   1   0   0   1   0   0   0  84   2   2   0   0   1  2.83 1.26
   83 W   -6 -7 -6 -6 -5 -6 -6 -5  0 -4 -3 -6 -4  4 -6 -4 -6 12  3 -4    1   0   0   1   0   0   1   1   2   1   3   1   1  13   1   2   1  62   8   2  3.19 1.25
   84 G    1  3 -1  0  0  0  1 -1  0 -2  0  0  0  0 -3  0  0 -1  0 -2   14  16   2   5   2   4  10   4   2   2   9   4   2   3   1   7   6   1   3   2  0.15 0.15
   85 D   -1 -1 -1  2 -3 -2  3 -2 -2 -3 -4  0 -4 -4  5  0 -2 -3 -3 -3    5   4   3  12   1   2  17   4   1   1   2   6   0   1  26   7   3   1   1   3  0.57 0.36
   86 E   -2  1  2  2 -3  2  2  1  1 -3 -3  0 -2 -2 -1  0 -1 -3 -2 -3    3   9   9  10   1   9  15  12   4   2   3   6   1   1   3   7   3   0   2   2  0.25 0.17
   87 N    0  0  0  1 -2  1  1  0  2 -2 -2  0 -1 -2  1  0  1 -1 -1 -1    7   4   5   7   1   5  11   8   5   3   4   5   2   2   7   8  10   1   2   3  0.11 0.08
   88 G    1  0  0  0 -2  0  0  3 -1 -1 -1  0 -1 -2  0  0  0  0  0 -1   10   6   4   4   1   3   5  21   2   3   5   6   1   2   5   6   7   1   3   4  0.12 0.08
   89 S    0  3  0 -1 -2 -1 -1  1 -2 -2 -1  2  0 -3  2  0 -1  1 -3 -2    6  15   5   3   1   2   3  12   1   2   6  14   2   1  11   6   3   2   1   3  0.25 0.17
   90 V   -2 -3 -3 -4 -2 -3 -2 -4 -2  1 -1 -3  0 -3 -4 -2  5 -3 -3  5    4   1   1   1   1   1   3   1   1   6   6   1   2   1   1   3  31   0   1  32  0.84 0.45
   91 A    5 -5 -4 -5 -2 -4 -4  0 -4  0  1 -4  0 -3 -1 -2 -3 -2 -3  0   51   1   1   1   1   1   1   7   1   5  13   1   2   1   3   2   1   1   1   7  0.87 0.48
   92 G   -1  4 -2 -4  0  2 -3 -1  0  0 -1 -2  1  1 -4  1 -2  4 -2 -1    4  24   2   1   2   9   1   5   2   5   7   1   4   7   1  11   2   6   1   5  0.41 0.30
   93 L   -1 -5 -4 -4  1 -5 -5 -5 -6  2  2 -5  4  4 -6 -5 -3 -5 -2  4    4   1   1   1   3   1   1   1   0   9  15   1  11  17   0   1   1   0   1  30  0.91 0.46
   94 I   -3 -5 -6 -7 -5 -4 -7 -6 -2  5  3 -7  3  4 -2 -6 -2 -2  0  0    2   1   0   0   0   1   0   1   1  27  29   0   6  17   2   0   2   1   3   5  1.01 0.51
   95 C    2 -7 -6 -7 10 -7 -6  1 -1 -4 -3 -7  1 -5 -7 -2 -2 -7 -5 -1   15   0   0   0  51   0   1  11   2   1   3   0   3   1   0   4   3   0   0   4  2.02 0.87
   96 D   -4 -1  2  7 -7 -2  1 -4  0 -7 -7 -4 -4 -4 -6  0 -1 -2 -1 -6    1   4   8  55   0   2   7   2   2   0   1   1   0   1   0   8   4   1   2   1  1.44 0.73
   97 V   -1 -6 -4 -6  0 -3 -5 -4 -2  4  2 -5  4  1 -1 -3 -1 -2 -2  3    6   0   1   0   2   1   1   2   1  22  19   0   9   5   3   2   3   0   1  22  0.68 0.37
   98 Y   -2  0 -5 -4  1 -1 -1 -5  3 -1  0  0  0  2 -6 -3 -1  1  6  1    4   4   0   1   3   3   4   1   8   3   8   5   2   8   0   2   4   2  28  11  0.67 0.40
   99 T   -3 -1  1  3 -3 -1  2 -2  2 -3 -1 -1 -1  0 -4 -1  2  3  1 -2    1   4   7  18   1   2  14   3   4   1   5   3   1   4   1   4  14   4   5   2  0.36 0.29
  100 T    1  0 -2  0 -5  0  0 -2  2 -2 -1  0 -1 -4  5 -1  0 -4 -3 -1   10   5   1   5   0   4   7   3   4   2   7   5   1   1  27   5   5   0   1   4  0.41 0.31
  101 E   -2 -4  2  6 -7 -2  2 -2  0 -7 -5 -1 -5 -4 -1 -1  1 -5 -5 -6    4   1   9  44   0   2  12   3   2   0   1   3   0   1   4   5   7   0   0   0  1.04 0.58
  102 G   -4 -1  0 -3 -7 -4 -3  7  1 -8 -4 -1 -3 -5 -7 -3 -3 -7 -7 -6    1   4   4   1   0   1   2  70   3   0   2   3   1   1   0   2   2   0   0   1  1.69 0.80
  103 E   -1  2  0 -1 -5  2  4 -3 -2 -5 -4  2 -3 -6 -4  1  2 -7 -6 -4    5   9   4   4   0   8  25   2   1   0   1  14   1   0   1  11  13   0   0   1  0.59 0.43
  104 P    0  2 -4 -2 -8 -4 -2 -5 -2 -3 -2 -3 -3 -3  7 -3 -5 -4 -3 -4    7  10   1   2   0   1   3   1   1   2   5   1   1   1  58   3   1   0   1   2  1.53 0.83
  105 F   -2 -7 -4 -5  0 -4 -5 -7  2 -1  0 -6 -1  6 -6 -1 -3  6  4  2    3   0   1   1   2   1   1   0   5   3   9   0   1  27   0   6   2  10  15  13  1.03 0.54
  106 A    1 -2  0  1 -3 -1  3 -2 -1 -4 -3 -2 -1 -2  4  1 -2 -1 -3 -2   10   2   4   8   1   3  21   3   2   1   3   2   2   2  21  10   2   1   1   3  0.48 0.37
  107 G    1  1 -2 -3  2 -1 -2  2  1  0  0 -1  0  1 -3 -1 -1 -2  2  0   13   8   1   1   4   3   2  17   3   6  11   4   2   5   0   3   4   0   6   6  0.13 0.14
  108 D    0 -8 -3  7  8 -7 -4 -5 -4 -9 -7 -8 -7 -6 -8  1 -5 -9 -1 -8    9   0   1  50  23   0   1   1   0   0   0   0   0   0   0  10   1   0   2   0  1.96 0.93
  109 P   -3 -9 -9 -9  0 -5 -8 -3 -9 -7 -6 -8 -6 -6  8  1  1 -10 -7 -4    3   0   0   0   2   1   0   2   0   0   1   0   0   1  70  11   8   0   0   2  2.28 1.13
  110 R   -9  9 -8 -10 -11 -6 -8 -8 -6 -9 -8 -4 -6 -11 -10 -9 -9 -11 -10 -9    0  97   0   0   0   0   0   0   0   0   0   1   0   0   0   0   0   0   0   0  3.59 1.50
  111 G    0 -1  3 -2 -4  2 -2  2  3 -4 -4 -3 -4 -1 -5  2  0  0  4 -2    8   3  11   2   0  10   2  13   6   1   1   1   0   3   0  14   6   1  12   3  0.41 0.34
  112 N    0 -3 -1 -7 -3 -3 -6 -6 -5  5  1 -5  1  0 -7 -5 -1 -5 -4  5    9   2   3   0   1   2   0   0   0  27  13   1   3   4   0   0   4   0   0  31  0.90 0.49
  113 L    2 -9 -10 -10  0 -8 -9 -9 -9 -4  6 -9 -2 -3 -9 -5 -5 -8 -4 -3   14   0   0   0   2   0   0   0   0   1  77   0   1   1   0   1   1   0   1   2  1.93 0.92
  114 K   -1  5 -3 -4 -6  3  0 -3  0 -5 -4  5 -1 -7 -7 -3 -4 -4 -5 -5    6  25   1   1   0  10   6   2   2   1   2  36   1   0   0   2   1   0   0   1  1.10 0.63
  115 R   -2  6  1 -2 -5  1 -1 -3 -2 -7 -4  4 -6 -8 -7 -2 -2 -8 -6 -6    4  42   5   3   0   7   3   2   1   0   2  23   0   0   0   3   3   0   0   1  1.24 0.68
  116 A    4 -5 -4 -7 -4  4 -4 -6 -7  1 -2 -4  3 -3 -7 -3  1 -7 -3  4   30   0   1   0   0  15   1   0   0   7   5   1   6   1   0   2   7   0   1  24  0.86 0.55
  117 L   -2 -4 -4 -3  1 -3  1 -6  0  3  4 -6  1 -3 -7 -3 -2 -5 -4  3    3   1   1   1   2   1  11   0   2  15  31   0   3   1   0   2   3   0   0  21  0.69 0.41
  118 R    3  1  0  3 -7  2  4 -2 -4 -5 -5  2 -4 -7 -6 -1 -2 -7 -5 -5   20   6   5  15   0   7  22   4   0   1   1  12   0   0   0   4   3   0   0   1  0.65 0.45
  119 H    0  4 -2 -1 -5  1  1 -3  0 -3 -1  3 -2 -2 -5 -2 -2 -2  3 -4    7  24   2   4   0   5  10   2   2   2   6  18   1   2   0   2   2   0   8   1  0.54 0.38
  120 M    4 -7 -8 -8  0 -6 -7 -4 -7 -1  4 -7  1  2 -7 -4 -4 -1  3 -1   28   0   0   0   2   0   0   1   0   3  38   0   3   8   0   1   1   1   8   4  1.00 0.57
  121 E    3  3 -1 -1 -6  0  2 -3  0 -4 -3  3 -4 -5 -5  0 -1 -3 -4 -3   25  12   3   4   0   4  14   2   2   1   2  18   0   1   0   5   4   1   1   1  0.53 0.39
  122 E    2  0 -1  2 -7  0  4 -2 -1 -6 -6  3 -5 -7 -4  1 -2 -7 -6 -4   18   4   3  12   0   5  23   4   1   0   1  14   0   0   1  10   2   0   0   1  0.64 0.45
  123 V    0  2 -2 -2 -3  1  1 -5  0 -1  2  1  5 -3 -6 -1  0 -6 -3 -2    8  11   2   2   0   5  10   0   2   3  19   9  14   1   0   4   6   0   1   2  0.39 0.31
  124 G   -6 -6 -1 -2 -9 -6 -5  7 -4 -9 -5 -3 -5  0 -7 -5 -3 -5 -3 -8    0   1   3   2   0   0   1  79   1   0   2   2   0   4   0   1   2   0   1   0  2.11 0.98
  125 F   -4 -7 -2 -5 -5 -5 -7  0 -4  2  3 -5  1  5 -7 -6 -6  3  6 -3    1   0   2   1   0   1   0   8   0  12  22   1   3  18   0   0   0   4  24   2  1.07 0.55
  126 K    0  1  0  2 -1  0  2  0  0 -2  0  0 -1 -1 -2 -1  1 -2 -1 -1    9   9   3  11   1   4  12   6   2   2   8   6   1   3   1   4   8   1   2   5  0.09 0.09
  127 S    1 -1 -2  1  0 -2  0 -2 -1 -1 -3 -2 -3 -3  4  1  3 -4 -3  0   14   3   2   7   2   1   5   2   1   3   2   3   1   1  18   8  19   0   1   6  0.40 0.27
  128 F    0 -3 -5 -5  2 -5 -4 -5 -5  2  2 -5  4  4 -3 -3 -3 -3  2  3    7   1   0   1   4   0   1   1   0  11  15   1  10  19   2   2   1   0   7  18  0.70 0.36
  129 N   -1  2  2 -2 -3  1 -1 -2  1 -2 -1  2  0  0 -3  0  0  0  3 -2    4   9  11   2   1   7   4   2   3   3   8  14   3   4   1   6   5   1   9   3  0.19 0.15
  130 L    2 -6 -6 -7  1 -5 -6 -4 -5  2  0 -6  3  3 -6 -1  1  1 -5  4   16   0   0   0   3   0   0   2   0  10   8   0   6  11   0   4   8   2   0  29  0.74 0.43
  131 G    4 -4 -5 -6 -6 -5 -6  6 -3 -9 -4 -5 -5 -5 -8  0 -3 -3 -8 -6   30   1   1   0   0   1   0  53   1   0   2   1   0   1   0   7   2   0   0   0  1.56 0.80
  132 P    0 -7 -4 -7  1 -5 -5 -6 -1  0  0 -6 -1  3  5  0  1 -4 -1  1    9   0   1   0   3   0   1   0   2   6   8   0   1  12  29   7   8   0   2  10  0.75 0.48
  133 E   -7 -6 -8 -4 -12 -4  8 -7 -8 -11 -11 -4 -10 -11 -9 -5 -6 -11 -10 -10    0   0   0   1   0   1  95   1   0   0   0   1   0   0   0   1   1   0   0   0  3.15 1.43
  134 P   -1 -7 -1 -7  2 -4 -6 -6 -1  1  4 -6  2  2  2 -3 -2 -6  2  1    5   0   3   0   4   1   0   0   1   8  33   0   4   7  12   2   3   0   7   8  0.63 0.39
  135 E   -8 -6 -8 -3 -12 -4  8 -7 -8 -11 -11 -6 -10 -11 -9 -5 -6 -11 -7 -11    0   0   0   1   0   1  94   1   0   0   0   0   0   0   0   1   1   0   0   0  3.14 1.43
  136 F   -4 -10 -10 -11 -4 -10 -11 -7 -2 -6 -6 -11 -1  9 -11 -6 -7  1  2 -6    2   0   0   0   1   0   0   1   1   0   1   0   2  84   0   1   0   2   6   1  3.23 1.31
  137 F   -7 -4 -5 -10 -4 -7 -8 -10  3 -3 -5 -9 -1  6 -10 -2 -1 -4  8 -5    0   1   1   0   1   0   0   0   5   2   1   0   2  31   0   3   4   0  48   1  2.29 1.03
  138 L   -5 -7 -5 -9 -5 -3 -8 -8 -8  3  5 -8  0 -2 -8 -8 -4  2  0  3    1   0   1   0   0   1   0   0   0  14  56   0   2   1   0   0   1   2   3  17  1.42 0.69
  139 F   -4 -7 -8 -8 -3 -8 -8 -6 -5  0  3 -7  0  7 -8 -5 -2 -6  2  1    2   0   0   0   1   0   0   1   0   4  26   0   2  45   0   1   3   0   6   8  1.57 0.72
  140 K   -2  4  0  4 -5  1  2 -4  0 -5 -4  4 -4 -6 -3 -2 -2 -4 -4 -4    3  17   5  19   0   5  13   1   2   1   2  22   0   0   1   3   3   0   1   1  0.73 0.43
  141 L   -1  3 -1  0 -3  1  1 -1 -2 -1  0  2 -1 -3  2  0  0  0 -2 -1    6  15   3   6   0   6   8   4   1   3   8  10   1   1   9   6   6   1   1   4  0.17 0.15
  142 D   -2 -1  2  5 -4 -2  1  0 -3 -2 -4 -2 -4 -4 -1  0  1 -4 -1 -1    4   3   8  32   0   2  10   8   1   3   2   2   1   1   3   6   8   0   3   5  0.53 0.33
  143 E    0  0 -1  2 -4  0  4  0 -2 -4 -4  1 -3 -3  1  0 -1  0 -1 -3    7   5   2  11   0   4  29   6   1   1   2   7   1   1   6   7   4   1   2   2  0.41 0.29
  144 N   -1 -1  3  4 -3  0  1  0 -1 -2 -3  0 -3 -1  0  1  0 -1 -2 -3    5   3  14  20   0   3   9   8   1   2   3   5   1   3   4   9   5   1   2   2  0.30 0.21
  145 G    0 -2 -1 -2 -4 -1 -2  6  0 -4 -4 -1 -4 -3  0 -1 -3  0 -1 -3    8   3   3   2   0   2   3  48   2   1   2   3   1   1   5   5   2   2   3   2  0.80 0.41
  146 D   -1  1  3  2 -2  0  1 -1  1 -3 -2  1 -2 -2  0  1  0  0 -1 -2    5   8  14  11   1   5  10   5   3   2   4   7   1   1   4   9   4   1   3   2  0.20 0.16
  147 P    0  0 -1  0 -3 -1  0  0  0 -2 -1  0 -1 -2  5  0 -1  1 -3 -3    8   5   3   5   1   3   6   8   2   2   6   5   1   2  28   6   3   2   1   2  0.41 0.26
  148 T    0  1  0 -1 -2 -1  0  2 -2 -1  0 -1 -1 -2  0  1  2 -1 -1 -1    6   7   3   3   1   3   5  14   1   4   9   3   1   2   5   9  16   1   3   5  0.11 0.12
  149 L   -1  0 -2 -3 -3 -1 -2 -3  2  0  2 -1  0  1  2 -1  1  2  3  0    6   4   2   1   0   2   2   2   6   4  17   4   2   6  11   4   8   3  10   6  0.22 0.18
  150 E   -1  1 -2  0 -4  1  2 -3  0  0 -2  1 -1 -3  3 -1 -1 -1 -1  1    6   9   2   5   0   5  14   2   2   5   5   8   1   1  15   4   4   1   2  10  0.22 0.19
  151 V    0 -3 -4 -2 -3 -2 -3 -3 -1  1  0 -3 -1 -1  6 -1  0 -1 -2  0    7   1   1   2   1   2   2   2   1   9   9   2   1   3  38   4   6   1   1   7  0.74 0.46
  152 N    1  1  0 -1 -2 -1 -1 -1  2  0  0 -1  0  0  1  1  0 -2  0  0   12   8   5   2   1   2   2   5   6   5  11   3   2   5   6  10   5   0   2   6  0.05 0.08
  153 D   -2 -1 -1  6 -6 -1 -1 -1  1 -4 -4 -2 -4 -1  2 -2  0  1 -1 -2    3   4   2  43   0   3   4   5   3   1   2   2   0   3   9   4   5   2   2   3  0.80 0.49
  154 K    0  2  1  0 -3  0  1  0  2 -3 -3  3 -1 -3  0  0  0 -3 -1 -2    6  10   7   5   0   5   8   7   5   1   2  16   1   1   5   8   6   0   3   2  0.21 0.19
  155 G    2 -2  0 -2 -3  0 -1  4  1 -4 -3  1 -2 -4  0  2  0 -3 -3 -4   14   2   4   2   0   4   4  28   3   1   3   7   1   1   5  13   7   0   1   1  0.41 0.31
  156 G   -1  0  0 -2  0  1 -3  5  0 -4 -3 -3 -1 -2  0  0 -2 -2 -2 -3    5   5   4   2   2   6   2  42   2   1   3   2   2   2   6   7   3   1   2   2  0.60 0.39
  157 Y   -1 -2 -5 -2  3 -4 -6 -6  0 -2 -3 -6 -1  0 -4 -2 -2 -1  8  0    5   2   1   3   6   1   0   1   2   3   3   0   2   4   1   4   2   1  54   6  1.61 0.80
  158 F   -2 -3 -4 -4  2 -2 -4 -5  4 -3  0 -6  2  6 -5 -2 -5 -1  6 -4    4   2   1   1   4   2   1   1   8   1   8   0   5  28   1   3   1   1  28   1  1.25 0.63
  159 D    0 -2 -1  4 -3 -1 -1 -1  2 -2 -3 -3 -1 -2  1  3  0 -4 -1 -2    9   3   2  26   1   3   3   5   4   2   3   1   1   2   6  20   5   0   2   3  0.42 0.34
  160 L    0 -3 -2 -2 -1 -1 -2 -3 -1  2  2 -3  2 -1  0  0  1 -3 -1  2    8   1   1   2   1   3   3   2   1  10  22   1   5   2   4   8  10   0   2  14  0.22 0.19
  161 A    1  0 -1  1 -3  0  1  0  0 -2 -1 -2 -1 -2  3  1  1 -5  0 -1   13   4   2   8   0   3   8   7   3   2   6   2   2   2  13  11   8   0   3   3  0.16 0.17
  162 P    0  1 -3 -2 -4  0 -1  0  1 -4 -3 -3 -4 -5  6  0 -1 -3 -2 -3    9   8   1   2   0   5   5   8   3   1   3   1   0   1  39   6   3   1   2   2  0.80 0.50
  163 T    0  0 -1 -2 -3  0 -2 -2 -1  0  2 -2  2  1 -2  0  1 -2  1  0    6   5   3   2   0   4   3   3   1   6  23   1   6   7   2   7   8   0   5   6  0.13 0.14
  164 D   -1 -2  1  7 -4 -3  0 -2  0 -5 -4 -5 -1 -6 -2  0  0 -4 -3 -2    5   2   6  52   0   1   6   3   2   1   2   0   2   0   2   6   5   0   1   3  1.09 0.59
  165 L    0  3 -1  1 -4  1  1 -2  2 -1  0  1 -2 -3 -1  0  0 -3 -3 -1    9  14   2   8   0   7  10   2   5   3   8  10   1   1   2   7   6   0   1   4  0.17 0.17
  166 A    1 -1 -1 -1  0  0 -1  1  1 -1  1 -2  1  2 -1 -1 -1  0  2  0   13   2   3   3   2   3   3  14   4   3  12   2   4   8   3   5   4   1   7   5  0.09 0.11
  167 D    0  0 -1  2 -2  2  4 -2  2 -3 -2 -2  0 -1 -3  1 -1 -2  1 -3    8   5   2   9   1   9  26   4   5   2   3   1   3   2   1  10   3   1   5   2  0.35 0.30
  168 N   -1 -1  2  4 -5 -1  2  0 -1 -4 -4 -1 -4 -4  3 -1 -2 -2 -3 -4    5   3  10  24   0   2  14   7   1   1   2   3   0   1  15   5   2   1   1   1  0.55 0.37
  169 T   -1 -6 -6 -5 -1 -5 -4 -6 -3  3  3 -6  0  5 -4 -5 -3  1  2  3    5   0   0   0   1   0   1   0   1  16  22   0   2  23   1   0   1   2   6  18  0.85 0.45
  170 R   -4  6 -5 -7 -2 -4 -4 -7 -4  1  3 -1  1  2 -7 -6 -3 -1  0  0    1  39   0   0   1   1   1   0   0   9  24   3   3   7   0   0   1   1   3   6  0.98 0.55
  171 R   -1  4  1  1 -2  1  1 -1  0 -3 -2  0 -1 -4 -4  1  0 -4  0 -4    5  24   6   9   1   6   8   4   2   1   5   6   1   1   0  10   7   0   3   1  0.35 0.28
  172 E    0  1 -2  4 -7  1  5 -3 -1 -2 -4  1 -3 -5 -2 -2 -1 -5 -6 -5    7   8   2  23   0   5  33   2   1   2   1   7   1   1   2   3   3   0   0   1  0.76 0.48
  173 I   -2 -7 -7 -8 -3 -6 -7 -8 -7  5  3 -7  5 -1 -7 -5 -1 -3 -5  3    4   0   0   0   1   0   0   0   0  35  23   0  13   3   0   0   4   0   0  16  1.20 0.58
  174 V    0  2 -3 -3  4 -1 -2 -3 -1  1  0 -2  3 -1 -5  0  0 -2  0  3    8  11   1   1   8   2   2   1   1   9   9   1   7   3   0   7   5   0   4  19  0.28 0.23
  175 N    0  2  1  2 -3  1  2 -2  1 -2  1  0 -1 -2 -3  0  0 -5 -3 -3    7  11   7  14   0   6  13   2   3   1  14   6   1   1   0   7   5   0   1   1  0.23 0.21
  176 V    3 -2  0 -2  0 -1 -1 -1  1 -1 -1 -2  1 -2 -4  0  2 -1  3  0   25   2   5   2   2   2   3   4   3   3   4   1   3   1   0   6  15   1  10   7  0.26 0.25
  177 L   -1 -7 -8 -8  5 -6 -8 -4 -7 -1  5 -7  5 -1 -8 -4 -4 -7 -4 -2    6   0   0   0   9   0   0   2   0   3  59   0  13   2   0   2   1   0   1   2  1.43 0.69
  178 T    0  1  1  1 -4  2  4 -2 -1 -2 -2  1 -2 -5 -2  0 -1 -4 -4 -3    8   8   7   6   0   8  31   3   1   3   4   6   1   0   2   6   4   0   0   2  0.42 0.33
  179 K    3  0  0  2 -4  1  3  0 -2 -3 -3  2 -3 -5 -4  0 -1 -6 -3 -3   22   4   4  11   0   7  18   6   1   1   2  10   0   0   0   7   4   0   1   2  0.40 0.32
  180 M    1 -5 -4 -7  2  2 -5 -6 -3  0  2 -5  7  2 -6 -2 -3 -3 -2  0   13   0   1   0   3  10   0   0   1   4  21   0  26   9   0   3   1   0   1   6  0.87 0.52
  181 G   -5 -2  1  0 -6 -3 -1  7 -1 -9 -9 -4 -8 -8 -7 -3 -6 -8 -5 -7    0   2   6   6   0   1   4  75   1   0   0   1   0   0   0   2   0   0   0   0  1.92 0.87
  182 F   -5 -6 -8 -8 -1 -6 -6 -7 -7  6  2 -7  2  2 -7 -6 -4  3  0  3    1   0   0   0   1   0   0   0   0  43  19   0   4   8   0   0   1   4   3  16  1.26 0.59
  183 E   -2 -1  0  2 -5  1  2  0 -1 -3 -4  1 -4 -4  5 -1 -1 -6 -3 -2    4   3   4  12   0   5  15   6   1   2   1   8   0   1  24   5   4   0   1   2  0.51 0.35
  184 V    0 -5 -4 -7 -1 -6 -5 -5 -7  3  1 -6  1 -2  2 -4 -1 -4 -3  5    7   0   1   0   1   0   1   1   0  17  11   0   4   2  11   1   3   0   1  40  0.90 0.50
  185 E   -3  0 -3  1 -7  0  6 -4 -1 -1 -3  1 -2 -3 -4 -1  0 -5  1 -2    2   6   0   8   0   4  44   1   1   4   3   7   1   1   0   3   5   0   5   2  0.76 0.49
  186 A    2  0 -2 -3 -1  2 -2  0  0 -3 -3  1  0 -1 -4  2  2 -4  3 -1   17   4   2   1   1   8   2   7   2   1   2   8   2   2   0  15  11   0  11   5  0.28 0.28
  187 S    1 -5 -3 -4 -1 -2 -4 -2  5  1  1 -4  1  1 -5  2 -1  1  1  0   10   0   1   1   2   2   1   4  15   9  12   0   4   6   0  18   4   2   4   6  0.40 0.32
  188 H   -5 -2  2  1 -5 -1 -1 -3  9 -1 -4 -1 -3 -2 -7 -3 -3 -7  1 -2    1   2   8   7   0   2   5   2  50   4   2   4   1   2   0   1   1   0   4   3  1.61 0.75
  189 H    0 -2 -3 -5 -1 -1 -4 -2  9 -5 -6 -1 -5 -7  0 -1  1 -4 -2 -2    8   2   1   1   1   2   1   4  53   1   1   3   0   0   5   5   8   0   1   3  1.70 0.80
  190 E   -4 -5 -7 -5 -10 -3  8 -3 -4 -6 -7 -5 -4 -10 -6 -6 -7 -9 -6 -9    1   0   0   0   0   1  91   3   0   1   1   0   1   0   0   0   0   0   0   0  2.71 1.21
  191 V    0 -2 -1  0  1 -3 -3  0  1 -2 -2 -2 -1  1 -4  0 -1  2  3  3    9   3   2   7   3   1   1   7   3   1   3   2   2   5   0   8   3   3  12  26  0.30 0.27
  192 A    4 -7 -3 -3 -4 -3 -5  6 -5 -6 -7 -6 -5 -4 -4  0 -3 -5 -6 -6   29   0   1   2   0   1   0  55   0   0   0   0   0   1   1   7   1   0   0   0  1.49 0.73
  193 V    0 -1  0 -3 -3 -3 -2 -2  0 -4 -3 -2 -4 -4  7 -1  1 -3 -2 -4    8   3   5   2   1   1   3   3   2   1   2   2   0   1  49   6   8   1   1   1  1.10 0.61
  194 G    0 -5 -3 -6  0 -7 -6  7 -5 -9 -8 -7 -8 -7 -6  2 -5 -3 -5 -8    6   1   1   0   2   0   0  73   0   0   0   0   0   0   0  15   0   0   0   0  1.96 0.89
  195 Q   -6 -6 -4 -7 -5  9 -4 -9 -3 -8 -6 -4 -1 -5 -5 -6 -7 -9 -8 -2    0   0   1   0   0  90   0   0   1   0   1   1   2   1   1   0   0   0   0   3  3.14 1.37
  196 H   -3 -5  2 -6  1  1 -4 -4  6  0  0 -5  1  5 -7 -4 -5  0  4 -1    2   0   9   0   3   7   1   2  19   5   7   0   3  19   0   1   0   1  14   5  0.88 0.49
  197 E   -4 -4 -7 -4 -5 -4  8 -5 -4 -10 -9 -4 -5 -8 -8 -5 -5 -9 -8 -5    1   1   0   0   0   0  92   1   0   0   0   1   0   0   0   1   1   0   0   1  2.79 1.23
  198 I   -1 -8 -8 -8 -3 -5 -8 -7 -8  7  1 -7  1  1 -6 -7 -3 -7 -4  2    6   0   0   0   0   0   0   0   0  56  13   0   3   6   0   0   1   0   0  13  1.53 0.68
  199 D    0 -5  5  3 -5 -4  1 -2 -4 -4 -5 -4 -4 -7 -2  1  1 -8 -6  0    9   0  30  18   0   0  11   3   0   1   1   0   0   0   2   9  10   0   0   6  0.79 0.50
  200 F   -5 -7 -6 -8 -3 -5 -7 -7 -5  2  4 -7  2  6 -4 -6 -1  2  1  1    0   0   0   0   1   0   0   0   0  11  34   0   4  29   1   0   4   3   4   8  1.15 0.56
  201 K    0  4  0  0 -4  1  1  0  2 -4 -2  2  0 -4 -1  0 -1 -1 -2 -3   10  20   4   4   0   5   8   7   5   0   3  15   2   0   3   5   4   1   1   2  0.30 0.24
  202 Y   -2 -3 -5 -5 -4 -4 -3 -6  7 -6 -3 -4 -3  4  3 -3 -4 -2  7 -4    4   1   0   1   0   1   2   0  21   0   2   1   1  13  17   2   1   1  31   1  1.41 0.70
  203 D    2  0  0  3 -1  0 -1  2 -2 -4 -2 -1  0 -3 -4  1  1 -5 -3 -3   18   4   4  15   2   5   2  15   1   0   4   3   3   1   0  12   8   0   1   2  0.30 0.26
  204 E   -3 -2  1  6 -4 -3  2 -2 -2 -5 -6 -3 -4 -3  3 -1  1 -4 -4 -5    2   2   5  38   0   1  14   4   1   0   1   1   0   2  14   5   8   0   1   1  0.88 0.52
  205 V    5 -6 -6 -5  0 -6 -6  1 -7 -1  1 -6 -1 -5  4 -3 -4 -7 -6  0   44   0   0   1   2   0   0  10   0   3  12   0   2   0  17   1   1   0   0   6  0.95 0.57
  206 L   -3 -4 -6 -5 -3 -4 -4 -5 -7  1  5 -4  3 -3 -6 -4 -1 -6 -4  2    2   1   0   1   0   1   1   1   0   7  58   1   7   1   0   1   3   0   0  14  1.10 0.56
  207 R    1  2 -1  0 -2  1  2 -2 -1 -2 -2  2 -2 -4 -2  0  2 -5 -4 -1   12  12   2   5   1   6  14   2   1   2   4  12   1   0   1   7  13   0   0   4  0.27 0.24
  208 A    5 -4 -3 -6  0 -2 -5 -4 -5 -1 -2 -4  5 -5 -4  1  3 -7 -6 -1   41   1   1   0   2   2   0   1   0   3   3   1  16   0   1   9  16   0   0   4  0.96 0.58
  209 C    7 -7 -7 -8  4 -5 -7 -1 -8 -4 -6 -7 -4 -8 -5 -1 -4 -8 -8 -3   80   0   0   0   8   0   0   4   0   1   0   0   0   0   1   3   1   0   0   2  2.04 0.95
  210 D   -8 -6 -4  9 -5 -7 -3 -8 -5 -10 -9 -6 -6 -10 -8 -7 -8 -11 -10 -7    0   0   1  96   0   0   1   0   0   0   0   0   0   0   0   0   0   0   0   0  3.27 1.30
  211 K    0  4  5  1 -4  2 -1 -3  2 -5 -5  0 -2 -3 -6 -1 -2 -2 -3 -5    9  19  25   8   0  10   4   1   5   1   1   5   1   1   0   5   3   1   1   0  0.66 0.42
  212 I    2 -4 -4 -5 -2 -1 -4 -3  3  3  1 -5  2  1 -5 -2  1 -3 -1  2   20   0   0   0   1   3   1   2   6  15  15   0   5   5   0   2   7   0   2  15  0.42 0.30
  213 Q   -1 -5 -5 -6 -1  2 -5 -6 -3  3  1 -5  5  3 -6 -2  0 -3 -2  3    5   0   0   0   1   9   0   0   1  17  12   0  13  10   0   3   5   0   1  21  0.67 0.40
  214 I   -3 -1 -4 -5 -4 -4 -5 -6 -4  2  4 -2  2  1 -6 -2  4 -1  0 -1    2   4   1   0   0   0   0   0   0   9  34   3   5   7   0   2  24   1   3   4  0.66 0.42
  215 F    1 -7 -7 -8 -1 -5 -7 -6 -2 -1  2 -7 -1  7 -7 -3 -2 -3  5 -1   11   0   0   0   1   1   0   0   1   3  15   0   2  40   0   2   3   0  17   5  1.28 0.62
  216 K   -7  5 -5 -6 -5 -4 -4 -8 -7 -6 -7  7 -2 -9 -7 -6 -7 -9 -8 -7    0  29   0   0   0   0   0   0   0   0   0  67   1   0   0   0   0   0   0   0  2.38 1.04
  217 L   -2  1  1 -2 -3  2  0 -4  2 -2  0 -2  1  1 -5  0  0  2  5 -3    3   9   6   1   0   8   7   1   5   3   9   1   4   5   0   8   7   3  18   1  0.35 0.29
  218 V    3 -6 -6 -6 -1 -5 -5 -1 -5  3  1 -5  2 -1 -6 -2  1 -4 -2  3   22   0   0   0   1   0   0   5   0  15  12   0   5   3   0   2  10   0   1  23  0.60 0.38
  219 V    2 -7 -7 -7  2 -7 -7 -6 -7  4  0 -7 -1 -3 -7 -3  0 -7 -6  6   14   0   0   0   3   0   0   0   0  20   8   0   1   1   0   2   6   0   0  45  1.16 0.58
  220 K   -3  5 -4 -5 -6 -1 -3 -5  1 -7 -7  7 -6 -6 -7 -3 -3 -2 -5 -7    2  30   1   0   0   2   1   1   4   0   0  54   0   0   0   2   1   1   0   0  1.75 0.83
  221 T    1 -1  3  0 -3  3  3  0  0 -3 -4 -1  0 -4 -5  1  0 -3 -3 -2   13   3  13   4   0  11  22   6   2   1   1   2   3   0   0   8   6   0   1   3  0.39 0.32
  222 I   -1 -5 -6 -7 -2 -5 -5 -7 -5  5  2 -5  2 -2 -7 -5  0 -3 -1  5    5   0   0   0   1   1   0   0   0  30  15   0   4   1   0   1   5   0   2  34  1.05 0.52
  223 A    7 -7 -7 -8  3 -7 -7 -1 -8 -6 -4 -7 -5 -4 -7 -1 -3 -8 -8 -3   82   0   0   0   5   0   0   4   0   0   2   0   0   1   0   3   1   0   0   1  2.05 0.96
  224 R    2  4  0 -1 -4  1  0 -3  3 -2 -1  1 -1 -2 -4  0 -1  0  0 -2   16  22   4   3   0   7   7   2   6   2   7   6   1   1   0   7   3   1   3   2  0.31 0.26
  225 K   -1  5 -1 -1 -5  3  1 -3 -1 -3 -2  3 -1 -5 -5 -1 -2 -4 -5 -4    6  26   2   3   0  15  10   2   1   2   5  19   2   0   0   5   2   0   0   1  0.66 0.43
  226 H   -1  0  3 -3 -2  1  0 -4  8 -5 -3 -2  1  0 -6 -2 -3 -3  3 -6    5   6  13   1   1   5   5   2  35   1   3   2   3   4   0   3   1   0   9   0  1.10 0.58
  227 G   -3 -5  2  1 -3 -3 -3  7 -2 -9 -9 -4 -8 -9 -8 -3 -7 -8 -8 -9    1   1   9   7   1   2   2  75   1   0   0   1   0   0   0   1   0   0   0   0  1.98 0.88
  228 L   -2 -2 -6 -7  0 -3 -6 -6 -1  0  4  1  4  1 -6 -3 -4  1  3  0    3   2   0   0   2   1   0   0   2   5  41  10   9   6   0   1   1   2  10   6  0.75 0.44
  229 Y   -1  0 -2 -2 -2 -1 -1 -4  4  2  0 -1  0  1 -4 -1  2  0  3  1    3   6   1   3   1   2   4   1  12  11   9   4   3   5   0   5  14   1   9   8  0.25 0.22
  230 A    7 -7 -5 -7 -1 -6 -6 -3 -7 -1 -3 -6 -6 -5 -1 -3 -4 -8 -4  1   74   0   0   0   1   0   0   2   0   3   2   0   0   1   4   1   1   0   1  11  1.65 0.82
  231 T   -4 -7 -2 -3  2 -5 -5 -6 -2 -5 -6 -6 -6 -8 -6  4  7 -8 -5 -3    1   0   2   2   4   0   0   0   1   1   1   0   0   0   0  26  60   0   0   2  1.77 0.91
  232 F   -7 -9 -9 -10 -4 -9 -10 -7 -5 -6 -3 -9 -1 10 -5 -9 -7 -1 -1 -6    0   0   0   0   1   0   0   0   0   0   2   0   1  90   1   0   0   1   1   0  3.30 1.25
  233 M   -2 -6 -8 -9 -8 -5 -5 -7 -4 -2  0 -8 11 -6 -9 -2 -5 -8 -7 -4    3   0   0   0   0   0   1   0   0   2   9   0  78   0   0   4   1   0   0   1  3.08 1.25
  234 A    4 -8 -7 -7  2 -7 -7 -3 -8 -8 -8 -7 -8 -9  7 -1 -2 -9 -8 -6   27   0   0   0   4   0   0   3   0   0   0   0   0   0  60   4   3   0   0   0  2.08 0.98
  235 K   -3  1 -7 -7 -9 -3 -6 -8 -7 -9 -6  8 -3 -4 -4 -5 -7 -9 -4 -4    2   8   0   0   0   1   0   0   0   0   1  83   1   1   1   1   0   0   1   1  2.48 1.13
  236 P   -6 -9 -9 -8 -9 -8 -8 -9 -5 -3 -4 -8 -9 -5  9 -6 -6  3 -1 -4    0   0   0   0   0   0   0   0   0   2   2   0   0   1  85   1   1   3   3   2  2.97 1.32
  237 K   -2 -1 -2 -2 -6 -3 -4 -5 -2  2  2 -4  1  6 -5 -1 -3  1  2  0    4   3   2   3   0   1   1   1   1  12  20   1   3  28   0   5   1   2   7   5  0.65 0.38
  238 F    1 -1  0  0 -2  0  1 -1  0 -1 -2  0  0  1  2  0  1 -1  1 -2   14   2   5   5   1   4   9   4   2   3   4   4   2   7  11   7   8   1   5   2  0.13 0.15
  239 G   -2 -3  3  5 -4 -2  1  4  1 -5 -5 -2 -4 -6 -6 -2 -1 -3 -5 -6    3   2  12  26   0   2   9  32   3   1   1   2   0   0   0   3   4   0   0   0  0.90 0.52
  240 I    0  0 -2  2 -1  2  2 -2  0  0  0 -1  1  0 -4 -1 -1  0  0  0    6   5   1  11   1   9  17   3   2   5  10   3   3   4   0   4   2   1   3   6  0.14 0.17
  241 A    3 -2  4 -2  0 -3 -1 -2 -1 -3 -3 -3 -1 -1  4  1 -1 -1 -2 -2   22   2  16   2   2   1   4   3   2   1   2   1   2   2  19   9   4   1   1   3  0.49 0.37
  242 G   -1 -4 -5 -8 -8 -8 -8  8 -8 -10 -10 -8 -9 -9 -5 -1 -5 -9 -9 -7    5   1   0   0   0   0   0  87   0   0   0   0   0   0   1   4   1   0   0   1  2.52 1.10
  243 S   -3 -7  6 -5  1 -3 -6 -7 -7 -6 -5 -6 -8 -9 -7  6 -3 -9 -8 -4    2   0  30   0   3   1   0   0   0   0   1   0   0   0   0  60   1   0   0   1  1.97 1.02
  244 G   -1 -8 -4 -5 -3 -4 -8  7 -8 -9 -9 -7 -8 -9 -5  2 -4 -9 -9 -7    6   0   1   1   1   1   0  73   0   0   0   0   0   0   1  15   1   0   0   0  2.05 0.96
  245 M   -1 -7 -5 -8  5 -3 -7  0 -4 -4  3 -7  8  1 -8 -3 -2  4 -1 -4    5   0   1   0  12   1   0   7   0   0  22   0  34   5   0   3   2   5   2   0  1.36 0.71
  246 H   -6 -2 -4 -6 -10 -5 -7 -7 11 -5 -6 -8 -9 -4 -5 -5 -5 -10 -6 -6    1   2   1   0   0   1   0   0  88   1   1   0   0   1   1   1   1   0   0   1  3.86 1.51
  247 C   -3 -7 -7 -7  1 -5 -7 -7  0  4  3 -6  2  2 -7 -3  1 -3 -1  4    1   0   0   0   3   1   0   0   2  22  24   0   5   8   0   2   8   0   2  23  0.86 0.47
  248 N   -4 -4  3 -5 -3 -3 -6 -3 11 -6 -7 -5 -3 -6 -9 -3 -4 -9 -2 -7    2   1  12   0   1   1   0   2  72   1   0   1   1   0   0   2   1   0   1   0  3.02 1.24
  249 M   -3 -6 -5 -7  0  5 -4 -6  1  2  2 -5  4  3 -7 -4 -3 -3 -3  2    3   0   0   0   2  25   0   0   3  13  19   0   9  12   0   1   1   0   0  12  0.85 0.53
  250 S   -2 -2 -2 -5 -5 -3 -4 -4 -2 -4 -6 -4 -3 -3 -7  7 -1 -4 -1 -6    2   3   2   0   0   1   1   1   1   1   1   1   1   1   0  76   4   0   2   0  1.78 0.97
  251 L   -2 -7 -8 -9  1 -7 -8 -8 -8  2  6 -8  1  0 -4 -7 -4 -7 -6  1    3   0   0   0   2   0   0   0   0   9  69   0   3   3   1   0   1   0   0   8  1.56 0.74
  252 F   -1  1 -5 -6 -1 -1 -4 -5  1 -1  0 -3  1  3 -6 -2 -1 10  1  1    5   6   1   0   2   3   1   1   3   3   9   2   3  11   0   3   4  32   4   8  1.17 0.58
  253 D   -2  0  1  6 -3  0  0 -1 -2 -4 -4  2 -3 -4 -3  0 -1 -4 -4 -4    4   5   7  38   1   4   6   5   1   1   2  11   1   1   1   7   3   0   1   2  0.69 0.37
  254 A    1  1 -1  0 -4  0  1  2 -1 -2 -2  3 -2 -4 -2 -1  0 -3 -3 -2   12   8   2   5   0   3   9  15   1   3   5  19   1   1   1   4   5   0   1   2  0.26 0.22
  255 E   -1 -2  3  5 -5  0  3 -2 -2 -5 -5  1 -5 -5 -2 -1 -1 -6 -4 -4    6   2  11  30   0   4  16   3   1   1   1  10   0   1   2   5   4   0   0   1  0.68 0.41
  256 G   -2 -2  0  1 -4 -2 -2  6 -3 -5 -4  0 -4 -2 -4 -1  0 -5 -5 -4    2   2   5   7   0   2   2  54   1   1   2   5   1   2   1   4   7   0   0   1  0.99 0.49
  257 N   -2  2  3 -1 -4  0  2  1  1 -4 -5  3 -3 -6 -5  0 -1 -6 -4 -2    3  11  14   3   0   4  15  10   3   1   1  20   1   0   0   6   4   0   0   3  0.48 0.34
  258 N   -2  1  7 -1 -2 -2 -1 -4 -2 -4 -3 -1 -4 -7  1 -1 -2 -7 -4 -2    3   6  54   3   1   2   3   1   1   1   3   3   0   0   7   5   3   0   1   3  1.24 0.66
  259 A    2 -3  2 -4 -3 -3 -3 -4 -3  2  2 -4 -1 -1  1 -2 -2 -2 -3  3   19   1  12   1   1   1   2   1   0  10  21   1   1   3   7   2   2   1   0  17  0.42 0.31
  260 F   -3 -4 -7 -7 -3 -6 -6 -5 -6 -2  2 -6  2  8 -6 -5 -2 -1 -2 -1    3   1   0   0   1   0   0   1   0   2  17   1   5  59   0   1   2   1   1   4  1.78 0.78
  261 F    1 -3 -3 -1 -1 -3 -1 -2  1 -3 -2 -3  0  5 -1 -1 -1  1  5 -2   14   2   1   4   2   1   4   3   4   1   3   2   2  24   3   4   3   2  18   3  0.57 0.35
  262 D    1 -3  0  6 -2 -1 -1 -1  1 -4 -4 -2 -2 -4 -3 -1 -2 -1 -1 -3   11   1   4  46   1   2   4   6   3   1   2   2   1   1   1   5   2   1   2   2  0.89 0.47
  263 P    1 -1 -2  1 -2 -1  2  2 -1 -4 -4  0 -3 -3  4  0 -1 -5 -4 -3   11   4   2   8   1   2  13  14   1   1   2   6   1   1  22   6   4   0   1   1  0.43 0.29
  264 N    0 -1  3  3 -4  0  1  0  0 -4 -4  1 -3 -4 -2  2  1 -5 -3 -4    7   3  12  16   0   3  11   8   2   1   1   7   0   1   2  15   8   0   1   1  0.35 0.25
  265 D    1 -2  0  5 -3 -1  1  3  0 -5 -4 -1 -3 -4 -2  0 -1 -2 -5 -3   10   2   4  28   1   2   8  22   2   1   1   4   1   1   2   6   3   1   0   2  0.57 0.35
  266 P   -1  0 -2  0 -3  0  3  1 -2 -3 -3  1 -3 -2  4  0 -1 -2  2 -3    5   4   1   5   1   3  17   9   1   1   3   7   0   2  21   6   3   1   7   2  0.39 0.27
  267 K    0  1  0  2 -1  0  1  1  2 -2 -1  1 -1 -1  0  0  0 -2  1 -2    8   7   5  12   1   4   8  10   5   2   5   8   1   2   3   6   5   0   6   2  0.11 0.09
  268 G   -1 -2  0 -1 -2 -1  0  4  0 -2 -2 -1 -2 -2  1 -1 -1 -1  1 -2    5   3   5   3   1   3   6  36   3   2   4   4   1   2   6   4   3   1   5   3  0.39 0.19
  269 M    1 -1  0  0 -1 -1  0  0  0 -1  0 -1  2  0  0  0  0  1  2 -1   14   4   3   5   1   2   7   6   3   3  10   4   6   3   4   6   5   2   8   4  0.04 0.04
  270 Q    0  0  1  0 -1  1  1  1  2 -1 -1  0  0 -1  0  0  0 -2  0 -1    6   4   7   5   1   6   7  13   6   3   6   6   3   2   4   6   5   1   3   4  0.06 0.05
  271 L   -3 -3 -4 -4 -2 -3 -3 -4 -3  2  5 -4  3  0 -2 -4 -3 -2 -3  0    2   1   1   1   1   1   2   2   1   8  58   1   6   3   2   1   1   1   1   4  0.94 0.44
  272 S   -3 -4 -2 -4 -5 -4 -4 -4 -5 -6 -5 -4 -2 -6 -3  7  1 -6 -6 -5    2   1   2   1   0   1   1   2   0   0   1   1   1   0   2  76   8   0   0   1  1.83 0.92
  273 E    0  0 -2  4 -5  2  3 -3 -3 -4 -4  2 -4 -6  2 -2 -1 -6 -5 -3    7   5   1  20   0  10  21   2   0   1   2  12   0   0   8   3   3   0   0   2  0.58 0.39
  274 T   -1 -2 -2 -3 -3 -1  0 -5 -3  2  2 -2  2  0 -3 -3  4 -5 -3  1    6   2   2   1   1   3   6   0   1  13  21   2   4   3   1   1  23   0   1   9  0.38 0.29
  275 A    4 -5 -4 -5  2 -4 -5  4 -4 -4  0 -4  2  2 -5 -3 -3 -3 -5 -3   38   1   1   0   4   1   1  27   0   1   8   1   6   7   0   2   1   0   0   1  0.91 0.53
  276 Y   -2  5 -3 -2 -2  1  0 -3  1 -3  1  2  1 -3 -4 -2 -3 -3  2 -4    3  34   1   2   1   5   6   2   4   1  15  11   3   1   1   2   1   0   6   1  0.63 0.42
  277 H   -1 -1  1 -5 -3  2 -3 -2  8 -7 -6 -3 -3 -2 -7  2 -5  3  4 -7    6   4   6   0   1  10   2   3  32   0   1   2   1   1   0  13   0   4  14   0  1.22 0.67
  278 F    1 -8 -8 -9 -4 -8 -8 -6 -3 -5 -5 -8 -2  8 -8 -4 -6  4  6 -3   13   0   0   0   0   0   0   1   1   0   1   0   1  55   0   1   0   4  20   2  2.13 0.97
  279 L   -1 -5 -7 -7 -3 -6 -7 -6 -7  6  3 -7  3 -4 -7 -4 -2 -7 -6  3    5   1   0   0   0   0   0   0   0  43  22   0   6   0   0   2   2   0   0  17  1.27 0.61
  280 G    6 -5 -3 -7 -4 -5 -4  5 -4 -7 -7 -6 -7 -8 -6 -3 -4 -8 -7 -6   54   1   2   0   0   0   1  39   0   0   0   0   0   0   0   2   1   0   0   0  1.70 0.85
  281 G   -4 -4 -5 -8 -9 -8 -8  8 -8 -10 -10 -8 -9 -10 -9 -6 -8 -9 -10 -10    1   1   1   0   0   0   0  97   0   0   0   0   0   0   0   0   0   0   0   0  3.00 1.24
  282 L   -4 -7 -5 -8 -3  2 -6 -8 -5  5  4 -6  1 -4 -7 -6 -5 -1 -6  3    1   0   0   0   1   8   0   0   0  27  39   0   3   0   0   0   0   1   0  19  1.21 0.62
  283 I   -5 -5 -8 -8 -6  1 -5 -8 -5  1  6 -5  3 -2 -8 -5 -5 -7 -4 -1    1   0   0   0   0   8   1   0   0   7  69   1   6   2   0   1   1   0   0   3  1.52 0.75
  284 K    2  1  0  1 -4  0  2 -3  3 -5 -5  4 -4 -4 -5  0 -1 -6 -1 -3   16   7   4   8   0   3  14   1   7   0   1  25   0   1   0   5   4   0   2   2  0.52 0.38
  285 H   -3  0 -1 -6 -1 -4 -5 -3 10 -8 -3 -3 -3 -3 -7 -4  0 -5  3 -5    3   5   3   0   2   0   1   2  60   0   3   1   1   1   0   1   7   0   9   1  2.17 0.97
  286 A    5 -6 -4 -6 -2 -5 -5 -1 -3  1  2 -5  4 -3 -5  0 -1 -6 -4 -2   41   0   1   0   1   0   0   4   1   8  19   0  11   1   0   6   4   0   0   2  0.81 0.52
  287 Y    0  4 -1 -3 -2 -1 -1 -2 -2 -5 -5  2 -4 -6  6 -1 -4 -4 -5 -5    9  23   3   1   1   2   3   4   1   0   1  12   0   0  33   4   0   0   0   1  0.96 0.57
  288 N    4 -5 -4  2 -5 -2  4  1 -4 -6 -7 -4 -3 -6 -3  1 -4 -7 -4 -5   37   0   0  10   0   1  28  10   0   0   0   0   1   0   2   9   0   0   1   0  0.96 0.61
  289 Y    0 -6 -4 -7  0 -5 -6 -5 -5  4  4 -6  4  1 -7 -1 -2 -4 -3 -1    7   0   1   0   2   0   0   1   0  20  40   0  11   6   0   6   2   0   1   3  0.91 0.50
  290 T    1 -6 -2 -5  5 -1 -5 -5 -5 -3  0 -5  6 -2 -5  1  4 -7 -5 -2   13   0   2   0  12   3   0   0   0   1   9   0  16   2   0  12  27   0   0   3  0.90 0.57
  291 A    6 -5 -7 -7  0 -6 -6 -2 -7 -1  2 -6 -3 -4  0 -2 -5 -3 -4  0   58   0   0   0   2   0   0   3   0   3  16   0   0   1   5   2   0   0   0   7  1.16 0.68
  292 I   -5 -7 -8 -8 -4 -7 -8 -7 -7  4  3 -7  2  6 -7 -6 -5 -1 -3  3    1   0   0   0   0   0   0   0   0  22  26   0   5  28   0   0   0   1   1  16  1.30 0.62
  293 M    1 -6 -4 -6  2 -4 -6 -2 -2 -1  2 -5  1  4 -6 -1  4 -1  2 -1   10   0   0   0   4   0   0   3   1   2  17   0   3  15   0   4  29   1   7   5  0.65 0.45
  294 N    5 -4  6 -4  4 -4 -6 -3 -3 -6 -5 -5 -3 -6 -6  0 -1 -3 -5 -4   38   1  36   0   7   1   0   2   1   0   1   0   1   0   0   6   4   1   0   1  1.33 0.73
  295 P   -4 -6 -5 -7 -3  0 -7 -5 -5 -9 -9 -7 -6 -10  8  0 -3 -10 -6 -8    1   0   1   0   1   4   0   1   0   0   0   0   0   0  83   7   2   0   0   0  2.78 1.24
  296 T   -4 -4  3 -4 -3 -4 -5 -5  2 -1 -1 -4 -4 -2 -6  2  6  3  0 -3    0   1  11   1   1   0   0   1   4   4   5   1   0   2   0  13  49   3   3   2  1.09 0.67
  297 V   -1 -4 -5 -6 -2 -4 -3 -5 -4  4 -2 -3 -2 -3  1 -4  2 -4 -2  5    6   1   0   0   1   1   2   1   1  19   3   1   0   1   8   1  12   0   1  40  0.84 0.50
  298 N   -5 -7  9 -4 -9 -4 -2 -6 -4 -5 -7 -6 -6 -9 -8 -5 -4 -10 -8 -7    1   0  91   1   0   1   3   0   0   1   1   0   0   0   0   0   1   0   0   0  3.08 1.30
  299 S   -1 -7 -5 -4  2 -6 -5 -1 -7 -8 -8 -6 -7 -8 -7  7 -3 -8 -7 -7    5   0   0   1   3   0   0   5   0   0   0   0   0   0   0  83   1   0   0   0  2.20 1.08
  300 Y   -8 -6 -8 -9 -6 -8 -8 -9 -4 -7 -5 -8 -5  3 -9 -7 -8 -1 10 -6    0   0   0   0   0   0   0   0   0   0   1   0   0   9   0   0   0   1  87   1  3.53 1.39
  301 K   -3  5 -3 -1 -6 -1 -1 -5 -1 -7 -5  7 -5 -6 -6 -4 -4 -8 -6 -6    2  25   1   4   0   2   4   1   1   0   1  56   0   0   0   1   1   0   0   1  1.63 0.79
  302 R   -5  9 -6 -7 -9 -5 -6 -6 -6 -9 -8 -3 -5 -8 -8 -7 -7 -8 -7 -8    1  96   0   0   0   0   0   1   0   0   0   1   0   0   0   0   0   0   0   0  3.25 1.30
  303 L   -5 -4 -5 -8 -4 -5 -7 -8 -6  1  5 -7  0  4 -6 -5 -4 -3  2 -2    0   1   0   0   0   0   0   0   0   8  58   0   2  17   0   1   1   0   6   2  1.34 0.64
  304 V    0  2  0 -2 -2  2 -2  0 -1  1 -1  0 -1 -3 -4 -2 -1  1 -3  4    7  10   4   2   1  11   2   6   2   6   5   5   1   1   0   2   4   2   0  30  0.30 0.27
  305 P    1 -1 -3  0 -4 -3 -1 -1 -3 -6 -4 -1 -3 -6  7  0 -2 -7 -5 -4   10   3   1   5   0   1   5   4   1   0   2   4   1   0  51   7   3   0   0   1  1.19 0.64
  306 G   -1 -1  2  1 -4  0 -1  5  3 -6 -5 -2 -4 -2 -3 -2 -4 -2  1 -5    5   3  10   8   0   4   3  44   6   0   1   2   0   2   1   3   1   1   4   0  0.81 0.46
  307 Y    0 -2 -1 -3  0 -2 -2 -2  1 -2 -2 -2  1  4 -4  3  1  0  4 -3    6   2   2   1   2   2   2   4   3   2   4   2   3  17   1  21  11   1  13   1  0.43 0.33
  308 E   -3 -3 -4 -1 -1 -3  5 -3  0 -5 -2 -2 -2  4 -6 -2 -4  9  1 -5    3   1   0   3   1   1  31   2   2   1   5   2   1  15   0   3   1  23   4   1  1.21 0.62
  309 A    7 -5 -4 -4 -1 -5 -5 -4 -3 -4 -6 -5 -6 -7 -5  1 -1 -7 -6 -1   73   0   1   1   1   0   1   1   1   1   0   0   0   0   1  10   4   0   0   4  1.64 0.83
  310 P   -4 -5 -7 -7 -5 -5 -7  0 -8 -8 -7 -7 -8 -9  9 -2 -6 -9 -8 -8    1   1   0   0   0   1   0   9   0   0   1   0   0   0  83   3   0   0   0   0  2.82 1.21
  311 V    1 -1 -1 -1  0 -2 -2 -3 -3  1 -2 -1  0 -3 -4  0  3 -1 -1  3   10   3   3   4   2   2   2   2   1   9   3   3   2   1   0   5  19   1   3  24  0.30 0.27
  312 Y   -1  1  3 -2 -3 -1 -2 -2  3 -3 -3 -1 -2  2 -5  0  0  0  5 -2    6   8  15   1   1   2   2   3   7   1   3   4   1   7   0   6   7   1  22   3  0.49 0.35
  313 I    2 -1 -3 -3 -2 -1 -4 -4 -5  4  1 -2 -1 -2  0 -2 -1 -5 -3  3   15   3   1   1   1   3   0   1   0  25  14   2   1   1   4   2   4   0   1  21  0.49 0.33
  314 A    2 -3  1 -1  5 -2 -3 -1 -1 -2 -3 -3 -1 -1 -5  3  3 -6 -4  0   18   1   6   3  14   1   1   5   1   2   1   1   1   3   0  19  16   0   0   6  0.51 0.37
  315 W   -5 -8 -9 -9 -5 -8 -6 -5 -5 -6 -5 -9 -6  0 -9 -6 -7 12  4 -3    1   0   0   0   0   0   1   1   0   0   1   0   0   3   0   1   0  75  12   2  3.92 1.46
  316 A    1 -5 -3 -4 -7 -6 -5  6 -7 -6 -7 -6 -7 -6 -7  3 -2 -8 -7 -6   10   1   1   1   0   0   0  60   0   1   0   0   0   0   0  23   2   0   0   0  1.60 0.79
  317 G   -1  1 -1 -1 -2 -1 -1 -1  2  0  0  0  0  1  0 -1 -1  1  3  0    6  10   3   4   0   2   3   5   6   6   9   5   3   5   4   3   3   2  12   9  0.09 0.11
  318 R   -2  1  3  5 -6  0  2  0 -1 -4 -3  0 -2 -5 -4 -1 -2 -6 -2 -3    4   8  12  30   0   4  13   8   2   1   2   4   1   0   1   4   2   0   1   2  0.60 0.39
  319 N   -6 -4  9  1 -6 -6 -3 -4  1 -9 -7 -5 -8 -9 -8 -2 -4 -9 -6 -8    1   1  80   7   0   0   2   1   3   0   1   0   0   0   0   3   1   0   0   0  2.59 1.13
  320 R   -5  8 -5 -6 -5 -4 -5 -5 -4 -7 -5  0 -6 -6 -4 -5 -6 -9 -4 -8    1  86   1   0   0   1   0   1   0   0   1   4   0   0   1   1   0   0   1   0  2.66 1.15
  321 S   -1 -3  0 -3 -2 -2  1  0  0 -6 -4 -3 -1 -4 -4  4  5 -7 -5 -5    5   1   4   1   1   1   8   6   2   0   1   1   1   1   0  34  31   0   0   0  0.89 0.59
  322 P    5 -4 -3 -3  4  0 -4 -4 -1 -4 -4 -5 -5 -3 -2  0  2 -7 -5  2   43   1   1   1   8   4   1   1   2   0   1   0   0   1   2   7  11   0   0  15  0.83 0.54
  323 L    4 -5 -5 -5  0 -4 -5  0 -6 -2  3 -5  5 -1 -1  0 -2 -3 -2 -2   30   0   0   0   2   0   0   8   0   1  25   0  12   2   4   8   2   0   2   2  0.64 0.45
  324 V   -3 -7 -7 -8  1 -7 -7 -8 -6  5  3 -7  0  2 -7 -6 -4 -6 -2  4    2   0   0   0   3   0   0   0   0  33  23   0   2   8   0   0   0   0   1  28  1.24 0.60
  325 R   -7  9 -7 -8 -2 -3 -4 -8 -3 -6 -8 -3 -7 -9 -8 -7 -6 -3 -6 -8    0  94   0   0   1   1   1   0   0   0   0   1   0   0   0   0   0   0   0   0  3.14 1.29
  326 V   -2 -6 -7 -7 -1 -5 -7 -6 -7  6  0 -5 -1 -3 -7 -5 -3 -7 -3  5    3   0   0   0   1   0   0   0   0  36   9   1   1   1   0   1   1   0   1  42  1.38 0.65
  327 P   -2 -3 -3 -4  0 -4 -5 -5 -3  1 -2 -2 -3 -4  8 -2 -2 -6 -6 -1    3   2   1   1   2   1   0   1   1   7   5   3   1   1  62   3   3   0   0   4  1.63 0.76
  328 A    2 -1  0 -1 -2 -1  0  2  1 -1 -2 -1  0 -3  1  1  1 -4 -2  0   17   4   3   3   1   2   6  15   4   2   3   3   3   0   6  10   7   0   1   9  0.15 0.16
  329 S    0 -1  1  0 -1 -2  0  3  0 -3 -3 -1 -3 -1  0  2  0 -3  3 -3    7   3   6   5   1   1   7  23   2   1   2   3   1   2   5  14   5   0  10   2  0.27 0.24
  330 R    0  3  1  1 -2 -1  0  0  2 -3 -4  1 -3 -3  1  2 -1 -2 -2 -4    7  16   7   8   1   2   6   8   5   2   1   9   0   1   8  14   3   0   1   1  0.28 0.23
  331 G    0 -2 -1  1 -5 -2  1  4 -2 -5 -4  0 -3 -4  4 -2 -2 -5 -4 -4    8   2   3   7   0   2   9  29   1   1   2   7   1   1  21   3   2   0   1   1  0.61 0.37
  332 M    1  0  1  2 -1  1  2  0 -1 -2 -3  2 -2 -4  1  1 -1 -4 -3 -2   11   4   7  10   2   5  11   8   1   2   1  16   1   0   6   9   3   0   1   2  0.23 0.19
  333 G    3  0  1  0 -3 -1 -1  2 -1 -3 -3  0 -3 -3 -2  2  0 -4 -2 -2   26   5   6   6   0   2   3  14   1   1   2   4   1   1   2  18   4   0   1   2  0.34 0.27
  334 T    1  2 -1 -4  0 -1 -2  0 -3 -1 -1  1  1 -3 -3  0  4 -5 -4 -1   13   9   2   0   2   2   1   7   1   4   5  10   4   1   1   6  26   0   0   4  0.33 0.28
  335 R   -5  8  1 -4 -7 -4 -5 -5  3 -7 -6 -2 -2 -3 -6 -3 -4 -4 -1 -4    1  70   7   1   0   0   0   1   6   0   1   2   1   1   0   2   1   0   3   1  1.93 0.87
  336 L   -2 -7 -7 -8 -1 -7 -7 -7 -6  6  2 -7  1  4 -7 -6 -5 -3 -4  3    3   0   0   0   2   0   0   0   0  38  18   0   4  14   0   0   0   0   0  20  1.23 0.59
  337 E   -7 -6 -7 -4 -10 -2  8 -8 -6 -4 -9 -4 -4 -10 -7 -6 -5 -9 -8 -6    0   0   0   0   0   1  94   0   0   1   0   1   0   0   0   0   1   0   0   0  2.87 1.29
  338 L   -4 -5  3 -4  2 -4 -5 -6  4  1  2 -5  0  4 -6 -3 -3  2  3  1    1   0  15   1   5   1   0   0   9   7  21   0   2  14   0   1   1   2  10  10  0.68 0.42
  339 R   -6  8 -3 -7 -9 -3 -5 -8 -2 -9 -5  1 -4 -9 -8 -4 -4 -9 -8 -8    0  85   1   0   0   1   0   0   1   0   1   7   1   0   0   1   1   0   0   0  2.70 1.16
  340 S    1 -3  0 -3  3 -3 -4 -2 -1  2  1 -4  0  0  0  2  1 -1 -2  2   12   1   5   0   5   1   0   2   1  10  12   0   2   5   4  15   8   1   1  14  0.22 0.23
  341 V    3 -7 -6 -6 -2 -6 -6  1 -4 -2 -4 -6 -3 -2  7 -1 -4 -8 -7  0   19   0   0   0   1   0   0  11   0   3   2   0   1   2  48   6   1   0   0   6  1.37 0.74
  342 D   -2 -6 -4  7 -5 -6 -1  4 -7 -9 -9 -6 -8 -9 -7 -2 -5 -9 -8 -8    4   0   0  64   0   0   3  24   0   0   0   0   0   0   0   3   0   0   0   0  2.02 0.94
  343 P    4 -6 -2 -6 -1 -5 -6  2 -3 -4 -5 -5 -3 -6  5  1 -3 -7 -7 -3   37   0   2   0   1   0   0  15   1   1   1   0   1   0  27  11   2   0   0   2  1.12 0.65
  344 M    2 -5 -4  4  1 -4 -3 -2 -5 -5 -2 -4  2 -6 -5  3  3 -7 -5 -4   18   0   0  26   3   0   0   3   0   0   5   0   5   0   0  22  15   0   0   1  0.78 0.53
  345 A    5 -6 -4 -7  7 -6 -6 -1 -7 -1 -3 -6  0 -4 -6  0  0 -7 -6  0   41   0   1   0  25   0   0   5   0   3   2   0   2   1   0   8   5   0   0   7  1.25 0.66
  346 N   -7 -7  9 -3 -4 -3 -6 -7  0 -10 -10 -6 -8 -9 -8 -3 -6 -10 -8 -8    0   0  93   1   0   1   0   0   2   0   0   0   0   0   0   2   0   0   0   0  3.24 1.33
  347 P   -5 -8 -8 -8 -9 -6 -7 -7 -5 -1 -6 -7 -6 -5  9 -4 -5 -10 -7 -3    1   0   0   0   0   0   0   0   0   3   1   0   0   1  88   1   1   0   0   3  2.99 1.27
  348 Y   -7 -8 -7 -9 -9 -8 -8 -9  4 -8 -8 -8 -7 -1 -9 -7 -8 -4 10 -8    0   0   0   0   0   0   0   0   9   0   0   0   0   2   0   0   0   0  87   0  3.59 1.41
  349 V   -6 -7 -6 -9 -6 -6 -8 -9 -8  1  7 -8 -1  0 -8 -8 -4 -3 -3 -2    0   0   0   0   0   0   0   0   0   6  85   0   1   3   0   0   1   0   1   2  1.98 0.87
  350 A    5 -5 -3 -6  0 -3 -5 -1 -4 -2  0 -4 -1 -2 -5  0  0 -5  0  2   47   0   1   0   2   1   0   6   0   1  10   1   1   1   0   6   5   0   3  14  0.74 0.49
  351 M   -1 -6 -6 -7 -1 -3 -5 -5 -1  2  4 -6  3  5 -5 -4 -2 -4  1  0    5   0   0   0   1   1   0   0   1  13  33   0   6  24   0   1   3   0   4   6  0.84 0.45
  352 A    6 -6 -6 -5 -3 -4 -6  0 -4 -5 -5 -5 -3 -6 -4  2  0 -8 -5 -4   72   0   0   0   1   1   0   6   0   0   1   0   1   0   1  11   5   0   0   1  1.59 0.83
  353 V    5 -6 -6 -6  1 -5 -5  1 -6 -3  1 -5  0 -4 -5  0 -2 -6 -4  1   51   0   0   0   2   0   0   9   0   1  12   0   2   1   0   7   3   0   1  11  0.91 0.56
  354 L   -1 -5 -5 -6  1  0 -5 -6 -5  4  3 -5  5 -2 -6 -1  1 -5 -2  2    4   0   0   0   3   4   0   0   0  23  24   0  14   1   0   4   7   0   2  12  0.72 0.42
  355 L   -4 -7 -8 -8 -4 -6 -7 -8 -5  4  6 -7  1 -2 -7 -7 -4 -6 -4  1    1   0   0   0   0   0   0   0   0  25  61   0   2   1   0   0   1   0   0   7  1.53 0.70
  356 E    5 -2 -3 -5 -3 -1 -1 -1  1 -2 -1 -1  3 -2 -5 -1 -2 -3  0 -2   49   3   1   0   0   3   4   5   3   2   6   3   7   1   0   3   2   0   4   2  0.67 0.46
  357 V    7 -7 -6 -7  2 -6 -6  0 -7 -6 -5 -6 -4 -6 -6  1 -3 -8 -6 -4   76   0   0   0   4   0   0   7   0   0   1   0   0   0   0   8   1   0   0   1  1.79 0.88
  358 G    0 -7 -6 -7 -2 -7 -7  7 -7 -1 -5 -7  1 -5 -7 -4 -5 -8 -8 -3    6   0   0   0   1   0   0  80   0   3   1   0   3   1   0   1   1   0   0   3  2.07 0.90
  359 L   -2 -2 -6 -5 -4 -5 -4 -6  0  2  5 -5  3 -1 -7 -6 -4  0  0 -1    4   3   0   1   0   0   1   0   3  11  59   0   7   3   0   0   1   2   3   3  1.08 0.55
  360 Y   -2 -1 -2  7 -6 -1  1 -5  3 -5 -2  0 -4 -4 -6 -3 -4  1  1 -5    3   3   1  51   0   3  10   0   7   1   5   6   0   1   0   2   1   2   6   0  1.14 0.61
  361 G   -4 -8 -4 -7 -8 -7 -7  8 -7 -9 -9 -7 -5 -8 -7 -6 -7 -8 -8 -8    1   0   1   0   0   0   0  97   0   0   0   0   0   0   0   0   0   0   0   0  2.90 1.14
  362 I   -5 -7 -7 -7 -6 -6 -7 -8 -7  7  2 -7  3 -4 -7 -7 -5 -7 -4  2    0   0   0   0   0   0   0   0   0  63  15   0   5   0   0   0   0   0   0  14  1.83 0.77
  363 E   -1  3 -1  1 -5  1  5 -4 -3 -3 -4  3 -2 -4 -5 -2 -1 -6 -5 -3    4  16   2   7   0   5  34   1   0   2   1  17   1   1   0   2   4   0   0   2  0.77 0.47
  364 N   -2  4  5  0 -6  1  2 -3  2 -6 -5  2 -4 -6 -5 -2 -2 -6 -5 -6    3  19  28   5   0   7  11   2   5   0   1  13   0   0   0   2   2   0   0   0  0.84 0.49
  365 K   -1  2  1 -1 -4  2  1  1  0 -6 -5  5 -3 -6 -4 -2 -4 -6 -5 -6    4   9   7   4   0   7  10  12   2   0   1  39   1   0   1   3   1   0   0   0  0.78 0.48
  366 I   -2 -3 -4 -4 -2 -4 -3 -5 -4  4  5 -4  3 -2 -3 -3 -2 -3  0  0    4   2   1   1   1   0   2   1   0  21  46   1   6   1   1   1   3   0   3   4  0.80 0.43
  367 E   -1 -2 -1  5 -6  0  4 -4  0 -3 -4  1 -2 -6  1 -1  0 -6 -4 -2    4   1   2  28   0   3  26   1   2   1   2   7   1   0   7   5   6   0   0   2  0.68 0.42
  368 A   -1 -5 -5 -5 -1 -5 -5 -6 -6 -2  3 -5 -2 -4  7 -5 -4 -5 -6 -3    6   0   0   0   2   0   0   0   0   2  25   0   1   1  56   1   1   0   0   2  1.67 0.76
  369 P   -2 -2 -3 -1 -4 -2 -2  4 -3 -3 -5 -3 -2 -5  6 -1 -1 -5 -4 -4    3   2   1   3   0   2   3  29   1   2   1   1   1   1  39   5   4   0   1   1  1.05 0.54
  370 A    2 -2 -1  2 -4  0  3 -2 -3 -3 -4  0 -4 -5  4 -2 -2 -5 -4 -3   16   1   2  12   0   4  23   3   0   1   2   5   0   0  22   3   2   0   0   2  0.64 0.39
  371 P    1 -2 -3 -4 -3 -2  0 -3 -2 -3 -3 -2 -2 -5  7 -2 -4 -5 -3 -3   12   2   1   1   1   2   6   2   1   2   2   2   1   1  57   3   1   0   1   2  1.42 0.65
  372 I    0 -2 -2 -2  1 -2 -2 -2 -1  2  1 -2  1  1 -2  0  1 -1  0  3    7   2   1   1   3   2   3   3   1  13  11   1   4   5   2   6   8   1   3  22  0.18 0.15
  373 E   -1 -1  1  3 -3  0  3 -2 -1 -2 -2  0 -1 -3 -2  0  1 -4 -3  0    5   3   6  17   0   4  21   3   1   2   4   5   1   1   2   6  11   0   1   7  0.29 0.22
  374 E   -1  0 -2  1 -2 -1  2  4 -3 -1 -3  1 -1 -1 -3  0 -1 -3 -3 -1    3   6   1   7   1   2  13  33   0   3   3   8   1   3   1   5   3   0   1   6  0.35 0.23
  375 N   -2 -3  6  5 -2 -3 -1 -2 -3 -4 -4 -2 -3 -4 -3  0 -3 -4 -3 -3    3   1  38  29   1   1   3   3   1   1   2   2   1   1   2   8   2   0   1   2  1.07 0.50
  376 I    3 -3 -3 -3 -2 -2 -2 -1 -3  1  1 -3  1 -1  3 -1  0 -3 -2  1   23   1   1   1   1   1   2   6   1   9  14   1   4   2  14   4   4   0   1  12  0.29 0.20
  377 Y   -1 -2 -2 -1 -2 -2 -1 -1  1 -3 -3 -3 -3  3 -3  0 -2  0  8 -3    5   3   2   3   1   2   4   5   3   1   2   1   0   9   1   6   2   1  45   2  1.06 0.47
  378 I    0  0  0  2 -2  0  2 -1  2 -2 -1  1 -1 -2 -1  0  1 -3 -2 -1    9   4   4  13   1   3  14   5   5   2   7   7   1   1   2   7   8   0   1   3  0.13 0.10
  379 M    0 -1 -1 -1 -2  0 -1 -1 -2  0  3 -1  3  0 -1 -1 -1  0  0  0    6   3   2   4   1   4   4   5   1   3  28   5  10   3   3   4   4   1   3   6  0.14 0.11
  380 T    0 -1  0  1 -2 -1  0  0 -1 -1 -2 -1 -1 -2  2  2  2 -3 -2 -2    5   3   4   9   1   2   5   6   1   3   4   3   1   1  12  19  15   0   1   3  0.24 0.16
  381 A    1 -1 -1  2 -2  0  2 -1  0 -1 -2  0 -2 -2  2  0 -1 -3 -1 -1   14   3   3  11   1   5  14   5   2   3   4   5   1   2  11   7   3   0   2   4  0.17 0.11
  382 E    1  0  0  1 -2  1  3  0 -1 -2 -2  0 -2 -2  0  0 -1 -1 -2 -1   14   4   3   8   1   6  23   6   2   3   4   5   1   2   4   7   4   1   1   4  0.19 0.13
  383 E   -1  0 -1  1 -2  1  4  0 -1 -2 -2  1 -2 -2 -1 -1 -1 -1 -2 -1    5   4   2   6   1   6  33   7   1   2   4   7   1   2   3   4   4   1   2   4  0.34 0.19
  384 R   -1  3 -1 -1 -1  1  0 -2  0  0  1  1  0 -2 -1 -1 -1 -2 -1 -1    6  21   2   4   1   5   5   4   2   7  15   8   2   2   3   4   3   1   2   3  0.15 0.10
  385 K    1  1  0  0 -1  0  1  0 -1 -2 -1  2 -1 -2 -1  0  0 -2 -1 -1   13   9   3   5   1   4  11   5   1   2   5  16   1   2   2   7   5   0   2   4  0.13 0.10
  386 E    1  1  0  2 -2  1  2 -1  0 -2 -1  2 -2 -2  0  0 -1 -1 -2 -1   12   7   4  10   1   5  14   3   2   2   5  13   1   2   4   6   4   1   1   4  0.14 0.11
  387 A    1  2  0  0 -1  0  0  0  0 -1  0  0  0 -1  0  0  0 -2  0 -1   12  12   4   4   1   4   7   6   3   3  11   6   3   2   4   7   5   0   4   3  0.05 0.05
  388 G    0  0  1  1 -2 -1  0  4  0 -2 -2  1 -2 -2 -1  0 -1 -2 -2 -2    5   6   7   7   1   3   6  29   2   2   4   8   1   1   3   8   4   1   1   2  0.29 0.16
  389 I    0 -2 -1 -2 -1 -3 -2 -2 -2  4  1 -2  0  1 -1 -2 -1 -2  0  2    7   2   3   2   1   1   2   3   1  29  15   3   2   5   3   3   3   0   3  13  0.32 0.18
  390 T    0  1 -1  1 -4  1  1  0 -2 -2 -3  2 -2 -2  3 -1  0 -4 -2 -2    7   9   3   8   0   5  11   7   1   2   3  11   1   1  17   4   6   0   1   3  0.27 0.19
  391 D    0  3 -2 -1 -2  1  0 -3 -1 -1 -1  0  0 -1  1  1  1 -1 -2 -1    6  18   1   3   1   7   6   1   2   3   6   6   3   3   8  13   9   1   1   4  0.19 0.18
  392 L   -4 -7 -7 -8 -4 -5 -7 -8 -7  1  6 -7  1 -1 -7 -7 -4 -6 -4  1    1   0   0   0   0   0   0   0   0   7  73   0   3   3   0   0   1   0   0  10  1.63 0.74
  393 P   -1 -8 -8 -8  0 -8 -7 -8 -6 -9 -9 -7 -8 -6  9 -5 -5 -9 -9 -8    5   0   0   0   2   0   0   0   0   0   0   0   0   1  90   1   1   0   0   0  3.21 1.35
  394 S    1  3 -1 -1 -3  1  0  0  0 -2 -1  1 -2 -3 -2  1  2 -3 -2 -2   11  18   2   3   0   5   6   9   2   2   5   8   1   1   1  10  12   0   1   2  0.23 0.22
  395 T   -3 -3  4  2 -2 -4 -4 -4 -1 -6 -6 -5 -6 -6 -6  5  4 -8 -4 -6    1   2  16  10   1   0   1   1   2   0   0   0   0   0   0  39  25   0   1   0  1.21 0.71
  396 L   -5 -7 -9 -9 -7 -6 -8 -9 -6 -1  6 -7  2  0 -6 -8 -6  4 -5 -4    1   0   0   0   0   0   0   0   0   3  80   0   4   4   0   0   0   6   0   1  1.97 0.89
  397 H    0  1 -1  1 -3  0  2  2  0 -2 -1  1 -1 -2  0  0 -1 -1 -1 -3    7   9   2   8   1   2  16  15   3   2   6   8   2   2   5   7   3   1   2   1  0.16 0.16
  398 N    0 -3 -3  3 -6  1  6 -4 -1 -7 -5 -3 -3 -8 -5 -2 -1 -5 -7 -4    8   1   1  17   0   6  52   1   1   0   1   1   1   0   0   3   3   0   0   1  1.25 0.69
  399 A    7 -7 -7 -7 -3 -7 -7 -3 -7 -7 -7 -6 -7 -8 -7  1 -4 -8 -8 -3   86   0   0   0   1   0   0   2   0   0   0   0   0   0   0   9   1   0   0   2  2.26 1.06
  400 L   -1 -5 -6 -7 -4 -5 -6 -6 -6  4  5 -4  0 -4 -7 -5 -1 -5 -4  2    5   0   0   0   0   0   0   0   0  21  51   1   2   0   0   0   4   0   1  12  1.14 0.57
  401 K    1  1  0  4 -5  1  3 -3 -1 -4 -4  1 -4 -5 -4  0 -1 -6 -3 -3   12   8   4  24   0   5  21   2   1   1   1   7   0   0   0   5   4   0   1   2  0.56 0.38
  402 A    4  1  0 -2  1 -2  2 -4  0 -1  0 -2 -2 -1 -5 -1 -1 -4 -1 -2   34   8   4   1   3   1  16   1   3   4  11   2   1   2   0   3   3   0   2   2  0.40 0.34
  403 L    1 -7 -8 -8 -3 -7 -7 -7 -7 -4  5 -7  3  6 -7 -6 -4 -1 -2 -4   12   0   0   0   1   0   0   0   0   0  50   0   5  28   0   0   1   1   1   0  1.47 0.71
  404 T    0  1 -1  1 -5  1  5 -3  0 -5 -4  2 -2 -6 -5 -1 -2 -5 -4 -3    9   8   3   8   0   5  38   2   2   1   2  12   1   0   0   5   2   0   0   2  0.72 0.47
  405 E    2  1  2  0 -3  2  2  0 -1 -5 -5  3 -5 -6 -5  1 -2 -3 -5 -4   17   8  11   4   0   9  12   7   2   0   1  16   0   0   0  10   1   0   0   1  0.45 0.35
  406 D   -3 -6  1  6 -1 -5 -4 -2 -4 -8 -8 -5 -7 -8 -6  5 -5 -9 -8 -8    2   0   5  46   1   0   1   3   0   0   0   0   0   0   0  39   0   0   0   0  1.72 0.87
  407 E    0  0  0  2 -6  1  4 -3  1 -5 -5  2 -4 -6  1  0  1 -6 -5 -3    9   4   3  12   0   4  23   1   4   0   1  11   0   0   7   8  10   0   0   1  0.47 0.36
  408 V    0 -3 -5 -3 -2 -4 -2 -4 -4  1  2 -3  0  5 -3 -4 -1  2  1  3    7   1   0   2   1   0   3   1   0   8  18   2   2  23   1   1   3   2   4  20  0.55 0.34
  409 V    2 -6 -5 -7 -1 -5 -6 -5 -6  3  4 -6  3  2 -5 -4 -3 -4 -2  2   15   0   0   0   1   0   0   0   0  13  37   0   7   7   0   1   2   0   1  15  0.82 0.46
  410 K   -1  5 -1 -3  0  1 -1 -3  0 -2 -1  4 -1 -5 -2 -2 -1 -4 -4 -2    6  29   2   1   2   6   4   2   2   2   5  21   2   0   2   3   5   0   0   4  0.54 0.37
  411 A    0  1  0  3 -6  1  4  0 -2 -6 -5  1 -5 -6 -2  0  0 -5 -4 -5    8   6   5  16   0   4  29   6   1   0   1   8   0   0   1   7   5   0   0   0  0.59 0.40
  412 A    3 -3 -3 -5  0 -3 -3 -2 -2  1  0 -3  0 -1 -5 -1  1  0  2  3   27   1   1   0   2   1   1   3   1   7   9   1   2   2   0   3   7   1   7  22  0.42 0.32
  413 L   -6 -7 -6 -8 -6 -7 -8 -6 -7  1  5 -7  2  6 -7 -7 -6 -3 -1 -2    0   0   0   0   0   0   0   1   0   6  51   0   4  32   0   0   0   0   2   2  1.66 0.75
  414 G   -5 -7 -2 -3 -8 -6 -5  7 -3 -8 -7 -6 -6 -6  2 -1  0 -8 -8 -8    0   0   2   2   0   0   1  72   1   0   0   0   0   0  10   6   5   0   0   0  1.86 0.87
  415 D    0  0 -1  4 -7  0  4 -2 -2 -6 -6  2 -4 -6  2  0 -2 -5 -4 -5    8   4   3  20   0   3  29   2   1   0   0  11   0   0  10   6   2   0   1   0  0.72 0.47
  416 H   -1  1 -1  4 -5  0  4 -1  4 -4 -3  0 -3 -2 -1 -1 -1 -3 -3 -2    6   7   2  20   0   4  23   4   9   1   3   4   1   2   3   4   4   0   1   2  0.46 0.34
  417 I   -2 -5 -4 -7 -4 -4 -6 -5 -5  2  3 -7  2  6 -7 -6 -3 -4  1  2    4   0   1   0   0   1   0   1   0  11  27   0   4  32   0   0   2   0   4  12  1.07 0.54
  418 Y   -1 -2 -5 -6  1 -2 -5 -5  1  3  1 -3 -1  2 -4 -2 -1 -1  2  4    6   2   0   0   3   2   0   1   4  18  12   1   1   9   1   3   3   1   6  28  0.54 0.34
  419 T   -1  2  1  4 -5  1  4 -2  1 -6 -6  2 -4 -6 -3 -1 -1 -7 -4 -5    5  10   7  23   0   5  23   3   3   0   0  10   0   0   2   4   4   0   0   1  0.66 0.43
  420 S    1  0  0 -2 -1 -1  0 -2  4 -1 -1  0 -1 -1 -4  0  1  0  1  0   14   5   5   2   1   2   5   2  13   4   6   7   1   2   0   8  10   2   5   7  0.18 0.19
  421 F   -7 -8 -8 -9 -8 -6 -8 -9 -2 -1  0 -8 -5  7 -9 -8 -7  5  8 -3    0   0   0   0   0   0   0   0   1   3   8   0   0  34   0   0   0   6  45   2  2.30 0.98
  422 L    1 -2 -5 -3  1 -3 -5 -3 -5  4  3 -3  1 -1 -5 -2  0 -4 -2  2   11   2   0   1   3   1   0   2   0  22  25   2   2   2   0   3   7   0   2  15  0.50 0.32
  423 E    3  1 -1  1 -3  0  3 -1  1 -3 -3  1 -2 -4 -4  0  0 -3 -3 -3   22   8   3   6   0   4  18   4   3   2   2  10   1   0   0   7   6   0   1   1  0.34 0.29
  424 A    0 -3 -1 -3  1 -2 -2 -3 -2  2  2 -3  2 -1 -5 -1  1 -3  0  2    9   1   4   1   2   2   3   2   1  12  21   1   6   2   0   4   9   0   4  16  0.25 0.21
  425 K   -1  4 -6 -6 -6 -2 -4 -4 -6 -6 -5  7 -4 -5 -7 -5 -6 -8 -5 -5    6  17   0   0   0   1   1   1   0   0   2  69   0   1   0   0   0   0   0   1  1.96 0.93
  426 R   -3  5 -1 -3 -4  2  2 -4  0 -3 -1  2  1 -5 -6 -2 -1 -1 -3 -4    2  35   2   1   0   8  14   1   2   2   6  12   4   0   0   3   3   1   1   1  0.76 0.47
  427 I    2  1  0  0 -3  2  1 -2  2 -1 -2  2 -1 -1 -4  0 -1  3 -2 -2   17   7   4   6   0   9   8   2   5   3   4  12   1   3   0   7   3   4   1   2  0.22 0.21
  428 E   -5 -6 -6  0 -9 -1  8 -7 -4 -7 -7 -5 -3 -9 -7 -6 -6 -9 -8 -6    1   0   0   4   0   3  89   0   0   0   0   0   1   0   0   0   0   0   0   1  2.67 1.20
  429 W   -1 -4 -5 -5  1 -2 -3 -6  0  3  1 -6 -1 -1 -7 -4 -5 10  1  1    5   1   1   1   3   2   2   0   3  14  13   0   1   3   0   2   0  33   5  10  1.35 0.64
  430 A    1  2  1  3 -4  1  3 -2 -1 -3 -3  1 -2 -4 -5  0 -2 -3 -3 -3   13  10   8  16   0   7  18   2   2   2   3   8   1   1   0   5   2   0   1   1  0.39 0.30
  431 S    1  3 -1  1 -3  2  3 -4  1 -3 -2  0 -1 -3 -2  0 -1 -6 -2 -3   12  18   2   8   1   7  21   1   3   1   5   4   2   1   2   5   3   0   1   1  0.39 0.31
  432 Y   -4 -5 -4 -7 -4 -4 -6 -6  0 -1 -1 -7 -1  6 -8 -3 -6  4  7 -1    2   0   1   0   0   1   0   1   2   4   6   0   2  31   0   2   0   4  36   5  1.60 0.74
  433 A    0  3  2  0  1  2  2 -3  2 -2 -1  0  0 -2 -4  1 -1 -2 -2 -3    9  15   9   5   3   8  11   1   6   2   6   4   3   2   0   9   4   1   1   1  0.22 0.21
  434 T    1  3  1  0 -3  1  0 -1 -1 -2 -1  2 -1 -4 -4  2  1 -5 -3 -2   12  15   5   5   0   6   7   4   1   2   5  10   1   0   0  15   8   0   1   2  0.25 0.23
  435 F    2  2 -3 -3 -2  3  1 -4  4 -2 -3 -1 -1 -1 -4  0  1  1  1 -1   16  10   1   1   1  12  10   1  11   2   2   3   1   2   0   5  10   2   5   5  0.36 0.31
  436 V   -4 -7 -7 -3 -5 -5 -6 -7 -8  4 -3 -4 -3 -4  3 -4 -3 -8 -4  6    1   0   0   2   0   0   0   0   0  19   1   1   0   1  13   1   2   0   0  57  1.51 0.73
  437 S   -4 -6 -2 -2 -5 -4 -4 -4  6 -6 -6 -4 -5 -4 -3  3  6 -5 -6 -5    1   0   1   3   0   0   1   2  15   0   0   1   0   1   2  22  49   0   0   1  1.51 0.82
  438 Q   -1 -2 -1  5 -6  1  2 -5 -3 -7 -7 -2 -6 -8  5  0 -3 -5 -7 -6    6   2   2  35   0   6  12   1   1   0   0   2   0   0  25   6   2   0   0   0  1.09 0.62
  439 W   -2 -2 -9 -7 -8 -3 -4 -8 -2 -2 -1 -4 -1  1 -8 -7 -5 12  3 -2    3   3   0   0   0   2   1   0   1   2   7   2   1   5   0   0   1  59   8   3  2.72 1.11
  440 E   -7 -6 -6  1 -10 -3  8 -8 -5 -9 -9 -6 -8 -8 -7 -6 -6 -9 -8 -9    0   0   0   6   0   1  92   0   0   0   0   0   0   0   0   0   0   0   0   0  2.89 1.26
  441 I   -4  3 -5 -5 -4 -1 -5 -7  1  3  2 -3  2  3 -6 -5 -2  1  4  0    0  18   0   0   0   3   0   0   4  15  18   1   4  13   0   0   2   2  12   6  0.66 0.40
  442 D    0  3  1  3 -4  1  3 -3 -2 -5 -4  2 -2 -5 -5 -2 -2 -5 -2 -4    7  13   7  16   0   7  22   2   1   0   2  13   1   0   0   3   2   0   1   1  0.57 0.38
  443 N   -3  5 -1 -4 -6  0  2 -5  2 -4  0  2  2 -3 -5 -3  0  4  0 -4    2  31   3   0   0   4  14   0   4   1  10  10   4   1   0   2   5   5   3   1  0.66 0.43
  444 Y   -7 -8 -7 -10 -9 -6 -9 -5 -1 -8 -1 -8 -6  0 -10 -6 -5 -1 10 -8    0   0   0   0   0   0   0   1   1   0   6   0   0   3   0   1   1   1  85   0  3.27 1.32
  445 L   -3 -3 -8 -8 -6 -7 -7 -5 -4  0  5 -7  2  6 -8 -5 -6 -2  2 -3    2   2   0   0   0   0   0   1   0   5  48   0   4  29   0   1   0   0   7   1  1.40 0.67
  446 D   -3  0  2  5 -7 -1  5 -1 -1 -7 -7 -2 -6 -3 -1 -1 -1 -7 -3 -6    1   4  10  29   0   2  33   4   1   0   0   2   0   1   3   4   5   0   1   0  0.94 0.53
  447 L   -1  2 -3 -3  1 -3 -4 -6 -5  3  3 -1  2  1 -5 -4 -2 -5 -2  2    4  13   1   1   3   1   0   0   0  18  27   4   5   5   0   0   1   0   1  16  0.50 0.31
  448 Y   -6 -6 -6 -7 -6 -6 -6 -7 -1 -4 -4 -6 -4  8 -7 -6 -6 -2  8 -5    0   0   0   0   0   0   0   0   1   0   0   0   0  53   0   0   0   0  46   0  2.45 0.75

                      K         Lambda
Standard Ungapped    0.1370     0.3188
Standard Gapped      0.0410     0.2670
PSI Ungapped         0.2010     0.3174
PSI Gapped           0.0615     0.2670
