
Last position-specific scoring matrix computed, weighted observed percentages rounded down, information per position, and relative weight of gapless real matches to pseudocounts
           A  R  N  D  C  Q  E  G  H  I  L  K  M  F  P  S  T  W  Y  V   A   R   N   D   C   Q   E   G   H   I   L   K   M   F   P   S   T   W   Y   V
    1 M   -3 -4 -5 -5 -3 -3 -4 -5 -4  3  1 -4  8  1 -5 -4 -3 -3 -2  2    0   0   0   0   0   0   0   0   0  21   9   0  55   5   0   0   0   0   0   9  1.12 0.33
    2 A   -2 -7 -7 -8 -4 -6 -7 -8 -7 -2 -3 -6 11 -5 -6 -6 -3 -7 -6  0    3   0   0   0   0   0   0   0   0   1   0   0  87   0   0   0   1   0   0   5  3.22 1.11
    3 N   -5 -2  8 -3 -6 -4 -5 -3 -2 -7 -7 -2 -6 -7 -6 -1  4 -8 -6 -6    0   2  61   1   0   0   0   1   1   0   0   2   0   0   0   3  28   0   0   0  1.85 0.78
    4 K   -6  0 -4 -6 -8 -2 -4 -6 -4 -8 -6  8 -6 -8 -6 -5 -4 -8 -7 -7    0   4   1   0   0   1   0   0   0   0   0  93   0   0   0   0   1   0   0   0  2.55 0.97
    5 T    3 -1  0 -1 -4  1 -1 -1 -3 -3 -3  1 -3 -5 -1  3  2 -5 -4 -3   26   3   5   2   0   7   2   4   0   1   1  10   0   0   2  20  15   0   0   1  0.42 0.32
    6 D   -4 -4 -3  5 -8  3  6 -5 -3 -6 -6 -3 -6 -7 -5 -3 -4 -4 -6 -6    1   0   0  32   0  11  51   0   0   0   0   0   0   0   0   1   1   0   0   0  1.62 0.72
    7 L   -6 -6 -8 -8 -5 -6 -7 -8 -7  1  6 -7  1  2 -7 -7 -5 -6 -5 -2    0   0   0   0   0   0   0   0   0   8  81   0   3   8   0   0   0   0   0   2  1.74 0.70
    8 V    0 -6 -7 -7 -3 -6 -6 -6 -7  6 -2 -5 -2 -4 -6 -4 -2 -7 -4  5    9   0   0   0   0   0   0   0   0  47   1   0   1   0   0   1   2   0   0  38  1.44 0.62
    9 N    2 -1  1  4 -5  0  4 -3 -2 -4 -5  1 -3 -6 -4  0 -1 -4 -4 -4   16   3   7  22   0   4  26   2   0   1   0   8   1   0   0   6   3   0   0   0  0.61 0.37
   10 S    3  0 -2 -1 -4  1  1 -3  0 -1 -2  2 -1 -3 -4  0 -1 -4 -2 -1   32   5   1   2   0   7  10   1   3   3   4  14   1   1   0   7   2   0   1   5  0.32 0.27
   11 V   -3 -6 -7 -7 -5 -6 -6 -7 -7  5  2 -6  1 -3 -6 -6 -3 -6 -3  6    1   0   0   0   0   0   0   0   0  31  18   0   3   1   0   0   0   0   1  46  1.36 0.58
   12 A    6 -4 -5 -6 -3 -2 -3 -4 -2 -4 -5 -3 -3 -3 -5  2 -2 -6  0 -3   73   1   0   0   0   1   1   0   1   1   0   1   0   1   0  12   2   0   3   2  1.39 0.68
   13 E    1  0  0  2 -5  2  5 -2 -2 -5 -4  2 -4 -6 -3  0 -1 -6 -4 -3   12   4   4  11   0   7  35   3   0   0   1  10   0   0   0   6   3   0   0   2  0.57 0.36
   14 L    0  3  0 -1 -3  2  1 -2  0 -3 -3  4 -2 -4 -4 -1 -1 -5 -4 -3    8  16   3   3   0   8   9   3   2   1   3  31   1   0   0   5   4   0   0   2  0.49 0.31
   15 A    3 -4 -1 -4  0 -2 -3 -2 -1 -1  0 -3 -1 -2 -2  1  4 -3 -3  0   28   0   2   0   2   1   0   2   2   2   9   1   2   1   1  11  28   0   1   5  0.47 0.35
   16 D   -2 -4  1  3 -6  0  1  6 -1 -7 -7 -1 -4 -7 -5 -1 -3 -6 -4 -6    2   0   6  15   0   4   9  53   2   0   0   3   0   0   0   4   1   0   0   0  1.10 0.51
   17 L   -2 -3 -4 -4 -1 -2 -3 -2 -3  3  4 -4  3  0 -5 -2 -1 -2 -2  1    2   1   0   1   1   2   1   3   1  15  44   0   8   4   0   2   4   0   1   9  0.58 0.32
   18 S   -2 -3 -1  0 -5 -3 -3 -3 -5 -4 -5 -2 -4 -5  1  4  5 -6 -5 -4    2   1   3   4   0   0   1   1   0   1   0   2   0   0   7  36  40   0   0   0  1.05 0.57
   19 K   -4  2 -3 -4 -7  2 -2 -5 -2 -3 -4  7 -4 -7 -3 -4 -3 -7 -6 -4    1  11   1   1   0   8   1   0   1   2   1  71   0   0   1   0   1   0   0   1  1.65 0.72
   20 K    3  2 -1 -2 -3 -1 -1 -2 -2 -3 -4  5 -3 -5 -3  0  1 -5 -3 -1   24   8   2   2   0   1   2   3   1   1   1  35   0   0   1   4   8   0   1   5  0.55 0.36
   21 D    0 -2 -1  5 -4  3  3 -4 -1 -4 -4  0 -2 -5 -4 -1  0 -6 -4 -2    8   1   2  32   0  16  18   0   1   1   1   5   1   0   0   2   6   0   0   3  0.71 0.41
   22 A    6 -5 -4 -5 -1 -2 -5 -3 -5 -1 -4 -5 -2 -6 -5  0  0 -6 -5  2   64   0   0   0   1   1   0   1   0   3   1   0   1   0   0   7   7   0   0  14  1.16 0.59
   23 A    2  1  0  0 -4  0  3  1 -1 -4 -4  1 -3 -4 -3  0  1 -5 -4 -3   17   6   4   5   0   3  26  11   1   0   1  10   1   0   0   6   8   0   0   1  0.38 0.26
   24 K    1  3  0  1 -3  0  2 -2 -1 -2 -2  3 -1 -4 -3 -1 -1 -5 -3 -1   14  17   3   7   0   3  16   1   1   2   4  18   1   0   0   3   4   0   0   4  0.30 0.22
   25 A    4 -5 -4 -5 -1 -4 -4 -3 -2  2 -1 -4  1 -1 -4 -2  0 -4 -2  4   43   0   0   0   1   0   0   1   1  11   3   0   3   3   0   2   4   0   1  27  0.73 0.41
   26 V   -3 -5 -6 -6 -3 -5 -6 -6 -6  2  4 -5  0 -1 -6 -5 -2 -3 -2  5    1   0   0   0   0   0   0   0   0  11  34   0   1   2   0   0   2   0   1  47  1.09 0.48
   27 E   -2 -3  4  5 -6 -1  3 -3 -2 -6 -6  0 -5 -6 -4 -1 -1 -6 -5 -5    3   1  22  37   0   2  20   2   0   0   0   5   0   0   0   3   4   0   0   0  1.04 0.48
   28 A    5 -3 -3 -3  0 -3 -2  0 -1 -2 -2 -3 -2 -4 -4  1  2 -5 -4 -2   56   1   1   1   2   1   2   7   1   2   3   1   1   1   0   9  11   0   0   2  0.77 0.44
   29 V   -1 -5 -5 -6 -3 -5 -5 -5 -5  3  1 -5  2  5 -5 -4  0 -3 -2  4    5   0   0   0   0   0   0   0   0  13  14   0   4  22   0   0   6   0   0  33  0.76 0.37
   30 F   -3 -5 -4 -5 -2 -4 -4 -4 -5  3  3 -4  0  5 -5 -4  1 -2 -1  1    1   0   0   0   1   1   1   1   0  16  33   0   2  27   0   1   8   0   1   7  0.75 0.36
   31 E    0 -2  1  5 -4  0  4  0 -2 -5 -4  0 -4 -6 -4  0 -1 -4 -4 -4    7   2   5  34   0   4  25   6   1   0   1   4   0   0   0   6   3   0   0   0  0.71 0.37
   32 T    2 -3 -1 -3  0 -1  0 -1 -1  0 -1 -2 -2 -4 -3  2  3 -5 -3  1   19   1   3   0   2   3   7   5   1   7   4   1   0   0   0  15  23   0   1  10  0.29 0.25
   33 I   -4 -6 -7 -7 -5 -6 -7 -7 -7  7  0 -6  3 -2 -6 -6 -2 -6 -5  4    1   0   0   0   0   0   0   0   0  63   5   0   7   1   0   0   2   0   0  22  1.59 0.60
   34 Q    1  0 -2 -3 -2  1  0 -2 -2  0 -2  1  0 -3 -3  1  4 -3 -2  1    9   4   0   0   0   5   5   2   1   6   1  10   3   1   0  11  29   0   2  10  0.30 0.25
   35 T    0  0  1  3 -5  1  4 -1 -1 -4 -4  1 -3 -4 -4  1  0 -4 -3 -4    9   4   5  18   0   5  30   3   1   0   1   7   0   0   0  10   5   0   0   1  0.52 0.30
   36 S    4 -3 -1 -3 -1 -1  0 -1 -2 -3 -3 -2 -2 -3 -4  2  2 -5 -4 -1   43   1   2   0   1   2   7   3   1   1   1   2   1   1   0  17  13   0   0   4  0.57 0.36
   37 L   -3 -6 -5 -7 -1 -5 -6 -7 -6  0  6 -6  3 -2 -6 -5 -3 -5 -4  3    2   0   1   0   1   0   0   0   0   2  71   0   6   1   0   0   1   0   0  16  1.33 0.55
   38 S    3  0 -2 -2 -1  1  0 -2  0 -2 -3  3 -2 -3 -3  1  0 -5 -2  0   28   5   1   1   1   5   5   2   2   2   1  24   1   1   0   9   4   0   1   7  0.33 0.26
   39 K    1  2  2  0 -5  1  1 -1 -2 -5 -4  4 -4 -4 -4  1 -1 -5 -3 -3   11  12   9   5   0   4   9   3   1   0   1  31   0   0   0  10   2   0   1   1  0.50 0.30
   40 G   -3 -4 -1  0 -6 -4 -2  7 -2 -7 -7 -1 -6 -7 -5 -3 -5 -6 -6 -7    1   1   3   4   0   0   2  82   1   0   0   3   0   0   0   1   0   0   0   0  1.88 0.67
   41 E   -4 -2  0  5 -6  0  5  1 -1 -6 -6  0 -5 -4 -4 -2 -3 -6 -4 -5    0   1   4  27   0   3  43  11   1   0   0   5   0   1   0   1   1   0   0   1  1.04 0.48
   42 K   -1  3  0  1 -5  0  2 -2 -1 -3 -4  4 -2 -5 -1  1  0 -5 -4 -4    3  14   3   7   0   2  15   2   1   1   1  30   1   0   3  11   5   0   0   0  0.50 0.30
   43 V   -4 -6 -7 -7 -2 -6 -6 -7 -7  4 -1 -6 -2 -3 -6 -6 -3 -3 -5  7    1   0   0   0   1   0   0   0   0  18   4   0   0   1   0   0   1   0   0  74  1.73 0.67
   44 Q    1  1  1 -1 -4  3  1 -3  0 -3 -3  1 -2 -5 -2  2  3 -5 -3 -2   10   6   7   2   0  15  10   1   2   1   1   9   0   0   1  15  17   0   0   3  0.36 0.26
   45 L   -5 -6 -7 -7 -5 -6 -6 -7 -6  5  5 -6  0  1 -6 -6 -4 -2 -3  0    0   0   0   0   0   0   0   0   0  30  56   0   1   6   0   0   0   1   1   5  1.28 0.52
   46 I    0  2 -2 -4 -4 -2 -3 -4 -3  1 -1 -2 -1 -3  3  1  2 -5 -3  3    8  12   2   0   0   1   0   1   0   9   3   1   1   0  13  10  15   0   0  24  0.38 0.28
   47 G   -4 -3 -1 -1 -7 -6 -4  7 -4 -8 -8 -4 -7 -7 -4 -3 -6 -7 -7 -7    0   1   2   3   0   0   1  90   0   0   0   1   0   0   1   1   0   0   0   0  2.23 0.77
   48 F   -7 -7 -8 -8 -7 -8 -8 -8 -6 -3 -1 -8 -2  9 -8 -7 -7  0 -1 -4    0   0   0   0   0   0   0   0   0   1   6   0   1  91   0   0   0   1   0   1  2.90 0.92
   49 G   -3 -7 -5 -6 -1 -6 -7  8 -6 -8 -6 -6 -7 -4 -7 -5 -6 -7 -7 -7    1   0   0   0   1   0   0  96   0   0   1   0   0   1   0   0   0   0   0   0  2.55 0.85
   50 N   -1 -3  1 -4 -4 -3 -3 -4 -4 -2 -4  1 -3 -5 -4  3  6 -6 -5  0    3   1   5   0   0   0   0   0   0   2   0  10   0   0   0  26  44   0   0   7  0.92 0.50
   51 F   -5 -7 -8 -8 -7 -8 -8 -8 -6 -4 -2 -8 -3  9 -8 -6 -7  1 -1 -5    1   0   0   0   0   0   0   0   0   1   3   0   0  93   0   0   0   1   1   0  2.99 0.94
   52 E    0  0 -1  0 -3  0  4 -2  0 -3 -3  2 -2 -3 -3  2  0 -5 -2 -1    6   5   2   5   0   3  28   2   2   1   3  13   1   1   0  16   6   0   1   4  0.35 0.25
   53 V    0  0 -4 -5 -2 -2 -4 -4 -5  1  0 -1 -1 -3  0 -1  1 -3 -4  5    7   5   0   0   0   2   0   1   0   7   7   4   0   0   4   4   8   0   0  49  0.60 0.35
   54 R    0  5 -1 -3 -5  0 -2 -2 -1 -3 -4  4 -3 -5 -3  0  0 -5 -3  0    7  32   2   0   0   3   1   3   1   1   1  24   0   0   0   8   7   0   1   9  0.60 0.35
   55 E   -1  1 -1  2 -5  2  3 -3  3 -3 -4  2 -3 -4 -2 -1  1 -5 -1 -2    5   7   2  11   0   9  24   1   9   1   1  11   0   0   1   4   9   0   2   3  0.41 0.26
   56 R   -5  8 -4 -6 -4 -2 -4 -7 -4 -7 -5  1 -4 -7 -6 -3 -3 -4 -1 -4    0  85   0   0   0   1   0   0   0   0   1   5   0   0   0   1   2   0   2   1  2.27 0.82
   57 A    4 -1 -1 -2 -4 -1  0 -1 -3 -5 -5  4 -2 -5  2  0 -2 -6 -5 -3   40   2   3   2   0   3   5   3   0   0   0  24   1   0  10   6   1   0   0   0  0.66 0.39
   58 A    6 -4 -5 -4 -4 -2  2 -2 -5 -5 -5 -3 -3 -6  1  0 -3 -6 -5 -4   68   0   0   0   0   1  14   2   0   0   0   1   0   0   7   4   1   0   0   0  1.24 0.59
   59 R   -5  8 -5 -6 -5 -3 -4 -5 -2 -7 -7 -1 -4 -5 -6 -3 -4 -7 -1 -7    1  89   0   0   0   0   0   1   1   0   0   2   0   0   0   2   1   0   3   0  2.43 0.86
   60 K   -2  0  0 -1 -4  1  2 -3 -3  0 -2  2  2 -4 -1 -1  4 -3 -3  0    2   3   4   2   0   7  13   1   0   4   2  16   6   0   2   2  28   0   0   7  0.37 0.29
   61 G    1 -3 -4 -5 -2 -5 -6  7 -6 -7 -7 -5 -4 -7 -5 -3 -4 -4 -5 -3   10   1   0   0   1   0   0  82   0   0   0   0   0   0   0   1   1   0   0   2  1.91 0.69
   62 R   -5  8 -4 -6 -5 -3 -4 -6 -1  0 -4  0 -3 -3 -6 -5 -3 -7 -3  0    0  76   0   0   0   0   0   0   1   6   1   3   0   1   0   0   1   0   1   8  1.84 0.72
   63 N   -6 -4  9  0 -7 -4 -5 -5  1 -6 -8 -3 -7 -8 -7 -3 -5 -8 -7 -6    0   0  91   3   0   0   0   0   2   1   0   1   0   0   0   1   0   0   0   1  2.71 0.94
   64 P   -6 -4 -7 -6 -8 -6 -6 -7 -7 -5 -6 -6 -7 -5  9 -6 -6 -9 -8 -6    0   1   0   0   0   0   0   0   0   1   1   0   0   1  97   0   0   0   0   1  3.30 1.06
   65 R    0  5 -2 -4 -6  5 -2 -3 -1 -6 -4  3 -3 -5 -5 -1 -3 -6 -4 -5    8  34   1   0   0  27   0   2   1   0   1  20   0   0   0   5   1   0   0   0  1.06 0.51
   66 T   -3 -4 -2 -4 -5 -5 -5 -6 -6 -5 -6 -3 -5 -7 -4 -1  8 -7 -6 -4    1   0   2   0   0   0   0   0   0   0   0   1   0   0   0   3  90   0   0   1  2.28 0.89
   67 K   -3 -2 -1 -4 -6 -3 -4  7 -5 -7 -6  1 -6 -7 -4 -2 -3 -6 -7 -7    1   2   3   1   0   1   0  79   0   0   0   8   0   0   1   2   2   0   0   0  1.79 0.66
   68 E    1 -2 -2  0 -6  2  6 -5 -4 -5 -5  2 -4 -6 -4 -3 -3 -6 -5 -4   12   1   1   4   0   9  57   0   0   0   0  12   0   0   0   1   1   0   0   1  1.18 0.56
   69 E    1  0 -2 -2 -4  0  3 -4 -3 -3 -4  3 -3 -5  4  0  2 -5 -4 -2   12   4   1   1   0   2  21   0   0   2   1  17   1   0  18   5  13   0   0   3  0.51 0.31
   70 I   -4 -6 -5 -6 -4 -4 -6 -7 -5  7  1 -4  4 -3 -6 -5 -4 -6 -3  4    0   0   1   0   0   1   0   0   0  54   9   1   9   0   0   0   0   0   0  23  1.35 0.54
   71 D   -2  0  0  1 -4  3  2 -3  1 -2 -2  3 -1 -3  0 -1  2 -5 -3 -2    2   4   4   7   0  16  12   0   3   2   2  19   2   1   5   3  13   0   0   3  0.33 0.24
   72 I   -3 -5 -7 -7 -5 -6 -7 -7 -7  7 -1 -6 -2 -3 -6 -4 -3 -6 -4  3    2   0   0   0   0   0   0   0   0  72   4   0   0   1   0   1   1   0   0  19  1.75 0.65
   73 P    2 -3 -4 -3 -6 -2 -2 -3 -4 -6 -5  1 -6 -7  7 -1 -2 -7 -6 -5   17   1   0   1   0   1   2   1   0   0   0   9   0   0  60   5   2   0   0   0  1.61 0.63
   74 A    6 -4 -4 -4 -3 -3  1 -3 -5 -5 -5 -1 -5 -6  1 -1 -3 -6 -5 -4   74   1   0   0   0   1   8   1   0   0   0   3   0   0   6   4   1   0   0   0  1.32 0.62
   75 S    1  3 -2 -3 -1 -1 -2 -1  1 -4 -4  3 -1 -4 -4  3  2 -5 -2 -2    9  16   0   0   1   2   0   4   3   0   0  23   1   0   0  25  12   0   1   2  0.53 0.35
   76 K   -3  4  2 -3 -5 -1 -2 -4 -1 -4 -4  5 -2 -4 -4 -1  2 -1 -1 -2    1  19  11   1   0   1   1   0   1   1   1  40   1   0   0   4  12   1   2   3  0.76 0.42
   77 V    1 -2 -2 -4 -3 -2 -4 -3 -3  0 -1 -1 -1 -4 -5 -1  1 -5 -1  5   11   2   2   0   0   1   0   1   1   3   4   3   1   0   0   5  10   0   2  53  0.68 0.40
   78 P    0 -6 -6 -6 -4 -5 -5 -5 -6 -1 -2 -5 -2 -6  7 -5 -4 -7 -6  4    7   0   0   0   0   0   0   1   0   3   3   0   1   0  59   0   0   0   0  26  1.76 0.68
   79 A    1  2 -2 -3 -4 -1 -2  0  0 -2 -3  4 -2  0 -4  0  1 -4 -1  1   15  10   0   0   0   1   0   6   2   1   1  27   0   5   0   8  11   0   2  11  0.33 0.27
   80 F   -7 -8 -8 -8 -7 -8 -8 -8 -6 -3 -3 -8 -3 10 -8 -7 -7 -2 -1 -4    0   0   0   0   0   0   0   0   0   1   1   0   0  96   0   0   0   0   1   1  3.15 0.98
   81 K   -3  4 -3 -4 -6 -1 -2 -4 -2 -4 -5  6 -4 -6 -4  1  1 -6 -5 -3    1  22   1   0   0   1   1   0   1   1   0  51   0   0   0  11   9   0   0   2  1.12 0.53
   82 P    5 -5 -5 -5 -2 -4 -5 -4 -5 -3 -5 -4 -2 -2  6 -1 -3 -6 -5  0   41   0   0   0   1   0   0   0   0   1   0   0   1   2  43   3   1   0   0   7  1.42 0.61
   83 G    1 -5 -3 -4 -5 -5 -5  6 -5 -7 -7 -4 -6 -6 -5  3 -3 -6 -5 -6   11   0   0   0   0   0   0  68   0   0   0   0   0   0   0  19   0   0   0   0  1.59 0.62
   84 K   -1  0 -1 -3 -6  2 -1 -4 -4 -4 -5  7 -5 -6 -4  1 -1 -6 -5 -5    5   4   2   1   0   7   2   0   0   1   0  65   0   0   0   9   4   0   0   0  1.25 0.57
   85 A    2 -1  0  0 -3  1  2  1 -1 -2 -2  1 -2 -3 -2  1  1 -4 -2 -1   23   1   4   4   0   6  13  11   1   1   2   9   1   1   1   8   8   0   1   4  0.21 0.18
   86 L   -5 -6 -7 -7 -5 -6 -7 -7 -6 -1  6 -6  0  5 -5 -6 -5 -1 -2 -2    0   0   0   0   0   0   0   0   0   2  72   0   1  21   0   0   0   1   1   2  1.53 0.60
   87 K   -3  3 -4 -4 -6 -2 -3 -5 -4 -7 -6  8 -5 -7 -5 -3 -4 -7 -6 -6    1  13   0   0   0   0   0   0   0   0   0  82   0   0   0   1   0   0   0   0  2.02 0.77
   88 E   -1 -1  1  5 -6 -1  5 -3 -3 -6 -5  0 -4 -6 -4 -1 -2 -6 -5 -5    6   3   6  36   0   2  36   1   0   0   0   6   0   0   0   2   2   0   0   0  1.02 0.47
   89 A    4  2 -3 -3 -3  0 -1 -2 -3 -1 -1  1  0 -3 -4  1 -1 -4 -2  0   45  10   0   0   0   3   2   1   0   3   5   9   2   1   0   8   3   0   1   6  0.46 0.32
   90 V   -4 -6 -7 -7 -4 -6 -6 -7 -7  2  2 -6 -1 -3 -6 -5 -4 -6 -5  7    0   0   0   0   0   0   0   0   0  10  16   0   0   1   0   0   0   0   0  73  1.60 0.62
   91 K   -3  3 -3 -3 -6  3  2 -4 -3 -6 -5  6 -4 -6 -4 -3 -3 -6 -4 -5    0  16   0   0   0  13  13   0   0   0   0  58   0   0   0   0   0   0   0   0  1.28 0.46

                      K         Lambda
Standard Ungapped    0.1265     0.3097
Standard Gapped      0.0410     0.2670
PSI Ungapped         0.2175     0.3175
PSI Gapped           0.0666     0.2670
