
Last position-specific scoring matrix computed, weighted observed percentages rounded down, information per position, and relative weight of gapless real matches to pseudocounts
           A  R  N  D  C  Q  E  G  H  I  L  K  M  F  P  S  T  W  Y  V   A   R   N   D   C   Q   E   G   H   I   L   K   M   F   P   S   T   W   Y   V
    1 M   -3 -4 -5 -5 -3 -3 -4 -5 -4  3  3 -4  6 -2 -4 -4 -2 -4 -3  3    0   0   0   0   0   0   0   0   0  16  34   0  26   0   0   0   0   0   0  24  0.83 0.26
    2 A    4 -2 -1 -3 -3 -1 -2  1 -3 -4 -4  3 -3 -5 -1  2  0 -5 -4 -2   35   0   1   0   0   1   1  10   0   0   0  24   0   0   2  19   5   0   0   2  0.54 0.27
    3 K   -2  2  2  0 -5  2  1 -4 -2 -4 -5  4 -4 -5  4 -1 -1 -5 -1 -4    3  10   9   4   0   8   7   0   0   0   0  27   0   0  22   3   4   0   2   0  0.63 0.27
    4 K   -2  3 -1 -2 -5  2  0 -3  3 -4 -3  4 -3 -2  0 -2  0 -4  3 -3    2  17   2   1   0   7   4   1   8   0   2  29   0   1   4   1   7   0  13   1  0.55 0.28
    5 G    3  0 -1 -3 -2  0 -1  1  0 -2 -2 -1 -2 -2 -1  0  1 -2  0  1   30   5   2   0   0   5   4  11   2   1   2   3   0   2   2   6  10   0   3  10  0.20 0.17
    6 Y    4 -1 -4 -5 -3 -3 -2 -4 -1  0 -2 -2 -3 -1 -4 -2  1  1  3  3   36   3   0   0   0   0   2   0   1   4   3   1   0   3   0   0  11   2   9  24  0.52 0.32
    7 I   -2 -1 -5 -6 -4 -5 -5 -6 -6  6  0 -4 -2 -2 -5 -4  0 -6 -4  4    2   3   0   0   0   0   0   0   0  45   6   1   0   1   0   1   7   0   0  34  1.06 0.43
    8 Q   -1  0 -3 -2 -3 -1  1 -4  1  4  2 -1  2  0 -3 -3 -1 -4 -3  1    4   5   0   1   0   2  11   0   3  26  23   4   5   4   0   1   3   0   0   7  0.31 0.20
    9 L   -2  0 -1 -1 -1  0  1 -3  3  1  0  1  3 -2 -3 -1  2 -4 -2  1    2   4   2   3   1   2  12   1   7   7   6  11   8   1   0   3  18   0   0  11  0.19 0.16
   10 T   -3 -5 -4 -3 -4 -4 -1 -6 -6 -5 -5 -3 -5 -5 -6 -3  8 -7 -5 -5    1   0   0   1   0   0   4   0   0   0   0   1   0   0   0   1  90   0   0   0  2.28 0.85
   11 N   -1 -2  4  2 -4 -1  2 -2 -3 -4 -5 -1 -4 -5 -1  3  2 -5 -4 -3    5   1  21  13   0   1  13   2   0   0   0   3   0   0   2  22  14   0   0   1  0.57 0.32
   12 G   -1  3 -3 -3 -3  1 -1  0  1 -4 -2  5  2 -1 -4 -2 -3 -5  0 -3    4  18   0   1   0   5   3   6   3   0   4  41   6   3   0   1   0   0   3   1  0.68 0.36
   13 K   -4 -5 -4 -4 -5 -6 -4  8 -6 -8 -8 -5 -7 -8 -7 -4 -6 -7 -8 -8    0   0   0   1   0   0   1  96   0   0   0   1   0   0   0   0   0   0   0   0  2.57 0.82
   14 K   -2  0  2  4 -4 -1  2 -3 -3 -2 -3  0 -3 -4 -1  0  2 -6 -4 -1    3   5   8  28   0   2  15   0   0   2   1   6   0   0   3   5  16   0   0   5  0.49 0.28
   15 I   -5 -7 -7 -7 -5 -6 -7 -7 -7  7 -1 -6  3  4 -7 -6 -4 -5 -4  2    0   0   0   0   0   0   0   0   0  66   4   0   7  14   0   0   0   0   0   9  1.68 0.60
   16 E   -2  1 -1 -1 -3 -1  2 -4  1  0 -1  1 -2 -2 -4 -2  2 -3 -2  3    1   9   2   2   0   2  18   0   4   4   5   9   0   1   0   2  16   0   1  23  0.29 0.24
   17 F   -1 -5 -6 -6  0 -5 -5 -5 -6  5  3 -5  0  1 -6 -5 -3 -4 -3  3    5   0   0   0   2   0   0   1   0  39  26   0   2   6   0   0   0   0   0  18  0.93 0.39
   18 E   -1  2 -2  1 -6  2  6 -4 -2 -5 -4  1 -3 -5 -4 -2 -2 -4 -3 -3    5  10   1   6   0   8  52   0   0   0   1   9   1   0   0   3   1   0   1   1  0.96 0.45
   19 L   -5 -6 -7 -8 -3 -6 -7 -8 -7 -2  6 -6  0  3 -6 -6 -4 -5 -4 -2    0   0   0   0   0   0   0   0   0   1  86   0   2   9   0   0   1   0   0   1  1.78 0.64
   20 Y   -2 -3 -2 -1 -4 -5 -1 -6  1 -3  1 -4 -1  6 -6 -4 -3  2  6 -3    3   1   2   4   0   0   4   0   3   0  11   1   2  39   0   1   2   2  24   1  1.07 0.45
   21 P    1 -3 -3  0 -1 -2  1  0 -2 -3 -3 -2 -3 -1  5 -1 -1 -1  1  0   13   1   1   5   1   1  11   6   1   1   2   2   0   3  33   3   4   1   6   7  0.54 0.29
   22 D   -1 -1  1  5 -5  1  4 -3 -2 -3 -4  2 -4 -6 -3 -1 -1 -6 -4 -3    6   2   7  30   0   5  25   1   1   2   1  12   0   0   1   3   2   0   0   1  0.67 0.34
   23 A    0  0 -1  3 -4  1  3 -3  0 -1 -2  2 -2 -2 -3 -1 -1 -2 -2  0    7   5   1  19   0   6  21   1   2   4   4  14   1   1   0   2   2   0   1   7  0.32 0.21
   24 A    6 -5 -4 -5  1 -5 -5 -3 -5 -5 -5 -4 -2 -6 -5 -1  1 -6 -5  0   78   0   0   0   2   0   0   0   0   0   0   0   1   0   0   3   9   0   0   6  1.52 0.62
   25 P   -5 -7 -7 -6 -6 -6 -6 -7 -6 -6 -7 -5 -7 -7  9 -5 -5 -9 -8 -7    0   0   0   0   0   0   0   0   0   0   0   0   0   0  97   0   0   0   0   0  3.33 0.99
   26 G   -1  0  2 -2 -3  1 -2  0 -2  1  1  2  2 -1 -4 -2 -2 -3 -2  1    3   5  12   1   0   6   1   9   1   9  18  14   5   3   0   0   1   0   0   9  0.15 0.16
   27 T    0 -5 -2 -5 -5 -4 -5 -5  2 -3 -5 -5 -3 -6 -5  1  7 -7 -5 -4    8   0   1   0   0   0   0   0   6   1   0   0   0   0   0   8  76   0   0   0  1.76 0.70
   28 V   -1 -6 -6 -7  3 -4 -6 -5 -7 -1 -3 -6 -3 -5 -6 -2 -1 -7 -5  7    5   0   0   0   6   1   0   0   0   1   0   0   0   0   0   3   3   0   0  81  1.74 0.65
   29 A    3 -1  3  0 -3  0  2  0  0 -2 -2  0 -1 -4 -3  0 -1 -1 -3 -2   33   2  15   3   0   3  12   5   2   1   4   6   2   0   0   5   3   1   1   1  0.33 0.24
   30 N   -3 -3  9 -3 -7 -3 -4 -5 -3 -7 -7 -4 -3 -7 -6  1 -2 -8 -6 -6    2   1  83   0   0   0   0   0   0   0   0   0   1   0   0  11   1   0   0   0  2.33 0.80
   31 F   -6 -7 -7 -8 -7 -8 -8 -8 -6 -2 -2 -8 -2  9 -8 -6 -5 -2 -1 -4    0   0   0   0   0   0   0   0   0   2   3   0   1  91   0   0   1   0   0   1  2.84 0.85
   32 E   -1 -4 -5 -5 -1 -4 -3 -6 -5  4  1 -3  0 -3 -5 -3 -1 -3 -1  5    5   0   0   0   1   0   2   0   0  26  13   2   1   0   0   1   4   0   2  43  0.82 0.37
   33 K    0  1  1  0 -3  0  0  1  0 -3 -3  2 -2  2 -3  1  1 -3  1 -3    6   7   6   4   0   3   7   9   2   1   1  15   1  12   0  10  11   0   4   1  0.18 0.15
   34 L   -5 -5 -7 -7 -5 -4 -6 -8  1 -2  7 -6 -2 -3 -7 -5 -5 -6 -5 -3    0   0   0   0   0   0   0   0   4   0  94   0   0   0   0   1   0   0   0   0  1.96 0.69
   35 A    6 -5 -5 -5  1 -4 -4 -3 -5  1 -3 -4 -3 -5 -4  1 -1 -6 -5  2   63   0   0   0   2   0   0   0   0   6   1   0   0   0   0   8   4   0   0  15  1.10 0.50
   36 N   -2  4  2  0 -5  2  4 -2 -2 -5 -4  3 -3 -6 -4 -1 -1 -5 -4 -4    2  24  10   4   0   7  25   3   0   0   1  16   0   0   0   4   2   0   0   0  0.68 0.34
   37 E    0  2  1  2 -5  3  2 -2 -2 -4 -4  3 -3 -5 -3  2 -1 -5 -4 -4    7  12   5   9   0  13  12   2   0   0   1  21   0   0   0  14   2   0   0   0  0.46 0.27
   38 G   -3 -2  0 -1 -4 -3 -3  6 -1 -6 -7  1 -6 -7  1 -2 -4 -6 -6 -6    1   2   4   3   0   1   1  69   2   0   0   8   0   0   6   1   0   0   0   0  1.41 0.52
   39 F   -5 -5 -7 -7 -7 -5 -5 -7 -3 -4 -3 -4 -4  8 -8 -6 -5  3  6 -5    0   1   0   0   0   0   1   0   0   0   1   1   0  63   0   0   0   4  29   0  2.31 0.73
   40 Y   -6 -7 -7 -8 -7 -6 -7 -8 -3 -6 -5 -7 -5  5 -8 -6 -6 -1 10 -6    0   0   0   0   0   0   0   0   0   0   0   0   0  17   0   0   0   0  82   0  3.03 0.91
   41 D   -5 -3  5  7 -7 -3 -1 -5 -4 -7 -7 -2 -7 -7 -5 -3 -3 -8 -7 -7    1   2  26  64   0   0   2   0   0   0   0   3   0   0   0   1   1   0   0   0  1.89 0.67
   42 G   -3 -5  3  0 -6 -4 -4  7 -4 -7 -7 -3 -6 -7 -6 -1 -4 -4 -6 -7    0   0  13   6   0   1   1  74   0   0   0   1   0   0   0   3   0   0   0   0  1.72 0.60
   43 L   -3 -3 -3 -5 -2 -2 -4 -4 -3  1  4  1  0 -3 -5 -3  2 -5 -4  2    0   0   1   0   0   1   0   1   1   7  50   8   1   0   0   1  14   0   0  14  0.70 0.36
   44 K    0  0  0 -3 -3 -2 -2 -3 -3  2 -1  1 -2 -2  0  0  4 -5 -1  0    6   4   4   0   0   1   2   1   0  16   3  10   1   1   4   5  33   0   2   6  0.36 0.26
   45 F   -6 -7 -8 -8 -7 -8 -8 -8 -6 -1 -4 -8 -4  9 -8 -7 -7  3 -1 -3    0   0   0   0   0   0   0   0   0   3   0   0   0  91   0   0   0   4   0   1  2.94 0.86
   46 H   -7 -5 -4 -6 -8 -4 -5 -7 11 -8 -8 -6 -3 -6 -4 -6 -5 -7 -3 -8    0   0   0   0   0   0   0   0  98   0   0   0   1   0   1   0   1   0   0   0  3.97 1.09
   47 R   -6  9 -5 -6 -8 -3 -3 -7 -5 -8 -7 -2 -6 -7 -7 -4 -6 -7 -3 -7    0  97   0   0   0   0   1   0   0   0   0   0   0   0   0   1   0   0   1   0  2.85 0.90
   48 V   -4 -5 -5 -7 -4 -6 -6 -7 -5  1 -2 -3 -3 -5 -6 -4 -3 -7 -2  7    0   0   0   0   0   0   0   0   0   7   1   2   0   0   0   1   0   0   1  86  1.92 0.68
   49 I   -3 -6 -6 -5 -4 -5 -1 -7 -6  6  0 -5 -1 -4 -6 -5 -4 -6 -5  5    1   0   0   1   0   0   5   0   0  44   7   0   1   0   0   0   0   0   0  41  1.34 0.51
   50 P    0 -2 -2  0 -6 -2  0 -4 -4 -6 -6  2 -5 -7  7  0 -2 -5 -6 -5    8   2   1   5   0   1   7   1   0   0   0  11   0   0  55   6   2   0   0   0  1.39 0.53
   51 G   -3 -4  5  4 -6 -2 -2  4 -2 -7 -6 -2 -6 -6 -3 -1 -3 -7 -5 -6    1   0  33  25   0   1   1  32   1   0   0   2   0   0   1   2   0   0   0   0  1.17 0.47
   52 F   -6 -6 -7 -8 -7 -5 -8 -3 -4 -5 -4 -7 -4  9 -8 -6 -7  0  0 -4    0   0   0   0   0   1   0   2   0   0   0   0   0  93   0   0   0   1   1   1  2.95 0.87
   53 V   -3 -6 -7 -7 -5 -5 -6 -7 -6  0 -2 -6  9 -3 -7 -6 -4 -6 -5  6    1   0   0   0   0   0   0   0   0   2   1   0  44   1   0   0   0   0   0  51  2.03 0.72
   54 S    2 -6 -5 -6 -4 -5 -6 -6 -6  6 -1 -5 -1 -4 -5 -3 -3 -6 -5  4   20   0   0   0   0   0   0   0   0  51   2   0   1   0   0   1   0   0   0  23  1.23 0.50
   55 Q   -6 -4 -5 -5 -8  9 -3 -7 -1 -5 -7 -3 -3 -8 -6 -5 -5 -7 -6 -7    0   0   0   0   0  96   0   0   1   1   0   0   1   0   0   0   0   0   0   0  3.01 1.01
   56 G    0 -6 -4 -1 -5 -5 -5  7 -5 -6 -6 -5 -3 -5 -5 -2  2 -2 -6 -5    7   0   0   4   0   0   0  71   0   0   0   0   1   0   0   1  13   1   0   0  1.57 0.58
   57 G   -3 -7 -5 -6 -7 -6 -6  8 -6 -8 -8 -6 -7 -8 -7 -5 -6 -7 -7 -8    1   0   0   0   0   0   0  98   0   0   0   0   0   0   0   0   0   0   0   0  2.68 0.82
   58 C   -4 -5 -3  8  7 -5 -3 -5 -6 -7 -7 -4 -7 -8 -6 -3 -5 -8 -7 -7    1   0   0  74  21   0   0   0   0   0   0   1   0   0   0   2   0   0   0   0  2.36 0.77
   59 P   -5 -5 -3 -4 -7 -5 -5 -6 -5 -6 -6 -5 -7 -6  9 -4 -5 -8 -6 -6    0   1   1   1   0   0   0   0   0   0   1   0   0   0  93   1   0   0   0   0  3.02 0.90
   60 H   -2  4  2 -1 -4  0  0 -3 -1 -3  1  0 -2 -3 -4  0  3 -4 -3 -3    2  28  10   3   0   3   6   1   1   0  14   5   0   1   0   5  19   0   0   1  0.43 0.28
   61 G   -2 -3 -2 -4 -6 -5 -4  7 -5 -7 -7 -4 -6 -7 -4  0 -2 -6 -6 -6    2   1   1   1   0   0   1  84   0   0   0   1   0   0   1   5   3   0   0   0  1.96 0.64
   62 T   -4 -1  2  6 -5 -3 -3 -4 -4 -4 -4 -1 -4 -6 -4 -1  5  0 -5 -4    0   3  10  42   0   0   0   1   0   1   1   3   0   0   0   3  34   1   0   0  1.17 0.50
   63 G   -3 -5 -3 -5 -6 -4 -6  8 -6 -7 -6 -5 -3 -7 -5 -3 -4 -6 -7 -7    1   0   1   0   0   0   0  93   0   0   0   0   1   0   0   1   1   0   0   0  2.34 0.72
   64 T   -1  1  0 -2 -3 -2 -1 -3 -3 -4 -3 -2  2  0 -3  1  4  6  2 -3    4   8   4   1   0   1   4   2   0   0   2   1   6   4   1  12  27  13   8   0  0.55 0.32
   65 G   -3 -5 -4 -5 -6 -6 -6  8 -6 -7 -7 -5 -6 -6 -6 -3 -5 -6 -5 -7    1   0   0   0   0   0   0  95   0   0   0   0   0   0   0   1   0   0   0   0  2.44 0.74
   66 G   -2 -5 -2 -1 -6 -5 -5  7 -5 -7 -6 -4 -5 -6 -5  0 -3 -6 -6 -6    2   0   2   4   0   0   0  82   0   0   1   0   0   0   0   8   1   0   0   0  1.88 0.62
   67 P   -2 -5 -5 -4 -4 -3 -1 -4 -5 -6 -2 -3 -4 -5  8 -2 -2 -5 -6 -4    3   0   0   1   0   1   5   1   0   0   5   1   0   0  74   3   2   0   0   1  2.04 0.67
   68 G   -3 -5 -2  1 -6 -4 -4  7 -5 -7 -7 -4 -6 -7 -2 -2 -4 -6 -6 -7    1   0   1   9   0   0   1  82   0   0   0   0   0   0   2   2   0   0   0   0  1.91 0.63
   69 Y   -5 -4 -5 -5 -6 -4 -3 -3  0 -4 -5 -4 -5  1 -6 -4 -4  4  9 -4    1   1   0   1   0   1   2   2   1   1   0   1   0   4   0   1   1   5  78   1  2.42 0.78
   70 T    0  1  0 -1 -2  1  0 -3 -2 -3 -3  1 -2 -2 -3  2  4 -1 -1 -1    9   7   5   2   0   7   5   0   1   0   1   9   1   2   1  13  30   1   2   3  0.35 0.25
   71 I   -5 -6 -6 -7 -3 -5 -7 -7 -6  6  1 -6 -2  6 -7 -6 -5 -4 -1 -1    0   0   0   0   0   1   0   0   0  50   9   0   0  36   0   0   0   0   1   2  1.60 0.56
   72 K    0  5 -2  1 -5  0  2 -2 -2 -3 -5  2 -4 -5  4 -2 -3 -5 -2 -3    9  29   1   6   0   2  12   2   0   1   0  12   0   0  19   1   0   0   1   2  0.67 0.34
   73 C   -1 -5  0  6  5 -3 -2  0 -3 -4 -4 -4 -5 -4 -3  2 -1 -6 -5 -5    5   0   4  47  13   0   0   6   0   1   2   0   0   1   1  16   4   0   0   0  1.05 0.46
   74 E   -5 -5 -5 -2 -8 -1  8 -7 -5 -8 -8 -4 -7 -8 -6 -5 -5 -8 -7 -7    0   0   0   1   0   1  98   0   0   0   0   0   0   0   0   0   0   0   0   0  2.68 0.90
   75 T   -4 -5 -5 -3  1 -4 -4 -5  0  4  0 -5 -2  6 -4 -4 -1  0  2  0    0   0   0   2   3   1   1   0   2  23   9   0   0  41   1   0   4   1   5   5  0.94 0.38
   76 E    0 -1  2  1 -2  0  0 -1  3 -2 -2  0 -2 -2 -1  2  0 -3 -1  0    6   3  13   7   0   2   5   4  10   1   2   5   0   2   3  21   6   0   1   7  0.19 0.14
   77 G    0  0  0  1 -3  1  0  0 -1 -3 -3  0 -1 -2  5  0 -1 -3 -2 -3    8   6   5   8   0   5   5   7   2   1   3   4   1   1  30   6   3   0   1   2  0.45 0.18
   78 N   -1  0  4  2 -3  0  1  0 -1 -2 -1  0 -2 -3 -2  0  0 -1 -2 -2    4   5  26  11   0   3   7   6   1   2   7   4   1   1   1   8   6   1   1   3  0.24 0.16
   79 P    0  0 -1 -1 -3 -2 -2 -2 -1 -1  3 -2  0 -2  4 -1 -1 -4 -2 -1    6   5   2   5   0   1   2   3   1   1  36   2   2   1  21   3   4   0   2   3  0.38 0.22
   80 H   -2  3 -1 -2 -3  0 -1 -2  3 -1  1  2 -1 -1 -2 -1  0 -1  1 -1    2  22   3   2   0   2   2   3   9   3  15  14   1   2   1   4   5   1   6   4  0.23 0.15
   81 K   -2  2 -1 -2 -4 -1 -1 -3  7 -3 -2  2 -1  3 -1 -1 -1 -1  2 -3    2  11   3   2   0   2   3   1  26   1   3  16   1  12   3   5   3   1   5   1  0.56 0.26
   82 H   -4 -4  1  4 -4 -3 -2 -4  7 -4 -4 -4 -3  2 -5 -2 -2 -3  5 -4    1   0   7  27   0   0   1   0  23   0   1   0   0   9   0   3   3   0  21   1  1.08 0.45
   83 E    0  2 -1  1 -3  0  2  1 -2 -2 -1  2 -2  0 -3  0  0 -4 -2  0    5  13   1   7   0   4  14  10   1   2   6  13   0   5   0   5   6   0   0   8  0.14 0.13
   84 A    1  5 -3 -3 -5 -2  1 -3 -4 -3 -4  1 -3 -5  4 -2  0 -6 -4 -3   14  35   0   0   0   1   9   2   0   1   1   6   1   0  22   2   5   0   0   2  0.79 0.38
   85 G   -3 -6 -4 -5 -7 -6 -6  8 -5 -8 -8 -6 -7 -2 -6 -4 -6 -6 -1 -7    1   0   0   0   0   0   0  94   0   0   0   0   0   2   0   0   0   0   2   0  2.42 0.76
   86 S    1 -3 -4 -4 -3 -3 -4 -4 -4  3  0 -3  2 -2 -4  1  3 -3  1  3   12   1   0   0   0   0   0   0   0  16   6   1   6   0   0  10  23   0   6  18  0.44 0.28
   87 L   -4 -6 -6 -7 -3 -5 -6 -7 -6  2  5 -6  0 -1 -6 -5 -4 -5 -4  5    0   0   0   0   0   0   0   0   0   8  49   0   1   1   0   0   0   0   0  39  1.25 0.48
   88 S    3 -5 -4 -4 -5 -4 -4  5 -5 -6 -6 -4 -5 -6 -5  4 -3 -6 -6 -4   24   0   0   0   0   0   0  38   0   0   0   0   0   0   0  37   0   0   0   1  1.24 0.53
   89 M   -5 -6 -7 -8 -4 -5 -7 -8 -7  0 -2 -6 11 -4 -7 -6 -4 -4 -6 -3    0   0   0   0   0   0   0   0   0   4   1   0  92   0   0   0   1   0   0   1  3.39 1.03
   90 A    7 -6 -6 -5 -5 -5 -5 -4 -6 -6 -4 -5 -5 -7 -2 -3 -4 -7 -6 -4   96   0   0   0   0   0   0   0   0   0   1   0   0   0   2   0   0   0   0   0  2.18 0.79
   91 H   -4  3  6 -2 -6 -3 -3 -4  3 -5  0 -1 -4 -5 -5  2 -1 -6 -5 -5    0  16  45   1   0   0   0   0   7   0  10   3   0   0   0  15   3   0   0   0  1.06 0.48
   92 A    5 -1 -3 -1 -4 -2 -4 -3 -2 -4 -5 -2 -4 -6 -3  4  0 -6 -4 -3   51   3   1   3   0   2   0   0   1   0   1   1   0   0   1  32   4   0   0   1  1.03 0.49
   93 G   -2 -5 -2  1 -6 -3 -5  7 -6 -7 -7 -5 -4 -7 -5 -2 -5  1 -7 -6    2   0   1   7   0   1   0  83   0   0   0   0   0   0   0   2   0   2   0   0  1.95 0.65
   94 K   -3  1 -2 -4 -7 -3 -4 -6 -5 -6 -4  4 -4 -4  7 -4 -4 -5 -4 -5    2   8   2   1   0   1   0   0   0   0   2  23   0   1  59   1   0   0   0   0  1.74 0.63
   95 D   -3 -3  6  6 -5 -3 -2  0  1 -7 -7 -3 -6 -7 -5 -3 -3 -7 -6 -7    1   1  33  51   0   0   1   7   4   0   0   0   0   0   0   1   1   0   0   0  1.59 0.58
   96 T   -3 -5 -3 -5 -5 -5 -5 -5 -6 -5 -6 -5 -5 -6 -4  3  8 -7 -6 -4    0   0   0   0   0   0   0   0   0   0   0   0   0   0   0  20  79   0   0   0  2.07 0.78
   97 G    2 -4  6 -2 -5 -3  2  4 -4 -6 -6 -4 -5 -6 -4 -2 -4 -6 -5 -5   17   0  37   1   0   0  15  26   0   0   0   0   0   0   1   2   0   0   0   0  1.06 0.48
   98 G   -3 -6 -4 -4 -1 -6 -6  7 -6 -8 -8 -5 -7 -7 -6  0 -4 -7 -7 -7    1   0   0   1   2   0   0  88   0   0   0   0   0   0   0   8   1   0   0   0  2.20 0.71
   99 S   -2 -5 -3 -5  3 -4 -4 -4 -5 -5 -6 -4 -6 -7 -5  7  0 -7 -6 -4    1   0   1   0   6   0   0   0   0   0   0   0   0   0   0  86   4   0   0   1  1.94 0.76
  100 Q   -6 -2 -5 -5 -8  9 -3 -7 -4 -8 -7 -3 -5 -8 -6 -5 -6 -7 -6 -7    0   1   0   0   0  99   0   0   0   0   0   0   0   0   0   0   0   0   0   0  3.14 1.03
  101 F   -7 -7 -8 -8 -7 -8 -8 -8 -6 -3 -3 -8 -4  9 -8 -7 -7  6  0 -5    0   0   0   0   0   0   0   0   0   1   2   0   0  86   0   0   0  10   1   0  2.89 0.85
  102 F   -7 -7 -7 -8 -7 -7 -8 -8 -5 -5 -4 -7 -4  9 -8 -7 -7 -3  4 -5    0   0   0   0   0   0   0   0   0   0   0   0   0  87   0   0   0   0  12   0  2.93 0.87
  103 I   -5 -7 -7 -7 -5 -7 -7 -8 -7  8  0 -7 -1 -1 -7 -6 -5 -6 -5  2    0   0   0   0   0   0   0   0   0  81   5   0   1   2   0   0   0   0   0   9  2.01 0.67
  104 V   -3 -5 -2 -5  5 -5 -5 -6 -6 -4 -3 -5  3 -6 -5 -2  7 -6 -6 -1    1   0   2   0  12   0   0   0   0   0   1   0   8   0   0   1  71   0   0   3  1.76 0.69
  105 H   -3 -3 -3 -4 -3 -1 -3 -5  8 -3  2 -3  0  2 -5 -3  1 -4  1 -1    1   1   0   1   0   2   1   0  39   1  22   1   2   9   0   1   8   0   5   5  1.01 0.45
  106 E    2  0 -1 -1 -2  0  0  0 -3 -1 -2  1 -1 -3 -3  3  0 -4 -3  1   20   5   1   3   1   3   6   8   0   2   3   8   1   0   0  24   4   0   0  10  0.23 0.19
  107 P    2 -2 -2  2 -6 -2  0 -4 -3 -6 -6 -3 -3 -7  7 -1 -3 -7 -4 -5   16   3   2  11   0   1   6   0   0   0   0   1   1   0  55   4   1   0   0   0  1.43 0.54
  108 Q    1 -2 -1 -4  0  4 -3 -4 -1 -3 -2 -3 -2 -4 -4 -1  5 -5 -1 -2   14   1   2   0   2  23   0   0   1   1   3   0   1   0   0   3  44   0   2   2  0.87 0.46
  109 P   -3 -2 -3 -2 -7 -3 -2 -5 -2 -6 -5 -4 -5 -5  8 -2 -1 -7 -5 -6    2   2   1   2   0   1   2   1   1   0   1   1   0   1  77   3   3   0   0   0  2.18 0.72
  110 H   -4 -2 -2 -3 -6  0 -4 -3 10 -7 -6 -5 -5  1 -6 -2 -5  8  0 -7    1   2   2   1   0   4   0   2  57   0   0   0   0   5   0   3   0  20   2   0  2.28 0.72
  111 L   -5 -6 -7 -8 -5 -6 -7 -8 -7 -2  7 -6 -2 -3 -7 -6 -5 -6 -5 -3    0   0   0   0   0   0   0   0   0   0  99   0   0   0   0   0   0   0   0   0  2.19 0.73
  112 N   -5 -5  4  8 -7 -3 -2 -5 -4 -7 -7 -4 -7 -7 -2 -4 -4 -8 -6 -5    0   0  18  75   0   1   1   0   0   0   0   0   0   0   2   0   1   0   0   1  2.12 0.71
  113 G   -2 -3  1 -1 -6 -4 -4  7 -1 -7 -7 -2 -3 -5 -3 -2 -4 -4 -3 -6    3   2   7   4   0   0   0  73   1   0   0   2   1   0   1   3   1   0   1   0  1.52 0.54
  114 V   -2  4  2 -1 -3  1 -2  0  0 -3 -2  4 -3 -5 -4 -1 -2 -5 -4 -2    3  25   9   2   0   7   1   7   2   1   4  31   0   0   0   3   1   0   0   3  0.62 0.32
  115 H   -6 -6 -5 -6 -5 -4 -6 -7  9 -6 -6 -6 -6 -1 -7 -6 -6 -3  9 -6    0   0   0   0   0   0   0   0  39   0   0   0   0   1   0   0   0   0  59   0  2.84 0.88
  116 T    0 -5 -3 -5 -4 -5 -5 -5 -6 -5 -5 -5 -5 -6 -3  1  7 -7 -6 -3    8   0   1   0   0   0   0   0   0   0   0   0   0   0   1  11  78   0   0   1  1.84 0.72
  117 V    0 -5 -4 -6 -2 -5 -6 -5 -4  5 -1 -5 -2 -4 -5 -4 -2 -4 -5  6    9   0   1   0   1   0   0   1   0  32   3   0   0   0   0   1   1   0   0  51  1.22 0.49
  118 F   -6 -7 -8 -8 -7 -8 -8 -8 -6 -3 -4 -8 -3 10 -8 -7 -7 -1 -1 -4    0   0   0   0   0   0   0   0   0   1   0   0   0  96   0   0   0   0   0   1  3.14 0.91
  119 G    1 -6 -5 -5 -6 -6 -6  7 -6 -8 -8 -6 -7 -7 -6 -4 -6 -7 -7 -7    9   0   0   0   0   0   0  91   0   0   0   0   0   0   0   0   0   0   0   0  2.37 0.75
  120 K   -3  5 -1 -3 -6  4  3 -4  1 -5 -5  4 -2 -5 -4 -2 -3 -2 -2 -3    1  27   2   0   0  16  16   0   4   0   0  26   1   0   0   2   0   1   2   2  0.88 0.41
  121 V   -3 -6 -7 -7 -3 -6 -6 -7 -7  0 -1 -6 -1 -5 -6 -6 -3 -7 -5  8    1   0   0   0   0   0   0   0   0   2   4   0   1   0   0   0   1   0   0  89  2.05 0.71
  122 T   -1 -2 -3 -4 -3 -4 -3 -5 -4  4  0 -2 -1 -3 -5 -2  3 -5 -3  4    3   3   1   1   0   0   2   0   0  28   5   2   1   0   0   2  19   0   1  32  0.71 0.35
  123 S    0  0  0  2 -5  1  4 -1 -2 -5 -4  2 -4 -5 -4  2 -2 -4 -3 -4    7   5   4  10   0   4  30   4   0   0   1  11   0   0   0  19   1   0   0   1  0.52 0.31
  124 G   -4 -6 -2 -2 -7 -5 -4  8 -6 -8 -8 -6 -7 -7 -6 -4 -5 -7 -7 -7    0   0   1   2   0   0   1  94   0   0   0   0   0   0   0   1   0   0   0   0  2.46 0.77
  125 L   -3 -4 -5 -3 -5  3 -3 -5 -5  0  2 -4  9 -1 -6 -5 -4 -2 -3 -3    1   0   0   1   0  11   1   1   0   5  17   0  56   2   0   0   0   1   1   0  1.66 0.65
  126 D   -3 -3  0  7 -7 -1  4 -4 -3 -6 -6 -2 -5 -7 -4 -2 -4 -7 -6 -6    2   1   3  58   0   2  28   1   0   0   0   2   0   0   1   2   1   0   0   0  1.60 0.60
  127 A   -1 -6 -4 -6 -5 -5 -5 -6 -4  2 -2 -5 -3 -4 -5 -5  0 -7 -4  7    4   0   1   0   0   0   0   0   0  10   2   0   0   0   0   0   5   0   0  75  1.56 0.60
  128 V    0 -6 -7 -7 -3 -6 -6 -7 -7  1  2 -6 -1 -4 -5 -5 -4 -6 -5  7    7   0   0   0   0   0   0   0   0   5  17   0   1   0   0   0   0   0   0  69  1.48 0.58
  129 T   -1  1  2  5 -5  1  1 -3  3 -4 -2  0 -1 -4 -3 -1 -2 -1 -3 -4    4   7  10  38   0   5   6   0   7   0   4   6   2   0   1   3   2   1   1   1  0.64 0.32
  130 S    2  3  0 -2 -5  2  0 -2 -2 -4 -2  4 -1 -5 -4  1 -1 -5 -4 -4   18  15   4   2   0  11   3   2   0   0   3  28   1   0   0  10   3   0   0   0  0.53 0.31
  131 M   -5 -6 -7 -7 -5 -6 -7 -7 -7  7  3 -6  1 -3 -6 -6 -3 -6 -5  0    0   0   0   0   0   0   0   0   0  64  28   0   3   0   0   0   1   0   0   4  1.65 0.58
  132 E    1  1 -1 -1 -4  3  4 -2 -1 -2 -2  0 -1 -4 -3  0  1 -4 -3  0   11   7   2   2   0  14  30   2   1   1   3   5   1   0   0   4   8   0   0   7  0.40 0.27
  133 Q   -2  2 -1 -3 -5  4  1 -4 -3  0 -3  1 -1 -5  3 -2 -1 -5 -4  2    3  11   3   0   0  20   7   1   0   6   2   9   1   0  17   2   2   0   0  15  0.47 0.29
  134 G   -2 -1  0  1 -6 -4 -3  6 -5 -4 -6 -4 -6 -4 -5 -2 -2 -5 -3 -2    1   3   4   8   0   0   2  69   0   1   0   0   0   1   0   2   2   0   1   4  1.35 0.52
  135 Q   -4 -3 -2  8 -7 -1  0 -5 -4 -6 -8 -4 -7 -8 -5 -3 -3 -8 -7 -5    1   1   1  84   0   3   4   0   0   0   0   1   0   0   0   1   2   0   0   1  2.25 0.75
  136 G   -1  4 -3 -3 -4  0 -1 -3 -1 -1 -1  3 -2 -4 -1 -2  2 -5 -3  1    4  24   0   0   0   4   3   1   1   3   5  21   1   0   3   2  14   0   1  13  0.41 0.27
  137 M   -5 -6 -6 -4 -5 -6 -7 -7 -7  7  0 -5  5 -2 -6 -6 -4 -6 -5  0    0   0   0   1   0   0   0   0   0  70   7   0  16   1   0   0   0   0   0   4  1.81 0.63
  138 E   -2  1  1  0 -4  1  3 -4 -2  1  1  2 -2 -3 -3 -1  0 -4 -2 -1    1   6   6   4   0   4  25   0   1   9  16  15   0   1   0   2   5   0   1   4  0.28 0.21
  139 K   -2  2  0  1 -4  1  1 -2 -1 -5 -4  3 -3 -3 -2  3  2 -5 -4 -4    1  11   4   7   0   5   7   3   1   0   0  20   0   1   2  26  12   0   0   0  0.47 0.29
  140 V    0 -6 -6 -7 -4 -6 -6 -6 -6  5  0 -6 -1 -3 -6 -5 -3 -6 -5  6    9   0   0   0   0   0   0   0   0  35   5   0   1   0   0   0   0   0   0  49  1.34 0.52
  141 E   -2  3 -1 -1 -4  0  2 -4 -3  0 -3  2 -3 -4 -4  0  3 -3 -1 -1    1  20   2   3   0   3  17   0   0   5   1  11   0   0   0   5  25   0   2   5  0.47 0.30
  142 V   -4 -6 -7 -7 -5 -6 -7 -7 -7  7  1 -5 -2 -4 -6 -6 -4 -6 -5  4    0   0   0   0   0   0   0   0   0  63  11   0   0   0   0   0   0   0   0  25  1.65 0.57
  143 F   -2 -1 -2 -2 -3  0  1 -4 -2  3  2 -2  0  0 -4 -1  0  3 -2  3    2   2   1   2   0   3  10   0   1  17  20   2   1   3   0   5   6   5   0  21  0.26 0.17
  144 D   -4  4  1  3 -6 -1  5 -4 -2 -6 -5  0 -5 -6 -3 -2 -3 -6 -4 -5    0  27   7  16   0   1  42   0   0   0   0   4   0   0   1   1   1   0   0   0  1.05 0.41
  145 A    4 -3 -2 -3 -3 -3 -3  3 -3 -4 -4 -2 -3 -4 -3  2  1 -4 -4 -3   44   0   0   0   0   0   0  27   0   0   0   0   0   0   0  19  10   0   0   0  0.73 0.25

                      K         Lambda
Standard Ungapped    0.1366     0.3152
Standard Gapped      0.0410     0.2670
PSI Ungapped         0.2252     0.3173
PSI Gapped           0.0689     0.2670
