
Last position-specific scoring matrix computed, weighted observed percentages rounded down, information per position, and relative weight of gapless real matches to pseudocounts
           A  R  N  D  C  Q  E  G  H  I  L  K  M  F  P  S  T  W  Y  V   A   R   N   D   C   Q   E   G   H   I   L   K   M   F   P   S   T   W   Y   V
    1 M   -5 -6 -7 -8 -6 -5 -6 -7 -6 -3 -2 -6 11 -4 -7 -6 -5  0 -5 -4    0   0   0   0   0   0   0   0   0   0   0   0  99   0   0   0   0   1   0   0  3.57 1.04
    2 A    5 -4 -1 -3 -3 -3 -3 -2 -3 -2 -4 -1 -1 -5 -1  2  1 -5 -2 -1   59   0   3   1   0   0   0   1   0   2   0   3   1   0   3  12   9   0   1   2  0.80 0.43
    3 T    1 -1  2  1 -3  0  3 -2 -2 -3 -3  2 -2 -4 -2  1  1 -4 -3 -3   11   1  11   8   0   2  23   3   0   1   1  16   1   1   1   9   9   0   1   1  0.37 0.23
    4 I   -3 -6 -4 -6 -4 -5 -6 -6 -6  7 -2 -4  1  0 -4 -4 -3 -5 -1  4    1   0   1   0   0   0   0   0   0  62   1   1   3   3   1   1   1   0   2  23  1.44 0.57
    5 S   -2 -4  2  1 -4 -3 -3 -3 -3 -4 -4 -1 -4 -5 -1  4  5 -6 -5 -4    1   0   9   7   0   1   0   1   1   1   1   3   0   0   3  33  41   0   0   0  1.00 0.53
    6 A    5 -4 -4 -5 -3 -4 -4 -3 -3  1 -1 -1  3 -4  0 -1 -1 -2 -4  0   53   0   1   0   0   0   0   1   0   9   5   4   9   0   4   3   4   1   0   7  0.74 0.43
    7 K    3 -2  1  1 -4  2  2 -3 -2 -4 -4  3 -4 -4 -3  2 -1 -5 -4 -3   23   1   6   7   0   9  15   1   0   0   1  18   0   0   0  14   2   0   0   1  0.48 0.33
    8 L   -1 -3 -2  3 -5  1 -1 -5 -4 -2  4  0  5 -3 -5 -3 -2 -5 -4 -1    4   0   1  16   0   8   3   0   0   1  38   6  17   0   0   1   1   0   0   3  0.64 0.40
    9 V   -4 -7 -7 -7 -5 -6 -7 -6 -7  5  0 -6 -3 -4 -6 -6 -4 -7 -5  6    0   0   0   0   0   0   0   1   0  35   7   0   0   0   0   0   0   0   0  57  1.69 0.67
   10 K   -1  0  0 -5 -7  1 -3 -4 -5 -5 -5  7  1 -7 -5 -2 -3 -7 -4 -5    4   4   4   0   0   5   0   1   0   0   1  73   4   0   0   2   1   0   1   1  1.61 0.71
   11 E    0 -1 -1  0 -6  3  5 -4 -3 -4 -4  3 -4 -5 -4 -1 -2 -4 -3 -4   10   2   2   4   0  13  40   0   0   1   1  20   0   0   0   3   3   0   1   1  0.85 0.47
   12 L   -6 -6 -8 -8 -5 -6 -7 -8 -7 -1  7 -7 -1 -2 -7 -7 -5 -6 -5 -2    0   0   0   0   0   0   0   0   0   2  95   0   1   1   0   0   0   0   0   2  2.10 0.80
   13 R   -6  9 -5 -6 -8 -2 -5 -7 -5 -8 -7 -2 -4 -8 -7 -5 -6 -8 -7 -7    0  98   0   0   0   1   0   0   0   0   0   1   1   0   0   0   0   0   0   0  3.02 1.07
   14 K   -1 -1  1  4 -6  2  5 -3 -2 -4 -4  2 -4 -5 -4 -2 -2 -6 -4 -4    6   2   5  20   0  10  36   2   0   1   1  11   0   0   0   2   2   0   0   0  0.79 0.43
   15 K    0  4 -3 -4 -4  0  1 -4 -3  0  0  4  3 -4 -4 -2 -1 -5 -3 -2    8  22   0   0   0   4   8   0   0   5   8  27   9   0   0   2   3   0   1   2  0.56 0.36
   16 T   -4 -6 -4 -6 -5 -5 -5 -6 -6 -4 -5 -4 -4 -7 -6  2  8 -7 -6 -4    0   0   0   0   0   0   0   0   0   0   1   1   0   0   0  13  85   0   0   0  2.27 0.95
   17 G   -3 -4  0  1 -6  0 -4  7 -2 -7 -6 -4 -6 -5 -6 -1 -5 -7 -7 -7    1   1   5   7   0   4   1  75   1   0   1   0   0   1   0   5   0   0   0   0  1.69 0.69
   18 A    6 -5 -5 -6 -1 -2 -5 -4 -5 -1  0 -4 -2 -2 -5 -1 -3 -6 -2  2   65   0   0   0   1   2   0   0   0   3   9   0   1   2   0   3   0   0   2  12  1.10 0.57
   19 G   -2 -3 -4 -5 -6 -4 -5  6 -6 -7 -7 -4 -6 -7  4  0 -3 -7 -7 -7    2   1   0   0   0   1   0  66   0   0   0   0   0   0  20   8   1   0   0   0  1.71 0.70
   20 M   -5 -6 -7 -8 -6 -5 -7 -7 -6  4  0 -6  9  2 -7 -6 -4 -6 -2  0    0   0   0   0   0   0   0   0   0  23   8   0  54   8   0   0   0   0   1   6  1.98 0.80
   21 M   -2 -5 -5 -7 -6 -3 -6 -1 -6 -1  1 -1  9 -4 -6 -1 -2 -6 -5  1    3   0   0   0   0   1   0   4   0   3  10   3  59   0   0   5   2   0   0   8  1.70 0.76
   22 D   -2 -4  0  7 -7 -1  3 -5 -2 -7 -5 -1 -6 -7 -5 -3 -4 -4 -7 -5    3   0   4  63   0   2  21   0   1   0   1   3   0   0   0   1   1   0   0   0  1.67 0.72
   23 C   -2 -9 -8 -9 11 -8 -9 -8 -8 -4 -6 -8 -7 -8 -8 -4 -5 -8 -8 -1    4   0   0   0  89   0   0   0   0   1   0   0   0   0   0   1   0   0   0   5  3.87 1.23
   24 K   -5  0 -4 -5 -8 -1 -4 -6 -4 -6 -7  8 -5 -8 -6 -5 -5 -8 -7 -5    0   4   1   0   0   2   0   0   0   0   0  91   0   0   0   0   0   0   0   1  2.51 1.00
   25 K   -1  1  1 -2 -7  0  0 -5 -3 -5 -5  7 -4 -7 -5 -2 -2 -7 -6 -5    5   7   7   1   0   3   6   0   0   0   1  63   0   0   0   2   2   0   0   0  1.34 0.65
   26 A    7 -6 -6 -6 -3 -5 -6 -5 -6 -5 -5 -5 -2 -4 -6 -2 -4 -7 -5 -3   93   0   0   0   0   0   0   0   0   1   1   0   1   1   0   1   0   0   0   1  2.21 0.95
   27 L   -6 -7 -8 -8 -6 -7 -7 -8 -7 -1  7 -7 -2 -4 -7 -7 -6 -6 -6 -3    0   0   0   0   0   0   0   0   0   2  97   0   0   0   0   0   0   0   0   1  2.27 0.90
   28 T    0 -2 -1  0 -4  1  3 -3 -3  1 -1  0  0 -3 -4  0  2 -5 -4  2    8   1   3   4   0   8  20   1   0  11   4   5   2   0   0   5  14   0   0  14  0.27 0.25
   29 E    1 -3 -2  0 -4  1  6 -5 -1 -5 -5  1 -5 -6 -5 -2 -4 -7 -6 -4   14   1   2   3   0   4  62   0   1   0   1   7   0   0   0   2   0   0   0   1  1.33 0.67
   30 T    4 -4  1 -4  4 -4 -3 -4 -1 -5 -5 -3 -3 -2 -5  2  4 -6 -4 -2   34   0   7   0  10   0   1   0   2   0   0   1   1   2   0  15  24   0   0   3  0.83 0.51
   31 D   -1 -3  5  4 -3  0  2  3 -1 -6 -6  1 -5 -6 -5 -1 -3 -6 -5 -6    5   1  26  21   1   3  11  20   1   0   0   7   0   0   0   3   0   0   0   0  0.82 0.46
   32 G   -3 -5  2 -3 -4 -4 -4  7 -4 -8 -6 -6 -4 -6 -6 -4 -6  3 -2 -7    1   0  11   1   0   1   1  77   0   0   1   0   0   0   0   0   0   3   2   0  1.92 0.80
   33 D   -5 -5  4  8 -8 -4 -2 -5 -5 -5 -8 -5 -8 -8 -6 -3 -4 -9 -8 -7    0   0  18  76   0   0   2   0   0   1   0   0   0   0   0   1   1   0   0   0  2.34 0.94
   34 I   -3 -4 -5 -6 -5 -3 -2 -5 -3  4  2 -3  6  3 -4 -4 -3 -4 -1  1    2   0   0   0   0   1   3   0   0  28  21   1  19  12   1   1   1   0   2   7  0.84 0.44
   35 D   -1 -4 -1  5 -7  0  6 -5 -2 -5 -6 -1 -6 -7 -4 -3 -2 -7 -6 -4    6   0   3  27   0   3  50   0   1   1   1   3   0   0   0   1   2   0   0   1  1.32 0.66
   36 K    2  1 -2 -2 -3  1  1 -3 -4 -4 -1  6 -3 -6 -5 -2 -3 -6 -5 -3   20   5   1   2   0   4  10   1   0   1   6  44   0   0   0   2   1   0   0   2  0.81 0.49
   37 A    7 -6 -6 -7 -5 -6 -6 -3 -7 -6 -7 -6 -6 -7 -6 -1 -5 -8 -7 -5   95   0   0   0   0   0   0   1   0   0   0   0   0   0   0   4   0   0   0   0  2.40 1.01
   38 I   -1 -1 -5 -4 -3  0  1 -5 -3  5  0  0  1 -1 -5 -2 -2 -5 -3  3    4   3   0   0   0   5  12   0   0  33   6   6   4   3   0   3   2   0   1  19  0.53 0.34
   39 D   -2 -2 -1  4 -6  1  5 -5 -3 -3 -4  2 -4 -5 -5 -2 -1 -7 -5 -3    4   2   3  23   0   5  39   0   0   2   1  12   0   0   0   2   4   0   0   2  0.89 0.50
   40 Y   -3 -5 -1 -4 -5 -4 -2 -6 -1  4  1 -4 -3  2 -6 -4 -4  8  5  0    2   0   3   1   0   0   4   0   2  23  14   1   0   6   0   1   0  20  17   4  1.06 0.51
   41 L   -5 -7 -8 -8 -6 -7 -8 -8 -7  1  7 -7  2 -3 -8 -7 -6 -6 -6 -3    1   0   0   0   0   0   0   0   0   5  89   0   4   1   0   0   0   0   0   1  2.07 0.84
   42 R   -5  8 -2 -6 -8 -1 -4 -6 -2 -6 -5  2 -6 -7 -7 -4 -5 -7 -5 -6    1  79   2   0   0   3   1   0   1   0   1  10   0   0   0   1   0   0   0   0  2.27 0.91
   43 E   -2 -1 -4 -3 -6  0  4 -5 -4 -2 -3  6 -4 -6 -5 -3 -1 -6 -5 -1    3   2   0   1   0   4  23   0   0   3   3  50   0   0   0   1   5   0   0   5  1.11 0.59
   44 K   -2  2  0 -4 -5  2 -1 -5 -2 -4 -3  6 -1 -6 -5  0 -2 -1 -2 -5    3  11   4   0   0   9   3   0   1   1   3  54   1   0   0   6   2   1   1   0  1.11 0.58
   45 G   -2 -6 -1 -4 -7 -5 -6  7 -3 -6 -3 -6 -3 -3 -6  0 -5 -7 -5 -7    2   0   2   1   0   0   0  81   1   0   3   0   1   1   0   6   0   0   0   0  1.97 0.80
   46 I    1 -2 -4 -4 -4  1 -2 -1 -3  3  3  0  1 -2 -4 -2 -1  2 -3  0   12   1   0   0   0   8   2   5   0  17  31   6   4   1   0   2   3   3   0   5  0.34 0.27
   47 A    4 -3  0 -3 -2 -2 -1 -2 -3 -1 -1  2 -2 -4 -4  1 -1 -5 -3  0   43   0   4   1   1   1   3   3   0   4   6  13   1   1   0  12   3   0   0   5  0.51 0.37
   48 K    1 -1 -1 -2 -5  0 -3 -2 -4  0 -3  5 -2 -4 -3  2  2 -6 -4  0   10   2   2   1   0   3   0   2   0   5   2  36   1   0   1  14  11   0   0   7  0.52 0.38
   49 A    6 -4 -3 -5 -5 -2 -4 -2 -6 -2 -3 -4  1 -6 -5  0 -3 -6 -2 -1   73   1   2   0   0   2   0   2   0   2   3   1   3   0   0   5   1   0   1   5  1.37 0.69
   50 A    4 -3 -1  1 -3  0  2  0 -2 -2 -2 -2 -2 -3 -3  1  0 -5 -3 -1   34   1   3   8   0   3  17   5   1   3   3   1   1   1   0  10   5   0   1   3  0.40 0.32
   51 K   -3 -1  0 -3 -7 -2 -2 -4 -3 -5 -6  8 -6 -7 -4 -2 -3 -7 -6 -6    2   3   4   1   0   1   1   1   0   0   1  79   0   0   1   3   2   0   0   0  1.91 0.82
   52 K   -3  5 -4 -4 -7 -3 -2 -6 -2 -4 -2  7 -2 -5 -5 -4 -4 -7 -4 -4    2  27   1   1   0   0   2   0   1   1   4  57   1   0   0   1   1   0   1   1  1.54 0.70
   53 A    4 -4 -1 -3 -4  2 -1 -1 -3 -3 -3 -2 -2 -3 -5  4 -1 -6 -4 -2   40   0   2   1   0   8   4   3   0   1   3   1   1   1   0  28   3   0   0   2  0.76 0.48
   54 D    0 -4  0  4 -3 -2  1  3 -1 -4 -5 -2 -3 -4 -3  2  0 -6 -4 -4    6   0   3  24   0   1   8  25   1   1   1   2   1   1   1  18   5   0   0   1  0.60 0.37
   55 R   -4  8  2 -1 -4 -3 -5 -7 -3 -5 -5  0 -6 -5 -7 -3 -6 -8 -4 -6    1  74  11   4   0   0   0   0   0   1   1   5   0   0   0   1   0   0   0   0  2.04 0.85
   56 I    1 -2 -2  1 -3 -1  2 -3 -2  1 -1  0 -1  1 -2  0  1 -4 -3  1   11   1   1   7   0   2  16   0   1  11   6   7   1   7   1   7   8   0   0  13  0.16 0.18
   57 A    5 -5 -2 -6 -5 -4 -5 -5 -4 -4 -5 -5  0 -6 -4 -1  5 -7 -6 -1   54   0   1   0   0   0   0   0   0   0   1   0   3   0   1   3  33   0   0   3  1.38 0.69
   58 A    4 -2  2  0 -2 -2 -2 -1 -2 -4 -4  2 -4 -4 -3  3  0 -6 -4 -2   35   1   9   5   1   1   2   4   1   1   1  12   0   0   0  19   6   0   0   2  0.54 0.37
   59 E   -3 -5  0  1 -4  1  7 -6 -2 -6 -7 -3 -4 -4 -6 -3 -5 -7 -5 -6    2   0   4   7   0   6  74   0   1   1   0   0   0   1   0   2   0   0   0   0  1.82 0.79
   60 G   -4 -6 -5 -5 -6 -6 -4  7 -6 -7 -7 -6 -6 -7 -6 -5 -4 -6 -7 -1    0   0   0   0   0   0   1  90   0   0   0   0   0   0   0   0   1   0   0   4  2.38 0.85
   61 L    1  2 -3 -4 -1 -2 -3 -3 -3  2  3 -1  0 -2 -4 -1  0 -2 -3  2   10  12   1   0   1   2   1   2   0   9  28   3   2   1   0   3   6   0   1  17  0.33 0.23
   62 V    0 -6 -7 -7 -2 -6 -6 -7 -7  5 -1 -6 -2 -3 -6 -4 -1 -6 -5  6    7   0   0   0   1   0   0   0   0  35   3   0   1   1   0   1   3   0   0  49  1.44 0.61
   63 H    3 -2 -2 -3 -1  0 -2  2 -1 -2 -2  0 -2  2 -4  0 -1 -1  2  0   29   2   1   1   1   4   1  15   1   1   4   5   1   8   0   6   3   1   8   8  0.28 0.24
   64 V    1 -4 -5 -4 -2 -4 -4 -4 -5  4  0 -5  0  0 -5 -1  1 -2 -2  4   13   0   0   1   1   1   1   1   0  25   8   0   2   3   0   4   7   1   1  33  0.68 0.38
   65 E    3 -1  0 -2  0  1 -1 -2  1 -2 -2  1 -2 -1 -4  3 -1 -2  1 -1   25   3   3   1   2   6   2   1   4   2   3  10   1   2   0  22   2   1   6   5  0.31 0.27
   66 T    0 -1  1  1 -1  0  1 -1 -1  1 -1 -1 -1 -2  0  0  1 -3 -2  2    9   2   7   7   1   4   9   3   1   9   2   4   1   1   5   7  10   0   1  17  0.10 0.12
   67 K   -1 -2  2  5 -2 -1  1  1 -1 -4 -4  2 -3 -4 -4  1 -1 -5 -4 -4    4   2   9  34   1   1   7  10   1   1   1  14   0   1   0   9   3   0   0   1  0.59 0.34
   68 G    0  0  2  2 -1 -1  0  4 -1 -4 -4  0 -3 -3 -2  0 -2 -4 -3 -4    9   4  12  14   1   2   4  34   1   0   2   6   1   1   2   5   1   0   1   1  0.47 0.26
   69 N    0  1  3  2 -2  0 -1  0  0 -3 -3  3 -2 -4 -2  1  1 -4 -3 -4    7   6  16  11   1   4   2   8   2   1   1  24   1   0   1   8   8   0   1   0  0.36 0.23
   70 D    0  1  0 -1 -1  0  1 -1  0 -1 -2  2 -1 -1  1  1  1 -2 -1  0    7   8   5   1   2   3   7   3   2   3   2  14   2   4   5  16   8   1   2   7  0.10 0.10
   71 A    3 -3 -2  0 -2 -3 -3  4 -4 -2 -3 -3 -2 -3 -3 -1 -1 -2 -2 -1   33   1   1   6   1   0   1  40   0   3   2   1   1   1   0   2   2   0   1   5  0.67 0.33
   72 V    3 -3 -3 -3 -1 -3 -3  1 -2  1 -1 -2 -1 -1  1  1  0 -4 -2  2   32   0   0   0   1   0   0  10   1   7   3   1   1   2   6  10   5   0   1  20  0.28 0.21
   73 I    0 -4 -3 -4 -1 -3 -4 -3 -4  3  3 -4  4 -1  1 -3 -2 -4 -2  1    9   0   1   0   1   1   0   2   0  23  33   0  16   1   6   0   1   0   1   6  0.53 0.27
   74 V    1 -3 -3 -4 -1 -3 -3 -2 -4  3  1 -3  0  0 -3 -2 -1 -1 -1  4   10   0   0   0   1   0   1   2   0  15  12   0   1   3   0   2   2   1   1  46  0.47 0.23
   75 E   -1 -1 -2  0 -2  1  6 -2 -1 -3 -3 -1 -2 -3 -2 -1 -2 -4 -3 -3    3   1   1   2   1   3  69   3   1   1   2   2   1   1   1   3   1   0   1   2  0.99 0.39
   76 I    1 -3 -3 -3  0 -2 -3 -3 -3  3  2 -3  1  0 -3 -2 -1 -3 -2  3   17   0   0   0   1   1   1   1   0  16  26   0   3   2   0   1   2   0   0  27  0.31 0.16
   77 N   -1  0  5  0 -1  0 -1 -1 -1 -3 -2  1 -2 -2  1  1 -1 -4 -2 -2    4   5  43   2   1   3   1   2   1   0   5  10   1   1   8   8   2   0   1   1  0.45 0.21
   78 S    0 -2 -2 -3  8 -2 -2 -3 -3 -1 -2  2 -2  0 -3  1  0 -3 -2 -1    4   0   0   0  44   0   1   1   0   2   1  19   0   5   0  15   3   0   0   3  0.75 0.24
   79 E   -2 -2  0  0 -5  2  6 -4 -2 -3 -4 -1 -3 -4  2 -2 -2 -4 -3  0    0   0   3   2   0   7  70   0   0   0   0   0   0   0   9   0   0   0   0   9  0.91 0.32
   80 T   -1 -2 -1 -2 -2 -1  1 -2 -2 -2 -2  1 -2 -3 -2  1  6 -3 -3 -2    1   0   0   0   0   0  10   1   0   0   1  10   0   0   0   7  67   0   0   1  0.71 0.27
   81 D    0  0  0  5 -3 -1  2 -2  0 -3 -4  0 -3 -4  1  0 -1 -4 -3 -3    8   5   3  48   0   0  11   1   3   0   1   6   0   0   6   3   3   0   0   1  0.61 0.23
   82 F   -2 -1 -2 -3 -3 -1 -1 -3 -2  0  0 -2 -1  6  1  0 -1 -1  1 -2    1   4   0   1   0   4   5   1   0   4   5   1   0  51   7  12   4   0   0   1  0.51 0.25
   83 V    1 -3 -3 -3  2 -2 -3  0 -3  1  0 -3 -1 -2 -3  0  0 -3 -2  4   11   0   0   1   6   0   1   7   0   6   7   1   0   0   0   6   6   0   0  46  0.33 0.20
   84 A    0 -1 -1 -2  3  1  0  0 -2  0 -1  0  1 -2  1  0  1 -3 -2  0    8   0   0   0   8   8   8   8   0   8   1   8   8   0   8   8   8   0   0   8  0.12 0.12
   85 R   -3  5  1 -3 -7 -1 -3 -3 -2 -4 -3  5 -2 -7 -6 -2 -3 -7 -2 -4    2  35   7   1   0   2   1   2   1   1   3  38   1   0   0   2   1   0   1   1  1.21 0.65
   86 N    0 -2  7  0 -2 -3 -2 -1  1 -4 -5 -3 -6 -7 -6  2  2 -7 -6 -4    8   2  44   6   1   1   2   4   3   1   1   1   0   0   0  15  10   0   0   1  1.03 0.61
   87 E    0 -2 -1  4 -7 -1  5 -4 -1 -2 -5  0 -6 -7  1  0 -2 -7 -2 -4    6   1   2  24   0   2  35   1   1   3   1   5   0   0   8   6   2   0   1   1  0.83 0.53
   88 G   -1 -1  1  4 -2  1  2 -2  0  0 -2  0 -1 -2 -2 -1 -1 -5 -2 -2    6   4   6  25   1   7  16   2   2   5   4   6   2   2   2   3   3   0   1   3  0.34 0.27
   89 F   -3 -8 -8 -8  1 -8 -1 -8 -7 -1 -2 -8  1  9 -9 -2 -7 -5  0 -2    3   0   0   0   3   0   4   0   0   3   4   0   3  70   0   4   0   0   3   3  2.20 0.94
   90 Q    0  1 -1 -2 -1  3  0 -2 -1  1  0  1 -1 -1  0 -1 -1  0 -2  0    9   7   3   1   1  18   4   3   1   9  10  10   1   2   4   3   2   1   1   6  0.15 0.19
   91 E    2 -1  2  0 -1  0  1  1  0 -3 -3  2 -4 -2  0  0 -1 -5 -2 -2   20   3   9   5   1   4  11   9   2   2   2  14   0   1   4   7   3   0   1   2  0.24 0.22
   92 L   -1 -3 -3 -6  0 -2 -3 -4 -1  1  3  1  1  6 -6 -3 -3 -4  0 -2    6   1   1   0   2   2   2   2   1   6  27   8   3  31   0   2   2   0   2   2  0.72 0.42
   93 V    4 -4 -4 -6  2 -3 -5  0 -3 -1 -1 -4  0 -3 -5 -1  0 -6 -3  5   29   1   1   0   4   1   0   7   1   3   6   1   2   1   0   4   5   0   1  36  0.74 0.52
   94 K    0  1  3  2 -3  2  2 -1  0 -3 -2  2 -2 -4 -4  0 -1 -5 -3 -2    8   6  12   9   1   9  13   4   2   1   4  14   1   1   0   7   4   0   1   2  0.28 0.27
   95 E    0  0  2  3 -5  1  3 -2  0 -3 -3  2 -1 -3 -3  0  0 -6 -3 -3    8   5   9  15   0   5  18   2   2   2   2  14   1   1   1   5   6   0   1   1  0.37 0.32
   96 I   -1 -6 -4 -6  1 -6 -3 -5 -6  4  3 -6  1 -1 -3 -3 -1 -6 -3  3    6   0   1   0   3   0   2   1   0  23  30   0   3   2   1   2   3   0   1  21  0.78 0.47
   97 A    5 -2 -3 -5  1 -3 -2 -1 -2 -1  1 -3 -1 -3 -5  0  0 -6 -5  1   42   3   1   0   3   1   3   4   1   4  12   1   1   1   0   6   6   0   0  10  0.57 0.44
   98 N    0  0  2  2 -1  2  2 -1  0 -3 -3  2  0 -3 -3 -1  0 -5 -2 -3    9   6   8  11   1  10  12   4   2   1   3  14   3   1   1   4   7   0   1   2  0.26 0.25
   99 Q    1 -1 -2 -2 -1  2  0 -2  3  1  1  0  0 -1 -2 -1  1  0  0  0   11   2   2   2   1   9   5   3   7   8  14   6   3   2   2   3   8   1   3   7  0.10 0.14
  100 V    3 -3 -6 -6  2 -3 -4 -2 -2  3  1 -3  0 -2 -3 -3 -1 -6 -2  3   28   1   0   0   5   1   1   3   1  15  11   2   2   2   2   2   4   0   2  18  0.53 0.39
  101 L    2 -3 -1 -3  0 -1 -2 -2  0  0  4 -2  1  0 -2 -2 -2  0 -1  0   15   1   3   1   2   3   2   4   2   5  36   2   2   4   2   3   2   1   2   7  0.36 0.29
  102 D    2 -2  1  1 -5  2  2 -1  0 -2 -3  1 -1 -3 -3  1  1 -5 -1 -2   19   2   8   8   0   8  13   4   2   2   2  10   1   1   1   8   7   0   2   2  0.27 0.27
  103 T   -1  0  0  0  2  0  0 -1  2  0 -1  0  2  1  0 -1  0  4  1 -1    5   5   5   5   5   5   5   5   5   5   5   5   5   5   5   5   5   5   5   5  0.09 0.08
  104 K    0  0  2  2  0  0  0  2  1 -3 -3  2  1 -1  0 -1 -1 -7 -6 -3    7   4  10  10   2   3   7  13   3   2   3  13   3   3   6   5   3   0   0   2  0.25 0.21
  105 A    1 -2  0  0  1 -1 -1  0  0  0 -1 -2  1  0  3  0 -1  1  0  0   10   2   4   4   3   3   4   7   2   6   6   3   4   3  16   8   4   2   4   7  0.15 0.14
  106 E    1 -2  0  2  0 -1  0 -1 -1 -1  0  0  0 -1  0  0  1 -5  0  0   12   2   5  11   2   3   7   5   2   3   8   5   2   3   5   8   7   0   3   7  0.07 0.08
  107 T   -1 -3  1  4  2 -1  0 -1 -1 -3 -3 -1 -2 -3 -2  2  2 -6 -1 -2    5   1   7  23   4   3   6   6   1   1   3   3   1   1   2  17  11   0   2   3  0.39 0.34
  108 V    0 -1  0  0 -1 -1 -1 -1 -1  2  0  0  0 -1  0 -1  0 -4 -2  3    8   2   5   4   1   2   5   5   1  11  10   6   2   2   4   4   6   0   1  20  0.10 0.12
  109 E    0 -2  1  3 -1  0  4 -2 -1 -2 -2  2 -1 -3 -1  0 -1 -5 -3 -2    9   2   6  14   1   3  25   2   2   2   4  10   2   1   3   6   3   0   1   4  0.35 0.32
  110 A    2 -2  0  3 -2  0  3 -1 -2 -1 -1 -1 -2 -3 -2  0 -1 -5 -5 -1   20   2   4  14   1   3  20   4   1   4   6   4   1   1   2   5   3   0   0   4  0.32 0.31
  111 L    0 -3 -2 -1 -2 -2 -1 -4 -3  2  4 -3  0  0 -3 -2 -2 -1 -3  0    8   1   2   4   1   2   4   2   1   9  45   2   2   4   1   3   2   1   1   6  0.51 0.36
  112 M    0  0  0  1 -3  1  0 -1  0  0  1  1  1  0  0  0 -1  1  0  0    7   5   5   8   0   6   5   4   2   3  15   8   5   3   4   6   3   2   2   6  0.03 0.07
  113 E    1 -1  1  0  0  1  2 -1  1 -1 -1  0  0 -1 -1  0  0 -3  0 -1   16   3   6   5   3   7  12   4   3   3   5   6   3   3   3   7   4   0   3   3  0.09 0.13
  114 T    0  0  0  0  2  0  0 -1  1  0 -1  0  1  0  0  0  0 -2  1  0    5   5   5   5   5   5   5   5   5   5   5   5   5   5   5   5   5   0   5   5  0.03 0.05
  115 T   -1  0  0  0  2  0  0 -1  2  0 -1  0  2  1  0 -1  0  4  1 -1    5   5   5   5   5   5   5   5   5   5   5   5   5   5   5   5   5   5   5   5  0.09 0.08
  116 L    0 -1 -1 -1  0 -1 -1  0  0  1  1 -1  2  1  0 -1 -1  2  2  0    6   3   4   4   2   2   4   7   2   8  13   3   5   6   5   5   4   3   6   8  0.06 0.05
  117 P    1 -2  0  3 -5  0  1  1  1 -1 -2  0  0 -1  1  0 -2 -5 -1 -1   11   2   4  14   0   3   9   9   3   4   5   5   2   3   8   8   3   0   2   4  0.16 0.15
  118 N    0  0  0  0 -2  1  0  0  1  0 -1  0  1  0  1  0  0 -2  1  0    6   6   5   6   0   5   6   6   5   6   6   6   5   5   6   6   6   0   5   6  0.03 0.06
  119 G    0 -1  1  0 -3  0  1  2  1 -1 -1  0  0 -1  0  0  0  2  0 -1    6   3   7   5   0   4  12  15   3   4   5   5   3   3   4   7   5   3   3   4  0.09 0.11
  120 K    0  1 -1  0 -4  1  1 -1  0 -2 -2  4  0 -2 -1  0  0 -4 -2 -2    6   7   3   6   0   5  10   5   2   3   4  25   3   2   2   7   6   0   2   3  0.25 0.22
  121 S    0 -1 -1  1  0 -1  0 -2 -1 -1 -2  0 -1 -1  0  2  3 -4 -3 -1    9   3   3   7   2   3   7   2   1   3   4   6   2   3   4  13  23   0   0   4  0.21 0.24
  122 V   -2 -3 -3 -3  0 -2 -3 -4 -2  3  1 -3  0  2 -3 -3 -2 -5 -2  4    3   2   1   2   2   2   2   1   1  19  15   1   2   7   2   2   2   0   1  32  0.56 0.38
  123 D    0  0  1  2 -1  2  3 -1  0 -3 -3  2 -2 -3 -2  0 -1 -5 -2 -3    9   4   6   9   2   7  23   5   2   2   2  12   1   1   2   8   3   0   1   2  0.31 0.29
  124 E   -1 -2  1  4 -5  1  4 -1 -1 -2 -2 -1  1 -2 -2 -1 -1  0 -2 -3    6   2   6  21   0   5  23   4   1   3   3   4   4   2   2   5   4   1   2   2  0.42 0.35
  125 R    1  0 -1 -1 -1  1  1 -1  0 -1  1  0  1  0 -2 -1  0  0  0  0   15   5   2   3   1   5   9   3   3   3  14   7   5   3   2   3   6   1   4   6  0.06 0.10
  126 I   -3  4 -2 -5  0 -1 -3 -3 -1  3  2 -1  1 -1 -5 -3 -2  0 -1  1    2  20   2   0   2   2   2   3   2  16  23   3   3   3   0   2   2   1   2  11  0.44 0.33
  127 K    0 -1  1  1 -4  1  1 -2  0  0 -1  2  0 -2 -2 -1  2 -4 -1  0    8   3   8   8   0   7   9   3   2   5   5  12   3   2   2   4  13   0   2   5  0.15 0.18
  128 E    1 -2  1  3  0  1  4 -2  1 -3 -2  0 -1 -2 -3 -1 -1 -6 -2 -3   11   2   5  17   2   5  26   3   3   2   4   6   1   2   1   4   4   0   1   2  0.42 0.37
  129 A    1 -1  0 -2  0  0 -1 -2  0  0  2  0  2 -1 -3 -1  0 -3 -1  1   13   2   4   2   2   3   3   3   2   5  27   8   5   2   0   3   6   0   2   9  0.12 0.17
  130 I    0 -1 -1 -2  0 -1 -2 -1 -3  4  0 -2  1 -1 -1  0  1 -4 -3  2    8   3   3   2   2   2   3   5   0  25   4   2   4   3   2   6   9   0   0  16  0.21 0.23
  131 S    2 -1  0 -1 -3  0 -1  1  1 -1 -1 -1  0 -1 -1  1  0 -3  0 -1   24   3   4   3   0   5   4  13   3   4   6   3   3   3   3   8   4   0   3   5  0.12 0.16
  132 T   -1  1  0 -1 -3  1  0 -1  1  0 -1  3  1 -1 -3  0  1 -4  0  0    5   6   4   3   0   5   5   3   3   6   5  22   3   3   0   5  11   0   3   7  0.14 0.19
  133 I    1 -1 -1 -3  1 -2 -3 -1 -3  2  0 -1  2  1 -3  0  0  2  0  1   15   3   4   0   3   0   0   3   0  18   7   4   6   7   0   5   7   3   3  12  0.13 0.17
  134 G   -1  0  0  0 -4  0  0  4  1 -1 -2  1 -3 -3 -3  0 -1 -4  0 -1    4   6   4   4   0   4   6  35   3   4   4  12   0   0   0   5   4   0   3   3  0.31 0.23
  135 E   -1  0 -2  0 -4  1  4 -1 -3  1 -1  1  1 -4  0 -1 -2 -4 -4  0    4   4   0   4   0   4  36   5   0  11   4   9   5   0   5   4   0   0   0   5  0.34 0.29
  136 K    2  0  1  1  1  0  1  0  1 -3 -2  2 -2 -3  0  0  0 -4 -3 -1   18   4   6   7   3   3  11   5   3   0   4  18   0   0   3   3   5   0   0   3  0.17 0.16
  137 L   -2  0 -2 -4  0 -2 -2 -2  1  5  1 -2  2  1 -4 -2 -1 -4 -2  1    3   5   2   0   2   2   3   3   4  35  13   2   7   6   0   2   3   0   0   9  0.39 0.30
  138 S    0  0  0  1  0  0  1  0  0  0 -1  0  0 -1 -2  1  1 -3  0  1    6   4   4   8   3   5   9   5   3   3   4   5   3   3   0  10  10   0   3  12  0.05 0.10
  139 V    0 -2  0 -2  2  0  0  0 -2  0  0  0  1  1  1  0  0  4  1  0    6   0   6   0   6   6   6   6   0   6   6   6   6   6   6   6   6   6   6   6  0.08 0.13
  140 R    0  2  0  0 -3  0  0  1  1 -1  0  1  2 -3  0  0  0 -3 -3 -1    5  16   4   6   0   4   4  12   3   3   8   7   7   0   5   8   4   0   0   4  0.11 0.14
  141 R   -1  7 -1 -1 -7 -1 -1 -2  0 -2 -3  0 -6 -2 -2 -2 -2 -7 -1 -6    4  51   3   4   0   3   5   4   2   2   3   6   0   2   2   3   2   0   2   0  1.07 0.65
  142 F    1 -2 -1 -2  1 -1 -2 -1  0  1 -1 -2  1  3 -2 -2 -2  2  2  1   13   3   3   3   3   3   3   5   3   9   7   3   3  14   3   4   3   3   6   9  0.19 0.13
  143 A    2 -1 -1 -1  1  0  1 -1  1  0 -2  1  0  0 -5 -1  1  2  0  0   17   3   3   4   3   4   8   5   3   5   4  10   3   4   0   4   9   3   3   6  0.15 0.15
  144 I    0  2  0 -1  1  0 -1 -2  1  0  0  1  0  0 -1 -1  0  2  1  0    8  13   4   3   3   4   3   3   3   6  11   7   3   5   3   5   6   2   4   7  0.07 0.07
  145 R   -2  0 -1 -2  1 -1 -2 -2  2  2  2 -2  3  2 -2 -2 -2  3  1  0    3   5   3   3   3   3   3   3   4  11  19   3   6   7   3   3   3   4   5   7  0.23 0.16
  146 T    0  0  0  0  2  0  0 -1  1  0 -1  0  1  0  0  0  0 -2  1  0    5   5   5   5   5   5   5   5   5   5   5   5   5   5   5   5   5   0   5   5  0.03 0.05
  147 K   -1  0  0  0  2  0  0 -1  2  0 -1  0  2  1  0 -1  0  4  1 -1    5   5   5   5   5   5   5   5   5   5   5   5   5   5   5   5   5   5   5   5  0.09 0.08
  148 T    1 -2  1  0 -1  0  1  0 -1 -2 -2  0 -1 -2  0  1  1 -1 -1  1   10   2   7   6   1   5   9   6   1   3   4   6   2   1   5  11   9   1   2   8  0.10 0.11
  149 D    1 -1  1  2 -1  0  1  1  0 -2 -2 -1  0 -2  1  0 -1  0 -1 -2   10   3   6  10   2   4  10  11   2   2   4   4   2   2   6   8   4   1   2   4  0.11 0.12
  150 N    0 -3  3  2  1  0  0  2  0 -2 -3  0 -1 -2 -1  1 -1  0 -1 -2    9   2  11  10   3   4   6  16   2   3   3   5   2   2   3  10   4   1   3   4  0.20 0.18
  151 D   -3 -3 -1  0 -7  1  0  5  1 -1 -1 -3 -1 -2 -1  0  0 -7  0 -3    3   2   3   6   0   5   7  36   3   3   6   2   1   2   3   7   5   0   3   2  0.54 0.37
  152 A    0 -1  0  0  1 -1 -1 -1  2  1  0  0  2  1 -1  0 -1  2  0  0    7   4   5   5   3   3   3   4   6   9   9   5   5   6   3   6   4   2   4   7  0.05 0.05
  153 F   -1  0  0  0  2  0  0 -1  2  0 -1  0  2  1  0 -1  0  4  1 -1    5   5   5   5   5   5   5   5   5   5   5   5   5   5   5   5   5   5   5   5  0.09 0.08
  154 G    0 -2  0 -1  0  0 -1  2  0  0  0 -1  0  0 -3 -1 -1  0  0  1    9   0   4   3   2   6   3  21   3   6   7   3   3   5   0   4   3   1   3  13  0.10 0.13
  155 A    2 -1  0 -1  0  0 -1  0  3 -1 -2 -1 -1 -1  0  2  0  1  2  0   17   2   4   2   2   4   3   7   7   3   3   2   2   2   4  16   5   2   8   7  0.15 0.18
  156 Y   -2 -2 -5 -6 -6 -5 -2 -3  2 -5 -2 -1 -5  1 -6  0 -1 -3  8  0    3   2   0   0   0   0   2   2   4   0   4   3   0   4   0   8   4   0  53   6  1.39 0.73
  157 L   -1 -2  0 -4 -1 -1 -2 -2  1  2  0 -1  0 -2 -1 -1  0 -3  4  2    5   2   4   0   2   2   2   4   4  13   6   3   2   0   3   5   7   0  19  15  0.27 0.24
  158 H    0  1  1  1 -3  1  0 -2  2  0 -1  0 -1  1  1  0  0 -2  1 -2    7   7   7   7   0   7   7   0   6   7   7   7   0   6   7   7   7   0   6   0  0.09 0.11
  159 M   -2 -1  2  1 -5 -1 -1  1  7 -1 -1 -1  1 -1  0 -1 -1  2  0 -2    4   3   8   7   0   3   4  10  25   3   5   4   3   3   4   4   3   3   3   3  0.43 0.32
  160 G   -1 -2  3  3  0 -1 -1  4 -1 -3 -3 -2  0 -3 -1 -1  0 -5 -5 -3    4   2  17  15   2   3   3  29   1   2   3   2   3   1   4   4   5   0   0   2  0.47 0.37
  161 G    0 -1  1 -1 -4 -1 -1  3  1 -1 -2  0  3 -1  1  0 -1 -4  0 -1    6   3   7   4   0   3   3  24   4   3   3   8  11   3   6   5   3   0   3   3  0.20 0.23
  162 R    0  0  0  0 -2  1  0  0  1  0 -1  0  1  0  1  0  0 -2  1  0    6   6   5   6   0   5   6   6   5   6   6   6   5   5   6   6   6   0   5   6  0.03 0.06
  163 I   -1 -1 -2 -2 -1 -1 -2 -2  0  4  1 -1  1 -1  0 -1  0 -1  0  1    5   3   2   2   1   3   1   4   2  28  11   5   4   1   4   4   5   1   3   9  0.17 0.18
  164 G    3 -5 -4 -4  1 -1 -4  5 -5  0 -2 -4 -4 -5 -5  0 -1 -5 -5 -1   23   0   0   0   2   2   0  48   0   6   3   0   0   0   0   5   3   0   0   5  0.94 0.50
  165 V    2 -4 -1 -2  3 -4 -2 -1 -4  0 -1 -4 -3 -4 -4  0  0 -5 -4  4   21   0   4   2   7   0   2   4   0   5   4   0   0   0   0   8   5   0   0  35  0.54 0.37
  166 L    0 -3 -2 -2  0 -2 -2 -1 -4  3  3 -1  2  0 -4 -2 -1 -4 -1  1    7   0   2   2   2   1   3   5   0  15  34   4   6   3   0   2   4   0   1   9  0.32 0.23
  167 T    0  0  0  0  2 -1 -2  0 -2  0  0  0  1  1 -2  0  0  4 -1  0    7   7   7   7   6   0   0   7   0   7   7   7   6   6   0   7   7   6   0   7  0.07 0.12
  168 V    0 -1 -1  1 -1  0  3 -1  0  0 -1  0 -1 -2 -2  0 -1 -4 -1  1   10   2   2   8   1   4  22   4   3   5   6   6   2   1   1   9   3   0   2  10  0.14 0.18
  169 V   -1 -4 -4 -5  0 -4 -2 -3 -1  2  3 -2  1  1 -4 -2 -1  1  1  3    6   0   0   0   2   0   2   2   2  11  30   3   4   7   0   2   4   2   5  19  0.38 0.29
  170 E   -1 -1  2  1 -1  0  3 -2  0 -2 -2  1  0 -4 -2  1  1 -5 -4 -2    5   3  10   8   1   3  19   3   2   2   3  10   2   0   2  13  11   0   0   2  0.26 0.26
  171 G   -1 -2  0  0  2  0  0 -1  2  0 -1  0  1  0  0  0  0  3  1  0    5   0   5   5   5   5   5   5   5   5   5   5   5   5   5   5   5   5   5   5  0.07 0.11
  172 S    0  0  0  1  1  0  1  0  1 -1 -1  1 -2  0  1  0  0 -3  0 -1    6   3   5   9   3   5  11   5   3   4   5  10   0   4   6   8   5   0   3   5  0.06 0.10
  173 T    0  0  1  1  0  0  1  0  0 -1 -2  1 -1 -2  0  1  1 -4 -1 -1    8   3   7  10   2   2   7   8   3   5   3   9   2   2   4  10   8   0   2   3  0.08 0.10
  174 D    0 -2  2  4  0  0  0 -1  0 -1 -2 -1  0 -1  2  0  0 -5 -2 -2    8   2  11  24   2   4   5   4   2   3   3   3   3   3   9   6   5   0   1   3  0.28 0.28
  175 E    0  0  0  0 -2  0  0  0  1  0 -1  0  1  0  0  0  0 -2  1  0    5   5   5   5   0   5   5   5   5   5   5   5   5   5   5   5   5   0   5   5  0.00 0.06
  176 E    1 -1  0  2 -5  1  4 -1  0 -3 -3  0 -4 -3 -2  0  0 -5 -2 -2   10   2   4  13   0   6  33   4   2   2   2   6   0   1   1   5   5   0   1   2  0.43 0.39
  177 A    0 -4 -4 -2  0 -2 -3 -3 -4  1  3 -3  1  2 -3 -2 -1 -4 -1  2   10   0   0   3   2   1   2   1   0   8  35   2   2  10   1   1   4   0   1  15  0.40 0.34
  178 A    4 -3 -2 -3  0 -4 -3  3 -1 -1  0 -2 -1 -2 -2 -1 -2 -5 -2  0   39   1   2   1   2   0   2  23   1   3   8   1   2   1   1   3   2   0   1   6  0.50 0.42
  179 R    0  0  1  0 -3  1  0  0  2 -2 -1  0  1  0  1  0  0 -2  1 -1    6   6   6   6   0   6   6   6   6   0   6   6   6   6   6   6   6   0   6   6  0.05 0.09
  180 D    0  0  1  0 -3  1  0  0  2 -1 -1  0  1  1 -2  0  0 -2  1  0    6   6   6   6   0   6   6   6   6   0   6   6   6   6   0   6   6   0   6   6  0.06 0.10
  181 V   -1 -1 -1 -3  1 -2 -2 -2 -3  3  2 -3  1  0 -3 -2  0 -3 -2  2    5   3   3   0   3   0   3   3   0  28  27   0   4   3   0   1   4   0   0  11  0.29 0.20
  182 A    4 -3 -3 -3  4  0 -2  1 -3 -2 -1 -2 -2 -3  0  1  0 -4 -3 -1   47   0   0   0  10   4   0   8   0   0   5   0   0   0   4   9   5   0   0   5  0.50 0.31
  183 M   -2 -2 -3 -4 -3  1  0 -3 -1  0  1 -2  7 -1 -4 -3 -1  0  1  2    2   2   0   0   0   6   6   2   1   4  12   2  37   2   0   1   4   1   4  12  0.56 0.35
  184 H   -3  0 -1 -3  0  4 -2 -4  8 -4 -2 -2 -3 -4 -4  0 -1 -4 -2 -1    1   4   2   0   2  25   0   1  42   0   4   0   0   0   0   6   3   0   0   6  1.06 0.50
  185 I    0  0 -4 -5  1 -4 -4 -5 -4  5  1 -3 -1 -2 -4 -2 -2 -4 -1  4    6   7   0   0   3   0   0   0   0  38  12   0   0   0   0   2   1   0   2  28  0.61 0.34
  186 A    5 -4 -4 -4  1 -3 -2 -2 -4  0 -1 -3  0  1 -3  0  0 -4 -3  2   56   0   0   0   3   0   2   1   0   4   3   0   2   7   0   3   4   0   0  14  0.62 0.38
  187 A    0 -2 -2  0  3 -2 -2  0 -2  1  0 -2  2  1 -3  0  0  4  2  0    8   0   0   8   7   0   0   8   0   8   8   0   7   7   0   8   8   7   7   8  0.13 0.14
  188 I    1 -1 -1  0  0 -1 -1 -1  1 -1  0 -1  2  1  0  1  1 -3  0 -1   12   3   3   6   3   3   3   4   5   3   8   3   8   5   5  10   9   0   3   3  0.05 0.12
  189 N    0  1  4  0  0  0 -1  0  1 -3 -4  2 -3 -2 -1  1  0 -4 -3 -1    7   6  24   4   2   4   3   7   3   0   1  13   0   2   3   9   5   0   0   5  0.29 0.26
  190 P   -1 -5 -5 -4 -5  0 -4 -1 -5  0 -5 -4 -4 -5  7 -1 -1 -6 -5  0    6   0   0   0   0   4   0   5   0   5   1   0   0   0  63   3   4   0   0   6  1.62 0.67
  191 K    0  0  0  0  2  0  0 -1  1  0 -1  0  1  0  0  0  0 -2  1  0    5   5   5   5   5   5   5   5   5   5   5   5   5   5   5   5   5   0   5   5 -0.00 0.06
  192 Y    1 -1 -4 -1  2 -1 -1 -1  1 -1 -4 -1 -3  3 -1  0 -1  3  5  0   13   3   0   3   5   3   3   4   3   3   0   3   0  11   3   7   3   4  21   6  0.40 0.35
  193 V   -1 -2 -1 -4  0 -3 -4 -2 -4  3  3 -2  1 -1 -1 -2 -1  1 -1  2    6   2   3   0   2   0   0   3   0  18  26   2   3   2   3   3   4   2   2  18  0.33 0.27
  194 S   -1  0  1  2  0 -1  0  0  0 -2 -2  0 -3 -2 -3  3  2 -4 -1 -1    3   6   6  14   2   2   4   6   3   2   3   6   0   2   0  22  11   0   2   4  0.21 0.26
  195 S   -1  3  0 -2 -4  0  1 -3 -1  1 -2  1  0 -2  2  0 -1 -4 -1  0    5  21   4   2   0   3   8   1   1   8   3  10   2   1  10   7   3   0   2   8  0.23 0.22
  196 E    0 -1  1  4 -2  0  3 -1  0 -3 -4  0 -4 -3 -2  1 -1 -1 -2 -3    9   2   7  20   1   3  23   4   2   1   1   6   0   1   2  11   4   1   1   1  0.43 0.34
  197 Q   -2 -2  0  5 -2  1  3  0 -1 -4 -4 -2 -3 -3 -2  0 -3 -5 -3 -4    3   2   3  34   1   6  22   7   1   1   1   1   1   2   2   7   1   0   1   1  0.71 0.49
  198 V   -2 -5 -5 -2  0 -5 -3 -6 -5  4  1 -5  1 -1 -3 -4 -2 -5 -2  5    4   0   0   2   2   0   2   0   0  21  11   0   3   3   2   0   1   0   1  46  0.95 0.53
  199 S   -3 -5 -2  4 -1 -3 -2 -4 -5 -6 -4 -3 -5 -3  7  1  0 -6 -6 -5    2   0   2  21   1   1   2   1   0   0   2   2   0   1  50   9   5   0   0   0  1.43 0.76
  200 E    3 -2 -1  0 -2  2  3 -3 -1 -3 -3  0 -2 -3  3  0 -1 -5 -2 -2   22   1   3   5   1   9  18   1   1   1   2   6   1   1  14   8   2   0   2   2  0.39 0.34
  201 E    1 -3  1  4 -5  0  4 -3  0 -4 -4  0 -3 -5  0  0 -1 -5 -2 -3   11   0   6  20   0   3  31   2   2   1   1   5   1   0   5   7   3   0   1   2  0.58 0.42
  202 E    0 -1 -2  0 -3 -2  0 -2 -1  2  1  0  0  1 -3 -2  0  1  0  3    6   3   1   5   0   1   6   2   2  12  11   5   3   7   0   2   6   2   3  22  0.15 0.17
  203 I   -1 -2 -4 -3 -2 -2 -3 -5 -4  4  3  0  0 -2 -3 -3 -2 -2 -2  3    4   2   0   1   1   2   2   1   0  26  27   6   2   1   2   1   2   1   1  20  0.56 0.36
  204 N    2 -2  1  3 -4  1  4 -3 -2 -2 -4  1 -3 -3 -2 -1 -1 -5 -3 -3   15   1   6  14   0   5  33   1   1   2   2   7   1   1   1   4   3   0   1   2  0.55 0.41
  205 H   -1  3  1 -2 -5  0  2 -3  2 -3 -4  4 -4 -3 -2  0 -1 -5 -2 -2    6  15   6   1   0   4  13   1   4   1   1  30   0   1   2   6   3   0   2   2  0.52 0.38
  206 E   -3 -3 -2 -2 -3  2  7 -5 -3 -3 -3 -1 -2 -3 -3 -3 -3 -6 -5 -3    2   1   1   1   1   7  68   1   1   2   3   2   1   1   1   2   1   0   0   2  1.49 0.82
  207 R   -3  5 -2 -3 -5 -1  1 -4 -2 -3 -2  5  1 -3 -2 -2 -1 -4  0 -3    1  27   1   1   0   2   8   1   1   2   5  31   3   1   1   2   4   0   4   2  0.68 0.47
  208 E    1  0  0  1 -4  1  4 -3 -1 -4 -3  2 -1 -4 -2  0 -2 -5 -3 -3   12   5   5   7   0   5  33   2   1   0   2  12   1   1   2   7   2   0   1   1  0.49 0.38
  209 V   -1 -3 -4 -1 -4 -2  0 -4 -2  6  0 -2  0 -1 -4 -2 -2 -4 -2  3    4   1   1   3   0   2   6   2   1  45   7   3   2   2   0   3   2   0   1  16  0.71 0.44
  210 L    1 -2 -3 -3 -2  1  0 -2 -1  1  1 -1  0  3 -2 -2 -2  0  3 -1   13   1   1   0   1   7   7   2   1  10  17   3   1  14   2   2   1   1  12   3  0.26 0.25
  211 K    0  3 -2 -2 -3 -1  1 -3 -2  0  0  2  2 -2 -1  0  0 -2 -3 -1    7  17   1   1   0   2   8   1   1   6  10  15   7   1   3   8   6   1   1   4  0.21 0.23
  212 Q    2 -2 -1  1 -3  2  4 -2 -1 -3 -3  1 -2 -4 -3  0 -1 -5 -4 -2   21   1   3   7   1   8  29   3   1   1   2  10   1   1   0   6   4   0   0   2  0.49 0.39
  213 Q   -2  0 -2 -1 -5  6  2 -3 -2  0 -3  2 -2 -4 -3  0 -2 -3 -3 -2    2   4   1   4   0  40  12   2   1   5   3  12   1   1   1   6   2   0   1   2  0.80 0.56
  214 A    4 -3 -2  0 -3 -2  0 -3 -2  0  1 -2  2 -3  0 -1 -1 -4 -3  1   37   1   2   5   0   1   5   1   1   5  12   2   5   1   4   4   4   0   1   9  0.34 0.32
  215 L    1  2 -1  1 -4  0  1 -1 -2 -1  0  3  0 -3 -2 -1 -1 -4 -3 -1   12  11   2   8   0   4   9   4   1   4  11  21   2   0   1   4   2   0   1   3  0.21 0.22
  216 N    0 -1  3  2 -4  1  3 -1 -1 -2 -1  1 -1 -1 -3  0 -1 -4 -2 -2    9   2  13  10   0   5  20   4   1   2   7   8   1   3   1   8   3   0   1   3  0.25 0.23
  217 E    0 -2 -1  0 -4  0  4 -2 -2 -3 -1  0 -1 -3 -3  3  1 -4 -3 -2    9   1   3   5   0   4  25   2   1   1   6   6   2   1   1  22   7   0   1   3  0.38 0.35
  218 G   -2 -2  3  0 -3 -3 -2  6 -4 -4 -5  0 -5 -5 -3  1 -3 -5 -2 -4    2   2  12   6   0   1   2  51   0   1   1   6   0   0   1  10   1   0   1   1  0.98 0.57
  219 K   -4 -1 -3 -3 -6  0 -2 -4 -3 -6 -5  8 -5 -6 -3 -3 -2 -6 -5 -4    1   1   1   1   0   3   2   1   1   0   1  79   0   0   1   2   2   0   0   1  1.97 0.98
  220 P   -3 -5 -3 -1 -6 -2 -2 -5 -5 -6 -5 -1 -6 -5  8  0 -2 -6 -3 -6    2   0   1   3   0   2   3   1   0   0   1   3   0   1  70   7   2   0   1   0  1.99 0.99
  221 E    2 -3 -2  2 -5  2  5 -4 -4 -3 -4  1 -4 -5  1 -1 -3 -5 -4 -4   17   1   2  10   0   7  38   1   0   1   1   7   0   1   8   3   1   0   1   1  0.73 0.53
  222 N    1 -1  4  2 -4  2  3 -2  1 -2 -4  2 -2 -3 -2  0 -2 -5 -4 -3   12   2  18  11   0   9  17   2   3   3   1  11   1   1   1   6   2   0   0   1  0.43 0.35
  223 I   -1 -4 -2 -1 -4 -3 -2 -5 -4  6  0 -3  3 -1 -4 -3 -3 -5 -4  3    5   1   2   3   0   1   4   0   0  45   5   2   6   2   1   1   1   0   0  20  0.87 0.52
  224 V    1  0 -3 -3 -3  0 -1 -3 -1  3  1  1  0 -2 -3 -2 -2  2 -2  2   11   6   1   1   0   5   3   1   1  18  15   9   2   1   1   3   2   3   1  17  0.24 0.23
  225 E    0 -3  0  3 -6  1  6 -3 -2 -5 -5  0 -3 -6 -1 -1 -2 -6 -4 -4    8   1   3  16   0   6  45   1   1   0   1   6   1   0   3   4   2   0   0   1  0.90 0.58
  226 K   -3  1  1 -3 -5 -1 -1 -1 -2 -5 -5  7 -1 -3 -4 -1 -3 -5 -3 -5    1   6   6   1   0   3   3   4   1   0   1  64   1   1   0   4   1   0   1   1  1.35 0.73
  227 M   -2 -4 -5 -3 -4 -3 -3 -4 -4  7 -2 -4  6 -2 -5 -5 -3 -5 -3  0    3   1   0   2   0   1   2   2   0  58   1   1  18   1   1   1   1   0   1   4  1.42 0.72
  228 V    1 -3 -4 -4 -3 -4 -3 -4 -4  3  1 -3  1 -2 -2 -2 -1 -4 -3  5   11   1   0   1   0   0   2   1   0  18  10   1   3   1   2   2   4   0   1  40  0.66 0.41
  229 E    0 -2  0  2 -4  2  5 -2 -2 -3 -3  1 -1 -4 -1  0 -1 -4 -4 -2    7   1   4  11   0   9  34   2   1   2   3   8   1   1   3   5   4   0   0   2  0.49 0.38
  230 G   -2 -4 -1 -1 -5 -4 -3  7 -5 -5 -5 -2 -5 -4 -3 -2 -4 -5 -5 -3    3   1   2   3   0   0   2  77   0   1   1   3   0   1   1   2   1   0   0   2  1.71 0.79
  231 R   -3  6 -2 -4 -5  0 -1 -3 -4 -4 -4  5 -1 -3 -2  0 -3 -3 -4 -5    2  36   2   1   0   4   3   2   0   1   1  36   2   1   2   6   1   0   0   1  1.11 0.62
  232 L   -2 -3 -4 -2 -4 -4 -3 -5 -4  3  4 -4  5 -2 -1 -3 -2 -2 -3  2    3   1   0   3   0   0   2   1   0  19  34   1  13   1   3   1   1   0   1  14  0.67 0.41
  233 R    0  2  4  1 -4  1  1  0 -1 -3 -4  3 -3 -5 -3  0 -1 -5 -4 -4    7  11  21   6   0   7  10   7   1   1   1  18   0   0   0   6   3   0   0   1  0.46 0.34
  234 K   -2  0 -2 -2 -5 -1 -1 -3 -2 -5 -5  7 -4 -6 -3 -1 -2 -6 -5 -5    4   4   2   2   0   1   3   2   1   0   1  69   0   0   1   4   3   0   0   1  1.46 0.77
  235 Y   -3 -1 -3 -2 -5 -2 -1 -3  0 -1 -1 -2  0  7 -5 -3 -3  4  4 -2    2   4   1   2   0   2   4   2   2   3   4   3   2  44   0   2   1   6  14   3  1.03 0.55
  236 L   -3 -2 -3 -3 -1 -3 -1 -4 -2  1  3 -1  0  4 -5 -3 -3 -3  5  0    2   2   1   1   1   1   4   1   1   9  26   4   1  16   0   1   1   0  23   5  0.65 0.42
  237 Q    1 -1  1  1 -3  1  3 -1 -3 -4 -4  3 -2 -4 -4  2 -1 -5 -3 -3   12   3   5   8   0   6  20   4   0   1   1  20   1   0   0  13   3   0   1   1  0.42 0.36
  238 E   -3 -3 -1  3 -7  1  7 -3 -4 -7 -6 -3 -5 -7 -5 -2 -3 -7 -6 -6    2   1   3  12   0   6  67   2   0   0   0   1   0   0   0   3   2   0   0   0  1.63 0.90
  239 I   -2  0  3 -3 -2 -1 -2 -3 -2  2 -1 -1  1  0 -4  0  1 -2 -2  3    3   4  16   1   1   2   2   1   1  14   4   3   4   3   0   9   9   0   1  22  0.29 0.30
  240 C    0 -1 -5 -6  8 -4 -4 -6 -6 -1 -4 -3 -4 -5 -4  1  2 -6 -5  4    7   4   0   0  33   1   1   0   0   2   1   1   0   0   1   9  14   0   0  26  1.24 0.70
  241 A   -5 -6 -8 -8 -6 -6 -7 -8 -7 -2  7 -7  3  0 -7 -7 -6 -6 -5 -3    0   0   0   0   0   0   0   0   0   1  88   0   5   4   0   0   0   0   0   0  2.05 0.98
  242 V   -3 -5 -2 -5 -5 -5 -1 -6 -4  1  5 -5  3 -1 -4 -3  0 -2  0  2    1   0   2   0   0   0   5   0   0   7  52   0   8   2   1   2   5   1   4  12  0.80 0.50
  243 D   -3  0  3  3 -4  0  5 -1  1 -6 -4  1 -5 -2 -4 -1 -3 -6 -2 -6    2   4  12  19   0   3  34   5   3   0   2   7   0   2   0   5   1   0   2   0  0.72 0.49
  244 Q   -7 -5 -6 -6 -4  9 -3 -8 -5 -9 -7 -4 -3 -9 -7 -6 -5 -8 -7 -8    0   0   0   0   1  97   0   0   0   0   0   0   1   0   0   0   1   0   0   0  3.35 1.54
  245 D    0 -2  0  1 -4 -1  2 -2 -4 -3 -3  1 -2 -2  5 -1  0 -4 -3 -1    8   2   5   7   0   1  16   2   0   1   2  11   1   2  27   4   6   0   1   4  0.51 0.38
  246 F   -6 -7 -6 -7 -5 -7 -7 -8  0 -4 -2 -7 -3  8 -8 -4 -5  4  6 -6    0   0   0   0   0   0   0   0   2   1   3   0   0  61   0   2   1   5  25   0  2.33 1.02
  247 V   -2 -6 -7 -5 -4 -5 -6 -7 -6  5  2 -6  1 -1 -5 -4 -4 -6 -2  5    3   0   0   0   0   0   0   0   0  28  20   0   3   3   0   1   0   0   2  39  1.14 0.61
  248 K   -3  1 -2 -4 -2 -2 -2 -4 -2  1  1  5  4  0 -4 -3 -3 -1 -4 -2    2   8   2   0   1   1   1   1   1   7  16  40  10   5   0   1   1   1   0   3  0.70 0.49
  249 N   -4 -5  3  7 -8 -4  2 -3 -2 -7 -7 -3 -7 -6 -5 -4 -5 -8 -5 -6    1   0  14  66   0   0  11   2   1   0   0   1   0   0   0   1   0   0   0   0  1.86 0.90
  250 P   -1 -4  1  4 -6  0  1  0 -3 -4 -5 -3 -4 -7  5  0 -1 -7 -6 -6    4   1   7  20   0   3  10   8   0   1   1   1   0   0  33   7   4   0   0   0  0.89 0.55
  251 D   -2 -3  2  3 -6 -1  1 -1 -2 -6 -6  4 -5 -6 -5  3  0 -7 -5 -5    3   0   8  16   0   1   8   4   1   0   0  30   0   0   0  22   5   0   0   0  0.79 0.54
  252 V   -3  0 -3 -4 -4  3 -2 -4 -3  2  1  4  2 -3 -2 -2  0 -5 -2  1    1   4   1   0   0  13   2   0   0  12  13  28   6   1   1   2   6   0   1   9  0.46 0.38
  253 T   -3 -2 -1 -5 -3 -3 -4 -6 -4 -4 -4  4 -4 -4 -3  2  6 -7 -2 -3    1   2   2   0   0   1   0   0   0   1   1  21   0   1   1  16  50   0   1   1  1.23 0.76
  254 V   -5 -6 -6 -8 -3 -7 -7 -8 -8  5 -2 -7 -1 -5 -7 -6 -4 -8 -6  7    0   0   0   0   0   0   0   0   0  25   2   0   1   0   0   0   1   0   0  71  2.03 0.94
  255 E    1  1 -2 -1 -4  1  2  3 -2 -5 -5  3 -3 -4 -4  1 -2 -5 -3 -4   13   7   1   2   0   7  14  21   0   0   0  19   0   1   0  11   1   0   1   0  0.50 0.39
  256 A    0 -3 -1  4 -7  5  4 -4 -3 -6 -6  3 -5 -7 -5 -2 -1 -7 -6 -5    7   1   2  23   0  23  23   1   0   0   0  15   0   0   0   2   3   0   0   0  0.98 0.62
  257 F   -1 -4 -5 -6 -3 -4 -5 -6 -1  1  3 -5  2  3 -6 -4 -4  2  5  3    6   1   0   0   0   0   0   0   2   8  26   0   4   9   0   0   0   3  19  21  0.78 0.47
  258 L   -2 -5 -7 -7 -4 -5 -6 -6 -6  3  5 -5  1 -3 -6 -5 -3 -6 -5  3    4   0   0   0   0   0   0   1   0  13  58   0   2   1   0   1   1   0   0  18  1.21 0.63
  259 K    2  0  0  0 -2  1  2 -2 -3 -4 -2  4 -3 -5 -3  0 -1 -5 -3 -3   15   3   5   5   1   5  13   3   0   1   4  32   0   0   1   6   3   0   1   2  0.46 0.36
  260 T    1 -1  1  2 -5  3  4 -2 -2 -3 -3  1 -2 -5 -3  1 -1 -6 -4 -4   11   2   6  10   0  13  29   2   0   1   2   9   1   0   1   9   3   0   0   0  0.55 0.41
  261 K    1 -1  3 -2 -2  0  1 -1  1 -1  0  1 -1 -2 -2  0  0 -4 -1  0   16   3  14   0   1   3   9   5   4   2   8  12   1   2   1   5   5   0   1   9  0.13 0.18
  262 G    0 -3  4  0 -5 -2 -1  4 -1 -4 -5  1 -5 -6 -4  2 -3 -6 -5 -4    7   1  22   6   0   1   3  33   1   1   1   7   0   0   0  15   1   0   0   1  0.75 0.48
  263 G    2 -3 -2 -3 -1 -2 -2  0 -4  3  0  2  1 -2 -3 -1  0 -3 -4  2   19   0   1   1   1   1   1   6   0  20   9  14   3   1   1   5   5   0   0  12  0.28 0.27
  264 K   -2  0 -1  0 -4  1  3 -4 -2 -3 -4  4 -4 -5 -3  1  2 -4 -4 -3    2   4   2   4   0   6  21   1   1   1   1  29   0   0   1  11  14   0   0   2  0.65 0.48
  265 L   -3 -7 -7 -7 -2 -6 -6 -8 -7  6  1 -7 -1 -3 -2 -6 -4 -7 -5  6    2   0   0   0   1   0   0   0   0  38  11   0   1   0   2   0   0   0   0  46  1.51 0.74
  266 V    0  0  0 -2 -3 -1  0 -1 -1  2  0  2 -1 -3 -4  0  1 -4 -2  2    6   5   4   1   0   2   5   5   2  11   7  15   1   0   0   6  10   0   1  19  0.16 0.20
  267 D    0  4  1  3 -2 -1  0  1  0 -6 -5  2 -5 -4 -4  2 -2 -3 -3 -5    8  20   5  17   1   2   6  11   2   0   1  10   0   0   0  14   1   0   1   0  0.50 0.38
  268 F   -3 -8 -8 -9 -6 -8 -7 -8 -6 -5 -4 -6  1  9 -9 -7 -6 -3  3 -3    3   0   0   0   0   0   0   0   0   0   1   0   4  81   0   0   0   0   9   2  2.77 1.14
  269 V    1 -2 -4 -4 -1 -2 -2 -4 -1  3 -1  0 -1 -2 -4 -1  0 -2  0  4   14   2   0   0   1   2   3   0   2  15   5   5   1   1   0   3   7   1   4  33  0.43 0.34
  270 R   -6  8 -4 -7  1 -2 -5 -7 -3 -4 -2 -1 -2 -3 -7 -5 -5 -4 -2 -4    0  79   0   0   3   2   0   0   1   1   5   3   1   1   0   0   0   0   2   2  2.13 1.00
  271 Y   -4 -5 -7 -8 -1 -6 -7 -7 -4 -1  0 -6  1  7 -7 -6 -4  3  6 -1    1   0   0   0   1   0   0   0   0   4  10   0   4  45   0   0   1   4  25   5  1.63 0.76
  272 E    0  0  0 -2 -4  3  5 -3 -2 -2 -4  1 -3 -5 -4  0 -2 -6 -3  0    9   5   4   1   0  14  36   2   1   2   1   7   0   0   0   6   2   0   1   8  0.62 0.46
  273 V   -3 -2 -6 -7  5 -6 -6 -7 -6  2  3 -3 -1 -4 -5 -4 -2 -6 -5  5    1   2   0   0  12   0   0   0   0  11  29   2   1   0   0   1   2   0   0  38  1.07 0.58
  274 G   -4 -6 -5 -6 -3 -7 -6  8 -4 -9 -9 -6 -8 -8 -7 -5 -6 -7 -8 -8    1   0   0   0   1   0   0  97   0   0   0   0   0   0   0   0   0   0   0   0  2.75 1.13
  275 E   -4 -5 -5  0 -8  1  8 -7 -5 -7 -7 -3 -6 -8 -6 -5 -5 -7 -7 -5    1   0   0   5   0   5  87   0   0   0   0   1   0   0   0   0   0   0   0   1  2.34 1.04
  276 G   -3 -4  0 -2 -6 -3 -1  7 -3 -5 -7 -1 -6 -6 -4 -1 -4 -3 -6 -3    1   0   5   2   0   1   5  74   1   0   0   4   0   0   1   4   1   0   0   2  1.52 0.66
  277 M   -4 -5 -5 -6 -4 -4 -3 -6 -6  6  3 -5  2 -3 -5 -4 -1 -5 -4  1    1   0   0   0   0   1   2   0   0  56  26   0   4   0   0   1   3   0   0   5  1.21 0.56
  278 E   -2 -4 -2  0 -7  1  7 -4 -4 -4 -6 -2 -5 -7 -5 -3 -3 -6 -6 -3    3   0   1   3   0   5  80   1   0   1   0   1   0   0   0   1   1   0   0   2  1.75 0.78
  279 K   -3  1 -1 -4 -6  0 -1 -3 -2 -5 -5  7 -4 -6 -2 -1 -4 -6 -5 -1    2   5   2   0   0   4   3   2   1   0   0  72   0   0   2   3   0   0   0   5  1.38 0.65
  280 R   -1  3  0 -1 -5  1  3 -4 -2 -2 -4  5 -3 -5 -2 -2 -1 -5 -4 -1    5  13   3   2   0   6  21   0   0   2   1  37   0   0   2   1   2   0   0   5  0.66 0.39
  281 E    0 -2  0  0 -3  2  5 -4 -2 -3 -4  0 -3 -5 -3  1 -1 -5 -4  1    6   1   5   3   0   8  42   0   0   0   0   6   0   0   0  12   3   0   0  12  0.61 0.39
  282 E   -1 -2  0  3 -2  0  4 -2 -2 -3 -4  1 -2 -4 -3  1  1 -5 -3 -1    3   0   3  21   1   4  31   2   1   1   0   9   1   1   0   8   9   0   0   6  0.51 0.32
  283 N   -4 -4  5  7 -3 -2 -1 -3 -4 -6 -7 -4 -3 -6 -5 -1 -4 -7 -4 -6    0   0  27  64   1   1   2   1   0   0   0   0   1   0   0   3   0   0   1   0  1.73 0.67
  284 F   -5 -6 -6 -5 -5 -2 -6 -6 -4 -3  0 -4 -3  9 -6 -5 -5 -1  1 -2    0   0   0   1   0   2   0   0   0   1   6   1   0  83   0   1   0   0   3   2  2.19 0.73
  285 A    6 -4 -4 -4 -3 -2 -3 -1 -4 -3 -4 -2 -4 -5  0 -1 -2 -5 -5  0   78   0   0   0   0   2   1   2   0   1   0   1   0   0   4   3   2   0   0   6  1.22 0.57
  286 D    4 -3 -1  3 -4 -1  3 -2 -3 -4 -4 -1 -4 -5 -3  1 -1 -5 -4 -3   41   0   1  14   0   1  25   1   0   1   1   2   0   0   0   9   3   0   0   0  0.70 0.40
  287 E   -4 -3 -4 -1 -7 -1  8 -6 -4 -7 -6 -1 -5 -7 -2 -3 -2 -6 -6 -6    0   0   0   2   0   0  92   0   0   0   0   2   0   0   2   0   2   0   0   0  2.13 0.79
  288 V   -3 -2 -6 -6 -4 -5 -6 -6 -6  0 -2 -5 -2 -4 -3 -5 -2 -6 -4  7    1   2   0   0   0   0   0   0   0   1   1   0   0   0   1   0   1   0   0  92  1.81 0.69
  289 K    5 -2 -1 -4  0  0 -2 -3 -4 -3 -2 -1  5 -4 -4  0 -2 -5 -3 -1   61   1   2   0   1   5   1   0   0   0   2   3  16   0   0   3   0   0   0   3  0.88 0.47
  290 G    4  0 -1 -3 -3  2  1 -2 -3 -4 -4  3 -3 -5 -3  1 -2 -1 -4 -3   44   4   3   0   0   8   9   1   0   0   1  20   0   0   0   9   0   1   0   0  0.62 0.37
  291 Q    0 -1 -3 -4 -5  7 -1 -5 -3 -4 -2 -1  5 -5 -4 -3  0 -5 -4 -3    8   2   1   0   0  62   1   0   0   0   2   3  16   0   0   0   6   0   0   0  1.33 0.58
  292 M    0 -4 -4 -4  0 -2 -4 -4 -4  3  2 -3  6 -2 -4 -1  0 -4 -3  2   10   0   0   0   2   1   0   0   0  18  18   0  26   0   0   3   5   0   0  16  0.58 0.29
  293 K   -3  4 -2 -3 -5  3 -1 -4 -2 -5 -5  6 -3 -5 -3 -2 -3 -5 -4 -4    0  19   0   0   0  15   0   0   0   0   0  66   0   0   0   0   0   0   0   0  1.28 0.41

                      K         Lambda
Standard Ungapped    0.1303     0.3120
Standard Gapped      0.0410     0.2670
PSI Ungapped         0.1632     0.3177
PSI Gapped           0.0499     0.2670
