
Last position-specific scoring matrix computed, weighted observed percentages rounded down, information per position, and relative weight of gapless real matches to pseudocounts
           A  R  N  D  C  Q  E  G  H  I  L  K  M  F  P  S  T  W  Y  V   A   R   N   D   C   Q   E   G   H   I   L   K   M   F   P   S   T   W   Y   V
    1 M   -5 -6 -7 -8 -6 -5 -6 -7 -6 -3 -2 -6 11 -4 -7 -6 -5 -6 -5 -4    0   0   0   0   0   0   0   0   0   0   0   0 100   0   0   0   0   0   0   0  3.61 1.02
    2 A    5 -4 -2 -4 -3 -3 -3 -2 -3 -1 -4 -1 -2 -5  0  2  1 -5 -3 -2   61   0   2   0   0   0   0   1   0   3   0   3   1   0   4  13   9   0   1   2  0.88 0.44
    3 E    0 -1  2  2 -3  1  4 -1 -2 -3 -3  2 -2 -3 -2  0  1 -4 -3 -3    7   1  11   9   0   4  27   3   0   1   2  16   1   1   1   4  10   0   1   2  0.40 0.22
    4 I   -3 -6 -4 -6 -4 -5 -6 -6 -6  7 -1 -5  1  0 -6 -5 -3 -5  0  4    1   0   1   0   0   0   0   0   0  63   1   0   3   3   0   0   1   0   3  23  1.47 0.56
    5 T   -2 -4  1  0 -4 -3 -3 -3 -3 -4 -5 -2 -4 -5 -2  4  5 -6 -5 -4    2   0   7   6   0   1   0   1   1   1   0   2   0   0   2  33  44   0   0   0  1.05 0.52
    6 A    5 -4 -3 -5 -3 -4 -4 -3 -4  0 -1 -1  4 -3  0 -1  0 -5 -4  0   55   0   1   0   0   0   0   1   0   6   4   3  10   0   4   3   6   0   0   6  0.78 0.43
    7 K    3 -2  0  1 -4  2  3 -3 -2 -4 -4  2 -4 -4 -3  1 -1 -5 -4 -3   24   1   5   7   0  11  18   1   0   0   1  15   0   0   0  12   2   0   0   1  0.48 0.32
    8 L   -1 -3 -3  3 -4  2 -1 -5 -3 -2  3 -1  5 -3 -5 -2 -2 -5 -4 -2    5   0   1  17   0  10   3   0   0   1  35   4  18   0   0   1   2   0   0   2  0.64 0.39
    9 V   -4 -6 -7 -7 -5 -6 -7 -7 -7  5  0 -6 -3 -4 -6 -6 -3 -6 -5  6    0   0   0   0   0   0   0   0   0  33   7   0   0   0   0   0   0   0   0  60  1.69 0.64
   10 K   -2  0  0 -5 -7  1 -3 -4 -4 -5 -5  7  2 -7 -5 -2 -4 -7 -5 -5    3   4   4   0   0   5   0   1   0   1   0  75   4   0   0   2   0   0   0   1  1.66 0.70
   11 E    1 -1 -1  0 -6  3  5 -4 -3 -4 -4  3 -4 -5 -4 -1 -2 -4 -4 -4   10   2   3   4   0  13  38   0   0   1   1  21   0   0   0   3   2   0   0   0  0.82 0.44
   12 L   -6 -6 -8 -8 -5 -6 -7 -8 -7 -2  7 -7 -1 -2 -7 -7 -5 -6 -5 -1    0   0   0   0   0   0   0   0   0   1  96   0   1   1   0   0   0   0   0   2  2.10 0.77
   13 R   -6  9 -5 -6 -8 -2 -5 -7 -5 -8 -7 -2 -4 -8 -7 -5 -6 -8 -6 -7    0  98   0   0   0   1   0   0   0   0   0   1   1   0   0   0   0   0   0   0  2.97 1.01
   14 E    0 -2  0  4 -6  2  5 -3 -2 -4 -5  1 -4 -5 -4 -2 -2 -6 -5 -4    6   1   4  21   0   8  41   2   0   1   1   9   0   0   0   2   2   0   0   0  0.86 0.44
   15 K    0  4 -3 -3 -4  1  1 -4 -3 -1 -1  4  2 -4 -4 -1 -1 -5 -3 -2   10  24   0   0   0   5   8   0   0   4   7  28   7   0   0   2   3   0   1   2  0.56 0.35
   16 S   -4 -6 -4 -5 -5 -5 -5 -6 -6 -4 -5 -4 -4 -7 -6  1  8 -7 -6 -4    0   0   0   0   0   0   0   0   0   0   1   1   0   0   0  10  88   0   0   0  2.30 0.92
   17 G   -3 -4  0  1 -5  0 -4  7 -3 -7 -6 -4 -6 -5 -6 -1 -5 -6 -6 -7    1   1   5   8   0   4   0  74   0   0   1   1   0   1   0   5   0   0   0   0  1.65 0.65
   18 A    6 -5 -5 -5 -1 -2 -5 -4 -5 -1  0 -4 -2 -2 -5 -1 -3 -6 -2  2   66   0   0   0   1   1   0   0   0   3   9   0   1   2   0   2   1   0   2  12  1.11 0.56
   19 G   -2 -3 -4 -5 -6 -4 -5  6 -6 -7 -7 -4 -6 -7  4  0 -3 -7 -7 -6    3   2   0   0   0   1   0  65   0   0   0   0   0   0  22   8   1   0   0   0  1.65 0.66
   20 V   -5 -6 -7 -7 -6 -5 -7 -7 -6  4  0 -6  9  2 -5 -6 -4 -6 -3  0    0   0   0   0   0   0   0   0   0  24   7   0  54   9   1   0   0   0   1   6  1.94 0.75
   21 M   -2 -5 -4 -7 -5 -3 -5 -2 -6 -1  1 -1  9 -4 -6 -1 -2 -6 -5  0    3   0   1   0   0   1   0   4   0   2   9   4  61   0   0   6   2   0   0   7  1.74 0.74
   22 D   -2 -4  0  7 -7 -1  3 -5 -2 -7 -4 -2 -6 -7 -5 -3 -4 -8 -6 -5    3   1   3  62   0   3  21   0   1   0   2   2   0   0   0   1   0   0   0   1  1.63 0.68
   23 A   -1 -8 -8 -9 11 -8 -9 -8 -8 -3 -6 -8 -6 -7 -8 -4 -5 -8 -8  0    5   0   0   0  86   0   0   0   0   1   0   0   0   0   0   1   0   0   0   6  3.70 1.14
   24 K   -5  0 -4 -5 -8  0 -4 -6 -4 -6 -7  8 -4 -8 -6 -5 -5 -8 -6 -5    0   3   1   0   0   3   0   0   0   0   0  92   0   0   0   0   0   0   0   1  2.50 0.95
   25 K   -1  2  1 -2 -6  1  0 -4 -3 -6 -5  7 -4 -7 -5 -2 -2 -7 -5 -5    5   8   6   2   0   5   6   0   0   0   1  61   0   0   0   2   3   0   0   0  1.28 0.60
   26 A    7 -6 -6 -6 -3 -5 -5 -4 -6 -5 -5 -5 -2 -4 -5 -2 -4 -7 -5 -3   93   0   0   0   0   0   0   0   0   0   1   0   1   1   0   1   0   0   0   1  2.18 0.90
   27 L   -6 -7 -8 -8 -6 -7 -7 -8 -7 -2  7 -7 -2 -4 -7 -7 -6 -6 -5 -3    0   0   0   0   0   0   0   0   0   1  97   0   0   0   0   0   0   0   0   1  2.26 0.85
   28 V    0 -2 -1  0 -4  2  3 -3 -3  1 -2  0  0 -3 -4 -1  2 -5 -4  2    7   1   2   4   0   9  25   1   0   8   3   5   3   0   0   4  14   0   0  15  0.33 0.28
   29 E    1 -3 -2  0 -4  0  7 -5 -2 -7 -6  0 -6 -5 -5 -2 -4 -7 -6 -5   12   1   2   4   0   4  66   0   1   0   0   5   0   0   0   3   0   0   0   1  1.47 0.69
   30 T    4 -4  1 -4  3 -4 -3 -4 -1 -5 -5 -3 -2 -2 -4  2  4 -6 -5 -2   40   0   6   0   6   0   1   0   1   0   0   1   1   2   0  15  23   0   0   3  0.85 0.50
   31 D   -1 -3  5  4 -3  0  2  3 -1 -6 -6  1 -5 -6 -4 -1 -3 -6 -5 -6    5   0  24  21   1   3  12  19   1   0   0   8   0   0   0   3   0   0   0   0  0.79 0.42
   32 G   -3 -5  1 -3 -3 -5 -4  7 -5 -8 -6 -6 -5 -6 -6 -4 -6  3 -2 -7    1   0   7   1   1   0   1  81   0   0   1   0   0   0   0   0   0   4   1   0  2.02 0.78
   33 D   -5 -5  3  8 -8 -4 -2 -5 -5 -5 -8 -4 -7 -8 -6 -3 -4 -9 -8 -7    0   0  15  79   0   0   2   0   0   1   0   0   0   0   0   1   1   0   0   0  2.37 0.90
   34 M   -3 -4 -4 -6 -5 -3 -1 -5 -3  4  2 -3  6  3 -4 -3 -3 -3 -1  1    2   0   1   0   0   1   4   0   1  25  16   1  22  15   1   1   1   0   2   7  0.81 0.42
   35 D   -1 -4 -1  5 -7  0  6 -5 -4 -5 -5  0 -6 -7 -5 -3 -2 -7 -6 -4    6   0   2  29   0   3  48   0   0   0   1   4   0   0   0   1   2   0   0   1  1.28 0.61
   36 K    2  1 -2 -2 -3  1  1 -3 -3 -4 -1  5 -3 -6 -4 -2 -2 -6 -5 -3   20   6   1   2   0   5  10   2   0   1   6  44   0   0   0   2   1   0   0   1  0.79 0.46
   37 A    7 -6 -6 -7 -5 -6 -6 -3 -6 -6 -6 -6 -6 -7 -6 -1 -5 -7 -7 -5   94   0   0   0   0   0   0   1   0   0   0   0   0   0   0   4   0   0   0   0  2.32 0.94
   38 V   -2 -1 -5 -4 -3 -1  1 -5 -3  5  0  0  2  0 -5 -3 -1 -5 -2  3    3   3   0   0   0   3  11   0   0  34   6   7   4   3   0   0   3   0   1  21  0.56 0.34
   39 E   -1 -1 -1  4 -6  1  5 -4 -3 -3 -4  2 -4 -6 -5 -2 -1 -6 -4 -3    5   2   2  23   0   5  37   0   0   2   2  12   0   0   0   2   4   0   0   2  0.83 0.45
   40 L   -2 -5 -1 -4 -5 -4 -2 -6 -1  4  1 -4 -2  1 -6 -4 -4  8  3  0    3   0   4   1   0   0   4   0   2  26  15   1   0   6   0   0   0  22  10   6  0.99 0.46
   41 L   -5 -7 -8 -8 -6 -7 -7 -8 -7  0  7 -7  2 -2 -7 -7 -6 -6 -5 -2    1   0   0   0   0   0   0   0   0   5  89   0   3   1   0   0   0   0   0   2  2.00 0.78
   42 R   -5  8 -4 -6 -8  0 -3 -7 -2 -6 -5  2 -4 -7 -7 -4 -5 -7 -5 -6    1  78   1   0   0   3   2   0   1   0   1  12   0   0   0   0   0   0   0   0  2.20 0.85
   43 E   -2 -1 -4 -3 -6  1  4 -5 -4 -2 -3  6 -4 -6 -5 -3 -1 -7 -5 -1    3   2   0   1   0   4  26   0   0   2   2  48   0   0   0   1   4   0   0   5  1.09 0.56
   44 K   -2  3  0 -4 -5  2 -1 -5 -2 -4 -3  6 -1 -6 -5 -1 -2 -1 -3 -5    3  12   5   0   0   9   3   0   1   1   2  54   2   0   0   5   1   1   1   0  1.13 0.56
   45 G   -3 -6 -1 -4 -7 -5 -6  7 -4 -6 -3 -6 -3 -3 -6 -1 -4 -7 -5 -6    2   0   3   0   0   0   0  82   0   0   3   0   1   2   0   5   0   0   0   0  1.94 0.75
   46 M    1 -2 -3 -4 -4  1 -2 -1 -3  3  3  0  2 -2 -4 -2 -2  1 -3  0   13   1   1   0   0   8   1   6   0  16  31   6   4   1   0   2   1   2   1   6  0.33 0.25
   47 A    5 -3  0 -3 -4 -2 -2 -1 -3 -1 -2  2 -2 -4 -4  1 -1 -6 -4 -1   49   0   4   1   0   2   2   3   0   4   4  14   1   0   0   9   3   0   0   3  0.65 0.41
   48 K    1  0 -1 -1 -5  0 -3 -3 -4  0 -3  5 -1 -4 -3  1  1 -6 -4  1   12   3   2   2   0   3   0   2   0   5   2  40   1   0   1   9   8   0   0   9  0.55 0.36
   49 A    6 -4 -4 -6 -5 -2 -4 -2 -5 -3 -2 -4  1 -6 -5 -1 -3 -6 -2  0   72   1   1   0   0   2   0   2   0   1   4   0   4   0   0   4   1   0   1   5  1.33 0.64
   50 A    4 -3 -1  1 -3  0  2  0 -2 -3 -2 -1 -2 -5 -3  1 -1 -5 -3 -1   39   0   2   7   0   4  13   6   1   1   3   2   1   0   1  11   4   0   1   4  0.45 0.32
   51 K   -2 -1  0 -3 -7 -2 -2 -4 -5 -7 -6  8 -6 -7 -5 -1 -2 -7 -6 -5    3   2   4   1   0   1   1   1   0   0   1  80   0   0   0   4   2   0   0   0  1.93 0.78
   52 K   -2  5 -2 -5 -7 -3 -3 -6 -3 -4 -3  6 -3 -5 -5 -4 -3 -7 -4 -4    3  30   1   0   0   0   1   0   0   1   3  54   1   0   0   1   1   0   0   1  1.50 0.65
   53 A    5 -4 -1 -4 -4  0 -1 -1 -3 -3 -2 -3 -2 -4 -4  3 -1 -6 -4 -2   47   0   2   0   0   5   5   3   0   1   3   1   1   1   0  23   4   0   0   2  0.78 0.46
   54 D    0 -4  0  5 -4 -2  0  4 -1 -4 -5 -3 -4 -4 -5  2 -1 -6 -4 -4    6   0   4  28   0   1   6  30   1   1   1   1   0   1   0  15   3   0   0   1  0.77 0.41
   55 R   -3  8  1 -6 -4 -3 -5 -7 -3 -4 -6  1 -6 -7 -7 -3 -6 -7 -4 -6    2  79   7   0   0   0   0   0   1   1   0   6   0   0   0   2   0   0   1   0  2.20 0.85
   56 V    1 -2 -2  1 -4  0  3 -3 -2  2 -2  0 -1 -4 -2  0  1 -5 -4  2   12   1   1   7   0   2  21   1   1  11   3   6   1   0   1   8  10   0   0  13  0.27 0.23
   57 A    5 -5 -2 -5 -5 -4 -5 -4 -4 -5 -4 -5  0 -6 -4 -1  5 -6 -6 -1   53   0   2   0   0   0   0   0   0   0   1   0   2   0   1   3  34   0   0   3  1.35 0.65
   58 A    3 -2  2 -2 -2 -2 -1  0 -2 -4 -3  2 -3 -4 -4  3  1 -4 -4 -2   30   2  10   2   0   1   2   6   1   0   2  14   0   0   0  19   8   0   0   2  0.48 0.33
   59 E   -2 -4  0  1 -4  2  7 -5 -1 -7 -7 -3 -3 -5 -6 -2 -4 -7 -6 -5    3   0   4   8   0   8  71   0   1   0   0   1   1   1   0   2   0   0   0   0  1.72 0.74
   60 G   -5 -4 -5 -6 -8 -7 -4  8 -7 -9 -9 -6 -8 -8 -7 -5 -7 -8 -8 -8    0   1   0   0   0   0   1  98   0   0   0   0   0   0   0   0   0   0   0   0  2.82 0.98
   61 L    0  2 -3 -5 -1 -2 -3 -3 -3  2  3 -2  1 -2 -5 -2 -1 -2 -2  2    7  12   1   0   1   1   1   2   0  11  32   2   2   0   0   3   4   1   1  18  0.39 0.26
   62 T   -2 -6 -7 -7 -2 -6 -6 -7 -7  6  0 -6 -2 -3 -6 -5 -1 -6 -5  5    3   0   0   0   1   0   0   0   0  38   7   0   0   1   0   1   4   0   0  46  1.45 0.59
   63 G    3 -2 -1 -2 -1 -2 -1  3  0 -2 -1 -1 -2  1 -4  0 -1 -2  0  1   27   1   2   1   1   1   3  21   3   2   5   4   1   8   0   6   2   0   2  10  0.28 0.22
   64 V    2 -4 -4 -4 -1 -3 -3 -3 -3  3  1 -4  0  0 -4  1  1 -2 -2  3   15   0   0   0   1   1   1   1   0  20  11   0   2   4   0  11   7   1   1  23  0.42 0.26
   65 Y    3  0 -2 -3 -1 -1 -2 -3 -1 -1 -1  2 -2  0 -4  1 -2  0  4  0   24   4   2   1   2   2   2   1   1   3   4  13   1   4   0   9   2   1  18   7  0.33 0.25
   66 V    0 -2 -2 -2 -2  0 -1 -2 -2  3 -1 -1 -1 -2 -2  0  1 -4 -2  3    7   2   2   2   1   4   5   2   1  20   4   4   1   1   1   6   8   0   1  27  0.26 0.20
   67 H   -1 -2  2  4 -3 -1  1 -2  4 -4 -4  0 -3 -3 -4  2  0 -5 -3 -4    6   1  11  28   1   1   7   3  10   1   1   6   0   1   0  17   4   0   1   1  0.57 0.32
   68 G    0 -2  2  3 -2 -2  1  5 -1 -5 -4 -1 -3 -4 -1  0 -2 -5 -3 -4    6   2   8  15   1   1   8  41   1   0   1   4   0   1   3   5   1   0   1   1  0.62 0.28
   69 N   -2  1  4  2 -2  0 -1  1  0 -4 -4  3 -2 -4 -3  0  0 -5 -3 -4    2   8  21  14   1   3   2  10   3   1   1  19   1   0   1   7   6   0   1   0  0.43 0.24
   70 V    0  2  0 -1  0  0 -1 -1 -1  0 -1  2 -1 -1 -2  1  1 -2 -1  0    7  11   5   2   2   3   3   4   1   6   3  18   1   3   0  10   9   1   2   9  0.09 0.10
   71 A    4 -3 -2 -3 -2 -3 -3  4 -4 -1 -3 -3 -2 -2 -3 -1 -1 -2 -2  0   36   1   1   0   1   0   1  40   0   3   2   1   1   1   0   3   3   1   1   6  0.69 0.29
   72 A    4 -3 -3 -4  0 -3 -3 -1 -2  1 -1 -2 -1 -1 -3  1  0 -4 -1  3   37   0   0   0   1   0   0   4   1   6   4   1   1   2   0  10   5   0   1  26  0.40 0.23
   73 V   -1 -4 -3 -5 -1 -3 -4 -3 -4  4  3 -4  5 -1 -4 -3 -2 -4 -2  1    4   0   1   0   1   1   0   2   0  29  29   0  22   1   0   0   1   0   1   8  0.66 0.26
   74 V   -1 -4 -4 -5 -1 -4 -4 -3 -4  3  2 -4  0  0 -4 -3 -1 -1 -1  5    4   0   0   0   1   0   0   2   0  18  15   0   1   3   0   1   2   1   1  51  0.67 0.26
   75 E   -1 -2 -2  0 -3  1  6 -3 -1 -4 -3  0 -2 -4 -2 -1 -2 -5 -3 -3    3   1   1   2   1   3  73   2   1   1   2   3   1   1   1   3   1   0   1   2  1.13 0.39
   76 V   -2 -4 -5 -5 -1 -3 -4 -5 -5  3  4 -4  1 -1 -4 -4 -2 -4 -3  4    1   0   0   0   1   1   0   0   0  18  39   0   3   2   0   0   1   0   0  34  0.76 0.27
   77 N   -1  0  6 -1 -1  0 -1 -1 -1 -4 -1  0 -2 -3 -4  0 -1 -5 -3 -3    4   5  55   1   1   3   1   3   1   0   7   4   1   1   0   7   2   0   1   1  0.76 0.31
   78 A   -1 -5 -4 -5 10 -5 -5 -5 -5 -2 -4 -5 -4 -3 -5  3 -1 -5 -5 -2    4   0   0   0  67   0   0   0   0   1   0   0   0   1   0  22   3   0   0   2  2.14 0.55
   79 E   -4 -3 -1  0 -7  1  7 -5 -3 -6 -6 -2 -5 -6 -4 -3 -4 -6 -5 -5    0   0   3   2   0   5  90   0   0   0   0   0   0   0   0   0   0   0   0   0  1.91 0.56
   80 T   -3 -4 -3 -4 -4 -3 -4 -4 -5 -4 -4 -4 -4 -5 -4  1  7 -5 -5 -3    0   0   0   0   0   0   0   0   0   0   0   0   0   0   0  10  90   0   0   0  1.87 0.58
   81 D    0 -4 -1  8 -6 -3  1 -4 -1 -6 -6 -3 -5 -6 -1 -2 -3 -7 -5 -5    7   0   1  81   0   0   5   0   1   0   0   0   0   0   3   1   1   0   0   0  1.73 0.49
   82 F   -5 -5 -5 -6 -5 -3 -5 -6 -4 -3 -2 -5 -3  8  2 -2 -3 -2  1 -4    0   0   0   0   0   1   0   0   0   0   2   0   0  80  10   3   1   0   1   0  1.88 0.52
   83 V    0 -5 -5 -5  0 -4 -5 -5 -5  0 -1 -4 -2 -3 -5 -2  0 -5 -4  7    7   0   0   0   2   0   0   0   0   0   3   0   0   0   0   2   4   0   0  81  1.26 0.43
   84 A    6 -4 -3 -4 -1 -3 -2 -1 -4 -3 -4 -2 -1 -4 -1  2 -1 -5 -4 -2   73   0   0   0   1   0   1   2   0   1   0   1   1   0   2  12   3   0   0   2  1.00 0.38
   85 K   -1  5  1 -2 -5  0 -2 -3 -2 -3 -3  5 -2 -5 -4 -2 -2 -5 -3 -3    4  37   7   2   0   3   1   1   0   1   1  37   1   0   0   2   1   0   0   2  0.89 0.36
   86 N   -2 -3  7  0 -1 -3 -2 -1 -1 -4 -3 -3 -3 -5 -4  1  2 -6 -5 -3    2   1  57   3   1   0   1   5   1   1   2   1   0   0   0  10  15   0   0   1  1.12 0.44
   87 A    0 -2 -1  5 -5  0  5 -3 -2 -3 -5 -1 -4 -5  0  0 -2 -5 -3 -4    7   1   2  31   0   2  38   1   1   2   0   3   0   0   5   5   2   0   1   1  0.81 0.34
   88 Q   -1  0  1  4  0  1  3 -1 -1 -2 -2  1  0 -3 -2 -1 -2 -5 -2 -2    4   4   5  31   2   5  19   4   1   3   3   8   2   1   2   2   2   0   1   2  0.40 0.22
   89 F   -6 -7 -7 -8 -2 -7 -7 -7 -5 -3 -2 -7 -1  9 -8 -7 -6 -3  0 -3    0   0   0   0   1   0   0   0   0   1   3   0   1  91   0   0   0   0   1   1  2.83 0.78
   90 V   -1  1 -1 -3 -3  4 -1 -2 -1  2  0  3 -1 -2 -4 -2 -1 -3 -3  2    3   7   3   1   0  22   1   2   1  12   9  19   1   1   0   1   2   0   0  14  0.33 0.23
   91 E    2 -1  2  1 -3  2  2  0 -1 -3 -3  2 -3 -4 -3  0  0 -5 -3 -3   20   2  13   9   0   8  13   8   1   1   1  12   0   1   0   6   5   0   1   1  0.31 0.20
   92 L    0  0  0 -2  2  1  0  0 -1  0  0  0  1  1 -2  0  0 -2  1  0    6   6   6   0   6   6   6   6   0   6   6   6   6   6   0   6   6   0   6   6  0.04 0.09
   93 V    3 -2 -4 -4  1 -2 -4  0 -1  0 -1 -2  1 -2 -2 -1 -1 -5 -2  4   32   2   0   0   3   1   0   6   1   3   4   2   3   1   2   4   4   0   1  30  0.46 0.38
   94 N    1  0  2  1 -1  1  2  0  1 -2 -2  2 -1 -2 -3  0  0 -4 -1 -2   11   5  14   8   1   8  13   5   3   3   3  12   1   1   0   5   4   0   2   2  0.19 0.19
   95 A    0  0  2  2 -4  1  2 -2  0 -2 -2  2 -1 -2 -2  0  0 -4 -2 -2    8   5   9  13   0   6  13   2   2   2   2  13   2   2   1   7   6   0   1   3  0.21 0.19
   96 T   -1 -5 -5 -5  2 -4 -5 -3 -5  4  3 -5  2  1 -2 -2 -1 -4 -1  3    5   0   0   0   4   0   0   2   0  25  29   0   4   5   2   3   3   0   2  17  0.60 0.38
   97 A    0  0  0 -2  2  1  0  0  2  0  0  0  1  0  1  0  0 -3 -1  0    6   6   6   0   6   6   6   6   6   6   6   6   6   6   6   6   6   0   0   6  0.04 0.09
   98 K    1  0  1  2 -1  2  2  0  0 -2 -1  2  1 -2 -2  0  0 -4 -2 -2   12   4   7  10   1   8  11   6   3   1   5  12   4   2   1   5   4   0   1   2  0.15 0.18
   99 V    1 -1 -2 -2 -3  2 -1 -2  4  1  0 -1  0 -1 -2 -1  0  0  1  0   15   2   2   2   0   9   3   3  11  10  11   3   2   2   1   4   7   1   4   8  0.15 0.19
  100 I    1 -1 -4 -4  2 -1 -1 -2 -4  2  1 -1  1  0 -4 -1 -1  2  0  2   15   3   0   0   5   3   3   4   0  14  10   3   3   4   0   4   4   3   4  18  0.22 0.22
  101 A    1 -1 -1 -1  1 -1 -1 -2  1  0  2 -1  1  0 -1  0 -1 -3  0  0   13   3   3   3   3   3   3   3   4   4  24   4   3   5   3   6   3   0   4   6  0.06 0.13
  102 E    1  0  1  0 -3  2  2 -1  0 -2 -2  1  0 -1 -1  0  0  1 -1 -1   16   4   7   6   0   8  13   3   2   2   3   9   2   2   2   6   7   2   2   4  0.14 0.17
  103 G    1 -1  2 -1  0  0  0  0  2 -2 -2  0  1 -1 -1  1  1  0 -1 -1   11   2  11   3   2   5   5   8   6   2   3   7   4   2   3  11   8   1   2   3  0.11 0.15
  104 K    0 -1  2  1  1  0  1  1  0 -2 -2  1 -1 -1  1  0  0 -4 -1 -2    6   3  12   8   3   3   8  12   3   2   3  11   1   3   7   6   4   0   2   3  0.15 0.16
  105 P    0 -2  0  1 -1 -1  0  0  0  0 -2 -1 -1 -1  4  0  0 -1 -2  0    9   2   4   7   2   2   5   8   2   7   4   3   1   2  21   5   6   1   2   8  0.23 0.21
  106 A    2 -2  0  1 -1  0  0 -1 -1  0 -1  1 -1 -2 -1  1  1  0 -2  0   19   2   5   8   1   3   6   5   1   4   5   8   2   2   2   9   8   1   1   8  0.10 0.13
  107 N   -1 -4  2  5 -1 -2 -1  0 -2 -3 -3 -2 -2 -1 -2  2  2 -1 -2 -3    5   1   9  25   1   2   5   7   1   2   4   3   1   3   2  15  11   1   1   2  0.49 0.36
  108 N   -1 -2  1  0 -2 -1 -1 -1 -1  1  0  0  0 -2 -1  0  0 -4 -2  3    6   2   6   6   1   2   5   5   1   9   9   6   2   2   3   7   6   0   1  21  0.11 0.13
  109 D    0 -5  0  4 -2 -1  4 -3 -5 -2 -2 -1 -2 -3 -1  0 -3 -7 -6 -1    7   0   5  24   1   3  28   2   0   2   4   4   1   1   4   6   2   0   0   5  0.67 0.48
  110 E    2 -4 -1  3 -2  0  5 -3  0 -2 -3 -1 -3 -3 -3 -1 -1 -2 -3 -2   15   1   3  14   1   4  31   2   2   3   3   4   1   1   1   4   3   1   1   3  0.57 0.43
  111 A    1 -3 -1  0 -2 -2  0 -2 -2  0  4 -2  0  1 -3 -2 -2 -5 -3  0   13   1   3   6   1   2   5   4   1   6  35   3   2   5   1   3   3   0   1   6  0.33 0.26
  112 L   -1 -2 -1 -1 -3 -1 -1 -3 -3  1  4  1  3 -1 -2 -1 -2 -2 -3  0    6   2   3   3   1   3   4   2   1   6  38   8   6   2   2   4   3   1   1   6  0.39 0.28
  113 A    3 -2  2  0 -2  0  1 -2 -2 -2 -1  1 -2 -5 -1  1 -2 -2 -3 -2   25   2   9   5   1   4   8   3   1   2   8   9   1   0   3  10   3   1   1   3  0.27 0.25
  114 L    1 -2  0  0 -1  2  0 -2  1 -1  1  0  0  0 -2  0 -1 -1 -1 -1   14   1   4   4   1   8   6   3   4   3  17   7   2   4   2   8   4   1   2   3  0.10 0.13
  115 V    0 -1 -2  0 -1  0  0 -2 -1  0 -1  2 -1 -1  2  0  0 -4 -1  1    7   3   2   5   1   4   5   2   1   6   7  16   2   3  10   8   6   0   2   9  0.13 0.14
  116 M   -1  0  0  0 -1  0 -1 -2  0  0  1  0  1  0  0  0  0  1  2  0    5   4   4   5   2   4   3   2   2   6  14   8   4   4   5   5   5   2   9   6  0.05 0.08
  117 P    0 -2  0  3 -1 -1  1 -1  0  0 -1 -1 -1  0  2 -1  0 -4 -1 -1    8   2   5  17   2   2  10   5   2   6   5   4   2   4  11   5   5   0   2   5  0.16 0.17
  118 S   -1 -1  2  3  0  0  1  1  0 -2 -3 -1  0 -2  0  1  0 -5 -1 -2    5   2   9  18   2   3  10  10   2   2   2   3   3   2   5  12   5   0   3   3  0.21 0.22
  119 G   -2 -2  1  1 -5 -1  0  5  1 -2 -3 -1 -1 -2 -2  1 -2 -5 -2 -2    3   2   7   7   0   3   6  37   3   3   2   3   2   2   2  10   2   0   2   2  0.51 0.38
  120 E   -1  1  0  1 -4  1  2  0  0 -1 -2  3  0 -2 -1  0 -1 -4 -2 -1    3   6   4   8   0   5  13   7   2   3   3  21   2   2   3   6   4   0   1   4  0.22 0.22
  121 T   -1 -2  0 -1 -5 -2 -1 -3 -2 -2 -3  0 -1 -2  0  2  5 -5 -5 -1    4   2   5   4   0   2   4   2   1   3   2   6   2   2   4  14  40   0   0   3  0.63 0.50
  122 L   -2 -3 -3 -6 -1 -3 -6 -6 -6  3  1 -4  0  1 -6 -4 -2 -5 -1  5    3   1   1   0   1   1   0   0   0  16  15   1   2   5   0   1   2   0   2  46  0.97 0.56
  123 A    1  0  0  1 -2  2  4 -1 -1 -4 -4  3 -2 -4 -3  1 -2 -6 -5 -4   13   4   4   6   1  10  24   5   1   1   1  16   1   1   1   8   2   0   0   1  0.47 0.40
  124 E    0 -3  0  5 -3  1  5 -3 -2 -4 -5 -2 -2 -6 -3 -1 -1 -6 -4 -4    7   1   4  32   1   5  31   2   1   1   1   2   1   0   1   3   4   0   1   1  0.89 0.58
  125 A    2  0 -2 -1 -2  0  1 -2  0  0  1  0  2  0 -3 -1  0  1  1  0   17   4   2   3   1   4   9   2   2   4  14   5   6   4   1   3   5   2   4   8  0.08 0.14
  126 Y   -2  2 -5 -6  0 -3 -4 -5 -2  4  3 -2  0 -1 -5 -4 -2 -2 -2  3    3  14   0   0   2   1   1   1   1  25  24   3   2   3   0   1   2   1   1  18  0.63 0.42
  127 V    1 -1  2  1 -4  1  0 -3 -1  0 -2  3 -1 -3 -2  0  3 -5 -3 -1   10   2   9   7   0   6   6   2   1   5   4  17   2   1   1   5  18   0   1   5  0.25 0.28
  128 N    1 -3  1  3 -6  2  4 -1  0 -4 -3 -2 -2 -3 -3  0 -1 -6 -3 -4   11   1   6  18   0   8  31   4   2   1   3   2   1   1   1   6   4   0   1   1  0.60 0.47
  129 A    2 -2 -2 -4 -1  0 -2 -3 -1  0  3  0  2 -2 -5 -3  1 -5 -2  1   16   2   2   1   1   4   2   2   1   5  34   5   4   1   0   1   7   0   1   9  0.36 0.33
  130 T    0 -2 -3 -4 -3 -3 -4 -4 -5  5 -1 -3  1 -2 -4  0  1 -6 -3  4    9   2   1   1   0   1   1   1   0  34   3   1   3   2   1   6   9   0   0  25  0.71 0.46
  131 A    4 -4  0 -4 -5  1 -3  3 -3 -1 -1 -4 -1 -4 -4  1 -2 -6 -4 -2   36   1   5   0   0   6   1  23   0   3   7   0   1   0   1  11   2   0   0   3  0.62 0.48
  132 T   -1  1 -2 -3 -6  0 -2 -4 -1  0 -3  6 -2 -6 -5  0  2 -6 -3  0    5   6   1   1   0   4   1   1   1   6   2  43   1   0   0   6  14   0   1   7  0.75 0.54
  133 I   -5 -6 -5 -7 -2 -6 -6 -7 -7  6  2 -3  1  1 -6 -3  2 -2 -3  2    0   0   1   0   1   0   0   0   0  44  20   1   3   6   0   2  11   1   1  10  1.09 0.61
  134 G   -4  2 -2 -4 -8 -2 -6  7 -3 -9 -8  0 -7 -8 -7 -3 -6 -8 -8 -8    1  11   2   1   0   2   0  74   1   0   0   7   0   0   0   2   0   0   0   0  1.93 0.96
  135 E   -4 -6 -6 -4 -10 -1  8 -8 -6 -9 -9 -5 -8 -9 -7 -6 -7 -9 -8 -8    2   0   0   0   0   2  96   0   0   0   0   0   0   0   0   0   0   0   0   0  2.96 1.35
  136 K   -5 -2  8 -4 -4 -3 -5 -5 -2 -8 -7  4 -7 -8 -5 -3 -4 -9 -7 -5    1   2  64   0   0   1   0   0   1   0   1  26   0   0   1   1   1   0   0   1  2.13 1.02
  137 I   -4 -7 -7 -7 -3 -4 -7 -7 -3  7  1 -6  5 -2 -7 -6 -2 -6 -5  2    1   0   0   0   1   1   0   0   1  56  10   0  15   2   0   0   3   0   0  12  1.58 0.74
  138 S    0  0  1 -1 -2  3  1 -2 -2 -1 -3  2 -2 -4 -4  1  1 -5 -3  2    6   5   5   2   1  14  10   2   1   2   1  12   1   0   0  11   8   0   0  18  0.29 0.29
  139 F   -2 -6 -6 -3 -2 -6 -6 -6 -6  4  4 -6 -1  2 -2 -5 -3 -5 -3  3    3   0   0   2   1   0   0   0   0  27  33   0   1   8   2   0   1   0   1  20  0.92 0.49
  140 R    0  0  1  0 -2  1  0  0  2  0 -1  0  1 -2  1  0  0 -3 -2  0    6   6   6   6   0   6   6   6   6   6   6   6   6   0   6   6   6   0   0   6  0.06 0.08
  141 R   -1  6 -1 -1 -6 -1  0 -1  0 -2 -3  0 -5 -2 -2 -2 -2 -6 -1 -3    4  48   3   4   0   3   5   6   2   3   2   5   0   2   2   3   2   0   2   2  0.86 0.57
  142 F    1 -2 -1 -2  0 -2 -4 -1  0  1  0 -2  0  4 -2 -1 -2  2  3  1   15   2   3   2   2   2   0   4   2   7   8   2   3  16   2   3   2   2  11  12  0.26 0.24
  143 A    2 -1 -1 -1  1  0  2 -1  0  0 -2  0  0 -1 -3  0  1  1 -1  1   17   3   3   3   3   3  15   4   3   6   3   6   2   3   0   4   9   2   2   9  0.11 0.17
  144 L   -1  3 -1 -2  0  0 -2 -3  0  1  0  2  0  0 -2 -1  0  0  1  0    6  18   2   1   2   3   2   2   2   7   7  16   2   4   1   3   5   1   6   8  0.21 0.21
  145 I   -2 -2 -6 -6 -1 -3 -3 -6 -1  3  3 -3  2  3 -6 -3 -3  2  3  2    3   2   0   0   1   1   2   0   1  16  24   2   5  12   0   2   2   3   8  15  0.60 0.38
  146 E   -2  1  0  0 -1  1  4 -3  0 -2 -4  1 -2 -3  0  1  1 -5 -2 -2    3   6   4   5   1   6  26   2   2   3   2   8   1   1   4  11   8   0   2   3  0.33 0.31
  147 K   -1  0  0  0  2  0  0 -1  2  0 -1  0  2  1  0 -1  0  4  1 -1    5   5   5   5   5   5   5   5   5   5   5   5   5   5   5   5   5   5   5   5  0.09 0.08
  148 A    0  0  0  0  2  0  0  0  1  0 -1  0  1  0  0  0  0 -3 -1  0    5   5   5   5   5   5   5   5   5   5   5   5   5   5   5   5   5   0   0   5  0.00 0.07
  149 D    0 -1  0  2  1  0  1  0  1 -1 -2  0  0  0  1  0  0 -3  0 -1    7   3   5  11   3   4  10   7   3   3   3   7   3   4   7   7   6   0   3   4  0.08 0.09
  150 E    0  0  0  0  2  1  0  0  2  0 -1  0  1 -2  1  0  0 -3  1  0    6   6   5   6   5   5   6   6   5   6   6   6   5   0   6   6   6   0   5   6  0.04 0.08
  151 Q   -2 -2  0 -1  1  0  0  5  1 -2 -3 -2  0 -1 -2  0 -1  2  0 -2    3   3   4   3   3   4   6  34   3   3   4   3   3   3   3   7   4   3   3   3  0.44 0.30
  152 H   -1  0 -1 -2  0 -1 -2 -2  2  2  0  0  0  1 -2  0  0  1  2  2    5   5   3   2   2   3   2   3   5  10   8   5   3   6   2   8   7   2   6  13  0.13 0.10
  153 F   -2 -3 -3 -3  0 -3 -3 -6  0  4  1 -5 -1  3 -3 -3 -2  0  1  4    4   2   2   2   2   2   2   0   2  18  14   0   1  10   1   2   3   1   4  28  0.58 0.37
  154 G    1 -3  0 -1 -1  0 -1  3  2 -1  0 -2  0  0 -2  0 -1  1  1  0   11   0   4   4   2   4   3  22   5   4   8   2   2   3   2   6   4   2   5   7  0.16 0.16
  155 A    2 -3 -1 -1  0 -2 -4  1  2 -2 -4 -3 -1 -2  0  4  1  0  2 -1   13   1   3   3   2   2   1   9   5   3   2   1   2   2   5  25   7   1   6   5  0.36 0.31
  156 Y   -5 -3 -3 -4 -8 -3 -4 -2  0 -1 -5 -3 -1 -1 -8 -3 -3 -5  9 -2    1   2   2   1   0   1   2   4   2   3   1   2   2   2   0   3   2   0  66   4  2.19 1.12
  157 Q   -3 -3  1 -5 -2 -2 -4 -6  4  4  0 -2  0 -4 -4 -1 -1 -5  4  3    2   2   6   0   1   2   1   0   9  20   9   2   2   0   1   5   3   0  15  19  0.62 0.42
  158 H   -5 -1  1 -3 -2 -2 -3 -5  9 -4 -1 -1 -1 -3 -2 -1 -1 -7 -2 -2    1   3   6   2   1   2   1   1  51   1   8   4   2   1   3   5   4   0   1   3  1.64 0.84
  159 N    0 -3  3 -1 -6 -1 -1  1  7 -1 -3 -3  2 -1  0 -1 -1 -6 -2 -4    7   2  11   4   0   3   4  11  27   3   3   2   5   3   5   5   3   0   1   1  0.69 0.48
  160 G   -1 -1  4  2 -1 -2 -3  4 -3 -4 -2 -3  2 -2 -2 -1  0 -6 -3 -3    5   3  19  10   1   1   2  31   0   1   4   2   4   2   3   5   5   0   1   1  0.56 0.42
  161 G    0 -3  2 -1 -3 -3 -4  5 -1 -4 -5  0 -2 -2 -1  0 -1 -7 -4 -3    7   1   9   3   1   1   1  47   2   1   1   6   1   2   4   8   4   0   1   2  0.82 0.54
  162 R    0  0  0  0 -2  1  0  0  1  0 -1  0  1  0  1  0  0 -2  1  0    6   6   5   6   0   5   6   6   5   6   6   6   5   5   6   6   6   0   5   6  0.03 0.06
  163 I   -1 -2 -1 -2  0 -1 -2 -2 -1  3  1 -1  1 -1  2  0 -1  0  0  1    5   2   3   2   2   2   2   4   2  22  13   3   3   2   9   7   3   1   3  10  0.16 0.15
  164 G    2 -5 -4 -5  1 -5 -5  5 -5 -1 -1 -4 -4 -5 -1  0  0 -5 -5 -1   19   0   0   0   3   0   0  43   0   3   6   0   0   0   3   7   7   0   0   5  0.83 0.45
  165 V    2 -2 -4 -2  2 -1 -4 -1 -4  1  0 -1 -3 -4 -4  0  0  2 -4  4   18   3   0   2   4   3   0   5   0   7   9   3   0   0   0   8   6   3   0  29  0.39 0.28
  166 I   -1 -4 -1 -4  0 -2 -3 -2 -4  4  3 -4  3 -1 -4 -2 -1 -4 -1  2    5   0   3   0   2   2   2   3   0  23  31   0   7   2   0   2   2   0   2  12  0.48 0.30
  167 S    0 -1 -3 -1 -1 -1 -2 -1 -4  1  0 -1 -1 -2 -4  1  0 -4 -3  4    7   3   0   4   1   2   2   5   0   6   8   4   1   2   0  10   4   0   0  39  0.36 0.29
  168 V    1 -1  0  0 -1  1  2 -1  0  0 -1  0 -1  0 -2  0  0 -3  0  1   10   2   4   3   1   5  19   5   2   5   4   5   1   5   1   6   5   0   3  12  0.09 0.13
  169 V    0 -3 -2 -4 -1 -2 -3 -3 -2  2  3 -4  1  2 -3 -2 -1 -4  0  2    6   2   2   1   1   2   1   2   1  10  32   0   3   7   1   3   4   0   3  17  0.37 0.26
  170 E    0 -1  1  1 -2  0  3 -2 -1 -2 -3  3 -2 -5 -3  2  0 -5 -3 -3    8   3   7   7   1   4  19   2   1   2   2  20   1   0   1  13   7   0   1   2  0.36 0.30
  171 G    1 -2  1 -1  3 -1 -1  4 -1 -3 -3  1  0 -2 -2  1  0 -4 -3 -2   10   2   6   4   7   3   3  28   1   1   3   7   2   2   1   9   7   0   1   2  0.33 0.26
  172 G    0 -2  1  2 -2  0  2  2 -1 -2 -3  0 -3 -4  0  0 -1 -4 -2 -1    8   1   6  13   1   3  14  19   1   2   3   6   0   0   4   7   3   0   2   5  0.22 0.21
  173 D    0 -2  3  3  0 -1 -1 -1 -1 -2 -2  1 -1 -1 -1  1  1 -4 -2 -1    8   1  13  20   2   2   3   5   1   3   4   8   1   2   4  10   7   0   1   4  0.23 0.21
  174 D    0 -2  0  4 -1  1  3 -1 -2 -4 -3  1 -4 -2  1 -1 -1 -5 -2 -4    9   2   4  24   2   6  16   5   1   1   2   9   0   2   8   4   4   0   1   1  0.41 0.32
  175 A    0  0  0  0  2  0  0  0  1  0 -1  0 -1  0  1  0  0 -2  1  0    6   6   5   6   5   5   6   6   5   6   6   6   0   5   6   6   6   0   5   6  0.03 0.06
  176 L    0 -3 -3 -1  1 -1 -1 -2  0  2  2 -1  1  1 -1 -1  0 -3  0  1    6   0   0   3   3   3   3   3   3  11  25   3   3   7   3   3   5   0   3  11  0.13 0.15
  177 A    4 -2 -1 -2  0 -3 -2  2 -3  0  0 -2  0 -1 -1 -1 -1 -4 -1 -1   39   2   3   2   2   0   2  16   0   4   8   2   3   2   2   3   3   0   2   3  0.34 0.33
  178 K   -1  3  0  0 -4  0 -1 -2  2 -4 -3  5 -1 -2 -2 -1  0 -4 -1 -2    4  15   4   5   0   4   3   3   5   0   2  35   2   2   2   4   5   0   2   3  0.46 0.37
  179 Q   -2  0  2  4 -4  1  2  0  1 -4 -3  1 -2 -2 -2  0 -1 -5 -2 -3    2   4  12  30   0   7  11   6   4   0   3   7   1   1   2   6   2   0   2   2  0.45 0.34
  180 V   -2 -4 -3 -3  0 -2 -3 -3 -4  4  3 -3  1 -1 -3 -3 -2 -4 -1  3    3   0   1   2   2   2   2   2   0  27  25   2   2   2   1   2   2   0   2  22  0.54 0.37
  181 S    5 -2 -4 -3  4 -2 -2 -1 -4 -4 -2 -2 -1 -5 -1  0 -1 -5 -4 -1   58   2   0   2  10   1   3   4   0   0   3   1   1   0   3   6   3   0   0   3  0.89 0.58
  182 M   -1 -4 -5 -5 -4  0 -3 -4 -2 -1  2 -3  8  1 -3 -3 -3 -1 -2  1    4   0   0   0   0   5   2   2   1   3  15   1  47   5   1   1   1   1   1   8  1.15 0.66
  183 H   -2 -1 -2 -4 -1  5 -1 -2  8 -3 -2 -2 -4 -4 -4 -2 -3 -5 -3 -2    3   2   1   1   2  25   3   3  43   2   4   2   0   0   1   3   1   0   0   3  1.36 0.71
  184 I    0 -2 -4 -4  0 -3 -2 -4 -4  5  0 -2  0 -3 -4 -2 -1 -4 -2  3    8   2   1   1   2   0   3   1   0  40   5   3   2   0   1   2   3   0   1  23  0.63 0.39
  185 A    5 -3 -2 -2  1 -3 -2 -2 -4 -1 -3 -3  0 -1 -1 -1  0 -4 -3  1   52   1   2   3   3   0   2   3   0   4   2   1   2   2   3   4   6   0   0  11  0.61 0.43
  186 A    5 -3 -3 -3 -1 -3 -2  1 -3 -3 -1 -2 -2  1 -3  0 -1 -1 -2 -1   55   1   1   1   1   0   2   9   0   1   6   2   1   7   1   5   2   1   1   3  0.65 0.44
  187 M    2 -2  0 -2  0 -2  0 -2 -1 -2 -1 -2  5  0 -2  1  1 -3  0 -1   19   1   4   2   2   1   5   2   1   1   6   1  19   5   2  13   9   0   3   3  0.26 0.27
  188 K    1  1  4  0 -2  0 -1 -1  0 -3 -3  3 -2 -3 -1  1  0 -4 -3 -2   13   6  21   5   1   3   2   4   2   1   1  19   1   1   3   9   4   0   0   3  0.31 0.25
  189 P    0 -4 -2 -2 -4 -4 -2 -3 -4 -2 -4 -2 -4 -5  8 -2 -3 -5 -5 -2    6   1   2   2   0   1   3   2   0   3   2   3   0   1  68   2   1   0   0   3  1.76 0.74
  190 T    0  0  0  0 -1  1  1 -1 -1  0  0  1  0 -2  0  0  1 -2 -2  0    6   5   3   4   1   7   8   4   1   7  12  10   3   1   5   8   8   0   1   6  0.04 0.06
  191 V    2 -3 -3 -3  1 -3 -2 -1  0 -2 -2 -1 -2  3 -2  0 -2  1  5  0   20   1   1   1   3   1   2   5   2   2   3   4   0  15   2   6   2   2  23   7  0.45 0.31
  192 L   -1 -3 -3 -3 -2 -2 -3 -2 -3  3  3 -3  0 -2  0 -2 -1 -1 -1  3    5   1   1   1   1   2   1   3   0  20  27   1   2   1   5   3   3   1   1  21  0.37 0.25
  193 S    0  0  1  2 -1  0  0  0  0 -3 -2  0 -3 -2 -1  3  2 -3 -2 -2    5   4   8  13   1   3   4   6   2   1   3   5   0   1   2  24  13   0   1   2  0.24 0.22
  194 Y    0  3 -2 -1 -2  0  1 -2 -1  0 -1  1 -1 -2  2  0  0 -3 -1  0    8  21   1   3   1   3   9   2   1   6   4   9   1   1   9   7   5   0   2   7  0.20 0.17
  195 T    1 -2  0  3 -3  0  3  0 -1 -2 -3  0 -2 -3 -2  1  0 -4 -3 -2   10   1   5  20   1   3  21   5   1   2   2   6   1   1   1  11   4   0   0   2  0.35 0.26
  196 E    0 -1 -1  4 -2  1  3  0 -1 -3 -2  0 -1 -3 -2  0 -2 -3 -1 -3    8   2   2  26   1   7  18   7   1   1   4   4   2   1   2   7   2   0   2   2  0.36 0.26
  197 L   -2 -2 -2 -2 -2 -1 -2 -3 -3  4  1 -2  1  0 -1 -2 -1 -3 -2  4    2   2   2   2   1   2   2   2   0  21  11   3   2   3   4   2   3   0   1  34  0.44 0.28
  198 D   -2 -2 -1  4 -2 -3 -1 -2 -3 -2 -3 -1 -3  0  5  1 -2 -4 -2 -2    3   2   3  21   1   1   4   3   0   2   3   4   0   4  34  10   2   0   1   3  0.72 0.40
  199 A    0  0  0  0 -2  1  0  0  1  0 -1  0  1  0  1  0  0 -2  1  0    6   6   5   6   0   5   6   6   5   6   6   6   5   5   6   6   6   0   5   6  0.03 0.06
  200 Q    0 -2  1  3 -4  1  3 -2  0 -4 -2  1  0 -4 -1  0  0 -4 -1 -2    9   0   6  15   0   4  24   3   3   0   4   8   2   0   3   7   5   0   2   3  0.32 0.30
  201 F   -1 -1 -1 -1 -3 -1  0 -2 -1  1  1  0  0  2 -3 -1  0  2  0  1    5   3   2   4   0   3   6   3   2   9  14   6   3  10   0   3   5   3   3  14  0.06 0.11
  202 I   -2 -2 -4 -4  0 -2 -2 -3 -4  4  2 -1  1 -1 -2 -2 -1  1 -1  2    2   2   0   0   2   2   3   2   0  25  24   4   3   2   2   2   2   2   2  17  0.39 0.29
  203 K    1 -1  1  2 -4  1  4 -2 -1 -3 -3  1 -1 -2 -2 -1 -1 -4  0 -2   11   2   6  11   0   5  30   2   2   2   2   9   1   2   2   4   3   0   3   2  0.35 0.33
  204 D   -1  3  1  1 -4  0  1 -2  1 -3 -3  3 -1 -3  0  0 -1 -4 -1 -2    6  15   6   8   0   4  10   2   3   1   2  21   2   1   4   8   3   0   2   2  0.31 0.27
  205 E   -3 -2 -1 -1 -5  1  6 -3 -2 -2 -1 -1 -2 -3 -3 -3 -3 -5 -5 -3    2   1   3   2   0   5  61   3   1   3   6   4   1   1   2   2   1   0   0   2  1.11 0.69
  206 L    0  2  0 -1 -1  0  0 -1 -1 -1  0  2  0 -1  0  0  0 -2  0  0    6  16   3   4   1   3   5   3   1   4   9  12   2   2   4   6   5   0   3   6  0.07 0.09
  207 A    1  0  0  0  0  0  2  0 -1 -1 -1  1  2 -2  0  0 -1 -2 -1 -1   13   5   4   4   2   4  15   6   1   4   5  12   6   2   3   6   3   0   2   3  0.10 0.11
  208 Q    0 -1 -1 -1 -2  1  0 -1  0  2  0  0  0 -1 -1  0  0 -2 -1  1    8   2   2   3   1   9   6   4   2  19   8   5   2   3   2   5   6   0   2  11  0.07 0.10
  209 L    0 -1 -1 -1 -2  0 -1 -1  0  1  1 -1  1  1  0 -1  0  0  1  1    9   3   2   2   0   5   3   4   2  13  17   4   3   6   4   4   4   1   5   8  0.05 0.07
  210 N    0  1  0  0 -1  1  1  0 -1  0  0  1  0 -2 -1  0  0 -2 -2  0    9   9   4   6   1   5  10   5   1   6   9   8   3   1   3   7   6   0   1   5  0.04 0.04
  211 H    1  0  0  1 -1  1  3 -1  1 -2 -2  1  0 -2 -1  0  0 -2 -1 -1   11   4   5   6   2   6  21   4   4   2   4   9   3   1   3   6   4   0   2   4  0.16 0.13
  212 A    0  0  0  0 -2  3  1 -1  0 -1 -1  1 -1 -2 -1  0  0 -2  0 -1   10   5   5   6   1  19   8   4   2   3   5   7   1   2   3   7   5   0   3   5  0.15 0.13
  213 I    0 -1  0  0 -1  0  0 -1  0  1  1 -1  1 -1 -1  0  0 -2 -1  1   11   3   4   5   1   4   8   4   2  13  12   3   4   2   3   5   5   1   1  12  0.04 0.05
  214 E    0  0  0  1 -1  1  2 -1 -1  0 -1  0  0 -1 -1  0  0 -2 -1 -1    9   5   2   9   2   8  14   4   1   6   7   7   2   3   3   7   3   1   2   5  0.07 0.06
  215 L    0  0  1  0 -1  0  0 -1  0  0  0  1  1 -1 -1  0  0 -1 -1  0   10   3   7   5   1   5   8   5   2   8  12   9   5   2   2   5   4   1   1   5  0.03 0.03
  216 D    0  0  0  2 -1  1  2  0 -1 -1 -1  0 -1 -2 -1  0  0 -2 -1 -1   10   5   5  13   2   7  15   7   1   4   5   3   1   2   2   6   4   1   2   4  0.12 0.08
  217 N    0  0  2  0 -1  0  1  0  0  0 -1  1  0 -1  0  0  0 -1 -1 -1    9   5  12   5   1   4   8   8   2   5   8   8   2   3   3   7   3   1   2   4  0.05 0.03
  218 E    0  0  0  0 -1  0  1 -1  0  0  0  1  0 -1  0  0  0 -1 -1  0   10   4   3   6   1   3  14   5   2   5  10  10   2   2   3   6   5   1   2   7  0.04 0.03
  219 S    0  0  0  1  1  0  0  0 -1 -1 -1  1 -1 -1  1  1  0 -1 -1 -1   11   4   6   8   3   3   7   7   1   3   8   9   2   3   6  10   3   1   2   4  0.05 0.03
  220 R    0  1  0  0 -1  1  1 -1  0 -1  0  1  0 -1  1  0  0 -1  0 -1    7   9   4   5   1   7   8   4   2   3  10  13   2   2   6   6   4   1   4   5  0.06 0.04
  221 A    1  0  0  0  1  0  0 -1  1  0 -1  1  0 -3  0  0  0 -3 -2  0   16   3   5   6   3   5   5   4   3   9   4  12   3   0   4   5   6   0   0   5  0.07 0.11
  222 M    0  1  0  0 -2  0  0 -1  0  1  0  0  2 -1  0  0  0 -3 -2  0   11  11   4   5   0   5   5   3   3   8  12   5   7   3   4   4   3   0   0   7  0.04 0.09
  223 V    1 -2 -1  0 -2  0  0 -1  1  0  1 -1  1  0  0  0  0 -3 -2  1   18   0   2   7   0   4   4   5   5   5  15   3   4   4   4   5   4   0   0  11  0.06 0.11
  224 D    0 -1  1  2 -3  1  2  1  0  0 -1 -1  2 -3  0 -1 -1 -3 -3 -1    9   3   6  12   0   7  14  14   2   5   6   3   8   0   3   1   3   0   0   3  0.15 0.18
  225 K    0  0 -1  0 -3  2  0 -1  2  0 -1  2  0 -3  0  0  1 -3 -2  0    6   5   2   6   0   9   5   3   6   7   5  14   3   0   5   6   8   0   0   9  0.10 0.13
  226 P    0 -1 -1  0 -1  0  2  0  0  0 -2  0  0 -3  3  0  0 -3 -1  0    9   2   3   5   1   3  13   6   2   7   3   7   2   0  15   5   5   0   2   9  0.16 0.15
  227 A    2  0 -1  0 -1  0  0 -1  0  0  0  0  0 -1  0  0  0 -3 -1  0   21   3   3   6   1   4   7   4   3   5   8   6   2   3   5   3   6   0   2   8  0.06 0.09
  228 L    1  0 -1 -1  2 -1  0  1  2 -1  0  2  1 -1 -2  0  0 -3 -1 -1   11   4   2   4   5   1   5   9   6   3   9  19   4   2   1   7   4   0   1   4  0.10 0.14
  229 P    1 -1  1 -2 -3  0  0  0  0 -2 -1 -1  2 -1  4 -1 -1 -3  0 -1   13   3   7   2   0   4   6   7   2   1   6   3   7   2  22   4   2   0   3   6  0.28 0.23
  230 F    1  0  1  1  0  0  1 -1  1  0 -1  1  1 -1 -2  0 -1 -3 -2  0   12   6   9   7   2   4   7   4   5   8   3   7   6   3   1   5   3   0   0   7  0.06 0.10
  231 L   -2 -3 -1  0 -3  0  0 -1 -1  0 -1 -1  0 -1  5  0  0 -4 -1  1    2   1   3   6   0   3   7   4   2   4   6   4   3   3  29   6   5   0   2  11  0.38 0.27
  232 K    0  1  0  1  1  2  2 -2 -1 -1 -1  1  0 -2  0  0  0 -3 -1  0    5  10   5   6   4   9  15   2   1   2   5   8   2   1   4   7   5   0   2   7  0.13 0.12
  233 Y    0 -2 -1  0 -1 -1  0 -2 -2 -2 -2  1  0  3 -1 -2 -2  0  6 -1    8   1   3   6   1   2   6   3   0   2   4   8   3  12   3   2   2   1  28   5  0.42 0.30
  234 G    0 -1 -1 -2  1 -1  0 -1  0  1  1  0  1 -1 -1  0 -1 -2 -1  2   10   1   3   1   4   1   8   4   2   8  13   8   3   2   2   5   3   0   2  19  0.05 0.08
  235 S    1  0  1  0 -1  1  0 -1  0  0 -1  1 -1 -2 -1  2  0 -2 -1  0   12   4   8   4   1   5   6   4   2   5   3   9   2   2   2  20   5   0   2   5  0.10 0.11
  236 K    0  3  0  0 -1  1  0 -1 -2 -1 -1  2  1 -2  1  0  0 -3 -2 -1    6  19   3   5   2   6   4   3   0   4   7  11   4   1   8   6   6   0   1   5  0.14 0.13
  237 A    2 -1  0  1 -1  0  3 -1 -1 -2 -2  0 -1 -3 -2  2 -1  1 -3 -1   21   2   4   9   1   4  19   3   1   2   3   4   1   1   1  15   3   2   0   5  0.24 0.22
  238 Q   -1  0  0  4 -4  4  3 -2 -2 -2 -2  0 -3 -4 -1  0 -2  0 -3 -3    5   4   3  23   0  19  19   3   0   2   4   4   0   0   3   6   2   1   0   1  0.50 0.35
  239 L    0 -3 -2 -2 -1 -3 -2 -4 -1  3  1 -1  1 -2 -3 -2  0 -3 -1  3    7   0   1   3   1   0   3   1   1  19  15   5   2   1   1   2   7   0   2  28  0.33 0.25
  240 S    0 -2 -3  1 -4 -1  1  0 -3 -4 -2 -1 -3 -4  5  0  1 -5 -4 -2    9   2   0   7   0   2   9   7   0   0   5   3   0   0  34   7  10   0   0   3  0.64 0.39
  241 D    1 -2  0  1 -2  2  3  0 -2 -2 -2  0 -1 -1  1  1  0 -4 -3 -2   14   0   5   9   1   8  21   6   0   2   3   5   2   3   7   9   4   0   0   1  0.23 0.22
  242 D    0 -1  1  4 -4 -1  4  0  0 -4 -3 -1 -3 -4 -2  0 -1 -4 -1 -3    9   3   7  22   0   2  29   6   2   0   3   3   0   0   1   5   4   0   2   1  0.48 0.34
  243 V    0 -2 -2  0 -2 -1  0 -1 -3  2  0  0  0  0 -1 -1  1  1 -1  2    9   1   1   4   0   1   8   5   0  13   7   6   2   4   2   2   8   2   1  22  0.10 0.14
  244 I    0 -2 -1 -3 -3 -1  0 -2 -3  2  2  0  1 -2 -1 -1 -1 -3 -1  2    6   2   3   0   0   3   8   2   0  15  26   5   3   0   3   3   2   0   2  17  0.21 0.20
  245 T    2 -1  0  1 -3  1  3 -1 -1 -2 -1  1  0 -3 -1  0  0 -4 -3 -1   17   2   4   6   0   6  24   3   1   1   5  10   2   1   2   5   5   0   0   4  0.25 0.23
  246 A    2  1  1 -1 -3  0  1 -2  0 -2 -2  3  0 -2 -1  0  0 -4 -2 -2   20   7   5   3   0   4   8   3   2   2   3  24   2   1   2   5   5   0   1   2  0.26 0.24
  247 A    1 -2 -1  0 -4  1  5 -2 -3 -2 -2  1 -1 -3 -3 -1 -1 -4 -4 -3   10   1   3   3   0   6  45   3   0   3   5   7   2   1   1   5   2   0   0   1  0.63 0.42
  248 E   -1  4 -2 -1 -4  1  3 -2 -3 -3 -3  3 -1 -2 -1 -1 -1 -4 -1 -2    5  23   1   2   0   5  18   3   0   1   2  22   1   2   2   3   3   0   3   2  0.49 0.36
  249 A    1  0  0  1 -4  2  4 -2 -2 -2 -2  1 -2 -1 -2  0 -1 -4 -1 -2   13   5   3   9   0   8  26   3   1   2   3  10   1   3   1   6   2   0   2   3  0.30 0.26
  250 D    0 -2 -2  0 -3  0  1 -3  0  4  1 -1  0  0 -3 -1 -2 -4 -2  1    8   1   2   6   0   3  12   1   2  29  12   3   1   3   0   3   2   0   1  10  0.27 0.25
  251 I    1 -1  0 -2 -2  0  1 -2 -1  1  1 -1  0  2 -2 -1 -2 -2  2 -1   13   3   5   2   1   4  12   3   1  10  14   3   2  10   1   3   1   0  10   3  0.11 0.14
  252 K    0  2 -1 -1 -3  1  1 -2 -2 -1  0  2  2 -2 -2  0  0 -2 -1  0    9  13   2   2   0   5  11   2   0   4   9  17   8   1   1   5   4   1   1   6  0.16 0.16
  253 A    2  0  0  1 -3  1  3  0 -2 -2 -2  1 -2 -3 -1  0  0 -3 -3 -1   20   4   4   6   0   7  20   5   1   1   3  10   1   1   3   5   5   0   1   3  0.25 0.21
  254 E   -1  1 -1  1 -2  5  3 -2 -1 -2 -2  2  0 -4 -2 -1 -2 -2 -3 -3    5   5   2   7   1  28  16   3   1   2   3  14   2   1   2   4   2   1   0   2  0.47 0.33
  255 L    3 -2 -1  0 -2  0  1 -2 -3  0  0 -1  0 -2  1 -1 -1 -1 -2  0   29   1   2   6   0   3  10   2   0   5  12   4   3   2   6   3   3   1   1   8  0.17 0.19
  256 A    1  1  0  2 -3  0  1  0 -1 -1 -1  2  0 -3 -2  1  0 -3 -3 -1   12   8   3  12   0   4   6   6   1   4   8  17   2   0   1   9   4   0   0   3  0.14 0.14
  257 A    0 -1  1  2 -3  0  2 -1 -1 -2  0  1  0 -1 -2  1 -1 -3 -1 -2   10   2   7  10   0   4  18   4   1   2  12   8   2   3   1  10   2   0   1   2  0.14 0.16
  258 E    1 -2  0 -1 -3  1  3 -2 -2 -3 -1  1  0 -3 -1  2  0 -2 -1 -2   15   1   4   3   0   6  20   2   0   1   7  10   3   1   2  19   4   1   2   1  0.26 0.25
  259 G   -1 -3  2  1 -3 -1 -1  5 -3 -3 -4  0 -4 -4 -1  1 -2 -4 -3 -4    4   1  11   7   1   2   4  46   0   2   2   7   0   0   3   8   2   0   1   1  0.70 0.39
  260 K   -3 -1 -4 -3 -5 -1 -1 -3  0 -3 -4  7 -4 -5 -2 -3 -3 -5 -5 -4    2   2   0   1   0   2   3   1   2   2   2  76   0   0   2   1   1   0   0   1  1.65 0.79
  261 P   -2 -4 -2  0 -5 -3 -4 -3 -5 -5 -4 -1 -5 -5  8  1 -1 -6 -5 -4    3   0   2   4   0   1   1   2   0   0   2   4   0   1  65   9   3   0   0   1  1.69 0.77
  262 E    1 -2 -2  2 -4  1  5 -2 -3 -3 -4  0 -3 -4  2 -1 -3 -5 -3 -4   14   2   1  10   0   6  39   2   0   1   1   6   0   1   9   4   1   0   1   1  0.65 0.43
  263 K    1 -1  3  2 -4  2  2 -3  1 -2 -3  2 -2 -3 -2  0 -2 -4 -3 -3   14   2  17  10   0  11  13   1   4   3   1  13   1   1   1   5   1   0   0   1  0.40 0.31
  264 I   -1 -2 -4 -3 -4 -3 -2 -5 -3  6 -1 -2  4 -1 -4 -3 -2 -4 -3  3    6   3   0   2   0   1   3   1   0  45   4   2  10   2   0   2   1   0   0  18  0.82 0.46
  265 W    0  1 -2 -3 -1  0 -1 -3 -2  3  1  0  0 -2 -3 -1 -2  3 -1  2    8   8   2   1   1   5   3   1   1  18  16   8   2   1   0   3   1   4   1  17  0.21 0.20
  266 D    0 -1  0  3 -5  1  5 -3 -1 -5 -4  0 -4 -5  0 -2 -2 -5 -4 -3    9   2   4  18   0   4  44   1   1   0   1   4   0   0   4   2   2   0   1   2  0.81 0.49
  267 K   -3  1  2 -4 -5 -1 -3 -2 -4 -5 -4  7 -2 -4 -4 -2 -1 -5 -5 -5    1   6   8   0   0   2   1   4   0   0   2  66   1   1   0   2   4   0   0   1  1.38 0.70
  268 I   -3 -3 -5 -1 -4 -4 -4 -4 -5  7 -1 -4  5 -3 -5 -4 -2 -4 -3  0    2   2   0   3   0   1   1   1   0  59   3   1  17   1   1   1   2   0   1   4  1.33 0.63
  269 I    1 -3 -4 -4 -3 -4 -4 -3 -4  4  1 -3  1 -2 -2 -2 -1 -4 -3  5   14   1   0   0   0   0   1   2   0  21   9   2   2   2   2   2   2   0   0  39  0.66 0.40
  270 P    0 -2  0  2 -4  2  5 -2 -2 -3 -3  1 -1 -4  0  0 -1 -4 -4 -2    7   1   5   9   0   8  36   2   0   2   2   9   2   0   4   5   3   0   0   3  0.49 0.35
  271 G   -3 -4 -2 -3 -5 -4 -2  7 -4 -5 -5 -2 -5 -5 -4 -3 -4 -5 -5 -5    2   1   2   2   0   0   3  82   0   1   1   2   0   0   1   2   1   0   0   1  1.86 0.77
  272 K   -3  6 -3 -4 -5  0 -3 -3 -1 -4 -3  5 -1 -3 -4 -2 -2 -2 -3 -4    2  41   1   1   0   4   1   2   1   1   2  34   2   1   1   3   2   1   1   1  1.13 0.57
  273 M   -2 -4 -4 -4 -3 -4 -4 -3 -4  4  4 -4  5 -2 -4 -3 -3 -2 -3  2    2   1   1   1   0   0   1   2   0  20  36   1  14   1   1   2   1   1   1  16  0.76 0.41
  274 D    0  2  3  1 -4  2  1  1 -1 -4 -4  2 -3 -4 -2  0 -1 -4 -3 -3    7  11  18   8   0   8  10  10   1   1   1  13   1   0   1   6   2   0   0   1  0.35 0.26
  275 R   -2  1 -1 -2 -1 -1 -2 -3 -3 -5 -5  7 -3 -5 -4 -1 -2 -5 -4 -4    3   5   3   1   1   1   2   1   1   1   1  72   0   0   1   4   2   0   0   1  1.49 0.71
  276 F   -3  0 -3 -4 -4 -1 -2 -4  0 -1 -2 -3 -1  7 -4 -3 -3  4  5 -2    2   5   1   1   0   3   2   1   2   3   4   2   1  43   1   2   2   6  17   2  1.09 0.52
  277 M    0  0  1 -2  2  1 -2 -2  2  0  0  0  1  1 -3  0  0 -2  1  0    7   7   7   0   6   7   0   0   6   7   7   7   6   6   0   7   7   0   6   7  0.08 0.13
  278 L    0  0  1  0  1  0  2  0  1 -1 -1  1  0 -1 -2  1  0 -3 -2 -1    7   4   7   5   3   3  15   8   3   3   5   9   3   4   1  11   6   0   0   4  0.08 0.10
  279 D   -2 -2  0  4 -4  1  5 -2  0 -4 -3  0 -3 -4  0  0 -1 -4 -3 -2    3   1   3  21   0   5  37   3   2   1   3   4   0   1   4   7   3   0   0   3  0.61 0.38
  280 N   -1  0  4 -1 -3  0  0 -1 -1 -1 -1  0 -2 -1 -1  2  0  1 -1 -1    3   6  23   3   0   4   5   3   0   4   6   6   0   3   3  16   4   3   2   5  0.19 0.18
  281 T    0  0  0  0  1  0  0  0  1 -1  0  0  0 -1  1  0  1 -1  0  0    7   5   4   5   4   2   5   5   4   3   7   5   5   2   6   8  11   1   3   8  0.03 0.02
  282 K    0  0 -1  0  0  0  0  0  1  0  0  0  0  0 -1  1  0 -1 -1  0    7   7   2   4   3   4   6   5   4   6  14   7   3   4   2  12   4   1   2   4  0.01 0.02
  283 V    0  0 -1  0 -1  0  1  0  1  0  0  0  0  0  0  0  0 -1  0  0    6   6   2   7   1   2   9   9   5   4  12   8   3   4   3   4   7   1   3   7  0.01 0.02
  284 D    0  0 -1  2  0  0  1 -1  0  0  0  0 -1 -1 -1  0  0 -2 -1  0    6   4   2  15   3   4  13   5   2   5   9   5   2   2   3   6   5   0   2   9  0.07 0.06
  285 Q    0  0  1  0 -2  4  2 -1 -1 -2 -1  1  1 -2  0  0 -1 -2 -2  0    7   3   5   5   1  21  12   4   1   2   5   8   4   1   5   5   2   0   1   7  0.20 0.16
  286 A    0 -1 -1  0 -3  1  4  0 -2 -1 -2 -1 -1 -3 -1  1 -1 -3 -2 -1    7   3   3   4   1   5  34   9   1   5   3   3   1   1   2  10   4   0   1   4  0.32 0.22
  287 Y   -1  0 -1  0 -1  1  0 -1  2  1  0 -1  0  1 -2  0  0  0  1  1    2   5   2   4   1   6   6   5   6   9  10   2   2   7   1   5   8   1   5  12  0.03 0.07
  288 T    1  0 -4 -4  7 -3 -2 -2 -4  0 -1 -3  0 -2 -1  0  1 -4 -4  3   13   5   0   0  22   0   3   2   0   4   4   0   2   1   3   6  11   0   0  22  0.56 0.38
  289 L   -4 -2  0 -6 -4 -5 -5 -6 -5 -1  6 -5  2  1 -5 -5 -3 -5 -4 -2    0   2   5   0   0   0   0   0   0   2  76   0   4   4   0   0   1   0   0   1  1.36 0.66
  290 L   -2 -3 -2 -2 -1 -3 -1 -3 -2  1  4 -3  2 -1 -1  0  0 -1  1  1    2   1   2   2   1   0   4   2   1   5  41   1   6   1   3   6   5   1   5  11  0.35 0.27
  291 A   -1 -1  1  3 -2  0  5  0 -1 -4 -4  0 -4  0 -1  0 -2 -4 -1 -4    4   2   6  16   1   3  36   6   2   0   2   6   0   4   3   5   1   0   2   1  0.54 0.36
  292 Q   -4 -3 -2 -4 -2  8 -1 -5 -3 -5 -4 -1 -2 -5 -4 -2  0 -5 -5 -5    1   1   2   1   1  78   2   1   0   1   2   2   1   0   1   2   5   0   0   1  2.08 0.93
  293 V    1 -2  0  1 -2 -1  1 -1 -2 -2 -2  1 -2 -1  5  0 -1 -4 -3 -1   12   1   4  10   1   1  11   4   1   1   3   8   1   3  26   5   3   0   1   5  0.41 0.26
  294 Y   -2 -4 -4 -4 -3 -3 -4 -5 -1 -3 -2 -3 -1  7 -5 -2 -3  4  6 -4    3   1   1   1   1   1   1   1   1   1   2   2   1  48   1   3   1   6  24   1  1.50 0.63
  295 I   -1 -4 -4 -4 -2 -2 -4 -5 -5  4  1 -4  1  0 -4 -4 -3 -4 -1  5    4   1   1   1   1   2   0   1   0  28  11   0   3   3   1   1   1   0   2  39  0.82 0.44
  296 M   -1  2 -2 -3  0 -2  0 -2  0 -1  0  5  3  0 -2 -1 -2  0 -2 -2    5   9   1   1   2   1   4   3   2   4  10  35   9   4   1   3   1   1   1   2  0.40 0.32
  297 D   -4 -1  3  7 -6 -3  2 -2 -1 -6 -6 -3 -6 -6 -4 -3 -4 -6 -4 -5    1   3  13  59   0   1  13   3   2   0   1   1   0   0   1   1   1   0   1   1  1.46 0.70
  298 D   -1 -3  1  4 -1  0  1  0 -2 -4 -4 -2 -3 -5  5  1 -1 -5 -5 -3    3   1   7  21   1   3   9   8   1   0   2   1   0   0  27   9   4   0   0   2  0.65 0.41
  299 S   -1 -2  1  3 -5 -1  1  0 -3 -5 -4  4 -4 -3 -2  2 -1 -5 -4 -4    3   1   8  16   0   1   9   6   0   0   1  29   0   1   1  18   4   0   0   0  0.57 0.41
  300 K   -2  0 -3 -3 -4  2 -2 -3 -3  1  0  4  2 -3 -1 -2  1 -5 -3  1    2   4   1   1   0  11   1   1   0   9  10  33   5   1   4   1   8   0   0   8  0.44 0.36
  301 T   -2 -1 -1 -3 -3 -2 -3 -4 -4 -3 -3  3 -2 -3 -2  2  5 -5 -3 -2    2   2   2   1   0   1   0   0   0   1   2  19   1   1   2  17  44   0   1   3  0.86 0.55
  302 V   -4 -4 -6 -7 -2 -6 -6 -7 -7  4 -1 -6 -1  0 -6 -5 -2 -6 -5  6    0   1   0   0   1   0   0   0   0  22   4   0   1   3   0   0   2   0   0  64  1.57 0.74
  303 E    1  1 -1 -1 -4  1  2  3 -2 -4 -5  3 -3 -4 -3  1 -2 -5 -2 -4   14   7   1   3   0   6  13  19   0   1   0  21   0   1   0  11   1   0   1   1  0.44 0.34
  304 A    0 -2 -1  4 -6  4  3 -3 -1 -6 -5  3 -4 -6 -4 -1 -2 -6 -5 -4    7   1   2  22   0  22  20   1   1   0   0  17   0   0   0   3   3   0   0   1  0.83 0.52
  305 Y   -1 -2 -4 -4 -4 -2 -2 -5  0  1  3 -4  1  2 -5 -3 -3  2  4  3    5   2   0   0   0   1   2   0   2   6  27   1   3   8   0   2   1   3  17  19  0.53 0.35
  306 L   -2 -3 -6 -6 -3 -4 -5 -4 -6  2  5 -4  0 -2 -5 -4 -3 -5 -4  3    4   1   0   0   0   1   0   2   0  12  56   1   2   1   0   1   1   0   0  19  1.02 0.53
  307 D    1  0  0  1 -4  1  1  0 -2 -3 -2  4 -3 -4 -2 -1  0 -5 -2 -2   12   3   5   8   0   6  10   8   0   1   3  30   0   0   1   4   5   0   1   2  0.36 0.30
  308 S    1 -1  0  2 -4  3  4 -1 -2 -4 -4  1 -2 -2 -3  1 -1 -4 -3 -4   10   3   4  13   0  11  26   4   1   1   1   9   1   2   1   9   3   0   1   0  0.43 0.31
  309 V    2 -1  2 -2 -2  0 -1 -2  1 -1  0  1  0 -1 -1  0  1 -3 -1  1   17   3  13   1   1   3   4   2   3   2  11   9   1   2   2   4   8   0   2  11  0.10 0.15
  310 N    0 -2  4  2 -4 -1  0  4 -1 -4 -5  0 -4 -5 -3  2 -1 -3 -4 -3    6   1  18   9   0   2   5  29   1   1   0   7   0   0   1  16   3   0   0   1  0.57 0.37
  311 A    2 -3 -3 -4 -1 -3 -3 -2 -4  3  1  1  2 -2 -4 -1  0 -3 -2  2   23   0   1   0   1   0   1   3   0  18  11  10   5   1   0   3   4   0   1  16  0.33 0.28
  312 K   -2  0 -2 -1 -4  2  3 -3  1 -4 -4  4 -2 -4 -3  1  2 -5 -4 -1    2   4   1   3   0   8  17   1   3   0   0  30   1   0   1  10  14   0   0   4  0.57 0.43
  313 A   -2 -6 -6 -7 -2 -4 -5 -7 -7  5  1 -6 -1 -3 -3 -5 -4 -6 -5  6    2   0   0   0   1   1   1   0   0  34  10   0   1   0   1   0   0   0   0  48  1.37 0.67
  314 I    0  1  0 -2 -2  0  0 -2  0  1  0  2  0 -3 -3  0  1 -4 -2  2    9   8   5   1   0   2   5   3   2   6   8  13   2   0   0   4  11   0   0  19  0.13 0.17
  315 A    1  4  1  2 -3  0  0  1 -1 -5 -4  1 -4 -4 -4  1 -2 -3 -3 -4   13  22   5  14   0   3   4  12   1   0   1   9   0   1   0  13   1   0   1   0  0.46 0.35
  316 F   -4 -7 -7 -8 -7 -7 -6 -7 -5 -4 -4 -5  1  9 -8 -7 -5 -2  3 -4    2   0   0   0   0   0   0   0   0   0   1   1   3  82   0   0   0   0   8   1  2.68 1.06
  317 A    2 -1 -3 -4 -1 -2 -1 -4 -1  2  0  0 -1 -2 -4 -1  0 -2  0  4   17   3   0   0   1   2   3   1   2  13   7   6   1   1   0   3   6   0   3  30  0.33 0.29
  318 R   -5  8 -4 -6  0 -2 -5 -6 -2 -4 -2  0 -3 -2 -7 -4 -5 -2 -2 -3    0  76   1   0   2   2   0   0   1   1   5   4   1   2   0   1   0   1   1   2  1.93 0.92
  319 F   -3 -5 -6 -7 -1 -5 -6 -7 -3  0  0 -5  1  7 -7 -5 -4  4  6  0    2   1   0   0   1   0   0   0   0   6   9   0   4  39   0   0   1   4  25   7  1.37 0.66
  320 E    0  1  1 -2 -3  3  4 -2 -2 -2 -4  1 -2 -5 -4  0 -1 -5 -3  0    9   6   6   1   0  16  28   3   1   3   1   8   1   0   0   8   3   0   1   7  0.46 0.37
  321 V   -3 -2 -6 -7  4 -5 -6 -7 -6  3  3 -4 -1 -3 -5 -5 -2 -6 -5  5    1   2   0   0   9   0   0   0   0  12  31   1   1   0   0   0   3   0   0  40  1.05 0.56
  322 G   -4 -5 -5 -5 -7 -6 -6  8 -4 -8 -8 -5 -7 -8 -4 -5 -6 -7 -8 -8    1   0   0   1   0   0   0  96   1   0   0   0   0   0   1   0   0   0   0   0  2.64 1.05
  323 E   -4 -4 -4  0 -7  1  8 -6 -4 -7 -7 -2 -6 -7 -5 -4 -5 -7 -6 -6    1   0   0   4   0   6  88   0   0   0   0   1   0   0   0   0   0   0   0   0  2.28 0.96
  324 G   -3 -4 -1 -4 -5 -4 -1  7 -5 -5 -6 -2 -4 -6 -5  0 -1 -3 -6 -5    1   0   3   0   0   0   5  76   0   0   0   3   0   0   0   7   4   0   0   0  1.56 0.64
  325 I   -2 -5 -5 -6 -4 -5 -4 -6 -5  6  3 -4  1 -2 -4 -3 -1 -5 -3  1    2   0   0   0   0   0   1   0   0  56  25   1   3   0   1   1   3   0   0   6  1.08 0.50
  326 E   -2 -3 -3  1 -6  0  7 -2 -3 -5 -5 -1 -5 -6 -3 -3 -3 -6 -5 -2    2   0   0   5   0   3  80   3   0   0   0   1   0   0   1   1   0   0   0   3  1.61 0.71
  327 K   -2  1 -2 -4 -6  1  0 -4 -4 -5 -5  7 -4 -6 -4 -2 -4 -6 -5 -2    2   6   2   0   0   5   5   1   0   0   0  74   0   0   0   2   0   0   0   3  1.44 0.64
  328 K    0  2 -1 -1 -5  2  3 -3 -2 -3 -4  5 -3 -5 -2 -2 -2 -5 -4 -2    8  12   2   2   0   8  18   0   0   2   1  42   0   0   1   1   1   0   0   2  0.71 0.39
  329 A    1 -2  0  0 -3  2  4 -2 -2 -3 -4  0 -3 -4 -2  1  1 -5 -4  0   12   1   3   4   0   7  35   2   0   0   0   6   0   0   1  11   8   0   0   9  0.44 0.30
  330 N   -1 -2  0  3 -3  1  3 -1 -2 -3 -3  2 -3 -3 -3  0  1 -4 -3 -1    3   0   3  17   0   6  27   4   0   1   1  13   0   1   0   7  10   0   1   6  0.39 0.26
  331 D   -4 -4  4  7 -4 -3 -1 -3 -3 -6 -6 -3 -3 -6 -4 -1 -3 -7 -6 -6    1   0  21  69   0   0   2   1   0   0   0   1   1   0   0   3   0   0   0   0  1.71 0.63
  332 F   -4 -5 -6 -5 -5 -4 -4 -6 -4 -2  0 -6 -3  9 -6 -4 -5 -1  2 -4    1   0   0   1   0   1   1   0   0   1   9   0   0  80   0   1   0   0   4   0  2.02 0.68
  333 E    6 -4 -3 -4 -3 -1 -2 -1 -4 -3 -4 -2 -3 -5 -2  0 -3 -5 -4  0   79   0   1   0   0   3   2   3   0   0   0   2   0   0   1   4   0   0   0   5  1.18 0.55
  334 S    4 -2 -2  2 -3 -1  3 -3 -3 -3 -4 -1 -3 -5 -3  1 -1 -5 -4 -3   49   0   0  14   0   2  19   0   0   0   1   3   0   0   0   8   3   0   0   0  0.69 0.39
  335 E   -3 -3 -3  0 -7 -1  8 -4 -3 -6 -6 -2 -5 -7 -4 -3 -3 -6 -5 -6    1   0   0   2   0   0  95   1   0   0   0   0   0   0   0   0   1   0   0   0  2.11 0.76
  336 V   -2 -4 -6 -6 -4 -5 -5 -6 -6  1 -2 -5 -2 -4 -3 -4 -3 -6 -4  7    2   1   0   0   0   0   0   0   0   2   0   0   0   0   1   0   0   0   0  94  1.77 0.66
  337 A    5 -2 -1 -4 -3  0 -1 -3 -4 -3 -3 -1  4 -4 -3  0 -2 -5 -3 -1   68   1   3   0   0   4   3   0   0   0   0   3  12   0   0   3   0   0   0   3  0.90 0.46
  338 A    4 -1 -1 -2 -1  0  2 -2 -3 -3 -3  3 -3 -4 -3  1 -2 -5 -4 -3   49   2   2   0   1   3  14   1   0   1   1  18   0   0   0   6   0   0   0   0  0.59 0.34
  339 T    0 -2 -3 -3 -4  7  0 -4 -3 -2 -2  0  4 -4 -4 -2  2 -4 -4 -3    6   0   0   0   0  54   2   0   0   2   3   5  14   0   0   1  12   0   0   1  0.98 0.48
  340 M    1 -3 -3 -4 -2 -2 -3 -4 -4  3  2 -2  5 -2 -3 -2  2 -4 -3  2   15   1   0   0   0   0   0   0   0  18  17   1  20   0   0   1  15   0   0  12  0.44 0.26
  341 A    2  0  2 -2 -4 -1 -2  3 -2 -4 -4  4 -3 -4 -3  0  0 -4 -4 -3   17   3  10   1   0   2   0  26   0   0   0  30   0   0   0   6   5   0   0   0  0.51 0.26
  342 A    2 -1  0 -1  0  0  0  2 -2 -3 -3  3 -1 -4 -2  1 -1 -4 -3 -2   23   1   4   1   2   3   3  20   0   0   1  23   2   0   0  14   1   0   0   2  0.31 0.18
  343 A    4 -2 -2 -2 -2 -1 -2  1 -2 -2 -3  0 -1 -3 -2  3  0 -3 -1 -2   50   0   0   1   0   0   0   7   0   2   0   7   2   0   0  28   1   0   3   0  0.47 0.20
  344 L   -1  1 -1 -2 -3  2  0 -3 -2 -2  0  5  1 -3 -2 -1 -2 -3 -2 -2    4   3   0   0   0   9   0   0   0   0  14  65   4   0   0   0   0   0   0   0  0.53 0.16
  345 N    1  1  3 -1 -3  0  0 -1 -1 -3 -3  4 -2 -4 -2  0 -1 -4 -2 -2   20   0  28   0   0   0   0   0   0   0   0  52   0   0   0   0   0   0   0   0  0.45 0.10
  346 N   -1 -1  6  1 -2  0  0 -1  0 -3 -3  0 -2 -3 -2  2  0 -4 -2 -3    0   0  74   0   0   0   0   0   0   0   0   0   0   0   0  26   0   0   0   0  0.61 0.03

                      K         Lambda
Standard Ungapped    0.1283     0.3129
Standard Gapped      0.0410     0.2670
PSI Ungapped         0.1528     0.3175
PSI Gapped           0.0468     0.2670
