
Last position-specific scoring matrix computed, weighted observed percentages rounded down, information per position, and relative weight of gapless real matches to pseudocounts
           A  R  N  D  C  Q  E  G  H  I  L  K  M  F  P  S  T  W  Y  V   A   R   N   D   C   Q   E   G   H   I   L   K   M   F   P   S   T   W   Y   V
    1 M   -3 -4 -5 -5 -3 -3 -4 -5 -4  4  1 -4  9 -2 -5 -4 -3 -4 -3  1    0   0   0   0   0   0   0   0   0  23   9   0  63   0   0   0   0   0   0   6  1.33 0.37
    2 A   -2 -7 -7 -8 -6 -6 -7 -8 -7 -2 -3 -5 11 -5 -6 -6 -3 -7 -6  0    3   0   0   0   0   0   0   0   0   2   0   0  87   0   0   0   1   0   0   5  3.21 1.10
    3 N   -5 -2  8 -3 -6 -3 -5 -4 -2 -7 -7 -2 -6 -7 -6 -1  4 -8 -6 -6    0   2  64   1   0   1   0   1   1   0   0   2   0   0   0   3  26   0   0   0  1.90 0.79
    4 K   -5  1 -3 -5 -8 -2 -4 -6 -4 -8 -7  8 -6 -8 -6 -5 -4 -8 -7 -7    0   5   1   0   0   1   0   0   0   0   0  92   0   0   0   0   1   0   0   0  2.50 0.96
    5 Q    3 -1  0 -2 -4  1 -1 -1 -3 -3 -3  1 -3 -5 -1  3  2 -5 -4 -3   25   3   5   2   0   8   2   4   0   1   1  10   0   0   3  20  16   0   0   1  0.43 0.32
    6 D   -4 -4 -3  5 -7  3  6 -5 -3 -6 -6 -3 -6 -7 -5 -3 -3 -7 -6 -5    1   0   0  32   0  11  51   0   0   0   0   0   0   0   0   1   1   0   0   1  1.61 0.71
    7 L   -6 -6 -8 -8 -5 -6 -7 -8 -7  1  6 -7  1  2 -7 -7 -5 -6 -5 -2    0   0   0   0   0   0   0   0   0   8  81   0   2   7   0   0   0   0   0   1  1.75 0.70
    8 I    0 -6 -7 -7 -3 -6 -6 -6 -7  6 -2 -5 -2 -4 -6 -5 -2 -7 -4  5    9   0   0   0   0   0   0   0   0  48   1   0   1   0   0   0   2   0   0  38  1.47 0.63
    9 A    2 -1  2  4 -5  0  3 -2 -2 -4 -4  1 -3 -6 -4  0 -1 -4 -4 -4   18   2   8  23   0   3  23   2   1   0   1   8   1   0   0   6   4   0   0   0  0.58 0.36
   10 K    3  0 -2 -1 -3  1  1 -3  1 -1 -2  2 -1 -3 -3  0 -1 -4 -2 -1   31   5   1   2   0   6  11   1   3   3   4  14   2   1   0   7   2   0   1   5  0.31 0.26
   11 V   -4 -6 -7 -7 -5 -6 -6 -7 -7  5  2 -6  1 -3 -6 -6 -3 -6 -3  5    1   0   0   0   0   0   0   0   0  33  17   0   3   1   0   0   0   0   0  45  1.37 0.58
   12 A    6 -4 -5 -5 -3 -2 -3 -4 -2 -4 -5 -3 -4 -3 -5  2 -2 -6 -1 -3   74   1   0   0   0   1   1   0   1   1   0   1   0   1   0  12   1   0   3   2  1.42 0.69
   13 E    1  0  0  2 -5  1  5 -2 -2 -4 -4  2 -4 -6 -3  0 -1 -6 -4 -3   13   3   4  10   0   6  36   3   0   0   1  10   0   0   0   6   3   0   0   2  0.59 0.37
   14 A    0  3  0 -1 -3  2  1 -2  0 -4 -3  4 -2 -4 -4  0 -1 -5 -4 -3    9  16   4   3   0   8  10   3   2   1   2  30   1   0   0   5   4   0   0   1  0.49 0.32
   15 T    3 -4 -2 -4  0 -2 -3 -2  0 -1  0 -3 -1 -2 -3  1  4 -3 -3  0   29   0   2   0   2   1   0   2   3   3   9   1   2   1   1  11  29   0   1   5  0.50 0.36
   16 E   -2 -4  1  3 -6 -1  1  6 -1 -7 -7 -1 -5 -6 -5 -1 -3 -6 -4 -5    1   0   7  15   0   3   9  54   1   0   0   3   0   0   0   3   1   0   0   0  1.11 0.52
   17 L   -2 -3 -4 -4 -2 -2 -3 -3 -2  3  4 -4  3  0 -5 -2 -1 -2 -1  1    3   1   0   1   1   2   1   2   1  15  45   0   8   3   0   2   3   0   2   9  0.59 0.32
   18 T   -2 -3  0  0 -5 -3 -3 -3 -5 -4 -5 -2 -4 -5  1  4  5 -6 -5 -4    2   1   3   4   0   0   1   1   0   0   0   1   0   0   7  35  41   0   0   0  1.05 0.58
   19 K   -4  2 -3 -4 -7  2 -2 -5 -3 -3 -5  7 -4 -6 -3 -4 -3 -7 -6 -5    1  10   1   1   0   9   1   0   0   1   1  70   0   0   1   0   1   0   0   1  1.62 0.70
   20 K    3  1 -1 -2 -3 -1 -2 -2 -2 -3 -3  5 -3 -5 -3  0  1 -5 -3  0   25   8   2   2   0   1   2   2   1   1   1  35   0   0   0   4   7   0   1   6  0.56 0.36
   21 D    0 -2  0  5 -4  3  3 -4 -1 -4 -4  0 -2 -5 -4 -1  0 -6 -4 -2    9   1   3  33   0  15  16   0   1   1   1   5   1   0   0   3   7   0   0   3  0.68 0.39
   22 S    6 -5 -4 -5 -1 -2 -4 -3 -5 -1 -4 -4 -2 -5 -5  1  1 -6 -5  2   62   0   0   0   1   1   0   1   0   3   1   0   1   0   0   8   9   0   0  14  1.08 0.56
   23 A    2  0  0  0 -4  0  4  1 -1 -4 -4  1 -3 -5 -3  0  1 -5 -4 -3   16   5   4   5   0   3  27  12   1   0   1  10   0   0   0   7   8   0   0   1  0.40 0.28
   24 A    1  3  0  0 -3  0  2 -2  0 -2 -2  2 -1 -3 -3  0  0 -4 -3 -1   16  15   3   6   0   3  15   2   2   2   4  16   1   0   0   4   5   0   0   4  0.24 0.19
   25 A    4 -5 -4 -5 -1 -4 -4 -3 -2  2 -1 -4  1 -1 -4 -2 -1 -4 -2  4   42   0   0   0   1   0   0   1   1  10   4   0   3   3   0   2   3   0   1  28  0.73 0.41
   26 V   -3 -5 -6 -6 -3 -5 -6 -6 -6  2  4 -5 -1 -1 -6 -4 -2 -5 -3  5    1   0   0   0   0   0   0   0   0  11  37   0   1   2   0   0   2   0   1  44  1.09 0.48
   27 D   -2 -3  5  6 -6  0  3 -3 -3 -6 -6 -1 -5 -6 -5 -1 -1 -7 -5 -5    3   0  24  39   0   3  19   1   0   0   0   3   0   0   0   3   4   0   0   0  1.10 0.50
   28 A    5 -3 -3 -3  0 -1 -2  1 -1 -3 -3 -3 -2 -4 -4  1  1 -5 -4 -2   56   0   1   1   2   2   2   8   1   1   2   1   1   1   0  10   9   0   0   2  0.78 0.44
   29 V   -1 -5 -5 -6 -3 -5 -5 -5 -5  3  2 -5  2  4 -5 -4  0 -3 -2  4    5   0   0   0   0   0   0   0   0  14  17   0   4  21   0   0   7   0   0  31  0.75 0.37
   30 F   -3 -5 -4 -6 -2 -3 -4 -3 -5  3  3 -4  1  5 -5 -4  1 -2 -1  1    1   0   0   0   1   1   1   2   0  14  33   0   3  27   0   0   8   0   1   7  0.73 0.36
   31 S    0 -2  1  5 -4  0  4  0 -2 -4 -4  0 -4 -6 -3  1 -1 -4 -4 -4    8   2   5  34   0   3  24   6   1   0   1   4   0   0   0   9   2   0   0   1  0.68 0.36
   32 T    2 -3 -1 -3  0 -1  0  0 -2  1 -2 -2 -2 -4 -3  2  3 -4 -2  1   19   1   2   0   2   2   6   6   1   7   3   2   0   0   0  14  22   0   1  12  0.28 0.24
   33 I   -4 -6 -6 -6 -4 -6 -6 -7 -6  7  0 -6  2 -2 -6 -5 -2 -6 -5  4    1   0   0   0   0   0   0   0   0  63   4   0   4   1   0   0   2   0   0  25  1.58 0.60
   34 E    0 -1 -2 -3 -2  1  0 -2 -1  0 -2  1  0 -2 -3  1  4 -3 -2  1    9   3   1   0   0   6   6   3   1   7   2   8   3   2   0  11  30   0   1   9  0.29 0.25
   35 A    0  0  1  3 -4  1  4 -1 -1 -4 -4  1 -3 -4 -3  1  0 -4 -3 -3    9   4   5  17   0   5  27   5   1   0   0   9   0   0   0   9   5   0   0   1  0.46 0.28
   36 F    4 -3 -2 -3 -2 -1  1 -1 -2 -3 -2 -2 -2 -3 -4  2  2 -5 -4 -1   42   1   2   0   1   2   9   3   1   1   3   1   0   1   0  17  13   0   0   4  0.54 0.35
   37 L   -2 -5 -4 -6 -3 -5 -6 -6 -6 -1  6 -5  3 -2 -6 -5 -3 -5 -4  3    2   0   1   0   1   0   0   0   0   1  67   0   6   1   0   0   1   0   0  20  1.26 0.53
   38 A    3  0 -2 -2 -1  1  0 -1  0 -2 -3  3 -2 -4 -3  1  0 -5 -2  0   27   5   1   1   1   5   4   3   3   1   1  25   1   0   0  10   4   0   1   7  0.37 0.27
   39 E    1  2  2  0 -4  1  1 -1 -2 -4 -4  4 -3 -4 -3  1 -1 -5 -3 -3   11  11   9   5   0   4   8   4   0   0   1  30   0   1   0  11   2   0   1   1  0.46 0.28
   40 G   -3 -4 -1  0 -6 -4 -2  7 -2 -7 -6 -1 -6 -7 -5 -3 -5 -6 -6 -7    1   1   3   5   0   0   3  81   1   0   0   4   0   0   0   1   0   0   0   0  1.81 0.66
   41 E   -3 -2  1  4 -6  0  5  1 -1 -6 -6  0 -5 -4 -4 -2 -3 -6 -4 -5    1   2   6  27   0   3  41  11   1   0   0   4   0   1   0   2   1   0   0   1  0.97 0.46
   42 K   -1  3  0  1 -5  0  2 -2 -1 -3 -5  4 -2 -5 -1  1  0 -5 -4 -4    3  13   4   7   0   2  16   2   1   1   0  31   1   0   3  11   5   0   0   0  0.53 0.31
   43 V   -3 -6 -6 -7 -2 -6 -6 -7 -7  3 -1 -6 -2 -3 -6 -5 -3 -3 -5  7    1   0   0   0   1   0   0   0   0  17   4   0   0   1   0   0   1   0   0  75  1.68 0.65
   44 Q    1  1  1 -1 -4  3  1 -3 -2 -3 -3  1 -2 -4 -2  2  3 -5 -3 -1   10   6   7   2   0  15   9   1   1   1   1   9   0   0   1  15  18   0   0   4  0.34 0.26
   45 L   -5 -6 -7 -7 -5 -6 -6 -7 -6  5  5 -6  0  1 -6 -6 -4 -2 -3  0    0   0   0   0   0   0   0   0   0  32  55   0   1   5   0   0   0   1   1   5  1.29 0.53
   46 I    0  2 -2 -4 -4 -2 -3 -4 -3  1 -1 -2 -1 -3  3  1  2 -5 -4  3    7  11   2   0   0   1   0   1   0  10   3   1   1   1  15  10  15   0   0  25  0.41 0.29
   47 G   -3 -4 -1 -1 -7 -6 -4  7 -4 -8 -8 -4 -7 -7 -4 -3 -6 -7 -7 -7    0   1   2   3   0   0   1  90   0   0   0   0   0   0   1   1   0   0   0   0  2.25 0.78
   48 F   -7 -7 -8 -8 -7 -8 -8 -8 -6 -3 -1 -8 -2  9 -8 -7 -7  1 -1 -3    0   0   0   0   0   0   0   0   0   1   5   0   1  91   0   0   0   2   0   1  2.88 0.92
   49 G   -3 -7 -5 -6 -3 -6 -6  8 -6 -6 -6 -6 -3 -4 -6 -4 -6 -7 -7 -6    1   0   0   0   1   0   0  96   0   0   1   0   1   1   0   0   0   0   0   0  2.49 0.84
   50 N   -1 -2  1 -4 -4 -3 -3 -4 -4 -2 -4  2 -2 -5 -4  3  5 -6 -5  0    4   1   5   0   0   0   0   0   0   2   0  11   1   0   0  26  43   0   0   7  0.87 0.49
   51 F   -5 -7 -8 -8 -7 -8 -8 -8 -6 -3 -2 -8 -4  9 -8 -6 -7  1 -1 -5    1   0   0   0   0   0   0   0   0   1   3   0   0  93   0   0   0   2   1   0  2.99 0.95
   52 E    0  1 -1  0 -2  0  4 -2  0 -3 -3  2 -2 -4 -3  2  0 -5 -2 -1    6   5   1   5   1   3  29   2   2   1   2  12   1   0   0  18   6   0   1   4  0.37 0.26
   53 V    0  0 -4 -5 -3 -1 -4 -4 -5  1  0 -1 -1 -3 -1 -1  1 -3 -4  5    6   6   0   0   0   3   0   1   0   7   5   4   1   0   4   4   9   0   0  50  0.61 0.37
   54 R    0  5 -1 -3 -5  0 -2 -2 -1 -3 -4  4 -3 -5 -3  1  1 -5 -4  0    7  32   2   1   0   3   1   3   1   1   1  23   0   0   0   9   9   0   0   8  0.59 0.35
   55 E   -1  1  0  2 -5  2  3 -3  3 -3 -4  2 -3 -4 -2 -1  1 -5 -1 -2    6   6   3  11   0   9  24   1   9   1   1  12   0   0   1   4   8   0   2   3  0.41 0.26
   56 R   -5  8 -4 -6 -4 -2 -4 -7 -4 -7 -5  1 -4 -7 -6 -3 -2 -7 -2 -4    0  86   0   0   1   1   0   0   0   0   1   5   0   0   0   1   2   0   2   1  2.30 0.84
   57 A    4 -1 -1 -2 -4  0  0 -1 -2 -5 -4  3 -3 -5  2  0 -2 -6 -5 -3   44   2   3   2   0   3   4   4   1   0   0  21   1   0  10   6   1   0   0   0  0.67 0.40
   58 A    6 -5 -5 -4 -4 -2  2 -2 -5 -5 -5 -3 -3 -6  1 -1 -3 -6 -5 -4   71   0   0   0   0   1  12   2   0   0   0   1   0   0   7   4   1   0   0   0  1.31 0.62
   59 R   -6  8 -5 -6 -5 -3 -4 -5 -2 -7 -7 -1 -6 -5 -6 -3 -4 -7 -2 -7    0  91   0   0   0   0   0   1   1   0   0   2   0   0   0   2   1   0   2   0  2.52 0.89
   60 K   -2 -1 -1 -1 -4  1  2 -3 -3 -1 -2  2  2 -4 -2 -1  4 -3 -3  0    2   3   3   2   0   7  12   1   0   4   2  16   5   0   1   2  32   0   0   7  0.43 0.31
   61 G    1 -5 -4 -5 -3 -5 -6  7 -6 -6 -7 -5 -4 -7 -5 -3 -4 -4 -5 -3   10   1   0   0   1   0   0  82   0   0   0   0   0   0   0   1   1   0   0   2  1.93 0.70
   62 R   -5  8 -4 -6 -5 -3 -4 -6  0 -1 -4  0 -3 -3 -6 -5 -4 -7 -4  0    0  77   0   0   0   0   0   0   2   4   1   3   0   1   0   0   1   0   0   8  1.87 0.73
   63 N   -6 -4  9  0 -7 -4 -5 -5  0 -6 -8 -3 -7 -8 -7 -3 -4 -8 -6 -6    0   0  91   3   0   0   0   0   2   1   0   1   0   0   0   1   0   0   0   1  2.71 0.94
   64 P   -6 -4 -7 -6 -8 -6 -6 -7 -7 -5 -6 -6 -7 -5  9 -6 -6 -9 -8 -5    0   1   0   0   0   0   0   0   0   1   1   0   0   1  97   0   0   0   0   1  3.27 1.06
   65 Q    0  5 -2 -4 -6  5 -2 -3 -1 -6 -4  3 -3 -5 -5 -1 -3 -6 -4 -5    8  30   1   0   0  31   0   2   1   0   1  19   0   0   0   5   1   0   0   0  1.05 0.52
   66 T   -3 -4 -1 -4 -5 -5 -5 -6 -6 -5 -6 -4 -5 -7 -4 -1  8 -7 -6 -4    1   1   2   0   0   0   0   0   0   0   0   1   0   0   1   3  90   0   0   1  2.25 0.89
   67 G   -3 -3 -1 -4 -6 -3 -5  7 -5 -7 -6  0 -6 -7 -2 -3 -3 -6 -7 -7    1   2   3   1   0   1   0  82   0   0   0   6   0   0   2   1   1   0   0   0  1.86 0.69
   68 A    1 -2 -2  0 -6  2  6 -4 -4 -5 -5  2 -4 -6 -4 -2 -2 -6 -5 -4   14   1   1   4   0   8  55   1   0   0   0  12   0   0   0   1   2   0   0   1  1.10 0.54
   69 E    1  0 -2 -2 -4 -1  3 -4 -3 -2 -4  2 -2 -5  3  0  2 -5 -4 -2   12   4   1   1   0   2  20   0   0   2   1  16   1   0  17   5  15   0   0   2  0.50 0.32
   70 I   -4 -6 -5 -7 -4 -6 -6 -7 -5  7  1 -5  3 -3 -6 -5 -3 -6 -3  4    0   0   0   0   0   0   0   0   0  58   9   1   8   0   0   0   0   0   0  22  1.42 0.57
   71 E   -2  0  0  1 -4  3  2 -3  0 -2 -3  3 -1 -4  0 -1  2 -5 -3 -2    2   4   4   8   0  17  13   0   2   2   2  20   2   1   5   3  12   0   0   2  0.37 0.26
   72 I   -3 -5 -7 -7 -5 -6 -7 -7 -7  7 -1 -6 -2 -3 -6 -5 -3 -6 -4  3    2   1   0   0   0   0   0   0   0  73   4   0   0   1   0   1   1   0   0  19  1.79 0.67
   73 A    3 -3 -4 -3 -6 -2 -2 -3 -4 -6 -5  1 -5 -7  7 -1 -3 -7 -6 -5   21   1   0   2   0   1   2   1   0   0   0  10   0   0  56   4   1   0   0   0  1.52 0.62
   74 A    6 -4 -4 -4 -3 -3  1 -3 -5 -5 -5 -1 -5 -5  0 -1 -3 -6 -5 -4   76   0   0   0   0   1   9   1   0   0   0   3   0   0   4   3   1   0   0   0  1.37 0.64
   75 S    1  3 -2 -3 -1 -1 -2 -1  0 -4 -4  3 -1 -5 -4  3  2 -5 -2 -2    9  15   0   0   1   2   0   4   2   0   0  22   1   0   0  27  12   0   1   2  0.53 0.35
   76 K   -2  4  2 -2 -5 -1 -2 -4 -1 -3 -4  5 -1 -4 -4 -1  2 -1 -1 -2    1  18  11   1   0   1   1   0   1   1   1  40   1   0   0   3  12   1   2   3  0.74 0.42
   77 V    1 -2 -2 -4 -3 -2 -4 -3 -3  0 -2 -1 -1 -4 -5  0  1 -5 -1  5   11   3   2   0   0   1   0   1   0   3   2   3   1   0   0   6  10   0   2  53  0.70 0.41
   78 P    0 -6 -6 -6 -4 -5 -5 -5 -6 -2 -2 -5 -2 -6  7 -5 -4 -7 -6  4    7   0   0   0   0   0   0   1   0   2   4   0   1   0  59   0   0   0   0  25  1.76 0.69
   79 A    1  2 -3 -3 -4 -1 -2  0  0 -2 -3  4 -2  0 -4  0  1 -4 -1  1   15  10   0   0   0   1   0   6   2   1   1  27   0   4   0   8  11   0   2  12  0.34 0.27
   80 F   -7 -7 -8 -8 -7 -8 -8 -8 -6 -3 -3 -8 -3  9 -8 -7 -7 -2 -1 -3    0   0   0   0   0   0   0   0   0   1   1   0   0  95   0   0   0   0   1   2  3.08 0.96
   81 K   -2  4 -3 -4 -6 -1 -2 -4 -2 -4 -5  6 -4 -6 -4  1  1 -6 -5 -3    2  21   0   0   0   1   1   0   1   1   0  51   0   0   0  10  10   0   0   2  1.11 0.53
   82 A    5 -5 -5 -5 -3 -4 -5 -4 -5 -4 -5 -4 -2 -2  6 -2 -3 -6 -5  0   44   0   0   0   1   0   0   0   0   1   0   0   1   2  42   3   1   0   0   7  1.44 0.62
   83 G    1 -5 -3 -4 -5 -5 -5  7 -4 -7 -7 -4 -6 -6 -5  2 -3 -6 -5 -6   11   0   0   0   0   0   0  69   0   0   0   0   0   0   0  18   0   0   0   0  1.62 0.62
   84 K    0  0 -2 -3 -6  1 -1 -4 -4 -4 -5  7 -5 -6 -3  1 -1 -6 -5 -5    6   4   2   0   0   6   2   1   0   1   0  64   0   0   1  10   3   0   0   0  1.23 0.56
   85 A    2 -1  0  0 -3  1  2  1 -2 -3 -2  1 -2 -3 -1  1  1 -4 -2 -1   23   1   5   4   0   6  14  11   1   1   2  10   1   0   2   8   8   0   1   3  0.23 0.19
   86 L   -5 -6 -7 -7 -5 -6 -7 -7 -6 -1  6 -6  0  5 -5 -6 -5 -2 -2 -1    0   0   0   0   0   0   0   0   0   1  73   0   1  21   0   0   0   1   1   2  1.55 0.61
   87 K   -3  3 -3 -4 -6 -2 -3 -5 -4 -7 -6  8 -4 -7 -5 -3 -4 -7 -6 -6    1  12   0   0   0   0   1   0   0   0   0  82   0   0   0   1   0   0   0   0  2.01 0.77
   88 D    0 -1  1  5 -6 -1  4 -3 -3 -6 -5  0 -4 -6 -4 -1 -1 -6 -5 -5    8   3   5  37   0   2  32   1   0   0   0   5   0   0   0   3   3   0   0   0  0.95 0.45
   89 A    4  1 -3 -3 -3 -1 -1 -2 -3 -1 -1  1  0 -3 -4  1 -1 -4 -2  0   46   7   0   0   0   3   2   1   0   3   6   9   3   1   0   8   3   0   1   6  0.46 0.32
   90 V   -3 -6 -7 -7  0 -6 -6 -7 -7  3  2 -6 -1 -3 -6 -5 -4 -6 -5  7    0   0   0   0   2   0   0   0   0  11  15   0   1   0   0   0   0   0   0  70  1.50 0.59
   91 K   -5  1  7 -2 -6  0  0 -4 -3 -7 -6  4 -5 -7 -5 -3 -4 -7 -5 -6    0   7  58   0   0   4   6   0   0   0   0  24   0   0   0   0   0   0   0   0  1.56 0.61

                      K         Lambda
Standard Ungapped    0.1265     0.3120
Standard Gapped      0.0410     0.2670
PSI Ungapped         0.2171     0.3184
PSI Gapped           0.0665     0.2670
