
Last position-specific scoring matrix computed, weighted observed percentages rounded down, information per position, and relative weight of gapless real matches to pseudocounts
           A  R  N  D  C  Q  E  G  H  I  L  K  M  F  P  S  T  W  Y  V   A   R   N   D   C   Q   E   G   H   I   L   K   M   F   P   S   T   W   Y   V
    1 M   -7 -7 -8 -9 -7 -6 -8 -8 -7 -4 -3 -7 11 -5 -8 -7 -6 -7 -7 -5    0   0   0   0   0   0   0   0   0   0   0   0 100   0   0   0   0   0   0   0  4.11 1.41
    2 A    4 -2  2 -2  0 -3 -3 -2 -3 -3 -5  0 -3 -6  0  4  0 -4 -4 -4   32   1   8   1   2   0   1   3   0   1   0   6   1   0   4  32   5   0   0   0  0.71 0.48
    3 R   -3  3  3 -1 -4  2 -1 -1  0 -4 -4  5 -3 -4 -3 -1 -2 -4 -4 -4    1  15  12   3   0   9   4   6   2   1   2  33   1   1   1   3   3   0   0   1  0.66 0.37
    4 K   -2 -2  3  3 -4 -2  1  3 -1 -6 -6  2 -4 -6 -5  2 -3 -6 -5 -5    2   2  12  15   0   1  10  25   1   0   0  13   0   0   0  15   1   0   0   0  0.68 0.43
    5 V   -5 -8 -8 -8 -4 -8 -8 -9 -9  7 -2 -8 -4 -2 -8 -6  1 -8 -6  5    1   0   0   0   0   0   0   0   0  48   4   0   0   1   0   0   9   0   0  36  1.81 0.83
    6 L   -4 -8 -9 -10 -1 -8 -9 -6 -8 -2  5 -8  1  1 -9 -7 -6 10 -1 -3    2   0   0   0   1   0   0   1   0   2  51   0   3   5   0   0   0  30   2   2  2.07 0.94
    7 V   -1 -8 -9 -9 -1 -8 -8 -9 -9  3 -2 -8 -3 -4 -8 -7 -1 -9 -7  7    5   0   0   0   1   0   0   0   0  15   3   0   0   1   0   0   4   0   0  72  2.03 0.93
    8 M   -5 -7 -8 -8 -5 -7 -8 -8 -4  4  2 -8 -2  5 -8 -7 -5  2  5  3    1   0   0   0   0   0   0   0   0  20  15   0   1  25   0   0   0   3  15  19  1.31 0.64
    9 G    5 -7 -5 -7  2 -6 -6  1 -7  3 -1 -6 -1 -6 -5 -2 -2 -7 -6  3   43   0   0   0   5   0   0   9   0  13   7   0   1   0   0   2   3   0   0  17  0.94 0.57
   10 E   -5 -5 -7  1 -10 -1  8 -6 -5 -8 -6 -6 -8 -10 -8 -5 -5 -5 -9 -7    1   0   0   8   0   3  84   1   0   0   1   0   0   0   0   1   1   0   0   0  2.52 1.20
   11 V   -2 -1 -2 -4 -1  4 -2 -5  8  0 -2 -3 -1 -2 -4 -1  1 -3 -1  1    3   4   2   1   2  17   2   1  29   6   5   1   1   2   1   4  10   0   2   8  0.85 0.53
   12 R    0  4  1  2 -5  1  1 -3  2 -3 -2  2 -3 -2 -4 -1  0 -1 -2 -1    7  21   8  10   0   5   9   2   4   2   3  10   1   2   0   4   5   1   1   4  0.32 0.26
   13 D   -1  0  4  4 -5  1  2  2  0 -7 -6  0 -6 -6 -4 -2 -4 -5 -6 -6    5   4  17  23   0   7  15  17   2   0   1   5   0   0   1   3   1   0   0   0  0.73 0.47
   14 G   -2 -4  1 -1 -4 -1 -1  7 -1 -8 -7 -2 -7 -6 -6 -2 -4 -7 -5 -6    3   1   6   4   0   3   5  66   2   0   0   3   0   0   0   4   1   0   0   1  1.53 0.76
   15 S    0  1  0 -1 -2  2  2 -1  0 -3 -4  4 -3 -5 -4  0  0 -6 -4 -1    9   8   5   3   1  10  14   5   2   1   1  23   1   0   0   7   6   0   0   4  0.40 0.32
   16 L   -2 -6 -7 -7 -4 -5 -6 -7 -7  4  4 -6  0  1  1 -6 -3 -4 -4  2    4   0   0   0   0   0   0   0   0  22  41   0   2   6   8   0   1   0   0  14  1.01 0.54
   17 R    1  3  1  0 -3  0 -1 -3  3 -4 -2  3 -1 -5 -2  1  0 -6 -4 -2   12  15   7   4   1   3   3   1   7   1   4  17   1   0   2  11   7   0   0   3  0.35 0.29
   18 N   -1  2  0  2 -6 -1  1 -2 -2 -5 -5  3 -4 -6  4  1 -2 -7 -6 -5    5  11   5   9   0   2   9   4   1   1   1  18   0   0  22   9   3   0   0   1  0.61 0.43
   19 V    2 -4 -1 -5 -3 -3 -5 -1 -5  2 -2 -5 -3 -5 -2  2  0 -7 -4  5   16   1   3   1   0   1   0   4   0  10   3   0   0   0   3  14   6   0   1  34  0.64 0.44
   20 S    1 -6 -3 -5 -1 -5 -6 -1 -5 -7 -5 -6 -5 -4 -7  5  5 -8 -6 -1   10   0   1   0   1   0   0   5   0   0   1   0   0   1   0  39  35   0   0   5  1.30 0.78
   21 F   -1  0 -5 -7 -3 -3 -6 -5 -3 -2  5 -2 -1  4 -5 -4 -5  3  3 -3    6   6   1   0   0   2   0   1   1   2  46   2   1  16   1   1   1   4   9   1  0.94 0.53
   22 E   -4 -4  0 -3 -3  1  7 -3 -2 -8 -8 -3 -8 -9 -5  0 -6 -9 -8 -7    2   1   5   1   1   5  74   2   1   0   0   1   0   0   0   6   0   0   0   0  2.00 1.02
   23 A    3 -6 -6 -8  0 -5 -7 -6 -7  0  5 -7  2 -5 -7 -4  0 -7 -6  1   22   0   0   0   2   0   0   1   0   5  50   0   5   0   0   1   6   0   0   8  1.11 0.63
   24 V   -1 -7 -8 -9 -3 -7 -8 -8 -8  4  5 -8  1 -3 -8 -6 -5 -4 -6  2    6   0   0   0   1   0   0   0   0  20  53   0   3   1   0   0   0   0   0  14  1.39 0.68
   25 A    2 -4  0 -4 -2 -4 -4  4 -2 -7 -6 -4 -6 -5 -6  3  4 -5 -5 -4   16   1   4   1   1   1   1  32   1   0   0   1   0   0   0  20  20   0   0   1  0.96 0.60
   26 A    4  0 -5 -5  0 -1  1 -2 -2 -2 -1  3 -2 -1 -2 -3 -3 -2 -1  0   33   4   0   0   2   2  11   3   1   2   6  19   1   3   2   1   1   1   2   6  0.50 0.39
   27 A    6 -8 -7 -8 -4 -7 -7  4 -8 -5 -6 -7 -7 -7 -7 -3 -6 -9 -8 -4   68   0   0   0   0   0   0  27   0   1   1   0   0   0   0   1   0   0   0   1  2.00 0.99
   28 K    0  6 -1 -5 -2  2 -4 -3  1 -4 -4  3 -3 -5 -7  0 -2 -5 -3 -3    7  44   3   0   1   8   1   2   3   1   2  15   1   0   0   6   2   0   1   2  1.07 0.61
   29 T    0  3 -2 -1 -3  3  3 -2 -1 -4 -4  3 -2 -6 -4 -1 -1 -6 -4 -4    7  17   2   3   1  14  19   3   1   1   2  19   1   0   1   5   3   0   0   1  0.61 0.42
   30 I   -4 -7 -7 -7 -4 -5 -8 -8 -4  3  6 -6  2 -2 -8 -7 -6 -5 -5  0    2   0   0   0   0   1   0   0   0  14  69   0   4   2   0   0   0   0   0   6  1.66 0.78
   31 A    6 -3 -1 -4 -2 -2 -4 -1 -4 -4 -4 -1 -3 -4 -3  1 -2 -5 -4 -2   61   1   3   1   1   2   1   5   0   1   2   4   1   1   1  10   3   0   1   3  1.13 0.58
   32 E    0 -1  0  5 -3  0  2  0 -1 -4 -4  1 -3 -3 -2  0  0 -4 -4 -3    7   4   5  28   1   5  14   7   1   1   2   8   1   1   2   7   5   0   0   1  0.48 0.30
   33 G   -2 -3  2  1 -5  0 -2  6 -4 -6 -6  1 -5 -6 -3  0 -3 -6 -6 -5    4   1  10   7   0   4   3  50   0   0   1   8   0   0   1   8   2   0   0   1  1.04 0.55
   34 G    1 -2 -2 -2  1  1  0  4 -1 -3 -1 -2 -2 -3 -4  0  1 -2 -3  0    9   2   2   2   3   7   8  32   1   1   5   2   1   1   0   6   8   1   1   7  0.38 0.29
   35 E   -3  1 -1  2 -5  0  4 -2 -1 -5 -6  2 -4 -6  2  1  0 -7 -4 -4    2   6   2  12   0   4  26   3   1   0   0  13   0   0  11  10   6   0   0   2  0.60 0.43
   36 V   -1 -7 -7 -8 -1 -7 -7 -6 -8  3  3 -6 -2 -2 -2 -4 -2 -7 -5  6    5   0   0   0   1   0   0   0   0  12  28   0   1   1   2   1   2   0   0  45  1.23 0.63
   37 V    1 -3 -2 -1  3 -2  0 -1  3  0 -3 -3 -3 -2 -5  2  3  0  0  1   13   1   2   4   5   1   6   4   7   5   2   1   1   1   0  16  16   1   3  11  0.31 0.28
   38 G    6 -7 -7 -7  3 -6 -6  1 -7 -1 -2 -6 -4 -5 -6 -2 -2 -4 -6  2   53   0   0   0   5   0   0  11   0   3   5   0   0   1   0   3   2   0   0  15  1.18 0.67
   39 L    0 -8 -8 -8 -2 -7 -8 -7 -8  2  3 -7 -2  0 -8 -7 -5 -7 -5  6    9   0   0   0   1   0   0   0   0  11  28   0   1   4   0   0   0   0   0  44  1.32 0.67
   40 L    0 -7 -8 -8 -1 -7 -6 -6 -6  3  4 -7 -1 -1 -7 -4 -3 -3 -3  5    7   0   0   0   1   0   0   1   0  13  32   0   1   3   0   1   2   0   1  37  1.12 0.58
   41 V    1 -7 -7 -7  0 -5 -7 -5 -5  4  4 -6  2  2 -2 -4 -2 -6 -4  2   13   0   0   0   2   0   0   1   0  24  31   0   4   7   2   1   2   0   0  12  0.83 0.46
   42 G   -1 -7 -4 -3 -2 -5 -7  7 -4 -8 -7 -7 -6 -6 -5 -2 -3 -8 -8 -6    5   0   1   1   1   1   0  82   1   0   1   0   0   0   1   3   2   0   0   1  2.22 0.99
   43 D    1 -2  1  2 -1 -1  1 -1  4 -5 -5  1 -5 -3  1  2  0 -3  1 -4    9   2   7  10   1   3   8   5  11   0   1   7   0   1   8  17   5   0   4   1  0.36 0.30
   44 S   -1 -2  3  3 -4  1  1  3 -1 -4 -4  0 -4 -5 -2  0 -2 -7 -4 -3    4   2  15  15   0   6   9  24   1   1   1   7   0   0   2   7   2   0   0   2  0.51 0.36
   45 V    2 -3 -1 -2  3 -3 -2 -2 -3  3  0 -4  0 -3 -1 -1  0 -6 -4  3   16   1   3   3   7   1   2   3   0  15  10   1   2   1   4   4   6   0   0  22  0.37 0.27
   46 A    1 -1 -1  3 -4  1  3  1 -3 -6 -5  1 -5 -6 -1  2 -1 -7 -6 -5   13   4   3  14   0   6  19  11   0   0   1   8   0   0   3  12   3   0   0   1  0.48 0.37
   47 S    2 -2  0  2 -3  0  2  1  0 -5 -4  0 -3 -5  1  1 -1 -6 -4 -4   18   2   5  11   1   4  16  10   3   0   2   7   1   0   6   9   3   0   0   1  0.35 0.29
   48 F    2 -3 -3 -2 -2 -1 -1 -3  0  1  2 -1  1  0 -2 -2 -2 -1  0  2   19   1   1   2   1   3   5   1   2   8  22   3   3   4   2   3   2   1   3  15  0.25 0.21
   49 A    5 -4 -6 -5 -1 -3 -3 -2 -4  0 -1 -3 -4 -3 -1 -1 -1 -3 -3  1   52   1   0   0   1   1   2   3   0   6   7   1   0   1   3   4   4   0   1  10  0.85 0.53
   50 N    1  0  0  2 -5  3  4 -1 -2 -5 -5  2 -3 -5  0  0 -2 -7 -6 -4   13   4   4  10   0  11  23   6   1   0   1  12   1   1   4   5   2   0   0   1  0.49 0.37
   51 E    0  0 -2  1 -4  3  5 -2 -3 -3 -3  1 -3 -6 -4  0  0 -5 -4 -3    9   5   2   8   0  10  35   3   0   2   2   7   1   0   1   6   6   0   1   2  0.62 0.44
   52 L    3 -5 -6 -8  0 -6 -7 -6 -6  0  5 -7 -1 -1 -4 -5 -5 -4 -2  1   20   0   0   0   2   0   0   1   0   5  56   0   1   2   1   1   0   0   1   8  1.18 0.63
   53 I    3 -2 -3 -4  0 -2 -3  2 -4  3 -1  0 -2  1 -4  1 -2 -2 -3 -1   24   3   1   1   2   2   2  15   0  17   5   6   1   6   1  10   2   1   1   3  0.35 0.28
   54 H    3  2  0 -1 -3  1  1  0  1 -4 -4  2 -3 -3 -2  0 -1 -5  0 -3   21  10   4   4   1   5  10   7   3   1   1  15   1   1   2   8   3   0   3   1  0.30 0.26
   55 Y    0  0 -5 -6  2 -4 -4 -3  5 -2  0 -2 -4  2 -6 -2 -4  1  7 -2    9   5   1   0   3   1   1   2  12   2   9   2   0   7   0   3   1   1  36   3  1.05 0.57
   56 G   -3 -6 -3 -2 -5 -5 -4  7 -4 -7 -6 -4 -6 -7 -2 -3 -5 -5 -5 -4    2   1   1   2   0   1   1  80   0   0   1   1   0   0   3   2   1   0   0   2  2.06 0.89
   57 A    6 -7 -7 -7  0 -6 -7 -3 -7  1 -2 -7 -4 -4 -2 -3 -4 -5 -6  4   56   0   0   0   2   0   0   2   0   6   5   0   0   1   2   2   1   0   0  23  1.34 0.73
   58 D   -1 -2  0  7 -6  0  0 -2  0 -8 -6  0 -7 -8 -3  1 -1 -8 -7 -5    6   2   3  53   0   3   6   3   2   0   1   5   0   0   1   9   4   0   0   1  1.24 0.67
   59 R   -2  4 -1 -3 -3  1  1 -4 -1 -2 -4  5 -4 -6 -5 -2  1 -7 -4 -1    3  19   3   2   1   5  10   1   2   2   1  36   0   0   0   3   8   0   0   4  0.82 0.51
   60 V   -1 -8 -9 -9 -3 -7 -8 -9 -7  4 -1 -8 -5 -6 -8 -7 -4 -9 -7  7    4   0   0   0   1   0   0   0   0  20   5   0   0   0   0   0   1   0   0  68  2.04 0.92
   61 V   -5 -5 -8 -8 -3 -6 -7 -8  3  3  3 -6 -2  3 -7 -6 -5  2  7  0    1   1   0   0   1   0   0   0   6  16  25   0   1   9   0   0   1   2  29   7  1.26 0.64
   62 T    1 -3 -4 -6  0 -2 -5 -4  2  1  2 -3  0 -1 -6 -2  1 -1  1  4   10   2   1   0   2   2   1   1   4   7  18   2   2   2   0   2   8   1   5  32  0.54 0.36
   63 V    4 -5 -6 -7  2 -5 -6 -4 -4  3  1 -5 -1 -2 -5 -3 -4 -4  0  4   30   0   0   0   4   0   0   2   0  14  11   0   1   2   0   2   1   0   4  28  0.85 0.50
   64 E   -3 -3  0  6 -4  1  5 -4 -3 -6 -7  0 -6 -8 -5  0  0 -8 -5 -5    3   1   4  35   0   6  29   1   1   1   0   5   0   0   0   7   5   0   0   1  1.11 0.64
   65 N    0 -4  3  5 -3 -2 -2  1  6 -6 -6 -4 -5 -6 -6  2 -3 -8 -4 -5    8   1  14  27   1   2   2   9  20   0   1   1   0   0   0  12   1   0   0   1  1.05 0.59
   66 D    2 -4 -3  2 -7 -3  3 -2 -5 -5 -6 -1 -7 -6  6  0 -4 -8 -6 -4   14   1   1  12   0   1  17   3   0   1   1   4   0   0  37   6   1   0   0   1  1.06 0.63
   67 K    2  1 -1  0 -1  1  2 -1  0 -1  0  0 -1 -4 -2  1 -1 -2 -2 -1   19   9   3   4   1   5  12   5   2   4  10   5   1   0   1   9   3   0   1   4  0.14 0.16
   68 L   -4 -6 -6 -6 -2 -6 -7 -5 -3 -2  6 -7 -3  4 -5 -6 -4 -1  3 -2    2   0   0   0   1   0   0   1   1   1  61   0   0  15   1   1   1   1  10   2  1.46 0.70
   69 K    3 -1  0  1 -4  0  3 -1 -2 -5 -5  3 -4 -6 -2  0 -1 -4 -5 -4   25   3   5   8   0   4  19   5   1   1   1  14   0   0   2   7   4   0   0   1  0.50 0.38
   70 S   -1  0  2  2 -4  1  1  0  5 -3 -3 -1 -4 -2  0  0  1 -3  0 -2    4   6   9  11   0   6  10   7  14   2   3   3   0   2   4   6   8   0   3   3  0.30 0.24
   71 Y   -3 -5 -3 -6 -3 -3 -5 -1  1 -5 -1 -6 -3  5  1 -3 -6 -3  8 -4    3   1   1   1   1   2   1   4   3   1   6   0   1  17   7   2   0   0  49   1  1.64 0.80
   72 T   -1  1  3  1 -2  1 -2 -3 -1 -1  2 -2 -2 -4 -3  1  2 -4 -2 -1    4   8  13   7   1   7   2   1   2   3  19   1   1   0   1  12  13   0   1   4  0.28 0.27
   73 S    3 -5  0 -1 -1 -4 -2 -1 -4 -2 -3 -5 -4 -4  5  1  3 -5 -3 -1   21   0   4   4   1   0   3   5   0   3   3   0   0   1  24  10  15   0   1   4  0.61 0.44
   74 D   -2 -2 -3  5 -4  1  6 -2 -3 -5 -2 -2 -2 -6 -3 -3 -2 -2 -4 -4    3   2   1  25   0   5  43   3   1   1   4   2   1   0   1   2   2   1   1   1  1.07 0.63
   75 G    2 -1  0 -3 -3 -2 -1  0 -2  0  0 -3 -2 -3  4  0  1 -4 -2  1   21   3   5   1   0   1   3   6   1   5   8   1   1   1  18   6   9   0   2   8  0.30 0.26
   76 Y   -2 -4 -6 -6 -1 -2 -6 -8  2 -2  0 -6 -2  3 -7 -5 -3  4  8  0    5   1   0   1   1   2   0   0   4   3   9   0   1   9   0   1   2   6  50   6  1.59 0.78
   77 A    4 -3 -5 -6 -2 -2 -3 -2 -4 -2 -1 -2 -3 -5 -4  1  4 -7 -5  1   35   1   0   0   1   2   1   3   0   2   7   2   1   0   1   9  23   0   0  11  0.70 0.49
   78 Q    2  1  1  2 -3  1  1 -2  1 -4 -4  2 -3 -5  2  0 -1 -4 -3 -3   16   8   6  10   1   7   9   3   3   1   1  14   0   0  11   6   3   0   1   1  0.32 0.27
   79 A    4 -5 -4 -5  0 -3 -5 -4 -7  2  1 -6 -3 -4 -5 -3  0 -6 -5  4   38   0   1   1   2   1   1   1   0  10  14   0   0   0   0   1   6   0   0  23  0.83 0.51
   80 F   -1 -7 -8 -8 -3 -7 -8 -8 -8  4  5 -7  2  0 -7 -6 -4 -5 -4  3    5   0   0   0   0   0   0   0   0  21  47   0   4   4   0   0   1   0   0  16  1.24 0.61
   81 L    3 -2 -3 -2  2 -1  2 -3  0 -2  0 -1 -2 -3 -4  1  1 -4 -2  1   28   2   1   2   4   3  11   2   3   2   8   3   1   1   0  11   8   0   1  10  0.32 0.29
   82 A    2  0  1  2 -5  3  3 -2  0 -5 -5  1 -4 -4 -2  1 -1 -4 -4 -4   19   4   5  12   0  13  15   3   2   0   1   9   0   1   2   8   3   0   0   1  0.43 0.34
   83 V    2 -5 -4 -7 -1 -4 -6 -6 -5  3  4 -5  1  0 -7 -5 -1 -3 -3  3   15   1   1   0   1   1   0   0   0  14  39   0   3   4   0   0   3   0   1  16  0.83 0.47
   84 Y    2 -6 -5 -7  2  0 -6 -5 -3  5  0 -6 -1 -2 -6 -3 -3 -3 -2  3   18   0   0   0   4   5   0   1   1  32   9   0   1   2   0   2   1   0   1  22  0.90 0.50
   85 A    0  3  1  0 -4  2  3 -1 -2 -4 -3  4 -4 -6 -4 -1 -1 -6 -5 -3    8  13   5   4   0   8  16   6   1   1   3  24   0   0   1   4   4   0   0   1  0.50 0.36
   86 E    0  1 -1  1 -6  3  4 -3 -2 -5 -5  3 -3 -5 -5  0  0 -5 -6 -3    9   8   2   8   0  14  22   1   1   0   1  18   1   0   0   6   5   0   0   2  0.60 0.41
   87 E   -1  1  0 -2  0  0  1 -1  4 -1 -1  0 -2  1 -4 -1 -1 -3  4 -1    5   9   4   2   2   3  10   5   9   4   6   6   0   6   0   4   4   0  14   5  0.22 0.20
   88 N   -1  2  2  1 -6  2  0  2 -1 -6 -5  4 -4 -6 -3  1 -3 -3 -5 -6    5  11  10   6   0   8   5  14   1   0   1  24   0   0   2  10   1   0   0   0  0.56 0.38
   89 P    1 -8 -7 -7 -5 -7 -7 -6 -4 -3 -6 -7 -6  1  8 -5 -6 -5  3 -5   12   0   0   0   0   0   0   1   0   2   1   0   0   5  67   1   0   0   9   1  2.21 1.04
   90 E    1  0  0  3 -4  0  3 -2 -2 -5 -3  0 -4 -2 -5  3  1 -3 -3 -4   11   6   3  14   0   4  18   3   1   0   2   5   0   2   0  20   9   0   1   1  0.43 0.35
   91 G    1 -5 -4 -6 -2 -5 -6 -5  5  5  1 -5  0 -1 -6 -3 -1 -2  0  3   14   0   1   0   1   0   0   1  11  27  14   1   2   2   0   2   4   1   3  17  0.75 0.43
   92 I   -4 -8 -8 -9 -3 -8 -8 -9 -8  5  2 -8  0  2 -8 -6 -4 -5 -5  6    2   0   0   0   0   0   0   0   0  28  16   0   2   8   0   0   1   0   0  42  1.47 0.68
   93 V   -4 -8 -9 -9  1 -8 -8 -7 -8  2  6 -8  0  0 -8 -7 -6 -3 -6  1    2   0   0   0   3   0   0   0   0  11  68   0   2   4   0   0   0   0   0   9  1.62 0.75
   94 F    2 -6 -7 -7  0 -6 -6 -1 -6  2  2 -6  4  5 -7 -3 -2 -4 -1  1   19   0   0   0   2   0   0   5   0  12  16   0   9  21   0   2   2   0   2   8  0.74 0.44
   95 G    2 -7 -3 -7 -4 -6 -6  6 -7 -7 -6 -6 -4 -8  4  1 -1 -8 -8 -4   15   0   1   0   0   0   0  48   0   0   1   0   0   0  18  10   3   0   0   1  1.32 0.71
   96 H    5 -4  1 -3 -4 -1 -4  0  5 -7 -7 -4 -3 -6 -6  2 -2 -8 -3 -5   47   1   6   2   0   3   1   7  13   0   0   1   1   0   0  14   2   0   1   1  1.10 0.64
   97 T   -4 -5 -1 -2 -5 -7 -7 -3 -8 -7 -7 -7 -5 -9 -7  4  7 -9 -8 -6    1   0   3   3   0   0   0   2   0   0   0   0   0   0   0  27  62   0   0   0  2.00 1.02
   98 A    2 -1  0 -1 -3 -2 -1 -2  0 -2 -2 -2 -2  0  1  2  2 -3  1 -1   18   3   4   3   0   2   3   2   2   3   4   2   1   4   8  17  15   0   5   4  0.25 0.25
   99 L   -1  1  1 -1 -2  1 -1 -4 -1  1  1 -2  2  3 -3 -1  1  0  0  0    6   7   9   3   1   6   4   1   1   9  12   1   6  13   1   3   8   1   2   5  0.16 0.17
  100 G   -1 -8 -2 -5 -3 -8 -7  7 -8 -6 -7 -8 -4 -7 -8 -1 -2 -9 -6 -5    5   0   2   1   1   0   0  80   0   1   1   0   1   0   0   5   3   0   0   1  2.16 0.98
  101 K   -2  7 -3 -6 -4 -1 -5 -6 -6 -3 -4  5  2 -5 -7 -2 -4 -1 -5 -5    4  46   1   0   1   3   0   1   0   1   2  30   5   1   0   3   1   1   0   1  1.51 0.77
  102 D   -1 -6  2  7 -9 -4  3 -3 -4 -7 -9 -6 -6 -7 -6  1 -2 -6 -8 -6    5   0   9  52   0   0  18   2   0   0   0   0   0   0   0   9   3   0   0   1  1.55 0.79
  103 L   -5 -8 -8 -9 -4 -7 -8 -9 -8  3  5 -8 -1  2 -8 -6 -3  1  0  2    1   0   0   0   0   0   0   0   0  13  57   0   1   7   0   0   1   2   3  14  1.37 0.66
  104 S    6 -7 -7 -7 -3 -6 -6  0 -7 -1  1 -6  4  0 -7 -1 -4 -7 -5 -2   55   0   0   0   0   0   0   8   0   3  14   0   8   4   0   4   1   0   0   2  1.20 0.67
  105 P    2 -7 -8 -8 -9 -8 -8  1 -9 -9 -9 -7 -9 -10  8 -1 -6 -10 -7 -8   16   0   0   0   0   0   0   9   0   0   0   0   0   0  70   4   0   0   0   0  2.40 1.13
  106 K    0  8 -6 -8 -4 -3 -6 -3 -3 -5 -4 -1 -1 -6 -7 -3 -3 -3 -1 -3    7  70   0   0   0   1   0   3   1   1   2   3   2   0   0   3   2   1   3   2  1.90 0.91
  107 L   -1 -8 -8 -8 -3 -7 -8 -8 -8  3  5 -7 -3 -4 -8 -5 -3 -7 -5  5    6   0   0   0   1   0   0   0   0  12  43   0   0   0   0   1   2   0   0  36  1.40 0.68
  108 A    7 -8 -7 -8 -3 -5 -7 -2 -5 -8 -8 -7 -3 -9 -6  1 -4 -9 -8 -5   82   0   0   0   1   0   0   4   0   0   0   0   1   0   0  10   1   0   0   0  2.20 1.06
  109 A    5 -5 -4 -6  0 -2 -4  0 -3 -2 -4 -4 -2  0 -6 -1  0 -5 -1  2   51   0   1   0   2   2   1   6   1   2   1   1   1   4   0   4   6   0   3  13  0.92 0.56
  110 K   -1  6 -4 -4 -5 -1 -2 -5 -2 -4  0  3  0 -5 -6 -2 -3 -5 -4 -4    6  45   1   1   0   2   2   1   1   1  11  19   3   0   0   3   2   0   0   1  1.09 0.61
  111 L   -4 -3 -6 -8 -1 -5 -6 -7 -3  0  6 -4  2  0 -7 -4 -1 -3 -4  0    1   2   0   0   2   0   0   0   1   4  68   1   4   4   0   2   3   0   1   6  1.36 0.67
  112 E   -3  1  3  4 -4 -1  0  4  1 -7 -7  2 -6 -7 -5 -3 -4 -5 -5 -6    2   9  13  24   0   3   5  25   3   0   0  11   0   0   0   2   1   0   0   0  0.87 0.51
  113 A    3 -3 -5 -6  1 -6 -6 -2 -5 -1 -1 -4 -4 -5 -6  0  5 -1 -4  3   24   2   0   0   3   0   0   4   0   3   6   1   0   0   0   6  32   1   0  18  0.84 0.54
  114 G    1 -6 -4 -5 -2  0 -4  6 -5 -7 -8 -6 -2 -7  2  1 -3 -8 -8 -5   10   0   1   0   1   4   1  57   0   0   0   0   1   0  11   8   2   0   0   1  1.40 0.73
  115 L   -2 -7 -7 -8  3  0 -7 -7 -5  1  5 -7  3  0  1 -5 -5 -5  0  1    4   0   0   0   5   4   0   0   0   6  52   0   6   3   7   1   0   0   3   9  1.03 0.56
  116 V    2 -7 -5 -7 -1 -6 -6 -5 -6  3  0 -6 -1 -3 -6 -1  4 -7 -5  3   18   0   0   0   1   0   0   0   0  18   9   0   1   1   0   4  27   0   0  20  0.90 0.54
  117 S    5 -6 -3 -5 -4 -2 -4 -2 -5 -6 -5 -6  1 -6 -1  4  3 -5 -6 -3   38   0   1   0   0   2   1   2   0   0   1   0   4   0   3  27  18   0   0   2  1.05 0.65
  118 D   -5 -4  0  8 -10 -5  1 -1  2 -10 -8 -6 -9 -7 -8 -5 -7 -10 -3 -9    1   1   5  72   0   0   8   6   4   0   0   0   0   0   0   1   0   0   1   0  2.21 1.02
  119 V    1 -9 -9 -10 10 -9 -9 -6 -9  2 -4 -9 -7 -6 -9 -5 -4 -9 -6  4   10   0   0   0  53   0   0   1   0  10   1   0   0   0   0   1   1   0   0  22  2.47 1.03
  120 T   -3 -5 -4 -5 -2 -4 -4 -7 -5  4 -1 -6  1 -4 -7 -1  6 -8 -5  3    2   1   1   1   1   1   1   0   0  18   5   0   3   1   0   5  42   0   0  20  1.15 0.65
  121 A    2 -1 -1  4 -5  0  3  3 -3 -4 -6  0 -3 -5 -5  1 -3 -5 -5 -5   15   3   2  20   0   4  18  18   0   1   1   5   1   0   0  10   1   0   0   0  0.61 0.42
  122 L   -4 -8 -8 -9 -4 -7 -8 -9 -6  4  5 -8 -1  2 -8 -7 -5 -4 -3  3    2   0   0   0   0   0   0   0   0  20  48   0   1   8   0   0   0   0   1  19  1.39 0.66
  123 E    0  1  0  3 -3 -1  4 -3 -1 -3 -3  2 -3 -4 -2  1 -1 -3 -2 -2    7   6   3  17   0   2  24   2   1   1   2  11   0   1   2  11   4   0   2   3  0.42 0.32
  124 V    0 -3 -3 -2 -2 -3 -2 -3 -3  4  1 -2  1  1 -3  0 -2  3 -2  3    7   1   1   2   1   1   2   2   1  27  12   2   3   5   1   8   2   3   1  16  0.41 0.27
  125 E   -2 -2  0  6 -3  0  4 -2 -3 -5 -6 -1 -4 -6  0 -1 -1 -7 -6 -4    4   2   3  37   1   4  25   3   1   1   1   3   0   0   5   5   3   0   0   2  0.96 0.55
  126 G   -1 -3  2  5 -6 -2  2  3 -2 -6 -6 -1 -6 -7  0  0  0 -7 -5 -6    4   1   9  30   0   2  10  20   1   0   1   4   0   0   4   6   6   0   0   0  0.76 0.46
  127 G   -2  0  1  2 -4 -2  1  5 -3 -5 -5 -1 -5 -5 -3  0 -2 -4 -4 -5    3   6   6  12   0   2  10  43   1   1   1   4   0   1   1   6   3   0   1   1  0.80 0.43
  128 N    0  2  2  1 -1  1  0  0  0 -2 -1  2 -1 -3  0  0  1 -4 -2 -2    6  11   9   6   1   5   5   8   2   2   8  13   1   1   4   7   7   0   1   2  0.13 0.12
  129 V   -3 -3 -4 -3 -3 -4 -4 -4 -3  2  5 -3  0  2 -1 -4 -2 -1 -2  2    2   1   1   1   0   1   1   1   1  10  48   2   2   7   3   1   3   1   1  11  0.76 0.38
  130 I   -1 -1 -3 -3 -1  0  0 -4 -1  2  2 -1 -1 -3 -5 -2  3 -4 -2  3    4   4   1   1   1   4   7   1   2  11  18   5   1   1   0   3  16   0   1  20  0.34 0.27
  131 F    2 -4 -6 -7 -1  5 -5 -2 -6 -1 -2 -5  2  5 -5 -4 -4  3 -1  2   19   1   0   0   1  21   0   3   0   3   3   0   5  23   0   1   1   4   2  12  0.90 0.55
  132 T   -4  0 -3 -4 -5 -2  0 -5 -2  2 -2  1 -2 -5 -5 -1  5 -7 -4  3    1   5   1   1   0   2   6   0   1  13   3   7   1   0   0   4  37   0   1  16  0.78 0.50
  133 R   -6  8 -4 -8 -2 -3 -6 -6  0 -6 -7  3 -3 -7 -8 -4 -4 -6 -8 -1    1  72   1   0   1   1   0   0   2   1   0  13   1   0   0   1   1   0   0   4  2.24 1.03
  134 P   -3 -5 -5 -8 -9  0 -4 -5 -6 -7 -4 -4 -5 -2  8 -1  0 -9 -4 -5    3   1   1   0   0   4   1   1   0   0   3   1   0   2  71   5   5   0   1   1  2.11 1.04
  135 I    3 -5 -5 -4  0 -5 -5 -2 -5  4 -1 -5  3 -3 -5 -2  1 -3 -3  3   26   1   0   1   2   0   0   3   0  21   5   0   7   1   0   3   7   0   1  19  0.70 0.43
  136 Y   -7 -7 -9 -10 -2 -6 -9 -8  0 -3 -1 -9 -1  7 -8 -6 -7  1  8 -6    0   0   0   0   1   0   0   0   2   2   6   0   1  38   0   1   0   2  45   0  2.38 1.03
  137 S    3 -5 -1 -2 -6 -3 -4  6 -5 -7 -6 -6 -6 -8 -7  1 -4 -8 -6 -6   25   1   3   2   0   1   1  54   0   0   1   0   0   0   0   9   1   0   0   0  1.44 0.75
  138 G   -2 -5 -2 -2 -6 -8 -2  7 -8 -8 -9 -7 -9 -9 -6 -3 -6 -9 -7 -9    3   1   2   3   0   0   3  85   0   0   0   0   0   0   0   2   0   0   0   0  2.39 1.05
  139 K   -3  0  7 -3 -8 -2 -3 -3 -2 -6 -6  5 -4 -8 -7  0 -3 -9 -6 -5    3   4  41   1   0   1   1   2   1   1   1  33   1   0   0   8   2   0   0   1  1.47 0.77
  140 A    4 -4 -6 -7 -1 -4 -5 -5 -6  4  2 -4  1 -1 -6 -3 -3 -5 -2  3   29   1   0   0   1   1   0   1   0  19  17   1   3   2   0   1   1   0   1  19  0.78 0.46
  141 F   -5 -2 -1 -5 -6 -1 -4 -7 -1  3  3 -5  6  2 -7 -2 -1 -3  0  1    0   3   4   1   0   3   1   0   2  17  23   1  22   7   0   3   4   0   4   8  0.81 0.46
  142 E    6 -5 -4 -5  2 -1 -1 -1 -5 -3 -3 -5 -1 -7 -6  0  0 -6 -4  0   56   0   1   0   4   3   5   4   0   1   3   1   2   0   0   7   5   0   0   7  1.03 0.61
  143 K   -3  1 -2  1 -4  0  1 -6  0 -3 -5  2 -4 -4 -3 -1  6 -2 -4 -1    2   7   2   8   0   5   9   0   2   1   1  11   0   1   1   3  40   1   0   5  0.77 0.52
  144 K   -2 -4 -6 -7 -1 -3 -3 -6 -5  6  0 -5  0  1 -7 -3 -2 -3  0  4    3   1   0   0   1   1   2   1   0  38   7   1   2   5   0   3   2   0   3  30  1.09 0.55
  145 I    0  2 -3 -3 -3  1  1 -3 -2  1  0  3 -1 -2 -4  0  0 -5 -3  2    7  10   1   1   1   5   8   1   1   9   8  17   1   1   0   7   6   0   1  14  0.23 0.22
  146 V   -1 -5 -3 -4  7 -4 -5 -5 -6  1  0 -5 -2  2  0  2  2 -1 -2  1    5   0   1   1  19   1   0   1   0   7  10   0   1   8   5  17  12   1   1   9  0.65 0.42
  147 T    0  0  2  0 -3 -1  0 -2 -1 -4 -3  2 -4 -5  4  1  2 -3 -3 -4    7   5   8   5   1   2   7   3   1   1   3  12   0   0  21  11  11   0   1   1  0.41 0.33
  148 D    0 -1  0  3 -5  0  1  2  4 -6 -6  0 -5 -4 -2  1  2 -3 -5 -4    8   3   4  17   0   3  10  13  10   0   0   4   0   1   2  11  13   0   0   1  0.48 0.35
  149 G    0  5 -2  0 -3 -2  0  1 -1 -5 -3  2 -3 -2  2  0 -1 -4 -4 -4    8  29   2   5   0   2   5  10   2   0   2  10   1   2   9   8   4   0   1   1  0.49 0.36
  150 I   -5 -2 -5 -6 -2 -5 -7 -7 -4  1 -2 -1 -4 -5  7 -4  0 -9 -8  1    1   2   1   0   1   1   0   0   1   6   5   4   0   1  59   1   7   0   0  10  1.68 0.86
  151 L    0 -1 -3 -6  0  7 -3 -3  0 -2 -3  3 -2 -3 -2 -3 -3  0 -1  0    9   3   1   0   2  40   1   2   2   3   3  15   1   1   2   1   2   1   3   6  0.88 0.58
  152 F   -6 -8 -9 -9 -3 -7 -8 -9 -5  4  1 -8  8  1 -9 -8 -6 -8 -6  4    1   0   0   0   1   0   0   0   0  21  10   0  35   5   0   0   0   0   0  28  1.83 0.84
  153 A    5 -7 -7 -7 -2 -6 -7 -2 -7  2  1 -6  0  0 -7 -2 -4 -7 -4  3   43   0   0   0   1   0   0   3   0  12  12   0   2   4   0   3   1   0   0  18  0.96 0.56
  154 T   -2 -8 -5 -7 -3 -6 -7 -3 -8 -4 -3 -7 -4 -8 -7  2  8 -6 -6 -4    3   0   0   0   1   0   0   2   0   1   3   0   0   0   0  16  71   0   0   1  2.06 1.04
  155 V   -2 -8 -8 -9 -1 -7 -8 -7 -8  4  2 -8  1  0 -5 -6 -3 -8 -6  6    4   0   0   0   1   0   0   0   0  18  14   0   3   4   1   0   2   0   0  54  1.48 0.71
  156 R   -3  8 -3 -5 -5  1 -5 -5 -3 -5 -2  0 -2 -9 -4 -4 -5 -9 -6 -7    3  73   1   1   0   5   0   1   1   1   4   5   1   0   1   2   1   0   0   0  2.08 0.98
  157 P    1 -3 -4 -6 -6  0 -2  0 -2 -6 -6 -3 -4 -7  7  0 -1 -9 -2 -5   10   2   1   0   0   4   3   7   1   1   1   1   0   0  54   7   5   0   2   1  1.44 0.78
  158 N   -2  1  4 -4 -7 -4 -6  5  0 -8 -7  2 -4 -8 -6 -1  2 -8 -7 -6    3   8  18   1   0   0   0  37   2   0   0  14   0   0   0   4  11   0   0   0  1.06 0.61
  159 N    3 -5 -2 -5 -3 -5 -3 -4 -6  1 -4 -5  0 -4 -6  3  1 -5 -3  4   27   0   2   0   1   0   2   1   0   7   1   0   2   1   0  21   7   0   1  28  0.83 0.53
  160 I   -4 -5 -5 -9 -3 -3 -8 -4 -3 -1  0 -6  5  8 -7 -6 -3  0  2 -2    2   1   1   0   1   1   0   2   1   4   7   0  11  58   0   0   2   1   6   3  1.86 0.83
  161 A    0  0 -2  2 -5  0  3 -1 -3 -4 -5  2 -4 -5  4  1 -1 -6 -5 -3    9   6   1   9   0   3  18   4   1   1   1  13   0   1  17   9   4   0   0   2  0.49 0.36
  162 T    3  0 -4 -5 -4 -3 -1 -3 -5  0 -2  2  0 -6  5 -2 -2 -7 -5  0   26   5   0   0   0   1   3   1   0   5   5  13   2   0  25   2   3   0   0   7  0.67 0.45
  163 L    3 -1 -2 -1 -1 -2  0 -2 -4  0  0 -1 -1 -2  3 -1 -1 -5 -3  1   26   3   2   4   1   2   6   3   0   5  11   3   1   1  16   3   3   0   1   8  0.30 0.25
  164 E    1 -1 -1  1 -3  1  5 -3 -3 -3 -4  1 -3 -5  3 -1 -1 -4 -4 -2   12   3   2   6   1   5  33   1   0   2   2   8   1   1  13   4   3   0   1   3  0.58 0.39
  165 K    2  2  0 -2 -3 -1  0 -2 -2 -2 -3  1 -2 -3  4  0 -1 -5 -2 -1   17  10   4   2   1   3   6   3   1   3   3   9   1   1  23   6   3   0   2   4  0.41 0.30
  166 D    0 -1  1  5 -3  0  1  1 -3 -2 -3 -1 -3 -3  0  0 -1 -5 -4  0    8   3   5  28   0   4   8  10   1   3   3   4   1   1   5   7   4   0   0   7  0.36 0.26
  167 E    1 -1 -1  1 -3 -1  2  1 -2 -2 -4  0 -3 -2  2  1  0 -2 -2 -2   14   2   2   9   0   3  14  13   1   2   1   5   0   2  10  10   7   0   2   3  0.24 0.22
  168 S    1 -2  1  0 -4 -1  0  3 -2 -5 -5  0 -4 -4  0  3  1 -4 -3 -3   13   2   7   4   0   2   6  20   1   1   1   7   0   1   5  20   8   0   1   2  0.39 0.31
  169 R    1  5 -2 -3 -2 -1 -2  2  0 -3 -2  1 -4 -4  0  0 -1 -4 -3 -2   11  31   2   1   1   2   2  14   2   1   3   9   0   1   5   7   4   0   1   3  0.50 0.35
  170 S    1  1  0 -2 -4  1  1 -1 -2 -4 -4  2 -3 -5  0  2  2 -3 -4 -2   13   6   4   2   0   7   8   5   1   1   2  11   0   0   6  18  13   0   0   3  0.32 0.29
  171 G    3 -6 -5 -5 -1 -4 -4  5 -6 -2 -4 -4 -5 -4  2 -3 -1 -5 -4  1   23   0   0   0   1   1   1  42   0   3   1   1   0   1   8   2   3   0   1   9  0.96 0.55
  172 D   -1  0 -1  0 -4  1  5 -4 -2 -3 -4  1 -3 -5  0  0  1 -4 -5 -1    5   5   3   5   0   5  38   1   1   2   2   9   1   0   4   6   8   0   0   6  0.62 0.43
  173 V   -1 -4 -5 -5 -3 -4 -2 -7 -7  5 -1 -3 -2 -4 -3 -4 -1 -6 -4  5    5   1   1   1   1   1   4   0   0  31   6   2   1   1   2   2   4   0   1  39  1.08 0.56
  174 S   -3 -1 -4 -3 -5 -1  4 -6 -1  4 -1 -1 -2 -2 -3 -1  0 -4 -4  3    2   3   0   1   0   3  26   0   1  19   4   4   1   2   1   4   5   0   0  21  0.60 0.41
  175 S    0  1  0  1 -4  0  2 -3 -1 -2 -3  2 -2 -4  1  1  1 -5 -2 -1    8   9   4   8   0   4  13   1   1   2   2  13   1   1   8  10   8   0   2   4  0.24 0.22
  176 I   -1 -2 -5 -5 -1 -4  0 -5 -1  3  2 -3  0  2 -1 -3 -3 -1 -1  4    5   2   0   0   2   1   8   1   2  16  15   2   2   8   3   1   1   1   2  28  0.49 0.32
  177 T    1 -2  1  3 -3  0  2 -3 -1 -5 -5  0 -5 -6  2  2  2 -7 -5 -3   13   2   6  13   0   5  15   2   1   0   1   5   0   0   9  13  12   0   0   2  0.43 0.34
  178 V    1 -5 -5 -5 -2 -5 -4 -4 -4  2  1 -4  0  1  2 -2 -1 -3 -1  4   12   0   0   1   1   0   1   1   0  12  13   1   2   6  12   2   3   0   2  29  0.58 0.37
  179 D    0 -2  1  4 -4  0  2 -1 -3 -5 -5  0 -5 -6  3  1 -1 -7 -5 -2    8   2   5  23   0   3  14   5   1   1   1   6   0   0  14  10   3   0   0   3  0.52 0.37
  180 V    2 -3 -3  0 -3 -2  1 -3 -3  2  2 -2 -1 -1  2 -1 -1 -2 -2  1   15   1   1   6   0   1   9   2   1  11  17   2   1   3  12   4   4   1   1   8  0.22 0.21
  181 K    1 -2 -1  2 -3 -1  2  1 -3 -3 -3  0 -4 -3  2  2 -1 -4 -3 -2   13   2   2  11   1   3  14  10   1   1   3   6   0   1   9  16   4   0   1   3  0.28 0.26
  182 D    1 -2  0  4 -3  1  2  0 -2 -4 -3  0 -2 -5  1  1  0 -4 -4 -3   10   2   5  23   1   5  12   7   1   1   2   5   1   0   8   9   5   0   0   2  0.38 0.29
  183 L    0 -2 -1 -1 -1 -1 -1  0 -2  1  1 -1  0  1  1  1  0 -1 -1  0    7   2   2   4   1   2   4   6   1  11  17   3   1   6   8  12   5   1   1   6  0.08 0.10
  184 R    0  5 -1 -1 -2  0 -1 -1 -1 -3 -2  3 -2 -5 -1  0 -1 -5 -4 -1    8  31   2   4   1   3   4   5   1   2   3  16   1   0   3   7   5   0   0   4  0.51 0.35
  185 T    1 -2 -2 -4 -4 -1 -2 -2 -4  1 -1 -1 -1 -1 -3  2  4 -1 -1  3   12   2   1   0   0   2   3   2   0   6   5   4   1   2   1  13  22   1   2  18  0.35 0.30
  186 I   -2  4 -3 -4 -5  1  1 -4 -1  0 -3  4 -3 -3 -3 -2  0  1 -5  0    2  22   1   0   0   6  10   1   1   6   3  24   1   1   1   3   6   2   0   8  0.59 0.40
  187 I   -3 -3 -6 -5 -2 -4 -4 -4 -2  4  1 -4 -1  3 -4 -2  0  2 -2  4    2   1   0   1   1   1   1   2   1  18  13   1   1  12   1   3   6   3   1  31  0.68 0.39
  188 Q   -3 -1 -3 -4 -3 -1  1 -4 -3  2  2  1 -1 -4 -5 -2  1 -5 -4  3    2   4   1   0   0   3   9   2   1  12  21   9   1   0   0   3   7   0   0  23  0.43 0.31
  189 D   -2  0 -1  2 -7  0  5  1 -3 -4 -3  0 -3 -4 -4  1 -3 -1 -4 -2    3   6   2  10   0   3  37  11   0   1   3   6   1   1   1  10   1   1   1   3  0.64 0.44
  190 V   -2  1 -2 -3 -3 -1  0 -4 -1  2  0 -1  0  2 -3 -1  0 -1  1  2    3   9   1   1   0   3   6   1   2  12  10   3   1  10   1   5   7   1   4  18  0.20 0.18
  191 V   -1  0 -2 -1 -3  1  2 -3  0  2  0  0 -1 -2 -3 -1  0 -3 -3  3    4   4   1   3   0   6  14   2   2  14   7   6   1   2   1   5   5   0   1  22  0.25 0.22
  192 R    0  3 -3 -1 -4  2  2 -2 -2 -2 -1  3 -1 -4  1  0 -1 -3 -3 -1    7  14   1   3   0   8  15   3   1   2   5  16   2   1   6   7   4   0   1   4  0.30 0.26
  193 K    1  0 -1  0 -5  1  4 -1 -3 -2 -3  2 -3 -3  0  0  0 -5 -4  0   12   4   2   5   0   5  23   5   0   2   3  13   1   1   5   8   6   0   0   6  0.30 0.27
  194 T    2 -2 -1  1 -3  0  3 -1 -2 -2 -3  2 -3 -5  0  0  0 -5 -5  0   15   2   2   8   0   5  19   5   1   3   2  11   1   0   5   7   7   0   0   7  0.27 0.24
  195 A    2  0 -1 -1 -4  0  0  2 -1 -2 -3  1 -3 -4  0  3  1 -6 -5 -1   14   4   2   2   0   3   5  13   1   2   2   7   1   1   5  25   7   0   0   5  0.33 0.29
  196 E    0 -1 -2  3 -4  0  4  3 -2 -6 -6  1 -4 -7 -2  1 -1 -7 -5 -4    7   3   2  15   0   3  24  19   1   0   0   8   0   0   2  10   3   0   0   1  0.56 0.39
  197 G    0  4 -2  0 -4 -1  1  3 -2 -4 -4  2 -2 -4 -2 -1  0 -6 -5 -3    7  23   1   5   0   2   8  22   1   1   1  12   1   1   2   3   6   0   0   2  0.52 0.36
  198 V   -1 -5 -4 -3 -4 -3 -3 -5 -5  3  0 -2 -1 -4  5 -2 -2 -5 -5  4    6   1   1   2   0   1   2   1   0  13   7   2   2   0  25   4   2   0   0  32  0.83 0.49
  199 D   -2  0  2  6 -4 -2  2 -2 -4 -7 -5  0 -5 -7  1  1 -3 -8 -7 -6    3   6  10  36   0   1  14   3   0   0   1   5   0   0   7  10   1   0   0   0  0.87 0.53
  200 L   -7 -5 -9 -9 -7 -8 -9 -9 -9  4  6 -7 -2 -4 -7 -6 -7 -5 -6  1    0   1   0   0   0   0   0   0   0  19  70   0   1   1   0   1   0   0   0   8  1.86 0.85
  201 S    1 -3 -1 -1 -4 -1  4  0 -4 -4 -5 -2 -4 -5 -4  2  4 -7 -6 -4   12   1   2   4   0   3  24   6   0   1   1   2   0   0   1  13  28   0   0   1  0.72 0.51
  202 E   -2 -2  0  4 -5  2  5 -1 -3 -8 -7  0 -7 -6 -6  1 -1 -8 -5 -5    4   2   4  21   0   7  35   5   0   0   0   5   0   0   0  10   5   0   0   1  0.91 0.56
  203 A    7 -8 -8 -9 -5 -5 -5 -6 -8 -8 -8 -6 -8 -9 -7 -1 -5 -10 -7 -6   93   0   0   0   0   1   1   0   0   0   0   0   0   0   0   4   1   0   0   0  2.61 1.20
  204 K   -2  2  0  4 -6 -1  4 -2 -3 -7 -7  3 -7 -8 -1  0 -3 -4 -7 -7    4  10   3  25   0   2  22   3   1   0   0  17   0   0   3   7   2   0   0   0  0.85 0.52
  205 V   -3  0 -5 -8 -4 -7 -8 -9 -8  6 -3 -3 -3 -2 -8 -6 -2 -8 -5  5    2   5   1   0   0   0   0   0   0  43   2   2   0   2   0   0   3   0   0  39  1.63 0.75
  206 I   -7 -9 -9 -9 -7 -8 -9 -9 -9  6  0 -8 -5 -6 -9 -6 -6 -9 -7  6    0   0   0   0   0   0   0   0   0  42   7   0   0   0   0   1   0   0   0  49  2.12 0.92
  207 I   -6 -9 -9 -9 -3 -9 -9 -6 -9  3 -3 -9 -4 -5 -9 -8 -6 -9 -8  8    0   0   0   0   1   0   0   1   0  16   2   0   0   1   0   0   0   0   0  80  2.46 1.06
  208 A    4 -7 -6 -7  1 -6 -6 -1 -7 -7 -7 -6 -7 -8 -7  6 -1 -9 -8 -2   33   0   0   0   3   0   0   5   0   0   0   0   0   0   0  52   3   0   0   3  1.61 0.88
  209 G    1 -8 -7 -8 -1 -8 -8  7 -8 -2 -5 -8 -6 -6 -8 -6 -6 -8 -8  1   10   0   0   0   1   0   0  73   0   3   1   0   0   0   0   0   0   0   0  10  2.00 0.92
  210 G   -6 -8 -7 -8 -8 -8 -8  8 -8 -9 -9 -8 -9 -9 -5 -7 -8 -8 -9 -9    0   0   0   0   0   0   0  97   0   0   0   0   0   0   1   0   0   0   0   0  3.07 1.25
  211 R   -3  8 -7 -8 -9 -4 -6 -4 -3 -5 -3  0  1 -4 -8 -6 -7 -2 -2 -6    2  79   0   0   0   0   0   2   1   1   3   5   3   1   0   0   0   1   1   1  2.42 1.08
  212 G    0 -7 -7 -8 -9 -8 -8  8 -8 -10 -10 -8 -9 -9 -4 -4 -7 -9 -9 -9    6   0   0   0   0   0   0  90   0   0   0   0   0   0   1   1   0   0   0   0  2.70 1.15
  213 V   -3 -5 -8 -8  0 -7 -8 -7 -8  4  4 -7  6 -2 -8 -7 -4 -7 -6  3    2   1   0   0   2   0   0   0   0  19  36   0  18   2   0   0   1   0   0  20  1.32 0.64
  214 K   -3  1 -3 -4 -2  1 -2  5 -4 -6 -7  5 -7 -7 -7 -4 -5 -8 -6 -4    2   7   1   1   1   5   3  44   0   0   0  31   0   0   0   1   0   0   0   2  1.34 0.70
  215 S   -1 -2  2  2 -2 -3  0  3 -4 -6 -7  1 -6 -7 -5  4 -1 -7 -6 -5    4   2   9  11   1   1   6  22   0   0   0   8   0   0   0  31   3   0   0   1  0.77 0.50
  216 E    3  0 -4 -4 -5  0  1  0 -5 -5 -4  3 -6 -7  5 -1 -3 -7 -6 -4   20   5   0   1   0   4   9   7   0   1   1  18   0   0  26   5   1   0   0   1  0.77 0.50
  217 D   -1 -3 -3  3 -8 -1  7 -3 -4 -8 -8  0 -7 -6 -5 -3 -4 -5 -7 -6    5   1   1  14   0   3  61   3   0   0   0   6   0   0   0   2   1   0   0   0  1.57 0.81
  218 G   -3 -4  7  1 -5 -2 -3  3  0 -6 -8 -2 -6 -7 -3 -2 -2 -8 -4 -7    2   1  48   8   0   2   2  23   2   1   0   3   0   0   1   2   2   0   1   0  1.43 0.73
  219 F   -8 -7 -9 -9 -4 -8 -9 -9 -7  1  1 -5  1  8 -7 -8 -7  6  1 -2    0   0   0   0   0   0   0   0   0   6  11   1   3  61   0   0   0   9   4   3  2.21 0.93
  220 K    1  1 -1  1 -6  1  2 -1  1 -6 -5  4 -4 -5  0  0 -2 -5 -4 -4   13   7   3   9   0   7  14   5   4   0   1  23   0   0   5   6   2   0   0   1  0.48 0.36
  221 P   -3 -3 -6 -6 -4 -2 -2 -7 -2  2  5 -2  4 -3  0 -4 -3 -3 -1  1    2   1   0   0   0   2   3   0   1  12  46   3  10   0   4   1   2   0   2  10  0.86 0.48
  222 L   -1 -7 -8 -8 -3 -7 -8 -8 -8  5  4 -6  0 -3 -8 -7 -5 -4 -6  3    6   0   0   0   0   0   0   0   0  27  42   0   2   1   0   0   0   0   0  21  1.35 0.65
  223 K   -4  2 -2 -1 -5  2  6 -4  1 -6 -5  1 -4 -1 -5 -4 -3 -1  2 -5    2  11   2   3   0   7  45   2   3   0   1   9   0   3   0   1   2   1   7   1  1.01 0.60
  224 E    0 -1 -2  3 -8  2  6 -2 -4 -8 -8  1 -5 -8  1 -2 -3 -8 -7 -7    7   3   2  14   0   7  45   3   0   0   0   8   0   0   7   2   2   0   0   0  1.08 0.64
  225 L   -6 -8 -9 -9 -2 -8 -9 -8 -9 -1  7 -8 -2  1 -9 -8 -5 -4 -5 -3    1   0   0   0   1   0   0   0   0   2  87   0   1   5   0   0   1   0   0   2  2.20 0.97
  226 A    8 -6 -8 -8 -1 -6 -7 -6 -8 -7 -7 -6 -7 -9 -7 -4 -5 -9 -8 -4   94   0   0   0   1   0   0   0   0   0   0   0   0   0   0   1   0   0   0   1  2.64 1.20
  227 D    0  0  0  5 -6  1  3 -1 -1 -5 -5  2 -4 -7 -6 -1 -2 -7 -5 -5    7   4   3  34   0   5  17   6   1   1   1  10   0   0   0   5   2   0   0   1  0.79 0.49
  228 V    3 -2 -5 -5 -2 -2 -1 -5 -3  0  2  1 -2 -4 -4 -1  0 -5 -5  2   26   2   0   0   1   2   4   0   0   4  21  10   1   0   0   4   7   0   0  16  0.45 0.35
  229 L   -7 -8 -9 -9 -5 -8 -9 -9 -8  2  6 -8  2  1 -9 -8 -5 -4 -6 -2    0   0   0   0   0   0   0   0   0   9  77   0   4   5   0   0   1   0   0   3  1.96 0.88
  230 G   -5 -5  2  0 -5 -4 -5  7  1 -9 -9 -1 -8 -9 -6 -4 -7 -8 -8 -9    0   1  10   5   0   1   1  72   3   0   0   5   0   0   0   1   0   0   0   0  1.95 0.90
  231 G    5 -8 -7 -7 -2 -7 -7  6 -8 -8 -8 -6 -6 -8 -7 -2 -5 -8 -8 -5   47   0   0   0   1   0   0  47   0   0   0   0   0   0   0   2   0   0   0   1  1.90 0.91
  232 A    6 -5 -5 -3 -2 -2  1 -2 -4 -5 -6 -3 -1 -7 -5  0  0 -8 -7  1   56   0   0   2   1   2  10   3   0   0   0   2   1   0   0   5   6   0   0   9  1.10 0.65
  233 V   -3 -8 -9 -9 -5 -7 -8 -7 -9  2  1 -7  0 -4 -5 -6 -1 -1 -3  7    2   0   0   0   0   0   0   0   0  11  14   0   2   1   1   0   3   1   1  63  1.66 0.78
  234 G    2 -9 -7 -8 -3 -8 -8  7 -9 -8 -10 -7 -9 -10 -8 -2 -7 -9 -9 -6   17   0   0   0   1   0   0  78   0   0   0   0   0   0   0   3   0   0   0   1  2.34 1.05
  235 A    7 -8 -8 -8  5 -7 -7  1 -8 -7 -7 -6 -7 -6 -7 -1 -4 -9 -6 -2   69   0   0   0  11   0   0  10   0   0   0   0   0   0   0   4   1   0   0   3  1.89 0.93
  236 S   -6 -8 -6 -7 -8 -7 -7 -7 -8 -9 -9 -7 -8 -9 -8  7  5 -10 -9 -8    0   0   0   0   0   0   0   0   0   0   0   0   0   0   0  73  27   0   0   0  2.46 1.22
  237 R   -9  9 -8 -9 -11 -5 -7 -8 -4 -10 -7 -1 -9 -10 -9 -8 -8 -10 -9 -10    0  95   0   0   0   0   0   0   0   0   1   3   0   0   0   0   0   0   0   0  3.41 1.42
  238 G    5 -5 -7 -4 -7 -5 -4 -2 -5 -6 -6 -3 -1 -8  5 -1 -4 -6 -8 -1   50   1   0   1   0   0   1   4   0   0   0   2   2   0  29   4   1   0   0   4  1.46 0.80
  239 A    5 -7 -8 -8 -2 -6 -7 -6 -7  1  0 -7 -2 -7  0 -4 -3 -8 -7  4   51   0   0   0   1   0   0   0   0   6   8   0   1   0   5   0   2   0   0  26  1.32 0.72
  240 C   -2 -7 -9 -9  4 -8 -7 -8 -9  1 -4 -8 -4 -7 -8 -2  0 -6 -6  7    4   0   0   0   8   0   0   0   0   6   1   0   0   0   0   3   5   0   0  72  2.01 0.92
  241 D   -8 -7 -4  8 -10 -4  2 -5 -4 -10 -9 -7 -9 -7 -8 -6 -7 -10 -5 -10    0   0   1  83   0   1  12   1   0   0   0   0   0   0   0   0   0   0   1   0  2.78 1.17
  242 A    5 -1 -1 -3 -4  0  2 -4 -3 -4  0 -1  1 -4 -6  1 -3 -4 -4 -4   45   3   4   1   0   4  12   1   1   1   9   4   3   1   0   9   1   0   1   1  0.73 0.49
  243 E   -6 -2 -4 -4 -9 -6 -3  8 -1 -10 -8 -2 -9 -9 -8 -6 -8 -9 -9 -9    0   3   1   1   0   0   2  87   1   0   0   3   0   0   0   0   0   0   0   0  2.49 1.06
  244 Y   -9 -8 -7 -9 -5 -9 -10 -8 -4 -3 -1 -10 -2  3 -10 -10 -8 12  4 -5    0   0   0   0   0   0   0   0   1   2   6   0   1  10   0   0   0  68  10   1  3.66 1.40
  245 C    1  2 -6 -6  3 -4 -5 -5 -5  4  2 -4  2 -1 -6 -4 -2 -5 -1  3   13  11   0   0   5   1   1   1   0  21  18   1   5   2   0   0   2   0   3  18  0.63 0.37
  246 D   -2 -6 -5  3 -8 -4  0 -2 -2 -7 -5 -3 -8 -9  7  1 -2 -9 -8 -6    4   0   0  13   0   1   5   3   1   0   1   1   0   0  55  10   3   0   0   1  1.61 0.82
  247 Y    0  1  3 -4 -4 -1 -1 -4  6 -4 -3  1 -3 -2  0 -1 -3 -4  4 -3    7   8  15   1   0   3   5   1  21   1   2   7   1   2   5   5   1   0  14   2  0.70 0.43
  248 S    0 -1 -2  4 -3  0  3 -2  1 -5 -6 -1 -4 -6 -1  3  0 -7 -3 -5    8   3   1  22   1   4  17   3   3   1   0   3   0   0   3  24   6   0   1   0  0.64 0.43
  249 L   -2  4 -2 -1  0  1  1 -5  6 -2  1 -1  2 -1 -5 -3 -3  2  1 -3    4  19   2   3   2   5   8   1  19   2  12   2   6   3   0   2   2   2   5   1  0.57 0.37
  250 Q   -7 -5 -7 -7 -9  9 -4 -8  1 -8 -3 -5  3 -9 -8 -7 -7  1 -5 -6    0   0   0   0   0  83   1   0   3   0   3   0   6   0   0   0   0   2   1   1  2.91 1.29
  251 I   -6 -9 -9 -9 -7 -8 -9 -9 -9  6 -4 -8 -5 -7 -8 -8 -6 -9 -7  7    0   0   0   0   0   0   0   0   0  32   1   0   0   0   0   0   0   0   0  65  2.37 0.99
  252 G   -6 -9 -7 -6 -9 -8 -9  8 -8 -10 -10 -8 -9 -9 -9 -6 -8 -9 -9 -9    0   0   0   0   0   0   0  98   0   0   0   0   0   0   0   0   0   0   0   0  3.13 1.25
  253 Q   -4 -6 -6 -7 -8  8 -5 -8 -5 -1  2 -2 -1 -4 -8 -2 -3 -8 -5 -4    1   0   0   0   0  67   0   0   0   4  16   2   2   1   0   4   2   0   0   2  2.03 1.00
  254 T   -6 -7 -5 -7 -7 -7 -7 -6 -8 -7 -8 -7 -7 -8 -7  4  8 -9 -8 -7    0   0   0   0   0   0   0   1   0   0   0   0   0   0   0  26  72   0   0   0  2.45 1.15
  255 G   -5 -9 -7 -8 -9 -8 -9  8 -8 -10 -10 -8 -9 -9 -9 -6 -8 -9 -9 -8    1   0   0   0   0   0   0  98   0   0   0   0   0   0   0   0   0   0   0   0  3.11 1.24
  256 K   -4  2 -3 -6 -5  1 -3 -7  0 -1 -4  7 -4 -6 -7 -4  0 -8 -6 -2    1   9   1   0   0   6   1   0   2   3   2  62   0   0   0   1   5   0   0   4  1.53 0.77
  257 V   -2 -4 -2 -6 -5 -2 -4 -6 -3  3 -5 -1 -1 -5 -6  0  6 -7 -5  2    4   1   2   0   0   2   1   0   1  15   0   4   1   0   0   7  45   0   0  15  1.09 0.62
  258 V   -6 -9 -9 -9 -5 -8 -9 -9 -9  3 -5 -8 -5 -7 -8 -8 -5 -9 -7  8    0   0   0   0   0   0   0   0   0  14   1   0   0   0   0   0   0   0   0  84  2.62 1.08
  259 T    4  3 -1 -6 -3 -1 -4 -3  0 -6 -6  3 -4 -6 -6  3  0 -8 -6 -5   33  14   3   0   1   2   0   2   2   0   0  14   0   0   0  23   4   0   0   0  0.90 0.57
  260 P   -6 -10 -10 -9 -10 -9 -9 -8 -10 -10 -10 -8 -10 -11  9 -6 -7 -11 -11 -10    1   0   0   0   0   0   0   0   0   0   0   0   0   0  98   0   0   0   0   0  3.76 1.54
  261 D   -4  2  1  3 -8  1  3 -4 -3 -5 -6  5 -5 -8 -5 -2 -2 -8 -7 -5    1  10   7  18   0   7  15   1   0   1   1  33   0   0   0   3   3   0   0   1  0.94 0.54
  262 L   -6 -8 -9 -9 -5 -8 -9 -9 -9  2  6 -8 -2 -2 -9 -8 -6 -5 -6  2    0   0   0   0   0   0   0   0   0   9  77   0   0   2   0   0   0   0   0  11  1.93 0.85
  263 Y   -6 -9 -9 -11 -6 -9 -9 -10 -3 -3 -3 -9 -8 -3 -10 -8 -9 -5 10 -8    1   0   0   0   0   0   0   0   0   2   3   0   0   1   0   0   0   0  93   0  3.83 1.48
  264 I   -6 -9 -9 -9 -7 -8 -9 -9 -9  7  1 -8  1  2 -9 -8 -6 -8 -6  2    0   0   0   0   0   0   0   0   0  61  13   0   3   9   0   0   0   0   0  14  1.93 0.81
  265 A    7 -8 -4 -8 -1 -7 -7 -1 -8 -6 -7 -7 -6 -9 -7 -3 -2 -9 -8 -5   86   0   1   0   2   0   0   6   0   0   0   0   0   0   0   2   3   0   0   1  2.25 1.03
  266 C    0 -8 -7 -8  8 -8 -8 -8 -8  3  1 -8 -3  2 -8 -5 -6 -7 -6  4    7   0   0   0  32   0   0   0   0  12  12   0   0   7   0   0   0   0   0  28  1.59 0.69
  267 G   -1 -9 -7 -8 -9 -8 -9  8 -9 -10 -10 -8 -9 -10 -9 -7 -8 -9 -10 -10    5   0   0   0   0   0   0  95   0   0   0   0   0   0   0   0   0   0   0   0  2.94 1.15
  268 I   -5 -9 -9 -9 -7 -9 -9 -10 -10  8 -2 -9 -4 -6 -9 -8 -4 -9 -8  2    1   0   0   0   0   0   0   0   0  85   3   0   0   0   0   0   1   0   0  10  2.75 1.04
  269 S   -4 -4 -6 -6 -8 -6 -7 -7 -5 -9 -9 -7 -8 -9 -8  8 -5 -10 -7 -8    1   1   0   0   0   0   0   0   0   0   0   0   0   0   0  97   0   0   0   0  2.88 1.27
  270 G   -6 -9 -7 -8 -9 -9 -9  8 -9 -11 -11 -8 -9 -10 -9 -7 -8 -9 -10 -10    0   0   0   0   0   0   0 100   0   0   0   0   0   0   0   0   0   0   0   0  3.21 1.23
  271 A    7 -7 -7 -4 -7  0 -4 -6 -6 -7 -8 -6 -2 -8 -6  0 -4 -9 -8 -6   85   0   0   1   0   4   1   0   0   0   0   0   1   0   0   7   1   0   0   0  2.18 0.99
  272 I   -2 -6 -5 -7 -5 -5 -7 -6 -7  7 -2 -7  2  1 -1  0 -1 -7 -5  3    3   0   1   0   0   0   0   1   0  53   2   0   4   5   4   7   3   0   0  16  1.31 0.61
  273 Q   -7 -6 -3 -7 -10  9 -2 -9  3 -10 -8 -6 -5 -10 -5 -6 -8 -9 -4 -9    0   0   1   0   0  87   3   0   7   0   0   0   0   0   1   0   0   0   1   0  3.14 1.32
  274 H   -9 -8 -7 -8 -10 -7 -7 -9 12 -10 -8 -8 -9  0 -8 -8 -9 -9 -1 -10    0   0   0   0   0   0   0   0  93   0   0   0   0   4   0   0   0   0   2   0  4.35 1.52
  275 L   -3  0 -5 -7 -6 -2 -6 -7 -6  2  4 -3  4 -2 -7 -5  2 -2 -3  2    1   4   0   0   0   2   0   0   0  12  42   2   8   1   0   0  12   1   1  14  0.88 0.47
  276 A    6 -7 -6 -7 -1 -4 -2 -4 -5 -2 -4 -5  1 -5 -6  0 -1 -8 -6  3   56   0   0   0   1   0   2   1   0   2   1   0   3   0   0   6   3   0   0  21  1.24 0.66
  277 G   -4 -9 -7 -8 -5 -8 -9  8 -9 -10 -10 -8 -9 -10 -9 -6 -7 -4 -10 -10    2   0   0   0   0   0   0  97   0   0   0   0   0   0   0   0   0   0   0   0  3.02 1.17
  278 M   -5 -8 -9 -10  2 -7 -9 -9 -8  4 -3 -8 10 -4 -9 -8 -5 -8 -7  0    1   0   0   0   4   0   0   0   0  22   1   0  65   1   0   0   0   0   0   7  2.82 1.11
  279 S   -1  3 -1 -2 -6  4 -1 -2 -2 -4 -4  5 -1 -6 -5  2 -1 -5 -4 -5    4  13   3   2   0  15   3   4   1   1   1  30   2   0   0  17   3   0   0   1  0.73 0.46
  280 N   -2 -1  2  4 -6 -1  0  3 -3 -7 -7 -1 -6 -6 -5  2  2 -7 -5 -6    3   4  11  24   0   2   5  21   0   0   0   4   0   0   0  14  11   0   0   0  0.73 0.44
  281 S    4 -7 -5 -6 -4 -6 -6 -6 -7 -8 -8 -6 -5 -8 -5  7 -3 -9 -8 -5   27   0   0   0   0   0   0   0   0   0   0   0   0   0   0  69   1   0   0   1  2.04 0.98
  282 K   -4  2 -3  2 -8  0  2  1 -6 -8 -8  6 -7 -7 -5 -3 -5 -8 -7 -7    1  10   1  12   0   3  11  12   0   0   0  48   0   0   0   1   0   0   0   0  1.28 0.65
  283 I   -3 -2  0 -6  4 -5 -5 -6  0  1  0 -1  0  1 -6 -4  4 -6  2  3    1   3   4   0   7   0   0   0   2   9   7   4   2   5   0   0  27   0   6  22  0.67 0.42
  284 I   -7 -9 -9 -9 -7 -9 -9 -10 -9  8 -3 -6 -2 -4 -9 -8 -5 -9 -7  2    0   0   0   0   0   0   0   0   0  83   1   0   1   1   0   0   0   0   0  14  2.68 1.01
  285 V   -3 -8 -9 -9 -5 -8 -8 -9 -9  5 -2 -8 -3 -5 -8 -7 -5 -8 -7  7    2   0   0   0   0   0   0   0   0  29   2   0   0   0   0   0   0   0   0  65  2.14 0.87
  286 A    7 -8 -6 -8 -3 -7 -7 -4 -8 -6 -8 -7 -7 -8 -7 -1 -6 -9 -8 -3   92   0   0   0   1   0   0   1   0   0   0   0   0   0   0   4   0   0   0   2  2.47 1.06
  287 I   -7 -9 -9 -9 -5 -9 -9 -10 -9  8 -4 -9 -5 -6 -9 -8 -7 -9 -7  4    0   0   0   0   0   0   0   0   0  79   1   0   0   0   0   0   0   0   0  20  2.67 1.00
  288 N   -8 -7  9 -2 -10 -7 -7 -7 -6 -10 -10 -7 -9 -10 -9 -5 -7 -11 -9 -10    0   0  97   2   0   0   0   0   0   0   0   0   0   0   0   0   0   0   0   0  3.58 1.34
  289 K   -5  2  2 -5 -7 -1 -4 -6 -3 -3 -5  6 -5 -8 -4  0  3 -8 -6 -6    0   9   8   0   0   3   0   0   1   2   1  51   0   0   1   7  17   0   0   0  1.31 0.67
  290 D   -8 -8  1  9 -10 -7 -5 -8 -7 -10 -10 -6 -10 -10 -8 -5 -7 -11 -10 -8    0   0   6  93   0   0   0   0   0   0   0   0   0   0   0   1   0   0   0   0  3.18 1.20
  291 P    1 -1 -6 -5 -8 -4  1 -4 -5 -7 -7  1 -7 -9  7 -1 -4 -9 -8 -5   13   4   0   1   0   1   9   2   0   0   0   8   0   0  57   4   1   0   0   1  1.67 0.78
  292 E   -3 -1  3  5 -5  0  4 -3  0 -7 -7  1 -6 -6 -6 -1 -3 -8 -3 -7    2   4  15  30   0   3  28   2   2   0   0   8   0   0   0   4   1   0   1   0  1.03 0.54
  293 A    8 -8 -6 -8 -1 -7 -6 -6 -8 -8 -8 -7 -7 -8 -7 -3 -5 -9 -8 -6   96   0   0   0   1   0   0   0   0   0   0   0   0   0   0   2   0   0   0   0  2.67 1.10
  294 S   -1 -5  0 -3 -7 -2 -5 -7 -7 -6 -6 -5 -5 -7  8 -3 -4 -10 -7 -8    5   1   5   2   0   2   1   0   0   0   1   0   0   0  79   2   1   0   0   0  2.54 1.06
  295 I   -7 -9 -9 -9 -7 -9 -9 -10 -9  9 -3 -9  1 -2 -9 -9 -7 -9 -7 -2    0   0   0   0   0   0   0   0   0  92   1   0   3   2   0   0   0   0   0   1  2.99 1.08
  296 F   -6 -9 -6 -10 -4 -9 -9 -9 -3 -5 -4 -9  2 10 -10 -9 -6 -2 -2 -4    1   0   0   0   0   0   0   0   1   0   1   0   5  88   0   0   1   0   1   1  3.23 1.15
  297 K   -3  1  2  1 -5  4  2 -2 -2 -7 -7  4 -5 -7 -5  0 -3 -7 -6 -7    2   7   9   8   0  20  12   4   1   0   0  28   0   0   0   8   1   0   0   0  0.84 0.49
  298 V    0 -3 -3 -4 -4 -1 -3 -6  1  3  0 -2  1  1 -6 -2 -3 -4  2  5    6   1   1   1   0   3   1   0   3  18   6   3   3   4   0   3   1   0   6  38  0.66 0.38
  299 A    7 -7 -7 -7  3 -7 -7 -5 -7 -7 -7 -6 -7 -8 -7  1 -5 -8 -8 -4   82   0   0   0   5   0   0   0   0   0   0   0   0   0   0  11   0   0   0   1  2.18 0.95
  300 D   -7 -1  1  8 -9 -3 -3 -7  5 -9 -9 -4 -8 -9 -7 -3  0 -9 -7 -8    0   4   5  71   0   1   1   0  11   0   0   1   0   0   0   2   5   0   0   0  2.18 0.90
  301 Y   -6 -7 -8 -9 -2 -6 -7 -9 -3  0  1 -8 -2  3 -8 -7 -6 -1  9  0    0   0   0   0   1   0   0   0   0   6  13   0   1  11   0   0   0   1  60   6  2.13 0.87
  302 G    0 -6 -5 -7  0 -6 -7  7 -6 -7 -8 -4 -5 -5 -6 -2 -6 -6 -5 -5    9   0   0   0   2   0   0  81   0   0   0   1   0   1   0   2   0   0   1   1  2.16 0.88
  303 I   -4 -8 -8 -8 -3 -7 -8 -9 -8  7  2 -8 -1 -3 -8 -7 -5 -3 -5  4    1   0   0   0   0   0   0   0   0  53  18   0   1   1   0   0   0   0   0  24  1.70 0.69
  304 V   -3 -7 -6 -8 -2 -3 -4 -8 -7  2 -3 -4 -3 -6 -8 -7 -2 -8 -7  7    2   0   0   0   1   1   2   0   0   8   1   1   0   0   0   0   3   0   0  80  2.05 0.85
  305 G    2 -6 -6 -1 -2 -4 -1  7 -7 -8 -7 -6 -6 -8 -7 -4 -5 -8 -8 -5   18   0   0   4   1   1   4  69   0   0   0   0   0   0   0   1   1   0   0   1  1.81 0.78
  306 D   -8 -7  0  9 -7 -6 -3 -7 -6 -9 -9 -5 -9 -10 -6 -4 -5 -11 -9 -9    0   0   3  92   0   0   1   0   0   0   0   1   0   0   0   1   1   0   0   0  3.02 1.14
  307 L    1 -6 -7 -8  0 -5 -6 -7 -6  0  5 -6  1 -2 -7 -5 -5  4  3  2   13   0   0   0   2   0   0   0   0   4  51   0   3   1   0   0   0   6   8  11  1.09 0.54
  308 F   -3  1 -1 -4 -4 -1  0 -4  3 -3 -1  1  0  7 -6 -3 -2 -4  3 -3    2   7   3   1   0   3   7   1   6   1   6   8   2  39   0   1   2   0   9   2  0.88 0.46
  309 E   -2 -2 -2  2 -7  3  6 -6 -4 -5 -6  3 -5 -8 -4 -2  0 -6 -6 -4    3   2   1  10   0  11  44   0   0   0   0  18   0   0   1   2   6   0   0   2  1.11 0.59
  310 V    0 -7 -7 -8 -6 -7 -6 -7 -7  5  0 -5 -2  1 -7 -6 -3 -7 -5  6    8   0   0   0   0   0   0   0   0  30   7   1   1   5   0   0   1   0   0  47  1.42 0.62
  311 V   -3 -7 -8 -8 -4 -7 -7 -8 -8  4  4 -7  0 -4 -7 -6 -4 -7 -6  5    2   0   0   0   0   0   0   0   0  20  37   0   2   0   0   0   1   0   0  38  1.40 0.61
  312 P   -5 -6 -4 -4 -9 -5 -4 -7 -5 -7 -8 -6 -9 -10  9 -4 -5 -10 -9 -8    1   0   1   1   0   0   1   0   0   0   0   0   0   0  91   2   1   0   0   0  3.16 1.21
  313 L    3  0 -4 -3 -2  1  3 -3 -3 -1  0  1 -2 -5 -1 -2 -3 -6 -4  0   28   4   0   1   1   5  22   1   1   3  11  10   1   0   3   2   1   0   0   6  0.45 0.34
  314 L   -5 -7 -8 -9 -6 -7 -8 -9 -8  1  6 -8  3  2 -8 -7 -6 -4 -5 -2    1   0   0   0   0   0   0   0   0   8  76   0   6   8   0   0   0   0   0   2  1.82 0.75
  315 T   -2 -4 -3 -5 -4 -3 -3 -6 -4  5  0 -2  0 -5 -6 -3  5 -5 -5  1    3   1   1   0   0   1   2   0   0  36   8   3   2   0   0   2  32   0   0   7  0.99 0.52
  316 E    1  0 -1  1 -6  1  5 -4 -1 -6 -6  3 -6 -7 -5 -1 -3 -7 -5 -6   13   6   3   7   0   5  42   1   2   0   0  15   0   0   0   4   2   0   0   0  0.95 0.52
  317 E    3  1 -3 -3 -2  1  4 -4 -3 -4 -3  4 -1 -5 -5 -2 -3 -7 -4 -4   21   7   1   0   1   6  29   1   0   1   3  22   1   0   0   3   1   0   1   1  0.74 0.45
  318 F   -4 -6 -8 -8  1 -6 -7 -8 -7  5  5 -7 -1  1 -7 -6 -4 -6 -3  3    1   0   0   0   2   0   0   0   0  26  47   0   1   6   0   0   1   0   1  15  1.28 0.56
  319 K   -3  4 -2 -3 -6  1  1 -3 -3 -7 -5  6 -5 -7 -3 -3 -3 -7 -6 -6    2  21   2   1   0   5  10   2   0   0   1  51   0   0   1   2   2   0   0   0  1.29 0.62
  320 K    2  2  0 -2 -6  1  4 -4 -4 -6 -5  5 -5 -7 -4 -1 -2 -7 -6 -5   14  10   5   1   0   5  23   0   0   0   1  35   0   0   0   3   3   0   0   0  0.88 0.48
  321 L    1  3 -4 -4 -3 -1 -1 -3 -1  1  3  0  1 -1 -4 -2 -2 -2 -1  0   11  19   0   0   0   2   3   2   2  10  28   4   3   2   0   2   1   0   2   7  0.29 0.23
  322 K   -4  5 -4 -4 -7  1 -3 -6 -3 -6 -5  7 -2 -7 -5 -3 -5 -7 -6 -6    0  25   0   0   0   4   0   0   1   0   1  65   1   0   0   1   0   0   0   0  1.80 0.71
  323 V    3 -1 -2 -2 -3  3  0 -1 -2 -3 -2 -1 -2 -4 -3  3  2 -5 -3 -1   31   2   0   1   0  14   4   3   0   1   4   2   0   0   1  23  11   0   1   3  0.45 0.29
  324 H   -1 -1  2  0 -5  5  3 -3  4 -5 -5  2 -3 -5 -3 -1 -2 -5 -3 -4    6   1  12   2   0  27  24   1  10   0   0  12   0   0   0   4   2   0   0   0  0.69 0.30
  325 S    2 -2  3 -2 -3  2 -1 -2 -2 -4 -4 -2 -3 -4 -2  4  2 -4 -3 -3   21   0  16   0   0   9   0   0   0   0   0   0   0   0   0  44  11   0   0   0  0.60 0.24

                      K         Lambda
Standard Ungapped    0.1350     0.3154
Standard Gapped      0.0410     0.2670
PSI Ungapped         0.2348     0.3176
PSI Gapped           0.0719     0.2670
