
Last position-specific scoring matrix computed, weighted observed percentages rounded down, information per position, and relative weight of gapless real matches to pseudocounts
           A  R  N  D  C  Q  E  G  H  I  L  K  M  F  P  S  T  W  Y  V   A   R   N   D   C   Q   E   G   H   I   L   K   M   F   P   S   T   W   Y   V
    1 M   -8 -8 -9 -10 -8 -7 -9 -9 -8 -5 -4 -8 12 -7 -9 -8 -7 -8 -8 -6    0   0   0   0   0   0   0   0   0   0   0   0 100   0   0   0   0   0   0   0  4.46 1.60
    2 L   -3  3 -2 -2 -8  1  3 -5 -2 -3 -3  6  1 -7 -5 -4 -4 -8 -7 -7    2  16   2   2   0   6  16   1   1   2   3  45   4   0   0   1   1   0   0   0  1.18 0.66
    3 F   -6 -8 -8 -8 -7 -7 -8 -8 -7  6  4 -8  1  4 -8 -7 -6 -3  1 -1    0   0   0   0   0   0   0   0   0  36  35   0   3  16   0   0   0   0   5   4  1.49 0.69
    4 F   -6 -8 -9 -9 -1 -8 -9 -9 -4 -2  0 -9  1  7 -9 -6 -8  4  6  0    1   0   0   0   2   0   0   0   0   3  10   0   3  46   0   1   0   4  26   5  1.99 0.90
    5 V    2 -7 -8 -8 -3 -7 -8 -7 -8  4  5 -7 -2 -3 -8 -5 -5 -4 -3  1   16   0   0   0   1   0   0   0   0  22  49   0   0   1   0   1   0   0   1   8  1.30 0.68
    6 D   -5 -4 -1  9 -5 -7 -1 -6 -8 -7 -6 -7 -9 -10 -8 -6 -8 -10 -9 -6    1   1   2  88   0   0   3   1   0   0   1   0   0   0   0   0   0   0   0   1  2.88 1.28
    7 T   -4 -7 -4 -5 -2 -7 -5  0 -4 -5 -8 -5 -7 -7 -4  5  6 -9 -8 -5    1   0   1   1   1   0   0   7   0   1   0   0   0   0   1  39  47   0   0   1  1.71 0.97
    8 A    6 -7 -5 -7  1 -7 -5  2 -7 -2 -5 -7 -2 -6 -5  0 -2 -8 -5 -2   62   0   1   0   3   0   1  16   0   3   1   0   1   0   1   5   2   0   0   4  1.41 0.80
    9 N   -5 -3  5  7 -3 -4 -1 -5 -2 -4 -6 -3 -5 -5 -6  0 -3 -9 -6 -5    1   1  27  48   1   1   4   1   1   1   1   2   0   1   0   8   1   0   0   1  1.57 0.83
   10 I   -2 -1 -6 -5 -4 -3 -3 -6 -3  4  3 -3 -1  1  2 -4 -1 -3 -1  2    3   4   0   1   0   1   2   0   1  20  26   2   1   7  10   1   4   0   2  15  0.56 0.36
   11 D    1 -1  2  4 -7  1  4 -2 -1 -5 -6  1 -4 -4 -3 -1 -1 -3 -2 -4   11   3   9  18   0   5  26   3   2   1   1   7   0   1   1   5   3   0   2   1  0.59 0.43
   12 E    1 -3 -3  2 -5  1  5 -4 -2 -3 -3 -1 -4 -3 -5 -1 -1 -4 -4 -2   12   2   1  12   0   6  41   2   1   2   4   3   0   1   1   5   4   0   1   3  0.77 0.52
   13 I   -1 -8 -8 -8 -2 -7 -8 -8 -4  7  0 -8  2 -3 -8 -6 -3  5 -2  3    6   0   0   0   1   0   0   0   0  53   7   0   4   1   0   0   2   7   1  16  1.58 0.76
   14 R    0  4 -2  0 -5  1  3 -3 -3 -4 -3  4 -4 -6 -3 -1 -2 -7 -5 -4    7  22   2   4   0   6  15   2   1   1   3  26   0   0   2   5   2   0   0   1  0.69 0.47
   15 E    0  2  0  1 -3  2  4 -4  0 -4 -2  3 -1 -3 -1 -2 -1 -1 -1 -4    7  10   3   7   1   7  23   1   2   1   4  19   1   1   3   2   3   1   3   1  0.46 0.36
   16 A    4 -4 -6 -6  1 -6 -5 -2 -3  1  2 -5  1  2 -6 -3 -4  6  4  0   29   1   0   0   3   0   0   3   1   7  17   0   3   8   0   1   0   9  11   5  0.76 0.48
   17 N    1 -1  0 -2 -2  0 -2 -2  0  1  2  1  2  1 -4  0 -1 -1  0  0   14   3   5   1   1   5   2   2   3   7  19   9   5   5   0   5   2   1   4   6  0.13 0.15
   18 E    1  1  0  3 -6  0  2 -2 -1 -7 -6  1 -4 -7  3  1 -2 -4 -4 -5   13   6   5  15   0   4  14   3   1   0   1   9   0   0  16   9   2   0   1   0  0.54 0.40
   19 L   -2 -1 -1 -3 -1 -2 -3 -4  0  0  2 -2  2  0 -4 -1  2  5  3 -1    3   4   3   2   1   2   1   1   2   5  23   2   5   4   1   6  14   8  10   3  0.41 0.29
   20 G   -4 -4 -2  0 -6 -4 -4  6 -2 -5 -2 -2 -3 -1  0 -3 -5 -1  2 -5    1   1   2   5   0   1   1  57   1   1   5   3   1   3   5   3   1   1   7   1  1.18 0.62
   21 I   -1 -3 -3 -3 -2 -2 -3 -4 -3  3  2 -3  0  2  2 -2 -3  1  0  2    4   2   1   1   1   2   2   2   1  16  22   2   2   8  12   4   2   2   3  14  0.40 0.24
   22 L   -1 -5 -4 -5  1 -4 -5 -5 -5  5  2 -4 -1  4 -3 -4 -4 -3 -2  3    4   1   1   1   3   1   1   1   0  27  19   1   1  14   1   1   1   0   1  21  0.84 0.41
   23 A    1  0  0  5 -1  2  0 -3  2 -5 -5  0 -3 -3 -5  1 -1 -2  1 -3   11   5   4  28   1   8   5   2   4   1   1   7   0   1   0  11   5   1   5   2  0.52 0.36
   24 G   -3 -5 -6  1 -1 -7 -5  7 -4 -8 -8 -7 -7 -8 -7 -5 -7 -7 -8 -8    2   1   0   7   1   0   1  84   1   0   0   0   0   0   0   1   0   0   0   0  2.41 1.06
   25 V    1 -8 -8 -8 -1 -2 -7 -5 -8  4 -1 -7 -3  1 -8 -7 -4 -7 -3  6   11   0   0   0   1   2   0   1   0  22   6   0   0   5   0   0   1   0   1  48  1.38 0.70
   26 T   -3 -4 -3 -8 -4 -7 -4 -8 -3 -2 -3 -4 -7 -6 -8 -3  8 -9 -4 -2    2   1   1   0   0   0   2   0   1   2   3   1   0   0   0   2  79   0   1   3  2.24 1.15
   27 T   -4 -8 -4 -6 -1 -8 -6 -9 -9 -4 -2 -8 -1 -3 -8 -1  8 -9 -8 -4    2   0   1   0   1   0   1   0   0   1   4   0   1   1   0   5  79   0   0   2  2.35 1.20
   28 N   -8 -4  9 -2 -2 -4 -7 -4 -3 -10 -5 -7 -9 -10 -9 -4 -2 -10 -9 -9    0   1  87   2   1   1   0   2   1   0   1   0   0   0   0   1   3   0   0   0  3.06 1.39
   29 P   -2 -4 -6 -5 -10 -4 -4 -9 -9 -4 -10 -8 -9 -10  9 -3 -2 -2 -10 -7    3   1   1   1   0   1   1   0   0   1   0   0   0   0  83   2   3   1   0   1  2.85 1.39
   30 S    0 -2 -3 -2 -6 -1 -1 -4 -3 -3 -1 -1 -3 -5 -5  5  5 -8 -7 -3    7   2   1   3   0   3   4   1   1   1   7   4   1   1   0  35  28   0   0   2  0.86 0.60
   31 L   -6 -4 -6 -9 -8 -5 -5 -7 -1  5  5 -4  1 -1 -9 -5 -5 -8 -3 -2    1   1   0   0   0   1   1   1   2  32  50   1   3   3   0   1   1   0   1   2  1.52 0.79
   32 V   -2 -9 -5 -9 -2 -8 -9 -7 -9  5  5 -6  4  0 -9 -6 -5 -8 -2  2    3   0   1   0   1   0   0   1   0  25  40   1  10   3   0   1   1   0   2  11  1.32 0.70
   33 A    4  1 -3 -3 -3  0  0 -4 -1 -4  1  2 -2 -3 -5  1 -2 -7 -1 -2   30   7   1   2   1   3   6   1   1   1  14  11   1   1   0  10   3   0   2   3  0.46 0.38
   34 K   -1  5  0 -3 -2  1 -3 -5 -1 -6 -6  6 -4 -8 -7 -3 -3 -8 -5 -6    6  23   4   2   1   7   2   1   2   1   1  45   1   0   0   2   2   0   1   1  1.36 0.79
   35 E    4 -3 -3  2 -1 -1  4 -3 -1 -4 -5 -4 -1 -2 -8  1 -1 -3 -3 -3   31   2   1   9   1   3  24   2   1   1   1   1   1   2   0   9   4   1   1   2  0.77 0.53
   36 A    1 -3  0 -4 -2 -1 -2  6 -2 -4 -4  0 -3 -3 -1 -1 -2 -3 -2 -4   12   2   5   1   1   3   3  44   1   1   2   7   1   1   3   5   3   0   2   2  0.82 0.50
   37 N   -1  2  2  0 -2  2 -1  1 -2  0 -3  3 -3 -5 -1 -2 -3 -7 -5  2    6   9   8   6   1   9   5  10   1   5   3  15   1   1   3   3   2   0   1  12  0.30 0.23
   38 V   -1  1  0 -1 -1  0  0 -2 -2  1  0  2  2 -4  1  0  1 -5 -2  1    5   8   4   3   1   4   6   3   1   7   8  11   6   1   6   6  10   0   1   9  0.13 0.12
   39 S   -2 -1  2  5  3 -2  0 -2 -3 -6 -3 -3 -8 -6  4  1 -1 -9 -5 -4    4   3   9  25   6   2   5   3   1   1   3   2   0   1  18  10   4   0   1   1  0.72 0.50
   40 F   -1 -1 -3 -4 -2 -2 -3 -5 -1  0  2 -3  1  4  0 -2  0  3  4  0    6   4   1   1   1   2   2   1   2   6  16   2   3  17   5   4   5   3  13   5  0.46 0.29
   41 H   -1  0 -2 -1 -3 -1  2 -4  1  0 -1  1 -1  1  0 -1 -1  1  3  0    5   6   2   4   1   3  14   2   3   6   7  10   2   5   5   4   4   2   9   7  0.16 0.15
   42 D    1 -1  1  3 -3  2  4 -1  0 -5 -5  0 -4 -2 -2  0  1 -2 -8 -3   11   4   5  14   1   9  21   5   2   1   2   5   1   2   2   7   7   1   0   2  0.44 0.35
   43 R   -1 -1 -2 -3 -2  0 -4 -4  4  2  2 -2 -1  4 -5 -3  0 -2 -1  2    6   4   2   2   1   4   1   2  10  10  18   3   2  13   1   2   6   1   2  12  0.41 0.25
   44 L    1 -4 -4 -5  1 -2 -3 -1 -1  4  2 -3  3 -1 -4 -3 -2 -1  2  2   10   1   1   1   3   2   2   6   1  17  21   2   6   3   1   2   2   1   7  12  0.45 0.26
   45 R    0  3 -1 -2 -2  2  1 -2 -1 -2 -3  4 -3 -3 -2  0 -1  1 -3 -4    8  12   3   3   1  10   8   4   2   2   4  22   1   1   3   8   4   2   1   2  0.39 0.30
   46 E    0  1 -2  0 -8  0  5 -3  1 -2 -2  2 -2 -3 -7  0 -2  2  0 -4    8   8   2   6   0   5  30   3   3   3   4  10   1   1   0   6   3   2   4   2  0.53 0.38
   47 I    0 -8 -3 -8  0 -8 -8 -8 -1  6  3 -4  2 -1 -8 -4 -4  1 -1  0    7   0   2   0   2   0   0   0   2  38  27   2   4   3   0   2   2   2   2   6  1.19 0.57
   48 T    1  2 -3 -2  5  0 -3 -2 -1  0  2 -1 -1 -1 -3 -1  0  1 -1 -1   11  10   2   2  10   4   2   4   2   5  20   4   1   2   2   6   6   2   2   4  0.27 0.20
   49 D    0  1  0  2  0  1  3 -2  0 -7 -4  2 -2 -1 -3  0 -2  0 -2 -4    9   6   5  10   2   7  19   4   2   0   2  12   1   2   2   8   3   1   2   2  0.37 0.31
   50 V    0 -1 -1  0  1  0 -1 -2  1  2  1 -1  2  0 -1 -1  0  2  0  0    6   3   3   5   3   4   4   3   3  13  16   3   5   4   3   4   6   3   3   6  0.11 0.09
   51 V   -1  0  0  0  2  0  0 -1  2  0 -1  0  2  1  0 -1  0  4  1 -1    5   5   5   5   5   5   5   5   5   5   5   5   5   5   5   5   5   5   5   5  0.09 0.08
   52 K    0  1 -1  2 -6  0  1  0 -1 -3 -2  1 -2 -2  4 -2 -2 -2 -3 -2    9   6   3  12   0   4  11   6   2   2   4   8   1   2  20   2   3   1   1   3  0.36 0.30
   53 G   -1  0 -1  2 -3 -1 -1  5 -1 -4 -2  0 -1 -2  0 -2 -3  1  0 -4    6   5   3  11   1   3   5  35   2   1   5   6   2   2   6   2   1   2   4   1  0.48 0.34
   54 S   -2  1 -3  0 -2 -1  2 -5  1 -3 -2  1 -1  0  4  2 -1 -1 -2 -2    3   7   1   5   1   3  11   0   3   1   4   9   1   4  22  13   4   1   1   3  0.41 0.35
   55 V   -3 -6 -6 -3 -5 -6 -2 -4 -1  3  3 -6  0  1 -2 -6 -3  0 -1  5    2   0   0   2   0   0   3   2   2  16  23   0   2   6   2   0   1   1   2  34  0.82 0.50
   56 S   -3 -2 -3 -1  2  0 -1 -3  4 -3 -4  0  0  4 -3  4 -3  0  0 -2    2   2   1   4   4   5   5   2   8   2   2   5   3  17   2  25   2   1   3   3  0.60 0.40
   57 A    2 -4 -1 -5  0 -2 -1 -3 -1  2  0 -2  0  1 -3 -2  1 -4  1  3   15   0   3   0   2   2   3   2   1  13   6   2   3   7   1   2   8   0   6  24  0.33 0.28
   58 E   -3 -2  1  0 -8  6  4 -4  0 -1 -3 -2 -1 -2 -1 -1 -3 -8 -8 -3    3   3   6   4   0  31  24   2   2   3   3   2   2   2   3   4   2   0   0   2  0.94 0.61
   59 V    1 -6 -1 -2  2 -1 -1 -2  0  0  0 -2  0 -1  1 -2  0 -7 -1  4   10   0   4   3   4   3   4   4   2   6   8   3   2   3   8   3   6   0   2  26  0.35 0.25
   60 I   -1 -1  0 -1  1  0 -2 -2  3  0 -1 -2  1  0 -1 -1  3  4  0  1    6   4   4   4   3   4   3   3   6   5   6   3   4   4   4   4  15   6   3   9  0.19 0.17
   61 S   -1  0  0  0  2  0  0 -1  2  0 -1  0  2  1  0 -1  0  4  1 -1    5   5   5   5   5   5   5   5   5   5   5   5   5   5   5   5   5   5   5   5  0.09 0.08
   62 L   -1  2  0  2  1  0  0 -2  1  0 -1 -1  1  0  0 -1  1  2  0 -2    5  10   5  10   3   5   6   3   3   5   5   4   4   3   5   5   9   2   3   3  0.10 0.11
   63 K    0  0  0  0  2  0  0 -1  2  0 -1  0 -2  0  0  0  0  3  1 -1    5   5   5   5   5   5   5   5   5   5   5   5   0   5   5   5   5   5   5   5  0.06 0.08
   64 A    3 -1 -1 -2  1 -2 -1 -1  1 -2 -2 -2 -1  0  1  0  0  2  2 -1   25   4   3   2   3   2   5   4   3   3   4   3   2   4   8   7   7   3   6   4  0.24 0.23
   65 E   -1  1 -1  2  0  1  4 -2  0 -1 -2  1 -1 -2 -2 -2 -1  1 -1 -2    6   8   3  11   2   6  21   4   2   4   4   7   2   2   3   4   3   2   2   3  0.25 0.24
   66 E    1  0  1  2  0  0  4  1  1 -3 -4  1 -1 -2 -2 -1 -1 -7  0 -3    9   5   6   9   2   3  22  11   3   2   2   7   2   2   2   4   4   0   3   2  0.32 0.27
   67 M   -1  0  0  0  2  0  0 -3  2  0 -1  0  1  1  0  0  0  3  1  0    5   5   5   5   5   5   5   0   5   5   5   5   5   5   5   5   5   5   5   5  0.08 0.12
   68 I   -1  0 -1  0  0 -1 -1 -2  0  2  1 -1  1  0 -2 -1 -1  3  1  2    3   5   2   5   2   2   5   3   2  14  14   3   3   4   2   3   2   4   6  15  0.12 0.13
   69 E   -1  0  0  0 -3  0  0 -1  2  0 -1  0  1  0  0  0  0  3  1  0    5   5   5   5   0   5   5   5   5   5   5   5   5   5   5   5   5   5   5   5  0.06 0.08
   70 E    0  0  0  1  1  2  3 -1  1 -1 -1  0  1  0 -3  0 -1  2  0 -1    6   5   4   7   3   9  19   4   3   3   6   4   3   4   0   6   4   3   3   3  0.15 0.17
   71 G    0 -2 -2  0  2  0  0  0 -2  0  0  0  1  1  1  0  0 -2  1  0    6   0   0   6   6   6   6   6   0   6   6   6   6   6   6   6   6   0   6   6  0.04 0.10
   72 K   -1  2  0 -1  0  1  1 -2  1  0  0  2  0 -1 -3 -1 -1  1  0 -1    6  11   4   4   2   6  10   3   4   7  10  12   2   2   0   3   4   2   3   4  0.11 0.13
   73 E   -1  0  0  0  2  0  0 -1  2  0 -1  0  2  1  0 -1  0  4  1 -1    5   5   5   5   5   5   5   5   5   5   5   5   5   5   5   5   5   5   5   5  0.09 0.08
   74 L   -1  0  0  0  2  1  0 -3  2  0 -1  0  1  1 -3  0  0  3  1  0    6   6   5   6   5   5   6   0   5   6   6   6   5   5   0   6   6   5   5   6  0.09 0.13
   75 A    1  1  0  0  1  1  0  0  1  0 -1  0  0  0 -1  0 -1  3  0  0   11   7   5   5   3   5   5   7   4   5   6   4   3   4   3   6   3   4   4   7  0.05 0.05
   76 K    0  0  0  0  2  0  0 -1  1  0 -1  0  1  0  0  0  0 -2  1  0    5   5   5   5   5   5   5   5   5   5   5   5   5   5   5   5   5   0   5   5 -0.00 0.06
   77 I   -1  0  0  0  2  0  0 -1  2  0 -1  0  2  1  0 -1  0  4  1 -1    5   5   5   5   5   5   5   5   5   5   5   5   5   5   5   5   5   5   5   5  0.09 0.08
   78 A   -1  0  1  1  0  0 -1  1  2 -1 -2  1 -1  0  1  0 -2  1  1 -1    6   6   6   7   2   3   4  12   4   4   4   7   2   5   7   7   2   2   6   4  0.09 0.09
   79 P    0  0  0  0  2  0  0 -1  1  0 -1  0  1  0  0  0  0 -2  1  0    5   5   5   5   5   5   5   5   5   5   5   5   5   5   5   5   5   0   5   5  0.03 0.05
   80 N    0  0  1  0  2  1  0  0  2 -1 -1  0 -2 -2  1  0  0 -3  1 -2    6   6   6   6   6   6   6   6   6   6   6   6   0   0   6   6   6   0   6   0  0.07 0.11
   81 I    0 -2 -3 -4  1 -1 -3 -2 -3  3  1 -3  1  1 -1 -2  0 -3 -1  3    8   2   0   0   3   3   0   2   0  21  13   0   3   5   3   2   5   0   2  27  0.31 0.24
   82 T   -1 -1 -1 -2  0 -1 -3 -2  2  2  0 -3 -1  0 -3 -1  0  3  2  3    4   4   2   2   3   3   0   3   5  10   6   0   0   3   0   3   6   5   8  31  0.24 0.22
   83 V    0 -3 -1 -3  3 -1 -2 -1  0  2  1 -2  1  0 -1 -1  0 -2  2  2    6   0   3   0   7   3   0   4   3  12  14   0   3   4   4   4   4   0   8  20  0.14 0.14
   84 K   -1  1  0 -2 -4  1  0  0  2 -4 -4  5 -3 -4  0  0  0 -4 -3 -4    5   5   5   0   0   5   5   6   5   0   1  49   0   0   5   5   5   0   0   0  0.64 0.37
   85 I   -1 -1 -3 -4  2 -3 -3 -4 -3  4  1 -3  2  1 -4  0  0 -3  1  2    5   5   0   0   4   0   0   1   0  30  12   0   4   4   0   8   5   0   5  16  0.36 0.24
   86 P    0  0  1  0  2  1 -1  0  2  0 -1  0  1 -2  1  0  0 -3 -2  0    6   6   6   6   6   6   0   6   6   6   6   6   6   0   6   6   6   0   0   6  0.06 0.10
   87 M    0 -2  0 -3  2  0 -2  0  2  0  0 -2  1  1  1  0  0  4  1  0    6   0   6   0   6   6   0   6   6   6   6   0   6   6   6   6   6   6   6   6  0.12 0.16
   88 T   -3 -3  0 -1  1  0 -3 -2  2  1 -2 -3  2 -1 -3  0  5 -7 -1 -1    3   2   5   4   3   5   2   4   4   6   4   2   4   3   2   7  33   0   2   5  0.57 0.40
   89 S   -1  0  2 -1 -1 -1  2 -2 -1 -2 -2 -1  0  0  3  0  1  4 -2 -2    6   6   9   4   2   3  11   3   1   3   4   4   3   4  13   7   8   6   2   3  0.22 0.21
   90 D   -1 -2 -1  2 -1  1  4 -3  0 -3 -4 -2 -1 -3  1 -1  1  1 -2 -2    6   3   4  11   1   6  26   3   2   2   2   2   2   1   8   5   9   2   2   4  0.41 0.34
   91 G    0 -2 -1 -3  1 -3 -2  6 -1 -8 -4 -1 -1 -2 -3 -2 -1  2  0 -8    7   2   3   2   3   2   3  49   1   0   3   4   2   2   2   3   4   2   4   0  0.99 0.59
   92 L   -3 -2 -3 -8  1 -7 -3  0 -1  2  4 -4  1  3 -8 -4 -1  0  1  0    3   3   1   0   2   0   2   6   2  12  35   1   3  11   0   2   3   1   5   6  0.67 0.37
   93 K   -1  0  0  0  2  0  0 -1  2  0 -1  0  2  1  0 -1  0  4  1 -1    5   5   5   5   5   5   5   5   5   5   5   5   5   5   5   5   5   5   5   5  0.09 0.08
   94 A    0 -2 -2 -2  2  1  0  0 -2  0  0 -2  1  1  1  0  0 -2  1  0    7   0   0   0   7   7   7   7   0   7   7   0   7   7   7   7   7   0   7   7  0.08 0.12
   95 V    3 -2 -5 -5  4 -4 -1 -2  0  4 -1 -4  3 -1 -5 -1  0 -5 -1  1   21   3   0   0   7   0   4   4   3  21   6   0   7   3   0   3   6   0   3   9  0.45 0.34
   96 R    0  2  0 -1  0  0  0 -2  1 -2 -3  3  0 -2 -1  0  0 -4  1 -2    8  13   3   3   2   3   7   3   3   2   2  18   2   2   3   7   6   0   5   3  0.17 0.21
   97 A    0  2 -1 -1 -1  1  1 -2  0  0  0  1  0 -1 -1 -1  0  1  1 -1    9  10   3   3   2   7  10   2   2   7   9   7   3   2   2   3   5   2   7   4  0.07 0.10
   98 L    0  0 -2 -2  2  1  0 -3 -2  0  0  0  2  1 -3  0  0  4  1  0    7   7   0   0   6   7   7   0   0   7   7   7   6   6   0   7   7   6   6   7  0.12 0.15
   99 T   -1  0  0  0  2  0  0 -1  2  0 -1  0  2  1  0 -1  0  4  1 -1    5   5   5   5   5   5   5   5   5   5   5   5   5   5   5   5   5   5   5   5  0.09 0.08
  100 D    0  1  0  2  1  3  2 -1  1 -2 -3  2  1 -7 -1 -1 -1 -7 -6 -2    9   7   4  10   3  10  14   5   3   3   4  10   3   0   3   6   4   0   0   3  0.27 0.22
  101 L   -1  0  0  0  2  0 -1 -1  2  0 -1  0  2  0  0 -1  0  3  1 -1    5   5   5   5   5   5   5   5   5   5   5   5   5   5   5   5   5   5   5   5  0.03 0.09
  102 G   -2 -1  1  1 -6  0 -1  5  2 -6 -3 -1 -6 -1 -1 -2 -5 -6 -6 -6    4   3   7   7   0   4   5  45   4   0   3   4   0   3   4   3   0   0   0   0  0.77 0.55
  103 I   -2  0 -2 -7  1 -1 -2 -3  1  5 -2 -2  1  1 -1 -2 -1  2  1  1    4   4   3   0   3   3   3   3   3  29   4   3   3   5   4   3   4   2   4   8  0.43 0.32
  104 K   -2  4  0 -1  1  0  0 -3  2  0 -3  1  1 -1  1 -1 -1  2 -1 -2    4  18   4   3   3   4   7   3   5   5   3   8   4   2   7   5   3   2   3   3  0.19 0.22
  105 T    0 -3 -3 -4  5 -1 -1 -4 -4  1 -1 -1  1  0  0 -1  2  2  0  2    6   0   0   0  11   3   3   0   0   7   5   3   4   4   4   4  15   3   3  16  0.24 0.29
  106 N    0 -1  3 -1  3  0  0 -1  0  0  0 -1  1 -1  0  0  0 -3 -2 -1    7   3  16   3   7   3   4   4   3   6   9   3   4   3   4   6   7   0   0   3  0.06 0.16
  107 V    2 -4 -2 -4  2 -2 -3 -2 -1  1  1 -3  4 -1 -2 -2 -1 -1 -2  2   23   0   2   0   4   1   1   3   1   8  11   0  12   2   2   1   3   1   1  17  0.26 0.29
  108 T   -1 -5 -4 -3  0 -4 -4 -2  0 -2 -3 -4 -1 -5 -5 -1  7 -5 -5 -1    5   0   0   2   2   0   0   3   2   2   2   0   1   0   0   3  67   0   0   3  1.33 0.80
  109 L    3 -3 -2 -2  2 -2 -3  0 -1 -1  2 -3  0 -2 -2  0 -1 -4 -3 -1   27   0   2   2   4   1   0   8   2   3  25   0   1   1   2   7   3   0   0   4  0.23 0.29
  110 I    0 -1 -1 -4  4 -4 -4 -2 -4  3  0 -4  1 -3 -4 -2 -1 -5 -4  4    6   3   3   0   9   0   0   4   0  19   9   0   4   0   0   3   3   0   0  29  0.46 0.37
  111 F   -2 -3 -1 -2  1 -1 -1 -2  1 -1 -1 -1  2  4 -1 -2 -1 -2  5 -1    4   0   3   3   3   3   3   3   3   3   5   4   6  20   3   3   4   0  19   5  0.34 0.36
  112 N    0 -1  1  0  1  0 -1 -1  1 -1 -1 -1  0 -1 -3  2  2 -4  0 -1    5   3   7   5   3   4   3   3   3   3   5   3   3   3   0  20  14   0   3   3  0.12 0.24
  113 A    1 -1 -1 -2  1 -1 -1 -2 -1 -1  0 -1  0  0  4 -1  0  1 -1  0   11   3   2   2   3   3   3   2   2   3  11   3   3   5  20   5   5   2   2   8  0.22 0.22
  114 N    1 -2  2  0  1 -1 -2 -2  2 -1 -2 -1  4 -1 -1 -1  2  2 -1 -2   13   3   9   6   3   3   3   3   4   4   5   4  10   3   4   5  11   2   3   3  0.22 0.16
  115 Q    0  1  1 -2 -3  1  1 -2  2 -2 -1  1  2 -2  1  0  0  4 -1 -2    8   8   7   0   0   7   8   1   7   0   8   8   7   0   8   8   8   7   0   0  0.18 0.16
  116 A    3 -4 -1 -4  2 -3 -3  1 -3  0 -1 -3  3 -1  0 -1  0 -4  0  1   33   0   3   0   5   0   0  12   0   5   5   0  11   3   5   3   5   0   3   8  0.33 0.30
  117 L   -1  0  0  0  2  1  0 -3  2  0 -1  0  1  1 -3  0  0  4  1  0    6   6   6   6   6   6   6   0   6   6   6   6   6   6   0   6   6   6   6   6  0.11 0.15
  118 L   -1  0  0  0  2  0  0 -1  2  0 -1  0  2  1  0 -1  0  4  1 -1    5   5   5   5   5   5   5   5   5   5   5   5   5   5   5   5   5   5   5   5  0.10 0.09
  119 A    5 -9 -1 -2  3 -1 -2 -2 -9  1 -3 -9  1  0 -1 -1 -2  2  0  0   39   0   3   3   5   3   3   3   0   8   4   0   3   4   3   5   3   3   3   6  0.68 0.43
  120 A    4 -1  0 -1  2  0 -2 -1  1  0 -1 -1  1 -2 -2  0 -1 -5  0 -1   34   2   4   3   4   4   2   4   3   5   5   3   4   2   2   6   4   0   3   5  0.25 0.27
  121 R    1  1  0 -1  1  0  0 -1  0 -1 -1  1  1 -1  0  0 -1 -4  0 -1   16   8   5   4   4   5   7   5   3   4   5  11   4   3   3   4   3   0   3   3  0.07 0.11
  122 A    0  0  0  0  2  0  0  0 -2  0 -1  0  1  0  1  0  0 -2  1  0    6   6   6   6   6   6   6   6   0   6   6   6   6   6   6   6   6   0   6   6  0.03 0.07
  123 G   -1 -1  1 -1  1  0  0  4  1 -4 -3  0 -4 -1 -1 -1  0  2  0 -2    3   4   6   4   4   5   6  34   3   0   3   5   0   3   3   3   6   3   4   4  0.34 0.30
  124 A    4 -4 -1 -2  1 -1 -2 -1  0  0 -3 -1 -4 -1  3 -1 -2 -5 -4  1   39   0   2   2   3   3   3   3   3   4   2   3   0   2  13   3   2   0   0  11  0.47 0.40
  125 T    1  0  1  2  2  0 -1 -2  1 -1 -3  0 -1 -1 -2  0  2  1  0  0   12   5   6  13   4   3   3   3   4   4   1   5   1   2   2   8  12   2   3   7  0.12 0.16
  126 Y   -3 -3 -2 -4  1 -6 -4 -3  0  1  1 -6 -1  4 -7 -4 -4  3  7 -1    2   1   2   1   3   0   1   2   2   8  11   0   1  15   0   1   1   3  40   3  1.16 0.61
  127 V    0  0 -2 -3  3 -2 -2 -3 -2  1  0 -2  2  1  1  0  1 -2  2  1    8   8   0   0   8   0   0   0   0   8   8   0   8   8   8   8   8   0   8   8  0.15 0.14
  128 S    1  0  0 -2  2  0  0 -2 -2  1  0 -1 -1  1 -2  2  0 -3 -2  1   16   4   4   0   5   5   4   0   0  12   6   0   0   7   0  21   5   0   0  11  0.12 0.15
  129 P   -1 -3 -3 -3  2 -2 -1 -3 -3  2  0 -3 -1  1  5 -1  0 -3  1  1    5   0   0   0   5   0   5   0   0  15  10   0   0   6  27   5   4   0   5   9  0.37 0.22
  130 F   -2 -4 -1 -1  0 -2 -2 -1 -2 -1  0 -1  0  5 -1 -1 -2  2  5 -2    2   0   2   3   2   2   2   5   0   2   6   3   3  27   3   4   2   3  26   2  0.55 0.34
  131 L    0 -3  0 -3  2 -2  0  0  2  0  0 -2  2  1  1  0  0  4  1  0    6   0   6   0   6   0   6   6   6   6   6   0   6   6   6   6   6   6   6   6  0.13 0.17
  132 G   -1 -1  2  0  2 -1 -1  4  1 -1 -5 -1 -4 -5 -1  1 -2  2 -1 -2    4   3  10   6   4   3   3  33   3   4   0   3   0   0   3   9   2   3   2   4  0.40 0.32
  133 R   -1  0  0  0  2  0  0 -1  2  0 -1  0  1  1  0  0  0  4  1 -3    5   5   5   5   5   5   5   5   5   5   5   5   5   5   5   5   5   5   5   0  0.09 0.13
  134 L    0  0  0 -3  2  1 -2  0  2  0 -1  0  1  1 -3  0  0  4  1  0    6   6   6   0   6   6   0   6   6   6   6   6   6   6   0   6   6   6   6   6  0.11 0.16
  135 D   -1  0  0  0  2  0  0 -1  2  0 -1  0  2  1  0 -1  0  4  1 -1    5   5   5   5   5   5   5   5   5   5   5   5   5   5   5   5   5   5   5   5  0.09 0.08
  136 D   -1  1  2  5 -7  0  0 -2  1 -7 -2 -1  1 -7 -1 -1 -1 -8 -7 -1    6   8   8  30   0   4   7   4   3   0   4   4   3   0   4   5   4   0   0   4  0.60 0.37
  137 I    1 -1  1  0  0  0 -1 -2  2  1  0 -1  2  1 -2  0 -1  5  0 -1   11   3   6   5   2   4   4   4   4   7   9   3   4   5   2   6   4   8   3   4  0.16 0.12
  138 G   -2 -2  0 -1 -1  0  0  5  1 -2 -2 -3 -1 -1 -2  0 -2  0  2 -2    4   2   4   3   1   5   5  35   4   2   5   2   2   3   3   6   3   1   7   3  0.53 0.36
  139 H   -1  0  0  0  2  0  0 -1  2  0 -1  0  2  1  0 -1  0  4  1 -1    5   5   5   5   5   5   5   5   5   5   5   5   5   5   5   5   5   5   5   5  0.09 0.08
  140 N    0  0  1  0  2  1  0  0  2  0 -2  0  1  0  1  0  0 -3 -2  0    6   6   6   6   6   6   6   6   6   6   1   6   6   6   6   6   6   0   0   6  0.06 0.11
  141 G    1 -2  1 -1  0 -1 -1  4  1 -2 -4 -1 -1 -1  2  0 -2  2 -1 -2    9   3   6   4   2   3   4  25   4   2   2   4   2   2  10   6   3   3   2   3  0.32 0.25
  142 L   -1  0  0  0  2  0  0 -1  2  0 -1  0  2  1  0 -1  0  4  1 -1    5   5   5   5   5   5   5   5   5   5   5   5   5   5   5   5   5   5   5   5  0.09 0.08
  143 D    1  0  0  1 -4  1  2  0  0 -2 -2  1 -1 -2  3 -1 -1 -4 -1 -2   11   4   4   9   0   7  14   6   2   2   3   8   2   2  13   3   4   0   2   2  0.21 0.20
  144 L    0 -1 -1 -2  0 -1  0 -2  0  1  2 -1  1  0  0  0  0 -3 -1  2    7   2   2   2   2   3   8   2   3   7  19   2   5   3   4   6   5   0   2  16  0.09 0.13
  145 I   -1 -2 -5 -5  1 -4 -2 -5 -5  4  1 -2  2  0 -5 -2 -1  2  1  4    4   2   0   0   3   0   3   0   0  22  14   3   4   4   0   2   3   2   4  29  0.57 0.38
  146 S    0  2 -1 -1 -1  1  1 -2  0 -2 -1  1 -1  0 -1  1  0  1 -1 -1    8  14   3   4   1   6  10   3   2   3   6   9   2   4   3   9   6   2   2   3  0.11 0.13
  147 E    0  1  1  2  0  2  3 -3  0 -3 -2  1  0 -3 -3  0 -1 -1 -2 -3    8   7   6  13   2   8  17   2   2   2   5   9   2   1   1   7   4   1   2   2  0.25 0.23
  148 V    0 -2  0  0  2  1  0  0 -2  0  0  0  1  1 -2  0  0 -2  1  0    6   0   6   6   6   6   6   6   0   6   6   6   6   6   0   6   6   0   6   6  0.04 0.09
  149 K    0  1 -1  0  2  0 -2 -2  1 -1 -1  1  2 -1 -1  1 -1  2  1  0    8   9   3   6   4   5   3   3   4   4   7   8   4   3   3   9   3   2   4   8  0.09 0.08
  150 Q   -1  0  0  0  2  0  0 -1  2  0 -1  0  2  1  0 -1  0  4  1 -1    5   5   5   5   5   5   5   5   5   5   5   5   5   5   5   5   5   5   5   5  0.09 0.08
  151 I   -1  0 -2 -2  1 -1 -2 -3  0  3  1 -1  3  0 -4 -2  0  1  2  1    6   5   2   2   3   2   2   2   3  16  13   4   7   3   0   3   6   2   8  10  0.20 0.19
  152 F    0  0  0  0  2  0 -2  0 -2  0 -1  0  1  1  0  0  0  3  1  0    6   6   5   6   5   5   0   6   0   6   6   6   5   5   6   6   6   5   5   6  0.06 0.11
  153 D    0  2  1  2  0  0  1 -2  1 -2 -2  2  0 -4 -1  0  0  1 -1 -1    9  10   7  11   2   4   9   3   3   2   3  12   2   0   2   5   5   2   2   6  0.14 0.16
  154 I   -1  0  0  0  2  0  0 -1  2  0 -1  0  2  1  0 -1  0  4  1 -1    5   5   5   5   5   5   5   5   5   5   5   5   5   5   5   5   5   5   5   5  0.09 0.08
  155 H   -2 -1  1 -1  1  1 -1 -1  5 -2 -2 -1  1  2 -2 -1 -1  3  4 -2    4   4   6   4   3   6   4   5  14   3   4   4   3   8   3   4   5   3  12   3  0.38 0.27
  156 G   -1 -1  2  2  0  0  0  4  2 -3 -4  0 -1 -2 -1 -2 -3 -7 -2 -3    5   4  10   9   2   4   7  26   4   2   2   6   2   2   3   4   2   0   2   2  0.39 0.29
  157 L   -1  0  0  0  2  0  0 -1  2  0 -1  0  2  1  0 -1  0  4  1 -1    5   5   5   5   5   5   5   5   5   5   5   5   5   5   5   5   5   5   5   5  0.09 0.08
  158 D   -1  1  1  1 -7  0  1  0  3 -2 -3  2 -6 -7  2  0  0 -7  0 -2    5   8   7   7   0   5   9   8   6   3   4  11   0   0   9   7   5   0   3   3  0.24 0.20
  159 T   -1 -3 -3 -8  5 -3 -2 -3 -1 -2 -4 -3  0 -3  1  0  6 -9 -8  1    6   2   2   0   9   2   3   3   2   2   3   2   2   2   8   7  38   0   0   9  0.89 0.56
  160 Q   -3  3 -3 -2 -1  3  3 -4 -1 -2 -4  4  0 -1 -3 -4 -3  0 -3 -1    2  14   2   3   1  10  18   2   2   3   2  22   2   3   2   2   2   1   1   5  0.60 0.40
  161 I   -3 -6 -7 -7 -1 -3 -3 -7 -7  6  2 -6  0 -1 -3 -4 -1 -6 -2  4    2   0   0   0   1   1   2   0   0  37  16   0   2   2   2   2   3   0   1  28  1.05 0.55
  162 I   -3 -2 -6 -7 -1 -5 -2 -7 -6  3  5 -4  5 -2 -6 -3 -1 -6 -2  0    2   2   0   0   1   0   3   0   0  16  48   1  13   2   0   2   3   0   1   6  1.00 0.55
  163 A    4 -5 -5 -2  1 -4 -3  1 -5  0 -2 -4 -1 -1 -1 -1 -2  4 -4  3   40   0   0   3   3   0   1   9   0   5   3   0   2   3   2   3   2   6   0  18  0.62 0.45
  164 A    6 -4 -3 -4  0 -3 -3 -1 -6 -4 -6 -3 -5 -2 -5  0 -2 -7 -3 -3   73   1   1   1   2   1   1   5   0   1   0   2   0   2   0   6   3   0   1   1  1.39 0.78
  165 S    0 -3  1 -1 -1 -2 -4  1 -2 -3 -3 -4 -5 -6 -5  6 -3 -6 -3 -4    6   1   5   3   1   2   0   9   1   2   3   0   0   0   0  65   0   0   1   1  1.16 0.73
  166 I   -2 -4 -5 -5  0 -4 -4 -5  0  4  2 -4  0  4  1 -2 -1  0 -1  3    2   0   0   0   2   0   0   0   3  23  16   0   2  17   6   3   3   2   1  18  0.55 0.34
  167 R   -3  6 -2 -3 -6 -1 -3 -3  1 -6 -3  4 -4 -3 -3 -2 -1 -5  0 -4    2  51   2   1   0   2   1   2   3   0   2  21   0   1   1   3   3   0   4   1  1.14 0.63
  168 H   -2 -2  4  2 -3 -2  1 -3  3 -4 -5 -2 -3 -2  0  3  2 -6 -4 -4    2   2  23  10   1   1  10   1   6   1   0   2   1   2   4  22  13   0   0   1  0.59 0.43
  169 P    2 -2 -3 -4 -2 -3 -1 -3 -2  1  0 -2 -1 -2  4  1  1 -5 -3  2   17   2   1   0   1   1   3   1   1   7   8   2   1   1  22  10   7   0   1  16  0.39 0.31
  170 Q    0  1  0  2 -2  2  2 -1  0 -1 -1  0 -1 -1 -1 -1  0 -1  0 -2    7   8   3  11   1  10  18   5   3   4   5   4   1   3   2   4   5   1   3   2  0.14 0.16
  171 H   -3 -1  1  3 -6  5  2 -2  5 -4 -5 -2 -2 -6 -4 -1 -2 -6 -3 -3    2   3   7  18   0  27  13   2  13   1   1   1   1   0   1   5   3   0   1   2  0.80 0.54
  172 V    0 -6 -4 -6 -1 -5 -6 -6 -6  4  1 -5  1  1 -3 -4 -1 -2 -2  5    8   0   1   0   1   0   0   0   0  24  14   0   2   6   1   1   3   1   1  37  0.85 0.48
  173 T    0  0  0  0 -2  0  1 -1  0  0  0  0  0 -1 -2  0  0 -1  0  1    8   5   5   6   0   4   9   3   2   7   9   6   2   2   1   7   7   0   4  10  0.03 0.05
  174 E    0  1  0  2 -5  3  3 -2  0 -3 -3  0  0 -3 -4 -1 -1 -2 -1 -3    9   8   5  11   0  14  23   2   2   1   3   5   3   1   0   4   3   1   2   2  0.39 0.30
  175 A    4 -4 -4 -5  4 -4 -4 -2 -4  0  2 -4  0 -1 -3  0 -2  0  0  0   39   0   1   0   9   0   0   3   0   4  18   0   2   2   1   6   2   1   3   7  0.60 0.40
  176 A    4 -2 -4 -3 -1 -3 -2 -2 -3  2  2 -3  1  1 -4 -1 -2  0 -1 -1   39   2   1   2   1   1   2   2   0  11  17   1   3   5   0   4   2   2   2   3  0.47 0.36
  177 L    1  1 -2 -2 -1  2  1 -3 -1 -1  3  1  1 -3 -3 -1 -2 -2 -2 -1   14   8   2   2   2   8   8   1   1   3  29   7   3   0   1   4   1   0   1   3  0.24 0.25
  178 R    4 -1 -1 -2  1 -2 -2 -3  0  0  0 -2  1 -3 -3  0 -1 -3 -3  0   42   4   3   2   3   1   3   1   2   6   9   2   3   1   1   8   4   0   1   5  0.45 0.36
  179 G   -5 -4 -3 -7 -8 -4 -6  8 -7 -6 -6 -3 -8 -8 -5 -4 -7 -8 -1 -6    0   1   1   0   0   1   0  88   0   1   1   2   0   0   1   1   0   0   2   1  2.42 1.06
  180 A    5 -6 -6 -6  6 -4 -6 -4 -2  0 -2 -4 -3 -2 -3  0 -1 -7 -4  3   40   0   0   0  17   1   0   1   1   5   3   1   1   2   1   7   3   0   0  18  1.00 0.59
  181 H   -3 -1  0  7 -5  1 -1 -3  6 -8 -7 -2 -7 -5 -2 -3 -3 -2 -2 -7    2   4   4  52   0   5   4   2  16   0   0   2   0   1   3   2   2   1   1   0  1.42 0.74
  182 I    2 -1 -2 -1  1 -3 -3  0  1  4 -1 -4 -2 -2 -5  0  1 -3  1  0   19   3   2   3   3   0   1   6   4  26   5   0   0   1   0   7   8   0   5   6  0.34 0.29
  183 G    2 -6 -6 -6  1 -6 -6 -3 -6  4  1 -6  2  3 -5 -4 -3 -5 -2  4   15   0   0   0   3   0   0   2   0  20  13   0   5  12   0   1   1   0   1  27  0.79 0.45
  184 T    0 -7 -4 -7 -3 -6 -4 -6 -7 -1 -4 -6 -6 -3 -7 -1  8 -8 -7 -2    7   0   1   0   0   0   1   0   0   4   1   0   0   1   0   3  78   0   0   2  2.04 1.02
  185 M    1 -6 -6 -7  0 -6 -6 -5 -6  5  2 -6  3  0 -6 -4 -1 -6 -4  4   11   0   0   0   2   0   0   0   0  28  18   0   7   4   0   1   3   0   0  26  0.90 0.49
  186 P    0 -3 -1 -2 -4 -3 -5 -2 -3 -7 -7 -2 -6 -1  6  3  1 -1 -6 -5    6   1   3   2   0   1   0   4   1   0   0   2   0   3  43  23   8   1   0   1  1.18 0.68
  187 L   -1 -6 -4 -2 -4 -4 -2 -3 -3 -3  0 -3 -2  3  6 -2 -2  3  3 -2    5   0   1   2   0   0   3   2   1   1  10   2   1  10  42   3   3   3   9   3  0.97 0.56
  188 K    2 -1  0  3 -4 -1  2 -1 -1 -4 -5  2 -5 -6  0  1  0 -4 -3 -4   15   2   5  18   0   2  12   5   2   1   0  13   0   0   6  10   6   0   1   1  0.41 0.32
  189 V   -3 -5 -4 -3 -3 -3 -6 -3 -6  3  3 -6  1  0 -4 -4 -1 -6 -2  5    2   0   1   2   0   1   0   2   0  16  26   0   3   4   1   1   4   0   1  36  0.80 0.46
  190 I    1 -6 -7 -7 -1 -4 -6 -7 -6  3  4 -6  1  4 -6 -5 -4  0  1 -1   11   0   0   0   1   1   0   0   0  14  45   0   3  16   0   0   0   1   4   3  0.98 0.52
  191 H   -1  2 -1  1 -4  1  3 -2  1 -3 -3  3  0 -4 -2 -1 -1  0 -3 -4    5  13   2   9   0   7  23   2   3   2   3  16   3   1   1   3   4   2   1   1  0.42 0.33
  192 A    1 -1 -2  1 -3  4  3 -1 -3 -5 -3  3 -2 -6 -3  0 -1 -6 -5 -4   10   3   2   9   1  21  19   4   0   0   3  16   1   0   1   7   3   0   0   1  0.56 0.41
  193 L   -2 -6 -7 -8  0 -5 -7 -5 -5  0  5 -6  7  2 -6 -3 -4  4 -2 -2    3   0   0   0   2   0   0   1   0   4  48   0  23   7   0   2   1   5   1   2  1.30 0.66
  194 T    1 -4 -3 -4  0 -4 -4 -3 -2  2  3 -3  3  4 -3 -2 -1 -1  1  0   10   0   1   1   2   0   0   2   1  12  26   1   7  18   1   4   4   1   4   6  0.46 0.31
  195 K    0  0  1  2 -3  2  2 -2  1 -3 -3  2 -2 -2 -3  1  0 -3 -1 -2    7   5   7  13   0   8  13   3   4   1   3  13   1   2   0  11   5   0   2   2  0.25 0.22
  196 H   -4 -4  3  2 -4 -1 -1 -5  9 -4 -4 -2 -1 -4 -5  1 -3 -7 -4 -2    1   0  13  10   0   3   4   0  43   1   2   3   2   1   0  12   2   0   0   3  1.42 0.72
  197 P   -2 -3 -3  0 -7 -1  2 -4  1 -4 -5 -1 -5 -8  7 -1 -2 -8 -4 -3    4   1   1   6   0   2  14   1   3   1   1   4   0   0  50   5   3   0   1   2  1.27 0.69
  198 L   -1 -1 -2 -3 -3 -1 -2 -1  0 -2  4  0  2  0 -2 -2 -3 -3  2 -2    6   3   2   2   1   3   2   5   3   1  43   6   4   4   2   4   1   0   7   2  0.41 0.32
  199 T   -1 -6 -5 -6 -4 -6 -6 -6 -7 -1 -5 -6 -6 -4 -3  3  7 -8 -7  0    5   0   0   0   0   0   0   0   0   4   1   0   0   1   1  18  62   0   0   7  1.64 0.87
  200 D   -1  0 -1  5 -4  1  3 -3 -3 -1  0  0 -1 -3 -4 -2  0 -4 -4 -1    5   4   3  31   0   6  16   2   0   4   9   4   2   1   0   2   5   0   0   5  0.48 0.34
  201 K    1  1  0  0 -3  1  4 -3 -1  0 -3  2 -1 -3 -3  0 -2 -1 -3 -2   12   7   4   6   0   7  24   1   1   5   2  14   1   1   1   6   2   1   1   3  0.35 0.29
  202 G    4 -3 -4 -1 -5 -5 -2  3 -6 -4 -5 -4 -2 -4 -5  1  2  3 -1 -3   35   1   0   4   0   0   2  24   0   1   0   0   1   1   0  10  12   4   2   1  0.79 0.51
  203 I    0 -4 -1 -5 -2 -4 -2 -6 -5  4  2 -6  1 -3 -6 -4 -2 -3 -4  4    7   1   4   0   1   1   3   0   0  23  19   0   4   1   0   1   3   0   0  32  0.78 0.45
  204 E    2  1  0  3 -4  1  3 -2 -1 -4 -4  2 -4 -5 -4 -1 -1 -6 -4 -3   15   8   5  15   0   7  21   2   1   1   2  13   0   0   1   4   3   0   0   1  0.49 0.36
  205 Q    0  1  0  2 -5  3  2  0 -3 -2 -3  2  1 -3 -3 -1  0 -5 -4 -2    8   9   4  11   0  16  11   6   0   3   2  13   4   1   1   3   5   0   0   3  0.31 0.27
  206 F   -7 -6 -9 -7 -8 -6 -9 -9 -5 -4 -4 -9 -1 10 -10 -8 -8 -2 -1 -7    0   0   0   0   0   0   0   0   0   1   1   0   2  92   0   0   0   1   1   0  3.40 1.28
  207 L    0  0  1  1 -2  0  2 -3  0 -1  1  0  0  0 -4 -1 -1 -3  0 -1    7   5   9   8   1   4  17   1   2   4  16   4   3   4   0   4   4   0   4   4  0.14 0.16
  208 A    2  1  2  2 -3  2  3 -3 -2 -4 -3  3 -1 -6 -4  0 -1 -6 -4 -4   16   8   9  12   0   7  17   2   1   1   2  15   1   0   0   6   2   0   0   1  0.45 0.34
  209 D    1 -5  1  8 -8 -2  0 -5 -3 -4 -8 -5 -7 -5 -6 -2 -6 -9 -8 -6   11   1   5  70   0   2   6   1   1   1   0   0   0   0   0   3   0   0   0   0  1.91 0.87
  210 W    1 -8 -8 -9 -7 -6 -8 -5 -3 -4 -5 -8 -2  3 -9 -5 -7 12  3 -5   11   0   0   0   0   0   0   1   1   1   1   0   1  11   0   1   0  64   7   1  3.16 1.15
  211 N   -1  2  3  1 -4  3  3 -3  0 -5 -5  3 -4 -5 -4  1 -1 -6 -5 -4    5  10  12   6   0  15  19   1   2   0   0  18   0   0   0   9   2   0   0   1  0.60 0.38
  212 K   -5  4 -4 -4 -7  2  3 -6 -4 -7 -6  6 -5 -7 -5 -4 -4 -7 -6 -6    0  21   0   0   0   8  16   0   0   0   0  55   0   0   0   0   0   0   0   0  1.54 0.66

                      K         Lambda
Standard Ungapped    0.1348     0.3182
Standard Gapped      0.0410     0.2670
PSI Ungapped         0.1451     0.3172
PSI Gapped           0.0444     0.2670
