
Last position-specific scoring matrix computed, weighted observed percentages rounded down, information per position, and relative weight of gapless real matches to pseudocounts
           A  R  N  D  C  Q  E  G  H  I  L  K  M  F  P  S  T  W  Y  V   A   R   N   D   C   Q   E   G   H   I   L   K   M   F   P   S   T   W   Y   V
    1 M   -5 -6 -7 -8 -6 -5 -7 -7 -6 -3 -2 -6 11 -4 -7 -6 -5 -6 -5 -4    0   0   0   0   0   0   0   0   0   0   0   0 100   0   0   0   0   0   0   0  3.63 1.09
    2 S    3 -3 -3 -3 -4 -3 -3 -2 -4 -3 -4 -2 -2 -5  3  2  5 -5 -4  1   22   0   0   0   0   0   0   2   0   0   0   2   1   0  12  15  35   0   0   9  0.71 0.42
    3 V   -3 -5 -4 -5 -3 -5 -5 -6 -4  5  1 -3  5 -3 -4 -4  0 -2 -2  4    1   0   1   0   1   0   0   0   0  38  10   2  12   0   1   0   5   1   1  25  0.99 0.47
    4 K   -4  6  2 -4 -8 -2 -4 -5 -3 -7 -7  6 -5 -7 -3 -3 -3 -7 -1 -6    1  40   8   0   0   1   0   0   1   0   0  43   0   0   1   1   1   0   2   0  1.61 0.76
    5 I   -3 -7 -7 -8 -5 -7 -7 -8 -8  5  0 -7 -2 -4 -7 -6 -4 -7 -6  6    1   0   0   0   0   0   0   0   0  33   8   0   0   1   0   0   1   0   0  55  1.73 0.76
    6 G    4 -2 -5 -6 -4 -6 -6  6 -6 -6 -5 -6 -6 -1 -6 -4 -5 -7 -7 -1   34   3   0   0   0   0   0  53   0   0   1   0   0   3   0   1   0   0   0   5  1.48 0.73
    7 I   -6 -8 -9 -9 -6 -8 -8 -7 -8  8  1 -8 -2 -4 -8 -8 -6 -8 -6  1    0   0   0   0   0   0   0   0   0  78  13   0   0   1   0   0   0   0   0   8  2.30 0.94
    8 N   -7 -6  9 -4 -8 -5 -6 -6 -2 -8 -8 -4  1 -4 -8 -3 -5 -9  1 -6    0   0  86   0   0   0   0   0   1   0   0   1   3   1   0   1   0   0   4   1  2.83 1.20
    9 G   -5 -4 -6 -7 -8 -7 -4  8 -7 -9 -9 -7 -8 -8 -5 -4 -4 -8 -8 -8    0   1   0   0   0   0   1  94   0   0   0   0   0   0   1   1   1   0   0   0  2.71 1.11
   10 F   -5 -8 -8 -9 -2 -8 -8 -8 -3 -5  0 -8  1  9 -9 -7 -5 -5  2 -5    1   0   0   0   1   0   0   0   1   0  10   0   3  78   0   0   1   0   5   1  2.65 1.05
   11 G   -5 -8 -4 -2 -8 -7 -6  8 -7 -9 -9 -7 -8 -8 -7 -5 -7 -8 -8 -8    1   0   1   3   0   0   1  94   0   0   0   0   0   0   0   1   0   0   0   0  2.74 1.12
   12 R   -7  9 -4 -7 -3 -3 -3 -7  1 -8 -5 -3 -7 -8 -6 -6 -7 -8 -5 -5    0  88   1   0   1   1   2   0   3   0   1   0   0   0   1   0   0   0   0   1  2.78 1.21
   13 I   -5 -8 -5 -8 -3 -8 -8 -9 -8  8 -3 -8  0 -4 -8 -6 -3 -8 -7 -1    1   0   1   0   1   0   0   0   0  86   1   0   2   1   0   0   2   0   0   2  2.59 1.09
   14 G   -5 -5 -4 -7 -8 -7 -8  8 -7 -9 -9 -7 -8 -8 -5 -5 -7 -3 -8 -8    1   1   1   0   0   0   0  95   0   0   0   0   0   0   1   1   0   0   0   0  2.81 1.19
   15 R   -7  8 -6 -7 -2 -3 -5 -6 -1 -6 -5  2 -4 -8 -8 -5 -5 -8 -5 -6    0  82   0   0   1   1   0   1   1   0   1   9   0   0   0   1   1   0   0   0  2.56 1.18
   16 L    0 -4  2 -3  3  0 -5 -4  0  1  4 -5  3 -3 -5  0 -1 -6 -3 -2    7   0  11   1   7   4   0   1   2   6  38   0   6   1   0   7   4   0   1   2  0.57 0.41
   17 A    1 -7 -7 -7 -2 -5 -7 -6 -3  2  2 -6 -2  3 -7 -4 -2 -6 -3  6    9   0   0   0   1   0   0   1   1  11  16   0   1  11   0   1   2   0   1  44  1.05 0.57
   18 F    1 -6 -4 -7 -1 -5 -6 -7 -1 -1  4 -6  0  6 -7 -4  1 -1  0 -1   12   0   1   0   1   0   0   0   2   2  36   0   2  27   0   1   9   1   2   4  0.97 0.56
   19 R   -7  9 -5 -8 -9 -2 -5 -7 -3 -9 -5  0 -4 -8 -6 -5 -5 -3 -8 -6    0  87   0   0   0   1   0   0   1   0   1   4   1   0   1   1   1   0   0   1  2.82 1.26
   20 R    4 -1 -1 -4  1  0 -2 -4  0  3  0 -3 -1 -3 -4 -1 -2 -6 -3  0   37   4   4   1   3   5   2   1   2  16   9   1   1   1   1   5   1   0   1   7  0.50 0.38
   21 I    4 -5 -6 -6  2 -5 -5 -4 -2  3  3 -5  1 -1 -5 -1 -3  3 -1 -1   29   0   0   0   4   0   0   1   1  16  25   1   3   3   1   6   1   4   2   4  0.70 0.45
   22 L   -2 -3 -4 -4  1 -2 -3 -4  1  2  3 -3  2  3 -4 -4 -1  3  2  1    4   1   1   1   3   1   2   1   3  12  32   1   4  12   1   1   3   3   6   8  0.51 0.29
   23 E   -1 -1  0  2 -2  2  5 -3  0 -3 -2 -1 -2 -3 -2  0 -1 -3 -2 -3    5   2   4   9   1  10  37   2   2   2   4   3   1   1   2   7   4   0   1   2  0.59 0.34
   24 L   -1  3  0  0 -1  1  0 -1  1 -1 -1  2  0 -1 -1  1  0 -1 -1 -1    6  15   4   5   1   5   4   4   4   3   7  12   3   2   2  10   6   1   2   4  0.12 0.08
   25 G    0 -1  1  0 -1 -1  0  3 -1 -2 -2  0 -1 -2  0  1  0 -2 -1 -2    8   3   7   5   1   2   5  24   2   3   5   6   1   2   5   9   6   0   3   3  0.18 0.11
   26 E    1  0  0  0 -1  0  1  1  0 -1  0  0 -1 -1  0  0  0  0  0 -1   11   6   4   6   1   3  10   9   3   3  11   6   2   3   4   5   5   2   3   4  0.03 0.03
   27 K    0  1  1  1  0  0  0  0  1 -1 -1  1 -1 -1  0  0  0 -1  0 -1    6   7   7   7   2   4   4   7   4   3   7  11   2   3   3   8   5   1   3   6  0.04 0.03
   28 S   -2  3  3  2 -2 -1 -1  1  2 -3 -3  1 -2 -2 -1  0 -2  0  0 -3    3  17  13  13   1   2   3  12   4   1   2   7   1   2   3   8   2   2   3   2  0.29 0.22
   29 S   -1 -1  2  3 -4  0  1 -2  0 -3 -2  1 -2 -3  4  1 -1 -4 -3 -1    5   2   8  14   0   4   8   3   2   1   4   9   1   1  18   9   4   0   1   4  0.32 0.23
   30 D   -2  0  2  4 -3  1  1  1  0 -3 -2  2 -2 -3 -1 -1 -2 -4 -2 -2    2   5   8  24   1   6  10   9   2   1   4  13   1   1   3   4   2   0   1   3  0.34 0.25
   31 I   -2 -5 -5 -5 -1 -5 -5 -4 -5  5  3 -5  1  3 -5 -5 -3 -4 -1  3    3   0   0   0   1   0   0   1   0  30  25   0   3  10   0   0   1   0   2  20  0.85 0.44
   32 E   -2  2  1  2 -5  2  5 -5  0 -3 -3  0 -2 -5 -3 -1 -1 -5 -5 -2    2   9   8  11   0  10  36   0   2   2   3   5   1   0   1   3   4   0   0   3  0.64 0.44
   33 V   -4 -6 -3 -6 -2 -6 -6 -4 -2  5  2 -4 -1  0 -4 -5 -3 -2 -5  5    1   0   2   0   1   0   0   1   1  30  21   1   1   4   1   0   1   1   0  33  1.06 0.56
   34 V    0  1 -2 -3  0 -5 -4 -5 -6  0 -3  0 -2 -4 -4 -4 -1 -7 -5  6    8   7   2   1   2   0   1   1   0   5   1   6   1   1   1   1   3   0   0  59  1.09 0.64
   35 A    6 -3 -5 -5 -2 -3 -3  1  2 -3 -2 -3 -2 -4 -5 -2 -3 -2 -5 -1   65   1   0   0   1   1   2   8   5   1   4   1   1   1   0   2   1   1   0   5  1.20 0.70
   36 I   -3 -6 -7 -4 -2 -6 -7 -5 -7  7 -1 -3 -1 -2 -6 -6 -5 -6 -5  4    2   0   0   1   1   0   0   1   0  60   4   2   1   1   0   0   0   0   0  24  1.69 0.79
   37 N   -4 -3  9 -3 -1 -3 -6 -2  0 -8 -8 -6 -7 -3 -7  0 -6 -8 -7 -2    2   1  73   1   1   1   0   4   2   0   0   0   0   2   0   6   0   0   0   4  2.30 1.11
   38 D   -1 -4 -1  7 -3 -2  0 -1  1 -7 -8 -3 -7 -2 -4  1 -2 -8 -7 -5    5   1   3  56   1   1   6   6   3   0   0   2   0   2   1   8   3   0   0   1  1.38 0.76
   39 L   -2  1 -4 -3 -2 -2 -4 -4 -5  1  3 -2 -1  3  3 -1  1  0 -2 -2    3   7   1   2   1   2   1   1   0   9  26   2   2  13  14   6   7   1   1   3  0.45 0.35
   40 T    2 -3  0 -3 -2 -3 -3  2  0  2 -2 -2  2 -1 -3  0  2 -1 -2 -1   19   1   4   2   1   1   2  17   3  11   3   3   5   2   1   8  11   1   2   5  0.27 0.25
   41 S   -2 -2  1  5 -6 -2  0  0 -2 -4 -6 -1 -6 -3  2  2  0 -7 -3 -4    4   2   6  31   0   2   6   7   1   1   0   4   0   1  10  13   6   0   1   1  0.62 0.48
   42 P    1 -2 -1 -2 -1 -2 -3 -3 -2  2  1 -1  0 -1  4 -2  1  0 -2  1   14   2   3   2   1   2   2   2   1  10  14   3   2   2  17   3   8   1   1   8  0.27 0.24
   43 A    0 -2  0  3 -6  0  5 -3  1 -3 -3  2 -5 -6 -1 -1 -2 -6 -1 -3    8   2   5  13   0   3  31   2   3   2   2  11   0   0   3   5   3   0   2   2  0.52 0.43
   44 L   -2 -2  1  0  0  0  0 -2  0  0 -1 -1  2 -1 -2 -1  2  1  4 -1    4   2   6   6   2   5   5   3   2   6   4   4   6   2   2   5  14   2  17   3  0.22 0.26
   45 L   -1 -1 -1 -2  1 -1 -4 -2  1  1  2 -1  5  1 -4 -1 -1  2  0  0    6   3   3   3   3   3   0   3   3   9  19   3  17   5   0   3   3   3   4   6  0.28 0.26
   46 A    0  0  0  0  2  0  0 -1  1  0 -1  0  1  0  0  0  0 -2  1  0    5   5   5   5   5   5   5   5   5   5   5   5   5   5   5   5   5   0   5   5  0.03 0.05
   47 H   -5 -3 -2 -2 -5 -5 -3 -7  8 -7 -4 -4 -4 -2 -3 -2 -5 -2  8 -6    1   2   2   3   0   0   2   0  28   0   2   1   0   1   1   3   1   0  52   0  2.21 1.02
   48 L   -3 -4 -5 -8 -3 -2 -6 -6 -4 -2  6 -4  6 -3 -7 -3 -3 -6 -1 -2    2   1   0   0   1   2   0   0   0   1  62   1  20   1   0   2   2   0   2   1  1.48 0.77
   49 L   -4 -5 -8 -8 -3 -7 -7 -6 -7  2  5 -7  0  5 -7 -4 -1 -5 -3 -3    1   0   0   0   0   0   0   0   0   9  56   0   2  24   0   1   4   0   1   1  1.42 0.71
   50 K   -3  3  0 -5 -3  2  1 -5  0 -5 -5  6 -2 -7 -4 -3 -1  0 -6 -5    2  14   5   0   1   8   7   1   2   0   1  50   1   0   1   2   3   1   0   0  1.18 0.69
   51 Y   -3 -1  0 -7 -4 -4 -7 -7  5 -7 -5 -4 -6  3 -7 -4 -5 -1  9 -5    2   4   4   0   1   1   0   0  13   0   1   1   0   9   0   1   1   1  60   1  2.21 1.01
   52 D   -5 -7 -1  9 -9 -6 -1 -5 -7 -8 -9 -6 -8 -8 -7 -4 -7 -9 -3 -8    1   0   2  89   0   0   3   1   0   0   0   0   0   0   0   1   0   0   1   0  2.85 1.24
   53 S   -4 -6 -3 -6 -6 -5 -4 -4 -6 -7 -5 -5 -6 -5 -4  7  4 -7 -4 -6    1   0   1   0   0   0   1   1   0   0   1   0   0   1   1  71  20   0   1   0  1.91 1.02
   54 T   -1 -3 -1 -5 -2 -2 -3 -5 -4  2 -2 -3  0 -3 -4 -2  4 -6 -4  5    5   1   4   0   1   2   2   1   0  10   3   1   2   1   1   3  29   0   0  36  0.84 0.53
   55 H   -6 -2 -4 -7 -8 -2 -5 -6 10 -7 -2 -4 -1  1 -5 -5 -5 -3  5 -7    1   2   1   0   0   2   1   1  59   0   4   1   2   6   1   1   1   0  17   0  2.44 1.14
   56 G   -3 -1 -2 -5 -3 -4 -7  7 -2 -8 -7 -3 -8 -4 -7 -4 -5 -8 -8 -5    2   4   2   1   1   1   0  82   1   0   1   2   0   1   0   1   1   0   0   1  2.16 1.05
   57 T   -1  5  0 -3 -4  1 -2 -2 -1 -1 -3  3 -3 -3  1 -1  0 -6 -2 -1    4  29   4   1   0   5   2   2   2   4   2  18   1   1   8   4   7   0   1   4  0.54 0.42
   58 L   -3 -7 -2 -3  1 -4 -7 -6 -3 -3  1 -5 -2  7 -5 -5 -5  5  4 -3    3   0   2   2   2   1   0   1   1   1  14   1   1  47   1   1   1   8  10   2  1.50 0.78
   59 N   -1  0  2  2 -6 -1  1 -1  1 -4 -4  3 -5 -3  4 -1 -2 -6 -3 -5    4   4  11  12   0   3   8   5   4   1   2  19   0   1  17   5   3   0   1   0  0.50 0.39
   60 A    0 -1 -1 -1 -3 -2 -1  4  3 -1 -2  0 -3 -1 -2 -1 -3 -1  0 -2    9   3   2   3   1   2   5  36   6   4   4   7   1   3   2   4   1   1   4   3  0.41 0.32
   61 D   -1  0  0  3 -1 -1  3 -3 -2 -2 -4  1 -3 -3  0  0  3 -6 -3 -3    4   4   4  16   2   2  22   2   1   3   1   8   1   1   5   6  15   0   1   2  0.42 0.35
   62 V   -2 -7 -4 -4  0 -4 -5 -7 -7  4 -1 -4  1 -1 -7 -6 -2 -7 -3  6    4   0   1   1   2   1   1   0   0  23   6   1   3   2   0   0   2   0   1  51  1.29 0.69
   63 S    0  1  0  0 -1  0  3 -1 -1 -3 -4  3 -2 -2 -4  2  1 -2 -2 -1    7   6   3   5   1   3  17   4   2   1   1  19   1   2   0  15   7   1   1   4  0.32 0.30
   64 A    2 -2 -2 -3 -1 -1 -1 -3  2  1 -1 -2 -1  1  0  0  0  0  1  3   19   1   1   1   1   3   3   2   5   6   5   1   1   6   5   6   6   1   5  21  0.22 0.24
   65 T   -1  1  1  3 -1 -1  3 -1  0 -2 -2  1 -4 -3 -2  0  0 -5 -2 -2    4   6   7  18   1   2  18   4   2   2   3   9   0   1   1   7   6   0   2   3  0.29 0.26
   66 D   -2 -1  3  5 -2 -1  2  2 -1 -6 -4  0 -5 -5 -2 -2 -2 -6 -1 -4    3   4  12  28   1   3  12  17   1   0   1   6   0   0   3   3   2   0   2   1  0.59 0.43
   67 D   -2 -1  3  4 -2  0  1  3  0 -5 -3 -1 -5 -5 -1  0 -1 -6 -3 -4    2   3  14  24   1   3   9  20   2   0   2   3   0   0   3   6   3   0   1   1  0.56 0.40
   68 S    0 -1  1  0  0  0  0  1  1 -2 -2  2 -1 -1 -2  1  0  1  0 -1    8   3   6   6   3   3   6  10   4   2   4  13   1   2   1  10   7   2   3   5  0.08 0.11
   69 I   -3 -4 -1 -1  1 -4 -4 -2 -4  3  3 -1  2  1 -1 -1 -1 -4  0  0    0   0   3   4   3   0   0   4   0  20  27   3   5   6   3   4   4   0   3   4  0.35 0.29
   70 V   -1 -1 -1 -1  0  0  0 -3  1  2  1 -1  1  0 -1 -1  1  2  1  1    3   4   3   3   3   3   6   0   3  13  13   3   3   4   3   4   9   3   5  11  0.08 0.10
   71 V   -1 -6 -3 -5 -1 -5 -6 -4 -3  5  0 -5 -1 -1 -6 -3 -2 -2 -3  5    4   0   1   0   1   0   0   1   1  36   6   0   1   2   0   1   1   1   1  40  1.08 0.54
   72 N   -1 -3  6  4 -4 -3 -1  2 -2 -6 -6 -1 -5 -2 -4 -1 -3 -6 -4 -5    4   1  42  23   0   0   3  13   1   0   1   3   0   2   1   3   1   0   0   1  1.10 0.58
   73 G   -3 -1  1  1 -4 -3 -1  6 -3 -6 -7 -1 -6 -7 -4 -2 -3 -6 -6 -6    1   4   6   8   0   1   4  66   0   0   0   4   0   0   1   2   1   0   0   0  1.40 0.66
   74 K   -3  2  1  0 -2  2 -1 -3  4 -4 -3  5 -2 -3 -4 -2 -1 -5 -2 -4    2  12   7   5   1  10   2   2  10   1   3  36   1   1   0   2   3   0   1   1  0.69 0.44
   75 N    0  2 -1 -1 -2  1  2 -4  0 -2 -3  3 -3 -3  2  0  1 -5 -3 -1    7  12   2   2   1   5  12   0   2   2   2  20   0   1  12   7   8   0   0   4  0.33 0.27
   76 Y   -4 -7 -6 -7 -5 -6 -7 -7 -5  7 -1 -6 -1 -2 -4 -5 -1 -6 -2  3    1   0   0   0   0   0   0   0   0  65   3   0   1   1   1   0   3   0   2  20  1.66 0.73
   77 R    0  3  0 -2 -2  0 -1 -3  1 -2 -2  3 -2 -4  2  1  1 -5 -3 -2    9  17   3   1   1   4   3   1   3   2   3  18   1   0  11  11   9   0   1   2  0.35 0.28
   78 V   -2 -5 -5 -5  1 -4 -5 -5 -3  3  2 -5  2  3 -5 -3 -1 -2  1  4    2   0   0   0   3   0   0   0   1  16  15   0   4  12   0   2   4   0   4  34  0.70 0.40
   79 Y   -4 -4 -3 -5 -2 -5 -5 -6  0  1  2 -4 -1  6 -5  1  2 -3  3 -1    0   1   1   0   1   0   0   0   3   8  17   0   1  32   0  10  12   0   9   4  0.76 0.45
   80 A    2  1  1 -3 -2  4 -1  0  4 -5 -4 -1 -3 -3 -3  3 -1 -5  0 -4   18   7   7   1   1  17   2   5   9   0   1   3   0   1   1  21   3   0   3   0  0.48 0.38
   81 E    0 -1  0 -1  0  1  5 -2  0 -2 -4  0 -4 -2 -4  0 -2 -1 -1 -2    7   3   4   2   2   6  47   3   2   3   1   4   0   2   0   5   2   1   2   3  0.67 0.44
   82 P    0  5  0 -1 -3  1  0 -3 -1 -5 -4  4 -1 -4  1  0 -1 -5 -4 -3    6  31   4   2   0   4   6   2   1   0   1  22   1   1   7   6   4   0   0   1  0.60 0.38
   83 Q   -3 -1  3  6 -4  0  1 -3 -1 -6 -4 -1 -5 -5 -4 -1 -1 -6 -3 -4    2   3  13  48   0   4   9   2   2   0   2   3   0   0   0   5   4   0   1   1  1.00 0.52
   84 A   -1 -4 -4 -6 -5 -2 -5 -5 -6  1 -2 -5 -4 -4  8 -3 -3 -7 -5 -2    6   1   1   0   0   2   0   1   0   8   5   0   0   1  69   2   2   0   0   3  1.91 0.83
   85 Q    3 -2 -1 -1 -2 -1  2  1 -2 -3 -2  1 -2 -4 -2  2  1 -4 -4 -2   25   2   3   3   1   2  15   9   1   1   3   7   1   0   1  16   9   0   0   2  0.33 0.28
   86 N    0  0  4  3 -3  1  2 -2 -2 -3 -3  3 -3 -5 -3  0 -1 -5 -3 -4    7   4  20  13   0   5  15   2   1   1   2  18   0   0   1   5   4   0   1   0  0.47 0.33
   87 I   -3 -5 -5 -5 -2 -5 -5 -6 -6  6  4 -5 -1 -2 -6 -5 -2 -3 -4  2    1   0   0   1   1   0   1   1   0  44  33   0   1   1   0   1   2   0   0  12  1.14 0.53
   88 P   -2 -3 -1  3 -4 -3 -3 -5 -3 -5 -5  2 -4 -4  7 -3 -4 -7 -5 -6    3   1   3  14   0   1   1   1   1   0   1  12   0   1  58   2   1   0   0   0  1.63 0.74
   89 W   -6 -6 -6 -5 -6 -5 -4 -5 -1 -6 -4 -6 -5 -2 -4 -6 -6 13  1 -5    1   0   0   1   0   0   1   1   1   0   2   1   0   1   1   1   1  81   5   1  3.91 1.25
   90 V    1  0  0  0 -1  0  0  1  0 -1 -1  0 -1 -1  0  0  0  1 -1 -1   15   3   5   5   2   4   6  11   2   4   7   5   1   3   3   8   7   2   2   5  0.04 0.02
   91 K    0  1 -2  1 -3  0  1  3 -2 -4 -4  4 -3 -2 -3  1 -2 -3 -4 -3    6   9   1   7   1   2   9  24   1   1   1  25   0   2   1   9   2   0   0   1  0.45 0.29
   92 N   -1 -2  1  4 -3  0  3 -2  2 -3  0 -2 -2 -1 -2  0 -1 -3  2 -3    6   1   6  24   1   4  18   3   5   1   9   2   1   2   1   8   2   0   7   1  0.35 0.24
   93 D    1 -1 -1  1 -1 -1 -1 -1  0 -1  2 -1  1 -1 -2 -1  0  1 -1  0   17   3   3   8   1   1   4   4   2   2  29   3   3   2   1   4   5   2   2   5  0.12 0.15
   94 G   -2 -3  1  0 -2 -1 -1  6 -2 -1 -4 -2 -4 -3 -2 -2 -3 -4 -4 -3    3   1   6   5   1   3   4  58   1   4   2   3   0   1   2   3   1   0   1   1  0.96 0.42
   95 V    3 -5 -3 -4 -1 -4 -4 -5 -4  3 -2 -4 -3 -3 -4 -3 -1 -5 -4  5   26   0   1   1   1   0   1   0   0  16   2   1   0   1   0   1   2   0   0  44  0.93 0.51
   96 D   -4 -4 -1  7 -6 -1  4 -5  0 -6 -6 -2 -4 -6 -3 -3 -2 -5 -3 -5    1   1   2  57   0   3  24   0   2   0   1   1   1   0   1   2   2   0   1   1  1.50 0.69
   97 F   -4 -5 -5 -6  0 -4 -5 -6 -2  3  2 -5  0  1 -6 -4 -3  0  6  3    1   0   1   0   2   0   0   0   1  18  16   0   2   5   0   1   1   1  28  22  0.95 0.49
   98 V   -1 -6 -7 -6 -3 -6 -6 -5 -7  2 -1 -6 -1 -5 -6 -5 -3 -7 -5  7    4   0   0   0   0   0   0   1   0   9   6   0   1   0   0   0   1   0   0  77  1.76 0.78
   99 L   -3 -6 -6 -6  0 -5 -6 -5 -6  5  2 -6  2  0 -6 -5 -4 -3 -3  5    2   0   0   0   2   0   0   1   0  29  20   0   5   3   0   0   0   0   0  37  1.09 0.52
  100 E   -5 -4 -3  4 -8 -1  7 -6 -3 -7 -7 -3 -6 -7 -6 -4 -5 -7 -7 -5    0   1   0  20   0   1  74   0   0   0   0   0   0   0   0   1   0   0   0   1  2.08 0.93
  101 C    3 -5  0 -5  8 -5 -4 -3 -5 -5 -5 -5 -3 -4 -4  5 -1 -6 -6 -4   20   0   4   0  27   0   0   2   0   0   1   0   0   1   0  41   3   0   0   0  1.38 0.70
  102 T   -3 -5 -4 -5 -5 -4 -5 -4 -6 -4 -5 -4 -5 -6 -5  3  7 -7 -6 -5    1   0   0   0   0   1   0   1   0   1   0   1   0   0   0  21  73   0   0   0  1.99 0.94
  103 G   -3 -3 -5 -5 -3 -6 -3  8 -6 -8 -8 -6 -7 -7 -4 -3 -6 -4 -7 -6    1   1   0   1   1   0   2  91   0   0   0   0   0   0   1   1   0   0   0   1  2.39 0.95
  104 F    0  2 -3 -4 -4 -1 -2 -3  0  1 -1  2  0  0 -4 -2 -2 -5 -3  4    9  12   0   0   0   3   2   1   2   9   6  15   2   5   0   1   1   0   0  31  0.39 0.31
  105 Y   -3 -3 -5 -5 -2 -5 -4 -6  0 -4 -2 -6 -2  8 -5 -4 -5  2  4 -4    2   1   1   1   1   1   1   0   2   1   2   0   1  69   1   1   0   2  11   1  2.02 0.83
  106 T   -2  2  1 -2 -2 -1 -2 -3 -2 -3  0  1 -3 -4 -2 -2  5 -5 -5 -2    3  13   6   2   1   2   2   1   1   1  11   8   0   1   2   2  42   0   0   3  0.63 0.46
  107 S   -2 -2  1  3 -2 -1 -1 -2 -1 -5 -5  1 -3 -6 -3  2  5 -6 -4 -4    3   2   7  16   1   2   3   2   1   0   0   7   1   0   1  13  39   0   0   1  0.74 0.48
  108 K    0  4 -2 -3 -3  0 -1 -2 -1  1 -1  2  3 -2 -2 -1  0 -4 -1  0    6  23   1   0   0   3   3   2   1   8   6  15  10   1   2   4   7   0   2   5  0.28 0.25
  109 A    2 -1 -1  3 -6 -1  5 -3 -2 -4 -3  0 -5 -5 -2  0 -2 -6 -5 -4   15   2   3  16   0   2  42   1   1   1   2   6   0   0   1   5   1   0   0   1  0.77 0.48
  110 K    0  0 -1  1 -5  1  1  0 -2 -3 -2  5 -2 -4 -4  0 -1 -2 -4 -3    7   3   2   9   0   6   7   8   1   1   4  39   1   1   0   7   3   1   0   1  0.50 0.36
  111 S    6 -5 -4 -5  2 -5 -5 -2 -5 -3  2 -3 -2 -5 -4 -1 -3 -6 -4 -1   62   0   1   0   4   0   0   2   0   1  20   1   1   0   0   3   1   0   0   3  1.10 0.63
  112 Q    1  1  0 -1 -3  2  1  2 -2 -3 -3  1 -1 -4 -3  2 -1 -5 -3 -3   13   9   3   2   0  12  10  15   1   1   1   8   2   1   0  19   2   0   1   1  0.32 0.27
  113 A    4  1 -2 -2 -3  0 -1  0 -1 -3 -2  3 -1 -3  1 -1 -2 -4 -3 -2   34   7   1   1   0   4   3   8   1   1   4  19   2   1   6   4   2   0   0   2  0.39 0.32
  114 H   -5 -5 -4 -6 -3 -3 -5 -4 11 -6 -3 -5 -6 -1 -5 -6 -6 -3  2 -5    1   0   0   0   1   1   0   1  82   0   3   0   0   2   1   0   0   0   6   1  3.11 1.15
  115 L   -4 -3 -5 -6 -3 -4 -6 -6 -6  4  5 -4 -1  1 -5 -5 -3 -3 -3 -1    1   2   0   0   0   0   0   0   0  21  63   1   1   5   0   0   1   0   0   3  1.18 0.56
  116 D    0  1  0  2 -2  2  2 -2  0 -3 -3  4 -2 -4 -3 -1  0 -5 -3 -3    9   6   3  11   1   9  11   2   3   1   2  28   1   1   0   4   6   0   0   1  0.40 0.29
  117 A    4 -2  0 -3  0 -1 -3  4 -2 -5 -4 -1 -4 -4 -3  1 -2 -5 -4 -3   37   2   4   1   2   3   1  30   1   0   1   3   0   1   1   9   1   0   0   1  0.69 0.42
  118 G   -3 -3 -2 -3 -6 -5 -4  7 -5 -7 -7 -4 -6 -4 -5  0 -3 -6 -6 -6    0   2   2   2   0   0   1  83   0   0   0   1   0   1   1   6   1   0   0   0  1.95 0.79
  119 A    6 -5 -5 -5  0 -3 -4 -3 -5 -1 -3 -4 -4 -4 -4 -2 -2 -6 -5  2   71   0   0   0   1   1   1   1   0   3   2   0   0   0   1   1   2   0   0  16  1.33 0.68
  120 K   -2  2 -2 -2 -6  0 -1 -2 -2 -4 -5  7 -5 -6 -1 -1 -3 -6 -5 -5    2  11   2   2   0   3   3   3   1   1   1  64   0   0   2   4   1   0   0   0  1.28 0.64
  121 R   -3  5 -2 -4 -4 -1 -3 -4  0 -5 -4  6 -2 -4 -4 -3 -4 -4 -1 -5    1  33   1   0   0   1   0   1   2   0   1  50   1   1   1   1   1   0   3   1  1.39 0.67
  122 V   -2 -6 -7 -7 -2 -5 -6 -6 -4  1 -3 -6 -2 -3 -6 -6 -4 -7 -5  7    3   0   0   0   1   0   0   1   1   4   1   0   1   1   0   0   0   0   0  87  2.04 0.86
  123 L   -4 -6 -5 -6 -3 -4 -6 -6 -6  6  3 -6 -1 -2 -6 -5 -4 -5 -3  4    1   0   1   0   0   0   0   0   0  42  27   0   1   1   0   0   0   0   1  25  1.22 0.56
  124 I   -4 -5 -6 -6 -3 -5 -6 -7 -6  6  3 -6  0 -1 -6 -5 -2 -5 -4  3    1   0   0   0   0   0   0   0   0  52  22   0   1   2   0   0   2   0   0  18  1.28 0.58
  125 S   -1 -5 -4 -4  1 -4 -4 -2 -3 -6 -6 -4 -5 -5 -3  6  4 -6 -4 -5    4   0   0   0   2   0   0   2   0   0   0   0   0   0   1  63  25   0   0   0  1.50 0.79
  126 A    6 -3 -4 -5 -2 -2 -4 -1 -1 -4 -4 -4 -3 -5 -3  0  1 -6 -3 -1   70   1   1   0   1   1   0   4   2   0   1   0   0   0   1   4   8   0   1   4  1.21 0.65
  127 P   -3 -6 -4 -5 -6 -5 -5 -5 -3 -5 -5 -5 -6 -3  8 -1 -3 -7 -4 -4    2   0   1   0   0   0   0   1   1   0   1   0   0   1  83   4   1   0   1   1  2.55 0.99
  128 A    2 -4 -2 -2  0 -3 -3  1 -3 -3 -2 -3  0 -3  1  4  0 -5 -4 -1   19   0   1   2   2   0   0  12   0   1   4   1   2   1   8  39   4   0   0   5  0.57 0.42
  129 G   -1  0  0  0 -3  0  1  0 -1 -3 -2  4 -2 -3  0  1  0 -3 -2 -2    5   2   3   6   0   3   7   8   1   1   3  36   1   1   4   9   5   0   1   2  0.35 0.23
  130 S    2 -3  1  4 -2 -1  0  2 -2 -3 -4 -1 -4 -3 -1  0 -2 -4 -3 -2   19   1   7  27   1   2   6  18   0   1   1   2   0   1   4   5   2   0   1   3  0.47 0.30
  131 D    1 -4  0  6 -3 -2  2 -2 -2 -2 -4 -2 -3 -5  1 -2 -3 -6 -3 -1   14   0   3  45   1   1  12   3   1   3   1   2   0   0   6   2   1   0   1   5  0.79 0.45
  132 L    3 -4 -3  5 -3 -3 -1 -2 -3  2 -2 -4  0 -4 -3 -2  0 -1 -4  1   25   0   0  31   0   0   3   2   1  12   2   0   3   0   1   2   6   1   0  11  0.57 0.39
  133 K    1 -1 -3 -1 -3 -2 -2 -3 -3  0 -1  1 -3 -1  6 -2 -3 -4 -3 -1   12   3   1   3   0   2   1   1   1   5   5   9   0   4  45   2   0   0   1   4  0.90 0.46
  134 T   -3 -4  1 -4 -3 -2 -4 -5 -1  0 -2 -4  7 -3 -5 -2  6 -5 -2 -1    1   0   6   1   0   1   1   0   1   4   3   0  29   1   0   2  44   0   1   3  1.20 0.65
  135 I   -3 -5 -4 -5 -3 -5 -5 -4 -3  4  1 -5  0  5 -5 -4 -3 -3  3  3    2   0   1   0   0   0   0   1   1  23  11   0   1  29   0   1   1   0  10  18  0.87 0.44
  136 V   -3 -6 -5 -6 -1 -5 -6 -5 -6  3 -1 -6  0 -2 -6 -5 -2 -6 -5  7    2   0   0   0   1   0   0   1   0  14   4   0   2   1   0   0   1   0   0  72  1.54 0.69
  137 Y   -3 -2 -4 -5  2 -2 -4 -5  0  0  1 -3  7  2 -1 -4 -3  1  4  1    1   3   1   0   5   1   1   0   2   5  12   1  28   7   4   1   1   2  14  11  0.71 0.42
  138 N   -3 -5 -1 -4 -1 -5 -6  7 -6 -7 -7 -4 -6 -4 -4 -2 -5 -6 -6 -4    0   0   2   1   1   0   0  87   0   0   0   1   0   1   1   2   0   0   0   1  2.12 0.84
  139 V   -1 -6 -6 -6 -1 -5 -6 -4 -6  2 -2 -5  0 -2 -5 -4 -3 -6 -4  7    4   0   0   0   1   0   0   2   0   8   2   0   2   2   0   1   1   0   0  76  1.56 0.70
  140 N   -4 -5  9 -2 -6 -4 -4 -4 -3 -6 -6 -3 -6 -6 -6 -4 -3 -7 -6 -5    1   0  90   1   0   0   1   1   0   0   1   1   0   0   0   0   1   0   0   1  2.61 1.02
  141 D   -2 -3  0  3 -2  1  4 -3  7 -5 -2 -3 -4 -3 -4 -2 -2 -5 -2 -5    2   1   4  17   1   5  26   1  29   0   6   1   0   1   0   2   2   0   1   0  0.95 0.50
  142 D   -1 -1  1  4 -3  0  3 -1  3 -4 -3  1 -3 -3 -3  0 -1 -5 -3 -4    4   2   6  25   1   4  23   5   8   0   3   9   0   1   0   5   4   0   0   1  0.52 0.33
  143 I   -1 -1  0  2 -1  1  1 -2 -1 -1 -1  3 -1 -3 -2  1  1 -4 -3 -1    4   2   4  10   1   7  10   2   1   3   6  23   1   0   1  10   9   0   0   4  0.22 0.21
  144 L   -4 -4 -4 -5 -2 -5 -4 -6 -3  1  2 -5 -1  2 -5 -4 -4 -1  8 -1    1   1   1   0   1   0   1   0   0   8  21   0   1   6   1   1   1   0  52   4  1.44 0.64
  145 T   -2  0  2  6 -3 -1  0 -2 -2 -4 -3  2 -4 -5 -2  0  1 -5 -4 -4    3   5   9  41   1   3   4   2   0   0   2  12   0   0   1   5  11   0   0   0  0.72 0.40
  146 A    0 -2  3 -1 -4 -2 -1  1  0 -3 -3  1 -3 -3  5  1 -2 -5 -4 -3    9   2  13   2   0   1   3  11   2   1   3   8   0   1  33   9   2   0   0   1  0.62 0.35
  147 D   -1  0  1  3 -2  1  2 -2 -2 -4 -4  2 -3 -4 -2  3  0 -5 -3 -4    4   5   6  16   1   6  15   2   0   0   1  11   0   1   1  25   5   0   1   0  0.43 0.31
  148 D   -1 -2 -1  2 -2  0  1 -3  6 -1  1 -2  2 -1 -3 -1 -1 -4 -1 -2    6   1   1  14   1   4   9   2  24   2  15   2   6   3   1   4   3   0   2   1  0.39 0.28
  149 R   -2  2  1  1 -4  2  0 -3  3 -3 -3  4 -2 -3 -1  0  1 -4 -2 -3    2  11   7   9   0   9   3   1   9   1   2  26   0   1   3   4   9   0   1   2  0.39 0.27
  150 I   -3 -5 -5 -6 -2 -5 -5 -6 -4  6  0 -4  0 -3 -5 -4 -2 -5 -4  4    1   0   1   0   1   0   1   0   0  55   5   1   2   0   0   0   1   0   0  31  1.32 0.58
  151 V   -3 -5 -5 -5 -2 -4 -5 -5 -5  5  0 -4 -1  0 -5 -2 -2 -4 -1  5    1   0   0   0   0   0   0   0   0  37   7   0   1   3   0   4   2   0   2  41  0.96 0.46
  152 S   -1 -4 -2 -3 -2 -3 -3 -3 -2 -4 -5 -3 -5 -5 -1  7  0 -6 -5 -5    3   0   1   1   1   0   0   1   1   1   1   0   0   0   3  83   4   0   0   0  1.59 0.76
  153 A    2 -3  7 -2  2 -3 -3 -1 -2 -2 -3 -2 -1 -5 -1  0  0 -5 -4 -2   15   0  50   0   4   0   0   4   1   2   3   1   2   0   3   7   5   0   0   2  0.87 0.49
  154 G    6 -4 -4 -4 -2 -4 -3  2 -4 -4 -4 -4 -4 -3 -1  1 -1 -5 -4 -2   64   0   0   0   1   0   1  15   0   0   0   0   0   1   3   9   3   0   0   2  1.06 0.56
  155 S   -2 -1 -3 -3  1 -3 -4 -3 -4 -1 -4 -4 -4 -4 -4  7 -1 -6 -5 -4    1   3   0   1   3   0   0   2   0   4   2   0   0   1   0  82   1   0   0   0  1.54 0.76
  156 C   -1 -7 -4 -7 11 -6 -7 -4 -2 -4 -5 -6 -5 -4 -3 -1 -5 -6 -3 -4    4   0   1   0  82   0   0   1   1   1   0   0   0   1   2   4   0   0   1   1  3.11 1.04
  157 T   -3 -5 -4 -1 -3 -4 -4 -4 -5 -2 -5 -4 -2 -6 -1 -1  8 -6 -5 -3    1   0   0   4   0   0   0   1   0   2   0   1   1   0   3   3  82   0   0   1  1.80 0.83
  158 T    0 -4 -4 -4 -4 -4 -4 -3 -5 -2 -3 -4 -2 -5 -1  0  7 -5 -5 -2    8   0   0   0   0   0   0   1   0   2   3   0   1   0   3   4  74   0   0   2  1.48 0.72
  159 N   -5 -4  8 -3 -6 -2 -4 -4  2 -5 -6 -3 -3 -6 -6 -2 -1 -7 -1 -5    0   0  81   0   0   1   0   1   4   1   0   1   1   0   0   3   4   0   2   1  2.16 0.90
  160 C    3 -6 -4 -6 11 -6 -6 -3 -6 -5 -5 -6 -5 -4 -6 -1 -4 -2 -4 -4   23   0   1   0  66   0   0   2   0   0   0   0   0   1   0   4   1   1   1   1  2.54 0.94
  161 L   -1 -5 -6 -6 -2 -5 -5 -5 -5  2  5 -5  0 -1 -4 -3 -2 -3 -3  1    5   0   0   0   1   0   0   1   0  12  64   0   2   1   1   1   2   0   1   7  0.99 0.51
  162 A    6 -4 -3 -4 -2 -4 -4 -1 -5 -2 -2 -4 -3 -5 -4 -1  0 -5 -5  0   68   0   1   1   1   0   0   4   0   2   4   0   0   0   0   3   5   0   0   7  1.08 0.59
  163 P   -3 -6 -5 -5 -6 -4 -5 -5  0 -4 -2 -5 -5 -4  8 -2 -2 -7 -6 -3    2   0   0   0   0   1   0   1   2   1   4   0   0   1  80   2   3   0   0   2  2.32 0.91
  164 L   -2 -4 -5 -5 -2 -3 -5 -4 -5  3  4 -4  3  0 -1 -2 -2 -4 -3  3    2   0   0   0   0   1   0   1   0  14  38   0   9   3   3   3   1   0   0  23  0.69 0.38
  165 A    4 -4 -5 -5  0 -4 -4 -3 -5  2  2 -4  1 -1 -1 -2 -1 -5 -2  3   37   0   0   0   2   0   0   1   0   9  20   0   2   2   3   1   3   0   1  19  0.58 0.39
  166 F   -1  2 -1 -3 -6  0 -2 -3  2 -5 -4  6 -1 -3 -4 -2 -2 -1 -2 -4    5   8   3   1   0   3   2   1   5   0   1  60   2   1   0   2   2   1   2   1  1.09 0.59
  167 F    0 -4 -5 -3 -2 -3 -4 -4 -3  3  0 -4 -1 -1 -2 -2 -1 -2  0  5    8   0   0   2   1   1   1   1   1  13   8   1   1   2   2   2   3   0   3  50  0.72 0.42
  168 E   -4 -5 -6 -6 -4 -5 -4 -6 -5  5  5 -5  1 -1 -2 -5 -2  0 -4  1    1   0   0   0   0   0   1   0   0  28  48   0   3   2   3   0   2   1   0   9  0.99 0.50
  169 N   -4  0  4  3 -5  0  0 -4  7 -4 -2 -1 -2 -5 -5 -2 -3 -2 -2 -4    1   5  18  18   0   4   6   1  31   1   4   3   1   0   0   2   1   1   1   1  0.98 0.52
  170 K   -2  0  0  5 -1  2  3 -1 -1 -5 -5  0 -3 -6 -3 -2 -3 -6 -5 -5    2   5   4  38   2  10  21   5   1   1   1   6   1   0   1   2   1   0   0   0  0.82 0.46
  171 E    1  1  4 -1 -3  0  1 -1  1 -3 -2  2 -2 -2 -2  0  0 -4 -1 -3   12   6  23   2   1   3  10   3   3   1   3  16   1   2   1   5   4   0   2   1  0.30 0.24
  172 F   -3 -4 -4 -6 -1 -2 -5 -5 -4  0  0 -5 -2  8 -5 -3 -5  2  4  0    2   1   1   0   1   2   0   1   0   5   8   0   1  56   1   2   0   2  12   6  1.38 0.61
  173 G   -2 -3 -2 -2  0 -2 -1  6 -2 -5 -5 -1 -5 -6 -3 -1 -1  2 -5 -3    2   1   1   2   2   1   3  67   1   0   1   4   0   0   1   5   3   3   0   2  1.24 0.59
  174 I   -4 -6 -6 -6 -5 -6 -6 -4 -6  7 -1 -6 -1 -3 -4 -5 -3 -5  0  3    1   0   0   0   0   0   0   1   0  67   4   0   1   1   1   0   1   0   3  19  1.58 0.69
  175 K   -1  1 -2  0 -3  0  3 -4 -2  1 -1  1  0 -4 -3 -2 -1 -4 -2  2    3   7   1   5   0   3  26   1   1   8   6  10   2   0   0   2   3   0   1  19  0.32 0.27
  176 V   -1  2  0 -1 -2  0  3 -2  4 -4 -3  2 -3 -3 -3  2 -1 -1 -1 -3    5  12   3   2   1   3  25   2   9   0   2  10   0   1   0  14   4   1   2   1  0.41 0.32
  177 G    2 -5 -4 -4  1 -5 -4  6 -5 -5 -3 -5 -2 -4 -5 -2 -4 -5 -6 -1   14   0   0   1   3   0   1  69   0   0   3   0   1   1   0   3   1   0   0   4  1.43 0.65
  178 T   -2 -4 -2 -4 -1 -2 -3 -4  1  0  4 -4  2  3 -1 -1  0 -2  1  0    2   0   2   1   1   2   1   1   4   3  40   0   6  14   3   6   5   0   5   4  0.44 0.31
  179 M   -2 -3 -5 -6 -3 -4 -5 -5  0  3  1 -5  8  1 -5 -3 -3 -5 -2  1    3   1   0   0   1   0   0   1   3  16   9   0  45   6   0   2   1   0   1  10  1.24 0.61
  180 T   -3 -3  1 -1 -1 -4 -2 -3 -5 -2 -3 -4 -2 -5 -2  0  7 -6 -5 -2    1   1   7   3   1   0   2   1   0   2   2   1   1   0   2   7  67   0   0   2  1.32 0.70
  181 T   -2 -3 -4 -5 -5 -4 -4 -5  1 -1 -5 -4 -1 -3 -5 -1  7 -6 -5 -2    3   1   0   0   0   0   1   0   3   3   0   1   1   1   0   4  77   0   0   3  1.72 0.83
  182 I   -1 -5 -5 -3 -2 -5 -5 -4 -5  5  0 -5 -1 -3 -5 -4  1 -5 -3  5    4   0   0   1   1   0   0   1   0  32   8   0   1   0   0   0   7   0   1  41  0.98 0.51
  183 H   -6 -3 -3 -6 -7 -2 -4 -6 11 -7 -6 -5 -6 -6 -6 -4 -6 -6  0 -5    0   1   1   0   0   1   1   0  88   0   1   0   0   0   0   1   0   0   2   1  3.45 1.21
  184 A    5 -4 -2 -1  1 -2 -4 -1 -4 -5 -5 -4 -4 -5  0  3 -2 -6 -5 -2   51   0   1   4   3   2   0   4   0   0   0   0   0   0   5  26   1   0   0   2  0.95 0.57
  185 Y   -1 -4 -4 -5 -3 -4 -4 -5 -1  2 -2 -5  1  1 -4 -2  0  3  7  1    6   1   1   0   0   0   1   1   1  14   3   0   3   4   1   3   6   4  44   8  1.05 0.55
  186 T   -2 -5 -1 -3 -5 -5 -5 -3 -5 -3 -1 -5  1 -6 -4 -1  8 -6 -5 -4    2   0   2   1   0   0   0   2   0   1   5   0   3   0   1   2  79   0   0   0  1.78 0.86
  187 S    4 -2  4 -1 -4 -1 -3  0 -1 -3 -4 -2 -3 -5  0  2 -1 -5 -3 -2   32   2  22   2   0   2   0   8   1   1   0   1   1   0   4  16   3   0   0   3  0.56 0.41
  188 T   -3 -1 -1  5 -3 -3 -1 -2 -2 -3 -5 -3 -2 -5 -2  2  4 -5  1 -2    1   3   2  29   0   0   2   2   1   1   0   0   1   0   2  16  31   0   4   2  0.77 0.50
  189 Q   -5 -4 -3 -4 -7  9 -1 -6 -1 -7 -3 -2 -5 -7 -1 -5 -5 -2 -4 -4    0   0   1   1   0  85   2   0   2   0   3   1   0   0   3   0   0   1   0   1  2.45 1.09
  190 M   -2  2  3 -2 -4  0 -1 -3  0 -3 -3  4 -1 -4  1  1  0 -5 -3 -2    3  11  16   1   0   3   2   1   2   1   2  30   2   1   8  10   5   0   1   3  0.49 0.35
  191 L   -2 -5 -4 -5 -2 -4 -5 -5 -4  3  4 -4  0 -3 -1 -2  4 -5 -4  2    2   0   1   0   1   0   0   0   0  13  36   0   1   0   3   2  29   0   0  11  0.78 0.48
  192 L   -2 -3 -4 -5 -3  0 -4 -5  0  2  3 -4  1 -1 -5 -3 -1 -5 -3  5    3   1   1   0   0   4   0   1   3   7  29   1   3   2   0   1   2   0   0  40  0.70 0.42
  193 D   -6 -6 -3  8 -7 -4 -1 -5 -3 -4 -7 -5 -4 -7 -4 -4 -5 -8 -7 -7    0   0   0  91   0   0   2   0   1   1   0   0   1   0   1   0   0   0   0   0  2.63 1.02
  194 G    1 -2  1 -1 -2 -2 -2  5 -3 -3 -2 -1 -2 -3 -4  1 -1 -4 -4 -1   13   2   6   3   1   1   2  43   0   1   4   3   1   1   0  10   4   0   0   5  0.56 0.33
  195 P    0 -3 -3 -3  1 -3 -3 -3 -4 -2 -3 -3 -2 -1  7 -1 -1 -4  2 -1    8   1   1   1   3   1   1   2   0   2   2   2   1   2  51   5   4   0   6   5  1.11 0.50
  196 V   -1 -1  0 -1 -1  0 -2 -1  5 -1  0 -1 -1 -1 -2  3  0 -3  0 -1    4   4   3   2   1   3   2   4  15   4   8   2   1   3   2  30   4   0   2   3  0.30 0.23
  197 R    0  2  0  0 -1  0  0  0  0 -1 -1  2  1 -1 -1  1  0 -2 -1 -1    7  13   4   4   1   3   6   6   2   3   6  15   4   2   2  11   4   0   3   3  0.09 0.08
  198 G    0 -1  0 -1 -3 -1 -1  2  6 -3 -3  2 -1 -3 -1 -1 -2  1 -2 -3    8   3   3   3   1   1   3  19  23   1   2  15   1   1   3   4   2   2   1   1  0.48 0.28
  199 G   -1  0 -1  0 -4 -1  0  0 -2 -3 -2  5 -3 -4  0  1  0 -1 -3 -3    4   3   2   5   0   1   5   7   1   1   5  43   0   1   4   9   5   1   1   2  0.52 0.35
  200 N   -3 -1  2  7 -4 -2 -1 -3  1 -4 -1 -2 -3 -4 -3 -2 -3 -1 -3 -3    2   4   8  54   0   1   3   2   3   1   8   2   1   1   1   2   1   1   1   2  1.01 0.49
  201 F   -3 -1 -4 -5  0 -3 -4 -4 -4 -1  3 -3  1  2  1 -3 -3  9  1 -2    2   3   1   1   2   1   1   1   0   2  27   2   3   9   8   2   1  27   4   2  1.02 0.49
  202 R   -1  8 -2 -3  0 -2 -2 -4  1 -4 -4 -2 -4 -5 -4 -2 -3 -5 -1 -5    5  71   1   1   2   1   2   1   4   1   1   1   0   0   1   3   1   0   2   1  1.68 0.75
  203 A   -3  6 -2  2 -2 -2 -2  2 -3 -4 -1 -1  0 -5 -5 -2 -2 -5 -2 -4    2  43   1  14   1   1   1  15   0   1   8   2   3   0   0   2   2   0   1   1  0.81 0.50
  204 A    3 -4 -2 -3  0 -4 -4  5 -1 -4 -5 -2 -2 -5 -4  2 -1 -3 -4 -4   25   1   2   1   2   0   0  44   2   1   1   2   1   0   1  12   3   0   0   0  0.88 0.53
  205 R   -5  8 -5 -4  0 -2 -3 -6  0 -7 -5 -2 -5 -4 -5 -4 -4 -3 -3 -6    1  82   0   1   2   1   1   0   3   0   1   1   0   1   1   1   1   0   1   0  2.23 1.00
  206 A    5 -4 -2 -3 -2 -4 -3  3 -3 -4 -5 -4 -5 -6 -4  3 -2 -6 -5 -4   47   1   1   1   1   0   1  20   0   1   1   0   0   0   0  21   2   0   0   0  0.99 0.62
  207 A    6 -5 -2 -4  1 -2 -5 -1 -4 -1 -5 -4 -3 -6 -5  0 -2 -6 -6 -2   72   0   2   1   3   1   0   4   0   4   1   1   1   0   0   6   2   0   0   2  1.34 0.74
  208 G    4 -4 -2 -3 -2 -2 -3  1  0 -1 -1 -4  1 -1 -1  1  0 -5 -2 -1   44   0   1   1   1   1   1   9   2   3   7   0   3   3   3  10   5   0   1   3  0.49 0.39
  209 V   -1 -2  0 -2 -1  5  1 -1 -1 -1  1 -2  1  0 -4 -1 -1 -3 -3 -1    6   2   6   2   1  30   7   5   1   3  16   1   4   5   0   4   4   0   0   5  0.35 0.33
  210 N   -4 -5  8 -2 -4 -4 -4 -3 -4 -7 -7 -2 -6 -7 -5  3 -4 -8 -3 -7    1   0  67   2   0   0   0   1   0   0   0   2   0   0   1  24   0   0   1   0  2.01 0.94
  211 T   -5 -7 -7 -7 -5 -5 -7 -5 -7  7  1 -6  5 -2 -7 -5 -2 -6 -4  0    0   0   0   0   0   0   0   1   0  69   9   0  12   1   0   1   2   0   0   3  1.81 0.80
  212 I   -3 -7 -4 -7 -5 -6 -7 -6 -3  8 -2 -6 -2 -4 -5 -5 -3 -7 -4  3    2   0   1   0   0   0   0   0   1  71   2   0   1   0   1   1   1   0   0  19  1.86 0.81
  213 P   -4 -7 -7 -6 -3 -6 -4 -7 -5 -3 -3 -5 -7 -8  9 -3 -6 -8 -8 -6    1   0   0   0   1   0   1   0   0   2   3   0   0   0  89   2   0   0   0   1  2.91 1.19
  214 H    2 -3 -1 -4 -3 -3 -4 -4  1 -3 -3 -1 -4 -4 -3  3  5 -6 -4  0   20   1   2   0   0   1   0   0   4   1   1   3   0   0   1  21  36   0   0   6  0.76 0.53
  215 S   -1 -2  0 -2 -5 -2 -1 -3 -1 -4 -4 -1 -3 -4 -2  5  4 -6 -4 -4    5   2   4   2   0   1   4   1   1   1   1   3   1   0   2  48  24   0   0   0  0.92 0.60
  216 T   -4 -4 -3 -5 -5 -5 -5 -4 -2 -2 -5 -5 -3 -6 -2  0  8 -6 -4 -4    1   1   1   0   0   0   0   1   1   3   1   0   1   0   2   5  83   0   1   1  2.04 0.98
  217 G   -3 -5 -1 -2 -6 -3 -3  7 -3 -7 -6 -3 -6 -4 -3  0 -1 -1 -5 -4    1   0   3   2   0   1   2  72   0   0   1   1   0   1   1   7   4   1   0   1  1.54 0.72
  218 A    6 -4 -5 -4 -4 -5 -5 -3 -5 -2 -2 -5 -4 -5 -5  1  0 -6 -4 -1   71   1   0   1   0   0   0   1   0   2   4   0   0   0   0   8   6   0   1   4  1.32 0.73
  219 A    6 -3 -4 -2  0 -3 -3 -1 -3 -2 -3 -4 -3 -4 -1  1  0 -6 -5 -1   64   1   0   2   2   1   1   4   1   2   2   0   1   1   4   8   4   0   0   3  1.02 0.62
  220 K   -2  2 -1 -1 -4  0 -1 -3  0 -3 -4  6 -4 -5 -3 -1  0 -6 -4 -3    3   8   3   2   0   3   3   2   2   2   2  57   0   0   1   4   5   0   0   2  1.02 0.59
  221 A    6 -5 -4 -3 -2 -2 -4 -1 -3 -3 -3 -5 -2 -6 -5  1  0  0 -4 -2   69   0   0   1   1   2   1   4   0   1   3   0   1   0   0   7   5   1   1   2  1.21 0.69
  222 L   -2 -6 -6 -6 -3 -6 -5 -7 -6  5  1 -6  1 -3 -6 -4 -1 -6 -5  6    3   0   0   0   1   0   0   0   0  27  14   0   3   0   0   1   3   0   0  49  1.23 0.61
  223 G    1 -2 -2 -1 -4 -2  1  5 -1 -3 -4 -2 -2 -4 -2  0  0 -5 -3 -3   10   2   1   3   0   2  11  48   1   2   1   2   1   1   1   5   7   0   1   2  0.72 0.43
  224 L   -2  2 -2 -3 -3  0  1 -4 -1 -2  1  5 -1 -4 -4 -2 -2  1 -2 -2    3  10   1   1   1   4   7   0   1   2  16  44   1   0   0   2   2   2   1   3  0.68 0.45
  225 V    0 -6 -6 -6 -1 -5 -3 -6 -6  4  0 -5 -2 -1 -6 -3 -3 -6 -4  6    7   0   0   0   1   0   2   0   0  18   8   0   0   2   0   1   1   0   0  57  1.20 0.61
  226 I   -5 -6 -6 -6 -5 -5 -5 -6 -6  5  4 -6  2  3 -6 -4 -3  0 -1  0    0   0   0   0   0   0   1   0   0  36  37   0   5  10   0   1   1   1   2   5  1.09 0.55
  227 P   -5 -7 -5 -5 -7 -5 -5 -5 -5 -7 -7 -3 -7 -7  9 -2 -5 -8 -7 -7    1   0   0   0   0   0   0   1   0   0   1   1   0   0  89   4   1   0   0   0  2.93 1.20
  228 E    0 -2 -1  2 -4  1  6 -2  2 -4 -5 -1 -5 -4 -4  1 -2 -1 -3 -3    7   1   3   9   0   6  46   3   4   1   1   3   0   1   0  10   2   1   1   2  0.79 0.50
  229 L   -5 -6 -6 -7 -3 -5 -6 -7 -4  0  6 -6  1  0 -5 -5 -2 -5 -3 -1    1   0   0   0   1   0   0   0   0   3  79   0   3   4   1   1   2   0   1   3  1.53 0.71
  230 N    1 -1  5  0 -5  0  1 -3 -1 -4 -5  4 -3 -4 -3 -1 -1 -5 -3 -4   12   2  28   4   0   4   9   2   1   1   1  24   0   0   1   4   4   0   1   1  0.63 0.42
  231 G   -4 -2  0  0 -7 -4 -1  7 -6 -7 -7 -3 -6 -5 -5 -3 -5 -4 -6 -7    1   3   4   6   0   0   4  78   0   0   0   1   0   0   1   1   0   0   0   0  1.83 0.81
  232 K   -3  4 -4 -4 -4 -2 -3 -6 -1 -3 -4  7 -5 -7 -3 -4 -4 -7 -6 -6    1  17   0   0   0   1   1   0   2   2   1  71   0   0   1   0   1   0   0   0  1.82 0.86
  233 L   -4 -5 -6 -6 -4 -5 -6 -5 -6  4  5 -6  2  3 -3 -5 -4 -5 -3  1    1   0   0   0   0   0   0   1   0  19  51   0   5  10   1   1   0   0   0   9  1.06 0.54
  234 Q   -2 -2  2  3 -4 -1  0 -2  2 -2 -4 -2 -3 -3 -2  0  5 -1 -2 -3    3   2   9  19   0   3   6   3   5   2   1   2   0   1   2   6  34   1   1   1  0.56 0.41
  235 G    1 -6 -4 -4 -1 -5 -6  7 -6 -7 -5 -5 -6 -6 -6  1 -4 -6 -3 -4   10   0   0   1   2   0   0  74   0   0   1   0   0   0   0   9   1   0   1   1  1.74 0.78
  236 H   -2 -3 -1 -3 -3 -2 -4 -4  1  2  1 -3  7  0 -5  0  1 -2  0  0    2   1   3   1   0   2   0   1   3  13  12   1  31   4   0   6   8   1   4   5  0.63 0.42
  237 A    6 -5 -5 -5 -2 -4 -4 -4 -3 -5 -5 -4 -4 -6 -5  4 -2 -6 -3 -3   66   0   0   0   1   0   0   1   1   0   0   0   0   0   0  26   2   0   1   2  1.51 0.80
  238 Q   -4 -4 -6 -5 -5 -3 -5 -6 -3  3  2 -5  3  6 -6 -4 -2 -2  2  3    1   1   0   0   0   2   0   0   1  14  15   0   7  33   0   1   2   0   6  17  0.92 0.48
  239 R   -4  8 -1 -6  1 -2 -4 -6  2 -4 -6 -2 -3 -4 -5 -4 -5 -7 -3 -6    1  80   3   0   3   1   1   0   4   1   0   1   1   1   0   1   1   0   1   0  2.19 0.96
  240 V   -3 -7 -7 -3 -4 -6 -7 -6 -7  1 -3 -6 -4 -2 -7 -5 -3 -3 -5  7    2   0   0   2   0   0   0   0   0   5   1   0   0   1   0   0   1   0   0  85  2.05 0.90
  241 G   -5 -7 -7 -5 -7 -5 -6 -5 -4 -7 -6 -6 -7 -8  9 -3 -5 -8 -8 -7    0   0   0   0   0   0   0   1   0   0   1   0   0   0  93   2   1   0   0   0  3.16 1.24
  242 V   -2 -5 -3 -6 -3 -5 -5 -6 -6  1 -2 -5 -2 -4 -5 -2  6 -6 -5  4    2   0   1   0   0   0   0   0   0   6   3   0   1   1   0   2  53   0   0  31  1.37 0.73
  243 V    1 -2 -3 -3 -4 -1 -3 -3 -2  1  0 -3 -2 -4  6  0 -1 -6 -5  0   11   2   1   1   0   3   1   1   1   8   9   1   1   0  40   7   4   0   0   7  0.79 0.45
  244 D   -1 -4  6  4  1 -4 -3 -3 -2  0 -5 -3 -5 -4 -5  0  1 -6 -5 -1    4   1  40  21   3   0   1   1   1   5   0   1   0   1   0   7  10   0   0   5  0.96 0.56
  245 G   -1 -6 -5 -6 -1 -5 -5  4 -6 -1 -4 -5  1 -5 -4 -3 -3 -6 -5  6    4   0   0   0   2   0   0  27   0   2   0   0   3   0   1   1   1   0   0  57  1.30 0.67
  246 S   -1 -5 -3 -5  0 -5 -5 -3 -2 -5 -4 -5 -6 -5 -3  7 -1 -7 -6 -5    4   0   1   0   2   0   0   1   1   0   2   0   0   0   1  83   2   0   0   1  1.83 0.92
  247 L    0 -5 -3 -5  0 -4 -5 -5 -5  3  3 -5  2 -1 -5 -2 -2 -5 -2  4    9   0   1   0   2   0   0   1   0  15  24   0   6   2   0   3   2   0   1  33  0.67 0.39
  248 T    1 -5 -4 -5 -1 -4 -5 -5 -5  2  1 -4  1 -4 -5 -1  1 -5 -2  5   11   0   1   0   1   0   0   0   0  11  11   1   4   0   0   4  10   0   1  44  0.75 0.45
  249 E   -4 -5 -1  8 -6 -4  1 -4 -1 -2 -6 -4 -5 -6 -6 -3 -3 -7 -1 -5    1   0   2  76   0   0   7   1   1   3   1   1   0   0   0   1   1   0   3   1  1.96 0.86
  250 L   -4 -6 -6 -7  1 -6 -6 -5 -6  2  6 -6  2  1 -5 -6 -5 -5 -4  0    1   0   0   0   2   0   0   1   0  10  71   0   4   5   1   0   0   0   0   5  1.36 0.63
  251 V   -1 -4  1 -3 -1 -4 -4 -4 -4 -2 -4 -3 -3 -4 -5  0  6 -6 -3  3    4   1   7   1   1   0   1   1   0   1   1   2   0   0   0   7  53   0   1  18  1.04 0.62
  252 A    1 -5 -5 -6  6 -5 -5 -4 -3  1  1 -5 -1  3 -5 -3 -2 -4 -1  4   14   0   0   0  19   0   0   1   1   8  11   0   1  13   0   1   2   0   1  27  0.79 0.44
  253 I   -3  4  0 -1  1  1  1 -4  3  0 -1  0  0 -2 -2 -2  1 -1 -3  0    1  24   5   2   3   7  11   0   7   5   7   4   3   2   1   2   8   1   0   8  0.28 0.26
  254 L   -1 -4 -5 -6 -3 -5 -5 -5 -3  0  5 -5  1 -1 -2 -2  1 -2 -4  2    5   0   0   0   0   0   0   1   1   5  57   0   2   2   2   2   9   1   0  12  0.86 0.48
  255 D    0  0  1  1 -2  0  4 -1 -2 -4 -5  3 -4 -5 -2  1 -1 -5 -4 -3    6   5   5   7   1   3  33   5   0   1   1  18   0   0   2   9   3   0   0   2  0.53 0.37
  256 K   -3  4  0 -2 -3  0 -1 -4 -1 -4 -5  6 -4 -6 -5 -1 -1 -6 -5 -5    2  20   5   2   1   4   4   1   1   1   1  51   0   0   0   3   3   0   0   0  1.10 0.60
  257 K    1 -2  1  2 -3 -1  2  0 -1 -4 -4  1 -4 -5  4  0 -1 -5 -4 -2   12   1   7  11   1   2  14   6   1   0   1   9   0   0  22   8   2   0   0   2  0.48 0.33
  258 V    4 -5 -4 -5 -1 -4 -4 -4 -3  0 -2 -4 -1 -3  0 -2  4 -6 -4  3   30   0   0   0   1   0   0   0   0   4   3   0   2   1   5   1  26   0   0  24  0.73 0.50
  259 T   -3 -3  0  1 -4 -3 -3 -4 -5 -5 -5  3 -3 -4 -2  3  5 -6 -5 -4    1   1   4   7   0   1   1   1   0   0   0  18   0   1   2  25  38   0   0   0  0.95 0.61
  260 A    2 -1 -4 -5 -4 -3 -2 -5 -2  1 -1  0 -1 -2 -1 -3 -2 -2  6  3   16   4   1   0   0   1   2   0   0   7   6   7   1   0   4   1   2   0  28  18  0.55 0.41
  261 D   -1 -3  1  5 -5  0  5 -2 -2 -5 -6  0 -5 -6 -3 -2 -3 -6 -3 -4    6   1   5  31   0   3  40   3   1   0   0   4   0   0   1   2   1   0   1   1  1.05 0.59
  262 E    0 -3  0  4 -6  2  6 -3 -3 -4 -4 -2 -3 -6 -4 -2 -1 -6 -5 -5    7   1   3  23   0   7  46   2   0   1   1   1   1   0   0   2   3   0   0   0  1.04 0.60
  263 V   -3 -6 -5 -6 -5 -6 -6 -7 -7  6  1 -6 -1 -2 -6 -5 -4 -6 -5  5    1   0   0   0   0   0   0   0   0  48  10   0   1   2   0   1   0   0   0  35  1.44 0.67
  264 N   -4 -1  7 -2  2 -2 -3 -4  1 -2 -2  4 -1 -4 -5 -3 -2 -6 -5 -3    1   2  47   1   4   1   1   1   3   2   4  26   1   1   0   1   2   0   0   2  1.16 0.65
  265 A    3  1  1  1 -2  1  2 -2 -1 -4 -4  3 -3 -5 -4  0 -1 -5 -4 -3   29   6   6   8   1   7  11   2   2   0   1  18   0   0   0   4   3   0   0   1  0.43 0.35
  266 A    4 -3 -4 -4 -1 -3 -2 -4 -2  0  1 -1  1 -1 -3 -2  0 -3 -1  3   36   1   0   0   1   0   3   0   1   5  14   3   3   3   1   1   5   0   2  18  0.42 0.35
  267 I   -4 -5 -6 -6 -5 -5 -5 -6 -5  4  3 -4  4  5 -6 -5 -4 -4  0  3    1   0   0   0   0   0   0   0   0  19  24   1  10  22   0   0   0   0   2  19  0.96 0.50
  268 K   -1  4 -4 -3 -5  0  1 -5 -2 -2 -3  6 -1 -6 -5 -3 -3 -4 -5 -3    5  19   0   1   0   4   9   0   1   3   2  49   2   0   0   1   1   0   0   1  1.04 0.60
  269 K    2  0  0  0 -3  3  4 -2  0 -4 -3  3 -3 -5 -4 -1 -1 -5 -4 -4   16   5   5   4   0  14  26   2   2   0   2  15   0   0   0   2   4   0   0   0  0.53 0.39
  270 H    6 -2 -2 -5 -5 -1  0 -3  1 -5 -3 -2 -3 -4 -5 -1 -3 -3  1 -3   67   2   2   0   0   3   6   1   3   0   2   3   1   1   0   4   0   0   5   1  1.12 0.67
  271 T    5 -4 -3 -3 -2 -3 -2 -3 -5 -3 -3 -3 -2 -4 -3  5 -1 -4 -5 -3   40   0   0   1   1   1   2   1   0   1   3   1   1   1   1  41   3   0   0   1  1.00 0.63
  272 E    0 -1  0  1 -4  2  5 -3 -1 -4 -4  2 -4 -4 -2 -1 -2 -5 -3 -4    9   3   5   8   0   7  42   1   1   1   2  11   0   1   2   4   2   0   1   1  0.70 0.45
  273 G   -2 -3  1 -3 -3 -2 -3  5 -1 -3  1 -2  1 -2 -4  1  0 -1 -1 -4    2   1   7   1   1   1   1  42   1   1  16   2   4   1   1   9   5   1   3   1  0.59 0.39
  274 N   -2  0  1 -1 -3 -1 -1  0  0 -5 -5  4 -5 -5  5  0 -3 -1 -1 -5    2   5   8   3   1   3   3   7   2   0   0  26   0   0  29   7   1   1   2   0  0.77 0.47
  275 E   -3 -2  0 -1 -5 -2  0  4 -2 -3  3 -2  3 -4 -1 -2 -3 -5 -3 -4    1   3   5   4   0   1   5  35   1   0  28   2   9   0   4   2   1   0   1   0  0.59 0.42
  276 S   -4 -2 -4 -5 -5 -1 -4 -6 -4  6 -1  4 -1 -3 -5 -3 -2 -3  0  2    1   1   0   0   0   2   0   0   0  40   4  25   1   0   0   1   2   0   4  16  0.93 0.55
  277 F   -5 -6 -7 -6 -5 -6 -6 -7 -6  3  6 -6  3  0 -7 -5 -4 -3 -2  1    0   0   0   0   0   0   0   0   0  14  66   0   6   3   0   1   0   0   1   7  1.35 0.65
  278 G    1 -1 -2  2 -3  0  0  5 -1 -4 -5  0 -3 -5 -4  0 -1 -4 -4 -4   14   4   1  12   0   4   7  38   2   1   1   5   0   0   0   7   3   0   0   0  0.61 0.39
  279 Y   -4 -6 -4 -7 -1 -5 -6 -7 -2  1 -2 -6 -2  2 -7 -4 -3  1  8  3    1   0   1   0   1   0   0   0   1   6   3   0   1   6   0   1   2   1  58  18  1.80 0.84
  280 N   -2 -4  2 -1  3 -2  0 -4 -5 -2 -4 -4 -4 -6 -5  3  6 -6 -5 -1    2   0   8   3   5   1   7   0   0   2   1   0   0   0   0  19  47   0   0   3  0.97 0.62
  281 D   -2 -2  1  4 -6 -2  5 -4  0 -5 -5  0 -4 -3 -3 -1  0 -1 -2 -4    4   2   5  26   0   1  38   1   2   0   1   5   0   1   1   3   6   1   2   1  0.85 0.53
  282 D   -2 -1 -1  6 -7  0  5 -4 -2 -5 -3  0 -5 -4 -5 -2 -4 -7 -4 -5    4   4   2  40   0   3  32   1   1   0   3   5   0   1   0   2   1   0   1   1  1.09 0.61
  283 E   -1 -4 -3  1 -5  3  3 -5 -4 -6 -4 -1 -2 -6  6 -2 -4 -7 -3 -5    5   0   1   8   0  14  16   1   0   0   2   4   1   0  43   3   0   0   1   0  1.20 0.66
  284 I   -2 -3 -4 -6 -2 -5 -5 -5 -4  3  4 -5 -1 -1 -5 -4 -2 -3 -3  4    3   1   1   0   1   0   0   1   0  15  45   0   1   2   0   1   1   0   0  25  0.90 0.50
  285 V   -1 -7 -6 -7 -3 -7 -7 -7 -7 -1 -3 -6 -4 -4 -7 -5 -3 -7 -6  8    4   0   0   0   0   0   0   0   0   1   1   0   0   1   0   1   1   0   0  90  2.24 0.99
  286 S   -3 -6 -4 -5 -6 -5 -5 -5 -6 -7 -6 -5 -6 -7 -4  8 -3 -8 -7 -5    0   0   0   0   0   0   0   0   0   0   1   0   0   0   1  96   0   0   0   1  2.49 1.17
  287 S   -1 -1 -2 -4  5 -1 -3 -3 -3  1 -3 -3 -1 -4 -4  5  3 -6 -2  0    4   3   2   0  10   3   1   1   0   8   1   1   1   0   0  40  17   0   1   6  0.71 0.50
  288 D   -6 -4  0  8 -8 -5 -2 -4 -6 -8 -8 -5 -5 -8 -6 -4 -5 -4 -5 -6    0   1   4  90   0   0   1   1   0   0   0   0   0   0   0   0   1   0   0   0  2.66 1.10
  289 V   -5 -6 -7 -6 -2 -6 -7 -7 -3  3  0 -6 -2  7 -7 -6 -4 -4  3  1    0   0   0   0   1   0   0   0   1  19   9   0   1  51   0   0   1   0   8   9  1.54 0.70
  290 I   -2  0  4 -4 -3 -2 -3 -4 -2  4  1  0 -1 -3 -5 -3 -1 -5 -4  2    2   6  20   0   0   2   1   0   1  29  11   5   1   0   0   1   3   0   0  17  0.57 0.40
  291 G   -1 -2  1 -3 -1 -1 -4  6  3 -5 -6 -2 -3 -6 -5  2 -1 -4 -5 -6    3   2   6   1   2   2   0  54   7   1   0   2   1   0   0  14   4   0   0   0  1.08 0.58
  292 T   -3  0  4  5  1 -3  0 -4  0 -4 -5 -3 -1 -6 -5  2  0 -5 -5 -4    2   4  22  38   3   0   5   1   2   1   1   0   2   0   0  13   6   0   0   1  0.95 0.55
  293 T   -1 -1  0 -1 -3 -2  0 -4 -1 -2 -5 -1 -4 -6  5  2  4 -6 -4 -3    4   3   4   3   0   2   5   1   1   2   1   4   0   0  29  15  24   0   0   1  0.76 0.49
  294 F    1  2 -1 -5  2 -2  0 -5  8 -5 -4 -3 -3  0 -5 -3 -3 -3  3 -3   11  13   2   0   4   2   6   0  39   0   1   1   1   4   0   1   1   0  10   2  1.15 0.62
  295 G    0 -2  1 -1  3 -1  0  0 -2  0  0 -2 -1  1  1  0  1 -2 -1  0    8   0   8   0   8   0   8   8   0   8   8   0   0   8   8   8   8   0   0   8  0.08 0.09
  296 S    1 -2 -1 -2  2 -2 -2  1 -2 -1 -1 -2  1  0  0  3  1 -3  0 -1    8   0   0   0   6   0   0   9   0   4   4   0   4   4   4  40   6   0   4   4  0.26 0.24
  297 I   -1 -3  0 -3 -2 -1 -1 -3 -3  4  0 -2  1  0 -3 -1  2 -3  0  2    3   0   5   0   0   3   3   0   0  33   5   0   3   3   0   3  17   0   3  18  0.27 0.22
  298 F   -1 -3 -3 -4 -3 -3 -3 -2  0  1  0 -3  1  5 -4 -2 -2  2  2  2    3   0   0   0   0   0   0   2   3   8   5   0   4  37   0   3   0   2   7  22  0.49 0.29
  299 D    0 -4  1  7 -1 -2 -1 -2  0 -5 -4 -3 -5 -5 -2 -2 -3 -5 -2 -3    9   0   6  66   1   1   2   3   2   0   2   0   0   0   2   2   0   0   1   2  1.23 0.57
  300 P    3 -2 -2 -1 -1 -1 -1  1 -1 -1  1 -1 -1 -2  1  1  0 -1 -2 -1   33   1   1   2   1   1   3   8   1   2  15   2   1   1   6  12   4   1   1   3  0.20 0.21
  301 T   -1  0  0  1 -1  1  0  1 -1 -2 -1  1 -1 -2  1  0  1 -3 -1 -2    3   4   3  10   1   5   4  14   1   1   9  13   1   1   8   7   9   0   2   3  0.13 0.13
  302 Q    4 -2 -2 -1 -1  1  0 -2 -2 -2  1 -2  0 -1 -3  1 -1  3 -2 -2   35   2   2   3   1   7   6   2   1   1  15   1   3   2   1  10   2   4   1   1  0.32 0.30
  303 T   -2 -3 -2 -3  0 -2 -4  3 -5 -1 -3 -4 -1 -5 -4  1  6 -5 -5 -2    2   1   1   1   2   1   0  21   0   4   2   0   1   0   0   8  51   0   0   2  0.97 0.57
  304 E   -2  1  0 -2  0  1 -2 -4 -1  4  0  2  3 -1 -2 -2 -1 -4  0 -1    2   7   4   2   2   8   2   1   1  27   5  12  10   2   2   3   4   0   3   3  0.31 0.27
  305 V    2 -2 -2 -4  0  0 -2 -3 -3  0 -1 -2  1 -3 -3  0  0 -4 -3  5   19   2   2   0   2   5   2   1   1   4   4   2   3   1   1   6   4   0   1  38  0.46 0.34
  306 T   -2 -2 -1 -4 -1 -2 -2 -4 -2  2  3 -2  3 -1 -3 -1  1 -4 -2  2    3   2   3   1   1   1   2   1   1  13  31   2   7   2   1   6  10   0   1  12  0.39 0.25
  307 S    0  0  3  0 -1  0 -1  3  0 -2 -2  0  0 -3 -1  1  0 -1 -2 -2    7   4  16   5   1   3   4  20   2   2   4   4   2   1   3  11   5   1   1   3  0.22 0.14
  308 D   -1 -1  0  4 -1 -1  1  0  0 -2 -1  0 -1 -2  1 -1 -1 -1 -2 -1    6   4   5  29   1   2   7   8   2   2   5   5   1   2   6   4   3   1   1   5  0.28 0.14
  309 G    0  0  1  0  0  0  0  2  0 -1 -1  0  0 -1  0  0  0  0 -1 -1    8   5   8   4   3   4   4  15   2   4   7   4   2   4   4   7   6   1   2   5  0.04 0.02
  310 D   -1  0  3  3 -1  0  1  0  0 -1 -1  0 -1 -1 -1  0  0 -1 -1 -1    5   4  14  16   1   3  10   8   2   3   5   6   1   3   3   4   5   1   1   4  0.15 0.08
  311 N   -1 -1  1  1  1 -1 -1  3  0 -2 -2  1 -1 -2  0  0 -1 -2 -2 -2    4   3   8   7   3   2   4  28   2   3   4   9   1   1   5   7   3   0   2   3  0.24 0.14
  312 Q   -2  2  5  0 -2  0 -2 -2  4 -2 -4  2 -2 -4 -2 -1  1 -4 -2 -4    3  10  28   5   1   4   2   3   9   2   2  11   1   1   2   4   8   0   1   1  0.53 0.33
  313 L   -4 -3 -3 -5 -1  0 -4 -5  0 -1  3 -3  6  5 -5 -3 -1 -1  0 -2    1   1   1   1   1   5   1   1   2   3  27   2  17  25   1   2   3   1   3   2  0.84 0.46
  314 V    0 -5 -6 -5  1 -5 -4 -4 -3  2  1 -5  0  1 -5 -4 -3 -2  1  6    7   0   0   1   3   0   1   1   1  11  10   0   2   6   0   1   1   1   5  49  0.94 0.51
  315 K   -4  3 -2 -5 -6 -2 -2 -3 -3 -3 -5  7 -5 -3 -5 -3 -1 -6 -3 -4    1  13   2   0   0   1   1   2   1   2   1  66   0   1   0   2   4   0   1   1  1.54 0.76
  316 T   -4 -6 -6 -6 -1 -5 -6 -5 -6  4  4 -5  1 -1 -4 -5 -1 -5 -4  5    1   0   0   0   1   0   0   1   0  19  33   0   2   3   1   0   4   0   0  34  1.01 0.53
  317 V   -2 -4 -3 -5 -2 -2 -4 -3 -2  3  2 -3  2  2 -5 -1 -1 -4  3  3    3   1   1   0   1   2   0   2   1  16  18   1   5   7   0   4   3   0   9  25  0.49 0.33
  318 A    4 -5 -3 -5  2 -4 -4  1 -5 -1 -1 -4 -4 -2 -4  3  0 -2 -5  1   34   0   1   0   5   0   0  11   0   3   5   0   0   2   0  23   4   1   0  10  0.63 0.45
  319 W   -8 -8 -9 -9 -3 -8 -8 -6 -4 -8 -5 -8 -1 -1 -9 -8 -8 13 -1 -8    0   0   0   0   1   0   0   1   1   0   1   0   2   3   0   0   0  90   2   0  4.68 1.62
  320 Y   -7 -5 -7 -5  1 -4 -7 -8  1 -6 -6 -7 -6  2 -8 -7 -7 -3 10 -6    0   1   0   1   3   1   0   0   2   0   0   0   0   6   0   0   0   0  85   0  3.17 1.22
  321 D   -4 -6 -1  8 -8 -5 -2 -4 -2 -7 -8 -5 -7 -8 -6 -4 -6 -8 -4 -7    1   0   2  90   0   0   2   1   1   0   0   0   0   0   0   1   0   0   1   0  2.68 1.06
  322 N   -5 -4  9 -3 -7 -4 -5 -4 -1 -6 -7 -5 -6 -7 -6 -2 -3 -8 -4 -7    1   0  89   1   0   1   0   1   1   1   0   0   0   0   0   3   1   0   1   0  2.72 1.06
  323 E   -4 -5 -5 -3 -7 -1  8 -2 -5 -5 -7 -3 -6 -5 -6 -5 -4 -7 -6 -3    1   0   0   0   0   1  89   3   0   1   0   1   0   1   0   0   1   0   0   2  2.29 0.99
  324 Y   -3 -5 -4 -7 -2 -5 -6 -5 -4 -2 -2 -5  1  4 -7 -3 -2 11  5 -3    3   0   1   0   1   0   0   1   0   2   4   1   4  15   0   2   3  44  17   2  2.06 0.83
  325 G    0 -6 -3 -4 -3 -6 -6  7 -6 -7 -7 -4 -4 -7 -6  1 -5 -7 -7 -4    7   0   1   1   1   0   0  79   0   0   0   1   0   0   0   9   0   0   0   1  1.93 0.80
  326 F   -7 -7 -7 -5 -4 -7 -7 -8  0 -3 -6 -7 -2  5 -8 -7 -4 -3  9 -6    0   0   0   1   0   0   0   0   2   2   0   0   1  18   0   0   1   0  75   0  2.85 1.07
  327 T    3 -4 -3 -5  1 -4 -4 -3 -5 -4 -6 -4 -5 -5 -4  6  1 -7 -6 -1   25   1   0   0   3   0   0   2   0   1   0   0   0   0   0  57   6   0   0   5  1.23 0.68
  328 C    0 -1  6 -3  5  1 -3 -4  4 -5 -3 -1 -1 -4 -5  1  0 -3 -1 -4    8   3  35   0  12   5   0   0   9   0   2   4   2   0   0  10   4   0   2   1  0.83 0.48
  329 Q   -5  8 -3 -6 -8  4 -4 -7 -1 -7 -7  0 -3 -7 -4 -4 -4 -1 -6 -6    0  73   1   0   0  17   0   0   1   0   0   3   1   0   1   0   1   1   0   1  2.12 0.89
  330 M   -3 -6 -6 -7  0 -5 -6 -5 -6  2  3 -6  6 -2 -6 -5 -2 -6 -2  5    1   0   0   0   2   0   0   1   0  11  23   0  19   1   0   0   2   0   1  40  1.13 0.54
  331 V    0 -4 -5 -6  1 -4 -4 -4 -3  3  3 -2  1 -3 -5 -3 -3 -5 -2  5    7   1   0   0   2   0   1   1   0  14  25   3   2   0   0   2   1   0   1  37  0.70 0.39
  332 R   -6  2 -2  7 -2 -2  2 -4 -2 -7 -5 -1 -7 -7 -6 -2 -5 -8 -7 -7    0  12   1  67   1   1  10   1   1   0   1   4   0   0   0   2   0   0   0   0  1.73 0.74
  333 T   -3 -5 -3 -6 -3 -3 -4 -6  0  1  5 -5  3 -1 -6 -4  1 -3 -4  2    1   0   1   0   0   1   1   0   3   5  59   0   6   2   0   1   9   0   0  11  0.95 0.49
  334 L    3 -4 -5 -5 -1 -4 -4 -3 -5  4  2 -3  3 -2 -4 -2  0 -5 -3  2   24   0   0   0   1   0   0   1   0  24  18   1   8   1   0   1   6   0   0  14  0.57 0.35
  335 L    1  2  0 -1 -2  1  2 -1 -2  0  0  2 -1 -2 -3 -1 -2 -4 -3  1   14  10   3   1   1   4  14   3   1   4  11  16   1   1   0   3   1   0   0  11  0.17 0.18
  336 K    0  1 -3 -4 -4  0 -2 -5  6 -2  0  1  0  1 -5 -3 -3 -2  6 -2    7   7   1   1   0   5   2   0  20   2   8   9   2   5   0   1   1   0  27   3  0.75 0.42
  337 F   -3 -5 -6 -6 -2 -5 -6 -6 -5  4  1 -4  7  1 -6 -5 -2  2  1  3    1   0   0   0   1   0   0   0   0  23  12   0  33   5   0   0   3   3   4  16  1.10 0.51
  338 A    5 -4 -2 -3 -2 -1 -2  1  0 -3 -4 -3 -2 -5 -4  1  0 -5 -4 -2   60   0   1   1   1   3   1  10   2   1   1   1   1   0   0  10   5   0   0   2  0.82 0.45
  339 T   -1 -1  0 -2 -4  1  2  0 -3 -5 -5  4 -4 -3 -3  4  1 -5 -4 -4    2   1   3   1   0   5  11   7   0   0   0  30   0   1   0  32   7   0   0   0  0.61 0.37
  340 L   -3 -4 -5 -5 -3 -4 -5 -5 -4  3  3 -4  3  3 -5 -4 -2 -3 -2  4    0   0   0   0   0   0   0   0   0  15  33   0   7  13   0   0   0   0   0  32  0.72 0.27

                      K         Lambda
Standard Ungapped    0.1334     0.3164
Standard Gapped      0.0410     0.2670
PSI Ungapped         0.2034     0.3178
PSI Gapped           0.0623     0.2670
