
Last position-specific scoring matrix computed, weighted observed percentages rounded down, information per position, and relative weight of gapless real matches to pseudocounts
           A  R  N  D  C  Q  E  G  H  I  L  K  M  F  P  S  T  W  Y  V   A   R   N   D   C   Q   E   G   H   I   L   K   M   F   P   S   T   W   Y   V
    1 M   -5 -6 -7 -8 -6 -5 -6 -7 -6 -3 -2 -6 11 -4 -7 -6 -5 -6 -5 -3    0   0   0   0   0   0   0   0   0   0   0   0 100   0   0   0   0   0   0   0  3.54 1.07
    2 V    1 -4 -4 -4 -5 -4 -4 -3 -4 -3 -3 -3  8 -4 -1  1  4 -6 -5  0   13   0   0   0   0   0   0   2   0   0   0   1  39   0   4   9  23   0   0   7  1.11 0.61
    3 V   -2 -5 -4 -6 -2 -5 -5 -3 -4  5  1 -2  4 -3 -4 -4  0 -2 -3  4    3   0   1   0   1   0   0   2   0  35   9   3  11   0   1   1   6   1   1  26  0.85 0.46
    4 K   -4  6  2 -5 -7 -2 -4 -6 -2 -7 -7  6 -4 -6 -3 -3 -3 -7 -2 -6    1  39   8   0   0   1   0   0   1   0   0  45   0   0   1   1   2   0   2   0  1.56 0.74
    5 V   -4 -7 -7 -8 -5 -7 -7 -8 -8  5  0 -7 -2 -3 -7 -6 -4 -7 -6  6    1   0   0   0   0   0   0   0   0  33   8   0   1   1   0   0   1   0   0  56  1.73 0.76
    6 G    4 -1 -5 -6 -3 -5 -4  6 -6 -4 -4 -5 -6 -1 -6 -3 -5 -7 -6 -1   32   4   0   0   1   0   1  52   0   1   1   0   0   2   0   1   0   0   0   5  1.33 0.68
    7 I   -6 -8 -8 -8 -6 -8 -7 -7 -8  8  1 -8 -2 -4 -8 -7 -6 -7 -6  2    0   0   0   0   0   0   0   0   0  75  14   0   0   0   0   0   0   0   0  10  2.16 0.90
    8 N   -7 -6  9 -4 -8 -5 -6 -6 -2 -8 -7 -4  1 -4 -8 -2 -5 -8  1 -6    0   0  85   0   0   0   0   0   1   0   0   1   3   1   0   3   0   0   5   1  2.69 1.16
    9 G   -5 -2 -6 -7 -8 -7 -4  8 -7 -9 -9 -7 -8 -8 -5 -5 -4 -8 -8 -8    0   2   0   0   0   0   2  93   0   0   0   0   0   0   1   1   1   0   0   0  2.64 1.09
   10 F   -5 -7 -8 -8 -2 -8 -8 -8 -2 -5  0 -8  1  9 -8 -6 -5 -4  1 -5    1   0   0   0   1   0   0   0   1   0  10   0   3  78   0   1   1   0   4   1  2.53 1.01
   11 G   -4 -7 -4 -2 -7 -7 -5  8 -7 -8 -8 -6 -8 -8 -7 -4 -7 -7 -8 -8    1   0   1   3   0   0   1  93   0   0   0   0   0   0   0   1   0   0   0   0  2.64 1.08
   12 R   -7  9 -3 -5 -3 -3 -3 -7  1 -8 -5 -3 -7 -8 -5 -6 -6 -8 -4 -5    0  87   1   1   1   1   2   0   4   0   1   1   0   0   1   0   0   0   1   1  2.62 1.15
   13 I   -5 -8 -4 -8 -3 -8 -8 -8 -8  8 -3 -8  0 -4 -8 -6 -3 -8 -6 -1    1   0   1   0   1   0   0   0   0  86   1   0   2   1   0   1   2   0   0   3  2.45 1.05
   14 G   -4 -4 -4 -7 -8 -7 -7  8 -7 -9 -9 -7 -8 -8 -5 -5 -7 -3 -8 -8    1   1   1   0   0   0   0  95   0   0   0   0   0   0   1   1   0   1   0   0  2.76 1.17
   15 R   -7  8 -6 -7 -2 -3 -5 -6 -2 -6 -6  2 -4 -8 -7 -5 -5 -3 -4 -6    0  81   0   0   1   1   0   1   1   0   1   9   0   0   0   1   1   0   1   1  2.47 1.14
   16 L    0 -4  2 -4  3  0 -5 -4  0  1  4 -4  2 -3 -5  0 -1 -5 -3 -1    7   1  11   1   7   4   0   1   2   7  39   0   6   1   0   6   4   0   1   3  0.53 0.40
   17 A    0 -6 -7 -7 -1 -5 -6 -6 -6  3  2 -6 -1  2 -6 -4 -2 -6 -3  5    8   0   0   0   1   0   0   0   0  12  17   0   1  10   0   1   3   0   1  45  1.03 0.57
   18 L    1 -6 -4 -6 -1 -5 -6 -6 -2 -1  4 -6  0  5 -6 -4  1 -2  0 -1   11   0   1   0   1   0   0   0   1   3  36   0   2  26   0   1  10   1   3   4  0.87 0.53
   19 R   -6  9 -3 -7 -9 -2 -5 -6 -3 -8 -5  0 -4 -8 -8 -4 -5 -3 -7 -6    0  86   1   0   0   1   1   1   1   0   1   4   1   0   0   1   1   0   0   1  2.66 1.21
   20 R    4 -1  0 -4  2  0 -2 -4 -1  3  0 -3 -1 -3 -4 -1 -2 -5 -3  0   36   3   4   1   3   5   3   1   2  16  11   1   1   1   1   4   2   0   1   6  0.45 0.37
   21 I    4 -5 -3 -6  2 -5 -5 -3 -2  2  3 -4  1 -1 -5  0 -2  3 -1 -1   30   0   2   0   4   0   0   2   1  13  26   0   3   2   0   6   2   4   2   3  0.63 0.44
   22 Q   -1 -3 -4 -4  0 -2 -3 -5  2  2  3 -4  2  3 -5 -2 -2  3  1  0    5   2   1   1   2   2   2   1   4  12  30   1   4  12   0   3   2   3   5   6  0.45 0.31
   23 E   -2 -2  1  2 -3  2  5 -1  1 -5 -3  0 -3 -4 -4  0 -1 -6 -3 -3    4   2   8   8   1  10  38   4   3   0   3   5   0   1   0   7   4   0   1   2  0.65 0.47
   24 V   -3  5  3  2 -3  1 -2 -3  2 -4 -3  2  0 -3 -4  1 -2  0 -1 -3    2  27  12  10   1   5   1   2   5   1   2  10   2   1   0  12   2   1   2   2  0.54 0.40
   25 E   -1 -2  1  3 -5 -1  1  2 -2 -4 -4  2 -3 -5  4  0 -1 -5 -3 -4    4   2   8  15   0   2   8  15   1   1   2  12   0   0  20   6   4   0   1   1  0.49 0.36
   26 G   -2  0  2  4 -4  0  1  2  0 -4 -3  2 -3 -4 -2 -1 -2 -5 -3 -4    2   4  10  24   0   3  10  18   2   1   3  12   0   1   2   4   2   0   1   1  0.49 0.35
   27 V   -2 -5 -5 -3  0 -4 -5 -5 -3  5  3 -4  1  2 -6 -4 -3 -2 -1  3    2   0   1   2   2   1   0   1   1  28  25   1   2  10   0   1   1   0   1  22  0.79 0.44
   28 E   -2  2  2  3 -6  2  5 -4  0 -3 -4  1 -5 -6 -3 -1 -2 -6 -5 -3    2   9   8  14   0   9  35   1   2   2   1   8   0   0   1   3   2   0   0   2  0.71 0.48
   29 V   -4 -6 -7 -5 -2 -6 -6 -7 -7  5  2 -4 -1  0 -3 -6 -3 -2 -5  5    1   0   0   1   1   0   0   0   0  30  19   1   1   3   2   0   1   1   0  39  1.19 0.61
   30 A    0  0 -4 -6 -1 -3 -4 -5 -6  0 -3  0 -2 -5 -4 -3 -1 -6 -5  6    9   6   1   0   2   1   1   1   0   4   1   6   1   0   1   1   4   0   0  60  1.11 0.64
   31 H    6 -1 -5 -5 -2 -3 -5  1  2 -3 -2 -3 -2 -4 -5 -2 -3 -2 -5  0   62   3   0   0   1   1   0   8   5   1   3   1   1   1   0   2   1   1   0   8  1.10 0.66
   32 I   -3 -6 -4 -6 -2 -6 -6 -5 -7  7 -1 -3 -1 -3 -4 -6 -3 -6 -5  4    2   0   1   0   1   0   0   1   0  60   4   2   1   1   1   0   1   0   0  23  1.60 0.76
   33 N   -4 -3  8 -3 -1 -3 -6 -2 -1 -7 -7 -4 -7 -3 -7  0 -5 -8 -7 -2    2   1  73   1   1   1   0   4   2   0   0   1   0   2   0   7   0   0   0   3  2.17 1.06
   34 D   -2 -4 -1  7 -3 -3  0 -1  1 -7 -7 -3 -6 -2 -6  1 -1 -7 -6 -4    4   1   3  57   1   1   6   6   3   0   0   2   0   2   0   9   3   0   0   2  1.33 0.73
   35 L   -2  1 -3 -3 -5 -2 -3 -4 -5  1  3 -2  0  3  3 -1  1  0 -2 -1    2   7   1   1   0   2   2   1   0   9  25   2   2  14  13   6   8   1   1   3  0.39 0.32
   36 T    2 -3  0 -2 -1 -2 -3  2  0  2 -2 -2  2 -1 -4  0  1 -1 -1  0   19   1   4   2   1   1   2  16   3  12   3   2   5   2   0   8  11   1   2   5  0.25 0.25
   37 D   -2 -2  1  5 -6 -2  0  0 -2 -4 -6 -2 -6 -3  2  2  0 -6 -3 -4    4   2   6  32   0   2   6   7   1   1   0   3   0   1  11  12   5   0   1   1  0.65 0.48
   38 P    1 -2 -1 -2 -1 -2 -3 -3 -2  2  1 -1  0 -1  3 -2  1  0 -2  1   14   2   3   2   1   2   2   2   1  10  16   3   2   2  16   3   8   1   1   9  0.25 0.22
   39 A    0 -1  0  3 -6  0  5 -3  1 -2 -3  2 -5 -6 -2  0 -2 -6 -5 -3    8   2   5  13   0   3  31   2   3   2   2  11   0   0   2   6   3   0   0   2  0.54 0.43
   40 M   -1 -2  1  0  0  0  0 -2  0  0 -1  0  2 -1 -2 -1  2  1  4 -1    4   2   6   5   2   5   5   3   2   6   4   5   6   2   2   5  14   2  17   3  0.21 0.26
   41 L   -1 -1 -1 -2  1 -1 -4 -2  1  1  2 -1  5  1 -4 -2 -1  2  1  0    6   3   3   3   3   3   0   3   3   9  18   3  17   5   0   3   3   3   4   6  0.29 0.27
   42 A    0  0  0  0  2  0  0 -1  1  0 -1  0  1  0  0  0  0 -2  1  0    5   5   5   5   5   5   5   5   5   5   5   5   5   5   5   5   5   0   5   5  0.03 0.05
   43 H   -5 -2 -2 -2 -4 -5 -4 -6  7 -7 -5 -4 -4 -2 -3 -2 -5 -2  8 -6    1   2   2   3   0   0   1   0  26   0   1   1   0   1   2   4   1   0  52   0  2.16 0.99
   44 L   -3 -3 -5 -7 -2 -2 -6 -6 -6 -2  6 -4  6 -3 -7 -2 -3 -6 -1 -2    2   2   1   0   1   2   0   1   0   1  60   1  21   1   0   3   1   0   2   1  1.44 0.74
   45 L   -4 -5 -7 -8 -3 -7 -7 -6 -7  2  5 -7  1  5 -7 -6 -1 -5 -2 -3    1   1   0   0   0   0   0   1   0   9  55   0   2  24   0   0   4   0   1   1  1.43 0.70
   46 K   -3  3  0 -5 -3  3  1 -5  0 -5 -5  6 -1 -7 -4 -3 -2  0 -6 -5    2  14   4   0   1  10   8   1   2   1   1  49   1   0   1   1   3   1   0   1  1.19 0.68
   47 Y   -4  0 -1 -7 -3 -4 -6 -7  5 -6 -5 -4 -6  3 -7 -4 -3 -1  9 -5    1   5   3   0   1   1   0   0  12   0   1   1   0  10   0   1   2   1  59   1  2.15 0.98
   48 D   -5 -5 -2  9 -8 -6 -3 -5 -7 -8 -9 -6 -8 -8 -7 -4 -7 -9 -3 -8    1   1   1  90   0   0   2   1   0   0   0   0   0   0   0   2   0   0   1   0  2.93 1.26
   49 T   -4 -6 -5 -6 -6 -6 -4 -4 -6 -7 -7 -6 -7 -4 -4  7  4 -8 -4 -7    1   0   0   0   0   0   1   1   0   0   0   0   0   1   1  73  19   0   1   0  2.03 1.07
   50 T    0 -4 -2 -6 -2 -2 -4 -5 -3  2 -2 -4  0 -3 -4 -2  5 -6 -4  5    6   1   2   0   1   2   1   1   1  10   3   1   2   1   1   3  30   0   1  35  0.91 0.55
   51 Q   -6 -2 -4 -7 -8 -2 -5 -6 10 -8 -2 -5  0  1 -5 -3 -5 -3  5 -8    1   2   1   0   0   2   1   1  58   0   4   1   2   5   1   2   1   0  17   0  2.41 1.12
   52 G   -4 -1 -3 -5 -3 -7 -5  7 -1 -8 -6 -3 -8 -8 -8 -4 -5 -8 -8 -5    1   4   2   1   1   0   1  82   2   0   1   2   0   0   0   1   1   0   0   1  2.23 1.07
   53 R   -2  5 -2 -4 -4  1 -2 -5 -1 -1 -4  3 -3 -4  1 -2  0 -7 -2 -1    4  33   2   1   1   6   2   1   1   4   2  18   1   1   8   3   6   0   1   4  0.73 0.50
   54 F   -3 -7 -2 -4  1 -5 -7 -5 -3 -3  1 -5 -2  8 -5 -3 -5  6  3 -4    3   0   2   1   3   1   0   1   1   1  13   1   1  48   1   2   1   9   9   1  1.52 0.77
   55 K   -1  0  2  2 -6 -1  1 -1  2 -3 -4  3 -5 -3  4 -1 -2 -6 -3 -5    4   4  10  11   0   3   8   5   4   1   2  20   0   2  17   5   3   0   1   0  0.48 0.36
   56 G    0  0 -1 -1 -3 -2  0  5  3 -2 -3  1 -2 -1 -2 -2 -3 -1  0 -3    8   5   3   4   1   2   5  36   7   2   3   7   1   3   2   3   1   1   3   2  0.48 0.33
   57 T   -1 -2  0  2 -2 -1  4 -3 -2 -3 -4  1 -3 -3  1  0  3 -2 -4 -2    5   2   4  13   1   2  22   2   1   2   1   8   1   1   7   6  16   1   1   3  0.44 0.35
   58 V   -2 -7 -3 -4 -1 -3 -5 -7 -7  5 -1 -7 -1  0 -7 -7 -4 -7 -3  6    4   0   1   1   1   1   1   0   0  25   6   0   1   4   0   0   1   0   1  50  1.46 0.71
   59 E    0  0  0  0  2  0  3 -2  0 -3 -4  3 -2 -4 -2  2  0 -2 -2 -2    7   6   3   5   4   4  16   3   2   1   2  18   1   1   2  15   7   1   1   3  0.34 0.30
   60 V    2 -3 -2 -3 -1 -2 -2 -2  2  1  0 -2 -1  1  0 -1  0  0  1  3   15   1   2   1   1   2   3   2   5   6   8   2   1   6   5   4   6   1   6  23  0.21 0.22
   61 K   -2  0  1  4 -1 -1  3  0  1 -2 -3  1 -2 -3 -4  1  1 -5 -1 -2    3   5   6  20   1   2  17   6   3   2   2  10   1   1   0   9   8   0   2   2  0.34 0.29
   62 E   -2 -1  3  4 -5 -1  2  2 -1 -3 -3  0  0 -5  0 -2 -2 -6 -3 -4    3   2  12  24   0   2  13  16   1   2   3   6   3   0   4   3   2   0   1   1  0.47 0.37
   63 D   -3 -2  3  4 -2 -1  2  3 -1 -2 -3 -2 -5 -5 -5  0 -1  0 -3 -4    2   2  13  26   1   3  11  21   1   3   2   3   0   0   0   6   3   1   1   1  0.58 0.41
   64 G    0  0  1  0  1  0  0  1  1 -2 -2  2 -1 -1 -2  0  0  2  0 -1    8   3   7   4   3   3   5  11   4   2   3  13   2   3   2   7   7   3   3   6  0.07 0.10
   65 F   -4 -4 -1 -5  2  0 -4 -5 -4  3  3 -4  2  2 -1 -1  0 -4  1  0    0   0   4   0   4   4   0   0   0  17  30   0   5   9   4   4   5   0   4   5  0.45 0.32
   66 D    0  0 -1 -1  1  0 -1 -3  1  1  1 -1  0  0 -1 -1  1  2  1  1    7   4   3   3   3   3   3   0   4   9  11   4   3   3   3   5   9   3   5  14  0.07 0.09
   67 V   -2 -6 -3 -5  0 -5 -6 -6 -4  6  0 -6 -2 -1 -6 -4 -3 -1 -3  5    3   0   2   1   2   0   0   1   0  37   7   0   1   2   0   1   1   1   1  40  1.23 0.61
   68 N   -1 -4  6  4 -2 -3 -1  2 -2 -6 -5 -2 -5 -2 -4 -1 -2 -7 -6 -5    5   1  40  21   1   1   4  14   1   0   1   3   0   2   1   3   2   0   0   1  1.06 0.60
   69 G   -4 -1  2  1 -6 -3 -2  6 -4 -6 -7 -1 -6 -7 -4 -2 -3 -6 -6 -6    1   3   8   8   0   1   3  63   0   1   0   4   0   0   1   3   2   0   0   1  1.39 0.69
   70 K   -3  2  2 -1 -3  2 -1 -3  4 -3 -3  5 -2 -4 -4 -2 -1 -6 -2 -4    2  12   8   4   1  10   2   2  10   2   2  35   1   1   0   2   3   0   1   1  0.73 0.48
   71 F    0  2 -1 -2 -2  0  2 -4  1 -3 -3  3 -3 -3  2  0  1 -5 -3 -1    8  12   2   2   1   4  12   1   3   1   2  20   0   1  11   8   7   0   1   4  0.35 0.29
   72 V   -4 -7 -5 -7 -5 -6 -7 -7 -4  7 -1 -6 -1 -2 -5 -5 -2 -6 -3  3    1   0   1   0   0   0   0   0   0  62   5   0   1   1   1   1   3   0   1  20  1.67 0.77
   73 K    0  3 -1 -2 -1  0 -1 -3  0 -2 -2  3 -2 -4  2  1  1 -5 -2 -3    8  15   3   2   2   4   3   1   2   3   3  19   1   1  11  12   8   0   1   2  0.35 0.30
   74 V   -3 -5 -5 -6  1 -4 -6 -5 -2  3  2 -4  1  3 -5 -4 -1  0  1  5    1   0   0   0   2   1   0   1   1  14  15   1   3  11   0   1   4   1   5  37  0.76 0.44
   75 T   -3 -3 -3 -5 -2 -5 -5 -6  1  1  1 -4 -2  6 -5  1  2 -4  3 -1    1   1   1   0   1   0   0   0   4   8  15   1   1  30   0  11  14   0   8   3  0.75 0.46
   76 A    1  1  2 -2 -1  4 -1  0  4 -5 -4 -1 -2 -3 -3  2 -1 -5  0 -3   14   7  10   2   1  17   2   6  10   0   2   3   1   1   1  16   3   0   3   1  0.43 0.35
   77 E    0 -1  0 -1  2  1  5 -2  0 -1 -4  0 -3  0 -4 -1 -2  0 -1 -3    9   3   4   2   5   6  41   3   2   4   1   4   0   4   0   5   3   1   2   2  0.57 0.40
   78 R   -1  5  0 -1 -3  0  0 -3 -2 -4 -3  4 -1 -4  0  0 -1 -5 -3 -3    6  28   3   3   1   4   7   1   1   1   2  23   2   1   5   7   3   0   1   2  0.57 0.38
   79 N   -2 -2  3  6 -3  1  1 -2 -1 -5 -4  0 -5 -4 -5  0 -1 -6 -3 -4    2   2  13  46   1   5   7   2   1   0   2   5   0   1   0   6   4   0   1   1  0.95 0.52
   80 P   -1 -5 -4 -6 -3 -3 -4 -5 -6  0 -1 -5 -3 -3  8 -2 -2 -7 -6 -2    5   1   1   0   1   1   1   1   0   6   7   0   1   1  65   3   2   0   0   3  1.74 0.81
   81 E    3 -2  0 -1 -2 -1  2  0 -2 -3 -3  1 -2 -4 -2  2  1 -2 -2 -2   24   2   3   3   1   2  15   7   1   1   2  10   1   1   2  14   9   0   1   2  0.31 0.28
   82 D   -1 -1  4  2 -2  0  3 -3 -1 -2 -3  3 -3 -4 -3  0  0 -5 -3 -3    6   3  19  10   1   4  17   2   1   2   2  16   1   1   1   6   6   0   1   1  0.42 0.31
   83 I   -1 -4 -4 -3 -2 -5 -4 -4 -5  6  3 -5 -1 -2 -4 -4 -2 -1 -3  1    4   1   1   2   1   0   1   1   0  46  28   0   1   1   1   1   3   1   1   7  0.94 0.48
   84 Q   -2 -3 -1  3 -3 -2 -1 -4 -2 -4 -3  3 -3 -4  6 -2 -3 -6 -4 -3    3   1   3  15   1   1   3   1   1   1   3  16   1   1  45   3   1   0   1   2  1.12 0.57
   85 W   -6 -3 -7 -5 -2 -6 -6 -4 -1 -3 -2 -6 -3  0 -2 -3 -6 12  2 -6    0   2   0   1   1   0   0   2   2   2   4   0   1   3   2   2   0  69   6   0  3.15 1.14
   86 A    0  1  0  0 -1  0 -1  4 -1 -3 -3  2 -3 -3 -1  1  0 -2 -2 -2    9   6   3   6   1   3   3  29   1   1   1  13   0   1   2   9   6   1   1   3  0.32 0.23
   87 D    0 -1  0  4 -2  1  3  0 -1 -3 -3  1 -2 -1 -2  1 -1 -4 -3 -3    7   2   2  24   1   5  17   5   1   1   2  10   1   4   1  11   4   0   0   1  0.36 0.25
   88 S    1 -1  0 -2 -1 -1 -1 -3  1 -1  2 -1  1  0 -1  0  0  0  1  0   16   2   5   2   1   2   3   1   4   2  25   3   3   4   3   6   6   1   5   8  0.10 0.13
   89 G   -1 -2  1  1  0 -1 -1  5 -1 -4 -4 -1 -2 -2 -2  0 -3 -4 -4 -4    3   2   5   8   3   3   5  53   1   0   2   3   1   2   1   6   0   0   0   0  0.72 0.35
   90 V    3 -3 -2 -2  0 -3 -3 -3 -4  2 -1 -3 -1 -1 -1 -1  0 -4 -3  4   25   0   2   2   2   0   0   0   0  14   4   0   0   2   2   4   6   0   0  34  0.39 0.28
   91 E   -2 -2  0  5 -4  1  3 -2  0 -4 -3 -1  0 -2  1 -1 -1  0  0 -3    2   1   2  32   0   5  24   1   2   0   2   2   4   1   6   4   4   1   4   1  0.50 0.30
   92 I   -1 -1 -2 -3  0 -1 -2 -3  0  2  1 -2  0  1 -3 -1 -1  2  4  1    2   3   2   1   2   3   1   1   2  16  14   1   2   6   1   5   2   3  21  13  0.23 0.16
   93 V    0 -3 -3 -1  1 -2 -2 -1 -3  2  1 -2  1 -1 -3 -2  0 -3 -2  4    5   0   0   4   3   0   1   4   0  13  11   1   3   0   0   1   4   0   0  46  0.25 0.17
   94 L    0 -3 -3 -3  2 -2 -3 -1 -3  2  1 -3  1  1 -3 -2 -1  5  1  3    5   0   0   0   5   0   1   5   0  13  14   1   5   6   0   1   1  10   5  28  0.27 0.13
   95 E   -1  2  2  2 -3  2  1 -2  3 -2 -2  1 -2 -3 -2  1 -1 -3 -1  0    1  11  10  11   0  10  11   1  10   1   1  11   0   0   1  11   1   0   0  11  0.21 0.10
   96 A    3 -5  0 -5  8 -5 -4 -3 -5 -5 -5 -5 -5 -5 -2  5 -1 -6 -6 -4   21   0   4   0  25   0   1   2   0   0   1   0   0   1   2  41   2   0   0   0  1.35 0.70
   97 T   -3 -5 -4 -5 -5 -4 -5 -4 -6 -4 -5 -4 -5 -6 -4  3  7 -7 -6 -5    1   0   0   0   0   1   0   1   0   1   1   1   0   0   1  21  72   0   0   0  1.93 0.92
   98 G   -4 -4 -5 -5 -4 -6 -4  8 -6 -8 -7 -6 -7 -7 -4 -3 -6 -4 -7 -6    1   1   0   1   1   0   1  91   0   0   0   0   0   0   1   1   0   0   0   1  2.40 0.95
   99 F    0  2 -3 -3 -4 -1 -2 -3  0  2 -1  2  1  0 -3 -2 -2 -5 -3  4    9  11   0   1   0   3   2   1   2   9   5  15   3   4   1   2   1   0   0  30  0.36 0.29
  100 F   -3 -3 -4 -5 -2 -5 -4 -6  0 -3 -2 -6 -2  8 -7 -3 -5  2  3 -4    2   1   1   1   1   1   1   0   2   1   2   0   1  69   0   2   1   3   9   1  1.96 0.80
  101 A   -1  2  0 -2 -2 -1 -2 -3 -2 -3  0  1 -3 -3 -2 -2  5 -5 -4 -2    4  13   5   2   1   2   1   2   1   1  11   8   0   1   2   1  41   0   0   3  0.59 0.44
  102 T   -2 -2  2  3 -2 -1 -1 -2 -1 -5 -5  0 -3 -5 -3  1  5 -6 -4 -4    3   2   8  17   1   2   3   2   1   0   0   6   1   0   1  12  39   0   0   1  0.74 0.48
  103 K    0  4 -2 -3 -3  0 -1 -2 -1  1 -1  2  3 -2 -1 -1  0 -4 -1  0    7  22   1   1   0   3   3   3   1   8   6  15  10   1   3   5   5   0   2   6  0.25 0.23
  104 E    2 -1 -1  3 -5 -1  5 -3 -2 -4 -3  1 -5 -5 -2 -1 -2 -6 -5 -4   15   3   2  16   0   2  42   1   1   1   2   7   0   0   2   3   2   0   0   1  0.79 0.49
  105 K    0  0 -1  1 -5  1  1  0 -2 -3 -2  5 -3 -4 -4  0 -1 -2 -4 -3    7   4   3   9   0   6   7   8   1   1   4  40   0   0   0   6   3   1   0   1  0.53 0.38
  106 A    6 -5 -4 -5  2 -5 -5 -2 -5 -3  2 -5 -2 -4 -4 -1 -3 -6 -4 -2   61   0   1   0   4   0   0   3   0   1  21   0   1   1   0   4   1   0   0   2  1.10 0.62
  107 E    1  1  0 -1 -3  2  1  2 -2 -3 -3  1 -1 -3 -3  2 -1 -4 -3 -3   14   9   3   2   0  10  10  16   1   1   1   7   2   1   0  18   2   0   1   1  0.31 0.26
  108 K    4  1 -2 -2 -3  0 -1  0 -1 -3 -2  3 -1 -3  1 -1 -2 -4 -3 -2   34   7   1   2   0   5   3   8   1   1   4  18   2   1   6   3   2   0   0   2  0.37 0.31
  109 H   -5 -4 -4 -5 -3 -2 -4 -4 11 -5 -4 -4 -5 -1 -4 -5 -6 -1  2 -5    1   0   0   0   1   1   1   1  80   1   2   1   0   2   1   0   0   1   5   1  2.94 1.07
  110 L   -4 -3 -6 -6 -3 -5 -5 -4 -3  4  5 -5 -1  0 -5 -5 -3 -1 -4 -1    1   2   0   0   0   0   0   1   1  20  62   1   1   4   0   0   1   1   0   3  1.13 0.54
  111 H   -1  1  0  2 -2  2  2 -2  0 -2 -2  4 -3 -2 -2 -1 -1 -3 -2 -3    4   7   4  10   1  10  12   2   2   2   4  31   0   2   1   3   3   0   1   1  0.39 0.25
  112 P    1  0  0  0  1  0  0  0  0 -1 -1  0  0 -1  0  1  1 -1 -1 -1   11   5   5   4   3   5   5   6   2   4   7   5   2   3   4  13   9   1   2   4  0.04 0.02
  113 G    4 -3 -1 -2 -2 -2 -2  4 -2 -3 -3 -1 -3 -4 -1  0 -2 -4 -2 -2   36   1   2   2   1   1   2  33   1   1   2   5   0   1   2   6   2   0   2   2  0.67 0.35
  114 G   -3 -2 -2 -3 -6 -4 -4  7 -4 -5 -5 -3 -2 -5 -4 -2 -3 -3 -6 -5    1   2   2   1   0   1   1  81   0   1   1   2   1   0   1   3   1   0   0   1  1.81 0.74
  115 A    6 -4 -5 -5  0 -4 -4 -4 -5 -1 -4 -4 -4 -3 -4 -1 -2 -2 -5  2   69   0   0   0   1   0   1   0   0   3   1   0   0   1   1   3   2   1   0  15  1.26 0.66
  116 K   -3  2 -2 -3 -6  0 -1 -2 -2 -5 -5  7 -4 -6 -2 -1 -2 -6 -5 -4    2  11   2   1   0   4   3   4   1   1   1  63   0   0   2   3   2   0   0   1  1.27 0.64
  117 K   -3  5 -2 -4 -4 -1 -3 -5  0 -5 -4  6 -2 -4 -4 -3 -4 -4  0 -4    1  33   1   0   1   1   1   1   2   0   1  49   1   1   1   1   1   0   3   1  1.36 0.66
  118 V   -2 -6 -5 -4 -2 -5 -6 -5 -7  0 -3 -6 -2 -3 -6 -5 -4 -6 -5  7    3   0   1   1   1   0   0   1   0   4   1   0   1   1   0   0   0   0   0  85  1.92 0.83
  119 L   -4 -6 -6 -6 -3 -5 -6 -6 -3  6  3 -5 -1 -2 -6 -4 -3 -5 -3  4    1   0   0   0   0   0   0   0   1  43  25   0   1   1   0   1   1   0   1  25  1.19 0.55
  120 I   -3 -5 -5 -6 -3 -4 -6 -6 -6  6  2 -5  0 -1 -6 -5 -1 -5 -3  3    1   0   1   0   0   0   0   0   0  52  21   0   1   2   0   0   3   0   0  17  1.22 0.56
  121 T   -1 -5 -4 -4  0 -4 -4 -3  0 -6 -6 -4 -5 -4 -3  6  4 -6 -4 -4    4   0   0   0   2   0   0   1   2   0   0   0   0   1   1  63  24   0   0   1  1.46 0.78
  122 A    6 -3 -4 -5 -1 -2 -4 -1 -1 -4 -4 -4 -3 -5 -3 -1  1 -6 -3 -1   69   1   1   0   1   1   0   5   2   0   1   0   0   0   1   4   8   0   1   4  1.20 0.65
  123 P   -3 -6 -4 -6 -6 -5 -5 -5 -2 -6 -3 -5 -6 -3  8 -2 -3 -7 -4 -3    2   0   1   0   0   0   0   1   1   0   3   0   0   1  82   4   1   0   1   2  2.49 0.98
  124 G    2 -4 -2 -2  1 -3 -4  1 -3 -4 -3 -3  0 -3  1  5  0 -2 -4 -1   18   0   1   2   3   0   0  12   0   0   2   1   2   1   7  42   4   1   0   4  0.64 0.45
  125 G    2 -1 -1  0 -4 -1  0  0 -1 -4 -4  5 -3 -4  1  0  0 -5 -2 -3   20   1   2   4   0   2   6   6   1   1   1  35   0   0   6   6   5   0   1   1  0.50 0.35
  126 N   -1 -2  2  4 -2 -1  1  2  0 -2 -3 -1 -3 -3 -1  0 -1 -3 -2 -2    4   2  10  28   1   3   7  18   2   2   2   3   1   1   3   6   3   0   2   4  0.37 0.20
  127 D    1 -3 -1  6 -2 -2  2 -2 -4 -2 -4 -2 -3 -5  1 -2 -3 -5 -5 -1   15   1   2  44   1   1  13   3   0   3   1   2   0   0   6   2   1   0   0   5  0.77 0.43
  128 V    3 -4 -3  5 -3 -3 -1 -3 -3  2 -2 -3  0 -4 -3 -2  0 -5 -4  2   26   0   0  30   0   0   3   2   1  12   2   0   3   0   1   2   6   0   0  13  0.58 0.40
  129 K    1 -1 -3 -1 -3 -2 -3 -3 -3  0 -1  1 -3 -1  6 -2 -3 -4 -3 -1   11   3   1   3   0   2   1   1   1   5   5   9   0   4  45   2   0   0   1   4  0.91 0.47
  130 T   -3 -4  1 -4 -3 -2 -4 -5 -2  0 -2 -4  7 -3 -5 -2  6 -5 -2 -1    1   1   6   1   0   1   1   1   1   4   3   0  30   1   0   2  43   0   1   3  1.21 0.65
  131 V   -3 -5 -4 -6 -3 -5 -5 -6 -3  4  1 -5  0  6 -5 -4 -2 -3  3  3    2   0   1   0   0   0   0   0   1  23  10   0   1  30   0   1   1   0  10  18  0.91 0.45
  132 V   -3 -6 -5 -6 -1 -5 -6 -6 -6  3 -1 -6  0 -2 -6 -5 -2 -6 -5  7    2   0   0   0   1   0   0   0   0  12   4   0   2   1   0   0   1   0   0  74  1.58 0.70
  133 F   -3 -2 -4 -5  2 -2 -4 -5 -1  0  1 -3  7  2  0 -4 -3  0  4  1    1   2   1   0   5   1   1   0   2   5  11   1  29   9   4   1   1   1  13  11  0.75 0.44
  134 N   -4 -5 -2 -5 -1 -6 -6  7 -6 -7 -7 -4 -6 -5 -5 -3 -5 -6 -7 -4    1   0   2   0   1   0   0  89   0   0   0   1   0   0   1   2   0   0   0   1  2.21 0.86
  135 T   -1 -6 -6 -6 -1 -5 -6 -5 -6  2 -2 -6  1 -2 -6 -4 -3 -6 -5  7    4   0   0   0   1   0   0   1   0   8   2   0   3   2   0   1   1   0   0  76  1.59 0.71
  136 N   -4 -5  9 -3 -7 -4 -5 -4 -3 -6 -6 -4 -6 -6 -6 -4 -3 -7 -6 -6    1   0  92   1   0   0   0   1   0   0   1   1   0   0   0   0   1   0   0   1  2.74 1.07
  137 H   -3 -3  0  3 -2  1  4 -3  7 -5 -2 -3 -4 -3 -3 -2 -3 -5 -2 -5    2   1   4  17   1   5  26   1  30   0   5   0   0   1   1   2   1   0   1   0  1.00 0.52
  138 T   -1 -1  1  4 -3  0  3 -1  3 -5 -3  1 -3 -3 -3  0 -1 -5 -3 -4    5   2   5  25   1   4  24   5   8   0   2  10   0   1   0   5   4   0   0   0  0.54 0.34
  139 I   -1 -1  0  1 -1  1  2 -2 -1 -1 -1  3 -1 -3 -2  1  1 -4 -3 -1    4   2   4   9   1   7  11   2   1   3   6  24   1   0   1  10   9   0   0   3  0.24 0.22
  140 L   -4 -4 -4 -5 -2 -5 -4 -6 -3  2  2 -5 -1  2 -5 -4 -4 -1  8 -1    1   1   1   0   1   0   1   0   0   9  21   0   1   6   0   1   1   0  52   4  1.41 0.64
  141 D   -2  0  2  5 -3 -1  0 -3 -2 -4 -3  2 -4 -5 -2  0  1 -5 -4 -4    2   5   9  40   1   2   4   2   0   1   2  13   0   0   2   5  11   0   0   1  0.71 0.40
  142 G    0 -2  3 -1 -3 -2 -1  1  0 -3 -3  0 -3 -3  5  0 -2 -5 -4 -3    8   1  13   3   0   1   2  12   2   1   3   7   0   1  32   8   1   0   0   1  0.62 0.35
  143 T    0  0  1  3 -3  1  2 -2 -2 -4 -4  2 -2 -3 -2  3  0 -5 -3 -3    5   4   5  15   0   5  14   2   0   0   1  12   1   1   1  25   6   0   1   1  0.38 0.29
  144 E   -1 -2 -1  2 -2  0  1 -3  6 -1  1 -2  2 -1 -2 -1 -1 -4 -1 -3    6   2   1  13   1   4  11   1  22   2  16   2   5   3   2   3   3   0   1   1  0.35 0.28
  145 T   -2  2  1  1 -4  2  0 -3  4 -3 -3  4 -2 -2 -1 -1  1 -4 -2 -3    2   9   7   9   0   9   3   1  10   1   2  26   0   2   3   4   9   0   1   2  0.40 0.28
  146 V   -3 -4 -5 -6 -2 -5 -5 -6 -6  6  0 -4  0 -2 -5 -4 -2 -5 -4  4    1   1   0   0   1   0   1   0   0  54   5   1   2   1   0   0   1   0   0  31  1.29 0.58
  147 I   -2 -4 -5 -5 -3 -5 -5 -6 -5  5  0 -5 -1 -1 -5 -2 -2 -5 -1  5    2   1   0   0   0   0   0   0   0  37   7   0   0   3   0   4   2   0   2  41  1.01 0.49
  148 S   -1 -4 -2 -3 -3 -4 -2 -4 -3 -4 -4 -4 -5 -6 -1  7  0 -6 -5 -4    3   0   1   0   0   0   1   1   1   1   1   0   0   0   4  82   4   0   0   1  1.60 0.80
  149 A    2 -4  7 -2  2 -3 -3 -1 -2 -2 -3 -2 -1 -5 -2  0  0 -6 -5 -2   16   0  51   0   4   0   0   3   1   2   3   1   1   0   2   7   6   0   0   2  0.95 0.53
  150 G    6 -4 -4 -4 -2 -4 -4  2 -5 -4 -5 -4 -4 -5 -1  1  0 -5 -5 -2   65   0   0   0   1   0   0  14   0   0   0   0   0   0   3   9   4   0   0   2  1.12 0.59
  151 S   -2 -1 -3 -3  1 -4 -4 -2 -4 -1 -4 -4 -5 -4 -4  7 -2 -6 -5 -5    1   3   0   1   2   0   0   3   0   3   2   0   0   0   0  83   1   0   0   0  1.61 0.80
  152 C   -1 -7 -4 -7 11 -6 -7 -5 -2 -4 -5 -6 -5 -4 -3 -1 -5 -6 -3 -3    4   0   1   0  82   0   0   1   1   0   0   0   0   1   2   4   0   0   1   1  3.08 1.04
  153 T   -3 -5 -4 -1 -3 -4 -4 -4 -5 -2 -5 -4 -2 -3 -1 -1  8 -6 -5 -3    1   0   0   4   0   0   0   1   0   2   0   0   1   1   3   3  82   0   0   1  1.77 0.83
  154 T    0 -4 -4 -4 -4 -4 -4 -3 -5 -2 -2 -4 -2 -5 -1  0  7 -6 -5 -2    8   0   0   0   0   0   0   1   0   2   3   0   1   0   3   4  74   0   0   3  1.49 0.73
  155 N   -5 -4  8 -2 -6 -3 -4 -4  2 -5 -6 -3 -3 -6 -5 -1  0 -7 -1 -5    0   0  79   1   0   1   0   0   5   1   0   1   1   0   0   3   4   0   2   1  2.02 0.85
  156 S    3 -6 -4 -7 11 -6 -6 -3 -6 -5 -5 -4 -5 -5 -6 -1 -4 -2 -4 -4   23   0   1   0  66   0   0   2   0   0   0   1   0   1   0   4   1   1   1   1  2.52 0.93
  157 L   -1 -5 -6 -6 -2 -5 -5 -5 -6  2  5 -5  1 -1 -4 -4 -2 -1 -3  1    5   0   0   0   1   0   0   1   0  12  64   0   2   1   1   1   2   1   1   7  0.99 0.51
  158 A    6 -5 -3 -4 -2 -4 -4 -1 -5 -2 -2 -4 -3 -5 -3 -1  0 -6 -5  1   68   0   1   1   1   0   0   5   0   2   4   0   0   0   1   3   5   0   0   8  1.09 0.60
  159 P   -3 -6 -6 -6 -7 -4 -5 -5  0 -4 -3 -5 -6 -5  8 -3 -2 -7 -6 -3    2   0   0   0   0   1   0   0   2   1   4   0   0   1  81   2   2   0   0   2  2.44 0.97
  160 M   -2 -4 -5 -5 -2 -3 -5 -4 -3  3  4 -4  3  0 -1 -4 -2 -4 -3  3    2   0   0   0   0   1   0   1   1  15  38   0   9   3   3   1   1   0   0  23  0.72 0.38
  161 A    4 -4 -5 -5  0 -4 -4 -3 -5  2  2 -4  0 -2 -4 -1 -1 -5 -2  3   37   0   0   0   1   0   0   1   0   9  22   0   2   2   0   3   3   0   1  18  0.60 0.40
  162 D   -1  1 -1 -3 -6  0 -2 -4  2 -5 -4  7 -1 -4 -1 -2 -2 -1 -1 -4    5   5   3   1   0   3   2   1   4   0   2  61   2   1   3   2   2   1   2   1  1.08 0.58
  163 A    0 -2 -4 -3 -2 -3 -4 -3 -3  3  0 -3 -1 -2 -2 -2 -1 -3 -3  5    9   3   0   1   1   1   1   2   1  13   8   1   1   1   2   2   3   0   0  50  0.68 0.40
  164 L   -4 -5 -5 -6 -4 -5 -5 -6 -5  5  4 -5  1 -1 -5 -5 -2  0  0  1    0   0   0   0   0   0   0   0   0  30  47   0   3   2   0   0   2   1   3   8  0.99 0.48
  165 N   -3 -1  4  3 -5  0  0 -3  7 -4 -2 -2 -2 -4 -1 -2 -3 -2 -2 -4    1   3  18  17   0   4   7   1  32   1   4   2   1   0   3   2   1   1   1   1  0.92 0.48
  166 K   -2  1  0  5 -4  1  3 -1 -1 -4 -5  1 -3 -5 -3 -2 -3 -5 -5 -5    3   8   4  39   0   7  20   5   1   1   1   7   1   0   1   2   1   0   0   0  0.81 0.44
  167 N    1  1  4 -1 -3  1  1 -2  1 -3 -2  2 -2 -2 -2  0  0 -4 -1 -3   13   6  24   2   0   5  10   2   4   1   3  14   0   1   1   5   4   0   2   1  0.32 0.25
  168 F   -3 -4 -4 -6 -2 -4 -5 -4 -4  0  0 -5 -1  8 -5 -2 -4  2  4  0    2   1   1   0   1   1   0   1   0   4   7   0   1  56   1   3   0   3  11   6  1.35 0.58
  169 G   -2 -3 -2 -2 -3 -2 -1  6 -2 -5 -4 -1 -5 -5 -3 -1 -2  2 -5 -3    2   1   2   2   1   1   4  67   1   1   2   4   0   0   1   5   3   3   0   2  1.22 0.56
  170 V   -3 -6 -6 -6 -4 -5 -6 -4 -6  7 -1 -5 -1 -3 -4 -5 -3 -5  0  3    1   0   0   0   0   0   0   2   0  66   4   0   1   1   1   0   1   0   3  19  1.52 0.65
  171 K   -1  1 -1  0 -3  0  3 -4 -2  1 -1  1  1 -3 -3 -2 -1 -4 -2  2    3   7   2   6   0   3  26   1   1   8   5   9   3   0   0   2   4   0   1  20  0.30 0.26
  172 G    0  2  0 -1 -2  0  4 -2  3 -4 -3  1 -3 -3 -3  2  0 -1 -1 -3    6  12   3   2   1   3  27   2   7   0   2  10   0   1   0  14   4   1   2   1  0.40 0.30
  173 G    2 -4 -4 -4  1 -5 -4  7 -5 -5 -3 -5 -3 -5 -5 -2 -4 -6 -6 -1   13   1   0   1   3   0   1  69   0   0   3   0   1   0   0   3   1   0   0   4  1.44 0.64
  174 T   -2 -4 -2 -4 -2 -2 -3 -4  2  0  4 -4  2  3 -1 -1 -1 -2  1 -1    2   0   2   1   1   2   1   1   5   4  41   0   5  14   3   6   5   0   4   3  0.45 0.31
  175 M   -2 -3 -5 -6 -3 -4 -5 -5  0  3  1 -5  8  1 -5 -3 -3 -5 -2  1    3   1   0   0   1   0   0   1   3  16   9   0  45   6   0   2   1   0   1   9  1.22 0.60
  176 T   -3 -4  1 -1 -1 -4 -1 -3 -5 -2 -3 -3 -3 -5 -2  0  7 -6 -5 -2    2   1   7   3   1   0   3   1   0   2   2   1   1   0   2   7  67   0   0   2  1.29 0.67
  177 T   -2 -3 -4 -5 -5 -4 -4 -5  1 -1 -5 -4 -1 -4 -5 -1  7 -6 -5 -2    3   1   0   0   0   0   1   0   3   3   0   1   1   1   0   3  79   0   0   2  1.75 0.82
  178 V   -1 -5 -5 -3 -2 -5 -5 -4 -5  5  0 -5 -1 -3 -5 -4  0 -5 -3  5    4   0   0   1   1   0   0   1   0  31   7   0   1   0   0   0   7   0   1  43  0.99 0.50
  179 H   -6 -3 -3 -5 -7 -2 -3 -6 11 -7 -6 -5 -6 -5 -6 -4 -6 -6  0 -5    0   1   1   0   0   1   1   0  88   0   1   0   0   0   0   1   0   0   2   1  3.38 1.15
  180 S    5 -4 -2 -1  1 -4 -4 -1 -4 -5 -5 -4 -4 -5  0  4 -2 -5 -5 -3   52   0   1   4   3   0   0   4   0   0   0   0   0   0   5  26   2   0   0   2  0.97 0.56
  181 Y   -1 -4 -4 -5 -3 -4 -4 -5 -1  3 -2 -4  1  1 -4 -2  0  3  7  1    6   1   1   0   0   0   1   1   1  16   2   0   3   4   1   3   6   4  43   8  1.03 0.53
  182 T   -2 -5 -1 -3 -5 -4 -5 -3 -5 -3 -2 -4  1 -5 -4 -1  8 -6 -5 -4    2   0   3   1   0   0   0   2   0   1   4   0   3   0   1   2  79   0   0   0  1.78 0.83
  183 G    3 -2  4 -1 -4 -1 -3  1  0 -3 -4 -2 -2 -5  0  2 -1 -5 -3 -2   31   2  23   2   0   2   0   8   2   1   1   2   1   0   4  14   3   0   1   2  0.52 0.38
  184 D   -3 -2 -1  5 -3 -3 -1 -2 -2 -3 -5 -3 -2 -5 -2  2  4 -5  0 -3    1   2   2  31   0   1   2   2   1   1   0   0   1   0   1  15  31   0   4   2  0.82 0.51
  185 Q   -5 -4 -3 -4 -7  9 -2 -6 -1 -7 -3 -2 -5 -7 -2 -5 -5 -1 -4 -5    0   0   1   1   0  86   2   0   1   0   2   1   0   0   2   0   0   1   0   1  2.50 1.08
  186 M   -2  2  3 -2 -5  0 -1 -3  0 -3 -3  4 -1 -4  1  1 -1 -5 -3 -2    2  11  17   1   0   3   2   1   2   1   2  31   1   0   8  10   4   0   0   3  0.54 0.37
  187 T   -3 -5 -4 -5 -2 -5 -5 -6 -4  2  4 -4 -1 -4 -2 -2  4  0 -4  1    2   0   0   0   1   0   0   0   0  13  36   0   1   0   2   2  31   1   0  10  0.81 0.49
  188 L   -2 -3 -4 -5 -3  0 -4 -5  1  2  3 -4  1 -2 -5 -3 -1 -5 -4  5    3   1   1   0   0   5   0   0   3   8  28   0   3   1   0   1   3   0   0  40  0.70 0.42
  189 D   -6 -5 -3  9 -8 -5 -1 -6 -6 -4 -8 -5 -4 -8 -3 -5 -6 -9 -8 -7    0   0   0  93   0   0   2   0   0   1   0   0   0   0   1   0   0   0   0   0  2.74 1.07
  190 G    1 -2  1 -2 -1 -1 -2  5 -2 -3 -2 -1 -2 -3 -4  1  0 -5 -4 -1   12   2   5   2   1   2   1  42   1   1   4   3   1   1   0  10   4   0   0   5  0.55 0.35
  191 P    0 -3 -3 -4 -1 -3 -4 -4 -2 -2 -1 -3  0 -1  7  0 -1 -5  2 -1    8   1   1   1   1   1   1   1   1   2   6   1   2   2  48   8   3   0   7   4  1.03 0.53
  192 H   -2 -3  0 -3 -1 -2 -3 -2  8 -2 -2 -3 -1 -2 -4  4 -2 -3 -2 -3    2   1   4   1   1   1   1   3  36   3   4   1   2   2   1  31   2   0   1   2  1.07 0.56
  193 R    0  2  0 -1 -1  0  0 -1  1 -1 -1  2  0 -1 -1  0 -1  0 -1 -1    7  13   3   3   1   3   7   4   3   3   7  18   3   3   3   8   3   1   2   3  0.10 0.08
  194 G    1  0  0  0 -1  0  0  3 -1 -2 -2  1 -1 -2  0  0 -1  1 -1 -2   10   3   4   5   1   3   4  22   2   3   4  12   2   1   4   6   4   2   2   3  0.13 0.09
  195 G   -2  0 -1  0 -4 -1  0  0 -1 -4 -2  5 -3 -4  0  1  0 -4 -3 -3    3   3   3   5   0   1   4   8   1   1   4  42   1   1   5  10   4   0   1   2  0.53 0.34
  196 D   -3 -1  1  7 -4 -3 -1 -4  1 -4  0 -1 -3 -4 -2 -2 -3 -5 -3 -3    2   3   7  53   0   1   3   1   3   1  11   3   1   1   2   2   1   0   1   2  0.97 0.50
  197 F   -3  0 -5 -5 -2 -4 -4 -3 -4 -2  3 -3  1  2  2 -3 -4  9  1 -3    2   5   0   1   1   1   1   2   0   2  26   2   3   9   9   2   1  28   4   2  1.07 0.51
  198 R   -1  8 -2 -5  1 -3 -3 -4  1 -5 -5 -2 -5 -3 -4 -2 -3 -6 -1 -5    6  71   1   0   3   1   2   2   4   1   1   1   0   1   1   2   2   0   2   1  1.69 0.78
  199 R   -3  6 -3  3 -3 -2 -2  2 -3 -4 -1 -1  0 -5 -5 -3 -2 -2 -2 -4    2  45   1  15   1   1   1  13   0   1   8   2   3   0   0   2   2   1   1   1  0.88 0.53
  200 A    3 -3 -2 -4 -1 -4 -4  5 -1 -4 -5 -3 -2 -5 -4  2 -1 -4 -4 -4   26   1   2   1   1   0   0  44   2   1   1   1   1   0   0  13   4   0   0   0  0.96 0.53
  201 R   -4  8 -4 -4  0 -2 -4 -6  1 -6 -5 -2 -5 -4 -4 -4 -4 -3 -3 -6    1  82   0   1   2   2   0   0   3   0   1   1   0   1   1   1   1   0   1   0  2.21 0.93
  202 A    5 -3 -2 -3 -2 -3 -2  3 -3 -4 -5 -4 -5 -5 -4  3 -2 -5 -5 -4   43   1   2   1   1   1   2  21   0   1   0   0   0   0   0  22   2   0   0   0  0.91 0.56
  203 A    6 -6 -3 -4  2 -5 -5 -1 -6 -1 -5 -5 -3 -6 -5  0 -2 -7 -6 -2   75   0   1   1   3   0   0   4   0   4   1   0   1   0   0   6   2   0   0   2  1.48 0.78
  204 A    5 -4 -2 -4 -2 -2 -3  1  0 -1 -1 -4  1 -1 -1  1  0 -5 -2 -1   45   0   1   1   1   1   1   8   2   3   7   0   4   3   4  10   5   0   1   4  0.50 0.39
  205 E    0 -2  0 -2 -2  5  1 -1 -1 -1  1 -2  1  0 -4 -1 -1 -3 -3 -1    6   1   5   2   1  31   7   4   1   3  16   1   4   5   0   4   3   0   0   4  0.40 0.36
  206 N   -4 -5  8 -2 -4 -4 -4 -4 -4 -7 -8 -2 -6 -7 -4  3 -4 -8 -3 -7    1   0  68   2   0   0   0   1   0   0   0   2   0   0   1  24   0   0   1   0  2.06 0.95
  207 I   -5 -7 -7 -7 -5 -6 -7 -6 -7  7  1 -6  5 -2 -7 -6 -3 -6 -4  0    1   0   0   0   0   0   0   1   0  70   9   0  12   2   0   0   2   0   0   3  1.84 0.80
  208 V   -3 -7 -4 -7 -5 -7 -7 -6 -3  8 -2 -7 -2 -4 -5 -6 -4 -7 -4  3    2   0   1   0   0   0   0   1   1  72   2   0   1   0   1   0   1   0   0  20  1.91 0.82
  209 P   -4 -7 -7 -6 -4 -6 -5 -7 -5 -3 -3 -5 -7 -8  9 -3 -6 -8 -8 -6    1   0   0   0   1   0   1   0   0   2   4   0   0   0  89   2   0   0   0   0  2.90 1.17
  210 A    2 -3 -1 -4 -3 -3 -4 -4  1 -3 -3 -1 -4 -4 -3  3  5 -6 -3  0   20   1   2   0   0   1   0   0   3   1   1   3   0   0   1  22  36   0   1   6  0.77 0.52
  211 S   -1 -2  0 -2 -5 -2 -1 -3 -2 -4 -5 -1 -3 -5 -1  5  4 -6 -4 -4    4   2   4   2   0   1   4   1   1   0   1   4   1   0   3  47  24   0   0   0  0.91 0.59
  212 S   -4 -4 -3 -4 -5 -5 -5 -5 -2 -1 -5 -5 -3 -6 -2  0  8 -7 -4 -4    1   1   1   1   0   0   0   1   1   3   0   0   1   0   2   5  83   0   1   1  2.05 0.97
  213 G   -3 -3 -1 -2 -6 -4 -3  7 -4 -7 -6 -3 -6 -4 -3  0 -1  0 -5 -4    1   1   3   2   0   1   2  72   0   0   1   1   0   1   1   7   4   1   0   1  1.53 0.71
  214 A    6 -4 -5 -4 -4 -5 -5 -3 -5 -2 -2 -5 -4 -4 -5  1  0 -6 -4 -1   72   1   0   1   0   0   0   1   0   2   4   0   0   0   0   8   6   0   1   4  1.34 0.72
  215 A    6 -3 -4 -2  0 -3 -3 -1 -3 -2 -3 -4 -3 -4 -1  1 -1 -6 -5 -1   64   1   0   2   2   1   1   5   0   2   2   0   1   0   3   8   4   0   0   4  1.02 0.61
  216 K   -2  2  0 -2 -4  0 -1 -3  0 -3 -4  6 -4 -6 -3 -1  0 -6 -4 -3    3   8   3   2   0   3   3   2   2   2   2  57   0   0   1   4   5   0   0   2  1.02 0.58
  217 A    6 -5 -4 -3 -2 -2 -4 -1 -3 -3 -3 -4 -2 -6 -5  1  0  0 -3 -2   69   0   1   1   1   1   1   4   0   1   3   0   1   0   0   7   5   2   1   2  1.19 0.67
  218 I   -2 -6 -6 -6 -3 -6 -5 -7 -6  5  1 -6  1 -3 -6 -4 -1 -6 -5  6    3   0   0   0   0   0   0   0   0  26  13   0   3   1   0   1   4   0   0  48  1.23 0.60
  219 G    1 -2 -2 -1 -3 -2  1  5 -2 -3 -5 -2 -2 -3 -2  0  1 -5 -3 -3   10   2   1   3   0   2  11  47   1   2   1   2   1   1   1   5   7   0   1   2  0.72 0.42
  220 L   -2  2 -2 -3 -3  0  1 -4 -1 -2  1  5 -1 -4 -4 -2 -2  1 -2 -2    3   9   1   1   1   3   7   0   1   2  16  44   1   0   0   2   2   2   1   3  0.68 0.44
  221 V    0 -5 -6 -6 -1 -5 -3 -6 -6  4  0 -5 -2 -1 -6 -3 -3 -6 -5  6    7   0   0   0   1   0   2   0   0  18   7   0   0   2   0   1   1   0   0  58  1.23 0.61
  222 L   -5 -6 -6 -6 -5 -5 -6 -6 -6  5  4 -6  2  3 -6 -5 -3 -2 -1  0    0   0   0   0   0   0   0   0   0  37  38   0   5  10   0   1   1   0   2   4  1.12 0.55
  223 P   -5 -5 -5 -5 -7 -5 -5 -6 -5 -7 -7 -3 -7 -8  9 -2 -5 -8 -7 -7    1   1   0   0   0   0   0   1   0   0   0   1   0   0  89   3   1   0   0   0  2.95 1.18
  224 E    0 -2 -1  2 -4  1  6 -2  1 -4 -5 -1 -3 -4 -4  1 -2 -1 -3 -4    8   2   3   8   0   6  47   3   4   1   1   3   0   1   0  10   2   1   1   1  0.79 0.49
  225 L   -5 -6 -7 -7 -3 -6 -6 -7 -4  0  6 -6  1  0 -5 -5 -3 -5 -3 -1    1   0   0   0   1   0   0   0   0   3  79   0   3   4   1   1   2   0   1   3  1.56 0.71
  226 S    1 -1  5  0 -5  0  1 -3 -1 -4 -5  4 -4 -5 -3  0 -1 -6 -3 -3   12   2  28   4   0   4   9   1   1   1   1  24   0   0   1   5   3   0   1   2  0.65 0.43
  227 G   -4 -2  0  0 -7 -4 -1  7 -6 -8 -8 -4 -7 -7 -5 -3 -6 -5 -6 -6    1   3   4   6   0   1   4  79   0   0   0   1   0   0   1   1   0   0   0   1  1.87 0.82
  228 L   -4  4 -4 -4 -4 -2 -3 -6 -1 -4 -4  7 -5 -5 -4 -4 -4 -7 -6 -6    1  16   0   0   0   1   1   0   1   1   2  72   0   0   1   0   1   0   0   0  1.85 0.86
  229 M   -5 -6 -6 -7 -4 -6 -6 -6 -6  4  5 -6  2  3 -3 -5 -4 -5 -3  1    0   0   0   0   0   0   0   0   0  19  52   0   5  10   2   1   0   0   0  10  1.10 0.55
  230 K   -2 -2  2  3 -2 -1  0 -2  2 -2 -4 -2 -3 -3 -2  0  5  0 -2 -3    2   2   8  18   1   3   6   3   5   2   1   2   0   1   2   5  35   1   1   1  0.58 0.42
  231 G    1 -6 -4 -4  0 -5 -6  7 -6 -7 -6 -5 -6 -7 -6  1 -3 -6 -3 -5   10   0   0   1   2   0   0  74   0   0   1   0   0   0   0   9   1   0   1   1  1.77 0.78
  232 H   -2 -3 -1 -3 -3 -2 -4 -4  1  2  1 -3  7  0 -5  0  1 -2  1  0    2   1   3   1   0   2   0   1   3  12  12   1  31   4   0   7   8   1   4   5  0.66 0.43
  233 A    6 -5 -5 -4 -2 -4 -4 -4 -3 -5 -5 -5 -4 -6 -5  4 -2 -6 -3 -3   65   0   0   1   1   0   0   1   1   0   0   0   0   0   0  25   2   0   1   2  1.48 0.78
  234 Q   -4 -4 -6 -4 -5 -3 -5 -6 -3  3  2 -5  3  6 -6 -4 -2 -2  2  2    1   1   0   1   0   1   0   0   1  14  15   0   7  34   0   1   2   0   5  17  0.91 0.47
  235 R   -5  8 -1 -6  1 -2 -4 -5  2 -4 -6 -2 -3 -5 -6 -4 -5 -7 -3 -7    1  79   3   0   3   1   1   1   5   1   0   1   1   1   0   1   1   0   1   0  2.15 0.94
  236 V   -3 -7 -7 -4 -4 -6 -6 -6 -7  1 -3 -6 -2 -2 -6 -5 -3 -3 -5  7    2   0   0   1   0   0   0   0   0   5   1   0   1   1   0   0   1   0   0  85  2.00 0.88
  237 S   -5 -7 -7 -5 -7 -5 -6 -6 -4 -7 -6 -6 -7 -8  9 -3 -5 -8 -7 -7    0   0   0   0   0   0   0   1   0   0   1   0   0   0  93   2   1   0   0   0  3.15 1.22
  238 T   -2 -5 -3 -5 -3 -5 -5 -6 -6  1 -2 -5 -2 -4 -5 -2  6 -6 -5  4    2   0   1   0   0   0   0   0   0   6   3   0   1   0   0   2  54   0   0  29  1.38 0.72
  239 P    1 -2 -3 -3 -4 -1 -3 -3 -1  1  0 -3 -2 -4  6  0 -1 -6 -5  0   11   2   1   1   0   3   1   1   2   8   9   1   1   0  39   7   4   0   0   7  0.76 0.43
  240 T   -1 -3  6  4  1 -4 -3 -3 -2  0 -5 -3 -5 -4 -5  0  2 -6 -5 -1    4   1  41  20   3   0   0   1   1   5   0   1   0   1   0   7  10   0   0   4  0.96 0.55
  241 G   -1 -6 -5 -6 -1 -5 -5  4 -6 -1 -3 -5  0 -5 -4 -3 -3 -6 -5  6    3   0   0   0   2   0   0  27   0   2   1   0   3   0   1   2   1   0   0  58  1.29 0.66
  242 S   -1 -5 -3 -5  1 -5 -5 -3 -2 -5 -4 -5 -6 -5 -3  7 -1 -7 -6 -5    4   0   1   0   2   0   0   1   1   0   2   0   0   0   1  83   2   0   0   1  1.82 0.91
  243 I    0 -5 -3 -5  0 -4 -5 -5 -5  3  3 -5  3 -1 -5 -2 -2 -5 -2  4   10   0   1   0   2   0   0   1   0  14  24   0   6   2   0   3   2   0   1  34  0.67 0.39
  244 T    1 -5 -4 -5 -1 -4 -5 -5 -5  2  1 -4  2 -4 -5 -1  1 -5 -2  5   11   0   1   0   1   0   0   0   0  11  11   0   4   0   0   4  10   0   1  44  0.75 0.44
  245 E   -4 -5 -1  8 -6 -4  1 -4 -1 -2 -6 -4 -5 -6 -5 -3 -3 -7 -2 -4    1   0   2  77   0   0   7   1   1   3   1   1   0   0   0   1   1   0   2   1  1.96 0.84
  246 L   -3 -6 -6 -7  0 -5 -6 -5 -6  2  6 -6  2  1 -5 -5 -4 -5 -4  0    1   0   0   0   2   0   0   1   0  10  70   0   4   5   1   0   0   0   0   4  1.32 0.62
  247 V   -1 -4  1 -2 -1 -4 -4 -4 -4 -2 -4 -3 -3 -4 -5  0  6 -6 -3  3    5   1   7   2   1   0   1   1   0   2   1   1   0   0   0   7  52   0   1  18  1.03 0.60
  248 T    1 -5 -4 -6  7 -5 -5 -4 -3  2  1 -5 -1  3 -5 -3 -2 -4 -1  4   13   0   0   0  20   0   0   1   1   9  10   0   1  13   0   1   2   0   1  26  0.78 0.43
  249 V   -3  4  0 -1  1  1  1 -4  3  0 -1  0  0 -2 -3 -2  1 -1 -3  0    1  23   5   2   3   7  11   0   7   4   7   5   3   2   1   2   8   1   0   8  0.28 0.25
  250 L   -1 -4 -5 -6 -3 -5 -5 -5 -4  0  5 -5  1 -1 -2 -2  1 -2 -4  2    4   0   0   0   0   0   0   1   0   5  58   0   2   2   2   3   9   1   0  12  0.85 0.48
  251 E    0  0  1  1 -2  0  4 -1 -2 -4 -5  3 -4 -5 -2  1 -1 -5 -4 -3    6   4   5   7   1   4  33   5   0   1   1  18   0   0   2   8   3   0   0   2  0.54 0.37
  252 K   -3  4  1 -2 -2  0 -1 -4 -1 -4 -5  6 -4 -6 -5 -2 -1 -6 -5 -5    2  20   5   2   1   4   4   1   1   1   1  52   0   0   0   3   3   0   0   0  1.12 0.60
  253 H    1 -2  1  2 -3 -1  2  0 -1 -4 -4  1 -4 -5  4  0 -1 -5 -3 -2   13   1   6  11   1   2  14   6   1   0   1   8   0   0  21   8   2   0   1   2  0.46 0.32
  254 V    4 -5 -4 -4 -1 -4 -4 -4 -4  0 -1 -3 -1 -3  0 -2  4 -6 -5  3   30   0   0   0   1   0   0   0   0   4   4   1   2   1   5   1  26   0   0  23  0.71 0.49
  255 T   -3 -3  0  1 -4 -3 -3 -4 -5 -5 -5  3 -3 -4 -2  3  5 -6 -5 -4    1   1   4   7   0   0   1   1   0   0   0  18   1   1   2  25  37   0   0   0  0.91 0.59
  256 V    1 -1 -4 -5 -2 -3 -2 -5 -2  1  0  1 -1 -2 -1 -3 -2 -2  6  3   15   4   1   0   1   1   2   0   1   7   7   8   1   0   4   1   2   0  27  18  0.50 0.39
  257 D    0 -3  1  5 -5  0  5 -2 -2 -5 -6  0 -5 -6 -3 -2 -3 -6 -4 -4    7   1   5  31   0   3  39   2   1   0   0   4   0   0   1   2   1   0   1   1  1.03 0.58
  258 E    0 -3  0  4 -6  2  6 -3 -2 -4 -4 -2 -4 -6 -4 -2 -1 -6 -5 -5    7   1   4  22   0   7  45   2   1   1   2   1   0   0   0   2   3   0   0   1  0.99 0.58
  259 I   -4 -6 -6 -6 -5 -6 -6 -7 -7  6  1 -6  0 -1 -6 -6 -4 -6 -5  5    1   0   0   0   0   0   0   0   0  48  11   0   2   2   0   0   0   0   0  35  1.47 0.68
  260 N   -4 -2  7 -2  1 -2 -3 -4  1 -3 -2  4 -1 -4 -5 -3 -2 -7 -5 -3    1   2  48   2   3   1   1   1   3   2   4  27   2   1   0   1   1   0   0   2  1.21 0.67
  261 E    3  1  1  1 -2  1  2 -2 -1 -4 -4  3 -4 -5 -4 -1 -1 -5 -4 -3   29   6   6   8   1   7  13   2   1   0   1  18   0   0   0   4   2   0   0   1  0.46 0.37
  262 A    4 -3 -4 -4 -1 -3 -2 -4 -1  1  1 -1  1 -1 -3 -2  0 -3  0  3   37   0   0   0   1   0   3   0   1   6  13   3   3   3   1   2   4   0   3  18  0.42 0.35
  263 M   -3 -4 -6 -6 -4 -5 -5 -6 -5  3  3 -5  4  5 -6 -4 -4 -4 -1  3    1   1   0   0   0   0   0   0   0  18  25   0  10  21   0   1   0   0   2  19  0.91 0.48
  264 K   -1  4 -3 -4 -5  0  1 -5 -2 -2 -3  6 -1 -6 -5 -3 -3 -4 -5 -4    5  20   0   0   0   3  10   0   1   3   2  49   2   0   0   1   1   0   0   1  1.05 0.60
  265 A    2  0  0  0 -4  3  3 -1  0 -5 -3  2 -3 -4 -4 -1 -1 -5 -4 -4   15   4   5   5   0  15  24   4   2   0   2  15   0   1   0   3   4   0   0   0  0.47 0.36
  266 A    6 -3 -3 -5 -4 -2  0 -3 -1 -4 -3 -1 -2 -3 -2 -1 -2 -2  0 -3   67   1   1   0   0   1   6   1   1   1   2   3   1   1   2   4   1   1   3   1  1.09 0.64
  267 A    4 -3 -2 -4 -2 -3 -2 -4 -5 -3  0 -3  1 -4 -4  4 -2 -6 -2 -3   39   1   1   0   1   1   2   0   0   1   8   1   3   1   1  37   1   0   1   1  0.87 0.57
  268 D    0 -1  1  1 -3  1  5 -2 -1 -6 -5  4 -3 -6 -3 -1 -3 -6 -5 -5    7   3   8   6   1   6  33   3   1   0   1  25   0   0   1   5   1   0   0   0  0.72 0.47
  269 E   -4 -2  2 -1 -6 -3 -1  6 -5 -7 -7 -1 -6 -7 -1 -1 -2 -6 -6 -7    0   2   8   3   0   1   5  68   0   0   0   3   0   0   3   3   3   0   0   0  1.42 0.68
  270 S   -3 -4 -4 -3 -5 -1 -1 -4 -2  5 -2 -2 -1 -3  4 -2 -2 -5  1  2    2   1   0   2   0   3   4   1   1  37   2   2   1   1  22   3   2   0   5  11  0.74 0.46
  271 F   -5 -6 -6 -7 -5 -6 -7 -7 -6  2  6 -6  3  1 -7 -6 -4 -5 -1  0    0   0   0   0   0   0   0   0   0  11  70   0   6   4   0   0   0   0   2   5  1.44 0.68
  272 G    1 -1 -2  1 -3  0  0  5 -2 -5 -5  2 -4 -6 -4  0 -3 -4 -4 -5   13   4   1   8   1   4   5  39   1   0   1  16   0   0   0   8   1   0   0   0  0.67 0.42
  273 Y   -4 -5 -3 -7 -3 -5 -6 -4 -2  0 -2 -5 -3  1 -7 -4 -2  1  8  3    1   0   1   0   1   0   0   2   1   6   3   0   0   5   0   1   2   2  58  17  1.70 0.79
  274 N   -2 -4  2 -1  3 -2  0 -4 -5 -1 -4 -4 -3 -6 -5  3  6 -6 -4 -1    2   0   9   2   5   2   6   0   0   4   1   0   0   0   0  19  45   0   0   3  0.93 0.59
  275 V   -2 -2  0  4 -6 -2  5 -3  0 -3 -4  0 -4 -3 -2 -2  0 -2 -2 -4    4   2   5  24   0   1  38   1   2   2   1   6   0   1   2   3   6   1   2   1  0.77 0.48
  276 D   -2 -1 -1  6 -7 -1  5 -4 -2 -5 -3  0 -5 -6 -5 -2 -4 -7 -3 -5    4   4   2  42   0   2  32   1   1   0   3   5   0   0   0   2   0   0   1   1  1.14 0.62
  277 E   -1 -4 -3  1 -4  3  3 -4 -4 -6 -4 -1 -2 -6  6 -2 -4 -6 -3 -5    5   0   1   8   0  14  16   1   0   0   2   4   1   0  43   3   1   0   1   0  1.17 0.63
  278 I   -2 -3 -4 -6 -1 -5 -6 -5 -4  3  4 -5 -1 -1 -5 -4 -2 -3 -3  4    3   1   1   0   1   0   0   1   0  14  45   0   1   2   0   1   1   0   0  27  0.90 0.49
  279 V   -1 -7 -6 -7 -5 -6 -7 -7 -7 -1 -3 -5 -4 -4 -6 -5 -2 -7 -6  8    5   0   0   0   0   0   0   0   0   1   1   0   0   0   0   1   2   0   0  89  2.17 0.95
  280 S   -3 -5 -4 -5 -6 -5 -5 -5 -6 -7 -6 -5 -6 -7 -4  8 -3 -7 -6 -5    1   0   0   0   0   0   0   0   0   0   1   0   0   0   1  95   1   0   0   1  2.41 1.13
  281 S   -1 -2 -1 -4  5 -1 -3 -3 -3  1 -3 -3 -1 -4 -4  5  3 -5 -2  0    4   2   2   0  10   3   1   2   1   8   1   1   1   0   0  39  17   0   1   6  0.68 0.48
  282 D   -5 -4  0  8 -8 -5 -2 -5 -6 -7 -8 -5 -5 -8 -6 -4 -4 -4 -5 -6    1   1   4  89   0   0   1   1   0   0   0   0   0   0   0   0   1   0   0   0  2.60 1.06
  283 I   -5 -6 -7 -6 -2 -6 -7 -7 -3  3  0 -6 -2  7 -7 -6 -4 -3  3  1    0   0   0   0   1   0   0   0   1  18   9   0   1  52   0   0   1   0   9   8  1.54 0.69
  284 I   -2  0  4 -4 -2 -2 -3 -4 -2  4  1  0 -1 -3 -5 -3 -1 -5 -4  3    2   6  20   0   1   2   1   0   1  28  10   5   1   0   0   1   3   0   0  17  0.56 0.38
  285 G   -1 -2  1 -3 -1 -1 -4  6  3 -5 -6 -2 -3 -6 -5  2 -1 -4 -5 -6    3   2   6   1   2   2   0  54   7   1   0   2   1   0   0  14   4   0   0   0  1.06 0.56
  286 M   -3 -1  4  6  1 -2  0 -4  0 -4 -5 -3 -1 -6 -5  2  0 -5 -5 -4    2   4  21  38   3   1   4   0   2   1   1   0   2   0   0  14   6   0   0   1  0.93 0.54
  287 A   -1 -1  0 -1 -3 -1  0 -4 -1 -2 -5 -1 -4 -5  5  2  4 -6 -4 -3    4   3   4   3   0   2   5   1   2   2   1   4   0   0  29  15  24   0   0   1  0.74 0.48
  288 Y    1  3 -1 -5  2 -1  0 -5  8 -4 -4 -3 -3  0 -4 -2 -3 -3  3 -3   11  13   2   0   4   2   6   0  38   1   1   1   0   4   0   2   1   0  11   2  1.10 0.59
  289 G   -1 -5 -3 -5 -4 -5 -4 -1 -5 -6 -6 -5 -6 -5 -2  7  0 -7 -6 -5    5   0   1   0   0   0   0   5   0   0   0   0   0   0   2  81   4   0   0   0  1.82 0.93
  290 S    2 -5 -4 -4  6 -4 -4  0 -5 -3 -2 -4 -4 -4 -4  5 -1 -6 -5 -1   17   0   0   0  15   0   0   6   0   2   4   0   0   1   0  48   3   0   0   4  1.03 0.63
  291 L   -3 -6 -4 -6 -5 -5 -6 -7 -7  7 -1 -6 -2 -4 -5 -4  3 -6 -5  4    1   0   1   0   0   0   0   0   0  52   3   0   1   0   0   0  18   0   0  23  1.41 0.69
  292 F   -4 -6 -7 -7 -5 -6 -7 -6 -4  3 -1 -6 -1  7 -7 -5 -5 -3  1  4    1   0   0   0   0   0   0   0   0  13   5   0   1  46   0   1   0   0   4  28  1.47 0.68
  293 D   -2 -5  0  8 -6 -4 -2 -5 -2 -7 -7 -5 -7 -8 -6 -4 -5 -8 -3 -6    4   0   4  85   0   0   1   1   1   0   0   0   0   0   0   1   0   0   1   0  2.40 1.01
  294 A    5 -4 -3 -4 -3 -2 -3  1 -3 -3  0 -2 -2 -3  0  2 -1 -4 -3 -1   45   0   0   1   0   1   1  10   1   1  12   1   1   1   4  14   2   0   1   4  0.58 0.42
  295 T   -1  0  0  0 -3  0  0  2 -1 -3  0  2 -2 -3  1  0  1 -4 -2 -3    4   5   5   5   0   4   6  17   1   0   9  15   0   1   7   8   9   0   1   0  0.20 0.20
  296 L    4 -3 -3 -4 -1  2 -1 -2 -2 -3  2 -3  0  0 -4  1 -3  3 -1 -3   39   1   1   0   1   8   4   2   1   1  19   0   2   3   0  11   1   3   2   0  0.51 0.41
  297 T   -2 -2 -2 -2 -1 -2 -2 -1 -3  0 -1 -2 -1 -3 -2  0  6 -3 -3 -1    3   2   2   2   1   2   2   4   1   5   5   2   1   1   2   5  56   0   1   3  0.86 0.38
  298 E    0  2  0 -1 -1  2  0 -2  0  0 -1  1  3 -1 -2  0  0 -2  0 -1    6  11   4   4   1  10   5   3   2   7   6  11  12   2   2   5   5   0   3   2  0.12 0.11
  299 V    0 -2 -1 -2 -1 -1 -1 -2 -2  1  0 -1  1 -1 -2 -1  1 -2 -2  4    7   2   2   2   1   3   3   3   1   5   5   4   3   2   2   4   7   1   1  41  0.33 0.18
  300 T    0  0  0  0  2  0  0  0  2  0  0 -1  1  0  1  0  0 -3 -2  0    6   6   6   6   6   6   6   6   6   6   6   0   6   6   6   6   6   0   0   6  0.04 0.09
  301 D    0  0  1  2  1  0  1  2  1 -3 -2  0  0 -3  0  0  0 -3 -3 -3    7   4   6  15   4   4   8  18   4   1   4   4   3   1   4   6   4   0   0   1  0.20 0.16
  302 L    0 -1  1  0  1  0  0 -1  0  1  0  0  0 -1  0  0  0 -2 -1  0    8   3   7   6   4   5   5   4   3  14   8   5   3   3   5   5   5   0   1   7  0.02 0.03
  303 K    1  0  0 -1 -1  1  0  1  0 -1 -1  0  1 -2  1  1 -1 -1 -1 -1   12   5   3   3   1   8   7  13   3   4   5   6   5   1   6   9   2   1   2   5  0.09 0.09
  304 D    0 -1  0  1 -1 -1 -1  0  0  0  2 -1  0  0  0 -1  0  0 -1 -1    6   2   4   8   1   2   4   8   2   5  28   3   2   4   4   4   4   1   2   3  0.06 0.09
  305 G    0 -1  4  1 -1  0  0  2 -1 -2 -2  0 -1 -2 -1  0  0 -1 -3 -2    7   3  21   7   1   4   5  17   1   2   4   4   1   2   3   8   5   1   1   3  0.25 0.19
  306 G   -1 -1  1  3 -3 -1  0  3 -1 -2 -2  1 -3 -4  1  0 -2 -4 -3 -2    3   3   5  15   0   3   7  26   1   2   4   9   0   1   7   8   1   0   1   2  0.34 0.25
  307 Q   -2  2  5  1 -2  1 -1 -1  3 -4 -4  1 -2 -1 -3 -1  1 -4 -1 -2    3  11  26   6   1   5   3   5   8   1   1  10   1   2   1   4   8   0   2   2  0.46 0.32
  308 L   -3 -3 -3 -3 -1  0 -3 -4  1 -1  3 -2  5  5 -5 -2 -1  0 -1 -2    1   1   1   1   1   5   1   1   4   2  25   2  13  27   1   3   4   1   1   2  0.69 0.44
  309 V    0 -5 -5 -4  0 -5 -4 -4 -2  2  0 -5  0  2 -5 -3 -3 -1  1  5    7   0   0   1   2   0   1   2   1  11   8   0   2   8   0   1   1   1   6  48  0.82 0.49
  310 K   -4  3 -2 -5 -6 -1 -2 -4 -2 -2 -5  7 -3 -4 -5 -3 -1 -6 -3 -2    1  12   2   0   0   2   2   1   1   3   1  65   1   1   0   2   3   0   1   3  1.45 0.79
  311 T   -3 -6 -6 -6 -2 -5 -6 -4 -6  4  3 -5  1 -1 -4 -5  0 -5 -4  4    1   0   0   0   1   0   0   1   0  19  31   0   3   2   1   0   6   0   0  33  0.95 0.54
  312 A   -1 -3 -3 -5 -2 -2 -4 -3 -2  3  2 -3  3  2 -5 -1 -1 -4  2  4    3   1   1   0   1   2   0   2   1  14  16   1   7   7   0   6   2   0   8  27  0.44 0.33
  313 A    4 -4 -3 -4  2 -4 -4  1 -4  0 -1 -4 -3 -2 -4  3 -1 -1 -2  1   35   0   1   0   5   0   0  11   0   6   5   0   0   1   0  22   4   1   1   9  0.56 0.44
  314 W   -7 -8 -8 -9 -2 -7 -8 -5 -2 -7 -5 -8 -6  0 -8 -8 -7 13  0 -8    0   0   0   0   1   0   0   1   1   0   1   0   0   4   0   0   0  88   2   0  4.47 1.55
  315 Y   -6 -4 -7 -4  1 -3 -7 -8  2 -6 -6 -6 -6  2 -7 -6 -6 -3 10 -6    0   1   0   1   3   1   0   0   3   0   0   0   0   6   0   0   0   0  83   0  2.96 1.16
  316 D   -4 -6 -2  8 -7 -5 -1 -4 -2 -7 -7 -5 -7 -7 -6 -3 -5 -8 -3 -7    1   0   2  89   0   0   2   1   1   0   0   0   0   0   0   2   0   0   1   0  2.54 1.00
  317 N   -4 -4  9 -2 -6 -4 -4 -3  0 -5 -7 -4 -6 -7 -6 -1 -3 -7 -3 -7    1   1  86   1   0   0   0   1   2   1   0   0   0   0   0   3   2   0   1   0  2.48 0.96
  318 E   -3 -4 -4 -3 -7 -1  8 -3 -4 -4 -6 -2 -6 -4 -5 -4 -3 -7 -6 -2    1   0   0   0   0   1  86   3   0   1   0   1   0   1   0   0   1   0   0   3  2.09 0.90
  319 M   -2 -5 -4 -7 -2 -5 -5 -6 -3 -3 -1 -4  1  4 -7 -2 -1 10  5 -3    3   0   1   0   1   0   1   0   0   2   5   1   3  16   0   3   3  42  15   2  1.89 0.76
  320 S    0 -6 -3 -3 -2 -5 -5  7 -6 -7 -7 -4 -3 -7 -6  1 -5 -6 -6 -4    8   0   1   1   1   0   0  74   0   0   0   1   1   0   0  11   0   0   0   2  1.72 0.72
  321 F   -7 -7 -7 -5 -2 -6 -7 -8  0 -3 -5 -7 -1  5 -8 -6 -3 -3  9 -6    0   0   0   1   1   0   0   0   2   2   0   0   1  18   0   0   1   0  73   0  2.68 0.99
  322 T    3 -3 -3 -4  1 -4 -4 -2 -5 -4 -5 -4 -5 -5 -3  6  1 -6 -5 -1   25   1   1   0   3   0   0   2   0   1   0   0   0   0   1  56   6   0   0   4  1.13 0.62
  323 A    0 -1  5 -3  5  1 -3 -3  4 -5 -3 -1 -1 -4 -5  1 -1 -3 -1 -4    9   3  33   1  13   5   0   1  10   0   2   4   2   1   0  10   4   0   2   1  0.76 0.44
  324 Q   -5  8 -3 -6 -2  4 -4 -6 -1 -4 -6  0 -3 -7 -4 -4 -4  0 -6 -5    0  71   1   0   1  18   0   0   1   1   0   3   1   0   1   0   0   1   0   0  1.98 0.83
  325 L   -3 -5 -6 -6  0 -3 -6 -5 -6  2  2 -5  5 -2 -6 -5 -2 -5 -2  5    1   0   0   0   2   1   0   1   0  11  21   0  17   1   0   0   2   0   1  41  1.02 0.49
  326 I    0 -4 -4 -5  1 -4 -3 -4 -3  3  3 -1  1 -3 -5 -3 -2 -5 -2  4    6   1   1   0   3   0   1   1   0  13  26   4   3   0   0   2   1   0   1  36  0.63 0.36
  327 R   -5  2 -1  7 -4 -2  1 -4 -4 -7 -4  0 -6 -7 -3 -2 -5 -7 -6 -6    0  12   2  64   0   1   9   1   0   0   2   5   0   0   2   2   0   0   0   0  1.56 0.67
  328 T   -3 -5 -5 -6 -3 -2 -5 -5  0  1  5 -5  2 -1 -6 -4  1 -2 -4  1    1   0   0   0   0   2   0   1   2   5  60   0   5   2   0   1   9   0   0  10  0.90 0.47
  329 L    2 -4 -5 -5 -1 -4 -4 -4 -5  4  2 -2  3 -2 -5 -2  0 -5 -3  2   22   0   0   0   1   0   0   0   0  25  18   2   9   1   0   1   6   0   0  14  0.57 0.35
  330 E    1  2  0 -1 -1  1  2 -1  0 -1 -1  2 -1 -3 -3  0 -1 -4 -3  1   13  10   4   1   1   5  14   5   2   2   8  16   1   1   0   5   1   0   0  11  0.16 0.17
  331 Y   -1  0 -3 -4 -5  0 -3 -5  6 -1  1  0  1  2 -5 -3 -3 -1  6 -3    6   6   1   1   0   4   1   0  22   4  12   6   3   7   0   1   1   0  26   1  0.79 0.43
  332 F   -2 -5 -6 -6 -2 -5 -6 -6 -5  4  1 -4  7  1 -6 -4 -3  3  1  3    2   0   0   0   1   0   0   0   0  24  13   1  30   4   0   0   1   4   4  16  1.06 0.50
  333 A    5 -4 -3 -4  1 -2 -2  2  2 -4 -4 -2 -3 -1 -4  1 -1 -3 -4 -2   55   0   1   0   3   1   2  14   4   0   0   1   0   2   0  10   2   0   0   2  0.79 0.45
  334 K   -2  1 -1 -2 -5  1  2  0 -2 -5 -4  5 -4 -5 -3  3 -1 -5 -4 -4    2   7   2   1   0   6  11   9   0   0   0  35   0   0   1  24   2   0   0   1  0.65 0.38
  335 I   -2 -2 -3 -4 -2 -1 -2 -5 -4  2  3  0  2 -2 -3 -3 -1 -1 -3  4    0   2   1   1   0   3   2   0   0  12  27   6   4   1   1   0   1   1   0  38  0.47 0.24
  336 A    2  0  0  4 -2 -1  0 -1 -2 -1 -2 -1 -3 -4 -2  1  0 -1 -3 -2   25   6   3  33   1   2   3   2   0   5   2   0   0   0   0  12   3   1   0   2  0.37 0.18
  337 K   -2  5 -2 -2 -5  1  0 -3 -2 -4 -4  5 -3 -5 -3 -2 -2 -4 -3 -4    0  40   0   0   0   3   3   0   0   0   0  55   0   0   0   0   0   0   0   0  1.08 0.27

                      K         Lambda
Standard Ungapped    0.1324     0.3152
Standard Gapped      0.0410     0.2670
PSI Ungapped         0.2030     0.3176
PSI Gapped           0.0621     0.2670
